{
    "NEXUS_FILE_URL": "http://purl.org/phylo/treebase/phylows/study/TB2:S14759",
    "NEWICK_TREE": "(34:0.3442213007254913,((13:1.57138158037176E-6,21:1.57138158037176E-6):0.03662934758140254,((7:0.023430422598709165,(10:1.57138158037176E-6,(17:1.57138158037176E-6,(12:1.57138158037176E-6,24:1.57138158037176E-6):1.57138158037176E-6):0.0031418502608567384):0.028888565220285226):0.004725014380367653,((31:1.57138158037176E-6,(5:1.57138158037176E-6,6:1.57138158037176E-6):0.007437902674626077):0.019780069123906598,((38:1.57138158037176E-6,(26:1.57138158037176E-6,(30:1.57138158037176E-6,37:1.57138158037176E-6):1.57138158037176E-6):1.57138158037176E-6):0.013163580603352886,(((27:1.57138158037176E-6,(15:0.01508391906184005,39:1.57138158037176E-6):0.0024307553643516657):0.009995196550278232,(1:0.007633276414815587,(28:0.015517347621548525,(14:1.57138158037176E-6,23:1.57138158037176E-6):0.002483072564245543):0.002359314638030714):0.005051059440587167):0.0017578619256558487,(((33:1.57138158037176E-6,(8:1.57138158037176E-6,29:1.57138158037176E-6):1.57138158037176E-6):0.04177315049852928,((40:0.009967428007672903,43:0.026835489890371145):1.57138158037176E-6,(41:1.57138158037176E-6,42:1.57138158037176E-6):0.014945138235318152):0.018931817052738113):0.006741815789332395,((46:0.027922791241971952,((11:1.57138158037176E-6,19:1.57138158037176E-6):1.57138158037176E-6,(16:1.57138158037176E-6,18:1.57138158037176E-6):1.57138158037176E-6):0.0715732070262881):0.005479684718661126,((44:0.021740200795366267,(3:0.0024165951846337364,4:0.002602450757289913):0.024667704805063084):0.009994991042631239,(2:0.04224334169544801,((22:1.57138158037176E-6,32:1.57138158037176E-6):0.08602965873990645,((45:1.57138158037176E-6,(9:1.57138158037176E-6,35:1.57138158037176E-6):1.57138158037176E-6):1.57138158037176E-6,(20:1.57138158037176E-6,(25:1.57138158037176E-6,36:1.57138158037176E-6):1.57138158037176E-6):1.57138158037176E-6):0.02282163628909615):0.008366678048752399):1.57138158037176E-6):0.0024875339746747035):0.002584698344847324):0.005515626324408214):0.002578311435834396):0.0023659193782083073):0.0032391672464941084):1.57138158037176E-6):0.3442213007254913);",
    "DISTANCE_MATRIX": [
        [
            0.0,
            0.7250735204139656,
            0.7250735204139656,
            0.7165996098116398,
            0.7220593238147962,
            0.725201174075653,
            0.7252027454572333,
            0.7252027454572333,
            0.711464980584544,
            0.7189028832591702,
            0.7189028832591702,
            0.7072144114421985,
            0.707215982823779,
            0.7072175542053594,
            0.7072175542053594,
            0.7083822007506142,
            0.7258953037952256,
            0.7108129561149659,
            0.7110697686741583,
            0.721313154518922,
            0.7082804508431995,
            0.7082804508431995,
            0.75065973488695,
            0.7506613062685303,
            0.7506613062685303,
            0.7377858294488318,
            0.7546538913315299,
            0.742763539676477,
            0.742763539676477,
            0.7381303715229883,
            0.7817839300704652,
            0.7817839300704652,
            0.7817839300704652,
            0.7817839300704652,
            0.7389506213750274,
            0.7442947205693581,
            0.7444805761420142,
            0.7494603426140584,
            0.8016149090888496,
            0.8016149090888496,
            0.7384084580196196,
            0.7384100294012,
            0.7384100294012,
            0.7384084580196196,
            0.7384100294012,
            0.7384100294012
        ],
        [
            0.7250735204139656,
            0.0,
            3.14276316074352e-06,
            0.0647879273236401,
            0.07024764132679653,
            0.07338949158765326,
            0.07339106296923364,
            0.07339106296923364,
            0.05965329809654435,
            0.06709120077117044,
            0.06709120077117044,
            0.055402728954198954,
            0.055404300335779325,
            0.055405871717359695,
            0.055405871717359695,
            0.05657051826261454,
            0.07408362130722589,
            0.05900127362696621,
            0.05925808618615869,
            0.06950147203092234,
            0.05646876835519973,
            0.05646876835519973,
            0.09884805239895035,
            0.09884962378053072,
            0.09884962378053072,
            0.08597414696083208,
            0.10284220884353032,
            0.09095185718847734,
            0.09095185718847734,
            0.08631868903498871,
            0.1299722475824656,
            0.1299722475824656,
            0.1299722475824656,
            0.1299722475824656,
            0.08713893888702784,
            0.09248303808135838,
            0.09266889365401457,
            0.09764866012605872,
            0.1498032266008499,
            0.1498032266008499,
            0.08659677553161998,
            0.08659834691320037,
            0.08659834691320037,
            0.08659677553161998,
            0.08659834691320037,
            0.08659834691320037
        ],
        [
            0.7250735204139656,
            3.14276316074352e-06,
            0.0,
            0.0647879273236401,
            0.07024764132679653,
            0.07338949158765326,
            0.07339106296923364,
            0.07339106296923364,
            0.05965329809654435,
            0.06709120077117044,
            0.06709120077117044,
            0.055402728954198954,
            0.055404300335779325,
            0.055405871717359695,
            0.055405871717359695,
            0.05657051826261454,
            0.07408362130722589,
            0.05900127362696621,
            0.05925808618615869,
            0.06950147203092234,
            0.05646876835519973,
            0.05646876835519973,
            0.09884805239895035,
            0.09884962378053072,
            0.09884962378053072,
            0.08597414696083208,
            0.10284220884353032,
            0.09095185718847734,
            0.09095185718847734,
            0.08631868903498871,
            0.1299722475824656,
            0.1299722475824656,
            0.1299722475824656,
            0.1299722475824656,
            0.08713893888702784,
            0.09248303808135838,
            0.09266889365401457,
            0.09764866012605872,
            0.1498032266008499,
            0.1498032266008499,
            0.08659677553161998,
            0.08659834691320037,
            0.08659834691320037,
            0.08659677553161998,
            0.08659834691320037,
            0.08659834691320037
        ],
        [
            0.7165996098116398,
            0.0647879273236401,
            0.0647879273236401,
            0.0,
            0.05232055920057476,
            0.0554624094614315,
            0.05546398084301187,
            0.05546398084301187,
            0.05117624473105789,
            0.05861414740568398,
            0.05861414740568398,
            0.046925675588712495,
            0.046927246970292866,
            0.046928818351873236,
            0.046928818351873236,
            0.04809346489712808,
            0.06560656794173943,
            0.05052422026147975,
            0.05078103282067223,
            0.061024418665435884,
            0.047991714989713274,
            0.047991714989713274,
            0.09037099903346389,
            0.09037257041504426,
            0.09037257041504426,
            0.07749709359534562,
            0.09436515547804386,
            0.08247480382299088,
            0.08247480382299088,
            0.07784163566950225,
            0.12149519421697913,
            0.12149519421697913,
            0.12149519421697913,
            0.12149519421697913,
            0.07866188552154138,
            0.08400598471587192,
            0.08419184028852811,
            0.08917160676057226,
            0.14132617323536345,
            0.14132617323536345,
            0.07811972216613353,
            0.07812129354771391,
            0.07812129354771391,
            0.07811972216613353,
            0.07812129354771391,
            0.07812129354771391
        ],
        [
            0.7220593238147962,
            0.07024764132679653,
            0.07024764132679653,
            0.05232055920057476,
            0.0,
            0.0031449930240174816,
            0.0031465644055978536,
            0.0031465644055978536,
            0.05663595873421433,
            0.0640738614088404,
            0.0640738614088404,
            0.05238538959186892,
            0.0523869609734493,
            0.05238853235502967,
            0.05238853235502967,
            0.053553178900284513,
            0.07106628194489586,
            0.05598393426463617,
            0.056240746823828666,
            0.06648413266859232,
            0.053451428992869705,
            0.053451428992869705,
            0.09583071303662033,
            0.09583228441820069,
            0.09583228441820069,
            0.08295680759850205,
            0.0998248694812003,
            0.08793451782614731,
            0.08793451782614731,
            0.08330134967265868,
            0.12695490822013555,
            0.12695490822013555,
            0.12695490822013555,
            0.12695490822013555,
            0.0841215995246978,
            0.08946569871902836,
            0.08965155429168453,
            0.09463132076372868,
            0.14678588723851987,
            0.14678588723851987,
            0.08357943616928996,
            0.08358100755087033,
            0.08358100755087033,
            0.08357943616928996,
            0.08358100755087033,
            0.08358100755087033
        ],
        [
            0.725201174075653,
            0.07338949158765326,
            0.07338949158765326,
            0.0554624094614315,
            0.0031449930240174816,
            0.0,
            4.71414474111528e-06,
            4.71414474111528e-06,
            0.05977780899507107,
            0.06721571166969714,
            0.06721571166969714,
            0.05552723985272566,
            0.05552881123430604,
            0.05553038261588641,
            0.05553038261588641,
            0.056695029161141254,
            0.07420813220575259,
            0.059125784525492914,
            0.05938259708468541,
            0.06962598292944905,
            0.056593279253726446,
            0.056593279253726446,
            0.09897256329747706,
            0.09897413467905744,
            0.09897413467905744,
            0.0860986578593588,
            0.10296671974205704,
            0.09107636808700405,
            0.09107636808700405,
            0.08644319993351542,
            0.1300967584809923,
            0.1300967584809923,
            0.1300967584809923,
            0.1300967584809923,
            0.08726344978555454,
            0.0926075489798851,
            0.09279340455254127,
            0.09777317102458542,
            0.14992773749937663,
            0.14992773749937663,
            0.0867212864301467,
            0.08672285781172707,
            0.08672285781172707,
            0.0867212864301467,
            0.08672285781172707,
            0.08672285781172707
        ],
        [
            0.7252027454572333,
            0.07339106296923364,
            0.07339106296923364,
            0.05546398084301187,
            0.0031465644055978536,
            4.71414474111528e-06,
            0.0,
            3.14276316074352e-06,
            0.05977938037665144,
            0.06721728305127751,
            0.06721728305127751,
            0.05552881123430603,
            0.05553038261588641,
            0.05553195399746678,
            0.05553195399746678,
            0.056696600542721624,
            0.07420970358733298,
            0.059127355907073284,
            0.05938416846626578,
            0.06962755431102943,
            0.056594850635306816,
            0.056594850635306816,
            0.09897413467905744,
            0.0989757060606378,
            0.0989757060606378,
            0.08610022924093916,
            0.10296829112363741,
            0.09107793946858442,
            0.09107793946858442,
            0.08644477131509579,
            0.1300983298625727,
            0.1300983298625727,
            0.1300983298625727,
            0.1300983298625727,
            0.08726502116713492,
            0.09260912036146547,
            0.09279497593412164,
            0.0977747424061658,
            0.149929308880957,
            0.149929308880957,
            0.08672285781172707,
            0.08672442919330745,
            0.08672442919330745,
            0.08672285781172707,
            0.08672442919330745,
            0.08672442919330745
        ],
        [
            0.7252027454572333,
            0.07339106296923364,
            0.07339106296923364,
            0.05546398084301187,
            0.0031465644055978536,
            4.71414474111528e-06,
            3.14276316074352e-06,
            0.0,
            0.05977938037665144,
            0.06721728305127751,
            0.06721728305127751,
            0.05552881123430603,
            0.05553038261588641,
            0.05553195399746678,
            0.05553195399746678,
            0.056696600542721624,
            0.07420970358733298,
            0.059127355907073284,
            0.05938416846626578,
            0.06962755431102943,
            0.056594850635306816,
            0.056594850635306816,
            0.09897413467905744,
            0.0989757060606378,
            0.0989757060606378,
            0.08610022924093916,
            0.10296829112363741,
            0.09107793946858442,
            0.09107793946858442,
            0.08644477131509579,
            0.1300983298625727,
            0.1300983298625727,
            0.1300983298625727,
            0.1300983298625727,
            0.08726502116713492,
            0.09260912036146547,
            0.09279497593412164,
            0.0977747424061658,
            0.149929308880957,
            0.149929308880957,
            0.08672285781172707,
            0.08672442919330745,
            0.08672442919330745,
            0.08672285781172707,
            0.08672442919330745,
            0.08672442919330745
        ],
        [
            0.711464980584544,
            0.05965329809654435,
            0.05965329809654435,
            0.05117624473105789,
            0.05663595873421433,
            0.05977780899507107,
            0.05977938037665144,
            0.05977938037665144,
            0.0,
            0.007441045437786821,
            0.007441045437786821,
            0.035312711868628534,
            0.035314283250208904,
            0.03531585463178928,
            0.03531585463178928,
            0.03648050117704413,
            0.053993604221655465,
            0.03891125654139579,
            0.039168069100588274,
            0.04941145494535193,
            0.03637875126962932,
            0.03637875126962932,
            0.07875803531337994,
            0.0787596066949603,
            0.0787596066949603,
            0.06588412987526165,
            0.08275219175795992,
            0.07086184010290691,
            0.07086184010290691,
            0.06622867194941828,
            0.10988223049689519,
            0.10988223049689519,
            0.10988223049689519,
            0.10988223049689519,
            0.06704892180145741,
            0.07239302099578797,
            0.07257887656844414,
            0.07755864304048829,
            0.1297132095152795,
            0.1297132095152795,
            0.06650675844604957,
            0.06650832982762994,
            0.06650832982762994,
            0.06650675844604957,
            0.06650832982762994,
            0.06650832982762994
        ],
        [
            0.7189028832591702,
            0.06709120077117044,
            0.06709120077117044,
            0.05861414740568398,
            0.0640738614088404,
            0.06721571166969714,
            0.06721728305127751,
            0.06721728305127751,
            0.007441045437786821,
            0.0,
            3.14276316074352e-06,
            0.042750614543254614,
            0.042752185924834984,
            0.042753757306415355,
            0.042753757306415355,
            0.0439184038516702,
            0.061431506896281546,
            0.04634915921602187,
            0.046605971775214354,
            0.056849357619978,
            0.04381665394425539,
            0.04381665394425539,
            0.08619593798800601,
            0.08619750936958638,
            0.08619750936958638,
            0.07332203254988774,
            0.090190094432586,
            0.07829974277753299,
            0.07829974277753299,
            0.07366657462404436,
            0.11732013317152126,
            0.11732013317152126,
            0.11732013317152126,
            0.11732013317152126,
            0.07448682447608349,
            0.07983092367041406,
            0.08001677924307021,
            0.08499654571511436,
            0.13715111218990558,
            0.13715111218990558,
            0.07394466112067566,
            0.07394623250225602,
            0.07394623250225602,
            0.07394466112067566,
            0.07394623250225602,
            0.07394623250225602
        ],
        [
            0.7189028832591702,
            0.06709120077117044,
            0.06709120077117044,
            0.05861414740568398,
            0.0640738614088404,
            0.06721571166969714,
            0.06721728305127751,
            0.06721728305127751,
            0.007441045437786821,
            3.14276316074352e-06,
            0.0,
            0.042750614543254614,
            0.042752185924834984,
            0.042753757306415355,
            0.042753757306415355,
            0.0439184038516702,
            0.061431506896281546,
            0.04634915921602187,
            0.046605971775214354,
            0.056849357619978,
            0.04381665394425539,
            0.04381665394425539,
            0.08619593798800601,
            0.08619750936958638,
            0.08619750936958638,
            0.07332203254988774,
            0.090190094432586,
            0.07829974277753299,
            0.07829974277753299,
            0.07366657462404436,
            0.11732013317152126,
            0.11732013317152126,
            0.11732013317152126,
            0.11732013317152126,
            0.07448682447608349,
            0.07983092367041406,
            0.08001677924307021,
            0.08499654571511436,
            0.13715111218990558,
            0.13715111218990558,
            0.07394466112067566,
            0.07394623250225602,
            0.07394623250225602,
            0.07394466112067566,
            0.07394623250225602,
            0.07394623250225602
        ],
        [
            0.7072144114421985,
            0.055402728954198954,
            0.055402728954198954,
            0.046925675588712495,
            0.05238538959186892,
            0.05552723985272566,
            0.05552881123430603,
            0.05552881123430603,
            0.035312711868628534,
            0.042750614543254614,
            0.042750614543254614,
            0.0,
            4.71414474111528e-06,
            6.28552632148704e-06,
            6.28552632148704e-06,
            0.027498093278282107,
            0.04501119632289345,
            0.029928848642633774,
            0.03018566120182626,
            0.04042904704658991,
            0.0273963433708673,
            0.0273963433708673,
            0.06977562741461792,
            0.06977719879619829,
            0.06977719879619829,
            0.05690172197649965,
            0.07376978385919788,
            0.0618794322041449,
            0.0618794322041449,
            0.05724626405065627,
            0.10089982259813317,
            0.10089982259813317,
            0.10089982259813317,
            0.10089982259813317,
            0.0580665139026954,
            0.06341061309702595,
            0.06359646866968212,
            0.06857623514172627,
            0.12073080161651749,
            0.12073080161651749,
            0.05752435054728756,
            0.05752592192886793,
            0.05752592192886793,
            0.05752435054728756,
            0.05752592192886793,
            0.05752592192886793
        ],
        [
            0.707215982823779,
            0.055404300335779325,
            0.055404300335779325,
            0.046927246970292866,
            0.0523869609734493,
            0.05552881123430604,
            0.05553038261588641,
            0.05553038261588641,
            0.035314283250208904,
            0.042752185924834984,
            0.042752185924834984,
            4.71414474111528e-06,
            0.0,
            4.71414474111528e-06,
            4.71414474111528e-06,
            0.027499664659862477,
            0.04501276770447382,
            0.029930420024214144,
            0.03018723258340663,
            0.04043061842817028,
            0.02739791475244767,
            0.02739791475244767,
            0.06977719879619829,
            0.06977877017777866,
            0.06977877017777866,
            0.05690329335808002,
            0.07377135524077827,
            0.06188100358572527,
            0.06188100358572527,
            0.05724783543223664,
            0.10090139397971354,
            0.10090139397971354,
            0.10090139397971354,
            0.10090139397971354,
            0.05806808528427577,
            0.06341218447860633,
            0.06359804005126249,
            0.06857780652330664,
            0.12073237299809786,
            0.12073237299809786,
            0.05752592192886793,
            0.0575274933104483,
            0.0575274933104483,
            0.05752592192886793,
            0.0575274933104483,
            0.0575274933104483
        ],
        [
            0.7072175542053594,
            0.055405871717359695,
            0.055405871717359695,
            0.046928818351873236,
            0.05238853235502967,
            0.05553038261588641,
            0.05553195399746678,
            0.05553195399746678,
            0.03531585463178928,
            0.042753757306415355,
            0.042753757306415355,
            6.28552632148704e-06,
            4.71414474111528e-06,
            0.0,
            3.14276316074352e-06,
            0.02750123604144285,
            0.04501433908605419,
            0.029931991405794514,
            0.030188803964987,
            0.040432189809750656,
            0.027399486134028043,
            0.027399486134028043,
            0.06977877017777866,
            0.06978034155935903,
            0.06978034155935903,
            0.05690486473966039,
            0.07377292662235864,
            0.06188257496730564,
            0.06188257496730564,
            0.05724940681381701,
            0.10090296536129391,
            0.10090296536129391,
            0.10090296536129391,
            0.10090296536129391,
            0.05806965666585614,
            0.0634137558601867,
            0.06359961143284287,
            0.06857937790488702,
            0.12073394437967823,
            0.12073394437967823,
            0.0575274933104483,
            0.05752906469202867,
            0.05752906469202867,
            0.0575274933104483,
            0.05752906469202867,
            0.05752906469202867
        ],
        [
            0.7072175542053594,
            0.055405871717359695,
            0.055405871717359695,
            0.046928818351873236,
            0.05238853235502967,
            0.05553038261588641,
            0.05553195399746678,
            0.05553195399746678,
            0.03531585463178928,
            0.042753757306415355,
            0.042753757306415355,
            6.28552632148704e-06,
            4.71414474111528e-06,
            3.14276316074352e-06,
            0.0,
            0.02750123604144285,
            0.04501433908605419,
            0.029931991405794514,
            0.030188803964987,
            0.040432189809750656,
            0.027399486134028043,
            0.027399486134028043,
            0.06977877017777866,
            0.06978034155935903,
            0.06978034155935903,
            0.05690486473966039,
            0.07377292662235864,
            0.06188257496730564,
            0.06188257496730564,
            0.05724940681381701,
            0.10090296536129391,
            0.10090296536129391,
            0.10090296536129391,
            0.10090296536129391,
            0.05806965666585614,
            0.0634137558601867,
            0.06359961143284287,
            0.06857937790488702,
            0.12073394437967823,
            0.12073394437967823,
            0.0575274933104483,
            0.05752906469202867,
            0.05752906469202867,
            0.0575274933104483,
            0.05752906469202867,
            0.05752906469202867
        ],
        [
            0.7083822007506142,
            0.05657051826261454,
            0.05657051826261454,
            0.04809346489712808,
            0.053553178900284513,
            0.056695029161141254,
            0.056696600542721624,
            0.056696600542721624,
            0.03648050117704413,
            0.0439184038516702,
            0.0439184038516702,
            0.027498093278282107,
            0.027499664659862477,
            0.02750123604144285,
            0.02750123604144285,
            0.0,
            0.017516245807772085,
            0.002433898127512409,
            0.022681103787261358,
            0.03292448963202501,
            0.0198917859563024,
            0.0198917859563024,
            0.06578679385136471,
            0.06578836523294508,
            0.06578836523294508,
            0.05291288841324644,
            0.0697809502959447,
            0.057890598640891695,
            0.057890598640891695,
            0.053257430487403064,
            0.09691098903487996,
            0.09691098903487996,
            0.09691098903487996,
            0.09691098903487996,
            0.05407768033944219,
            0.05942177953377275,
            0.05960763510642892,
            0.06458740157847308,
            0.11674196805326428,
            0.11674196805326428,
            0.05353551698403435,
            0.05353708836561472,
            0.05353708836561472,
            0.05353551698403435,
            0.05353708836561472,
            0.05353708836561472
        ],
        [
            0.7258953037952256,
            0.07408362130722589,
            0.07408362130722589,
            0.06560656794173943,
            0.07106628194489586,
            0.07420813220575259,
            0.07420970358733298,
            0.07420970358733298,
            0.053993604221655465,
            0.061431506896281546,
            0.061431506896281546,
            0.04501119632289345,
            0.04501276770447382,
            0.04501433908605419,
            0.04501433908605419,
            0.017516245807772085,
            0.0,
            0.015085490443420422,
            0.0401942068318727,
            0.05043759267663635,
            0.03740488900091374,
            0.03740488900091374,
            0.08329989689597606,
            0.08330146827755643,
            0.08330146827755643,
            0.07042599145785779,
            0.08729405334055604,
            0.07540370168550303,
            0.07540370168550303,
            0.0707705335320144,
            0.11442409207949131,
            0.11442409207949131,
            0.11442409207949131,
            0.11442409207949131,
            0.07159078338405353,
            0.0769348825783841,
            0.07712073815104026,
            0.08210050462308441,
            0.13425507109787563,
            0.13425507109787563,
            0.0710486200286457,
            0.07105019141022606,
            0.07105019141022606,
            0.0710486200286457,
            0.07105019141022606,
            0.07105019141022606
        ],
        [
            0.7108129561149659,
            0.05900127362696621,
            0.05900127362696621,
            0.05052422026147975,
            0.05598393426463617,
            0.059125784525492914,
            0.059127355907073284,
            0.059127355907073284,
            0.03891125654139579,
            0.04634915921602187,
            0.04634915921602187,
            0.029928848642633774,
            0.029930420024214144,
            0.029931991405794514,
            0.029931991405794514,
            0.002433898127512409,
            0.015085490443420422,
            0.0,
            0.02511185915161302,
            0.03535524499637668,
            0.022322541320654067,
            0.022322541320654067,
            0.06821754921571638,
            0.06821912059729675,
            0.06821912059729675,
            0.05534364377759811,
            0.07221170566029636,
            0.06032135400524336,
            0.06032135400524336,
            0.05568818585175473,
            0.09934174439923163,
            0.09934174439923163,
            0.09934174439923163,
            0.09934174439923163,
            0.05650843570379386,
            0.061852534898124416,
            0.06203839047078059,
            0.06701815694282473,
            0.11917272341761595,
            0.11917272341761595,
            0.05596627234838602,
            0.05596784372996639,
            0.05596784372996639,
            0.05596627234838602,
            0.05596784372996639,
            0.05596784372996639
        ],
        [
            0.7110697686741583,
            0.05925808618615869,
            0.05925808618615869,
            0.05078103282067223,
            0.056240746823828666,
            0.05938259708468541,
            0.05938416846626578,
            0.05938416846626578,
            0.039168069100588274,
            0.046605971775214354,
            0.046605971775214354,
            0.03018566120182626,
            0.03018723258340663,
            0.030188803964987,
            0.030188803964987,
            0.022681103787261358,
            0.0401942068318727,
            0.02511185915161302,
            0.0,
            0.025509938674394824,
            0.012477234998672215,
            0.012477234998672215,
            0.06847436177490886,
            0.06847593315648923,
            0.06847593315648923,
            0.055600456336790595,
            0.07246851821948884,
            0.06057816656443585,
            0.06057816656443585,
            0.055944998410947216,
            0.09959855695842411,
            0.09959855695842411,
            0.09959855695842411,
            0.09959855695842411,
            0.056765248262986345,
            0.0621093474573169,
            0.06229520302997307,
            0.06727496950201722,
            0.11942953597680843,
            0.11942953597680843,
            0.056223084907578505,
            0.056224656289158875,
            0.056224656289158875,
            0.056223084907578505,
            0.056224656289158875,
            0.056224656289158875
        ],
        [
            0.721313154518922,
            0.06950147203092234,
            0.06950147203092234,
            0.061024418665435884,
            0.06648413266859232,
            0.06962598292944905,
            0.06962755431102943,
            0.06962755431102943,
            0.04941145494535193,
            0.056849357619978,
            0.056849357619978,
            0.04042904704658991,
            0.04043061842817028,
            0.040432189809750656,
            0.040432189809750656,
            0.03292448963202501,
            0.05043759267663635,
            0.03535524499637668,
            0.025509938674394824,
            0.0,
            0.01800199156737444,
            0.01800199156737444,
            0.07871774761967251,
            0.07871931900125288,
            0.07871931900125288,
            0.06584384218155424,
            0.0827119040642525,
            0.0708215524091995,
            0.0708215524091995,
            0.06618838425571087,
            0.10984194280318776,
            0.10984194280318776,
            0.10984194280318776,
            0.10984194280318776,
            0.06700863410775,
            0.07235273330208056,
            0.07253858887473673,
            0.07751835534678088,
            0.12967292182157208,
            0.12967292182157208,
            0.06646647075234216,
            0.06646804213392253,
            0.06646804213392253,
            0.06646647075234216,
            0.06646804213392253,
            0.06646804213392253
        ],
        [
            0.7082804508431995,
            0.05646876835519973,
            0.05646876835519973,
            0.047991714989713274,
            0.053451428992869705,
            0.056593279253726446,
            0.056594850635306816,
            0.056594850635306816,
            0.03637875126962932,
            0.04381665394425539,
            0.04381665394425539,
            0.0273963433708673,
            0.02739791475244767,
            0.027399486134028043,
            0.027399486134028043,
            0.0198917859563024,
            0.03740488900091374,
            0.022322541320654067,
            0.012477234998672215,
            0.01800199156737444,
            0.0,
            3.14276316074352e-06,
            0.0656850439439499,
            0.06568661532553027,
            0.06568661532553027,
            0.052811138505831634,
            0.06967920038852989,
            0.05778884873347689,
            0.05778884873347689,
            0.053155680579988256,
            0.09680923912746515,
            0.09680923912746515,
            0.09680923912746515,
            0.09680923912746515,
            0.053975930432027384,
            0.05932002962635794,
            0.05950588519901411,
            0.06448565167105827,
            0.11664021814584948,
            0.11664021814584948,
            0.053433767076619544,
            0.053435338458199914,
            0.053435338458199914,
            0.053433767076619544,
            0.053435338458199914,
            0.053435338458199914
        ],
        [
            0.7082804508431995,
            0.05646876835519973,
            0.05646876835519973,
            0.047991714989713274,
            0.053451428992869705,
            0.056593279253726446,
            0.056594850635306816,
            0.056594850635306816,
            0.03637875126962932,
            0.04381665394425539,
            0.04381665394425539,
            0.0273963433708673,
            0.02739791475244767,
            0.027399486134028043,
            0.027399486134028043,
            0.0198917859563024,
            0.03740488900091374,
            0.022322541320654067,
            0.012477234998672215,
            0.01800199156737444,
            3.14276316074352e-06,
            0.0,
            0.0656850439439499,
            0.06568661532553027,
            0.06568661532553027,
            0.052811138505831634,
            0.06967920038852989,
            0.05778884873347689,
            0.05778884873347689,
            0.053155680579988256,
            0.09680923912746515,
            0.09680923912746515,
            0.09680923912746515,
            0.09680923912746515,
            0.053975930432027384,
            0.05932002962635794,
            0.05950588519901411,
            0.06448565167105827,
            0.11664021814584948,
            0.11664021814584948,
            0.053433767076619544,
            0.053435338458199914,
            0.053435338458199914,
            0.053433767076619544,
            0.053435338458199914,
            0.053435338458199914
        ],
        [
            0.75065973488695,
            0.09884805239895035,
            0.09884805239895035,
            0.09037099903346389,
            0.09583071303662033,
            0.09897256329747706,
            0.09897413467905744,
            0.09897413467905744,
            0.07875803531337994,
            0.08619593798800601,
            0.08619593798800601,
            0.06977562741461792,
            0.06977719879619829,
            0.06977877017777866,
            0.06977877017777866,
            0.06578679385136471,
            0.08329989689597606,
            0.06821754921571638,
            0.06847436177490886,
            0.07871774761967251,
            0.0656850439439499,
            0.0656850439439499,
            0.0,
            4.71414474111528e-06,
            4.71414474111528e-06,
            0.07067553832210104,
            0.08754360020479929,
            0.07565324854974628,
            0.07565324854974628,
            0.08450371197492246,
            0.12815727052239934,
            0.12815727052239934,
            0.12815727052239934,
            0.12815727052239934,
            0.08532396182696159,
            0.09066806102129213,
            0.09085391659394831,
            0.09583368306599246,
            0.14798824954078366,
            0.14798824954078366,
            0.08478179847155373,
            0.08478336985313412,
            0.08478336985313412,
            0.08478179847155373,
            0.08478336985313412,
            0.08478336985313412
        ],
        [
            0.7506613062685303,
            0.09884962378053072,
            0.09884962378053072,
            0.09037257041504426,
            0.09583228441820069,
            0.09897413467905744,
            0.0989757060606378,
            0.0989757060606378,
            0.0787596066949603,
            0.08619750936958638,
            0.08619750936958638,
            0.06977719879619829,
            0.06977877017777866,
            0.06978034155935903,
            0.06978034155935903,
            0.06578836523294508,
            0.08330146827755643,
            0.06821912059729675,
            0.06847593315648923,
            0.07871931900125288,
            0.06568661532553027,
            0.06568661532553027,
            4.71414474111528e-06,
            0.0,
            3.14276316074352e-06,
            0.0706771097036814,
            0.08754517158637964,
            0.07565481993132667,
            0.07565481993132667,
            0.08450528335650281,
            0.12815884190397972,
            0.12815884190397972,
            0.12815884190397972,
            0.12815884190397972,
            0.08532553320854194,
            0.09066963240287251,
            0.09085548797552867,
            0.09583525444757282,
            0.14798982092236404,
            0.14798982092236404,
            0.08478336985313412,
            0.08478494123471447,
            0.08478494123471447,
            0.08478336985313412,
            0.08478494123471447,
            0.08478494123471447
        ],
        [
            0.7506613062685303,
            0.09884962378053072,
            0.09884962378053072,
            0.09037257041504426,
            0.09583228441820069,
            0.09897413467905744,
            0.0989757060606378,
            0.0989757060606378,
            0.0787596066949603,
            0.08619750936958638,
            0.08619750936958638,
            0.06977719879619829,
            0.06977877017777866,
            0.06978034155935903,
            0.06978034155935903,
            0.06578836523294508,
            0.08330146827755643,
            0.06821912059729675,
            0.06847593315648923,
            0.07871931900125288,
            0.06568661532553027,
            0.06568661532553027,
            4.71414474111528e-06,
            3.14276316074352e-06,
            0.0,
            0.0706771097036814,
            0.08754517158637964,
            0.07565481993132667,
            0.07565481993132667,
            0.08450528335650281,
            0.12815884190397972,
            0.12815884190397972,
            0.12815884190397972,
            0.12815884190397972,
            0.08532553320854194,
            0.09066963240287251,
            0.09085548797552867,
            0.09583525444757282,
            0.14798982092236404,
