[
    {
        "NEXUS_FILE_URL": "http://purl.org/phylo/treebase/phylows/study/TB2:S14445",
        "NEWICK_TREE": "(1:0.06192070704215999,(((7:0.001054124242587316,8:8.905361081457325E-4):0.03252513365774006,(9:7.257525220216226E-4,(10:5.749196362321166E-4,11:5.946816651605046E-4):0.001336842739073468):0.03134565028968001):0.004819939554604091,((((12:0.01692318128924762,13:0.01508690991914005):0.008161035550232133,20:0.04722191212635795):0.008478721106797097,((30:0.006434918434730661,31:0.001364368148886312):0.02110234772710289,(32:0.01450708672824303,33:0.01648774096626767):0.0151765403177547):0.01167389170939173):0.007567641810135983,(((14:0.006544082396389492,(28:0.02200724011048443,29:0.01145229442746886):0.00315297428827504):0.0104092985975981,(15:0.02006399723760151,((21:0.01955778092340858,22:0.01532947338265295):0.02248763291869421,((23:0.04386259507777057,(26:0.008145575330518073,27:0.002430317202952758):0.02263538572599021):0.003552220932434989,(24:0.0154864723724704,25:0.01523021584728174):0.02657131513466848):0.004346261086906051):0.002157758719528486):0.004250731772883896):0.007738006880325621,((16:0.01152145366712313,17:0.01805558861540902):0.007466179136477769,(18:0.006723700241630021,19:0.01048433007809423):0.02240596606289619):0.02569014064003517):0.01382381415347757):0.06807623758341846):0.02518084730583195,((2:0.02232666728274601,3:0.03651389193158242):0.06239002695177794,((4:0.009141848127179606,6:0.01109707852118011):0.01684392917568513,5:0.009311814524827402):0.07747953211828379):0.03240884821220227);",
        "DISTANCE_MATRIX": [
            [
                0,
                0.12550075180292342,
                0.12533716366848183,
                0.12399289671429767,
                0.12517890656758163,
                0.12519866859651002,
                0.19630837168782325,
                0.19447210031771567,
                0.21844606697470142,
                0.20195659161277166,
                0.1968860413269273,
                0.20410295249693586,
                0.20608360673496048,
                0.19369299395920117,
                0.21230912596157117,
                0.2017541802785556,
                0.201054341975699,
                0.22519351729972878,
                0.22096520975897316,
                0.23490918055473758,
                0.2218275465334753,
                0.21611228840590999,
                0.2295521520516709,
                0.22929589552648225,
                0.21367937952852403,
                0.22021351447680992,
                0.22382141302944936,
                0.22758204286591355,
                0.1790462494888862,
                0.19323347413772263,
                0.19779486467551077,
                0.19975009506951127,
                0.18112090189747346
            ],
            [
                0.12550075180292342,
                0,
                0.0019446603507330485,
                0.06565066071202902,
                0.06683667056531298,
                0.06685643259424136,
                0.14760601479476276,
                0.1457697434246552,
                0.16974371008164096,
                0.1532542347197112,
                0.14818368443386684,
                0.15540059560387537,
                0.1573812498419,
                0.1449906370661407,
                0.16360676906851068,
                0.1530518233854951,
                0.15235198508263853,
                0.1764911604066683,
                0.1722628528659127,
                0.18620682366167712,
                0.17312518964041484,
                0.1674099315128495,
                0.18084979515861044,
                0.18059353863342176,
                0.16497702263546354,
                0.17151115758374946,
                0.1751190561363889,
                0.1788796859728531,
                0.18070558720748964,
                0.19489281185632606,
                0.1994542023941142,
                0.20140943278811468,
                0.18278023961607687
            ],
            [
                0.12533716366848183,
                0.0019446603507330485,
                0,
                0.06548707257758743,
                0.06667308243087139,
                0.06669284445979978,
                0.1474424266603212,
                0.14560615529021362,
                0.16958012194719937,
                0.1530906465852696,
                0.14802009629942525,
                0.1552370074694338,
                0.15721766170745843,
                0.14482704893169912,
                0.16344318093406912,
                0.15288823525105355,
                0.15218839694819694,
                0.17632757227222673,
                0.1720992647314711,
                0.18604323552723553,
                0.17296160150597326,
                0.16724634337840794,
                0.18068620702416885,
                0.1804299504989802,
                0.16481343450102198,
                0.17134756944930787,
                0.1749554680019473,
                0.1787160978384115,
                0.18054199907304805,
                0.19472922372188448,
                0.19929061425967262,
                0.20124584465367312,
                0.1826166514816353
            ],
            [
                0.12399289671429767,
                0.06565066071202902,
                0.06548707257758743,
                0,
                0.002637514897327207,
                0.0026572769262555953,
                0.14609815970613704,
                0.14426188833602946,
                0.16823585499301522,
                0.15174637963108545,
                0.1466758293452411,
                0.15389274051524965,
                0.15587339475327427,
                0.14348278197751496,
                0.16209891397988496,
                0.1515439682968694,
                0.15084412999401278,
                0.17498330531804257,
                0.17075499777728695,
                0.18469896857305138,
                0.1716173345517891,
                0.16590207642422378,
                0.1793419400699847,
                0.17908568354479604,
                0.16346916754683782,
                0.17000330249512371,
                0.17361120104776315,
                0.17737183088422734,
                0.1791977321188639,
                0.19338495676770032,
                0.19794634730548846,
                0.19990157769948896,
                0.18127238452745115
            ],
            [
                0.12517890656758163,
                0.06683667056531298,
                0.06667308243087139,
                0.002637514897327207,
                0,
                0.001169601301392621,
                0.14728416955942097,
                0.14544789818931342,
                0.16942186484629917,
                0.15293238948436944,
                0.14786183919852508,
                0.1550787503685336,
                0.15705940460655823,
                0.14466879183079895,
                0.16328492383316892,
                0.15272997815015335,
                0.15203013984729674,
                0.17616931517132653,
                0.1719410076305709,
                0.18588497842633533,
                0.17280334440507306,
                0.16708808627750774,
                0.18052794992326865,
                0.18027169339808,
                0.16465517740012178,
                0.17118931234840767,
                0.1747972109010471,
                0.1785578407375113,
                0.18038374197214785,
                0.19457096662098428,
                0.19913235715877242,
                0.20108758755277292,
                0.1824583943807351
            ],
            [
                0.12519866859651002,
                0.06685643259424136,
                0.06669284445979978,
                0.0026572769262555953,
                0.001169601301392621,
                0,
                0.14730393158834937,
                0.1454676602182418,
                0.16944162687522757,
                0.1529521515132978,
                0.14788160122745345,
                0.15509851239746197,
                0.1570791666354866,
                0.14468855385972731,
                0.1633046858620973,
                0.15274974017908172,
                0.15204990187622514,
                0.1761890772002549,
                0.1719607696594993,
                0.18590474045526373,
                0.17282310643400145,
                0.1671078483064361,
                0.18054771195219704,
                0.18029145542700836,
                0.16467493942905015,
                0.17120907437733607,
                0.1748169729299755,
                0.1785776027664397,
                0.18040350400107624,
                0.19459072864991267,
                0.19915211918770082,
                0.2011073495817013,
                0.18247815640966347
            ],
            [
                0.19630837168782325,
                0.14760601479476276,
                0.1474424266603212,
                0.14609815970613704,
                0.14728416955942097,
                0.14730393158834937,
                0,
                0.03201009120838767,
                0.07230612896583771,
                0.07277409581750213,
                0.06770354553165778,
                0.0749204567016663,
                0.07690111093969096,
                0.07964578178420362,
                0.09826191378657359,
                0.08770696810355802,
                0.08700712980070144,
                0.11114630512473121,
                0.10691799758397558,
                0.12086196837974002,
                0.10778033435847774,
                0.10206507623091242,
                0.11550493987667335,
                0.11524868335148468,
                0.09963216735352648,
                0.10616630230181237,
                0.10977420085445179,
                0.113534830690916,
                0.25151320709238945,
                0.26570043174122593,
                0.2702618222790141,
                0.27221705267301455,
                0.25358785950097673
            ],
            [
                0.19447210031771567,
                0.1457697434246552,
                0.14560615529021362,
                0.14426188833602946,
                0.14544789818931342,
                0.1454676602182418,
                0.03201009120838767,
                0,
                0.07046985759573013,
                0.07093782444739456,
                0.06586727416155021,
                0.07308418533155875,
                0.07506483956958337,
                0.07780951041409605,
                0.09642564241646603,
                0.08587069673345046,
                0.08517085843059385,
                0.10931003375462364,
                0.105081726213868,
                0.11902569700963245,
                0.10594406298837017,
                0.10022880486080485,
                0.11366866850656578,
                0.11341241198137711,
                0.0977958959834189,
                0.1043300309317048,
                0.10793792948434422,
                0.11169855932080842,
                0.2496769357222819,
                0.2638641603711183,
                0.26842555090890646,
                0.270380781302907,
                0.2517515881308692
            ],
            [
                0.21844606697470142,
                0.16974371008164096,
                0.16958012194719937,
                0.16823585499301522,
                0.16942186484629917,
                0.16944162687522757,
                0.07230612896583771,
                0.07046985759573013,
                0,
                0.09491179110438033,
                0.08984124081853598,
                0.0970581519885445,
                0.09903880622656916,
                0.10178347707108182,
                0.12039960907345179,
                0.10984466339043622,
                0.10914482508757964,
                0.13328400041160943,
                0.12905569287085378,
                0.1429996636666182,
                0.12991802964535593,
                0.12420277151779062,
                0.13764263516355155,
                0.1373863786383629,
                0.12176986264040468,
                0.12830399758869057,
                0.13191189614132998,
                0.1356725259777942,
                0.27365090237926765,
                0.2878381270281041,
                0.2923995175658922,
                0.2943547479598927,
                0.2757255547878549
            ],
            [
                0.20195659161277166,
                0.1532542347197112,
                0.1530906465852696,
                0.15174637963108545,
                0.15293238948436944,
                0.1529521515132978,
                0.07277409581750213,
                0.07093782444739456,
                0.09491179110438033,
                0,
                0.007799286583616973,
                0.05722089320783128,
                0.05920154744585592,
                0.08529400170915205,
                0.10391013371152202,
                0.09335518802850645,
                0.09265534972564987,
                0.11679452504967965,
                0.11256621750892401,
                0.12651018830468846,
                0.11342855428342617,
                0.10771329615586085,
                0.12115315980162178,
                0.12089690327643311,
                0.10528038727847491,
                0.1118145222267608,
                0.11542242077940022,
                0.11918305061586443,
                0.2571614270173379,
                0.2713486516661743,
                0.2759100422039624,
                0.27786527259796295,
                0.25923607942592514
            ],
            [
                0.1968860413269273,
                0.14818368443386684,
                0.14802009629942525,
                0.1466758293452411,
                0.14786183919852508,
                0.14788160122745345,
                0.06770354553165778,
                0.06586727416155021,
                0.08984124081853598,
                0.007799286583616973,
                0,
                0.052150342921986934,
                0.054130997160011574,
                0.0802234514233077,
                0.09883958342567767,
                0.0882846377426621,
                0.08758479943980552,
                0.11172397476383529,
                0.10749566722307966,
                0.1214396380188441,
                0.10835800399758182,
                0.1026427458700165,
                0.11608260951577742,
                0.11582635299058876,
                0.10020983699263056,
                0.10674397194091645,
                0.11035187049355587,
                0.11411250033002007,
                0.25209087673149355,
                0.2662781013803299,
                0.27083949191811807,
                0.2727947223121186,
                0.2541655291400808
            ],
            [
                0.20410295249693586,
                0.15540059560387537,
                0.1552370074694338,
                0.15389274051524965,
                0.1550787503685336,
                0.15509851239746197,
                0.0749204567016663,
                0.07308418533155875,
                0.0970581519885445,
                0.05722089320783128,
                0.052150342921986934,
                0,
                0.0309948276945107,
                0.08744036259331622,
                0.10605649459568621,
                0.09550154891267064,
                0.09480171060981404,
                0.11894088593384383,
                0.11471257839308818,
                0.12865654918885264,
                0.11557491516759036,
                0.10985965704002504,
                0.12329952068578595,
                0.1230432641605973,
                0.10742674816263909,
                0.11396088311092498,
                0.11756878166356441,
                0.1213294115000286,
                0.2593077879015021,
                0.2734950125503385,
                0.2780564030881266,
                0.28001163348212715,
                0.26138244031008934
            ],
            [
                0.20608360673496048,
                0.1573812498419,
                0.15721766170745843,
                0.15587339475327427,
                0.15705940460655823,
                0.1570791666354866,
                0.07690111093969096,
                0.07506483956958337,
                0.09903880622656916,
                0.05920154744585592,
                0.054130997160011574,
                0.0309948276945107,
                0,
                0.08942101683134088,
                0.10803714883371085,
                0.09748220315069528,
                0.09678236484783868,
                0.12092154017186846,
                0.11669323263111284,
                0.13063720342687726,
                0.11755556940561498,
                0.11184031127804966,
                0.1252801749238106,
                0.12502391839862192,
                0.10940740240066373,
                0.11594153734894963,
                0.11954943590158904,
                0.12331006573805325,
                0.26128844213952673,
                0.2754756667883631,
                0.28003705732615125,
                0.2819922877201518,
                0.26336309454811396
            ],
            [
                0.19369299395920117,
                0.1449906370661407,
                0.14482704893169912,
                0.14348278197751496,
                0.14466879183079895,
                0.14468855385972731,
                0.07964578178420362,
                0.07780951041409605,
                0.10178347707108182,
                0.08529400170915205,
                0.0802234514233077,
                0.08744036259331622,
                0.08942101683134088,
                0,
                0.03170429679514896,
                0.021149351112133393,
                0.041268110004473,
                0.06540728532850276,
                0.061178977787747134,
                0.0751229485835116,
                0.062041314562249296,
                0.05632605643468398,
                0.06976592008044491,
                0.06950966355525624,
                0.06936916131794928,
                0.07590329626623517,
                0.0795111948188746,
                0.0832718246553388,
                0.2488978293637674,
                0.26308505401260385,
                0.267646444550392,
                0.26960167494439247,
                0.25097248177235465
            ],
            [
                0.21230912596157117,
                0.16360676906851068,
                0.16344318093406912,
                0.16209891397988496,
                0.16328492383316892,
                0.1633046858620973,
                0.09826191378657359,
                0.09642564241646603,
                0.12039960907345179,
                0.10391013371152202,
                0.09883958342567767,
                0.10605649459568621,
                0.10803714883371085,
                0.03170429679514896,
                0,
                0.03345953453795329,
                0.059884242006842975,
                0.08402341733087275,
                0.07979510979011711,
                0.09373908058588157,
                0.08065744656461928,
                0.07494218843705397,
                0.08838205208281488,
                0.08812579555762623,
                0.08798529332031926,
                0.09451942826860515,
                0.09812732682124459,
                0.10188795665770878,
                0.26751396136613736,
                0.28170118601497385,
                0.286262576552762,
                0.28821780694676247,
                0.26958861377472465
            ],
            [
                0.2017541802785556,
                0.1530518233854951,
                0.15288823525105355,
                0.1515439682968694,
                0.15272997815015335,
                0.15274974017908172,
                0.08770696810355802,
                0.08587069673345046,
                0.10984466339043622,
                0.09335518802850645,
                0.0882846377426621,
                0.09550154891267064,
                0.09748220315069528,
                0.021149351112133393,
                0.03345953453795329,
                0,
                0.049329296323827404,
                0.07346847164785718,
                0.06924016410710154,
                0.083184134902866,
                0.0701025008816037,
                0.0643872427540384,
                0.07782710639979931,
                0.07757084987461066,
                0.07743034763730369,
                0.08396448258558958,
                0.08757238113822902,
                0.09133301097469321,
                0.25695901568312185,
                0.2711462403319582,
                0.27570763086974637,
                0.2776628612637469,
                0.2590336680917091
            ],
            [
                0.201054341975699,
                0.15235198508263853,
                0.15218839694819694,
                0.15084412999401278,
                0.15203013984729674,
                0.15204990187622514,
                0.08700712980070144,
                0.08517085843059385,
                0.10914482508757964,
                0.09265534972564987,
                0.08758479943980552,
                0.09480171060981404,
                0.09678236484783868,
                0.041268110004473,
                0.059884242006842975,
                0.049329296323827404,
                0,
                0.06426716979923279,
                0.060038862258477155,
                0.07398283305424161,
                0.06090119903297932,
                0.05518594090541401,
                0.06862580455117492,
                0.06836954802598627,
                0.0767305093344471,
                0.08326464428273299,
                0.08687254283537241,
                0.09063317267183663,
                0.2562591773802652,
                0.27044640202910164,
                0.2750077925668898,
                0.27696302296089026,
                0.25833382978885244
            ],
            [
                0.22519351729972878,
                0.1764911604066683,
                0.17632757227222673,
                0.17498330531804257,
                0.17616931517132653,
                0.1761890772002549,
                0.11114630512473121,
                0.10931003375462364,
                0.13328400041160943,
                0.11679452504967965,
                0.11172397476383529,
                0.11894088593384383,
                0.12092154017186846,
                0.06540728532850276,
                0.08402341733087275,
                0.07346847164785718,
                0.06426716979923279,
                0,
                0.03488725430606153,
                0.09380649093921441,
                0.08072485691795211,
                0.0750095987903868,
                0.08844946243614772,
                0.08819320591095905,
                0.10086968465847687,
                0.10740381960676276,
                0.1110117181594022,
                0.11477234799586639,
                0.28039835270429503,
                0.2945855773531314,
                0.29914696789091955,
                0.3011021982849201,
                0.28247300511288226
            ],
            [
                0.22096520975897316,
                0.1722628528659127,
                0.1720992647314711,
                0.17075499777728695,
                0.1719410076305709,
                0.1719607696594993,
                0.10691799758397558,
                0.105081726213868,
                0.12905569287085378,
                0.11256621750892401,
                0.10749566722307966,
                0.11471257839308818,
                0.11669323263111284,
                0.061178977787747134,
                0.07979510979011711,
                0.06924016410710154,
                0.060038862258477155,
                0.03488725430606153,
                0,
                0.08957818339845877,
                0.07649654937719648,
                0.07078129124963117,
                0.08422115489539209,
                0.08396489837020343,
                0.09664137711772124,
                0.10317551206600713,
                0.10678341061864655,
                0.11054404045511076,
                0.2761700451635394,
                0.2903572698123758,
                0.29491866035016395,
                0.2968738907441645,
                0.27824469757212666
            ],
            [
                0.23490918055473758,
                0.18620682366167712,
                0.18604323552723553,
                0.18469896857305138,
                0.18588497842633533,
                0.18590474045526373,
                0.12086196837974002,
                0.11902569700963245,
                0.1429996636666182,
                0.12651018830468846,
                0.1214396380188441,
                0.12865654918885264,
                0.13063720342687726,
                0.0751229485835116,
                0.09373908058588157,
                0.083184134902866,
                0.07398283305424161,
                0.09380649093921441,
                0.08957818339845877,
                0,
                0.07464355613427885,
                0.06892829800671355,
                0.08947260351734444,
                0.08921634699215578,
                0.11058534791348568,
                0.11711948286177157,
                0.120727381414411,
                0.1244880112508752,
                0.2901140159593038,
                0.30430124060814023,
                0.3088626311459284,
                0.31081786153992885,
                0.29218866836789104
            ],
            [
                0.2218275465334753,
                0.17312518964041484,
                0.17296160150597326,
                0.1716173345517891,
                0.17280334440507306,
                0.17282310643400145,
                0.10778033435847774,
                0.10594406298837017,
                0.12991802964535593,
                0.11342855428342617,
                0.10835800399758182,
                0.11557491516759036,
                0.11755556940561498,
                0.062041314562249296,
                0.08065744656461928,
                0.0701025008816037,
                0.06090119903297932,
                0.08072485691795211,
                0.07649654937719648,
                0.07464355613427885,
                0,
                0.010575892533470832,
                0.07639096949608215,
                0.0761347129708935,
                0.0975037138922234,
                0.10403784884050929,
                0.10764574739314872,
                0.11140637722961291,
                0.2770323819380415,
                0.29121960658687795,
                0.2957809971246661,
                0.2977362275186666,
                0.27910703434662876
            ],
            [
                0.21611228840590999,
                0.1674099315128495,
                0.16724634337840794,
                0.16590207642422378,
                0.16708808627750774,
                0.1671078483064361,
                0.10206507623091242,
                0.10022880486080485,
                0.12420277151779062,
                0.10771329615586085,
                0.1026427458700165,
                0.10985965704002504,
                0.11184031127804966,
                0.05632605643468398,
                0.07494218843705397,
                0.0643872427540384,
                0.05518594090541401,
                0.0750095987903868,
                0.07078129124963117,
                0.06892829800671355,
                0.010575892533470832,
                0,
                0.07067571136851683,
                0.07041945484332818,
                0.09178845576465808,
                0.09832259071294397,
                0.1019304892655834,
                0.1056911191020476,
                0.27131712381047624,
                0.2855043484593126,
                0.29006573899710075,
                0.2920209693911013,
                0.27339177621906346
            ],
            [
                0.2295521520516709,
                0.18084979515861044,
                0.18068620702416885,
                0.1793419400699847,
                0.18052794992326865,
                0.18054771195219704,
                0.11550493987667335,
                0.11366866850656578,
                0.13764263516355155,
                0.12115315980162178,
                0.11608260951577742,
                0.12329952068578595,
                0.1252801749238106,
                0.06976592008044491,
                0.08838205208281488,
                0.07782710639979931,
                0.06862580455117492,
                0.08844946243614772,
                0.08422115489539209,
                0.08947260351734444,
                0.07639096949608215,
                0.07067571136851683,
                0,
                0.03071668821975214,
                0.105228319410419,
                0.1117624543587049,
                0.11537035291134431,
                0.11913098274780853,
                0.2847569874562371,
                0.29894421210507355,
                0.3035056026428617,
                0.3054608330368622,
                0.2868316398648244
            ],
            [
                0.22929589552648225,
                0.18059353863342176,
                0.1804299504989802,
                0.17908568354479604,
                0.18027169339808,
                0.18029145542700836,
                0.11524868335148468,
                0.11341241198137711,
                0.1373863786383629,
                0.12089690327643311,
                0.11582635299058876,
                0.1230432641605973,
                0.12502391839862192,
                0.06950966355525624,
                0.08812579555762623,
                0.07757084987461066,
                0.06836954802598627,
                0.08819320591095905,
                0.08396489837020343,
                0.08921634699215578,
                0.0761347129708935,
                0.07041945484332818,
                0.03071668821975214,
                0,
                0.10497206288523034,
                0.11150619783351623,
                0.11511409638615566,
                0.11887472622261987,
                0.28450073093104844,
                0.2986879555798849,
                0.30324934611767307,
                0.30520457651167354,
                0.2865753833396357
            ],
            [
                0.21367937952852403,
                0.16497702263546354,
                0.16481343450102198,
                0.16346916754683782,
                0.16465517740012178,
                0.16467493942905015,
                0.09963216735352648,
                0.0977958959834189,
                0.12176986264040468,
                0.10528038727847491,
                0.10020983699263056,
                0.10742674816263909,
                0.10940740240066373,
                0.06936916131794928,
                0.08798529332031926,
                0.07743034763730369,
                0.0767305093344471,
                0.10086968465847687,
                0.09664137711772124,
                0.11058534791348568,
                0.0975037138922234,
                0.09178845576465808,
                0.105228319410419,
                0.10497206288523034,
                0,
                0.02957704228253215,
                0.04811729910812711,
                0.05187792894459132,
                0.2688842149330902,
                0.2830714395819267,
                0.28763283011971486,
                0.28958806051371533,
                0.2709588673416775
            ],
            [
                0.22021351447680992,
                0.17151115758374946,
                0.17134756944930787,
                0.17000330249512371,
                0.17118931234840767,
                0.17120907437733607,
                0.10616630230181237,
                0.1043300309317048,
                0.12830399758869057,
                0.1118145222267608,
                0.10674397194091645,
                0.11396088311092498,
                0.11594153734894963,
                0.07590329626623517,
                0.09451942826860515,
                0.08396448258558958,
                0.08326464428273299,
                0.10740381960676276,
                0.10317551206600713,
                0.11711948286177157,
                0.10403784884050929,
                0.09832259071294397,
                0.1117624543587049,
                0.11150619783351623,
                0.02957704228253215,
                0,
                0.054651434056413,
                0.05841206389287721,
                0.27541834988137615,
                0.2896055745302126,
                0.2941669650680007,
                0.29612219546200125,
                0.27749300228996343
            ],
            [
                0.22382141302944936,
                0.1751190561363889,
                0.1749554680019473,
                0.17361120104776315,
                0.1747972109010471,
                0.1748169729299755,
                0.10977420085445179,
                0.10793792948434422,
                0.13191189614132998,
                0.11542242077940022,
                0.11035187049355587,
                0.11756878166356441,
                0.11954943590158904,
                0.0795111948188746,
                0.09812732682124459,
                0.08757238113822902,
                0.08687254283537241,
                0.1110117181594022,
                0.10678341061864655,
                0.120727381414411,
                0.10764574739314872,
                0.1019304892655834,
                0.11537035291134431,
                0.11511409638615566,
                0.04811729910812711,
                0.054651434056413,
                0,
                0.017208030319724253,
                0.2790262484340156,
                0.293213473082852,
                0.29777486362064015,
                0.2997300940146407,
                0.28110090084260286
            ],
            [
                0.22758204286591355,
                0.1788796859728531,
                0.1787160978384115,
                0.17737183088422734,
                0.1785578407375113,
                0.1785776027664397,
                0.113534830690916,
                0.11169855932080842,
                0.1356725259777942,
                0.11918305061586443,
                0.11411250033002007,
                0.1213294115000286,
                0.12331006573805325,
                0.0832718246553388,
                0.10188795665770878,
                0.09133301097469321,
                0.09063317267183663,
                0.11477234799586639,
                0.11054404045511076,
                0.1244880112508752,
                0.11140637722961291,
                0.1056911191020476,
                0.11913098274780853,
                0.11887472622261987,
                0.05187792894459132,
                0.05841206389287721,
                0.017208030319724253,
                0,
                0.28278687827047977,
                0.2969741029193162,
                0.30153549345710434,
                0.30349072385110487,
                0.28486153067906705
            ],
            [
                0.1790462494888862,
                0.18070558720748964,
                0.18054199907304805,
                0.1791977321188639,
                0.18038374197214785,
                0.18040350400107624,
                0.25151320709238945,
                0.2496769357222819,
                0.27365090237926765,
                0.2571614270173379,
                0.25209087673149355,
                0.2593077879015021,
                0.26128844213952673,
                0.2488978293637674,
                0.26751396136613736,
                0.25695901568312185,
                0.2562591773802652,
                0.28039835270429503,
                0.2761700451635394,
                0.2901140159593038,
                0.2770323819380415,
                0.27131712381047624,
                0.2847569874562371,
                0.28450073093104844,
                0.2688842149330902,
                0.27541834988137615,
                0.2790262484340156,
                0.28278687827047977,
                0,
                0.05884055921432843,
                0.18818200365567248,
                0.19013723404967298,
                0.17150804087763516
            ],
            [
                0.19323347413772263,
                0.19489281185632606,
                0.19472922372188448,
                0.19338495676770032,
                0.19457096662098428,
                0.19459072864991267,
                0.26570043174122593,
                0.2638641603711183,
                0.2878381270281041,
                0.2713486516661743,
                0.2662781013803299,
                0.2734950125503385,
                0.2754756667883631,
                0.26308505401260385,
                0.28170118601497385,
                0.2711462403319582,
                0.27044640202910164,
                0.2945855773531314,
                0.2903572698123758,
                0.30430124060814023,
                0.29121960658687795,
                0.2855043484593126,
                0.29894421210507355,
                0.2986879555798849,
                0.2830714395819267,
                0.2896055745302126,
                0.293213473082852,
                0.2969741029193162,
                0.05884055921432843,
                0,
                0.20236922830450887,
                0.2043244586985094,
                0.18569526552647156
            ],
            [
                0.19779486467551077,
                0.1994542023941142,
                0.19929061425967262,
                0.19794634730548846,
                0.19913235715877242,
                0.19915211918770082,
                0.2702618222790141,
                0.26842555090890646,
                0.2923995175658922,
                0.2759100422039624,
                0.27083949191811807,
                0.2780564030881266,
                0.28003705732615125,
                0.267646444550392,
                0.286262576552762,
                0.27570763086974637,
                0.2750077925668898,
                0.29914696789091955,
                0.29491866035016395,
                0.3088626311459284,
                0.2957809971246661,
                0.29006573899710075,
                0.3035056026428617,
                0.30324934611767307,
                0.28763283011971486,
                0.2941669650680007,
                0.29777486362064015,
                0.30153549345710434,
                0.18818200365567248,
                0.20236922830450887,
                0,
                0.020238926648359717,
                0.03529759182769214
            ],
            [
                0.19975009506951127,
                0.20140943278811468,
                0.20124584465367312,
                0.19990157769948896,
                0.20108758755277292,
                0.2011073495817013,
                0.27221705267301455,
                0.270380781302907,
                0.2943547479598927,
                0.27786527259796295,
                0.2727947223121186,
                0.28001163348212715,
                0.2819922877201518,
