{
    "NEXUS_FILE_URL": "http://purl.org/phylo/treebase/phylows/study/TB2:S12410",
    "NEWICK_TREE": "((((((1:1.4214331839968004,2:1.4214331839968004):1.9486561200332844,3:3.3700893040300954):6.975709406065711,4:10.345798710095842):7.057227592221,((((5:1.2614047968097992,(6:0.432100259728994,(7:0.1387833399497005,8:0.1387833399497005):0.2933169197792971):0.8293045370807981):5.981386139049556,(9:1.387301130507204,10:1.387301130507204):5.855489805352152):2.195694866137396,(11:2.521304831017499,12:2.521304831017499):6.917180970979349):6.630994358824349,(((13:2.080262031718796,14:2.080262031718796):7.5591445138610105,15:9.63940654557981):3.155087719772691,16:12.794494265352501):3.2749858954686992):1.3335461414955994):9.2514375484125,((((17:3.9163125352338,18:3.9163125352338035):5.67389792530275,19:9.59021046053665):5.088842200339247,((20:2.5637432036497927,(21:1.2780243765006691,22:1.2780243765006691):1.2857188271490312):7.7533821590381535,23:10.317125362688039):4.361927298187851):4.040144399945007,((24:11.095192689970602,25:11.095192689970602):4.291563183477301,(26:0.4031300104612967,27:0.4031300104612967):14.9836258629865):3.332441187373):7.935266789908496):8.086780935526498,((28:16.688621511654993,(29:13.139808682245995,30:13.139808682245999):3.5488128294089982):7.156800929071007,31:23.845422440725997):10.895822345529993);",
    "DISTANCE_MATRIX": [
        [
            0.0,
            2.842866367993601,
            6.74017860806018,
            20.691597420191638,
            34.80605260463349,
            34.80605260463349,
            34.80605260463349,
            34.80605260463349,
            34.80605260463349,
            34.80605260463349,
            34.80605260463359,
            34.80605260463359,
            34.80605260463359,
            34.80605260463359,
            34.80605260463359,
            34.80605260463359,
            53.3089277014586,
            53.3089277014586,
            53.3089277014587,
            53.3089277014586,
            53.3089277014585,
            53.3089277014585,
            53.308927701458686,
            53.3089277014587,
            53.3089277014587,
            53.308927701458586,
            53.308927701458586,
            69.48248957251178,
            69.48248957251178,
            69.48248957251178,
            69.48248957251178
        ],
        [
            2.842866367993601,
            0.0,
            6.74017860806018,
            20.691597420191638,
            34.80605260463349,
            34.80605260463349,
            34.80605260463349,
            34.80605260463349,
            34.80605260463349,
            34.80605260463349,
            34.80605260463359,
            34.80605260463359,
            34.80605260463359,
            34.80605260463359,
            34.80605260463359,
            34.80605260463359,
            53.3089277014586,
            53.3089277014586,
            53.3089277014587,
            53.3089277014586,
            53.3089277014585,
            53.3089277014585,
            53.308927701458686,
            53.3089277014587,
            53.3089277014587,
            53.308927701458586,
            53.308927701458586,
            69.48248957251178,
            69.48248957251178,
            69.48248957251178,
            69.48248957251178
        ],
        [
            6.74017860806018,
            6.74017860806018,
            0.0,
            20.69159742019165,
            34.80605260463351,
            34.8060526046335,
            34.80605260463351,
            34.80605260463351,
            34.80605260463351,
            34.80605260463351,
            34.80605260463361,
            34.80605260463361,
            34.80605260463361,
            34.80605260463361,
            34.80605260463361,
            34.80605260463361,
            53.30892770145861,
            53.308927701458614,
            53.30892770145871,
            53.30892770145861,
            53.308927701458515,
            53.308927701458515,
            53.3089277014587,
            53.30892770145871,
            53.30892770145871,
            53.3089277014586,
            53.3089277014586,
            69.4824895725118,
            69.4824895725118,
            69.48248957251181,
            69.4824895725118
        ],
        [
            20.691597420191638,
            20.691597420191638,
            20.69159742019165,
            0.0,
            34.80605260463354,
            34.806052604633535,
            34.806052604633535,
            34.806052604633535,
            34.80605260463354,
            34.80605260463354,
            34.806052604633635,
            34.806052604633635,
            34.806052604633635,
            34.806052604633635,
            34.80605260463364,
            34.80605260463364,
            53.30892770145864,
            53.30892770145864,
            53.30892770145874,
            53.30892770145864,
            53.30892770145855,
            53.30892770145855,
            53.308927701458735,
            53.30892770145874,
            53.30892770145874,
            53.308927701458636,
            53.308927701458636,
            69.48248957251184,
            69.48248957251184,
            69.48248957251184,
            69.48248957251184
        ],
        [
            34.80605260463349,
            34.80605260463349,
            34.80605260463351,
            34.80605260463354,
            0.0,
            2.5228095936195913,
            2.522809593619595,
            2.522809593619595,
            14.485581871718711,
            14.485581871718711,
            18.8769716039936,
            18.8769716039936,
            32.1389603216423,
            32.1389603216423,
            32.1389603216423,
            32.1389603216423,
            53.3089277014585,
            53.3089277014585,
            53.3089277014586,
            53.3089277014585,
            53.30892770145841,
            53.30892770145841,
            53.30892770145859,
            53.3089277014586,
            53.3089277014586,
            53.308927701458494,
            53.308927701458494,
            69.4824895725117,
            69.4824895725117,
            69.4824895725117,
            69.4824895725117
        ],
        [
            34.80605260463349,
            34.80605260463349,
            34.8060526046335,
            34.806052604633535,
            2.5228095936195913,
            0.0,
            0.8642005194579916,
            0.8642005194579916,
            14.485581871718704,
            14.485581871718704,
            18.876971603993592,
            18.876971603993592,
            32.13896032164229,
            32.13896032164229,
            32.138960321642294,
            32.138960321642294,
            53.308927701458494,
            53.3089277014585,
            53.30892770145859,
            53.308927701458494,
            53.3089277014584,
            53.3089277014584,
            53.308927701458586,
            53.30892770145859,
            53.30892770145859,
            53.30892770145849,
            53.30892770145849,
            69.48248957251168,
            69.48248957251168,
            69.4824895725117,
            69.48248957251168
        ],
        [
            34.80605260463349,
            34.80605260463349,
            34.80605260463351,
            34.806052604633535,
            2.522809593619595,
            0.8642005194579916,
            0.0,
            0.277566679899401,
            14.485581871718708,
            14.485581871718708,
            18.876971603993596,
            18.876971603993596,
            32.138960321642294,
            32.138960321642294,
            32.1389603216423,
            32.1389603216423,
            53.3089277014585,
            53.3089277014585,
            53.3089277014586,
            53.3089277014585,
            53.3089277014584,
            53.3089277014584,
            53.308927701458586,
            53.3089277014586,
            53.3089277014586,
            53.30892770145849,
            53.30892770145849,
            69.48248957251168,
            69.48248957251168,
            69.4824895725117,
            69.48248957251168
        ],
        [
            34.80605260463349,
            34.80605260463349,
            34.80605260463351,
            34.806052604633535,
            2.522809593619595,
            0.8642005194579916,
            0.277566679899401,
            0.0,
            14.485581871718708,
            14.485581871718708,
            18.876971603993596,
            18.876971603993596,
            32.138960321642294,
            32.138960321642294,
            32.1389603216423,
            32.1389603216423,
            53.3089277014585,
            53.3089277014585,
            53.3089277014586,
            53.3089277014585,
            53.3089277014584,
            53.3089277014584,
            53.308927701458586,
            53.3089277014586,
            53.3089277014586,
            53.30892770145849,
            53.30892770145849,
            69.48248957251168,
            69.48248957251168,
            69.4824895725117,
            69.48248957251168
        ],
        [
            34.80605260463349,
            34.80605260463349,
            34.80605260463351,
            34.80605260463354,
            14.485581871718711,
            14.485581871718704,
            14.485581871718708,
            14.485581871718708,
            0.0,
            2.774602261014408,
            18.8769716039936,
            18.8769716039936,
            32.1389603216423,
            32.1389603216423,
            32.1389603216423,
            32.1389603216423,
            53.3089277014585,
            53.3089277014585,
            53.3089277014586,
            53.3089277014585,
            53.30892770145841,
            53.30892770145841,
            53.30892770145859,
            53.3089277014586,
            53.3089277014586,
            53.308927701458494,
            53.308927701458494,
            69.4824895725117,
            69.4824895725117,
            69.4824895725117,
            69.4824895725117
        ],
        [
            34.80605260463349,
            34.80605260463349,
            34.80605260463351,
            34.80605260463354,
            14.485581871718711,
            14.485581871718704,
            14.485581871718708,
            14.485581871718708,
            2.774602261014408,
            0.0,
            18.8769716039936,
            18.8769716039936,
            32.1389603216423,
            32.1389603216423,
            32.1389603216423,
            32.1389603216423,
            53.3089277014585,
            53.3089277014585,
            53.3089277014586,
            53.3089277014585,
            53.30892770145841,
            53.30892770145841,
            53.30892770145859,
            53.3089277014586,
            53.3089277014586,
            53.308927701458494,
            53.308927701458494,
            69.4824895725117,
            69.4824895725117,
            69.4824895725117,
            69.4824895725117
        ],
        [
            34.80605260463359,
            34.80605260463359,
            34.80605260463361,
            34.806052604633635,
            18.8769716039936,
            18.876971603993592,
            18.876971603993596,
            18.876971603993596,
            18.8769716039936,
            18.8769716039936,
            0.0,
            5.042609662034998,
            32.138960321642394,
            32.138960321642394,
            32.1389603216424,
            32.1389603216424,
            53.3089277014586,
            53.3089277014586,
            53.3089277014587,
            53.3089277014586,
            53.3089277014585,
            53.3089277014585,
            53.308927701458686,
            53.3089277014587,
            53.3089277014587,
            53.308927701458586,
            53.308927701458586,
            69.48248957251178,
            69.48248957251178,
            69.48248957251178,
            69.48248957251178
        ],
        [
            34.80605260463359,
            34.80605260463359,
            34.80605260463361,
            34.806052604633635,
            18.8769716039936,
            18.876971603993592,
            18.876971603993596,
            18.876971603993596,
            18.8769716039936,
            18.8769716039936,
            5.042609662034998,
            0.0,
            32.138960321642394,
            32.138960321642394,
            32.1389603216424,
            32.1389603216424,
            53.3089277014586,
            53.3089277014586,
            53.3089277014587,
            53.3089277014586,
            53.3089277014585,
            53.3089277014585,
            53.308927701458686,
            53.3089277014587,
            53.3089277014587,
            53.308927701458586,
            53.308927701458586,
            69.48248957251178,
            69.48248957251178,
            69.48248957251178,
            69.48248957251178
        ],
        [
            34.80605260463359,
            34.80605260463359,
            34.80605260463361,
            34.806052604633635,
            32.1389603216423,
            32.13896032164229,
            32.138960321642294,
            32.138960321642294,
            32.1389603216423,
            32.1389603216423,
            32.138960321642394,
            32.138960321642394,
            0.0,
            4.160524063437592,
            19.278813091159616,
            25.588988530705,
            53.3089277014586,
            53.3089277014586,
            53.3089277014587,
            53.3089277014586,
            53.3089277014585,
            53.3089277014585,
            53.308927701458686,
            53.3089277014587,
            53.3089277014587,
            53.308927701458586,
            53.308927701458586,
            69.48248957251178,
            69.48248957251178,
            69.48248957251178,
            69.48248957251178
        ],
        [
            34.80605260463359,
            34.80605260463359,
            34.80605260463361,
            34.806052604633635,
            32.1389603216423,
            32.13896032164229,
            32.138960321642294,
            32.138960321642294,
            32.1389603216423,
            32.1389603216423,
            32.138960321642394,
            32.138960321642394,
            4.160524063437592,
            0.0,
            19.278813091159616,
            25.588988530705,
            53.3089277014586,
            53.3089277014586,
            53.3089277014587,
            53.3089277014586,
            53.3089277014585,
            53.3089277014585,
            53.308927701458686,
            53.3089277014587,
            53.3089277014587,
            53.308927701458586,
            53.308927701458586,
            69.48248957251178,
            69.48248957251178,
            69.48248957251178,
            69.48248957251178
        ],
        [
            34.80605260463359,
            34.80605260463359,
            34.80605260463361,
            34.80605260463364,
            32.1389603216423,
            32.138960321642294,
            32.1389603216423,
            32.1389603216423,
            32.1389603216423,
            32.1389603216423,
            32.1389603216424,
            32.1389603216424,
            19.278813091159616,
            19.278813091159616,
            0.0,
            25.588988530705002,
            53.3089277014586,
            53.3089277014586,
            53.3089277014587,
            53.3089277014586,
            53.30892770145851,
            53.30892770145851,
            53.30892770145869,
            53.3089277014587,
            53.3089277014587,
            53.30892770145859,
            53.30892770145859,
            69.48248957251178,
            69.48248957251178,
            69.4824895725118,
            69.48248957251178
        ],
        [
            34.80605260463359,
            34.80605260463359,
            34.80605260463361,
            34.80605260463364,
            32.1389603216423,
            32.138960321642294,
            32.1389603216423,
            32.1389603216423,
            32.1389603216423,
            32.1389603216423,
            32.1389603216424,
            32.1389603216424,
            25.588988530705,
            25.588988530705,
            25.588988530705002,
            0.0,
            53.3089277014586,
            53.3089277014586,
            53.3089277014587,
            53.3089277014586,
            53.30892770145851,
            53.30892770145851,
            53.30892770145869,
            53.3089277014587,
            53.3089277014587,
            53.30892770145859,
            53.30892770145859,
            69.48248957251178,
            69.48248957251178,
            69.4824895725118,
            69.48248957251178
        ],
        [
            53.3089277014586,
            53.3089277014586,
            53.30892770145861,
            53.30892770145864,
            53.3089277014585,
            53.308927701458494,
            53.3089277014585,
            53.3089277014585,
            53.3089277014585,
            53.3089277014585,
            53.3089277014586,
            53.3089277014586,
            53.3089277014586,
            53.3089277014586,
            53.3089277014586,
            53.3089277014586,
            0.0,
            7.8326250704676035,
            19.1804209210732,
            29.358105321751594,
            29.358105321751502,
            29.358105321751502,
            29.358105321751687,
            37.43839412164171,
            37.43839412164171,
            37.4383941216416,
            37.4383941216416,
            69.48248957251178,
            69.48248957251178,
            69.4824895725118,
            69.48248957251178
        ],
        [
            53.3089277014586,
            53.3089277014586,
            53.308927701458614,
            53.30892770145864,
            53.3089277014585,
            53.3089277014585,
            53.3089277014585,
            53.3089277014585,
            53.3089277014585,
            53.3089277014585,
            53.3089277014586,
            53.3089277014586,
            53.3089277014586,
            53.3089277014586,
            53.3089277014586,
            53.3089277014586,
            7.8326250704676035,
            0.0,
            19.180420921073203,
            29.358105321751598,
            29.358105321751506,
            29.358105321751506,
            29.35810532175169,
            37.43839412164171,
            37.43839412164171,
            37.43839412164161,
            37.43839412164161,
            69.4824895725118,
            69.4824895725118,
            69.48248957251181,
            69.4824895725118
        ],
        [
            53.3089277014587,
            53.3089277014587,
            53.30892770145871,
            53.30892770145874,
            53.3089277014586,
            53.30892770145859,
            53.3089277014586,
            53.3089277014586,
            53.3089277014586,
            53.3089277014586,
            53.3089277014587,
            53.3089277014587,
            53.3089277014587,
            53.3089277014587,
            53.3089277014587,
            53.3089277014587,
            19.1804209210732,
            19.180420921073203,
            0.0,
            29.358105321751694,
            29.3581053217516,
            29.3581053217516,
            29.358105321751786,
            37.43839412164181,
            37.43839412164181,
            37.4383941216417,
            37.4383941216417,
            69.4824895725119,
            69.4824895725119,
            69.4824895725119,
            69.4824895725119
        ],
        [
            53.3089277014586,
            53.3089277014586,
            53.30892770145861,
            53.30892770145864,
            53.3089277014585,
            53.308927701458494,
            53.3089277014585,
            53.3089277014585,
            53.3089277014585,
            53.3089277014585,
            53.3089277014586,
            53.3089277014586,
            53.3089277014586,
            53.3089277014586,
            53.3089277014586,
            53.3089277014586,
            29.358105321751594,
            29.358105321751598,
            29.358105321751694,
            0.0,
            5.127486407299493,
            5.127486407299493,
            20.634250725375985,
            37.43839412164171,
            37.43839412164171,
            37.4383941216416,
            37.4383941216416,
            69.48248957251178,
            69.48248957251178,
            69.4824895725118,
            69.48248957251178
        ],
        [
            53.3089277014585,
            53.3089277014585,
            53.308927701458515,
            53.30892770145855,
            53.30892770145841,
            53.3089277014584,
            53.3089277014584,
            53.3089277014584,
            53.30892770145841,
            53.30892770145841,
            53.3089277014585,
            53.3089277014585,
            53.3089277014585,
            53.3089277014585,
            53.30892770145851,
            53.30892770145851,
            29.358105321751502,
            29.358105321751506,
            29.3581053217516,
            5.127486407299493,
            0.0,
            2.5560487530013383,
            20.634250725375892,
            37.438394121641615,
            37.438394121641615,
            37.43839412164151,
            37.43839412164151,
            69.4824895725117,
            69.4824895725117,
            69.4824895725117,
            69.4824895725117
        ],
        [
            53.3089277014585,
            53.3089277014585,
            53.308927701458515,
            53.30892770145855,
            53.30892770145841,
            53.3089277014584,
            53.3089277014584,
            53.3089277014584,
            53.30892770145841,
            53.30892770145841,
            53.3089277014585,
            53.3089277014585,
            53.3089277014585,
            53.3089277014585,
            53.30892770145851,
            53.30892770145851,
            29.358105321751502,
            29.358105321751506,
            29.3581053217516,
            5.127486407299493,
            2.5560487530013383,
            0.0,
            20.634250725375892,
            37.438394121641615,
            37.438394121641615,
            37.43839412164151,
            37.43839412164151,
            69.4824895725117,
            69.4824895725117,
            69.4824895725117,
            69.4824895725117
        ],
        [
            53.308927701458686,
            53.308927701458686,
            53.3089277014587,
            53.308927701458735,
            53.30892770145859,
            53.308927701458586,
            53.308927701458586,
            53.308927701458586,
            53.30892770145859,
            53.30892770145859,
            53.308927701458686,
            53.308927701458686,
            53.308927701458686,
            53.308927701458686,
            53.30892770145869,
            53.30892770145869,
            29.358105321751687,
            29.35810532175169,
            29.358105321751786,
            20.634250725375985,
            20.634250725375892,
            20.634250725375892,
            0.0,
            37.4383941216418,
            37.4383941216418,
            37.43839412164169,
            37.43839412164169,
            69.48248957251188,
            69.48248957251188,
            69.4824895725119,
            69.48248957251188
        ],
        [
            53.3089277014587,
            53.3089277014587,
            53.30892770145871,
            53.30892770145874,
            53.3089277014586,
            53.30892770145859,
            53.3089277014586,
            53.3089277014586,
            53.3089277014586,
            53.3089277014586,
            53.3089277014587,
            53.3089277014587,
            53.3089277014587,
            53.3089277014587,
            53.3089277014587,
            53.3089277014587,
            37.43839412164171,
            37.43839412164171,
            37.43839412164181,
            37.43839412164171,
            37.438394121641615,
            37.438394121641615,
            37.4383941216418,
            0.0,
            22.190385379941205,
            30.7735117468957,
            30.7735117468957,
            69.4824895725119,
            69.4824895725119,
            69.4824895725119,
            69.4824895725119
        ],
        [
            53.3089277014587,
            53.3089277014587,
            53.30892770145871,
            53.30892770145874,
            53.3089277014586,
            53.30892770145859,
            53.3089277014586,
            53.3089277014586,
            53.3089277014586,
            53.3089277014586,
            53.3089277014587,
            53.3089277014587,
            53.3089277014587,
            53.3089277014587,
            53.3089277014587,
            53.3089277014587,
            37.43839412164171,
            37.43839412164171,
            37.43839412164181,
            37.43839412164171,
            37.438394121641615,
            37.438394121641615,
            37.4383941216418,
            22.190385379941205,
            0.0,
            30.7735117468957,
            30.7735117468957,
            69.4824895725119,
            69.4824895725119,
            69.4824895725119,
            69.4824895725119
        ],
        [
            53.308927701458586,
            53.308927701458586,
            53.3089277014586,
            53.308927701458636,
            53.308927701458494,
            53.30892770145849,
            53.30892770145849,
            53.30892770145849,
            53.308927701458494,
            53.308927701458494,
            53.308927701458586,
            53.308927701458586,
            53.308927701458586,
            53.308927701458586,
            53.30892770145859,
            53.30892770145859,
            37.4383941216416,
            37.43839412164161,
            37.4383941216417,
            37.4383941216416,
            37.43839412164151,
            37.43839412164151,
            37.43839412164169,
            30.7735117468957,
            30.7735117468957,
            0.0,
            0.8062600209225934,
            69.48248957251178,
            69.48248957251178,
            69.48248957251178,
            69.48248957251178
        ],
        [
            53.308927701458586,
            53.308927701458586,
            53.3089277014586,
            53.308927701458636,
            53.308927701458494,
            53.30892770145849,
            53.30892770145849,
            53.30892770145849,
            53.308927701458494,
            53.308927701458494,
            53.308927701458586,
            53.308927701458586,
            53.308927701458586,
            53.308927701458586,
            53.30892770145859,
            53.30892770145859,
            37.4383941216416,
            37.43839412164161,
            37.4383941216417,
            37.4383941216416,
            37.43839412164151,
            37.43839412164151,
            37.43839412164169,
            30.7735117468957,
            30.7735117468957,
            0.8062600209225934,
            0.0,
            69.48248957251178,
            69.48248957251178,
            69.48248957251178,
            69.48248957251178
        ],
        [
            69.48248957251178,
            69.48248957251178,
            69.4824895725118,
            69.48248957251184,
            69.4824895725117,
            69.48248957251168,
            69.48248957251168,
            69.48248957251168,
            69.4824895725117,
            69.4824895725117,
            69.48248957251178,
            69.48248957251178,
            69.48248957251178,
            69.48248957251178,
            69.48248957251178,
            69.48248957251178,
            69.48248957251178,
            69.4824895725118,
            69.4824895725119,
            69.48248957251178,
            69.4824895725117,
            69.4824895725117,
            69.48248957251188,
            69.4824895725119,
            69.4824895725119,
            69.48248957251178,
            69.48248957251178,
            0.0,
            33.37724302330999,
            33.37724302330999,
            47.690844881451994
        ],
        [
            69.48248957251178,
            69.48248957251178,
            69.4824895725118,
            69.48248957251184,
            69.4824895725117,
            69.48248957251168,
            69.48248957251168,
            69.48248957251168,
            69.4824895725117,
            69.4824895725117,
            69.48248957251178,
            69.48248957251178,
            69.48248957251178,
            69.48248957251178,
            69.48248957251178,
            69.48248957251178,
            69.48248957251178,
            69.4824895725118,
            69.4824895725119,
            69.48248957251178,
            69.4824895725117,
            69.4824895725117,
            69.48248957251188,
            69.4824895725119,
            69.4824895725119,
            69.48248957251178,
            69.48248957251178,
            33.37724302330999,
            0.0,
            26.279617364491994,
            47.690844881451994
        ],
        [
            69.48248957251178,
            69.48248957251178,
            69.48248957251181,
            69.48248957251184,
            69.4824895725117,
            69.4824895725117,
            69.4824895725117,
            69.4824895725117,
            69.4824895725117,
            69.4824895725117,
            69.48248957251178,
            69.48248957251178,
            69.48248957251178,
            69.48248957251178,
            69.4824895725118,
            69.4824895725118,
            69.4824895725118,
            69.48248957251181,
            69.4824895725119,
            69.4824895725118,
            69.4824895725117,
            69.4824895725117,
            69.4824895725119,
            69.4824895725119,
            69.4824895725119,
            69.48248957251178,
            69.48248957251178,
            33.37724302330999,
            26.279617364491994,
            0.0,
            47.690844881452
        ],
        [
            69.48248957251178,
            69.48248957251178,
            69.4824895725118,
            69.48248957251184,
            69.4824895725117,
            69.48248957251168,
            69.48248957251168,
            69.48248957251168,
            69.4824895725117,
            69.4824895725117,
            69.48248957251178,
            69.48248957251178,
            69.48248957251178,
            69.48248957251178,
            69.48248957251178,
            69.48248957251178,
            69.48248957251178,
            69.4824895725118,
            69.4824895725119,
            69.48248957251178,
            69.4824895725117,
            69.4824895725117,
            69.48248957251188,
            69.4824895725119,
            69.4824895725119,
            69.48248957251178,
            69.48248957251178,
            47.690844881451994,
            47.690844881451994,
            47.690844881452,
            0.0
        ]
    ],
    "NODE_MAPPING": {
        "0": "1",
        "1": "2",
        "2": "3",
        "3": "4",
        "4": "5",
        "5": "6",
        "6": "7",
        "7": "8",
        "8": "9",
        "9": "10",
        "10": "11",
        "11": "12",
        "12": "13",
        "13": "14",
        "14": "15",
        "15": "16",
        "16": "17",
        "17": "18",
        "18": "19",
        "19": "20",
        "20": "21",
        "21": "22",
        "22": "23",
        "23": "24",
        "24": "25",
        "25": "26",
        "26": "27",
        "27": "28",
        "28": "29",
        "29": "30",
        "30": "31"
    }
}