{
    "NEXUS_FILE_URL": "http://purl.org/phylo/treebase/phylows/study/TB2:S12730",
    "NEWICK_TREE": "((((8:0.056905919859535,(46:0.13416756537516136,(((56:0.028301619516625437,(28:0.029994752275128767,(50:0.039451414490358494,49:0.07007034252098393):0.009860848223058744):0.00704274333242963):0.007479788812978422,((9:0.0388820443806146,(67:0.017531307567381554,(53:0.04394657957113823,54:0.06369540044814598):0.010808906230547505):0.007669995985112615):0.004013370801525223,(57:0.007538707001671946,55:0.002796294998901383):0.04215434589885522):0.007896333874727268):0.0062695456452124265,68:0.04655252038643043):0.005139566416112101):0.0015451511782088867):0.004738222444190698,(((43:0.009380718440854252,42:0.018243913893911473):0.0191793742422936,((((69:0.024865245911588812,52:0.02863377797356026):0.014088815035820323,(34:0.04131681326508102,(70:0.018978894051263517,51:0.01348309740877407):0.008206961236931154):0.005942578806310828):1.678883925881891E-6,((65:0.039247163444859845,66:0.04675148673790461):0.013653912576293281,71:0.033976949109124965):0.00894471358019):0.0048927969439720165,((26:0.005038701522051381,25:0.004408286173630982):0.04441581905397721,10:0.09270786897714411):0.010240863303309505):0.0028507822596944565):0.005355403143680215,((((47:0.029399068026176423,48:0.03479362316365625):0.07229195231181634,(11:0.07491968440392,12:0.10285990569730219):0.01959096376837971):0.021082325165181548,((14:0.07577644269559478,13:0.04653927232390501):0.0383711600456135,(15:0.038707852859433595,16:0.022022592566633498):0.08563473939533525):0.01921812649675525):0.042379337088236296,(((24:0.029016615889130237,((18:1.678883925881891E-6,((19:1.678883925881891E-6,17:0.0016369596090541894):0.0012526039508939102,20:0.0014203376595466055):0.0012652268342431827):0.025185439266589005,((23:0.016052718349668343,21:0.012097625713673038):0.026229769664221414,22:0.02145600699971273):0.004873407026489168):0.017733280703717852):0.021447127757059176,((((37:0.015846492875767754,36:0.02087741631599005):0.006977390636804914,(39:0.028597135322207118,40:0.07885446141007707):0.0055428888073152105):0.031043009775680336,(33:0.004014556154556037,32:0.0031635168873942188):0.040832027870255805):0.0038096713757037604,((58:0.035928408296041686,59:0.039997703021818265):0.005489679975913209,((60:0.011845900590997438,61:0.020300943224188628):0.022842886930112605,(62:0.017369627682377126,(64:0.007657680239458314,(63:0.009582898164505194,45:0.007011727648618488):0.008932001447266552):0.014571143224669153):0.024837035390165185):0.009905878478839503):0.007995341167343906):0.0025596241718692236):0.006080082398430164,(35:0.021984553875262353,(41:0.026195428907304363,(44:0.013485734421711693,38:0.057974698417536025):0.004471399920078056):0.005902930053008626):0.08288855341848958):0.005531481051927772):0.005936895578756846):0.002490015420808178):0.03587775733458526,((3:0.10151778581669937,(1:0.047123866417020654,2:0.06386549518035084):0.05447827470882158):0.1963493635294292,((30:0.012232099866665347,(31:0.009464774484557792,29:0.010536713056440439):0.0059234906183997516):0.027613934183839173,27:0.028123299008694036):0.018431414468248253):0.024619810124325847):0.014501406353725538,((7:0.08779911733040452,(4:0.04230564803737413,6:0.056695664441640675):0.03475382215396633):0.009399094175597256,5:0.10480795727731135):0.014501406353725493);",
    "DISTANCE_MATRIX": [
        [
            0.0,
            0.19261863641290525,
            0.10564159142867227,
            0.11437746751960523,
            0.1336949779578937,
            0.16431390598851914,
            0.1206519321559355,
            0.10697119132781507,
            0.14419536956211926,
            0.163944190439127,
            0.12744956987432285,
            0.12270715787155229,
            0.11014315784028642,
            0.09804965355136194,
            0.10691284900441916,
            0.11618887990321558,
            0.11995741196518703,
            0.12449421102719829,
            0.11036325305031194,
            0.1048674564078225,
            0.1390789296732237,
            0.14658325296626845,
            0.12015480276119553,
            0.13203572700724664,
            0.13140531165882624,
            0.17528907540836217,
            0.23522373589470133,
            0.24061829103218116,
            0.22804336372900827,
            0.2559835850223905,
            0.24581611962949054,
            0.21657894925780077,
            0.25601110914305114,
            0.23932584885025102,
            0.13214636039983807,
            0.14605014336494057,
            0.14856797415007766,
            0.15020325487520597,
            0.14873402897480448,
            0.1680189202548046,
            0.1640638276188093,
            0.14719243924062758,
            0.14191880558947464,
            0.14694972902969694,
            0.1532349462064243,
            0.20349227229429426,
            0.13289849632603348,
            0.13204745705887166,
            0.13365567036481668,
            0.13772496509059326,
            0.13683224809281133,
            0.14528729072600252,
            0.1443501236442436,
            0.14920931942599394,
            0.16006653879830737,
            0.15749536828242067,
            0.18047564164897043,
            0.19058944673402106,
            0.18235115216850645,
            0.22684011616433078,
            0.4200088591087654,
            0.42009321441790826,
            0.43683484318123844,
            0.18041915828138957,
            0.18357532351768177,
            0.18464726208956442,
            0.1686964232395791,
            0.22372292385176376,
            0.2129832767126997,
            0.22737329311696625,
            0.23133266962307333
        ],
        [
            0.19261863641290525,
            0.0,
            0.18135808576608975,
            0.1900939618570227,
            0.20941147229531118,
            0.24003040032593662,
            0.19636842649335298,
            0.18268768566523255,
            0.21991186389953674,
            0.23966068477654448,
            0.20316606421174033,
            0.19842365220896976,
            0.1858596521777039,
            0.1768564502451972,
            0.18571964569825442,
            0.19499567659705083,
            0.19876420865902228,
            0.20330100772103354,
            0.1891700497441472,
            0.18367425310165775,
            0.21788572636705894,
            0.2253900496601037,
            0.19896159945503078,
            0.2108425237010819,
            0.2102121083526615,
            0.2540958721021974,
            0.3140305325885366,
            0.3194250877260164,
            0.3068501604228435,
            0.3347903817162257,
            0.3246229163233258,
            0.295385745951636,
            0.33481790583688636,
            0.31813264554408627,
            0.21095315709367332,
            0.22485694005877582,
            0.22737477084391292,
            0.22901005156904122,
            0.22754082566863973,
            0.24682571694863986,
            0.24287062431264456,
            0.22599923593446283,
            0.2207256022833099,
            0.2257565257235322,
            0.23204174290025956,
            0.2822990689881295,
            0.21170529301986873,
            0.21085425375270692,
            0.21246246705865193,
            0.2165317617844285,
            0.21563904478664658,
            0.22409408741983777,
            0.22315692033807885,
            0.2280161161198292,
            0.23887333549214262,
            0.23630216497625592,
            0.2592824383428057,
            0.2693962434278563,
            0.26115794886234167,
            0.30564691285816603,
            0.4988156558026006,
            0.4989000111117435,
            0.5156416398750736,
            0.2592259549752248,
            0.262382120211517,
            0.26345405878339967,
            0.24750321993341434,
            0.302529720545599,
            0.29179007340653496,
            0.30618008981080147,
            0.3101394663169086
        ],
        [
            0.10564159142867227,
            0.18135808576608975,
            0.0,
            0.06533911512418383,
            0.0846566255624723,
            0.11527555359309774,
            0.08657315738647095,
            0.07289241655835052,
            0.1101165947926547,
            0.12986541566966245,
            0.0933707951048583,
            0.08862838310208773,
            0.08860347436124671,
            0.08987940526096422,
            0.09874260071402144,
            0.10801863161281786,
            0.1117871636747893,
            0.11632396273680057,
            0.10219300475991422,
            0.09669720811742477,
            0.13090868138282596,
            0.13841300467587073,
            0.1119845544707978,
            0.12386547871684891,
            0.12323506336842852,
            0.16711882711796444,
            0.2270534876043036,
            0.23244804274178343,
            0.21987311543861054,
            0.24781333673199274,
            0.23764587133909282,
            0.20840870096740305,
            0.2478408608526534,
            0.2311556005598533,
            0.12397611210944035,
            0.13787989507454285,
            0.14039772585967994,
            0.14203300658480825,
            0.14056378068440675,
            0.15984867196440689,
            0.15589357932841158,
            0.13902219095022986,
            0.13374855729907692,
            0.13877948073929922,
            0.14506469791602658,
            0.19532202400389653,
            0.12472824803563576,
            0.12387720876847394,
            0.12548542207441896,
            0.12955471680019554,
            0.1286619998024136,
            0.1371170424356048,
            0.13617987535384588,
            0.14103907113559622,
            0.15189629050790965,
            0.14932511999202294,
            0.1723053933585727,
            0.18241919844362334,
            0.17418090387810872,
            0.21866986787393305,
            0.41183861081836765,
            0.4119229661275105,
            0.4286645948908407,
            0.17224890999099185,
            0.17540507522728405,
            0.1764770137991667,
            0.16052617494918137,
            0.21555267556136604,
            0.20481302842230198,
            0.21920304482656852,
            0.2231624213326756
        ],
        [
            0.11437746751960523,
            0.1900939618570227,
            0.06533911512418383,
            0.0,
            0.079307014988546,
            0.10992594301917144,
            0.09530903347740391,
            0.08162829264928348,
            0.11885247088358766,
            0.1386012917605954,
            0.10210667119579125,
            0.09736425919302069,
            0.09733935045217967,
            0.09861528135189718,
            0.1074784768049544,
            0.11675450770375081,
            0.12052303976572226,
            0.12505983882773353,
            0.11092888085084718,
            0.10543308420835773,
            0.13964455747375892,
            0.14714888076680369,
            0.12072043056173076,
            0.13260135480778187,
            0.13197093945936147,
            0.1758547032088974,
            0.23578936369523656,
            0.2411839188327164,
            0.2286089915295435,
            0.2565492128229257,
            0.24638174743002578,
            0.217144577058336,
            0.25657673694358635,
            0.23989147665078625,
            0.1327119882003733,
            0.1466157711654758,
            0.1491336019506129,
            0.1507688826757412,
            0.1492996567753397,
            0.16858454805533984,
            0.16462945541934454,
            0.14775806704116282,
            0.14248443339000988,
            0.14751535683023217,
            0.15380057400695954,
            0.2040579000948295,
            0.13346412412656872,
            0.1326130848594069,
            0.13422129816535192,
            0.1382905928911285,
            0.13739787589334657,
            0.14585291852653776,
            0.14491575144477883,
            0.14977494722652918,
            0.1606321665988426,
            0.1580609960829559,
            0.18104126944950566,
            0.1911550745345563,
            0.18291677996904168,
            0.22740574396486601,
            0.4205744869093006,
            0.42065884221844346,
            0.43740047098177365,
            0.1809847860819248,
            0.184140951318217,
            0.18521288989009965,
            0.16926205104011433,
            0.224288551652299,
            0.21354890451323494,
            0.22793892091750148,
            0.23189829742360857
        ],
        [
            0.1336949779578937,
            0.20941147229531118,
            0.0846566255624723,
            0.079307014988546,
            0.0,
            0.10952175701134242,
            0.11462654391569238,
            0.10094580308757195,
            0.13816998132187613,
            0.15791880219888388,
            0.12142418163407973,
            0.11668176963130916,
            0.11665686089046814,
            0.11793279179018565,
            0.12679598724324287,
            0.13607201814203929,
            0.13984055020401073,
            0.144377349266022,
            0.13024639128913565,
            0.1247505946466462,
            0.1589620679120474,
            0.16646639120509216,
            0.14003794100001923,
            0.15191886524607034,
            0.15128844989764995,
            0.19517221364718587,
            0.25510687413352506,
            0.26050142927100484,
            0.24792650196783197,
            0.2758667232612142,
            0.2656992578683143,
            0.23646208749662448,
            0.27589424738187485,
            0.2592089870890747,
            0.15202949863866178,
            0.16593328160376428,
            0.16845111238890137,
            0.17008639311402968,
            0.16861716721362818,
            0.18790205849362832,
            0.183946965857633,
            0.1670755774794513,
            0.16180194382829835,
            0.16683286726852065,
            0.173118084445248,
            0.22337541053311796,
            0.1527816345648572,
            0.15193059529769537,
            0.1535388086036404,
            0.15760810332941697,
            0.15671538633163504,
            0.16517042896482623,
            0.1642332618830673,
            0.16909245766481765,
            0.17994967703713108,
            0.17737850652124437,
            0.20035877988779413,
            0.21047258497284477,
            0.20223429040733015,
            0.24672325440315448,
            0.4398919973475891,
            0.43997635265673196,
            0.45671798142006215,
            0.20030229652021328,
            0.20345846175650548,
            0.20453040032838812,
            0.1885795614784028,
            0.24360606209058747,
            0.2328664149515234,
            0.24725643135578995,
            0.251215807861897
        ],
        [
            0.16431390598851914,
            0.24003040032593662,
            0.11527555359309774,
            0.10992594301917144,
            0.10952175701134242,
            0.0,
            0.14524547194631782,
            0.1315647311181974,
            0.16878890935250157,
            0.18853773022950931,
            0.15204310966470516,
            0.1473006976619346,
            0.14727578892109358,
            0.14855171982081108,
            0.1574149152738683,
            0.16669094617266472,
            0.17045947823463617,
            0.17499627729664743,
            0.16086531931976109,
            0.15536952267727164,
            0.18958099594267283,
            0.1970853192357176,
            0.17065686903064467,
            0.18253779327669578,
            0.18190737792827538,
            0.2257911416778113,
            0.28572580216415044,
            0.29112035730163033,
            0.27854542999845744,
            0.3064856512918396,
            0.29631818589893966,
            0.26708101552724994,
            0.3065131754125002,
            0.2898279151197002,
            0.1826484266692872,
            0.1965522096343897,
            0.1990700404195268,
            0.2007053211446551,
            0.19923609524425362,
            0.21852098652425375,
            0.21456589388825845,
            0.19769450551007672,
            0.1924208718589238,
            0.19745179529914608,
            0.20373701247587345,
            0.2539943385637434,
            0.18340056259548262,
            0.1825495233283208,
            0.18415773663426582,
            0.1882270313600424,
            0.18733431436226047,
            0.19578935699545166,
            0.19485218991369274,
            0.19971138569544308,
            0.21056860506775651,
            0.2079974345518698,
            0.23097770791841957,
            0.2410915130034702,
            0.2328532184379556,
            0.27734218243377995,
            0.4705109253782145,
            0.47059528068735734,
            0.4873369094506875,
            0.23092122455083872,
            0.2340773897871309,
            0.23514932835901356,
            0.21919848950902823,
            0.27422499012121293,
            0.2634853429821489,
            0.2778753593864154,
            0.2818347358925225
        ],
        [
            0.1206519321559355,
            0.19636842649335298,
            0.08657315738647095,
            0.09530903347740391,
            0.11462654391569238,
            0.14524547194631782,
            0.0,
            0.06408334793310877,
            0.10130752616741295,
            0.1210563470444207,
            0.09258846808266699,
            0.08784605607989643,
            0.10361381508850995,
            0.10488974598822745,
            0.11375294144128467,
            0.12302897234008109,
            0.12679750440205254,
            0.1313343034640638,
            0.11720334548717745,
            0.111707548844688,
            0.1459190221100892,
            0.15342334540313396,
            0.12699489519806104,
            0.13887581944411215,
            0.13824540409569175,
            0.18212916784522767,
            0.24206382833156684,
            0.24745838346904667,
            0.23488345616587378,
            0.26282367745925594,
            0.252656212066356,
            0.22341904169466628,
            0.2628512015799166,
            0.24616594128711652,
            0.13898645283670358,
            0.15289023580180608,
            0.15540806658694317,
            0.15704334731207148,
            0.15557412141166999,
            0.17485901269167012,
            0.1709039200556748,
            0.1540325316774931,
            0.14875889802634015,
            0.15378982146656245,
            0.1600750386432898,
            0.21033236473115977,
            0.139738588762899,
            0.13888754949573717,
            0.1404957628016822,
            0.14456505752745877,
            0.14367234052967684,
            0.15212738316286803,
            0.1511902160811091,
            0.15604941186285945,
            0.16690663123517288,
            0.16433546071928617,
            0.18731573408583593,
            0.19742953917088657,
            0.18919124460537196,
            0.2336802086011963,
            0.42684895154563085,
            0.4269333068547737,
            0.4436749356181039,
            0.18725925071825508,
            0.19041541595454728,
            0.19148735452642993,
            0.1755365156764446,
            0.23056301628862927,
            0.2198233691495652,
            0.23421338555383175,
            0.23817276205993884
        ],
        [
            0.10697119132781507,
            0.18268768566523255,
            0.07289241655835052,
            0.08162829264928348,
            0.10094580308757195,
            0.1315647311181974,
            0.06408334793310877,
            0.0,
            0.07228679336906729,
            0.09203561424607504,
            0.07890772725454656,
            0.074165315251776,
            0.08993307426038952,
            0.09120900516010702,
            0.10007220061316424,
            0.10934823151196066,
            0.1131167635739321,
            0.11765356263594337,
            0.10352260465905702,
            0.09802680801656757,
            0.13223828128196877,
            0.13974260457501353,
            0.1133141543699406,
            0.12519507861599172,
            0.12456466326757132,
            0.16844842701710724,
            0.2283830875034464,
            0.23377764264092624,
            0.22120271533775335,
            0.24914293663113554,
            0.23897547123823562,
            0.20973830086654585,
            0.2491704607517962,
            0.2324852004589961,
            0.12530571200858315,
            0.13920949497368565,
            0.14172732575882274,
            0.14336260648395105,
            0.14189338058354956,
            0.1611782718635497,
            0.15722317922755438,
            0.14035179084937266,
            0.13507815719821972,
            0.14010908063844202,
            0.14639429781516938,
            0.19665162390303934,
            0.12605784793477856,
            0.12520680866761674,
            0.12681502197356176,
            0.13088431669933834,
            0.1299915997015564,
            0.1384466423347476,
            0.13750947525298868,
            0.14236867103473902,
            0.15322589040705245,
            0.15065471989116574,
            0.1736349932577155,
            0.18374879834276614,
            0.17551050377725153,
            0.21999946777307586,
            0.4131682107175104,
            0.4132525660266533,
            0.42999419478998346,
            0.17357850989013465,
            0.17673467512642685,
            0.1778066136983095,
            0.16185577484832417,
            0.21688227546050884,
            0.20614262832144478,
            0.22053264472571132,
            0.2244920212318184
        ],
        [
            0.14419536956211926,
            0.21991186389953674,
            0.1101165947926547,
            0.11885247088358766,
            0.13816998132187613,
            0.16878890935250157,
            0.10130752616741295,
            0.07228679336906729,
            0.0,
            0.10764198001928421,
            0.11613190548885075,
            0.11138949348608018,
            0.1271572524946937,
            0.1284331833944112,
            0.13729637884746843,
            0.14657240974626484,
            0.1503409418082363,
            0.15487774087024755,
            0.1407467828933612,
            0.13525098625087176,
            0.16946245951627295,
            0.1769667828093177,
            0.1505383326042448,
            0.1624192568502959,
            0.1617888415018755,
            0.20567260525141143,
            0.2656072657377506,
            0.2710018208752304,
            0.2584268935720575,
            0.28636711486543975,
            0.27619964947253983,
            0.24696247910085004,
            0.2863946389861004,
            0.26970937869330025,
            0.16252989024288733,
            0.17643367320798983,
            0.17895150399312693,
            0.18058678471825523,
            0.17911755881785374,
            0.19840245009785387,
            0.19444735746185857,
            0.17757596908367684,
            0.1723023354325239,
            0.1773332588727462,
            0.18361847604947357,
            0.23387580213734352,
            0.16328202616908274,
            0.16243098690192093,
            0.16403920020786594,
            0.16810849493364252,
            0.1672157779358606,
            0.17567082056905178,
            0.17473365348729286,
            0.1795928492690432,
            0.19045006864135663,
            0.18787889812546993,
            0.2108591714920197,
            0.22097297657707032,
            0.2127346820115557,
            0.25722364600738,
            0.45039238895181466,
            0.4504767442609575,
            0.4672183730242877,
            0.21080268812443884,
            0.21395885336073103,
            0.21503079193261368,
            0.19907995308262835,
            0.254106453694813,
            0.24336680655574897,
            0.2577568229600155,
            0.26171619946612257
        ],
        [
            0.163944190439127,
            0.23966068477654448,
            0.12986541566966245,
            0.1386012917605954,
            0.15791880219888388,
            0.18853773022950931,
            0.1210563470444207,
            0.09203561424607504,
            0.10764198001928421,
            0.0,
            0.1358807263658585,
            0.13113831436308793,
            0.14690607337170145,
            0.14818200427141895,
            0.15704519972447617,
            0.1663212306232726,
            0.17008976268524403,
            0.1746265617472553,
            0.16049560377036895,
            0.1549998071278795,
            0.1892112803932807,
            0.19671560368632546,
            0.17028715348125253,
            0.18216807772730365,
            0.18153766237888325,
            0.22542142612841917,
            0.2853560866147583,
            0.2907506417522382,
            0.2781757144490653,
            0.30611593574244744,
            0.2959484703495475,
            0.2667112999778578,
            0.3061434598631081,
            0.28945819957030805,
            0.18227871111989508,
            0.19618249408499758,
            0.19870032487013467,
            0.20033560559526298,
            0.19886637969486148,
            0.21815127097486162,
            0.2141961783388663,
            0.1973247899606846,
            0.19205115630953165,
            0.19708207974975395,
            0.2033672969264813,
            0.2536246230143513,
            0.1830308470460905,
            0.18217980777892867,
            0.1837880210848737,
            0.18785731581065027,
            0.18696459881286834,
            0.19541964144605953,
            0.1944824743643006,
            0.19934167014605095,
            0.21019888951836438,
            0.20762771900247767,
            0.23060799236902743,
            0.24072179745407807,
            0.23248350288856345,
            0.2769724668843878,
            0.47014120982882235,
            0.4702255651379652,
            0.4869671939012954,
            0.23055150900144658,
            0.23370767423773878,
            0.23477961280962142,
            0.2188287739596361,
            0.2738552745718208,
            0.26311562743275674,
            0.27750564383702325,
            0.28146502034313037
        ],
        [
            0.12744956987432285,
            0.20316606421174033,
            0.0933707951048583,
            0.10210667119579125,
            0.12142418163407973,
            0.15204310966470516,
            0.09258846808266699,
            0.07890772725454656,
            0.11613190548885075,
            0.1358807263658585,
            0.0,
            0.010335002000573329,
            0.11041145280689729,
            0.1116873837066148,
            0.12055057915967202,
            0.12982661005846843,
            0.13359514212043988,
            0.13813194118245115,
            0.1240009832055648,
            0.11850518656307535,
            0.15271665982847654,
            0.1602209831215213,
            0.13379253291644838,
            0.1456734571624995,
            0.1450430418140791,
            0.18892680556361502,
            0.24886146604995418,
            0.254256021187434,
            0.24168109388426112,
            0.2696213151776433,
            0.2594538497847434,
            0.23021667941305363,
            0.26964883929830397,
            0.25296357900550387,
            0.14578409055509092,
            0.15968787352019342,
            0.16220570430533052,
            0.16384098503045882,
            0.16237175913005733,
            0.18165665041005746,
            0.17770155777406216,
            0.16083016939588043,
            0.1555565357447275,
            0.1605874591849498,
            0.16687267636167716,
            0.2171300024495471,
            0.14653622648128634,
            0.14568518721412452,
            0.14729340052006953,
            0.1513626952458461,
            0.15046997824806418,
            0.15892502088125537,
            0.15798785379949645,
            0.1628470495812468,
            0.17370426895356023,
            0.17113309843767352,
            0.19411337180422328,
            0.20422717688927391,
            0.1959888823237593,
            0.24047784631958363,
            0.4336465892640182,
            0.4337309445731611,
            0.45047257333649127,
            0.19405688843664243,
            0.19721305367293462,
            0.19828499224481727,
            0.18233415339483194,
            0.2373606540070166,
            0.22662100686795256,
            0.2410110232722191,
            0.2449703997783262
        ],
        [
            0.12270715787155229,
            0.19842365220896976,
            0.08862838310208773,
            0.09736425919302069,
            0.11668176963130916,
            0.1473006976619346,
            0.08784605607989643,
            0.074165315251776,
            0.11138949348608018,
            0.13113831436308793,
            0.010335002000573329,
            0.0,
            0.10566904080412673,
            0.10694497170384423,
            0.11580816715690145,
            0.12508419805569787,
            0.12885273011766932,
            0.13338952917968058,
            0.11925857120279423,
            0.11376277456030479,
            0.14797424782570598,
            0.15547857111875074,
            0.12905012091367782,
            0.14093104515972893,
            0.14030062981130853,
            0.18418439356084446,
            0.24411905404718362,
            0.24951360918466345,
            0.23693868188149056,
            0.2648789031748727,
            0.2547114377819728,
            0.22547426741028306,
            0.2649064272955334,
            0.2482211670027333,
            0.14104167855232036,
            0.15494546151742286,
            0.15746329230255995,
            0.15909857302768826,
            0.15762934712728677,
            0.1769142384072869,
            0.1729591457712916,
            0.15608775739310987,
            0.15081412374195693,
            0.15584504718217923,
            0.1621302643589066,
            0.21238759044677655,
            0.14179381447851577,
            0.14094277521135395,
            0.14255098851729897,
            0.14662028324307555,
            0.14572756624529362,
            0.1541826088784848,
            0.1532454417967259,
            0.15810463757847623,
            0.16896185695078966,
            0.16639068643490296,
            0.18937095980145272,
            0.19948476488650335,
            0.19124647032098874,
            0.23573543431681307,
            0.42890417726124763,
            0.4289885325703905,
            0.4457301613337207,
            0.18931447643387186,
            0.19247064167016406,
            0.1935425802420467,
            0.17759174139206138,
            0.23261824200424605,
            0.221878594865182,
            0.23626861126944854,
            0.24022798777555562
        ],
        [
            0.11014315784028642,
            0.1858596521777039,
            0.08860347436124671,
            0.09733935045217967,
            0.11665686089046814,
            0.14727578892109358,
            0.10361381508850995,
            0.08993307426038952,
            0.1271572524946937,
            0.14690607337170145,
            0.11041145280689729,
            0.10566904080412673,
            0.0,
            0.09438097167257836,
            0.10324416712563558,
            0.112520198024432,
            0.11628873008640345,
            0.12082552914841471,
            0.10669457117152836,
            0.10119877452903892,
            0.1354102477944401,
            0.14291457108748487,
            0.11648612088241195,
            0.12836704512846306,
            0.12773662978004266,
            0.17162039352957859,
            0.23155505401591775,
            0.23694960915339758,
            0.2243746818502247,
            0.2523149031436069,
            0.24214743775070696,
            0.2129102673790172,
            0.25234242726426753,
            0.23565716697146744,
            0.1284776785210545,
            0.142381461486157,
            0.14489929227129408,
            0.1465345729964224,
            0.1450653470960209,
            0.16435023837602103,
            0.16039514574002572,
            0.143523757361844,
            0.13825012371069106,
            0.14328104715091336,
            0.14956626432764072,
            0.19982359041551068,
            0.1292298144472499,
            0.12837877518008808,
            0.1299869884860331,
            0.13405628321180968,
            0.13316356621402775,
            0.14161860884721894,
            0.14068144176546002,
            0.14554063754721036,
            0.1563978569195238,
            0.1538266864036371,
            0.17680695977018684,
            0.18692076485523748,
            0.17868247028972287,
            0.2231714342855472,
            0.4163401772299818,
            0.41642453253912465,
            0.43316616130245483,
            0.176750476402606,
            0.1799066416388982,
            0.18097858021078084,
            0.1650277413607955,
            0.22005424197298018,
            0.20931459483391612,
            0.22370461123818267,
            0.22766398774428975
        ],
        [
            0.09804965355136194,
            0.1768564502451972,
            0.08987940526096422,
            0.09861528135189718,
            0.11793279179018565,
            0.14855171982081108,
            0.10488974598822745,
            0.09120900516010702,
            0.1284331833944112,
            0.14818200427141895,
            0.1116873837066148,
            0.10694497170384423,
            0.09438097167257836,
            0.0,
            0.027624632334765725,
            0.07525941171814934,
            0.07902794378012079,
            0.08356474284213206,
            0.0694337848652457,
            0.06393798822275626,
            0.09814946148815745,
            0.10565378478120221,
            0.07922533457612929,
            0.0911062588221804,
            0.09047584347376,
            0.13435960722329593,
            0.20500507399699552,
            0.21039962913447535,
            0.19782470183130246,
            0.22576492312468466,
            0.21559745773178474,
            0.18636028736009497,
            0.2257924472453453,
            0.2091071869525452,
            0.10192769850213226,
            0.11583148146723476,
            0.11834931225237186,
            0.11998459297750017,
            0.11851536707709867,
            0.1378002583570988,
            0.1338451657211035,
            0.11697377734292178,
            0.11170014369176884,
            0.11673106713199113,
            0.1230162843087185,
            0.17327361039658845,
            0.10267983442832768,
            0.10182879516116586,
            0.10343700846711087,
            0.10750630319288745,
            0.10661358619510553,
            0.11506862882829672,
            0.1141314617465378,
            0.11899065752828814,
            0.12984787690060157,
            0.12727670638471486,
            0.15025697975126462,
            0.16037078483631526,
            0.15213249027080064,
            0.19662145426662497,
            0.3947702280526759,
            0.3948545833618188,
            0.41159621212514896,
            0.15518052722530012,
            0.15833669246159232,
            0.15940863103347497,
            0.14345779218348964,
            0.1984842927956743,
            0.18774464565661025,
            0.2021346620608768,
            0.20609403856698388
        ],
        [
            0.10691284900441916,
            0.18571964569825442,
            0.09874260071402144,
            0.1074784768049544,
            0.12679598724324287,
            0.1574149152738683,
            0.11375294144128467,
            0.10007220061316424,
            0.13729637884746843,
            0.15704519972447617,
            0.12055057915967202,
            0.11580816715690145,
            0.10324416712563558,
            0.027624632334765725,
            0.0,
            0.08412260717120656,
            0.08789113923317801,
            0.09242793829518928,
            0.07829698031830293,
            0.07280118367581348,
            0.10701265694121467,
            0.11451698023425944,
            0.08808853002918651,
            0.09996945427523762,
            0.09933903892681722,
            0.14322280267635315,
            0.21386826945005274,
            0.21926282458753257,
            0.20668789728435968,
            0.23462811857774188,
            0.22446065318484196,
            0.1952234828131522,
            0.23465564269840253,
            0.21797038240560243,
            0.11079089395518948,
            0.12469467692029199,
            0.12721250770542908,
            0.1288477884305574,
            0.1273785625301559,
            0.14666345381015602,
            0.14270836117416072,
            0.125836972795979,
            0.12056333914482606,
            0.12559426258504836,
            0.13187947976177572,
            0.18213680584964567,
            0.1115430298813849,
            0.11069199061422308,
            0.1123002039201681,
            0.11636949864594467,
            0.11547678164816275,
            0.12393182428135394,
            0.12299465719959501,
            0.12785385298134536,
            0.1387110723536588,
            0.13613990183777208,
            0.15912017520432184,
            0.16923398028937248,
            0.16099568572385786,
            0.2054846497196822,
            0.40363342350573317,
            0.403717778814876,
            0.4204594075782062,
            0.16404372267835735,
            0.16719988791464954,
            0.1682718264865322,
            0.15232098763654686,
            0.20734748824873153,
            0.19660784110966747,
            0.21099785751393402,
            0.2149572340200411
        ],
        [
            0.11618887990321558,
            0.19499567659705083,
            0.10801863161281786,
            0.11675450770375081,
            0.13607201814203929,
            0.16669094617266472,
            0.12302897234008109,
            0.10934823151196066,
            0.14657240974626484,
            0.1663212306232726,
            0.12982661005846843,
            0.12508419805569787,
            0.112520198024432,
            0.07525941171814934,
            0.08412260717120656,
            0.0,
            0.05349902388514907,
            0.08621345301880098,
            0.07208249504191463,
            0.06658669839942519,
            0.10080152943267814,
            0.1083058527257229,
            0.08187740252064998,
            0.10354392065464513,
            0.10291350530622473,
            0.14679726905576065,
            0.22314430034884916,
            0.228538855486329,
            0.2159639281831561,
            0.2439041494765383,
            0.23373668408363837,
            0.2044995137119486,
            0.24393167359719894,
            0.22724641330439885,
            0.1200669248539859,
            0.1339707078190884,
            0.1364885386042255,
            0.1381238193293538,
            0.1366545934289523,
            0.15593948470895244,
            0.15198439207295714,
            0.1351130036947754,
            0.12983937004362248,
            0.13487029348384477,
            0.14115551066057214,
            0.1914128367484421,
            0.12081906078018131,
            0.1199680215130195,
            0.12157623481896451,
            0.1256455295447411,
            0.12475281254695916,
            0.13320785518015035,
            0.13227068809839143,
