{
    "NEXUS_FILE_URL": "http://purl.org/phylo/treebase/phylows/study/TB2:S14246",
    "NEWICK_TREE": "((1:0.03071135,2:0.09200269):0.318353005,(((4:0.05090072,(3:0.00217542,(5:0.00216029,6:0.00227261):0.00198417):0.09735479):0.10100511,((7:1.0E-8,8:1.0E-8):0.0439445,(9:0.00256193,10:1.0E-8):0.0068027):0.20143521):0.01856904,((15:0.00226705,(13:1.0E-8,(14:1.0E-8,(11:1.0E-8,12:1.0E-8):1.0E-8):1.0E-8):1.0E-8):0.02590896,(21:0.06886968,(16:0.03811102,((17:1.0E-8,18:1.0E-8):0.00423853,(19:0.00455489,20:1.0E-8):0.01969037):0.0194199):0.01351798):0.01314825):0.11972506):0.318353005);",
    "DISTANCE_MATRIX": [
        [
            0,
            0.12271404,
            0.83789223,
            0.8865217200000001,
            0.88849076,
            0.88860308,
            0.93136612,
            0.93136612,
            0.8967862400000001,
            0.8942243200000001,
            0.81531843,
            0.8130514,
            0.81305141,
            0.8130514200000001,
            0.8130514200000001,
            0.86916035,
            0.85191967,
            0.8374670900000001,
            0.8374670900000001,
            0.85747381,
            0.8529189300000001
        ],
        [
            0.12271404,
            0,
            0.89918357,
            0.9478130600000001,
            0.9497821000000001,
            0.94989442,
            0.99265746,
            0.99265746,
            0.9580775800000001,
            0.9555156600000001,
            0.8766097700000001,
            0.87434274,
            0.8743427500000001,
            0.87434276,
            0.87434276,
            0.93045169,
            0.91321101,
            0.89875843,
            0.89875843,
            0.91876515,
            0.9142102700000001
        ],
        [
            0.83789223,
            0.89918357,
            0,
            0.15043093,
            0.15239997,
            0.15251229,
            0.39728555,
            0.39728555,
            0.36270567,
            0.36014375,
            0.31837594,
            0.31610890999999997,
            0.31610892,
            0.31610893,
            0.31610893,
            0.37221786,
            0.35497718,
            0.3405246,
            0.3405246,
            0.36053132,
            0.35597644
        ],
        [
            0.8865217200000001,
            0.9478130600000001,
            0.15043093,
            0,
            0.00631988,
            0.0064322,
            0.44591504,
            0.44591504,
            0.41133516000000003,
            0.40877324,
            0.36700542999999997,
            0.3647384,
            0.36473840999999996,
            0.36473842,
            0.36473842,
            0.42084735,
            0.40360667,
            0.38915409,
            0.38915409,
            0.40916081,
            0.40460593
        ],
        [
            0.88849076,
            0.9497821000000001,
            0.15239997,
            0.00631988,
            0,
            0.0044329,
            0.44788408,
            0.44788408,
            0.4133042,
            0.41074228,
            0.36897447,
            0.36670744,
            0.36670745,
            0.36670746,
            0.36670746,
            0.42281639000000004,
            0.40557571000000003,
            0.39112313,
            0.39112313,
            0.41112985,
            0.40657497
        ],
        [
            0.88860308,
            0.94989442,
            0.15251229,
            0.0064322,
            0.0044329,
            0,
            0.44799639999999996,
            0.44799639999999996,
            0.41341652,
            0.41085459999999996,
            0.36908679,
            0.36681976,
            0.36681977,
            0.36681978000000004,
            0.36681978000000004,
            0.42292871,
            0.40568803,
            0.39123545000000004,
            0.39123545000000004,
            0.41124216999999996,
            0.40668729000000003
        ],
        [
            0.93136612,
            0.99265746,
            0.39728555,
            0.44591504,
            0.44788408,
            0.44799639999999996,
            0,
            2e-08,
            0.05330914,
            0.050747219999999996,
            0.41184983,
            0.4095828,
            0.40958280999999996,
            0.40958282,
            0.40958282,
            0.46569175,
            0.44845107,
            0.43399849,
            0.43399849,
            0.45400521,
            0.44945033
        ],
        [
            0.93136612,
            0.99265746,
            0.39728555,
            0.44591504,
            0.44788408,
            0.44799639999999996,
            2e-08,
            0,
            0.05330914,
            0.050747219999999996,
            0.41184983,
            0.4095828,
            0.40958280999999996,
            0.40958282,
            0.40958282,
            0.46569175,
            0.44845107,
            0.43399849,
            0.43399849,
            0.45400521,
            0.44945033
        ],
        [
            0.8967862400000001,
            0.9580775800000001,
            0.36270567,
            0.41133516000000003,
            0.4133042,
            0.41341652,
            0.05330914,
            0.05330914,
            0,
            0.00256194,
            0.37726995,
            0.37500292,
            0.37500293,
            0.37500294,
            0.37500294,
            0.43111187000000006,
            0.41387119000000006,
            0.39941861,
            0.39941861,
            0.41942533000000004,
            0.41487045
        ],
        [
            0.8942243200000001,
            0.9555156600000001,
            0.36014375,
            0.40877324,
            0.41074228,
            0.41085459999999996,
            0.050747219999999996,
            0.050747219999999996,
            0.00256194,
            0,
            0.37470802999999997,
            0.372441,
            0.37244100999999996,
            0.37244102,
            0.37244102,
            0.42854995,
            0.41130927,
            0.39685669,
            0.39685669,
            0.41686341,
            0.41230853
        ],
        [
            0.81531843,
            0.8766097700000001,
            0.31837594,
            0.36700542999999997,
            0.36897447,
            0.36908679,
            0.41184983,
            0.41184983,
            0.37726995,
            0.37470802999999997,
            0,
            0.00226707,
            0.00226708,
            0.0022670900000000003,
            0.0022670900000000003,
            0.11019394,
            0.09295326000000001,
            0.07850068,
            0.07850068,
            0.0985074,
            0.09395252
        ],
        [
            0.8130514,
            0.87434274,
            0.31610890999999997,
            0.3647384,
            0.36670744,
            0.36681976,
            0.4095828,
            0.4095828,
            0.37500292,
            0.372441,
            0.00226707,
            0,
            3.0000000000000004e-08,
            4e-08,
            4e-08,
            0.10792691,
            0.09068623,
            0.07623365,
            0.07623365,
            0.09624036999999999,
            0.09168549
        ],
        [
            0.81305141,
            0.8743427500000001,
            0.31610892,
            0.36473840999999996,
            0.36670745,
            0.36681977,
            0.40958280999999996,
            0.40958280999999996,
            0.37500293,
            0.37244100999999996,
            0.00226708,
            3.0000000000000004e-08,
            0,
            3.0000000000000004e-08,
            3.0000000000000004e-08,
            0.10792692000000001,
            0.09068624000000002,
            0.07623366000000001,
            0.07623366000000001,
            0.09624038,
            0.0916855
        ],
        [
            0.8130514200000001,
            0.87434276,
            0.31610893,
            0.36473842,
            0.36670746,
            0.36681978000000004,
            0.40958282,
            0.40958282,
            0.37500294,
            0.37244102,
            0.0022670900000000003,
            4e-08,
            3.0000000000000004e-08,
            0,
            2e-08,
            0.10792693,
            0.09068625000000001,
            0.07623367,
            0.07623367,
            0.09624039,
            0.09168551
        ],
        [
            0.8130514200000001,
            0.87434276,
            0.31610893,
            0.36473842,
            0.36670746,
            0.36681978000000004,
            0.40958282,
            0.40958282,
            0.37500294,
            0.37244102,
            0.0022670900000000003,
            4e-08,
            3.0000000000000004e-08,
            2e-08,
            0,
            0.10792693,
            0.09068625000000001,
            0.07623367,
            0.07623367,
            0.09624039,
            0.09168551
        ],
        [
            0.86916035,
            0.93045169,
            0.37221786,
            0.42084735,
            0.42281639000000004,
            0.42292871,
            0.46569175,
            0.46569175,
            0.43111187000000006,
            0.42854995,
            0.11019394,
            0.10792691,
            0.10792692000000001,
            0.10792693,
            0.10792693,
            0,
            0.12049868,
            0.1060461,
            0.1060461,
            0.12605282,
            0.12149794
        ],
        [
            0.85191967,
            0.91321101,
            0.35497718,
            0.40360667,
            0.40557571000000003,
            0.40568803,
            0.44845107,
            0.44845107,
            0.41387119000000006,
            0.41130927,
            0.09295326000000001,
            0.09068623,
            0.09068624000000002,
            0.09068625000000001,
            0.09068625000000001,
            0.12049868,
            0,
            0.06176946,
            0.06176946,
            0.08177618,
            0.07722129999999999
        ],
        [
            0.8374670900000001,
            0.89875843,
            0.3405246,
            0.38915409,
            0.39112313,
            0.39123545000000004,
            0.43399849,
            0.43399849,
            0.39941861,
            0.39685669,
            0.07850068,
            0.07623365,
            0.07623366000000001,
            0.07623367,
            0.07623367,
            0.1060461,
            0.06176946,
            0,
            2e-08,
            0.028483799999999997,
            0.02392892
        ],
        [
            0.8374670900000001,
            0.89875843,
            0.3405246,
            0.38915409,
            0.39112313,
            0.39123545000000004,
            0.43399849,
            0.43399849,
            0.39941861,
            0.39685669,
            0.07850068,
            0.07623365,
            0.07623366000000001,
            0.07623367,
            0.07623367,
            0.1060461,
            0.06176946,
            2e-08,
            0,
            0.028483799999999997,
            0.02392892
        ],
        [
            0.85747381,
            0.91876515,
            0.36053132,
            0.40916081,
            0.41112985,
            0.41124216999999996,
            0.45400521,
            0.45400521,
            0.41942533000000004,
            0.41686341,
            0.0985074,
            0.09624036999999999,
            0.09624038,
            0.09624039,
            0.09624039,
            0.12605282,
            0.08177618,
            0.028483799999999997,
            0.028483799999999997,
            0,
            0.0045549
        ],
        [
            0.8529189300000001,
            0.9142102700000001,
            0.35597644,
            0.40460593,
            0.40657497,
            0.40668729000000003,
            0.44945033,
            0.44945033,
            0.41487045,
            0.41230853,
            0.09395252,
            0.09168549,
            0.0916855,
            0.09168551,
            0.09168551,
            0.12149794,
            0.07722129999999999,
            0.02392892,
            0.02392892,
            0.0045549,
            0
        ]
    ],
    "NODE_MAPPING": {
        "0": "1",
        "1": "2",
        "2": "4",
        "3": "3",
        "4": "5",
        "5": "6",
        "6": "7",
        "7": "8",
        "8": "9",
        "9": "10",
        "10": "15",
        "11": "13",
        "12": "14",
        "13": "11",
        "14": "12",
        "15": "21",
        "16": "16",
        "17": "17",
        "18": "18",
        "19": "19",
        "20": "20"
    }
}