{
    "NEXUS_FILE_URL": "http://purl.org/phylo/treebase/phylows/study/TB2:S10943",
    "NEWICK_TREE": "(56:0.42784021,((40:1.0E-8,39:1.0E-8):0.00166143,(19:1.0E-8,(((26:1.0E-8,((44:0.0016552,((((1:1.0E-8,2:1.0E-8):0.00721468,(((51:0.0016729,(8:1.0E-8,7:1.0E-8):0.00166806):1.0E-8,(32:1.0E-8,31:1.0E-8):1.0E-8):1.0E-8,((41:0.00168064,43:0.00338677):0.00172122,((46:1.0E-8,47:1.0E-8):0.00168375,(3:1.0E-8,(((11:1.0E-8,10:1.0E-8):0.00166857,(6:1.0E-8,(54:0.00167735,5:1.0E-8):1.0E-8):1.0E-8):0.00167261,4:1.0E-8):1.0E-8):1.0E-8):0.00337166):0.00334877):0.00139209):0.02394215,(((48:1.0E-8,49:1.0E-8):0.00166823,(((((36:1.0E-8,35:1.0E-8):0.00846042,(52:1.0E-8,53:1.0E-8):0.00167744):0.00167691,9:0.00166528):1.0E-8,22:1.0E-8):1.0E-8,(21:1.0E-8,(23:0.00167232,(27:1.0E-8,28:1.0E-8):0.00167085):1.0E-8):1.0E-8):1.0E-8):0.00163086,((((14:1.0E-8,12:1.0E-8):1.0E-8,13:1.0E-8):0.00166974,(17:1.0E-8,18:1.0E-8):1.0E-8):0.00167134,((45:0.00166705,24:1.0E-8):0.00167399,50:1.0E-8):1.0E-8):0.00514767):0.00503151):0.00348743,(55:0.00503906,((37:1.0E-8,38:1.0E-8):0.00331152,((34:1.0E-8,33:1.0E-8):1.0E-8,(29:1.0E-8,30:1.0E-8):0.00165811):1.0E-8):0.00505174):0.001649):1.0E-8):1.0E-8,25:1.0E-8):1.0E-8):0.00167527,42:0.00334373):0.00166394,20:1.0E-8):1.0E-8):1.0E-8):8.1395E-4,(15:1.0E-8,16:1.0E-8):8.4464E-4);",
    "DISTANCE_MATRIX": [
        [
            0.0,
            0.4303156,
            0.4303156,
            0.42865418,
            0.43199339999999997,
            0.43364861,
            0.46663769,
            0.46663769,
            0.46248801,
            0.46248318,
            0.46248318,
            0.46081512,
            0.46081512,
            0.46756572,
            0.46927185,
            0.46921928,
            0.46921928,
            0.46753554,
            0.47087673,
            0.47087673,
            0.46920817000000004,
            0.47088552,
            0.46920818000000003,
            0.46753555,
            0.44381146,
            0.44381146,
            0.45228059,
            0.45228059,
            0.44549761,
            0.44549761,
            0.44380853,
            0.44214325,
            0.44214325,
            0.44381557,
            0.44381411,
            0.44381411,
            0.44900113,
            0.44900113,
            0.44900112000000003,
            0.44733139,
            0.44733139,
            0.44900108,
            0.44733404,
            0.44566005,
            0.43868148,
            0.44200569,
            0.44200569,
            0.43869419,
            0.43869419,
            0.44035229,
            0.44035229,
            0.43199341,
            0.43366185,
            0.42865419,
            0.42868486,
            0.42868486
        ],
        [
            0.4303156,
            0.0,
            2e-08,
            0.00166146,
            0.0050006799999999995,
            0.006655889999999999,
            0.03964497000000001,
            0.03964497000000001,
            0.03549529000000001,
            0.03549046000000001,
            0.03549046000000001,
            0.03382240000000001,
            0.03382240000000001,
            0.04057300000000001,
            0.04227913000000001,
            0.04222656000000001,
            0.04222656000000001,
            0.04054282000000001,
            0.04388401000000001,
            0.04388401000000001,
            0.04221545000000001,
            0.04389280000000001,
            0.04221546000000001,
            0.04054283000000001,
            0.01681874,
            0.01681874,
            0.025287870000000007,
            0.025287870000000007,
            0.018504890000000003,
            0.018504890000000003,
            0.01681581,
            0.015150529999999999,
            0.015150529999999999,
            0.01682285,
            0.01682139,
            0.01682139,
            0.022008410000000006,
            0.022008410000000006,
            0.022008400000000008,
            0.020338670000000003,
            0.020338670000000003,
            0.022008360000000008,
            0.020341320000000003,
            0.018667330000000003,
            0.01168876,
            0.015012969999999997,
            0.015012969999999997,
            0.011701469999999999,
            0.011701469999999999,
            0.013359569999999998,
            0.013359569999999998,
            0.00500069,
            0.0066691300000000005,
            0.00166147,
            0.0033200400000000002,
            0.0033200400000000002
        ],
        [
            0.4303156,
            2e-08,
            0.0,
            0.00166146,
            0.0050006799999999995,
            0.006655889999999999,
            0.03964497000000001,
            0.03964497000000001,
            0.03549529000000001,
            0.03549046000000001,
            0.03549046000000001,
            0.03382240000000001,
            0.03382240000000001,
            0.04057300000000001,
            0.04227913000000001,
            0.04222656000000001,
            0.04222656000000001,
            0.04054282000000001,
            0.04388401000000001,
            0.04388401000000001,
            0.04221545000000001,
            0.04389280000000001,
            0.04221546000000001,
            0.04054283000000001,
            0.01681874,
            0.01681874,
            0.025287870000000007,
            0.025287870000000007,
            0.018504890000000003,
            0.018504890000000003,
            0.01681581,
            0.015150529999999999,
            0.015150529999999999,
            0.01682285,
            0.01682139,
            0.01682139,
            0.022008410000000006,
            0.022008410000000006,
            0.022008400000000008,
            0.020338670000000003,
            0.020338670000000003,
            0.022008360000000008,
            0.020341320000000003,
            0.018667330000000003,
            0.01168876,
            0.015012969999999997,
            0.015012969999999997,
            0.011701469999999999,
            0.011701469999999999,
            0.013359569999999998,
            0.013359569999999998,
            0.00500069,
            0.0066691300000000005,
            0.00166147,
            0.0033200400000000002,
            0.0033200400000000002
        ],
        [
            0.42865418,
            0.00166146,
            0.00166146,
            0.0,
            0.00333924,
            0.004994449999999999,
            0.03798353000000001,
            0.03798353000000001,
            0.03383385000000001,
            0.03382902000000001,
            0.03382902000000001,
            0.03216096000000001,
            0.03216096000000001,
            0.03891156000000001,
            0.04061769000000001,
            0.04056512000000001,
            0.04056512000000001,
            0.03888138000000001,
            0.04222257000000001,
            0.04222257000000001,
            0.04055401000000001,
            0.04223136000000001,
            0.04055402000000001,
            0.03888139000000001,
            0.015157299999999999,
            0.015157299999999999,
            0.023626430000000007,
            0.023626430000000007,
            0.016843450000000003,
            0.016843450000000003,
            0.01515437,
            0.013489089999999999,
            0.013489089999999999,
            0.01516141,
            0.015159949999999998,
            0.015159949999999998,
            0.020346970000000006,
            0.020346970000000006,
            0.020346960000000008,
            0.018677230000000003,
            0.018677230000000003,
            0.020346920000000008,
            0.018679880000000003,
            0.017005890000000003,
            0.01002732,
            0.013351529999999997,
            0.013351529999999997,
            0.010040029999999998,
            0.010040029999999998,
            0.011698129999999998,
            0.011698129999999998,
            0.00333925,
            0.00500769,
            3.0000000000000004e-08,
            0.00165862,
            0.00165862
        ],
        [
            0.43199339999999997,
            0.0050006799999999995,
            0.0050006799999999995,
            0.00333924,
            0.0,
            0.0016552299999999997,
            0.034644310000000005,
            0.034644310000000005,
            0.030494630000000005,
            0.030489800000000004,
            0.030489800000000004,
            0.028821740000000005,
            0.028821740000000005,
            0.03557234000000001,
            0.03727847000000001,
            0.037225900000000006,
            0.037225900000000006,
            0.03554216,
            0.038883350000000004,
            0.038883350000000004,
            0.037214790000000005,
            0.038892140000000006,
            0.037214800000000006,
            0.035542170000000005,
            0.01181808,
            0.01181808,
            0.020287210000000007,
            0.020287210000000007,
            0.013504229999999999,
            0.013504229999999999,
            0.01181515,
            0.01014987,
            0.01014987,
            0.01182219,
            0.01182073,
            0.01182073,
            0.017007750000000006,
            0.017007750000000006,
            0.017007740000000007,
            0.01533801,
            0.01533801,
            0.017007700000000008,
            0.015340659999999999,
            0.013666669999999999,
            0.0066881,
            0.010012309999999998,
            0.010012309999999998,
            0.00670081,
            0.00670081,
            0.008358909999999999,
            0.008358909999999999,
            3.0000000000000004e-08,
            0.00501901,
            0.00333923,
            0.00499784,
            0.00499784
        ],
        [
            0.43364861,
            0.006655889999999999,
            0.006655889999999999,
            0.004994449999999999,
            0.0016552299999999997,
            0.0,
            0.03629948,
            0.03629948,
            0.0321498,
            0.03214497,
            0.03214497,
            0.03047691,
            0.03047691,
            0.037227510000000005,
            0.038933640000000005,
            0.038881070000000004,
            0.038881070000000004,
            0.03719733,
            0.04053852,
            0.04053852,
            0.03886996,
            0.04054731,
            0.038869970000000004,
            0.03719734,
            0.013473249999999999,
            0.013473249999999999,
            0.02194238,
            0.02194238,
            0.0151594,
            0.0151594,
            0.013470320000000001,
            0.01180504,
            0.01180504,
            0.01347736,
            0.013475899999999999,
            0.013475899999999999,
            0.01866292,
            0.01866292,
            0.01866291,
            0.01699318,
            0.01699318,
            0.01866287,
            0.01699583,
            0.01532184,
            0.00834327,
            0.011667479999999997,
            0.011667479999999997,
            0.008355979999999999,
            0.008355979999999999,
            0.010014079999999998,
            0.010014079999999998,
            0.0016552199999999998,
            0.00667422,
            0.004994439999999999,
            0.006653049999999999,
            0.006653049999999999
        ],
        [
            0.46663769,
            0.03964497000000001,
            0.03964497000000001,
            0.03798353000000001,
            0.034644310000000005,
            0.03629948,
            0.0,
            2e-08,
            0.0102797,
            0.01027487,
            0.01027487,
            0.00860681,
            0.00860681,
            0.015357410000000002,
            0.017063540000000002,
            0.01701097,
            0.01701097,
            0.01532723,
            0.01866842,
            0.01866842,
            0.016999860000000002,
            0.01867721,
            0.01699987,
            0.015327239999999999,
            0.03948745,
            0.03948745,
            0.04795658,
            0.04795658,
            0.0411736,
            0.0411736,
            0.039484519999999995,
            0.03781924,
            0.03781924,
            0.039491559999999995,
            0.0394901,
            0.0394901,
            0.04467712,
            0.04467712,
            0.04467711,
            0.04300738,
            0.04300738,
            0.04467707,
            0.04301003,
            0.04133604,
            0.04133233,
            0.044656539999999995,
            0.044656539999999995,
            0.04134504,
            0.04134504,
            0.043003139999999995,
            0.043003139999999995,
            0.0346443,
            0.039663300000000005,
            0.03798352000000001,
            0.03964213000000001,
            0.03964213000000001
        ],
        [
            0.46663769,
            0.03964497000000001,
            0.03964497000000001,
            0.03798353000000001,
            0.034644310000000005,
            0.03629948,
            2e-08,
            0.0,
            0.0102797,
            0.01027487,
            0.01027487,
            0.00860681,
            0.00860681,
            0.015357410000000002,
            0.017063540000000002,
            0.01701097,
            0.01701097,
            0.01532723,
            0.01866842,
            0.01866842,
            0.016999860000000002,
            0.01867721,
            0.01699987,
            0.015327239999999999,
            0.03948745,
            0.03948745,
            0.04795658,
            0.04795658,
            0.0411736,
            0.0411736,
            0.039484519999999995,
            0.03781924,
            0.03781924,
            0.039491559999999995,
            0.0394901,
            0.0394901,
            0.04467712,
            0.04467712,
            0.04467711,
            0.04300738,
            0.04300738,
            0.04467707,
            0.04301003,
            0.04133604,
            0.04133233,
            0.044656539999999995,
            0.044656539999999995,
            0.04134504,
            0.04134504,
            0.043003139999999995,
            0.043003139999999995,
            0.0346443,
            0.039663300000000005,
            0.03798352000000001,
            0.03964213000000001,
            0.03964213000000001
        ],
        [
            0.46248801,
            0.03549529000000001,
            0.03549529000000001,
            0.03383385000000001,
            0.030494630000000005,
            0.0321498,
            0.0102797,
            0.0102797,
            0.0,
            0.00334097,
            0.00334097,
            0.00167293,
            0.00167293,
            0.00842355,
            0.01012968,
            0.010077109999999998,
            0.010077109999999998,
            0.008393369999999999,
            0.01173456,
            0.01173456,
            0.010066,
            0.011743349999999998,
            0.010066009999999999,
            0.008393379999999999,
            0.03533777,
            0.03533777,
            0.043806899999999996,
            0.043806899999999996,
            0.03702392,
            0.03702392,
            0.03533484,
            0.03366956,
            0.03366956,
            0.03534188,
            0.03534042,
            0.03534042,
            0.04052744,
            0.04052744,
            0.04052743,
            0.038857699999999995,
            0.038857699999999995,
            0.040527389999999996,
            0.03886035,
            0.03718636,
            0.03718265,
            0.04050686,
            0.04050686,
            0.03719536,
            0.03719536,
            0.03885346,
            0.03885346,
            0.030494620000000004,
            0.03551362000000001,
            0.03383384000000001,
            0.035492450000000016,
            0.035492450000000016
        ],
        [
            0.46248318,
            0.03549046000000001,
            0.03549046000000001,
            0.03382902000000001,
            0.030489800000000004,
            0.03214497,
            0.01027487,
            0.01027487,
            0.00334097,
            0.0,
            2e-08,
            0.0016681,
            0.0016681,
            0.008418720000000001,
            0.010124850000000001,
            0.01007228,
            0.01007228,
            0.00838854,
            0.01172973,
            0.01172973,
            0.010061170000000001,
            0.011738519999999999,
            0.01006118,
            0.00838855,
            0.03533294,
            0.03533294,
            0.04380207,
            0.04380207,
            0.03701909,
            0.03701909,
            0.035330009999999995,
            0.03366473,
            0.03366473,
            0.035337049999999995,
            0.03533559,
            0.03533559,
            0.04052261,
            0.04052261,
            0.0405226,
            0.03885287,
            0.03885287,
            0.04052256,
            0.03885552,
            0.03718153,
            0.03717782,
            0.040502029999999994,
            0.040502029999999994,
            0.03719053,
            0.03719053,
            0.038848629999999995,
            0.038848629999999995,
            0.030489790000000003,
            0.035508790000000005,
            0.03382901000000001,
            0.03548762000000001,
            0.03548762000000001
        ],
        [
            0.46248318,
            0.03549046000000001,
            0.03549046000000001,
            0.03382902000000001,
            0.030489800000000004,
            0.03214497,
            0.01027487,
            0.01027487,
            0.00334097,
            2e-08,
            0.0,
            0.0016681,
            0.0016681,
            0.008418720000000001,
            0.010124850000000001,
            0.01007228,
            0.01007228,
            0.00838854,
            0.01172973,
            0.01172973,
            0.010061170000000001,
            0.011738519999999999,
            0.01006118,
            0.00838855,
            0.03533294,
            0.03533294,
            0.04380207,
            0.04380207,
            0.03701909,
            0.03701909,
            0.035330009999999995,
            0.03366473,
            0.03366473,
            0.035337049999999995,
            0.03533559,
            0.03533559,
            0.04052261,
            0.04052261,
            0.0405226,
            0.03885287,
            0.03885287,
            0.04052256,
            0.03885552,
            0.03718153,
            0.03717782,
            0.040502029999999994,
            0.040502029999999994,
            0.03719053,
            0.03719053,
            0.038848629999999995,
            0.038848629999999995,
            0.030489790000000003,
            0.035508790000000005,
            0.03382901000000001,
            0.03548762000000001,
            0.03548762000000001
        ],
        [
            0.46081512,
            0.03382240000000001,
            0.03382240000000001,
            0.03216096000000001,
            0.028821740000000005,
            0.03047691,
            0.00860681,
            0.00860681,
            0.00167293,
            0.0016681,
            0.0016681,
            0.0,
            2e-08,
            0.00675066,
            0.00845679,
            0.008404219999999999,
            0.008404219999999999,
            0.006720479999999999,
            0.01006167,
            0.01006167,
            0.00839311,
            0.010070459999999998,
            0.008393119999999999,
            0.006720489999999999,
            0.03366488,
            0.03366488,
            0.04213401,
            0.04213401,
            0.03535103,
            0.03535103,
            0.033661949999999996,
            0.03199667,
            0.03199667,
            0.033668989999999996,
            0.03366753,
            0.03366753,
            0.03885455,
            0.03885455,
            0.03885454,
            0.03718481,
            0.03718481,
            0.0388545,
            0.03718746,
            0.03551347,
            0.03550976,
            0.038833969999999995,
            0.038833969999999995,
            0.03552247,
            0.03552247,
            0.037180569999999996,
            0.037180569999999996,
            0.028821730000000004,
            0.033840730000000006,
            0.03216095000000001,
            0.03381956000000001,
            0.03381956000000001
        ],
        [
            0.46081512,
            0.03382240000000001,
            0.03382240000000001,
            0.03216096000000001,
            0.028821740000000005,
            0.03047691,
            0.00860681,
            0.00860681,
            0.00167293,
            0.0016681,
            0.0016681,
            2e-08,
            0.0,
            0.00675066,
            0.00845679,
            0.008404219999999999,
            0.008404219999999999,
            0.006720479999999999,
            0.01006167,
            0.01006167,
            0.00839311,
            0.010070459999999998,
            0.008393119999999999,
            0.006720489999999999,
            0.03366488,
            0.03366488,
            0.04213401,
            0.04213401,
            0.03535103,
            0.03535103,
            0.033661949999999996,
            0.03199667,
            0.03199667,
            0.033668989999999996,
            0.03366753,
            0.03366753,
            0.03885455,
            0.03885455,
            0.03885454,
            0.03718481,
            0.03718481,
            0.0388545,
            0.03718746,
            0.03551347,
            0.03550976,
            0.038833969999999995,
            0.038833969999999995,
            0.03552247,
            0.03552247,
            0.037180569999999996,
            0.037180569999999996,
            0.028821730000000004,
            0.033840730000000006,
            0.03216095000000001,
            0.03381956000000001,
            0.03381956000000001
        ],
        [
            0.46756572,
            0.04057300000000001,
            0.04057300000000001,
            0.03891156000000001,
            0.03557234000000001,
            0.037227510000000005,
            0.015357410000000002,
            0.015357410000000002,
            0.00842355,
            0.008418720000000001,
            0.008418720000000001,
            0.00675066,
            0.00675066,
            0.0,
            0.00506741,
            0.00845728,
            0.00845728,
            0.00677354,
            0.010114729999999999,
            0.010114729999999999,
            0.00844617,
            0.010123519999999999,
            0.00844618,
            0.00677355,
            0.040415480000000004,
            0.040415480000000004,
            0.04888461,
            0.04888461,
            0.04210163,
            0.04210163,
            0.040412550000000005,
            0.03874727,
            0.03874727,
            0.040419590000000005,
            0.040418130000000003,
            0.040418130000000003,
            0.04560515,
            0.04560515,
            0.04560514,
            0.04393541,
            0.04393541,
            0.0456051,
            0.04393806,
            0.04226407,
            0.042260360000000004,
            0.04558457,
            0.04558457,
            0.04227307,
            0.04227307,
            0.04393117,
            0.04393117,
            0.035572330000000006,
            0.04059133000000001,
            0.03891155000000001,
            0.040570160000000015,
            0.040570160000000015
        ],
        [
            0.46927185,
            0.04227913000000001,
            0.04227913000000001,
            0.04061769000000001,
            0.03727847000000001,
            0.038933640000000005,
            0.017063540000000002,
            0.017063540000000002,
            0.01012968,
            0.010124850000000001,
            0.010124850000000001,
            0.00845679,
            0.00845679,
            0.00506741,
            0.0,
            0.01016341,
            0.01016341,
            0.00847967,
            0.011820859999999999,
            0.011820859999999999,
            0.0101523,
            0.011829649999999999,
            0.01015231,
            0.00847968,
            0.042121610000000004,
            0.042121610000000004,
            0.05059074,
            0.05059074,
            0.04380776,
            0.04380776,
            0.042118680000000006,
            0.0404534,
            0.0404534,
            0.042125720000000005,
            0.042124260000000004,
            0.042124260000000004,
            0.04731128,
            0.04731128,
            0.04731127,
            0.04564154,
            0.04564154,
            0.04731123,
            0.04564419,
            0.0439702,
            0.043966490000000004,
            0.0472907,
            0.0472907,
            0.0439792,
            0.0439792,
            0.0456373,
            0.0456373,
            0.037278460000000006,
            0.04229746000000001,
            0.04061768000000001,
            0.042276290000000015,
            0.042276290000000015
        ],
        [
            0.46921928,
            0.04222656000000001,
            0.04222656000000001,
            0.04056512000000001,
            0.037225900000000006,
            0.038881070000000004,
            0.01701097,
            0.01701097,
            0.010077109999999998,
            0.01007228,
            0.01007228,
            0.008404219999999999,
            0.008404219999999999,
            0.00845728,
            0.01016341,
            0.0,
            2e-08,
            0.00168378,
            0.00502497,
            0.00502497,
            0.0033564099999999998,
            0.00503376,
            0.0033564199999999997,
            0.00168379,
            0.04206904,
            0.04206904,
            0.05053817,
            0.05053817,
            0.04375519,
            0.04375519,
            0.042066110000000004,
            0.04040083,
            0.04040083,
            0.042073150000000004,
            0.04207169,
            0.04207169,
            0.047258709999999995,
            0.047258709999999995,
            0.0472587,
            0.04558897,
            0.04558897,
            0.04725866,
            0.04559162,
            0.04391763,
            0.04391392,
            0.047238129999999996,
            0.047238129999999996,
            0.04392663,
            0.04392663,
            0.04558473,
            0.04558473,
            0.037225890000000005,
            0.04224489000000001,
            0.04056511000000001,
            0.04222372000000001,
            0.04222372000000001
        ],
        [
            0.46921928,
            0.04222656000000001,
            0.04222656000000001,
            0.04056512000000001,
            0.037225900000000006,
            0.038881070000000004,
            0.01701097,
            0.01701097,
            0.010077109999999998,
            0.01007228,
            0.01007228,
            0.008404219999999999,
            0.008404219999999999,
            0.00845728,
            0.01016341,
            2e-08,
            0.0,
            0.00168378,
            0.00502497,
            0.00502497,
            0.0033564099999999998,
            0.00503376,
            0.0033564199999999997,
            0.00168379,
            0.04206904,
            0.04206904,
            0.05053817,
            0.05053817,
            0.04375519,
            0.04375519,
            0.042066110000000004,
            0.04040083,
            0.04040083,
            0.042073150000000004,
            0.04207169,
            0.04207169,
            0.047258709999999995,
            0.047258709999999995,
            0.0472587,
            0.04558897,
            0.04558897,
            0.04725866,
            0.04559162,
            0.04391763,
            0.04391392,
            0.047238129999999996,
            0.047238129999999996,
            0.04392663,
            0.04392663,
            0.04558473,
            0.04558473,
            0.037225890000000005,
            0.04224489000000001,
            0.04056511000000001,
            0.04222372000000001,
            0.04222372000000001
        ],
        [
            0.46753554,
            0.04054282000000001,
            0.04054282000000001,
            0.03888138000000001,
            0.03554216,
            0.03719733,
            0.01532723,
            0.01532723,
            0.008393369999999999,
            0.00838854,
            0.00838854,
            0.006720479999999999,
            0.006720479999999999,
            0.00677354,
            0.00847967,
            0.00168378,
            0.00168378,
            0.0,
            0.00334121,
            0.00334121,
            0.00167265,
            0.0033499999999999997,
            0.0016726599999999999,
            3.0000000000000004e-08,
            0.0403853,
            0.0403853,
            0.04885443,
            0.04885443,
            0.042071449999999996,
            0.042071449999999996,
            0.04038237,
            0.038717089999999996,
            0.038717089999999996,
            0.04038941,
            0.04038795,
            0.04038795,
            0.04557496999999999,
            0.04557496999999999,
            0.04557496,
            0.043905229999999996,
            0.043905229999999996,
            0.04557492,
            0.043907879999999996,
            0.042233889999999996,
            0.04223018,
            0.04555438999999999,
            0.04555438999999999,
            0.04224289,
            0.04224289,
            0.043900989999999994,
            0.043900989999999994,
            0.03554215,
            0.040561150000000004,
            0.038881370000000005,
            0.04053998000000001,
            0.04053998000000001
        ],
        [
            0.47087673,
            0.04388401000000001,
            0.04388401000000001,
            0.04222257000000001,
            0.038883350000000004,
            0.04053852,
            0.01866842,
            0.01866842,
            0.01173456,
            0.01172973,
            0.01172973,
            0.01006167,
            0.01006167,
            0.010114729999999999,
            0.011820859999999999,
            0.00502497,
            0.00502497,
            0.00334121,
            0.0,
            2e-08,
            0.0016686000000000001,
            0.00334595,
            0.00166861,
            0.0033412,
            0.04372649,
            0.04372649,
            0.05219562,
            0.05219562,
            0.04541264,
            0.04541264,
            0.043723559999999995,
            0.042058279999999997,
            0.042058279999999997,
            0.043730599999999994,
            0.04372914,
            0.04372914,
            0.04891616,
            0.04891616,
            0.04891615,
            0.04724642,
            0.04724642,
            0.04891611,
            0.04724907,
            0.04557508,
            0.04557137,
            0.048895579999999994,
            0.048895579999999994,
            0.04558408,
            0.04558408,
            0.047242179999999995,
            0.047242179999999995,
            0.03888334,
            0.043902340000000005,
            0.042222560000000006,
            0.04388117000000001,
            0.04388117000000001
        ],
        [
            0.47087673,
            0.04388401000000001,
            0.04388401000000001,
            0.04222257000000001,
            0.038883350000000004,
            0.04053852,
            0.01866842,
            0.01866842,
            0.01173456,
            0.01172973,
            0.01172973,
            0.01006167,
            0.01006167,
            0.010114729999999999,
            0.011820859999999999,
            0.00502497,
            0.00502497,
            0.00334121,
            2e-08,
            0.0,
            0.0016686000000000001,
            0.00334595,
            0.00166861,
            0.0033412,
            0.04372649,
            0.04372649,
            0.05219562,
            0.05219562,
            0.04541264,
            0.04541264,
            0.043723559999999995,
            0.042058279999999997,
            0.042058279999999997,
            0.043730599999999994,
            0.04372914,
            0.04372914,
            0.04891616,
            0.04891616,
            0.04891615,
            0.04724642,
            0.04724642,
            0.04891611,
            0.04724907,
            0.04557508,
            0.04557137,
            0.048895579999999994,
            0.048895579999999994,
            0.04558408,
            0.04558408,
            0.047242179999999995,
            0.047242179999999995,
            0.03888334,
            0.043902340000000005,
            0.042222560000000006,
            0.04388117000000001,
            0.04388117000000001
        ],
        [
            0.46920817000000004,
            0.04221545000000001,
            0.04221545000000001,
            0.04055401000000001,
            0.037214790000000005,
            0.03886996,
            0.016999860000000002,
            0.016999860000000002,
            0.010066,
            0.010061170000000001,
            0.010061170000000001,
            0.00839311,
            0.00839311,
            0.00844617,
            0.0101523,
            0.0033564099999999998,
            0.0033564099999999998,
            0.00167265,
            0.0016686000000000001,
            0.0016686000000000001,
            0.0,
            0.0016773699999999999,
            3.0000000000000004e-08,
            0.00167264,
            0.04205793,
            0.04205793,
            0.05052706,
            0.05052706,
            0.04374408,
            0.04374408,
            0.042054999999999995,
            0.04038972,
            0.04038972,
            0.042062039999999995,
            0.04206058,
            0.04206058,
            0.0472476,
            0.0472476,
            0.04724759,
            0.04557786,
            0.04557786,
            0.04724755,
            0.04558051,
            0.04390652,
            0.04390281,
            0.047227019999999995,
            0.047227019999999995,
            0.04391552,
            0.04391552,
            0.045573619999999995,
            0.045573619999999995,
            0.03721478,
            0.042233780000000005,
            0.04055400000000001,
            0.04221261000000001,
            0.04221261000000001
        ],
        [
            0.47088552,
            0.04389280000000001,
            0.04389280000000001,
            0.04223136000000001,
            0.038892140000000006,
            0.04054731,
            0.01867721,
            0.01867721,
            0.011743349999999998,
            0.011738519999999999,
            0.011738519999999999,
            0.010070459999999998,
            0.010070459999999998,
            0.010123519999999999,
            0.011829649999999999,
            0.00503376,
            0.00503376,
            0.0033499999999999997,
            0.00334595,
            0.00334595,
            0.0016773699999999999,
            0.0,
            0.00167736,
            0.0033499899999999997,
            0.04373528,
            0.04373528,
            0.05220441,
            0.05220441,
            0.04542143,
            0.04542143,
            0.04373235,
            0.04206707,
            0.04206707,
            0.04373939,
            0.04373793,
            0.04373793,
            0.048924949999999995,
            0.048924949999999995,
            0.04892494,
            0.04725521,
            0.04725521,
            0.0489249,
            0.04725786,
            0.04558387,
            0.04558016,
            0.048904369999999996,
            0.048904369999999996,
            0.04559287,
            0.04559287,
            0.047250969999999996,
            0.047250969999999996,
            0.038892130000000004,
            0.04391113000000001,
            0.04223135000000001,
            0.04388996000000001,
            0.04388996000000001
        ],
        [
            0.46920818000000003,
            0.04221546000000001,
            0.04221546000000001,
            0.04055402000000001,
            0.037214800000000006,
            0.038869970000000004,
            0.01699987,
            0.01699987,
            0.010066009999999999,
            0.01006118,
            0.01006118,
            0.008393119999999999,
            0.008393119999999999,
            0.00844618,
            0.01015231,
            0.0033564199999999997,
            0.0033564199999999997,
            0.0016726599999999999,
            0.00166861,
            0.00166861,
            3.0000000000000004e-08,
            0.00167736,
            0.0,
            0.00167265,
            0.04205794,
            0.04205794,
            0.05052707,
            0.05052707,
            0.04374409,
            0.04374409,
            0.042055010000000004,
            0.04038973,
            0.04038973,
            0.042062050000000004,
            0.04206059,
            0.04206059,
            0.047247609999999995,
            0.047247609999999995,
            0.0472476,
            0.04557787,
            0.04557787,
            0.04724756,
            0.04558052,
            0.04390653,
            0.04390282,
            0.047227029999999996,
            0.047227029999999996,
            0.04391553,
            0.04391553,
            0.04557363,
            0.04557363,
            0.037214790000000005,
            0.04223379000000001,
            0.04055401000000001,
            0.04221262000000001,
            0.04221262000000001
        ],
        [
            0.46753555,
            0.04054283000000001,
            0.04054283000000001,
            0.03888139000000001,
            0.035542170000000005,
            0.03719734,
            0.015327239999999999,
            0.015327239999999999,
            0.008393379999999999,
            0.00838855,
            0.00838855,
            0.006720489999999999,
            0.006720489999999999,
            0.00677355,
            0.00847968,
            0.00168379,
            0.00168379,
            3.0000000000000004e-08,
            0.0033412,
            0.0033412,
            0.00167264,
            0.0033499899999999997,
            0.00167265,
            0.0,
            0.04038531,
            0.04038531,
            0.04885444,
            0.04885444,
            0.04207146,
            0.04207146,
            0.040382379999999996,
            0.0387171,
            0.0387171,
            0.040389419999999995,
            0.04038796,
            0.04038796,
            0.04557498,
            0.04557498,
            0.04557497,
            0.04390524,
            0.04390524,
            0.04557493,
            0.04390789,
            0.0422339,
            0.04223019,
            0.045554399999999995,
            0.045554399999999995,
            0.0422429,
            0.0422429,
            0.043900999999999996,
            0.043900999999999996,
            0.03554216,
            0.040561160000000006,
            0.03888138000000001,
            0.04053999000000001,
            0.04053999000000001
        ],
        [
            0.44381146,
            0.01681874,
            0.01681874,
            0.015157299999999999,
            0.01181808,
            0.013473249999999999,
            0.03948745,
            0.03948745,
            0.03533777,
            0.03533294,
            0.03533294,
            0.03366488,
            0.03366488,
            0.040415480000000004,
            0.042121610000000004,
            0.04206904,
            0.04206904,
            0.0403853,
            0.04372649,
            0.04372649,
            0.04205793,
