{
    "NEXUS_FILE_URL": "http://purl.org/phylo/treebase/phylows/study/TB2:S12394",
    "NEWICK_TREE": "(((9:0.0,10:0.0,26:0.006102,27:0.0):0.106279,(36:0.11881,(33:0.0,34:0.0,(5:0.0,6:0.0,7:9.35E-4,8:8.77E-4,28:0.0,29:0.0,31:0.0,32:0.0):0.007052):0.012381):0.089503):0.0686995,((15:0.0,16:0.0,17:0.0,18:0.002624,19:0.0,20:0.0,30:0.001741):0.143651,(23:0.0,24:0.0,25:0.0,((37:0.007869,(4:0.075066,(1:0.0071,2:0.009323):0.004331):0.002383):0.007106,(35:0.127095,(3:0.004567,(21:0.0,22:0.0,(11:0.0,12:0.0,(13:0.0,14:0.0):8.77E-4):8.77E-4):0.003211):0.004987):0.005249):0.037595):0.099606):0.0686995);",
    "DISTANCE_MATRIX": [
        [
            0.0,
            0.0,
            0.006102,
            0.0,
            0.314592,
            0.208163,
            0.208163,
            0.215215,
            0.215215,
            0.21615,
            0.216092,
            0.215215,
            0.215215,
            0.215215,
            0.215215,
            0.387329,
            0.387329,
            0.387329,
            0.389953,
            0.387329,
            0.387329,
            0.38906999999999997,
            0.343284,
            0.343284,
            0.343284,
            0.395854,
            0.46543399999999996,
            0.401799,
            0.404022,
            0.513223,
            0.395682,
            0.39432599999999995,
            0.39432599999999995,
            0.39520299999999997,
            0.39520299999999997,
            0.39608,
            0.39608
        ],
        [
            0.0,
            0.0,
            0.006102,
            0.0,
            0.314592,
            0.208163,
            0.208163,
            0.215215,
            0.215215,
            0.21615,
            0.216092,
            0.215215,
            0.215215,
            0.215215,
            0.215215,
            0.387329,
            0.387329,
            0.387329,
            0.389953,
            0.387329,
            0.387329,
            0.38906999999999997,
            0.343284,
            0.343284,
            0.343284,
            0.395854,
            0.46543399999999996,
            0.401799,
            0.404022,
            0.513223,
            0.395682,
            0.39432599999999995,
            0.39432599999999995,
            0.39520299999999997,
            0.39520299999999997,
            0.39608,
            0.39608
        ],
        [
            0.006102,
            0.006102,
            0.0,
            0.006102,
            0.320694,
            0.21426499999999998,
            0.21426499999999998,
            0.22131699999999999,
            0.22131699999999999,
            0.222252,
            0.222194,
            0.22131699999999999,
            0.22131699999999999,
            0.22131699999999999,
            0.22131699999999999,
            0.393431,
            0.393431,
            0.393431,
            0.39605499999999993,
            0.393431,
            0.393431,
            0.39517199999999997,
            0.349386,
            0.349386,
            0.349386,
            0.401956,
            0.47153599999999996,
            0.40790099999999996,
            0.41012399999999993,
            0.519325,
            0.401784,
            0.400428,
            0.400428,
            0.401305,
            0.401305,
            0.402182,
            0.402182
        ],
        [
            0.0,
            0.0,
            0.006102,
            0.0,
            0.314592,
            0.208163,
            0.208163,
            0.215215,
            0.215215,
            0.21615,
            0.216092,
            0.215215,
            0.215215,
            0.215215,
            0.215215,
            0.387329,
            0.387329,
            0.387329,
            0.389953,
            0.387329,
            0.387329,
            0.38906999999999997,
            0.343284,
            0.343284,
            0.343284,
            0.395854,
            0.46543399999999996,
            0.401799,
            0.404022,
            0.513223,
            0.395682,
            0.39432599999999995,
            0.39432599999999995,
            0.39520299999999997,
            0.39520299999999997,
            0.39608,
            0.39608
        ],
        [
            0.314592,
            0.314592,
            0.320694,
            0.314592,
            0.0,
            0.131191,
            0.131191,
            0.138243,
            0.138243,
            0.139178,
            0.13912,
            0.138243,
            0.138243,
            0.138243,
            0.138243,
            0.489363,
            0.489363,
            0.489363,
            0.49198699999999995,
            0.489363,
            0.489363,
            0.491104,
            0.445318,
            0.445318,
            0.445318,
            0.497888,
            0.567468,
            0.503833,
            0.506056,
            0.615257,
            0.497716,
            0.49636,
            0.49636,
            0.49723700000000004,
            0.49723700000000004,
            0.498114,
            0.498114
        ],
        [
            0.208163,
            0.208163,
            0.21426499999999998,
            0.208163,
            0.131191,
            0.0,
            0.0,
            0.007052,
            0.007052,
            0.007987,
            0.007929,
            0.007052,
            0.007052,
            0.007052,
            0.007052,
            0.382934,
            0.382934,
            0.382934,
            0.38555799999999996,
            0.382934,
            0.382934,
            0.384675,
            0.338889,
            0.338889,
            0.338889,
            0.391459,
            0.461039,
            0.397404,
            0.39962699999999995,
            0.5088280000000001,
            0.391287,
            0.389931,
            0.389931,
            0.39080800000000004,
            0.39080800000000004,
            0.391685,
            0.391685
        ],
        [
            0.208163,
            0.208163,
            0.21426499999999998,
            0.208163,
            0.131191,
            0.0,
            0.0,
            0.007052,
            0.007052,
            0.007987,
            0.007929,
            0.007052,
            0.007052,
            0.007052,
            0.007052,
            0.382934,
            0.382934,
            0.382934,
            0.38555799999999996,
            0.382934,
            0.382934,
            0.384675,
            0.338889,
            0.338889,
            0.338889,
            0.391459,
            0.461039,
            0.397404,
            0.39962699999999995,
            0.5088280000000001,
            0.391287,
            0.389931,
            0.389931,
            0.39080800000000004,
            0.39080800000000004,
            0.391685,
            0.391685
        ],
        [
            0.215215,
            0.215215,
            0.22131699999999999,
            0.215215,
            0.138243,
            0.007052,
            0.007052,
            0.0,
            0.0,
            0.000935,
            0.000877,
            0.0,
            0.0,
            0.0,
            0.0,
            0.389986,
            0.389986,
            0.389986,
            0.39261,
            0.389986,
            0.389986,
            0.391727,
            0.345941,
            0.345941,
            0.345941,
            0.398511,
            0.468091,
            0.40445600000000004,
            0.406679,
            0.5158800000000001,
            0.398339,
            0.396983,
            0.396983,
            0.39786,
            0.39786,
            0.398737,
            0.398737
        ],
        [
            0.215215,
            0.215215,
            0.22131699999999999,
            0.215215,
            0.138243,
            0.007052,
            0.007052,
            0.0,
            0.0,
            0.000935,
            0.000877,
            0.0,
            0.0,
            0.0,
            0.0,
            0.389986,
            0.389986,
            0.389986,
            0.39261,
            0.389986,
            0.389986,
            0.391727,
            0.345941,
            0.345941,
            0.345941,
            0.398511,
            0.468091,
            0.40445600000000004,
            0.406679,
            0.5158800000000001,
            0.398339,
            0.396983,
            0.396983,
            0.39786,
            0.39786,
            0.398737,
            0.398737
        ],
        [
            0.21615,
            0.21615,
            0.222252,
            0.21615,
            0.139178,
            0.007987,
            0.007987,
            0.000935,
            0.000935,
            0.0,
            0.0018119999999999998,
            0.000935,
            0.000935,
            0.000935,
            0.000935,
            0.39092099999999996,
            0.39092099999999996,
            0.39092099999999996,
            0.393545,
            0.39092099999999996,
            0.39092099999999996,
            0.39266199999999996,
            0.34687599999999996,
            0.34687599999999996,
            0.34687599999999996,
            0.39944599999999997,
            0.46902599999999994,
            0.405391,
            0.407614,
            0.516815,
            0.399274,
            0.397918,
            0.397918,
            0.398795,
            0.398795,
            0.399672,
            0.399672
        ],
        [
            0.216092,
            0.216092,
            0.222194,
            0.216092,
            0.13912,
            0.007929,
            0.007929,
            0.000877,
            0.000877,
            0.0018119999999999998,
            0.0,
            0.000877,
            0.000877,
            0.000877,
            0.000877,
            0.39086299999999996,
            0.39086299999999996,
            0.39086299999999996,
            0.393487,
            0.39086299999999996,
            0.39086299999999996,
            0.39260399999999995,
            0.34681799999999996,
            0.34681799999999996,
            0.34681799999999996,
            0.39938799999999997,
            0.46896799999999994,
            0.405333,
            0.407556,
            0.516757,
            0.399216,
            0.39786,
            0.39786,
            0.398737,
            0.398737,
            0.399614,
            0.399614
        ],
        [
            0.215215,
            0.215215,
            0.22131699999999999,
            0.215215,
            0.138243,
            0.007052,
            0.007052,
            0.0,
            0.0,
            0.000935,
            0.000877,
            0.0,
            0.0,
            0.0,
            0.0,
            0.389986,
            0.389986,
            0.389986,
            0.39261,
            0.389986,
            0.389986,
            0.391727,
            0.345941,
            0.345941,
            0.345941,
            0.398511,
            0.468091,
            0.40445600000000004,
            0.406679,
            0.5158800000000001,
            0.398339,
            0.396983,
            0.396983,
            0.39786,
            0.39786,
            0.398737,
            0.398737
        ],
        [
            0.215215,
            0.215215,
            0.22131699999999999,
            0.215215,
            0.138243,
            0.007052,
            0.007052,
            0.0,
            0.0,
            0.000935,
            0.000877,
            0.0,
            0.0,
            0.0,
            0.0,
            0.389986,
            0.389986,
            0.389986,
            0.39261,
            0.389986,
            0.389986,
            0.391727,
            0.345941,
            0.345941,
            0.345941,
            0.398511,
            0.468091,
            0.40445600000000004,
            0.406679,
            0.5158800000000001,
            0.398339,
            0.396983,
            0.396983,
            0.39786,
            0.39786,
            0.398737,
            0.398737
        ],
        [
            0.215215,
            0.215215,
            0.22131699999999999,
            0.215215,
            0.138243,
            0.007052,
            0.007052,
            0.0,
            0.0,
            0.000935,
            0.000877,
            0.0,
            0.0,
            0.0,
            0.0,
            0.389986,
            0.389986,
            0.389986,
            0.39261,
            0.389986,
            0.389986,
            0.391727,
            0.345941,
            0.345941,
            0.345941,
            0.398511,
            0.468091,
            0.40445600000000004,
            0.406679,
            0.5158800000000001,
            0.398339,
            0.396983,
            0.396983,
            0.39786,
            0.39786,
            0.398737,
            0.398737
        ],
        [
            0.215215,
            0.215215,
            0.22131699999999999,
            0.215215,
            0.138243,
            0.007052,
            0.007052,
            0.0,
            0.0,
            0.000935,
            0.000877,
            0.0,
            0.0,
            0.0,
            0.0,
            0.389986,
            0.389986,
            0.389986,
            0.39261,
            0.389986,
            0.389986,
            0.391727,
            0.345941,
            0.345941,
            0.345941,
            0.398511,
            0.468091,
            0.40445600000000004,
            0.406679,
            0.5158800000000001,
            0.398339,
            0.396983,
            0.396983,
            0.39786,
            0.39786,
            0.398737,
            0.398737
        ],
        [
            0.387329,
            0.387329,
            0.393431,
            0.387329,
            0.489363,
            0.382934,
            0.382934,
            0.389986,
            0.389986,
            0.39092099999999996,
            0.39086299999999996,
            0.389986,
            0.389986,
            0.389986,
            0.389986,
            0.0,
            0.0,
            0.0,
            0.002624,
            0.0,
            0.0,
            0.001741,
            0.243257,
            0.243257,
            0.243257,
            0.295827,
            0.36540700000000004,
            0.30177200000000004,
            0.303995,
            0.413196,
            0.295655,
            0.294299,
            0.294299,
            0.295176,
            0.295176,
            0.296053,
            0.296053
        ],
        [
            0.387329,
            0.387329,
            0.393431,
            0.387329,
            0.489363,
            0.382934,
            0.382934,
            0.389986,
            0.389986,
            0.39092099999999996,
            0.39086299999999996,
            0.389986,
            0.389986,
            0.389986,
            0.389986,
            0.0,
            0.0,
            0.0,
            0.002624,
            0.0,
            0.0,
            0.001741,
            0.243257,
            0.243257,
            0.243257,
            0.295827,
            0.36540700000000004,
            0.30177200000000004,
            0.303995,
            0.413196,
            0.295655,
            0.294299,
            0.294299,
            0.295176,
            0.295176,
            0.296053,
            0.296053
        ],
        [
            0.387329,
            0.387329,
            0.393431,
            0.387329,
            0.489363,
            0.382934,
            0.382934,
            0.389986,
            0.389986,
            0.39092099999999996,
            0.39086299999999996,
            0.389986,
            0.389986,
            0.389986,
            0.389986,
            0.0,
            0.0,
            0.0,
            0.002624,
            0.0,
            0.0,
            0.001741,
            0.243257,
            0.243257,
            0.243257,
            0.295827,
            0.36540700000000004,
            0.30177200000000004,
            0.303995,
            0.413196,
            0.295655,
            0.294299,
            0.294299,
            0.295176,
            0.295176,
            0.296053,
            0.296053
        ],
        [
            0.389953,
            0.389953,
            0.39605499999999993,
            0.389953,
            0.49198699999999995,
            0.38555799999999996,
            0.38555799999999996,
            0.39261,
            0.39261,
            0.393545,
            0.393487,
            0.39261,
            0.39261,
            0.39261,
            0.39261,
            0.002624,
            0.002624,
            0.002624,
            0.0,
            0.002624,
            0.002624,
            0.004365,
            0.245881,
            0.245881,
            0.245881,
            0.298451,
            0.368031,
            0.304396,
            0.306619,
            0.41582,
            0.29827899999999996,
            0.296923,
            0.296923,
            0.2978,
            0.2978,
            0.29867699999999997,
            0.29867699999999997
        ],
        [
            0.387329,
            0.387329,
            0.393431,
            0.387329,
            0.489363,
            0.382934,
            0.382934,
            0.389986,
            0.389986,
            0.39092099999999996,
            0.39086299999999996,
            0.389986,
            0.389986,
            0.389986,
            0.389986,
            0.0,
            0.0,
            0.0,
            0.002624,
            0.0,
            0.0,
            0.001741,
            0.243257,
            0.243257,
            0.243257,
            0.295827,
            0.36540700000000004,
            0.30177200000000004,
            0.303995,
            0.413196,
            0.295655,
            0.294299,
            0.294299,
            0.295176,
            0.295176,
            0.296053,
            0.296053
        ],
        [
            0.387329,
            0.387329,
            0.393431,
            0.387329,
            0.489363,
            0.382934,
            0.382934,
            0.389986,
            0.389986,
            0.39092099999999996,
            0.39086299999999996,
            0.389986,
            0.389986,
            0.389986,
            0.389986,
            0.0,
            0.0,
            0.0,
            0.002624,
            0.0,
            0.0,
            0.001741,
            0.243257,
            0.243257,
            0.243257,
            0.295827,
            0.36540700000000004,
            0.30177200000000004,
            0.303995,
            0.413196,
            0.295655,
            0.294299,
            0.294299,
            0.295176,
            0.295176,
            0.296053,
            0.296053
        ],
        [
            0.38906999999999997,
            0.38906999999999997,
            0.39517199999999997,
            0.38906999999999997,
            0.491104,
            0.384675,
            0.384675,
            0.391727,
            0.391727,
            0.39266199999999996,
            0.39260399999999995,
            0.391727,
            0.391727,
            0.391727,
            0.391727,
            0.001741,
            0.001741,
            0.001741,
            0.004365,
            0.001741,
            0.001741,
            0.0,
            0.244998,
            0.244998,
            0.244998,
            0.297568,
            0.36714800000000003,
            0.30351300000000003,
            0.305736,
            0.414937,
            0.297396,
            0.29603999999999997,
            0.29603999999999997,
            0.296917,
            0.296917,
            0.297794,
            0.297794
        ],
        [
            0.343284,
            0.343284,
            0.349386,
            0.343284,
            0.445318,
            0.338889,
            0.338889,
            0.345941,
            0.345941,
            0.34687599999999996,
            0.34681799999999996,
            0.345941,
            0.345941,
            0.345941,
            0.345941,
            0.243257,
            0.243257,
            0.243257,
            0.245881,
            0.243257,
            0.243257,
            0.244998,
            0.0,
            0.0,
            0.0,
            0.052570000000000006,
            0.12215,
            0.058515000000000005,
            0.060738,
            0.169939,
            0.052398,
            0.051042000000000004,
            0.051042000000000004,
            0.05191900000000001,
            0.05191900000000001,
            0.052796,
            0.052796
        ],
        [
            0.343284,
            0.343284,
            0.349386,
            0.343284,
            0.445318,
            0.338889,
            0.338889,
            0.345941,
            0.345941,
            0.34687599999999996,
            0.34681799999999996,
            0.345941,
            0.345941,
            0.345941,
            0.345941,
            0.243257,
            0.243257,
            0.243257,
            0.245881,
            0.243257,
            0.243257,
            0.244998,
            0.0,
            0.0,
            0.0,
            0.052570000000000006,
            0.12215,
            0.058515000000000005,
            0.060738,
            0.169939,
            0.052398,
            0.051042000000000004,
            0.051042000000000004,
            0.05191900000000001,
            0.05191900000000001,
            0.052796,
            0.052796
        ],
        [
            0.343284,
            0.343284,
            0.349386,
            0.343284,
            0.445318,
            0.338889,
            0.338889,
            0.345941,
            0.345941,
            0.34687599999999996,
            0.34681799999999996,
            0.345941,
            0.345941,
            0.345941,
            0.345941,
            0.243257,
            0.243257,
            0.243257,
            0.245881,
            0.243257,
            0.243257,
            0.244998,
            0.0,
            0.0,
            0.0,
            0.052570000000000006,
            0.12215,
            0.058515000000000005,
            0.060738,
            0.169939,
            0.052398,
            0.051042000000000004,
            0.051042000000000004,
            0.05191900000000001,
            0.05191900000000001,
            0.052796,
            0.052796
        ],
        [
            0.395854,
            0.395854,
            0.401956,
            0.395854,
            0.497888,
            0.391459,
            0.391459,
            0.398511,
            0.398511,
            0.39944599999999997,
            0.39938799999999997,
            0.398511,
            0.398511,
            0.398511,
            0.398511,
            0.295827,
            0.295827,
            0.295827,
            0.298451,
            0.295827,
            0.295827,
            0.297568,
            0.052570000000000006,
            0.052570000000000006,
            0.052570000000000006,
            0.0,
            0.08531799999999999,
            0.021683,
            0.023905999999999997,
            0.147319,
            0.029778,
            0.028422,
            0.028422,
            0.029299,
            0.029299,
            0.030175999999999998,
            0.030175999999999998
        ],
        [
            0.46543399999999996,
            0.46543399999999996,
            0.47153599999999996,
            0.46543399999999996,
            0.567468,
            0.461039,
            0.461039,
            0.468091,
            0.468091,
            0.46902599999999994,
            0.46896799999999994,
            0.468091,
            0.468091,
            0.468091,
            0.468091,
            0.36540700000000004,
            0.36540700000000004,
            0.36540700000000004,
            0.368031,
            0.36540700000000004,
            0.36540700000000004,
            0.36714800000000003,
            0.12215,
            0.12215,
            0.12215,
            0.08531799999999999,
            0.0,
            0.08649699999999999,
            0.08872,
            0.216899,
            0.09935799999999999,
            0.09800199999999999,
            0.09800199999999999,
            0.098879,
            0.098879,
            0.09975599999999998,
            0.09975599999999998
        ],
        [
            0.401799,
            0.401799,
            0.40790099999999996,
            0.401799,
            0.503833,
            0.397404,
            0.397404,
            0.40445600000000004,
            0.40445600000000004,
            0.405391,
            0.405333,
            0.40445600000000004,
            0.40445600000000004,
            0.40445600000000004,
            0.40445600000000004,
            0.30177200000000004,
            0.30177200000000004,
            0.30177200000000004,
            0.304396,
            0.30177200000000004,
            0.30177200000000004,
            0.30351300000000003,
            0.058515000000000005,
            0.058515000000000005,
            0.058515000000000005,
            0.021683,
            0.08649699999999999,
            0.0,
            0.016423,
            0.153264,
            0.035723000000000005,
            0.034367,
            0.034367,
            0.035244,
            0.035244,
            0.036121,
            0.036121
        ],
        [
            0.404022,
            0.404022,
            0.41012399999999993,
            0.404022,
            0.506056,
            0.39962699999999995,
            0.39962699999999995,
            0.406679,
            0.406679,
            0.407614,
            0.407556,
            0.406679,
            0.406679,
            0.406679,
            0.406679,
            0.303995,
            0.303995,
            0.303995,
            0.306619,
            0.303995,
            0.303995,
            0.305736,
            0.060738,
            0.060738,
            0.060738,
            0.023905999999999997,
            0.08872,
            0.016423,
            0.0,
            0.15548700000000001,
            0.037946,
            0.03659,
            0.03659,
            0.037467,
            0.037467,
            0.038344,
            0.038344
        ],
        [
            0.513223,
            0.513223,
            0.519325,
            0.513223,
            0.615257,
            0.5088280000000001,
            0.5088280000000001,
            0.5158800000000001,
            0.5158800000000001,
            0.516815,
            0.516757,
            0.5158800000000001,
            0.5158800000000001,
            0.5158800000000001,
            0.5158800000000001,
            0.413196,
            0.413196,
            0.413196,
            0.41582,
            0.413196,
            0.413196,
            0.414937,
            0.169939,
            0.169939,
            0.169939,
            0.147319,
            0.216899,
            0.153264,
            0.15548700000000001,
            0.0,
            0.13664900000000002,
            0.13529300000000002,
            0.13529300000000002,
            0.13617,
            0.13617,
            0.137047,
            0.137047
        ],
        [
            0.395682,
            0.395682,
            0.401784,
            0.395682,
            0.497716,
            0.391287,
            0.391287,
            0.398339,
            0.398339,
            0.399274,
            0.399216,
            0.398339,
            0.398339,
            0.398339,
            0.398339,
            0.295655,
            0.295655,
            0.295655,
            0.29827899999999996,
            0.295655,
            0.295655,
            0.297396,
            0.052398,
            0.052398,
            0.052398,
            0.029778,
            0.09935799999999999,
            0.035723000000000005,
            0.037946,
            0.13664900000000002,
            0.0,
            0.007778,
            0.007778,
            0.008655,
            0.008655,
            0.009531999999999999,
            0.009531999999999999
        ],
        [
            0.39432599999999995,
            0.39432599999999995,
            0.400428,
            0.39432599999999995,
            0.49636,
            0.389931,
            0.389931,
            0.396983,
            0.396983,
            0.397918,
            0.39786,
            0.396983,
            0.396983,
            0.396983,
            0.396983,
            0.294299,
            0.294299,
            0.294299,
            0.296923,
            0.294299,
            0.294299,
            0.29603999999999997,
            0.051042000000000004,
            0.051042000000000004,
            0.051042000000000004,
            0.028422,
            0.09800199999999999,
            0.034367,
            0.03659,
            0.13529300000000002,
            0.007778,
            0.0,
            0.0,
            0.000877,
            0.000877,
            0.001754,
            0.001754
        ],
        [
            0.39432599999999995,
            0.39432599999999995,
            0.400428,
            0.39432599999999995,
            0.49636,
            0.389931,
            0.389931,
            0.396983,
            0.396983,
            0.397918,
            0.39786,
            0.396983,
            0.396983,
            0.396983,
            0.396983,
            0.294299,
            0.294299,
            0.294299,
            0.296923,
            0.294299,
            0.294299,
            0.29603999999999997,
            0.051042000000000004,
            0.051042000000000004,
            0.051042000000000004,
            0.028422,
            0.09800199999999999,
            0.034367,
            0.03659,
            0.13529300000000002,
            0.007778,
            0.0,
            0.0,
            0.000877,
            0.000877,
            0.001754,
            0.001754
        ],
        [
            0.39520299999999997,
            0.39520299999999997,
            0.401305,
            0.39520299999999997,
            0.49723700000000004,
            0.39080800000000004,
            0.39080800000000004,
            0.39786,
            0.39786,
            0.398795,
            0.398737,
            0.39786,
            0.39786,
            0.39786,
            0.39786,
            0.295176,
            0.295176,
            0.295176,
            0.2978,
            0.295176,
            0.295176,
            0.296917,
            0.05191900000000001,
            0.05191900000000001,
            0.05191900000000001,
            0.029299,
            0.098879,
            0.035244,
            0.037467,
            0.13617,
            0.008655,
            0.000877,
            0.000877,
            0.0,
            0.0,
            0.000877,
            0.000877
        ],
        [
            0.39520299999999997,
            0.39520299999999997,
            0.401305,
            0.39520299999999997,
            0.49723700000000004,
            0.39080800000000004,
            0.39080800000000004,
            0.39786,
            0.39786,
            0.398795,
            0.398737,
            0.39786,
            0.39786,
            0.39786,
            0.39786,
            0.295176,
            0.295176,
            0.295176,
            0.2978,
            0.295176,
            0.295176,
            0.296917,
            0.05191900000000001,
            0.05191900000000001,
            0.05191900000000001,
            0.029299,
            0.098879,
            0.035244,
            0.037467,
            0.13617,
            0.008655,
            0.000877,
            0.000877,
            0.0,
            0.0,
            0.000877,
            0.000877
        ],
        [
            0.39608,
            0.39608,
            0.402182,
            0.39608,
            0.498114,
            0.391685,
            0.391685,
            0.398737,
            0.398737,
            0.399672,
            0.399614,
            0.398737,
            0.398737,
            0.398737,
            0.398737,
            0.296053,
            0.296053,
            0.296053,
            0.29867699999999997,
            0.296053,
            0.296053,
            0.297794,
            0.052796,
            0.052796,
            0.052796,
            0.030175999999999998,
            0.09975599999999998,
            0.036121,
            0.038344,
            0.137047,
            0.009531999999999999,
            0.001754,
            0.001754,
            0.000877,
            0.000877,
            0.0,
            0.0
        ],
        [
            0.39608,
            0.39608,
            0.402182,
            0.39608,
            0.498114,
            0.391685,
            0.391685,
            0.398737,
            0.398737,
            0.399672,
            0.399614,
            0.398737,
            0.398737,
            0.398737,
            0.398737,
            0.296053,
            0.296053,
            0.296053,
            0.29867699999999997,
            0.296053,
            0.296053,
            0.297794,
            0.052796,
            0.052796,
            0.052796,
            0.030175999999999998,
            0.09975599999999998,
            0.036121,
            0.038344,
            0.137047,
            0.009531999999999999,
            0.001754,
            0.001754,
            0.000877,
            0.000877,
            0.0,
            0.0
        ]
    ],
    "NODE_MAPPING": {
        "0": "9",
        "1": "10",
        "2": "26",
        "3": "27",
        "4": "36",
        "5": "33",
        "6": "34",
        "7": "5",
        "8": "6",
        "9": "7",
        "10": "8",
        "11": "28",
        "12": "29",
        "13": "31",
        "14": "32",
        "15": "15",
        "16": "16",
        "17": "17",
        "18": "18",
        "19": "19",
        "20": "20",
        "21": "30",
        "22": "23",
        "23": "24",
        "24": "25",
        "25": "37",
        "26": "4",
        "27": "1",
        "28": "2",
        "29": "35",
        "30": "3",
        "31": "21",
        "32": "22",
        "33": "11",
        "34": "12",
        "35": "13",
        "36": "14"
    }
}