{
    "NEXUS_FILE_URL": "http://purl.org/phylo/treebase/phylows/study/TB2:S11485",
    "NEWICK_TREE": "(3:0.058355,((29:0.008832,30:0.008665):0.019206,(16:0.01242,(((8:0.025564,9:0.008501):0.005272,((17:0.019747,(4:0.0,5:0.0):0.015917):0.007987,((6:0.0,7:0.001202):0.008389,(22:0.00119,23:0.0):0.015222):0.0):0.011795):0.001773,(((18:0.001187,19:0.0):0.009855,(20:0.001141,21:0.001255):0.022182):0.008232,((14:0.010489,15:0.015609):0.012378,((11:0.019799,(26:0.006269,(27:0.0,28:0.0):0.008584):0.018157):0.004531,((10:0.007439,(1:0.0,2:0.0):0.0088):0.012524,((12:0.001074,13:0.003745):0.017656,(24:0.001188,25:0.0):0.004148):0.017136):0.004197):0.001942):0.00256):6.151E-5):0.010379):0.027219):0.058355);",
    "DISTANCE_MATRIX": [
        [
            0.0,
            0.144748,
            0.144581,
            0.156349,
            0.18691699999999997,
            0.16985399999999998,
            0.19560999999999998,
            0.19177999999999998,
            0.19177999999999998,
            0.176265,
            0.17746699999999999,
            0.18428799999999998,
            0.18309799999999998,
            0.17364351,
            0.17245650999999998,
            0.18592451,
            0.18603851,
            0.17979651,
            0.18491650999999998,
            0.18320150999999998,
            0.18782850999999998,
            0.19014351,
            0.19014351,
            0.18303150999999998,
            0.18439250999999998,
            0.18439250999999998,
            0.19893450999999998,
            0.20160551,
            0.18554051,
            0.18435250999999997
        ],
        [
            0.144748,
            0.0,
            0.017497,
            0.067677,
            0.098245,
            0.081182,
            0.106938,
            0.103108,
            0.103108,
            0.087593,
            0.088795,
            0.095616,
            0.09442600000000001,
            0.08497151,
            0.08378451,
            0.09725251000000001,
            0.09736651000000002,
            0.09112450999999999,
            0.09624451,
            0.09452951000000001,
            0.09915651,
            0.10147151000000001,
            0.10147151000000001,
            0.09435951000000001,
            0.09572051000000001,
            0.09572051000000001,
            0.11026251000000001,
            0.11293351000000001,
            0.09686850999999999,
            0.09568051
        ],
        [
            0.144581,
            0.017497,
            0.0,
            0.06751,
            0.098078,
            0.081015,
            0.106771,
            0.102941,
            0.102941,
            0.087426,
            0.088628,
            0.095449,
            0.09425900000000001,
            0.08480451,
            0.08361751,
            0.09708551000000001,
            0.09719951000000002,
            0.09095750999999999,
            0.09607751,
            0.09436251000000001,
            0.09898951,
            0.10130451000000001,
            0.10130451000000001,
            0.09419251000000001,
            0.09555351000000001,
            0.09555351000000001,
            0.11009551000000001,
            0.11276651000000001,
            0.09670150999999999,
            0.09551351
        ],
        [
            0.156349,
            0.067677,
            0.06751,
            0.0,
            0.055408,
            0.038345000000000004,
            0.06410099999999999,
            0.060271,
            0.060271,
            0.044756000000000004,
            0.045958,
            0.052779,
            0.051588999999999996,
            0.04213451,
            0.04094751,
            0.05441551,
            0.05452951,
            0.04828751,
            0.05340751,
            0.05169251,
            0.05631951,
            0.05863451,
            0.05863451,
            0.05152251,
            0.05288351,
            0.05288351,
            0.06742551,
            0.07009651,
            0.05403151,
            0.052843509999999996
        ],
        [
            0.18691699999999997,
            0.098245,
            0.098078,
            0.055408,
            0.0,
            0.034065,
            0.070365,
            0.066535,
            0.066535,
            0.051019999999999996,
            0.052222000000000005,
            0.059043,
            0.057853,
            0.05194451,
            0.05075751,
            0.06422551,
            0.06433951,
            0.05809751,
            0.06321751,
            0.061502509999999996,
            0.06612951,
            0.06844451,
            0.06844451,
            0.06133251,
            0.06269351000000001,
            0.06269351000000001,
            0.07723551,
            0.07990651,
            0.06384150999999999,
            0.06265351
        ],
        [
            0.16985399999999998,
            0.081182,
            0.081015,
            0.038345000000000004,
            0.034065,
            0.0,
            0.053302,
            0.049472,
            0.049472,
            0.033957,
            0.035159,
            0.04198,
            0.04079,
            0.034881510000000004,
            0.03369451,
            0.047162510000000005,
            0.04727651000000001,
            0.041034509999999996,
            0.046154509999999996,
            0.04443951,
            0.04906651000000001,
            0.051381510000000005,
            0.051381510000000005,
            0.04426951,
            0.04563051,
            0.04563051,
            0.06017251,
            0.06284351,
            0.046778509999999995,
            0.04559051
        ],
        [
            0.19560999999999998,
            0.106938,
            0.106771,
            0.06410099999999999,
            0.070365,
            0.053302,
            0.0,
            0.035664,
            0.035664,
            0.036123,
            0.037325000000000004,
            0.044146000000000005,
            0.042956,
            0.06063751,
            0.05945051,
            0.07291850999999999,
            0.07303251,
            0.06679051,
            0.07191051,
            0.07019551,
            0.07482251000000001,
            0.07713750999999999,
            0.07713750999999999,
            0.07002551,
            0.07138651,
            0.07138651,
            0.08592850999999999,
            0.08859950999999999,
            0.07253451,
            0.07134651
        ],
        [
            0.19177999999999998,
            0.103108,
            0.102941,
            0.060271,
            0.066535,
            0.049472,
            0.035664,
            0.0,
            0.0,
            0.032293,
            0.033495000000000004,
            0.040316000000000005,
            0.039126,
            0.05680751,
            0.05562051,
            0.06908850999999999,
            0.06920251,
            0.06296051,
            0.06808051,
            0.06636551,
            0.07099251000000001,
            0.07330750999999999,
            0.07330750999999999,
            0.06619551,
            0.06755651,
            0.06755651,
            0.08209850999999999,
            0.08476950999999999,
            0.06870451,
            0.06751651
        ],
        [
            0.19177999999999998,
            0.103108,
            0.102941,
            0.060271,
            0.066535,
            0.049472,
            0.035664,
            0.0,
            0.0,
            0.032293,
            0.033495000000000004,
            0.040316000000000005,
            0.039126,
            0.05680751,
            0.05562051,
            0.06908850999999999,
            0.06920251,
            0.06296051,
            0.06808051,
            0.06636551,
            0.07099251000000001,
            0.07330750999999999,
            0.07330750999999999,
            0.06619551,
            0.06755651,
            0.06755651,
            0.08209850999999999,
            0.08476950999999999,
            0.06870451,
            0.06751651
        ],
        [
            0.176265,
            0.087593,
            0.087426,
            0.044756000000000004,
            0.051019999999999996,
            0.033957,
            0.036123,
            0.032293,
            0.032293,
            0.0,
            0.001202,
            0.024801,
            0.023611,
            0.041292510000000004,
            0.04010551,
            0.053573510000000005,
            0.05368751000000001,
            0.047445509999999996,
            0.052565509999999996,
            0.05085051,
            0.05547751000000001,
            0.057792510000000005,
            0.057792510000000005,
            0.05068051,
            0.05204151,
            0.05204151,
            0.06658351,
            0.06925451,
            0.053189509999999995,
            0.05200151
        ],
        [
            0.17746699999999999,
            0.088795,
            0.088628,
            0.045958,
            0.052222000000000005,
            0.035159,
            0.037325000000000004,
            0.033495000000000004,
            0.033495000000000004,
            0.001202,
            0.0,
            0.026003,
            0.024813,
            0.04249451,
            0.041307510000000006,
            0.05477551,
            0.05488951,
            0.048647510000000005,
            0.053767510000000004,
            0.05205251,
            0.05667951,
            0.05899451,
            0.05899451,
            0.05188251000000001,
            0.05324351000000001,
            0.05324351000000001,
            0.06778551,
            0.07045651,
            0.054391510000000004,
            0.053203509999999996
        ],
        [
            0.18428799999999998,
            0.095616,
            0.095449,
            0.052779,
            0.059043,
            0.04198,
            0.044146000000000005,
            0.040316000000000005,
            0.040316000000000005,
            0.024801,
            0.026003,
            0.0,
            0.00119,
            0.04931551,
            0.04812851,
            0.06159651,
            0.06171051,
            0.05546851,
            0.06058851,
            0.058873510000000004,
            0.06350051000000001,
            0.06581551,
            0.06581551,
            0.05870351,
            0.06006451,
            0.06006451,
            0.07460650999999999,
            0.07727751,
            0.06121251,
            0.060024509999999996
        ],
        [
            0.18309799999999998,
            0.09442600000000001,
            0.09425900000000001,
            0.051588999999999996,
            0.057853,
            0.04079,
            0.042956,
            0.039126,
            0.039126,
            0.023611,
            0.024813,
            0.00119,
            0.0,
            0.048125509999999996,
            0.04693851,
            0.06040651,
            0.06052051,
            0.05427851,
            0.05939851,
            0.05768351,
            0.06231051,
            0.06462551,
            0.06462551,
            0.057513510000000004,
            0.058874510000000005,
            0.058874510000000005,
            0.07341650999999999,
            0.07608751,
            0.06002251,
            0.05883450999999999
        ],
        [
            0.17364351,
            0.08497151,
            0.08480451,
            0.04213451,
            0.05194451,
            0.034881510000000004,
            0.06063751,
            0.05680751,
            0.05680751,
            0.041292510000000004,
            0.04249451,
            0.04931551,
            0.048125509999999996,
            0.0,
            0.001187,
            0.034365,
            0.034478999999999996,
            0.044701,
            0.049821,
            0.048105999999999996,
            0.052733,
            0.055048,
            0.055048,
            0.047936,
            0.049297,
            0.049297,
            0.06383899999999999,
            0.06651,
            0.050445,
            0.049256999999999995
        ],
        [
            0.17245650999999998,
            0.08378451,
            0.08361751,
            0.04094751,
            0.05075751,
            0.03369451,
            0.05945051,
            0.05562051,
            0.05562051,
            0.04010551,
            0.041307510000000006,
            0.04812851,
            0.04693851,
            0.001187,
            0.0,
            0.033178,
            0.033292,
            0.043514,
            0.048634,
            0.046919,
            0.051546,
            0.053861,
            0.053861,
            0.046749,
            0.04811,
            0.04811,
            0.06265199999999999,
            0.06532299999999999,
            0.049257999999999996,
            0.048069999999999995
        ],
        [
            0.18592451,
            0.09725251000000001,
            0.09708551000000001,
            0.05441551,
            0.06422551,
            0.047162510000000005,
            0.07291850999999999,
            0.06908850999999999,
            0.06908850999999999,
            0.053573510000000005,
            0.05477551,
            0.06159651,
            0.06040651,
            0.034365,
            0.033178,
            0.0,
            0.002396,
            0.056982,
            0.062102,
            0.060386999999999996,
            0.065014,
            0.067329,
            0.067329,
            0.060217,
            0.061578,
            0.061578,
            0.07612,
            0.078791,
            0.062726,
            0.061537999999999995
        ],
        [
            0.18603851,
            0.09736651000000002,
            0.09719951000000002,
            0.05452951,
            0.06433951,
            0.04727651000000001,
            0.07303251,
            0.06920251,
            0.06920251,
            0.05368751000000001,
            0.05488951,
            0.06171051,
            0.06052051,
            0.034478999999999996,
            0.033292,
            0.002396,
            0.0,
            0.057096,
            0.062216,
            0.060501,
            0.065128,
            0.067443,
            0.067443,
            0.060331,
            0.061692000000000004,
            0.061692000000000004,
            0.076234,
            0.078905,
            0.06284000000000001,
            0.061652
        ],
        [
            0.17979651,
            0.09112450999999999,
            0.09095750999999999,
            0.04828751,
            0.05809751,
            0.041034509999999996,
            0.06679051,
            0.06296051,
            0.06296051,
            0.047445509999999996,
            0.048647510000000005,
            0.05546851,
            0.05427851,
            0.044701,
            0.043514,
            0.056982,
            0.057096,
            0.0,
            0.026098,
            0.049139,
            0.053765999999999994,
            0.056081,
            0.056081,
            0.048969,
            0.05033,
            0.05033,
            0.06487199999999999,
            0.06754299999999999,
            0.051477999999999996,
            0.050289999999999994
        ],
        [
            0.18491650999999998,
            0.09624451,
            0.09607751,
            0.05340751,
            0.06321751,
            0.046154509999999996,
            0.07191051,
            0.06808051,
            0.06808051,
            0.052565509999999996,
            0.053767510000000004,
            0.06058851,
            0.05939851,
            0.049821,
            0.048634,
            0.062102,
            0.062216,
            0.026098,
            0.0,
            0.054259,
            0.058885999999999994,
            0.061201,
            0.061201,
            0.054089,
            0.05545,
            0.05545,
            0.069992,
            0.072663,
            0.056597999999999996,
            0.055409999999999994
        ],
        [
            0.18320150999999998,
            0.09452951000000001,
            0.09436251000000001,
            0.05169251,
            0.061502509999999996,
            0.04443951,
            0.07019551,
            0.06636551,
            0.06636551,
            0.05085051,
            0.05205251,
            0.058873510000000004,
            0.05768351,
            0.048105999999999996,
            0.046919,
            0.060386999999999996,
            0.060501,
            0.049139,
            0.054259,
            0.0,
            0.044225,
            0.04654,
            0.04654,
            0.048490000000000005,
            0.049851000000000006,
            0.049851000000000006,
            0.06439299999999999,
            0.067064,
            0.050999,
            0.049810999999999994
        ],
        [
            0.18782850999999998,
            0.09915651,
            0.09898951,
            0.05631951,
            0.06612951,
            0.04906651000000001,
            0.07482251000000001,
            0.07099251000000001,
            0.07099251000000001,
            0.05547751000000001,
            0.05667951,
            0.06350051000000001,
            0.06231051,
            0.052733,
            0.051546,
            0.065014,
            0.065128,
            0.053765999999999994,
            0.058885999999999994,
            0.044225,
            0.0,
            0.014853,
            0.014853,
            0.053117,
            0.054478,
            0.054478,
            0.06902,
            0.071691,
            0.055625999999999995,
            0.054438
        ],
        [
            0.19014351,
            0.10147151000000001,
            0.10130451000000001,
            0.05863451,
            0.06844451,
            0.051381510000000005,
            0.07713750999999999,
            0.07330750999999999,
            0.07330750999999999,
            0.057792510000000005,
            0.05899451,
            0.06581551,
            0.06462551,
            0.055048,
            0.053861,
            0.067329,
            0.067443,
            0.056081,
            0.061201,
            0.04654,
            0.014853,
            0.0,
            0.0,
            0.055432,
            0.056793,
            0.056793,
            0.071335,
            0.074006,
            0.057941,
            0.056753
        ],
        [
            0.19014351,
            0.10147151000000001,
            0.10130451000000001,
            0.05863451,
            0.06844451,
            0.051381510000000005,
            0.07713750999999999,
            0.07330750999999999,
            0.07330750999999999,
            0.057792510000000005,
            0.05899451,
            0.06581551,
            0.06462551,
            0.055048,
            0.053861,
            0.067329,
            0.067443,
            0.056081,
            0.061201,
            0.04654,
            0.014853,
            0.0,
            0.0,
            0.055432,
            0.056793,
            0.056793,
            0.071335,
            0.074006,
            0.057941,
            0.056753
        ],
        [
            0.18303150999999998,
            0.09435951000000001,
            0.09419251000000001,
            0.05152251,
            0.06133251,
            0.04426951,
            0.07002551,
            0.06619551,
            0.06619551,
            0.05068051,
            0.05188251000000001,
            0.05870351,
            0.057513510000000004,
            0.047936,
            0.046749,
            0.060217,
            0.060331,
            0.048969,
            0.054089,
            0.048490000000000005,
            0.053117,
            0.055432,
            0.055432,
            0.0,
            0.016239,
            0.016239,
            0.055829,
            0.0585,
            0.042435,
            0.041247
        ],
        [
            0.18439250999999998,
            0.09572051000000001,
            0.09555351000000001,
            0.05288351,
            0.06269351000000001,
            0.04563051,
            0.07138651,
            0.06755651,
            0.06755651,
            0.05204151,
            0.05324351000000001,
            0.06006451,
            0.058874510000000005,
            0.049297,
            0.04811,
            0.061578,
            0.061692000000000004,
            0.05033,
            0.05545,
            0.049851000000000006,
            0.054478,
            0.056793,
            0.056793,
            0.016239,
            0.0,
            0.0,
            0.05719,
            0.059861000000000004,
            0.043796,
            0.042608
        ],
        [
            0.18439250999999998,
            0.09572051000000001,
            0.09555351000000001,
            0.05288351,
            0.06269351000000001,
            0.04563051,
            0.07138651,
            0.06755651,
            0.06755651,
            0.05204151,
            0.05324351000000001,
            0.06006451,
            0.058874510000000005,
            0.049297,
            0.04811,
            0.061578,
            0.061692000000000004,
            0.05033,
            0.05545,
            0.049851000000000006,
            0.054478,
            0.056793,
            0.056793,
            0.016239,
            0.0,
            0.0,
            0.05719,
            0.059861000000000004,
            0.043796,
            0.042608
        ],
        [
            0.19893450999999998,
            0.11026251000000001,
            0.11009551000000001,
            0.06742551,
            0.07723551,
            0.06017251,
            0.08592850999999999,
            0.08209850999999999,
            0.08209850999999999,
            0.06658351,
            0.06778551,
            0.07460650999999999,
            0.07341650999999999,
            0.06383899999999999,
            0.06265199999999999,
            0.07612,
            0.076234,
            0.06487199999999999,
            0.069992,
            0.06439299999999999,
            0.06902,
            0.071335,
            0.071335,
            0.055829,
            0.05719,
            0.05719,
            0.0,
            0.004819,
            0.024066,
            0.022878
        ],
        [
            0.20160551,
            0.11293351000000001,
            0.11276651000000001,
            0.07009651,
            0.07990651,
            0.06284351,
            0.08859950999999999,
            0.08476950999999999,
            0.08476950999999999,
            0.06925451,
            0.07045651,
            0.07727751,
            0.07608751,
            0.06651,
            0.06532299999999999,
            0.078791,
            0.078905,
            0.06754299999999999,
            0.072663,
            0.067064,
            0.071691,
            0.074006,
            0.074006,
            0.0585,
            0.059861000000000004,
            0.059861000000000004,
            0.004819,
            0.0,
            0.026737000000000004,
            0.025549000000000002
        ],
        [
            0.18554051,
            0.09686850999999999,
            0.09670150999999999,
            0.05403151,
            0.06384150999999999,
            0.046778509999999995,
            0.07253451,
            0.06870451,
            0.06870451,
            0.053189509999999995,
            0.054391510000000004,
            0.06121251,
            0.06002251,
            0.050445,
            0.049257999999999996,
            0.062726,
            0.06284000000000001,
            0.051477999999999996,
            0.056597999999999996,
            0.050999,
            0.055625999999999995,
            0.057941,
            0.057941,
            0.042435,
            0.043796,
            0.043796,
            0.024066,
            0.026737000000000004,
            0.0,
            0.001188
        ],
        [
            0.18435250999999997,
            0.09568051,
            0.09551351,
            0.052843509999999996,
            0.06265351,
            0.04559051,
            0.07134651,
            0.06751651,
            0.06751651,
            0.05200151,
            0.053203509999999996,
            0.060024509999999996,
            0.05883450999999999,
            0.049256999999999995,
            0.048069999999999995,
            0.061537999999999995,
            0.061652,
            0.050289999999999994,
            0.055409999999999994,
            0.049810999999999994,
            0.054438,
            0.056753,
            0.056753,
            0.041247,
            0.042608,
            0.042608,
            0.022878,
            0.025549000000000002,
            0.001188,
            0.0
        ]
    ],
    "NODE_MAPPING": {
        "0": "3",
        "1": "29",
        "2": "30",
        "3": "16",
        "4": "8",
        "5": "9",
        "6": "17",
        "7": "4",
        "8": "5",
        "9": "6",
        "10": "7",
        "11": "22",
        "12": "23",
        "13": "18",
        "14": "19",
        "15": "20",
        "16": "21",
        "17": "14",
        "18": "15",
        "19": "11",
        "20": "26",
        "21": "27",
        "22": "28",
        "23": "10",
        "24": "1",
        "25": "2",
        "26": "12",
        "27": "13",
        "28": "24",
        "29": "25"
    }
}