{
    "NEXUS_FILE_URL": "http://purl.org/phylo/treebase/phylows/study/TB2:S11131",
    "NEWICK_TREE": "((((1:0.17164,(2:0.033572,3:0.015809):0.272713):0.261867,(4:0.004026,5:2.0E-6):0.109121):0.042396,((6:0.034553,7:0.073893):0.031048,((8:0.012051,9:0.021048):0.064424,((10:0.127984,(11:0.070051,(12:0.081814,13:0.075255):0.021781):0.058398):0.042071,(44:0.101655,(14:0.057715,(((17:0.019392,(15:0.005583,16:0.003854):0.019983):0.051933,((((18:0.005574,(19:0.006204,20:0.009932):0.009309):0.073081,(21:0.058599,22:0.024345):0.014574):0.009307,(23:0.013982,(27:0.002152,(24:2.0E-6,(25:2.0E-6,26:0.009966):2.0E-6):0.001773):0.004311):0.047044):0.013996,(28:0.022652,((35:0.040796,((29:0.008196,30:0.012421):0.020051,((31:0.024441,32:0.024305):0.054814,(33:0.018292,34:0.007003):0.006445):0.00247):0.009364):0.033394,((36:0.038066,37:0.011798):0.032602,((38:0.014007,39:0.019529):0.023667,(40:0.036293,41:0.034722):0.006233):0.011626):0.024937):0.01058):0.014769):0.010228):0.028709,(42:0.006053,43:0.058707):0.014452):0.003011):0.020467):0.065751):0.004427):0.009953):0.01734):0.0451685,(47:0.13918,46:0.196969,45:0.108436):0.0451685);",
    "DISTANCE_MATRIX": [
        [
            0,
            0.47792499999999993,
            0.46016199999999996,
            0.546654,
            0.54263,
            0.5588439999999999,
            0.5981839999999999,
            0.5796709999999999,
            0.588668,
            0.6776779999999999,
            0.6781429999999999,
            0.711687,
            0.705128,
            0.675029,
            0.6515559999999999,
            0.696886,
            0.7030599999999999,
            0.7013309999999999,
            0.7377469999999999,
            0.747686,
            0.751414,
            0.7322649999999999,
            0.6980109999999999,
            0.710811,
            0.7032919999999999,
            0.702915,
            0.7029169999999999,
            0.712881,
            0.67321,
            0.735328,
            0.732143,
            0.736368,
            0.785621,
            0.785485,
            0.7311030000000001,
            0.719814,
            0.7567429999999999,
            0.730475,
            0.735375,
            0.740897,
            0.740227,
            0.738656,
            0.6173569999999999,
            0.6700109999999999,
            0.7054199999999999,
            0.7632089999999999,
            0.6746759999999999
        ],
        [
            0.47792499999999993,
            0,
            0.049380999999999994,
            0.681299,
            0.677275,
            0.693489,
            0.732829,
            0.714316,
            0.723313,
            0.8123229999999999,
            0.812788,
            0.846332,
            0.839773,
            0.809674,
            0.7862009999999999,
            0.831531,
            0.8377049999999999,
            0.8359759999999999,
            0.8723920000000001,
            0.882331,
            0.8860589999999999,
            0.8669100000000001,
            0.832656,
            0.845456,
            0.8379369999999999,
            0.83756,
            0.8375619999999999,
            0.847526,
            0.807855,
            0.8699730000000001,
            0.8667880000000001,
            0.871013,
            0.920266,
            0.92013,
            0.865748,
            0.854459,
            0.8913880000000001,
            0.86512,
            0.87002,
            0.875542,
            0.8748720000000001,
            0.8733010000000001,
            0.752002,
            0.8046559999999999,
            0.8400650000000001,
            0.897854,
            0.8093210000000001
        ],
        [
            0.46016199999999996,
            0.049380999999999994,
            0,
            0.663536,
            0.659512,
            0.675726,
            0.715066,
            0.696553,
            0.70555,
            0.7945599999999999,
            0.795025,
            0.828569,
            0.82201,
            0.791911,
            0.768438,
            0.813768,
            0.819942,
            0.818213,
            0.8546290000000001,
            0.864568,
            0.868296,
            0.8491470000000001,
            0.814893,
            0.827693,
            0.820174,
            0.819797,
            0.8197989999999999,
            0.829763,
            0.790092,
            0.8522100000000001,
            0.8490250000000001,
            0.8532500000000001,
            0.902503,
            0.902367,
            0.847985,
            0.836696,
            0.8736250000000001,
            0.847357,
            0.852257,
            0.8577790000000001,
            0.8571090000000001,
            0.8555380000000001,
            0.734239,
            0.786893,
            0.8223020000000001,
            0.8800910000000001,
            0.7915580000000001
        ],
        [
            0.546654,
            0.681299,
            0.663536,
            0,
            0.004028,
            0.23848399999999997,
            0.27782399999999996,
            0.25931099999999996,
            0.268308,
            0.3573179999999999,
            0.35778299999999996,
            0.391327,
            0.384768,
            0.354669,
            0.33119599999999993,
            0.376526,
            0.38269999999999993,
            0.38097099999999995,
            0.417387,
            0.427326,
            0.431054,
            0.411905,
            0.37765099999999996,
            0.390451,
            0.38293199999999994,
            0.382555,
            0.3825569999999999,
            0.392521,
            0.35285,
            0.41496800000000006,
            0.41178300000000007,
            0.41600800000000004,
            0.46526100000000004,
            0.465125,
            0.410743,
            0.399454,
            0.436383,
            0.410115,
            0.415015,
            0.42053700000000005,
            0.41986700000000005,
            0.41829600000000006,
            0.29699699999999996,
            0.34965099999999993,
            0.38505999999999996,
            0.442849,
            0.35431599999999996
        ],
        [
            0.54263,
            0.677275,
            0.659512,
            0.004028,
            0,
            0.23446,
            0.27380000000000004,
            0.25528700000000004,
            0.264284,
            0.353294,
            0.35375900000000005,
            0.38730299999999995,
            0.38074399999999997,
            0.350645,
            0.327172,
            0.372502,
            0.378676,
            0.37694700000000003,
            0.41336300000000004,
            0.423302,
            0.42703,
            0.40788100000000005,
            0.37362700000000004,
            0.38642699999999996,
            0.378908,
            0.37853100000000006,
            0.378533,
            0.388497,
            0.34882599999999997,
            0.4109440000000001,
            0.4077590000000001,
            0.4119840000000001,
            0.46123700000000006,
            0.46110100000000004,
            0.40671900000000005,
            0.39543000000000006,
            0.43235900000000005,
            0.40609100000000004,
            0.41099100000000005,
            0.4165130000000001,
            0.4158430000000001,
            0.4142720000000001,
            0.29297300000000004,
            0.345627,
            0.38103600000000004,
            0.438825,
            0.35029200000000005
        ],
        [
            0.5588439999999999,
            0.693489,
            0.675726,
            0.23848399999999997,
            0.23446,
            0,
            0.108446,
            0.15202899999999997,
            0.161026,
            0.2500359999999999,
            0.250501,
            0.284045,
            0.277486,
            0.247387,
            0.22391399999999997,
            0.26924400000000004,
            0.27541799999999994,
            0.27368899999999996,
            0.31010499999999996,
            0.320044,
            0.32377199999999995,
            0.304623,
            0.27036899999999997,
            0.283169,
            0.27564999999999995,
            0.275273,
            0.27527499999999994,
            0.285239,
            0.24556799999999998,
            0.307686,
            0.304501,
            0.30872600000000006,
            0.35797900000000005,
            0.357843,
            0.303461,
            0.292172,
            0.329101,
            0.302833,
            0.30773300000000003,
            0.31325500000000006,
            0.312585,
            0.311014,
            0.189715,
            0.24236899999999997,
            0.312458,
            0.370247,
            0.281714
        ],
        [
            0.5981839999999999,
            0.732829,
            0.715066,
            0.27782399999999996,
            0.27380000000000004,
            0.108446,
            0,
            0.191369,
            0.200366,
            0.28937599999999997,
            0.289841,
            0.323385,
            0.316826,
            0.286727,
            0.263254,
            0.308584,
            0.314758,
            0.313029,
            0.349445,
            0.359384,
            0.363112,
            0.343963,
            0.309709,
            0.322509,
            0.31499,
            0.31461300000000003,
            0.314615,
            0.324579,
            0.284908,
            0.34702600000000006,
            0.34384100000000006,
            0.34806600000000004,
            0.39731900000000003,
            0.397183,
            0.342801,
            0.33151200000000003,
            0.368441,
            0.342173,
            0.347073,
            0.35259500000000005,
            0.35192500000000004,
            0.35035400000000005,
            0.229055,
            0.281709,
            0.351798,
            0.40958700000000003,
            0.321054
        ],
        [
            0.5796709999999999,
            0.714316,
            0.696553,
            0.25931099999999996,
            0.25528700000000004,
            0.15202899999999997,
            0.191369,
            0,
            0.033099,
            0.250957,
            0.25142200000000003,
            0.28496599999999994,
            0.27840699999999996,
            0.248308,
            0.22483499999999998,
            0.270165,
            0.276339,
            0.27461,
            0.311026,
            0.32096499999999994,
            0.324693,
            0.30554400000000004,
            0.27129000000000003,
            0.28408999999999995,
            0.276571,
            0.27619400000000005,
            0.276196,
            0.28615999999999997,
            0.24648899999999999,
            0.3086070000000001,
            0.3054220000000001,
            0.309647,
            0.3589,
            0.35876399999999997,
            0.30438200000000004,
            0.29309300000000005,
            0.33002200000000004,
            0.30375399999999997,
            0.308654,
            0.314176,
            0.31350600000000006,
            0.3119350000000001,
            0.19063599999999997,
            0.24328999999999998,
            0.333285,
            0.39107400000000003,
            0.302541
        ],
        [
            0.588668,
            0.723313,
            0.70555,
            0.268308,
            0.264284,
            0.161026,
            0.200366,
            0.033099,
            0,
            0.25995399999999996,
            0.260419,
            0.293963,
            0.287404,
            0.257305,
            0.23383199999999998,
            0.279162,
            0.285336,
            0.283607,
            0.320023,
            0.329962,
            0.33369,
            0.314541,
            0.280287,
            0.293087,
            0.285568,
            0.28519100000000003,
            0.285193,
            0.295157,
            0.255486,
            0.31760400000000005,
            0.31441900000000006,
            0.31864400000000004,
            0.36789700000000003,
            0.367761,
            0.313379,
            0.30209,
            0.339019,
            0.312751,
            0.317651,
            0.32317300000000004,
            0.32250300000000004,
            0.32093200000000005,
            0.199633,
            0.252287,
            0.342282,
            0.400071,
            0.311538
        ],
        [
            0.6776779999999999,
            0.8123229999999999,
            0.7945599999999999,
            0.3573179999999999,
            0.353294,
            0.2500359999999999,
            0.28937599999999997,
            0.250957,
            0.25995399999999996,
            0,
            0.256433,
            0.289977,
            0.28341799999999995,
            0.337461,
            0.313988,
            0.359318,
            0.365492,
            0.36376299999999995,
            0.40017899999999995,
            0.410118,
            0.41384599999999994,
            0.39469699999999996,
            0.36044299999999996,
            0.373243,
            0.36572399999999994,
            0.365347,
            0.365349,
            0.375313,
            0.335642,
            0.39776,
            0.394575,
            0.39880000000000004,
            0.44805300000000003,
            0.447917,
            0.39353499999999997,
            0.382246,
            0.41917499999999996,
            0.392907,
            0.397807,
            0.40332900000000005,
            0.402659,
            0.401088,
            0.27978899999999995,
            0.332443,
            0.43129199999999995,
            0.489081,
            0.40054799999999996
        ],
        [
            0.6781429999999999,
            0.812788,
            0.795025,
            0.35778299999999996,
            0.35375900000000005,
            0.250501,
            0.289841,
            0.25142200000000003,
            0.260419,
            0.256433,
            0,
            0.173646,
            0.16708699999999999,
            0.337926,
            0.314453,
            0.359783,
            0.365957,
            0.364228,
            0.400644,
            0.410583,
            0.414311,
            0.395162,
            0.360908,
            0.37370800000000004,
            0.366189,
            0.365812,
            0.365814,
            0.375778,
            0.336107,
            0.39822500000000005,
            0.39504000000000006,
            0.39926500000000004,
            0.44851800000000003,
            0.448382,
            0.394,
            0.382711,
            0.41964,
            0.393372,
            0.398272,
            0.40379400000000004,
            0.40312400000000004,
            0.40155300000000005,
            0.280254,
            0.332908,
            0.431757,
            0.48954600000000004,
            0.401013
        ],
        [
            0.711687,
            0.846332,
            0.828569,
            0.391327,
            0.38730299999999995,
            0.284045,
            0.323385,
            0.28496599999999994,
            0.293963,
            0.289977,
            0.173646,
            0,
            0.15706900000000001,
            0.37146999999999997,
            0.347997,
            0.393327,
            0.399501,
            0.397772,
            0.434188,
            0.44412699999999994,
            0.447855,
            0.42870600000000003,
            0.394452,
            0.407252,
            0.399733,
            0.39935600000000004,
            0.399358,
            0.40932199999999996,
            0.36965099999999995,
            0.43176900000000007,
            0.4285840000000001,
            0.432809,
            0.482062,
            0.48192599999999997,
            0.42754400000000004,
            0.41625500000000004,
            0.45318400000000003,
            0.42691599999999996,
            0.431816,
            0.437338,
            0.43666800000000006,
            0.43509700000000007,
            0.313798,
            0.366452,
            0.46530099999999996,
            0.5230899999999999,
            0.43455699999999997
        ],
        [
            0.705128,
            0.839773,
            0.82201,
            0.384768,
            0.38074399999999997,
            0.277486,
            0.316826,
            0.27840699999999996,
            0.287404,
            0.28341799999999995,
            0.16708699999999999,
            0.15706900000000001,
            0,
            0.364911,
            0.341438,
            0.386768,
            0.392942,
            0.391213,
            0.427629,
            0.43756799999999996,
            0.44129599999999997,
            0.422147,
            0.387893,
            0.40069299999999997,
            0.39317399999999997,
            0.392797,
            0.392799,
            0.402763,
            0.36309199999999997,
            0.42521000000000003,
            0.42202500000000004,
            0.42625,
            0.475503,
            0.475367,
            0.420985,
            0.409696,
            0.446625,
            0.420357,
            0.425257,
            0.430779,
            0.430109,
            0.42853800000000003,
            0.307239,
            0.359893,
            0.458742,
            0.516531,
            0.427998
        ],
        [
            0.675029,
            0.809674,
            0.791911,
            0.354669,
            0.350645,
            0.247387,
            0.286727,
            0.248308,
            0.257305,
            0.337461,
            0.337926,
            0.37146999999999997,
            0.364911,
            0,
            0.179837,
            0.225167,
            0.231341,
            0.22961199999999998,
            0.266028,
            0.27596699999999996,
            0.27969499999999997,
            0.260546,
            0.226292,
            0.239092,
            0.23157299999999997,
            0.231196,
            0.231198,
            0.241162,
            0.20149099999999998,
            0.26360900000000004,
            0.26042400000000004,
            0.264649,
            0.313902,
            0.313766,
            0.259384,
            0.248095,
            0.285024,
            0.258756,
            0.263656,
            0.26917800000000003,
            0.268508,
            0.26693700000000004,
            0.145638,
            0.198292,
            0.428643,
            0.486432,
            0.397899
        ],
        [
            0.6515559999999999,
            0.7862009999999999,
            0.768438,
            0.33119599999999993,
            0.327172,
            0.22391399999999997,
            0.263254,
            0.22483499999999998,
            0.23383199999999998,
            0.313988,
            0.314453,
            0.347997,
            0.341438,
            0.179837,
            0,
            0.16076000000000001,
            0.166934,
            0.165205,
            0.201621,
            0.21155999999999997,
            0.21528799999999998,
            0.196139,
            0.161885,
            0.174685,
            0.16716599999999998,
            0.16678900000000002,
            0.166791,
            0.176755,
            0.13708399999999998,
            0.19920200000000005,
            0.19601700000000005,
            0.20024200000000003,
            0.24949500000000002,
            0.249359,
            0.194977,
            0.18368800000000002,
            0.220617,
            0.194349,
            0.199249,
            0.20477100000000004,
            0.20410100000000003,
            0.20253000000000004,
            0.081231,
            0.133885,
            0.40517,
            0.462959,
            0.374426
        ],
        [
            0.696886,
            0.831531,
            0.813768,
            0.376526,
            0.372502,
            0.26924400000000004,
            0.308584,
            0.270165,
            0.279162,
            0.359318,
            0.359783,
            0.393327,
            0.386768,
            0.225167,
            0.16076000000000001,
            0,
            0.044958,
            0.043229000000000004,
            0.18351099999999998,
            0.19344999999999998,
            0.19717799999999996,
            0.178029,
            0.143775,
            0.15657500000000002,
            0.149056,
            0.148679,
            0.148681,
            0.15864499999999998,
            0.118974,
            0.18109200000000003,
            0.17790700000000004,
            0.18213200000000002,
            0.231385,
            0.23124899999999998,
            0.176867,
            0.165578,
            0.20250700000000002,
            0.176239,
            0.181139,
            0.18666100000000002,
            0.18599100000000002,
            0.18442000000000003,
            0.120539,
            0.17319299999999999,
            0.4505,
            0.508289,
            0.419756
        ],
        [
            0.7030599999999999,
            0.8377049999999999,
            0.819942,
            0.38269999999999993,
            0.378676,
            0.27541799999999994,
            0.314758,
            0.276339,
            0.285336,
            0.365492,
            0.365957,
            0.399501,
            0.392942,
            0.231341,
            0.166934,
            0.044958,
            0,
            0.009437000000000001,
            0.189685,
            0.19962399999999997,
            0.20335199999999998,
            0.184203,
            0.149949,
            0.162749,
            0.15522999999999998,
            0.15485300000000002,
            0.154855,
            0.164819,
            0.12514799999999998,
            0.18726600000000002,
            0.18408100000000002,
            0.188306,
            0.23755900000000002,
            0.237423,
            0.183041,
            0.17175200000000002,
            0.208681,
            0.182413,
            0.187313,
            0.192835,
            0.192165,
            0.190594,
            0.126713,
            0.179367,
            0.456674,
            0.514463,
            0.42593000000000003
        ],
        [
            0.7013309999999999,
            0.8359759999999999,
            0.818213,
            0.38097099999999995,
            0.37694700000000003,
            0.27368899999999996,
            0.313029,
            0.27461,
            0.283607,
            0.36376299999999995,
            0.364228,
            0.397772,
            0.391213,
            0.22961199999999998,
            0.165205,
            0.043229000000000004,
            0.009437000000000001,
            0,
            0.18795599999999998,
            0.197895,
            0.20162299999999997,
            0.182474,
            0.14822,
            0.16102,
            0.153501,
            0.153124,
            0.15312599999999998,
            0.16309,
            0.123419,
            0.185537,
            0.18235200000000001,
            0.186577,
            0.23583,
            0.235694,
            0.18131200000000003,
            0.17002300000000004,
            0.20695200000000002,
            0.180684,
            0.18558400000000003,
            0.191106,
            0.190436,
            0.188865,
            0.124984,
            0.17763800000000002,
            0.45494500000000004,
            0.512734,
            0.42420100000000005
        ],
        [
            0.7377469999999999,
            0.8723920000000001,
            0.8546290000000001,
            0.417387,
            0.41336300000000004,
            0.31010499999999996,
            0.349445,
            0.311026,
            0.320023,
            0.40017899999999995,
            0.400644,
            0.434188,
            0.427629,
            0.266028,
            0.201621,
            0.18351099999999998,
            0.189685,
            0.18795599999999998,
            0,
            0.021086999999999998,
            0.024815,
            0.151828,
            0.11757399999999998,
            0.14898799999999998,
            0.14146899999999998,
            0.141092,
            0.141094,
            0.15105799999999997,
            0.13937899999999998,
            0.20149699999999998,
            0.198312,
            0.20253699999999997,
            0.25179,
            0.251654,
            0.197272,
            0.185983,
            0.222912,
            0.19664399999999999,
            0.201544,
            0.20706599999999997,
            0.20639599999999997,
            0.20482499999999998,
            0.1614,
            0.214054,
            0.49136100000000005,
            0.54915,
            0.46061700000000005
        ],
        [
            0.747686,
            0.882331,
            0.864568,
            0.427326,
            0.423302,
            0.320044,
            0.359384,
            0.32096499999999994,
            0.329962,
            0.410118,
            0.410583,
            0.44412699999999994,
            0.43756799999999996,
            0.27596699999999996,
            0.21155999999999997,
            0.19344999999999998,
            0.19962399999999997,
            0.197895,
            0.021086999999999998,
            0,
            0.016136,
            0.161767,
            0.127513,
            0.15892699999999998,
            0.151408,
            0.151031,
            0.15103299999999997,
            0.160997,
            0.14931799999999998,
            0.211436,
            0.20825100000000002,
            0.212476,
            0.261729,
            0.26159299999999996,
            0.20721099999999998,
            0.19592199999999999,
            0.232851,
            0.206583,
            0.21148299999999998,
            0.217005,
            0.216335,
            0.214764,
            0.17133899999999996,
            0.22399299999999997,
            0.5013,
            0.559089,
            0.470556
        ],
        [
            0.751414,
            0.8860589999999999,
            0.868296,
            0.431054,
            0.42703,
            0.32377199999999995,
            0.363112,
            0.324693,
            0.33369,
            0.41384599999999994,
            0.414311,
            0.447855,
            0.44129599999999997,
            0.27969499999999997,
            0.21528799999999998,
            0.19717799999999996,
            0.20335199999999998,
            0.20162299999999997,
            0.024815,
            0.016136,
            0,
            0.165495,
            0.131241,
            0.162655,
            0.155136,
            0.15475899999999998,
            0.15476099999999998,
            0.16472499999999998,
            0.15304599999999996,
            0.215164,
            0.211979,
            0.21620399999999998,
            0.265457,
            0.265321,
            0.210939,
            0.19965,
            0.23657899999999998,
            0.21031099999999997,
            0.21521099999999999,
            0.22073299999999998,
            0.22006299999999998,
            0.218492,
            0.17506699999999997,
            0.22772099999999998,
            0.505028,
            0.562817,
            0.47428400000000004
        ],
        [
            0.7322649999999999,
            0.8669100000000001,
            0.8491470000000001,
            0.411905,
            0.40788100000000005,
            0.304623,
            0.343963,
            0.30554400000000004,
            0.314541,
            0.39469699999999996,
            0.395162,
            0.42870600000000003,
            0.422147,
            0.260546,
            0.196139,
            0.178029,
            0.184203,
            0.182474,
            0.151828,
            0.161767,
            0.165495,
            0,
            0.08294399999999999,
            0.143506,
            0.135987,
            0.13561,
            0.135612,
            0.14557599999999998,
            0.133897,
            0.196015,
            0.19283,
            0.19705499999999998,
            0.24630800000000003,
            0.246172,
            0.19179000000000002,
            0.18050100000000002,
            0.21743,
            0.191162,
            0.19606200000000001,
            0.20158399999999999,
            0.20091399999999998,
            0.199343,
            0.155918,
            0.208572,
            0.48587900000000006,
            0.543668,
            0.45513500000000007
        ],
        [
            0.6980109999999999,
            0.832656,
            0.814893,
            0.37765099999999996,
            0.37362700000000004,
            0.27036899999999997,
            0.309709,
            0.27129000000000003,
            0.280287,
            0.36044299999999996,
            0.360908,
            0.394452,
            0.387893,
            0.226292,
            0.161885,
            0.143775,
            0.149949,
            0.14822,
            0.11757399999999998,
            0.127513,
            0.131241,
            0.08294399999999999,
            0,
            0.10925199999999999,
            0.10173299999999999,
            0.101356,
            0.10135799999999999,
            0.11132199999999999,
            0.09964299999999998,
            0.16176100000000002,
            0.15857600000000002,
            0.162801,
            0.21205400000000002,
            0.211918,
            0.157536,
            0.14624700000000002,
            0.183176,
            0.156908,
            0.161808,
            0.16733,
            0.16666,
            0.165089,
            0.12166399999999998,
            0.17431799999999997,
            0.45162500000000005,
            0.509414,
            0.42088100000000006
        ],
        [
            0.710811,
            0.845456,
            0.827693,
            0.390451,
            0.38642699999999996,
            0.283169,
            0.322509,
            0.28408999999999995,
            0.293087,
            0.373243,
            0.37370800000000004,
            0.407252,
            0.40069299999999997,
            0.239092,
            0.174685,
            0.15657500000000002,
            0.162749,
            0.16102,
            0.14898799999999998,
            0.15892699999999998,
            0.162655,
            0.143506,
            0.10925199999999999,
            0,
            0.020444999999999998,
            0.020068,
            0.020069999999999998,
            0.030033999999999998,
            0.112443,
            0.17456100000000002,
            0.17137600000000003,
            0.175601,
            0.22485400000000003,
            0.224718,
            0.17033600000000002,
            0.15904700000000002,
            0.19597600000000004,
            0.16970800000000003,
            0.174608,
            0.18013,
            0.17946,
            0.17788900000000002,
            0.134464,
            0.187118,
            0.464425,
            0.522214,
            0.433681
        ],
        [
            0.7032919999999999,
            0.8379369999999999,
            0.820174,
            0.38293199999999994,
            0.378908,
            0.27564999999999995,
            0.31499,
            0.276571,
            0.285568,
            0.36572399999999994,
            0.366189,
            0.399733,
            0.39317399999999997,
            0.23157299999999997,
            0.16716599999999998,
            0.149056,
            0.15522999999999998,
            0.153501,
            0.14146899999999998,
            0.151408,
            0.155136,
            0.135987,
            0.10173299999999999,
            0.020444999999999998,
            0,
            0.003927,
            0.003929,
            0.013892999999999999,
            0.10492399999999999,
            0.16704200000000002,
            0.16385700000000003,
            0.168082,
            0.217335,
            0.21719899999999998,
            0.162817,
            0.151528,
            0.188457,
            0.162189,
            0.167089,
            0.17261100000000001,
            0.171941,
            0.17037000000000002,
            0.126945,
            0.179599,
            0.45690600000000003,
            0.514695,
            0.42616200000000004
        ],
        [
            0.702915,
            0.83756,
            0.819797,
            0.382555,
            0.37853100000000006,
            0.275273,
            0.31461300000000003,
            0.27619400000000005,
            0.28519100000000003,
            0.365347,
            0.365812,
            0.39935600000000004,
            0.392797,
            0.231196,
            0.16678900000000002,
            0.148679,
            0.15485300000000002,
            0.153124,
            0.141092,
            0.151031,
            0.15475899999999998,
            0.13561,
            0.101356,
            0.020068,
            0.003927,
            0,
            6e-06,
            0.00997,
            0.104547,
            0.166665,
            0.16348000000000001,
            0.167705,
            0.21695800000000004,
            0.21682200000000001,
            0.16244000000000003,
            0.15115100000000004,
            0.18808000000000002,
            0.161812,
            0.16671200000000003,
            0.172234,
            0.171564,
            0.169993,
            0.126568,
            0.179222,
            0.4565290000000001,
            0.514318,
            0.4257850000000001
        ],
        [
            0.7029169999999999,
            0.8375619999999999,
            0.8197989999999999,
            0.3825569999999999,
            0.378533,
            0.27527499999999994,
            0.314615,
            0.276196,
            0.285193,
            0.365349,
            0.365814,
            0.399358,
            0.392799,
            0.231198,
            0.166791,
            0.148681,
            0.154855,
            0.15312599999999998,
            0.141094,
            0.15103299999999997,
            0.15476099999999998,
            0.135612,
            0.10135799999999999,
            0.020069999999999998,
            0.003929,
            6e-06,
            0,
            0.009968,
            0.10454899999999999,
            0.166667,
            0.16348200000000002,
            0.167707,
            0.21696000000000001,
            0.216824,
            0.162442,
            0.151153,
            0.18808200000000003,
            0.161814,
            0.166714,
            0.172236,
            0.171566,
            0.169995,
            0.12657,
            0.179224,
            0.456531,
            0.51432,
            0.425787
        ],
        [
            0.712881,
            0.847526,
            0.829763,
            0.392521,
            0.388497,
            0.285239,
            0.324579,
            0.28615999999999997,
            0.295157,
            0.375313,
            0.375778,
            0.40932199999999996,
            0.402763,
            0.241162,
            0.176755,
            0.15864499999999998,
            0.164819,
            0.16309,
            0.15105799999999997,
            0.160997,
            0.16472499999999998,
            0.14557599999999998,
            0.11132199999999999,
            0.030033999999999998,
            0.013892999999999999,
            0.00997,
            0.009968,
            0,
            0.11451299999999999,
            0.176631,
            0.17344600000000002,
            0.177671,
            0.22692400000000001,
            0.226788,
            0.172406,
            0.161117,
            0.198046,
            0.171778,
            0.176678,
            0.1822,
            0.18153,
            0.179959,
            0.136534,
            0.189188,
            0.466495,
            0.524284,
            0.435751
        ],
        [
            0.67321,
            0.807855,
            0.790092,
            0.35285,
            0.34882599999999997,
            0.24556799999999998,
            0.284908,
            0.24648899999999999,
            0.255486,
            0.335642,
            0.336107,
            0.36965099999999995,
            0.36309199999999997,
            0.20149099999999998,
            0.13708399999999998,
            0.118974,
            0.12514799999999998,
            0.123419,
            0.13937899999999998,
            0.14931799999999998,
            0.15304599999999996,
            0.133897,
            0.09964299999999998,
            0.112443,
            0.10492399999999999,
            0.104547,
            0.10454899999999999,
            0.11451299999999999,
            0,
            0.10742200000000002,
            0.10423700000000002,
            0.108462,
            0.15771500000000002,
            0.157579,
            0.10319700000000001,
            0.09190800000000002,
            0.128837,
            0.102569,
            0.10746900000000001,
            0.11299100000000001,
            0.112321,
            0.11075000000000002,
            0.09686299999999999,
            0.149517,
            0.426824,
            0.48461299999999996,
            0.39608
        ],
        [
            0.735328,
            0.8699730000000001,
            0.8522100000000001,
            0.41496800000000006,
            0.4109440000000001,
            0.307686,
            0.34702600000000006,
            0.3086070000000001,
            0.31760400000000005,
            0.39776,
            0.39822500000000005,
            0.43176900000000007,
            0.42521000000000003,
            0.26360900000000004,
            0.19920200000000005,
            0.18109200000000003,
            0.18726600000000002,
            0.185537,
            0.20149699999999998,
            0.211436,
            0.215164,
            0.196015,
            0.16176100000000002,
            0.17456100000000002,
            0.16704200000000002,
            0.166665,
            0.166667,
            0.176631,
            0.10742200000000002,
            0,
            0.078407,
            0.082632,
            0.131885,
            0.131749,
            0.07736699999999999,
            0.066078,
            0.16979500000000003,
            0.14352700000000002,
            0.148427,
            0.153949,
            0.153279,
            0.151708,
            0.158981,
            0.21163500000000002,
            0.4889420000000001,
            0.5467310000000001,
            0.4581980000000001
        ],
        [
            0.732143,
            0.8667880000000001,
            0.8490250000000001,
            0.41178300000000007,
            0.4077590000000001,
            0.304501,
            0.34384100000000006,
            0.3054220000000001,
            0.31441900000000006,
            0.394575,
            0.39504000000000006,
            0.4285840000000001,
            0.42202500000000004,
            0.26042400000000004,
            0.19601700000000005,
            0.17790700000000004,
            0.18408100000000002,
            0.18235200000000001,
            0.198312,
            0.20825100000000002,
            0.211979,
            0.19283,
            0.15857600000000002,
            0.17137600000000003,
            0.16385700000000003,
            0.16348000000000001,
            0.16348200000000002,
            0.17344600000000002,
            0.10423700000000002,
            0.078407,
            0,
            0.020617,
            0.10997200000000001,
            0.10983599999999999,
            0.055454,
            0.044165,
            0.16661000000000004,
            0.14034200000000002,
            0.145242,
            0.150764,
            0.150094,
            0.14852300000000002,
            0.15579600000000002,
            0.20845000000000002,
            0.4857570000000001,
            0.5435460000000001,
