[
    {
        "NEXUS_FILE_URL": "http://purl.org/phylo/treebase/phylows/study/TB2:S13860",
        "NEWICK_TREE": "((1:0.02233464099999999,(2:0.004943531500000015,3:0.005721644500000012):0.04111841319999998):0.1137740257,(((25:0.0038150220000000012,26:0.003869978600000018):0.001877583199999977,(27:0.0052015802,28:0.001945854899999988):0.0019948298958333277):0.02239635109999999,((10:0.0027060060999999913,11:0.0024366537999999938,(12:0.0020345284999999935,13:0.0025213067000000033):0.0018012432394366173):0.004543373900000008,((21:0.0043277194999999935,23:0.0014814160999999937):0.0037618600999999863,((4:0.005968022200000006,5:0.0046151048000000194):4.7759124999999236E-4,(24:0.0032536277000000113,((16:0.0022269779999999906,20:0.002367845499999993):0.002525895500000014,(22:0.00538571630000001,(14:4.3405039999999673E-4,15:9.999999994736442E-9):0.0031706776000000048,(6:3.7005860000000057E-4,8:1.0000000022492017E-8,7:1.0000000022492017E-8):0.005675156099999995,(9:0.0032564967,(17:0.0013835822000000109,(18:0.0010428544999999956,19:3.438208999999859E-4):4.5526152542374465E-4):0.0027594879999999766):0.0012280952702702908):6.864659420289798E-4):0.0014446516091954076):4.880905999999907E-4):7.665954166666822E-4):0.0046018656565656735):0.03703426210000002):0.056887012850000016);",
        "DISTANCE_MATRIX": [
            [
                0,
                0.06839658569999998,
                0.06917469869999998,
                0.22108463585,
                0.22113959244999998,
                0.22258844074583334,
                0.21933271544583333,
                0.23727932165000004,
                0.23700996935000002,
                0.23840908728943666,
                0.23889586548943664,
                0.2427213869065657,
                0.23987508350656567,
                0.24184401617323237,
                0.24049109877323238,
                0.2391401210232324,
                0.24208401843242777,
                0.2422248859324278,
                0.24340332717445679,
                0.24162233887445678,
                0.24118829847445677,
                0.24406282557445674,
                0.2436927769744568,
                0.2436927769744568,
                0.24250220284472707,
                0.24338877634472705,
                0.24350331017015076,
                0.24280427657015075
            ],
            [
                0.06839658569999998,
                0,
                0.010665176000000026,
                0.24481193954999997,
                0.24486689615,
                0.24631574444583332,
                0.2430600191458333,
                0.26100662535,
                0.26073727305000005,
                0.26213639098943664,
                0.2626231691894367,
                0.2664486906065657,
                0.2636023872065657,
                0.2655713198732324,
                0.2642184024732324,
                0.2628674247232324,
                0.2658113221324278,
                0.2659521896324278,
                0.26713063087445676,
                0.26534964257445676,
                0.26491560217445675,
                0.2677901292744568,
                0.2674200806744568,
                0.2674200806744568,
                0.26622950654472705,
                0.26711608004472703,
                0.2672306138701508,
                0.2665315802701508
            ],
            [
                0.06917469869999998,
                0.010665176000000026,
                0,
                0.24559005255,
                0.24564500914999998,
                0.24709385744583334,
                0.24383813214583333,
                0.26178473835000005,
                0.26151538605,
                0.26291450398943667,
                0.26340128218943665,
                0.2672268036065657,
                0.26438050020656567,
                0.2663494328732324,
                0.2649965154732324,
                0.2636455377232324,
                0.2665894351324278,
                0.2667303026324278,
                0.2679087438744568,
                0.2661277555744568,
                0.2656937151744568,
                0.26856824227445675,
                0.2681981936744568,
                0.2681981936744568,
                0.26700761954472707,
                0.26789419304472706,
                0.26800872687015076,
                0.26730969327015075
            ],
            [
                0.22108463585,
                0.24481193954999997,
                0.24559005255,
                0,
                0.007685000600000019,
                0.012889015295833306,
                0.009633289995833294,
                0.07237259839999999,
                0.07210324609999999,
                0.07350236403943661,
                0.07398914223943662,
                0.07781466365656564,
                0.07496836025656564,
                0.07693729292323234,
                0.07558437552323236,
                0.07423339777323235,
                0.07717729518242775,
                0.07731816268242775,
                0.07849660392445673,
                0.07671561562445672,
                0.07628157522445672,
                0.07915610232445672,
                0.07878605372445674,
                0.07878605372445674,
                0.07759547959472701,
                0.078482053094727,
                0.07859658692015073,
                0.07789755332015072
            ],
            [
                0.22113959244999998,
                0.24486689615,
                0.24564500914999998,
                0.007685000600000019,
                0,
                0.012943971895833323,
                0.00968824659583331,
                0.072427555,
                0.07215820270000001,
                0.07355732063943662,
                0.07404409883943663,
                0.07786962025656566,
                0.07502331685656566,
                0.07699224952323236,
                0.07563933212323237,
                0.07428835437323236,
                0.07723225178242776,
                0.07737311928242777,
                0.07855156052445675,
                0.07677057222445674,
                0.07633653182445674,
                0.07921105892445673,
                0.07884101032445676,
                0.07884101032445676,
                0.07765043619472703,
                0.07853700969472702,
                0.07865154352015075,
                0.07795250992015074
            ],
            [
                0.22258844074583334,
                0.24631574444583332,
                0.24709385744583334,
                0.012889015295833306,
                0.012943971895833323,
                0,
                0.007147435099999988,
                0.07387640329583334,
                0.07360705099583334,
                0.07500616893526996,
                0.07549294713526997,
                0.07931846855239899,
                0.07647216515239899,
                0.07844109781906569,
                0.0770881804190657,
                0.0757372026690657,
                0.0786811000782611,
                0.0788219675782611,
                0.08000040882029008,
                0.07821942052029007,
                0.07778538012029007,
                0.08065990722029007,
                0.08028985862029009,
                0.08028985862029009,
                0.07909928449056036,
                0.07998585799056035,
                0.08010039181598408,
                0.07940135821598407
            ],
            [
                0.21933271544583333,
                0.2430600191458333,
                0.24383813214583333,
                0.009633289995833294,
                0.00968824659583331,
                0.007147435099999988,
                0,
                0.07062067799583333,
                0.07035132569583333,
                0.07175044363526994,
                0.07223722183526995,
                0.07606274325239898,
                0.07321643985239898,
                0.07518537251906568,
                0.07383245511906569,
                0.07248147736906568,
                0.07542537477826108,
                0.07556624227826109,
                0.07674468352029007,
                0.07496369522029006,
                0.07452965482029006,
                0.07740418192029005,
                0.07703413332029008,
                0.07703413332029008,
                0.07584355919056035,
                0.07673013269056034,
                0.07684466651598407,
                0.07614563291598406
            ],
            [
                0.23727932165000004,
                0.26100662535,
                0.26178473835000005,
                0.07237259839999999,
                0.072427555,
                0.07387640329583334,
                0.07062067799583333,
                0,
                0.005142659899999985,
                0.006541777839436602,
                0.007028556039436612,
                0.019940825256565653,
                0.017094521856565653,
                0.019063454523232354,
                0.017710537123232367,
                0.016359559373232357,
                0.019303456782427758,
                0.01944432428242776,
                0.020622765524456743,
                0.018841777224456735,
                0.018407736824456733,
                0.02128226392445673,
                0.02091221532445675,
                0.02091221532445675,
                0.019721641194727024,
                0.02060821469472701,
                0.02072274852015074,
                0.02002371492015073
            ],
            [
                0.23700996935000002,
                0.26073727305000005,
                0.26151538605,
                0.07210324609999999,
                0.07215820270000001,
                0.07360705099583334,
                0.07035132569583333,
                0.005142659899999985,
                0,
                0.006272425539436605,
                0.0067592037394366145,
                0.019671472956565655,
                0.016825169556565656,
                0.018794102223232356,
                0.01744118482323237,
                0.01609020707323236,
                0.01903410448242776,
                0.019174971982427763,
                0.020353413224456746,
                0.018572424924456737,
                0.018138384524456735,
                0.02101291162445673,
                0.020642863024456753,
                0.020642863024456753,
                0.019452288894727027,
                0.020338862394727014,
                0.020453396220150744,
                0.019754362620150734
            ],
            [
                0.23840908728943666,
                0.26213639098943664,
                0.26291450398943667,
                0.07350236403943661,
                0.07355732063943662,
                0.07500616893526996,
                0.07175044363526994,
                0.006541777839436602,
                0.006272425539436605,
                0,
                0.004555835199999997,
                0.021070590896002273,
                0.018224287496002273,
                0.020193220162668973,
                0.018840302762668987,
                0.017489325012668977,
                0.020433222421864378,
                0.02057408992186438,
                0.021752531163893363,
                0.019971542863893355,
                0.019537502463893353,
                0.02241202956389335,
                0.02204198096389337,
                0.02204198096389337,
                0.020851406834163644,
                0.02173798033416363,
                0.02185251415958736,
                0.02115348055958735
            ],
            [
                0.23889586548943664,
                0.2626231691894367,
                0.26340128218943665,
                0.07398914223943662,
                0.07404409883943663,
                0.07549294713526997,
                0.07223722183526995,
                0.007028556039436612,
                0.0067592037394366145,
                0.004555835199999997,
                0,
                0.021557369096002282,
                0.018711065696002283,
                0.020679998362668983,
                0.019327080962668997,
                0.017976103212668987,
                0.020920000621864387,
                0.02106086812186439,
                0.022239309363893373,
                0.020458321063893364,
                0.020024280663893362,
                0.02289880776389336,
                0.02252875916389338,
                0.02252875916389338,
                0.021338185034163654,
                0.02222475853416364,
                0.02233929235958737,
                0.02164025875958736
            ],
            [
                0.2427213869065657,
                0.2664486906065657,
                0.2672268036065657,
                0.07781466365656564,
                0.07786962025656566,
                0.07931846855239899,
                0.07606274325239898,
                0.019940825256565653,
                0.019671472956565655,
                0.021070590896002273,
                0.021557369096002282,
                0,
                0.005809135599999987,
                0.01530178846666666,
                0.013948871066666674,
                0.012597893316666664,
                0.015541790725862065,
                0.015682658225862067,
                0.01686109946789105,
                0.015080111167891042,
                0.01464607076789104,
                0.017520597867891036,
                0.017150549267891058,
                0.017150549267891058,
                0.01595997513816133,
                0.01684654863816132,
                0.016961082463585048,
                0.016262048863585038
            ],
            [
                0.23987508350656567,
                0.2636023872065657,
                0.26438050020656567,
                0.07496836025656564,
                0.07502331685656566,
                0.07647216515239899,
                0.07321643985239898,
                0.017094521856565653,
                0.016825169556565656,
                0.018224287496002273,
                0.018711065696002283,
                0.005809135599999987,
                0,
                0.01245548506666666,
                0.011102567666666674,
                0.009751589916666664,
                0.012695487325862065,
                0.012836354825862067,
                0.01401479606789105,
                0.012233807767891042,
                0.01179976736789104,
                0.014674294467891036,
                0.014304245867891058,
                0.014304245867891058,
                0.013113671738161331,
                0.014000245238161318,
                0.014114779063585048,
                0.013415745463585038
            ],
            [
                0.24184401617323237,
                0.2655713198732324,
                0.2663494328732324,
                0.07693729292323234,
                0.07699224952323236,
                0.07844109781906569,
                0.07518537251906568,
                0.019063454523232354,
                0.018794102223232356,
                0.020193220162668973,
                0.020679998362668983,
                0.01530178846666666,
                0.01245548506666666,
                0,
                0.010583127000000025,
                0.01018733175,
                0.013131229159195401,
                0.013272096659195404,
                0.014450537901224386,
                0.012669549601224378,
                0.012235509201224376,
                0.015110036301224372,
                0.014739987701224394,
                0.014739987701224394,
                0.013549413571494667,
                0.014435987071494655,
                0.014550520896918384,
                0.013851487296918374
            ],
            [
                0.24049109877323238,
                0.2642184024732324,
                0.2649965154732324,
                0.07558437552323236,
                0.07563933212323237,
                0.0770881804190657,
                0.07383245511906569,
                0.017710537123232367,
                0.01744118482323237,
                0.018840302762668987,
                0.019327080962668997,
                0.013948871066666674,
                0.011102567666666674,
                0.010583127000000025,
                0,
                0.008834414350000014,
                0.011778311759195415,
                0.011919179259195417,
                0.0130976205012244,
                0.011316632201224391,
                0.01088259180122439,
                0.013757118901224386,
                0.013387070301224407,
                0.013387070301224407,
                0.01219649617149468,
                0.013083069671494668,
                0.013197603496918398,
                0.012498569896918388
            ],
            [
                0.2391401210232324,
                0.2628674247232324,
                0.2636455377232324,
                0.07423339777323235,
                0.07428835437323236,
                0.0757372026690657,
                0.07248147736906568,
                0.016359559373232357,
                0.01609020707323236,
                0.017489325012668977,
                0.017976103212668987,
                0.012597893316666664,
                0.009751589916666664,
                0.01018733175,
                0.008834414350000014,
                0,
                0.009451152809195423,
                0.009592020309195426,
                0.010770461551224408,
                0.0089894732512244,
                0.008555432851224398,
                0.011429959951224394,
                0.011059911351224416,
                0.011059911351224416,
                0.00986933722149469,
                0.010755910721494677,
                0.010870444546918406,
                0.010171410946918397
            ],
            [
                0.24208401843242777,
                0.2658113221324278,
                0.2665894351324278,
                0.07717729518242775,
                0.07723225178242776,
                0.0786811000782611,
                0.07542537477826108,
                0.019303456782427758,
                0.01903410448242776,
                0.020433222421864378,
                0.020920000621864387,
                0.015541790725862065,
                0.012695487325862065,
                0.013131229159195401,
                0.011778311759195415,
                0.009451152809195423,
                0,
                0.004594823499999984,
                0.010825055742028994,
                0.009044067442028986,
                0.008610027042028984,
                0.01148455414202898,
                0.011114505542029002,
                0.011114505542029002,
                0.009923931412299275,
                0.010810504912299262,
                0.010925038737722992,
                0.010226005137722982
            ],
            [
                0.2422248859324278,
                0.2659521896324278,
                0.2667303026324278,
                0.07731816268242775,
                0.07737311928242777,
                0.0788219675782611,
                0.07556624227826109,
                0.01944432428242776,
                0.019174971982427763,
                0.02057408992186438,
                0.02106086812186439,
                0.015682658225862067,
                0.012836354825862067,
                0.013272096659195404,
                0.011919179259195417,
                0.009592020309195426,
                0.004594823499999984,
                0,
                0.010965923242028996,
                0.009184934942028988,
                0.008750894542028986,
                0.011625421642028982,
                0.011255373042029004,
                0.011255373042029004,
                0.010064798912299278,
                0.010951372412299265,
                0.011065906237722994,
                0.010366872637722985
            ],
            [
                0.24340332717445679,
                0.26713063087445676,
                0.2679087438744568,
                0.07849660392445673,
                0.07855156052445675,
                0.08000040882029008,
                0.07674468352029007,
                0.020622765524456743,
                0.020353413224456746,
                0.021752531163893363,
                0.022239309363893373,
                0.01686109946789105,
                0.01401479606789105,
                0.014450537901224386,
                0.0130976205012244,
                0.010770461551224408,
                0.010825055742028994,
                0.010965923242028996,
                0,
                0.008990444300000011,
                0.00855640390000001,
                0.011430931000000005,
                0.011060882400000027,
                0.011060882400000027,
                0.0098703082702703,
                0.010756881770270288,
                0.010871415595694017,
                0.010172381995694008
            ],
            [
                0.24162233887445678,
                0.26534964257445676,
                0.2661277555744568,
                0.07671561562445672,
                0.07677057222445674,
                0.07821942052029007,
                0.07496369522029006,
                0.018841777224456735,
                0.018572424924456737,
                0.019971542863893355,
                0.020458321063893364,
                0.015080111167891042,
                0.012233807767891042,
                0.012669549601224378,
                0.011316632201224391,
                0.0089894732512244,
                0.009044067442028986,
                0.009184934942028988,
                0.008990444300000011,
                0,
                0.00043406039999999146,
                0.009649942699999997,
                0.009279894100000019,
                0.009279894100000019,
                0.008089319970270292,
                0.00897589347027028,
                0.009090427295694009,
                0.008391393695694
            ],
            [
                0.24118829847445677,
                0.26491560217445675,
                0.2656937151744568,
                0.07628157522445672,
                0.07633653182445674,
                0.07778538012029007,
                0.07452965482029006,
                0.018407736824456733,
                0.018138384524456735,
                0.019537502463893353,
                0.020024280663893362,
                0.01464607076789104,
                0.01179976736789104,
                0.012235509201224376,
                0.01088259180122439,
                0.008555432851224398,
                0.008610027042028984,
                0.008750894542028986,
                0.00855640390000001,
                0.00043406039999999146,
                0,
                0.009215902299999995,
                0.008845853700000017,
                0.008845853700000017,
                0.00765527957027029,
                0.008541853070270278,
                0.008656386895694007,
                0.007957353295693997
            ],
            [
                0.24406282557445674,
                0.2677901292744568,
                0.26856824227445675,
                0.07915610232445672,
                0.07921105892445673,
                0.08065990722029007,
                0.07740418192029005,
                0.02128226392445673,
                0.02101291162445673,
                0.02241202956389335,
                0.02289880776389336,
                0.017520597867891036,
                0.014674294467891036,
                0.015110036301224372,
                0.013757118901224386,
                0.011429959951224394,
                0.01148455414202898,
                0.011625421642028982,
                0.011430931000000005,
                0.009649942699999997,
                0.009215902299999995,
                0,
                0.00037006860000002306,
                0.00037006860000002306,
                0.010529806670270286,
                0.011416380170270274,
                0.011530913995694003,
                0.010831880395693994
            ],
            [
                0.2436927769744568,
                0.2674200806744568,
                0.2681981936744568,
                0.07878605372445674,
                0.07884101032445676,
                0.08028985862029009,
                0.07703413332029008,
                0.02091221532445675,
                0.020642863024456753,
                0.02204198096389337,
                0.02252875916389338,
                0.017150549267891058,
                0.014304245867891058,
                0.014739987701224394,
                0.013387070301224407,
                0.011059911351224416,
                0.011114505542029002,
                0.011255373042029004,
                0.011060882400000027,
                0.009279894100000019,
                0.008845853700000017,
                0.00037006860000002306,
                0,
                2.0000000044984034e-08,
                0.010159758070270308,
                0.011046331570270296,
                0.011160865395694025,
                0.010461831795694015
            ],
            [
                0.2436927769744568,
                0.2674200806744568,
                0.2681981936744568,
                0.07878605372445674,
                0.07884101032445676,
                0.08028985862029009,
                0.07703413332029008,
                0.02091221532445675,
                0.020642863024456753,
                0.02204198096389337,
                0.02252875916389338,
                0.017150549267891058,
                0.014304245867891058,
                0.014739987701224394,
                0.013387070301224407,
                0.011059911351224416,
                0.011114505542029002,
                0.011255373042029004,
                0.011060882400000027,
                0.009279894100000019,
                0.008845853700000017,
                0.00037006860000002306,
                2.0000000044984034e-08,
                0,
                0.010159758070270308,
                0.011046331570270296,
                0.011160865395694025,
                0.010461831795694015
            ],
            [
                0.24250220284472707,
                0.26622950654472705,
                0.26700761954472707,
                0.07759547959472701,
                0.07765043619472703,
                0.07909928449056036,
                0.07584355919056035,
                0.019721641194727024,
                0.019452288894727027,
                0.020851406834163644,
                0.021338185034163654,
                0.01595997513816133,
                0.013113671738161331,
                0.013549413571494667,
                0.01219649617149468,
                0.00986933722149469,
                0.009923931412299275,
                0.010064798912299278,
                0.0098703082702703,
                0.008089319970270292,
                0.00765527957027029,
                0.010529806670270286,
                0.010159758070270308,
                0.010159758070270308,
                0,
                0.0073995668999999875,
                0.007514100725423717,
                0.006815067125423707
            ],
            [
                0.24338877634472705,
                0.26711608004472703,
                0.26789419304472706,
                0.078482053094727,
                0.07853700969472702,
                0.07998585799056035,
                0.07673013269056034,
                0.02060821469472701,
                0.020338862394727014,
                0.02173798033416363,
                0.02222475853416364,
                0.01684654863816132,
                0.014000245238161318,
                0.014435987071494655,
                0.013083069671494668,
                0.010755910721494677,
                0.010810504912299262,
                0.010951372412299265,
                0.010756881770270288,
                0.00897589347027028,
                0.008541853070270278,
                0.011416380170270274,
                0.011046331570270296,
                0.011046331570270296,
                0.0073995668999999875,
                0,
                0.002881698225423751,
                0.0021826646254237414
            ],
            [
                0.24350331017015076,
                0.2672306138701508,
                0.26800872687015076,
                0.07859658692015073,
                0.07865154352015075,
                0.08010039181598408,
                0.07684466651598407,
                0.02072274852015074,
                0.020453396220150744,
                0.02185251415958736,
                0.02233929235958737,
                0.016961082463585048,
                0.014114779063585048,
                0.014550520896918384,
                0.013197603496918398,
                0.010870444546918406,
                0.010925038737722992,
                0.011065906237722994,
                0.010871415595694017,
                0.009090427295694009,
                0.008656386895694007,
                0.011530913995694003,
                0.011160865395694025,
                0.011160865395694025,
                0.007514100725423717,
                0.002881698225423751,
                0,
                0.0013866753999999815
            ],
            [
                0.24280427657015075,
                0.2665315802701508,
                0.26730969327015075,
                0.07789755332015072,
                0.07795250992015074,
                0.07940135821598407,
                0.07614563291598406,
                0.02002371492015073,
                0.019754362620150734,
                0.02115348055958735,
                0.02164025875958736,
                0.016262048863585038,
                0.013415745463585038,
                0.013851487296918374,
                0.012498569896918388,
                0.010171410946918397,
                0.010226005137722982,
                0.010366872637722985,
                0.010172381995694008,
                0.008391393695694,
                0.007957353295693997,
                0.010831880395693994,
                0.010461831795694015,
                0.010461831795694015,
                0.006815067125423707,
                0.0021826646254237414,
                0.0013866753999999815,
                0
            ]
        ],
        "NODE_MAPPING": {
            "0": "1",
            "1": "2",
            "2": "3",
            "3": "25",
            "4": "26",
            "5": "27",
            "6": "28",
            "7": "10",
            "8": "11",
            "9": "12",
            "10": "13",
            "11": "21",
            "12": "23",
            "13": "4",
            "14": "5",
            "15": "24",
            "16": "16",
            "17": "20",
            "18": "22",
            "19": "14",
            "20": "15",
            "21": "6",
            "22": "8",
            "23": "7",
            "24": "9",
            "25": "17",
            "26": "18",
            "27": "19"
        }
    },
    {
        "NEXUS_FILE_URL": "http://purl.org/phylo/treebase/phylows/study/TB2:S13860",
        "NEWICK_TREE": "((1:31.59583318475727,(2:5.745628195842197,3:5.745628195842197):25.850204988915102):68.22257601416624,(((25:4.452024287216509,26:4.45202428721651):2.525897161404938,(27:4.934207111073432,28:4.934207111073435):2.0437143375480122):65.36940060493885,(((10:2.4963804742785975,11:2.496380474278598):1.8322734215246408,(12:2.683747261215359,13:2.683747261215359):1.6449066345878767):8.149085393692621,((21:3.519114406779877,23:3.519114406779877):4.737738979766177,((4:6.3689588011103275,5:6.36895880111033):0.9790220314930833,(24:6.802665541184139,((16:2.4010088040374926,20:2.4010088040374926):3.4792761230869997,((6:0.37473733349305616,(8:0.13630854177863608,7:0.13630854177863608):0.23842879171442002):4.971596070517946,((14:0.4986290371795814,15:0.4986290371795814):4.496971508555809,(22:4.4574847203735875,(9:3.231846397699445,(17:1.3826661152196817,(18:0.8353856483507149,19:0.8353856483507146):0.5472804668689681):1.8491802824797596):1.225638322674142):0.5381158253618032):0.3507328582756113):0.5339515231134904):0.9223806140596489):0.545315291419274):0.908872553942639):4.220885902949799):59.86958276406446):27.47108714536317);",
        "DISTANCE_MATRIX": [
            [
                0,
                63.19166636951457,
                63.19166636951457,
                199.63681839784698,
                199.63681839784698,
                199.63681839784698,
                199.63681839784698,
                199.63681839784698,
                199.63681839784698,
                199.63681839784698,
                199.63681839784698,
                199.63681839784698,
                199.63681839784698,
                199.63681839784698,
                199.63681839784698,
                199.63681839784698,
                199.63681839784698,
                199.63681839784698,
                199.63681839784698,
                199.63681839784698,
                199.63681839784698,
                199.63681839784698,
                199.63681839784698,
                199.63681839784698,
                199.63681839784698,
                199.63681839784698,
                199.63681839784698,
                199.63681839784698
            ],
            [
                63.19166636951457,
                0,
                11.491256391684393,
                199.63681839784698,
                199.63681839784698,
                199.63681839784698,
                199.63681839784698,
                199.63681839784704,
                199.63681839784704,
                199.63681839784704,
                199.63681839784704,
                199.63681839784704,
                199.63681839784704,
                199.636818397847,
                199.636818397847,
                199.636818397847,
                199.63681839784704,
                199.63681839784704,
                199.63681839784704,
                199.63681839784704,
                199.63681839784704,
                199.63681839784704,
                199.63681839784704,
                199.63681839784704,
                199.63681839784704,
                199.636818397847,
                199.636818397847,
                199.636818397847
            ],
            [
                63.19166636951457,
                11.491256391684393,
                0,
                199.63681839784698,
                199.63681839784698,
                199.63681839784698,
                199.63681839784698,
                199.63681839784704,
                199.63681839784704,
                199.63681839784704,
                199.63681839784704,
                199.63681839784704,
                199.63681839784704,
                199.636818397847,
                199.636818397847,
                199.636818397847,
                199.63681839784704,
                199.63681839784704,
                199.63681839784704,
                199.63681839784704,
                199.63681839784704,
                199.63681839784704,
                199.63681839784704,
                199.63681839784704,
                199.63681839784704,
                199.636818397847,
                199.636818397847,
                199.636818397847
            ],
            [
                199.63681839784698,
                199.63681839784698,
                199.63681839784698,
                0,
                8.90404857443302,
                13.955842897242892,
                13.955842897242894,
                144.6946441071206,
                144.6946441071206,
                144.6946441071206,
                144.6946441071206,
                144.6946441071206,
                144.6946441071206,
                144.6946441071206,
                144.6946441071206,
                144.6946441071206,
                144.6946441071206,
                144.6946441071206,
                144.6946441071206,
                144.6946441071206,
                144.6946441071206,
                144.6946441071206,
                144.6946441071206,
                144.6946441071206,
                144.6946441071206,
                144.6946441071206,
                144.6946441071206,
                144.6946441071206
            ],
            [
                199.63681839784698,
                199.63681839784698,
                199.63681839784698,
                8.90404857443302,
                0,
                13.955842897242892,
                13.955842897242896,
                144.6946441071206,
                144.6946441071206,
                144.6946441071206,
                144.6946441071206,
                144.6946441071206,
                144.6946441071206,
                144.6946441071206,
                144.6946441071206,
                144.6946441071206,
                144.6946441071206,
                144.6946441071206,
                144.6946441071206,
                144.6946441071206,
                144.6946441071206,
                144.6946441071206,
                144.6946441071206,
                144.6946441071206,
                144.6946441071206,
                144.6946441071206,
                144.6946441071206,
                144.6946441071206
            ],
            [
                199.63681839784698,
                199.63681839784698,
                199.63681839784698,
                13.955842897242892,
                13.955842897242892,
                0,
                9.868414222146868,
                144.6946441071206,
                144.6946441071206,
                144.6946441071206,
                144.6946441071206,
                144.6946441071206,
                144.6946441071206,
                144.6946441071206,
                144.6946441071206,
                144.6946441071206,
                144.6946441071206,
                144.6946441071206,
                144.6946441071206,
                144.6946441071206,
                144.6946441071206,
                144.6946441071206,
                144.6946441071206,
                144.6946441071206,
                144.6946441071206,
                144.6946441071206,
                144.6946441071206,
                144.6946441071206
            ],
            [
                199.63681839784698,
                199.63681839784698,
                199.63681839784698,
                13.955842897242894,
                13.955842897242896,
                9.868414222146868,
                0,
                144.6946441071206,
                144.6946441071206,
                144.6946441071206,
                144.6946441071206,
                144.6946441071206,
                144.6946441071206,
                144.6946441071206,
                144.6946441071206,
                144.6946441071206,
                144.6946441071206,
                144.6946441071206,
                144.6946441071206,
                144.6946441071206,
                144.6946441071206,
                144.6946441071206,
                144.6946441071206,
                144.6946441071206,
                144.6946441071206,
                144.6946441071206,
                144.6946441071206,
                144.6946441071206
            ],
            [
                199.63681839784698,
                199.63681839784704,
                199.63681839784704,
                144.6946441071206,
                144.6946441071206,
