{
    "NEXUS_FILE_URL": "http://purl.org/phylo/treebase/phylows/study/TB2:S13668",
    "NEWICK_TREE": "((1:0.04382426580902531,19:0.04899385540462483):0.009146346972886582,((20:0.0019351518487846359,31:0.0018951083468831474):0.03341956769468857,((2:0.005983329461097122,(30:0.007536558597624121,38:0.005028320045677553):0.0014586345533085464):5.792157978212301E-4,((29:0.0034055704624171594,(27:0.003129160662943339,((37:6.552037627711819E-4,(32:0.0015741447534588287,34:0.0038875797912128257):3.8524490615614787E-4):9.942450495777108E-4,(35:2.475478815498676E-4,(33:0.0014910946898567166,36:2.4527455519029876E-4):8.9090662538502E-7):2.319169451808965E-4):0.0058332120363060215):0.002781657812893174):5.701160090107245E-4,((25:0.001406074661381382,(26:5.515414097988081E-4,28:2.7472681520446235E-4):0.0012860398946726262):0.008762964599139415,(14:0.0035057095990334293,(18:0.004191676518349209,(((12:0.001002181983814476,(10:9.881799707685773E-4,11:2.430816954332283E-4):0.0034520984929918533):2.3896904867764566E-4,((13:9.18738569314351E-4,15:0.0019622052980318126):3.062253235462934E-4,(16:3.2564690949837333E-4,17:8.2100151446083E-7):2.4316689841842538E-4):2.429387722555909E-4):0.003658805003675426,(((21:0.0024340983375255574,22:0.002197720989886999):4.794151271916152E-4,(23:4.85759822053478E-4,24:8.2100151446083E-7):0.0017104561689781288):0.0034811243184854437,(6:0.004987557389949048,(5:0.006439958601713555,((4:0.004370299999773752,8:0.004945436635955859):5.179756748964736E-4,(7:0.00249445453218817,(3:9.911456115791577E-4,9:9.971818857128143E-4):0.002135517998970939):6.079454568198251E-4):9.921916028720048E-4):2.316296100200909E-4):0.003077084360250763):0.0035599664489515213):7.245538138601237E-4):3.662122153680352E-4):0.0049227621031011325):7.157550196236589E-4):0.0016534347911945084):0.002547001988862262):0.009146346972886582);",
    "DISTANCE_MATRIX": [
        [
            0.0,
            0.09281812121365014,
            0.09747167929827169,
            0.0974316357963702,
            0.0712265070025791,
            0.07423837069241464,
            0.07173013214046807,
            0.07029308300628313,
            0.07279833101970248,
            0.07715183120541406,
            0.07845601710225786,
            0.08076945214001185,
            0.07598184721979594,
            0.07722628493472816,
            0.07598046480006175,
            0.07720219081499971,
            0.07763369745808976,
            0.0773568828634954,
            0.07546162325661347,
            0.07651380239129729,
            0.07794663572297575,
            0.0813847322029217,
            0.08063963392758636,
            0.07817338735559987,
            0.07921685408431732,
            0.07751723727065601,
            0.0771924113626721,
            0.08300128391896233,
            0.08276490657132378,
            0.08228398644527676,
            0.08179904762473775,
            0.08467128788595954,
            0.08635531870774413,
            0.0857958273835728,
            0.08637096401975491,
            0.08400995169791058,
            0.0846421607762725,
            0.08464819705040616
        ],
        [
            0.09281812121365014,
            0.0,
            0.10264126889387121,
            0.10260122539196971,
            0.07639609659817861,
            0.07940796028801415,
            0.07689972173606759,
            0.07546267260188265,
            0.077967920615302,
            0.08232142080101358,
            0.08362560669785737,
            0.08593904173561137,
            0.08115143681539545,
            0.08239587453032768,
            0.08115005439566127,
            0.08237178041059923,
            0.08280328705368928,
            0.08252647245909492,
            0.08063121285221299,
            0.08168339198689681,
            0.08311622531857527,
            0.08655432179852121,
            0.08580922352318587,
            0.08334297695119938,
            0.08438644367991684,
            0.08268682686625553,
            0.08236200095827162,
            0.08817087351456185,
            0.0879344961669233,
            0.08745357604087628,
            0.08696863722033726,
            0.08984087748155906,
            0.09152490830334364,
            0.09096541697917232,
            0.09154055361535443,
            0.08917954129351009,
            0.08981175037187202,
            0.08981778664600568
        ],
        [
            0.09747167929827169,
            0.10264126889387121,
            0.0,
            0.0038302601956677835,
            0.044464266791253815,
            0.04747613048108937,
            0.0449678919291428,
            0.04353084279495786,
            0.046036090808377214,
            0.05038959099408879,
            0.05169377689093258,
            0.054007211928686585,
            0.04921960700847066,
            0.05046404472340289,
            0.049218224588736474,
            0.05043995060367443,
            0.05087145724676448,
            0.05059464265217013,
            0.048699383045288196,
            0.04975156217997201,
            0.05118439551165047,
            0.054622491991596425,
            0.05387739371626108,
            0.05141114714427458,
            0.05245461387299205,
            0.050754997059330745,
            0.05043017115134683,
            0.05623904370763706,
            0.05600266635999851,
            0.055521746233951494,
            0.05503680741341248,
            0.057909047674634256,
            0.05959307849641886,
            0.059033587172247534,
            0.05960872380842964,
            0.057247711486585307,
            0.05787992056494723,
            0.05788595683908088
        ],
        [
            0.0974316357963702,
            0.10260122539196971,
            0.0038302601956677835,
            0.0,
            0.04442422328935233,
            0.04743608697918787,
            0.044927848427241304,
            0.04349079929305637,
            0.04599604730647572,
            0.0503495474921873,
            0.05165373338903109,
            0.05396716842678509,
            0.04917956350656917,
            0.050424001221501404,
            0.049178181086834985,
            0.050399907101772945,
            0.050831413744863,
            0.05055459915026865,
            0.048659339543386707,
            0.04971151867807052,
            0.05114435200974898,
            0.05458244848969494,
            0.05383735021435959,
            0.0513711036423731,
            0.052414570371090555,
            0.05071495355742925,
            0.05039012764944534,
            0.05619900020573558,
            0.055962622858097014,
            0.05548170273205001,
            0.054996763911510996,
            0.057869004172732774,
            0.05955303499451736,
            0.05899354367034604,
            0.05956868030652815,
            0.05720766798468381,
            0.05783987706304573,
            0.057845913337179394
        ],
        [
            0.0712265070025791,
            0.07639609659817861,
            0.044464266791253815,
            0.04442422328935233,
            0.0,
            0.014978522612029789,
            0.012470284060083221,
            0.012191666521540745,
            0.014696914534960099,
            0.019050414720671673,
            0.02035460061751547,
            0.022668035655269467,
            0.017880430735053545,
            0.019124868449985778,
            0.017879048315319362,
            0.019100774330257315,
            0.019532280973347367,
            0.019255466378753024,
            0.01736020677187108,
            0.018412385906554897,
            0.019845219238233357,
            0.023283315718179314,
            0.022538217442843966,
            0.02007197087085747,
            0.021115437599574932,
            0.019415820785913626,
            0.01909099487792971,
            0.02489986743421995,
            0.02466349008658139,
            0.024182569960534382,
            0.023697631139995366,
            0.026569871401217145,
            0.02825390222300174,
            0.027694410898830416,
            0.028269547535012523,
            0.025908535213168188,
            0.02654074429153011,
            0.02654678056566377
        ],
        [
            0.07423837069241464,
            0.07940796028801415,
            0.04747613048108937,
            0.04743608697918787,
            0.014978522612029789,
            0.0,
            0.012564878643301674,
            0.01520353021137629,
            0.017708778224795642,
            0.02206227841050722,
            0.023366464307351016,
            0.025679899345105013,
            0.02089229442488909,
            0.022136732139821324,
            0.02089091200515491,
            0.022112638020092862,
            0.022544144663182913,
            0.022267330068588567,
            0.020372070461706627,
            0.021424249596390443,
            0.022857082928068904,
            0.02629517940801486,
            0.025550081132679512,
            0.023083834560693017,
            0.02412730128941048,
            0.022427684475749173,
            0.022102858567765258,
            0.027911731124055497,
            0.027675353776416937,
            0.02719443365036993,
            0.026709494829830913,
            0.02958173509105269,
            0.031265765912837286,
            0.030706274588665962,
            0.031281411224848066,
            0.028920398903003734,
            0.029552607981365657,
            0.029558644255499315
        ],
        [
            0.07173013214046807,
            0.07689972173606759,
            0.0449678919291428,
            0.044927848427241304,
            0.012470284060083221,
            0.012564878643301674,
            0.0,
            0.012695291659429722,
            0.015200539672849076,
            0.019554039858560652,
            0.02085822575540445,
            0.023171660793158445,
            0.018384055872942524,
            0.019628493587874756,
            0.01838267345320834,
            0.019604399468146294,
            0.020035906111236346,
            0.019759091516642,
            0.01786383190976006,
            0.018916011044443876,
            0.020348844376122336,
            0.023786940856068292,
            0.023041842580732944,
            0.02057559600874645,
            0.02161906273746391,
            0.019919445923802605,
            0.01959462001581869,
            0.02540349257210893,
            0.02516711522447037,
            0.02468619509842336,
            0.024201256277884345,
            0.027073496539106123,
            0.028757527360890718,
            0.028198036036719394,
            0.0287731726729015,
            0.026412160351057166,
            0.02704436942941909,
            0.027050405703552747
        ],
        [
            0.07029308300628313,
            0.07546267260188265,
            0.04353084279495786,
            0.04349079929305637,
            0.012191666521540745,
            0.01520353021137629,
            0.012695291659429722,
            0.0,
            0.009316388938253671,
            0.013669889123965249,
            0.014974075020809042,
            0.01728751005856304,
            0.01249990513834712,
            0.013744342853279353,
            0.012498522718612935,
            0.01486048075157234,
            0.015291987394662391,
            0.015015172800068047,
            0.013119913193186105,
            0.01417209232786992,
            0.015604925659548382,
            0.01904302213949434,
            0.018297923864158988,
            0.015831677292172497,
            0.016875144020889958,
            0.01517552720722865,
            0.014850701299244736,
            0.020659573855534977,
            0.020423196507896417,
            0.019942276381849408,
            0.01945733756131039,
            0.02232957782253217,
            0.024013608644316765,
            0.02345411732014544,
            0.024029253956327545,
            0.021668241634483214,
            0.022300450712845137,
            0.02230648698697879
        ],
        [
            0.07279833101970248,
            0.077967920615302,
            0.046036090808377214,
            0.04599604730647572,
            0.014696914534960099,
            0.017708778224795642,
            0.015200539672849076,
            0.009316388938253671,
            0.0,
            0.010611821511598254,
            0.011916007408442047,
            0.014229442446196044,
            0.009441837525980126,
            0.010686275240912358,
            0.00944045510624594,
            0.017365728764991692,
            0.017797235408081744,
            0.0175204208134874,
            0.015625161206605457,
            0.016677340341289273,
            0.018110173672967734,
            0.02154827015291369,
            0.020803171877578342,
            0.018336925305591847,
            0.01938039203430931,
            0.017680775220648003,
            0.017355949312664088,
            0.023164821868954327,
            0.022928444521315768,
            0.02244752439526876,
            0.021962585574729743,
            0.02483482583595152,
            0.026518856657736116,
            0.025959365333564792,
            0.0265345019697469,
            0.024173489647902564,
            0.024805698726264487,
            0.024811735000398145
        ],
        [
            0.07715183120541406,
            0.08232142080101358,
            0.05038959099408879,
            0.0503495474921873,
            0.019050414720671673,
            0.02206227841050722,
            0.019554039858560652,
            0.013669889123965249,
            0.010611821511598254,
            0.0,
            0.0026145934223861583,
            0.004928028460140156,
            0.002128913639079657,
            0.0033733513540118902,
            0.002127531219345473,
            0.02171922895070327,
            0.02215073559379332,
            0.02187392099919898,
            0.019978661392317035,
            0.021030840527000848,
            0.02246367385867931,
            0.025901770338625268,
            0.02515667206328992,
            0.022690425491303425,
            0.023733892220020886,
            0.02203427540635958,
            0.021709449498375666,
            0.027518322054665905,
            0.027281944707027345,
            0.026801024580980336,
            0.026316085760441317,
            0.0291883260216631,
            0.030872356843447694,
            0.03031286551927637,
            0.030888002155458477,
            0.028526989833614142,
            0.029159198911976065,
            0.029165235186109723
        ],
        [
            0.07845601710225786,
            0.08362560669785737,
            0.05169377689093258,
            0.05165373338903109,
            0.02035460061751547,
            0.023366464307351016,
            0.02085822575540445,
            0.014974075020809042,
            0.011916007408442047,
            0.0026145934223861583,
            0.0,
            0.005461724544671654,
            0.0034330995359234517,
            0.004677537250855685,
            0.0034317171161892678,
            0.023023414847547066,
            0.023454921490637118,
            0.02317810689604277,
            0.021282847289160828,
            0.022335026423844644,
            0.023767859755523105,
            0.027205956235469064,
            0.026460857960133713,
            0.02399461138814722,
            0.025038078116864683,
            0.023338461303203377,
            0.02301363539521946,
            0.0288225079515097,
            0.028586130603871142,
            0.028105210477824133,
            0.027620271657285114,
            0.030492511918506895,
            0.03217654274029149,
            0.031617051416120166,
            0.03219218805230227,
            0.02983117573045794,
            0.03046338480881986,
            0.030469421082953516
        ],
        [
            0.08076945214001185,
            0.08593904173561137,
            0.054007211928686585,
            0.05396716842678509,
            0.022668035655269467,
            0.025679899345105013,
            0.023171660793158445,
            0.01728751005856304,
            0.014229442446196044,
            0.004928028460140156,
            0.005461724544671654,
            0.0,
            0.005746534573677449,
            0.006990972288609682,
            0.005745152153943264,
            0.025336849885301063,
            0.025768356528391115,
            0.02549154193379677,
            0.023596282326914825,
            0.02464846146159864,
            0.0260812947932771,
            0.02951939127322306,
            0.02877429299788771,
            0.02630804642590122,
            0.02735151315461868,
            0.025651896340957374,
            0.025327070432973456,
            0.0311359429892637,
            0.03089956564162514,
            0.03041864551557813,
            0.02993370669503911,
            0.03280594695626089,
            0.03448997777804549,
            0.03393048645387416,
            0.03450562309005627,
            0.032144610768211936,
            0.03277681984657386,
            0.03278285612070751
        ],
        [
            0.07598184721979594,
            0.08115143681539545,
            0.04921960700847066,
            0.04917956350656917,
            0.017880430735053545,
            0.02089229442488909,
            0.018384055872942524,
            0.01249990513834712,
            0.009441837525980126,
            0.002128913639079657,
            0.0034330995359234517,
            0.005746534573677449,
            0.0,
            0.0017395334780319692,
            0.0004937133433655514,
            0.02054924496508514,
            0.020980751608175193,
            0.02070393701358085,
            0.018808677406698907,
            0.01986085654138272,
            0.021293689873061183,
            0.02473178635300714,
            0.02398668807767179,
            0.021520441505685297,
            0.022563908234402758,
            0.020864291420741452,
            0.020539465512757538,
            0.026348338069047777,
            0.026111960721409217,
            0.025631040595362208,
            0.02514610177482319,
            0.02801834203604497,
            0.029702372857829566,
            0.02914288153365824,
            0.02971801816984035,
            0.027357005847996014,
            0.027989214926357937,
            0.027995251200491594
        ],
        [
            0.07722628493472816,
            0.08239587453032768,
            0.05046404472340289,
            0.050424001221501404,
            0.019124868449985778,
            0.022136732139821324,
            0.019628493587874756,
            0.013744342853279353,
            0.010686275240912358,
            0.0033733513540118902,
            0.004677537250855685,
            0.006990972288609682,
            0.0017395334780319692,
            0.0,
            0.0017363692450470154,
            0.021793682680017374,
            0.022225189323107426,
            0.021948374728513083,
            0.02005311512163114,
            0.021105294256314952,
            0.022538127587993416,
            0.025976224067939372,
            0.025231125792604024,
            0.02276487922061753,
            0.02380834594933499,
            0.022108729135673685,
            0.02178390322768977,
            0.02759277578398001,
            0.02735639843634145,
            0.02687547831029444,
            0.02639053948975542,
            0.029262779750977203,
            0.030946810572761798,
            0.030387319248590474,
            0.03096245588477258,
            0.028601443562928246,
            0.02923365264129017,
            0.029239688915423827
        ],
        [
            0.07598046480006175,
            0.08115005439566127,
            0.049218224588736474,
            0.049178181086834985,
            0.017879048315319362,
            0.02089091200515491,
            0.01838267345320834,
            0.012498522718612935,
            0.00944045510624594,
            0.002127531219345473,
            0.0034317171161892678,
            0.005745152153943264,
            0.0004937133433655514,
            0.0017363692450470154,
            0.0,
            0.02054786254535096,
            0.02097936918844101,
            0.020702554593846664,
            0.01880729498696472,
            0.019859474121648537,
            0.021292307453326997,
            0.024730403933272957,
            0.023985305657937606,
            0.021519059085951114,
            0.022562525814668576,
            0.02086290900100727,
            0.02053808309302335,
            0.026346955649313594,
            0.026110578301675035,
            0.025629658175628026,
            0.025144719355089006,
            0.028016959616310788,
            0.029700990438095383,
            0.02914149911392406,
            0.029716635750106163,
            0.02735562342826183,
            0.027987832506623754,
            0.027993868780757408
        ],
        [
            0.07720219081499971,
            0.08237178041059923,
            0.05043995060367443,
            0.050399907101772945,
            0.019100774330257315,
            0.022112638020092862,
            0.019604399468146294,
            0.01486048075157234,
            0.017365728764991692,
            0.02171922895070327,
            0.023023414847547066,
            0.025336849885301063,
            0.02054924496508514,
            0.021793682680017374,
            0.02054786254535096,
            0.0,
            0.003243655965852816,
            0.0029668413712584706,
            0.01859751096265536,
            0.019649690097339176,
            0.021082523429017636,
            0.024520619908963592,
            0.02377552163362824,
            0.02130927506164175,
            0.02235274179035921,
            0.020653124976697905,
            0.02032829906871399,
            0.02613717162500423,
            0.02590079427736567,
            0.02541987415131866,
            0.024934935330779645,
            0.027807175592001424,
            0.02949120641378602,
            0.028931715089614694,
            0.029506851725796802,
            0.027145839403952467,
            0.02777804848231439,
            0.027784084756448047
        ],
        [
            0.07763369745808976,
            0.08280328705368928,
            0.05087145724676448,
            0.050831413744863,
            0.019532280973347367,
            0.022544144663182913,
            0.020035906111236346,
            0.015291987394662391,
            0.017797235408081744,
            0.02215073559379332,
            0.023454921490637118,
            0.025768356528391115,
            0.020980751608175193,
            0.022225189323107426,
            0.02097936918844101,
            0.003243655965852816,
            0.0,
            0.0008262682250032704,
            0.01902901760574541,
            0.020081196740429227,
            0.021514030072107688,
            0.024952126552053644,
            0.024207028276718293,
            0.0217407817047318,
            0.022784248433449263,
            0.021084631619787957,
            0.020759805711804042,
            0.02656867826809428,
            0.02633230092045572,
            0.025851380794408713,
            0.025366441973869697,
            0.028238682235091475,
            0.02992271305687607,
            0.029363221732704746,
            0.029938358368886853,
            0.02757734604704252,
            0.02820955512540444,
            0.0282155913995381
        ],
        [
            0.0773568828634954,
            0.08252647245909492,
            0.05059464265217013,
            0.05055459915026865,
            0.019255466378753024,
            0.022267330068588567,
            0.019759091516642,
            0.015015172800068047,
            0.0175204208134874,
            0.02187392099919898,
            0.02317810689604277,
            0.02549154193379677,
            0.02070393701358085,
            0.021948374728513083,
            0.020702554593846664,
            0.0029668413712584706,
            0.0008262682250032704,
            0.0,
            0.018752203011151068,
            0.01980438214583488,
            0.021237215477513345,
            0.024675311957459298,
            0.02393021368212395,
            0.021463967110137455,
            0.022507433838854916,
            0.02080781702519361,
            0.0204829911172097,
            0.026291863673499935,
            0.026055486325861375,
            0.025574566199814366,
            0.02508962737927535,
            0.02796186764049713,
            0.029645898462281724,
            0.0290864071381104,
            0.02966154377429251,
            0.027300531452448172,
            0.027932740530810095,
            0.027938776804943756
        ],
        [
            0.07546162325661347,
            0.08063121285221299,
            0.048699383045288196,
            0.048659339543386707,
            0.01736020677187108,
            0.020372070461706627,
            0.01786383190976006,
            0.013119913193186105,
            0.015625161206605457,
            0.019978661392317035,
            0.021282847289160828,
            0.023596282326914825,
            0.018808677406698907,
            0.02005311512163114,
            0.01880729498696472,
            0.01859751096265536,
            0.01902901760574541,
            0.018752203011151068,
            0.0,
            0.008063598332750674,
            0.009496431664429136,
            0.012934528144375092,
            0.012189429869039743,
            0.00972318329705325,
            0.010766650025770711,
            0.009067033212109403,
            0.00874220730412549,
            0.014551079860415728,
            0.014314702512777168,
            0.013833782386730161,
            0.013348843566191143,
            0.01622108382741292,
            0.01790511464919752,
            0.017345623325026194,
            0.017920759961208302,
            0.015559747639363965,
            0.01619195671772589,
            0.016197992991859547
        ],
        [
            0.07651380239129729,
            0.08168339198689681,
            0.04975156217997201,
            0.04971151867807052,
            0.018412385906554897,
            0.021424249596390443,
            0.018916011044443876,
            0.01417209232786992,
            0.016677340341289273,
            0.021030840527000848,
            0.022335026423844644,
            0.02464846146159864,
            0.01986085654138272,
            0.021105294256314952,
            0.019859474121648537,
            0.019649690097339176,
            0.020081196740429227,
            0.01980438214583488,
            0.008063598332750674,
            0.0,
            0.00981618636837688,
            0.013254282848322836,
            0.012509184572987487,
            0.010042938001000994,
            0.011086404729718457,
            0.009386787916057147,
            0.009061962008073236,
            0.014870834564363472,
            0.014634457216724912,
            0.014153537090677905,
            0.013668598270138888,
            0.016540838531360666,
            0.01822486935314526,
            0.017665378028973937,
            0.018240514665156048,
            0.01587950234331171,
            0.016511711421673632,
            0.016517747695807293
        ],
        [
            0.07794663572297575,
            0.08311622531857527,
            0.05118439551165047,
            0.05114435200974898,
            0.019845219238233357,
            0.022857082928068904,
            0.020348844376122336,
            0.015604925659548382,
            0.018110173672967734,
            0.02246367385867931,
            0.023767859755523105,
            0.0260812947932771,
            0.021293689873061183,
            0.022538127587993416,
            0.021292307453326997,
            0.021082523429017636,
            0.021514030072107688,
            0.021237215477513345,
            0.009496431664429136,
            0.00981618636837688,
            0.0,
            0.005442460447574907,
            0.004697362172239558,
            0.002709053697608357,
            0.0037525204263258185,
            0.002052903612664511,
            0.0017280777046805988,
            0.014854560268321687,
            0.014618182920683127,
            0.014137262794636118,
            0.013652323974097103,
            0.01652456423531888,
            0.018208595057103476,
            0.017649103732932152,
            0.01822424036911426,
            0.015863228047269924,
            0.016495437125631847,
            0.016501473399765505
        ],
        [
            0.0813847322029217,
            0.08655432179852121,
            0.054622491991596425,
            0.05458244848969494,
            0.023283315718179314,
            0.02629517940801486,
            0.023786940856068292,
            0.01904302213949434,
            0.02154827015291369,
            0.025901770338625268,
            0.027205956235469064,
            0.02951939127322306,
            0.02473178635300714,
            0.025976224067939372,
            0.024730403933272957,
            0.024520619908963592,
            0.024952126552053644,
            0.024675311957459298,
            0.012934528144375092,
            0.013254282848322836,
            0.005442460447574907,
            0.0,
            0.0012312616662018057,
            0.006147150177554312,
            0.007190616906271773,
            0.005491000092610466,
            0.005166174184626554,
            0.01829265674826764,
            0.01805627940062908,
            0.017575359274582075,
            0.017090420454043055,
            0.019962660715264834,
            0.021646691537049432,
            0.021087200212878108,
            0.021662336849060215,
            0.019301324527215877,
            0.019933533605577803,
            0.01993956987971146
        ],
        [
            0.08063963392758636,
            0.08580922352318587,
            0.05387739371626108,
            0.05383735021435959,
            0.022538217442843966,
            0.025550081132679512,
            0.023041842580732944,
            0.018297923864158988,
            0.020803171877578342,
            0.02515667206328992,
            0.026460857960133713,
            0.02877429299788771,
            0.02398668807767179,
            0.025231125792604024,
            0.023985305657937606,
            0.02377552163362824,
            0.024207028276718293,
            0.02393021368212395,
            0.012189429869039743,
            0.012509184572987487,
            0.004697362172239558,
            0.0012312616662018057,
            0.0,
            0.0054020519022189625,
            0.0064455186309364245,
            0.004745901817275118,
            0.004421075909291205,
            0.017547558472932292,
            0.017311181125293732,
            0.016830260999246727,
            0.016345322178707707,
            0.019217562439929486,
            0.020901593261714084,
            0.02034210193754276,
            0.020917238573724864,
            0.01855622625188053,
            0.019188435330242455,
            0.01919447160437611
        ],
        [
            0.07817338735559987,
            0.08334297695119938,
            0.05141114714427458,
            0.0513711036423731,
            0.02007197087085747,
            0.023083834560693017,
            0.02057559600874645,
            0.015831677292172497,
            0.018336925305591847,
            0.022690425491303425,
            0.02399461138814722,
            0.02630804642590122,
            0.021520441505685297,
            0.02276487922061753,
            0.021519059085951114,
            0.02130927506164175,
            0.0217407817047318,
            0.021463967110137455,
            0.00972318329705325,
            0.010042938001000994,
            0.002709053697608357,
            0.006147150177554312,
            0.0054020519022189625,
            0.0,
            0.0028809438673461636,
            0.0017937777007774429,
            0.0014689517927935305,
            0.0150813119009458,
            0.014844934553307241,
            0.014364014427260232,
            0.013879075606721216,
            0.016751315867942995,
            0.01843534668972759,
            0.017875855365556265,
            0.018450992001738373,
            0.016089979679894038,
            0.01672218875825596,
            0.016728225032389618
        ],
        [
            0.07921685408431732,
            0.08438644367991684,
            0.05245461387299205,
            0.052414570371090555,
            0.021115437599574932,
            0.02412730128941048,
            0.02161906273746391,
            0.016875144020889958,
            0.01938039203430931,
            0.023733892220020886,
            0.025038078116864683,
            0.02735151315461868,
            0.022563908234402758,
            0.02380834594933499,
            0.022562525814668576,
            0.02235274179035921,
            0.022784248433449263,
            0.022507433838854916,
            0.010766650025770711,
            0.011086404729718457,
            0.0037525204263258185,
            0.007190616906271773,
            0.0064455186309364245,
            0.0028809438673461636,
            0.0,
            0.0028372444294949045,
            0.002512418521510992,
            0.016124778629663262,
            0.015888401282024702,
            0.015407481155977695,
            0.014922542335438677,
            0.017794782596660456,
            0.019478813418445054,
            0.01891932209427373,
            0.019494458730455834,
            0.0171334464086115,
            0.017765655486973425,
            0.01777169176110708
        ],
        [
            0.07751723727065601,
            0.08268682686625553,
            0.050754997059330745,
            0.05071495355742925,
            0.019415820785913626,
            0.022427684475749173,
            0.019919445923802605,
            0.01517552720722865,
            0.017680775220648003,
            0.02203427540635958,
            0.023338461303203377,
            0.025651896340957374,
            0.020864291420741452,
            0.022108729135673685,
            0.02086290900100727,
            0.020653124976697905,
            0.021084631619787957,
            0.02080781702519361,
            0.009067033212109403,
            0.009386787916057147,
            0.002052903612664511,
            0.005491000092610466,
            0.004745901817275118,
            0.0017937777007774429,
            0.0028372444294949045,
            0.0,
            0.00032646791101283417,
            0.014425161816001954,
            0.014188784468363394,
            0.013707864342316387,
            0.01322292552177737,
            0.016095165782999146,
            0.017779196604783745,
            0.01721970528061242,
            0.017794841916794528,
            0.015433829594950191,
            0.016066038673312116,
            0.016072074947445773
        ],
        [
            0.0771924113626721,
            0.08236200095827162,
            0.05043017115134683,
            0.05039012764944534,
            0.01909099487792971,
            0.022102858567765258,
            0.01959462001581869,
            0.014850701299244736,
            0.017355949312664088,
            0.021709449498375666,
            0.02301363539521946,
            0.025327070432973456,
            0.020539465512757538,
            0.02178390322768977,
            0.02053808309302335,
            0.02032829906871399,
            0.020759805711804042,
            0.0204829911172097,
            0.00874220730412549,
            0.009061962008073236,
            0.0017280777046805988,
            0.005166174184626554,
            0.004421075909291205,
            0.0014689517927935305,
            0.002512418521510992,
            0.00032646791101283417,
            0.0,
            0.014100335908018041,
            0.013863958560379482,
            0.013383038434332474,
            0.012898099613793457,
            0.015770339875015235,
            0.01745437069679983,
            0.016894879372628506,
            0.017470016008810617,
            0.015109003686966278,
            0.0157412127653282,
            0.015747249039461862
        ],
        [
            0.08300128391896233,
            0.08817087351456185,
            0.05623904370763706,
            0.05619900020573558,
            0.02489986743421995,
            0.027911731124055497,
            0.02540349257210893,
            0.020659573855534977,
            0.023164821868954327,
            0.027518322054665905,
            0.0288225079515097,
            0.0311359429892637,
            0.026348338069047777,
            0.02759277578398001,
            0.026346955649313594,
            0.02613717162500423,
            0.02656867826809428,
            0.026291863673499935,
            0.014551079860415728,
            0.014870834564363472,
            0.014854560268321687,
            0.01829265674826764,
            0.017547558472932292,
            0.0150813119009458,
            0.016124778629663262,
            0.014425161816001954,
            0.014100335908018041,
            0.0,
            0.004631819327412556,
            0.005109729455748779,
            0.0046247906352097625,
            0.014459279533402428,
            0.016143310355187023,
            0.0155838190310157,
            0.016158955667197807,
            0.01379794334535347,
            0.014430152423715394,
            0.014436188697849052
        ],
        [
            0.08276490657132378,
            0.0879344961669233,
            0.05600266635999851,
            0.055962622858097014,
            0.02466349008658139,
            0.027675353776416937,
            0.02516711522447037,
            0.020423196507896417,
            0.022928444521315768,
            0.027281944707027345,
            0.028586130603871142,
            0.03089956564162514,
            0.026111960721409217,
            0.02735639843634145,
            0.026110578301675035,
            0.02590079427736567,
            0.02633230092045572,
            0.026055486325861375,
            0.014314702512777168,
            0.014634457216724912,
            0.014618182920683127,
            0.01805627940062908,
            0.017311181125293732,
            0.014844934553307241,
            0.015888401282024702,
            0.014188784468363394,
            0.013863958560379482,
            0.004631819327412556,
            0.0,
            0.004873352108110221,
            0.004388413287571204,
            0.014222902185763869,
            0.015906933007548467,
            0.015347441683377141,
            0.015922578319559247,
            0.013561565997714912,
            0.014193775076076836,
            0.014199811350210494
        ],
        [
            0.08228398644527676,
            0.08745357604087628,
            0.055521746233951494,
            0.05548170273205001,
            0.024182569960534382,
            0.02719443365036993,
            0.02468619509842336,
            0.019942276381849408,
            0.02244752439526876,
            0.026801024580980336,
            0.028105210477824133,
            0.03041864551557813,
            0.025631040595362208,
            0.02687547831029444,
            0.025629658175628026,
            0.02541987415131866,
            0.025851380794408713,
            0.025574566199814366,
            0.013833782386730161,
            0.014153537090677905,
            0.014137262794636118,
            0.017575359274582075,
            0.016830260999246727,
            0.014364014427260232,
            0.015407481155977695,
            0.013707864342316387,
            0.013383038434332474,
            0.005109729455748779,
            0.004873352108110221,
            0.0,
