{
    "NEXUS_FILE_URL": "http://purl.org/phylo/treebase/phylows/study/TB2:S12975",
    "NEWICK_TREE": "(((50:0.01542,51:0.01319):0.026887,(52:0.004188,53:0.012486):0.021117):0.0361615,(((39:0.00288,40:0.001779):0.018849,((26:0.012929,(24:7.06E-4,25:7.31E-4):0.008446):0.003822,((22:0.003747,23:0.004841):0.006977,((21:0.00377,(19:0.005758,20:0.002754):0.00171):0.005029,(18:0.007888,(17:0.001688,(15:0.006851,16:0.003756):0.001721):0.002715):0.00468):0.003788):0.003377):0.005143):0.001304,(((38:0.008606,(35:0.004876,(36:0.002797,37:0.002806):0.001723):0.004346):0.005942,((33:0.002959,34:0.001764):0.0048,((27:0.007825,28:0.017734):0.001205,((29:0.001743,30:7.4E-4):0.002775,(31:0.002928,32:0.001758):0.001738):0.004438):0.00192):0.003604):0.005274,(((48:0.005021,49:0.003934):0.014464,((45:0.005957,(46:0.011337,47:0.005995):0.001768):0.005522,(44:0.006721,(41:0.007309,(42:7.13E-4,43:7.37E-4):0.004489):0.004883):0.01261):0.005016):0.00373,(14:0.007461,((12:0.009176,(2:0.001746,13:0.010312):7.56E-4):0.001033,((1:0.009236,(3:0.002859,4:0.012435):0.004034):0.001751,(7:0.005962,((5:7.44E-4,6:0.003871):0.009579,(11:0.001793,(8:0.001752,(9:7.45E-4,10:0.003872):0.006038):0.001768):0.005269):0.001698):7.51E-4):0.001759):0.006655):0.006006):0.003531):0.001762):0.0361615);",
    "DISTANCE_MATRIX": [
        [
            0.0,
            0.02861,
            0.067612,
            0.07591,
            0.13766299999999998,
            0.136562,
            0.137828,
            0.134051,
            0.134076,
            0.135178,
            0.136272,
            0.137041,
            0.140739,
            0.137735,
            0.14081,
            0.137325,
            0.144209,
            0.141114,
            0.136214,
            0.13683,
            0.13647399999999998,
            0.136483,
            0.133029,
            0.131834,
            0.13622,
            0.146129,
            0.136146,
            0.135143,
            0.136294,
            0.135124,
            0.143138,
            0.14205099999999998,
            0.140148,
            0.14729599999999998,
            0.141954,
            0.148,
            0.153471,
            0.151364,
            0.151388,
            0.13339,
            0.142793,
            0.136119,
            0.144685,
            0.14533000000000001,
            0.142987,
            0.152563,
            0.14105600000000001,
            0.147115,
            0.150242,
            0.14385399999999998,
            0.145581,
            0.150612,
            0.15373900000000001
        ],
        [
            0.02861,
            0.0,
            0.065382,
            0.07368,
            0.135433,
            0.134332,
            0.135598,
            0.131821,
            0.131846,
            0.132948,
            0.134042,
            0.13481100000000001,
            0.138509,
            0.135505,
            0.13858,
            0.135095,
            0.14197900000000002,
            0.138884,
            0.133984,
            0.1346,
            0.134244,
            0.134253,
            0.130799,
            0.129604,
            0.13399,
            0.143899,
            0.133916,
            0.132913,
            0.13406400000000002,
            0.132894,
            0.14090799999999998,
            0.139821,
            0.13791799999999999,
            0.145066,
            0.13972400000000001,
            0.14577,
            0.15124100000000001,
            0.149134,
            0.149158,
            0.13116,
            0.140563,
            0.133889,
            0.142455,
            0.1431,
            0.14075700000000002,
            0.150333,
            0.138826,
            0.14488499999999999,
            0.148012,
            0.141624,
            0.143351,
            0.14838200000000001,
            0.151509
        ],
        [
            0.067612,
            0.065382,
            0.0,
            0.016674,
            0.12066099999999999,
            0.11956,
            0.12082599999999999,
            0.117049,
            0.117074,
            0.118176,
            0.11926999999999999,
            0.120039,
            0.123737,
            0.12073300000000001,
            0.123808,
            0.120323,
            0.12720700000000001,
            0.124112,
            0.11921200000000001,
            0.11982799999999999,
            0.119472,
            0.119481,
            0.11602699999999999,
            0.11483199999999999,
            0.11921799999999999,
            0.12912700000000002,
            0.119144,
            0.118141,
            0.11929200000000001,
            0.118122,
            0.126136,
            0.125049,
            0.123146,
            0.130294,
            0.12495200000000001,
            0.130998,
            0.136469,
            0.134362,
            0.134386,
            0.11638799999999999,
            0.12579100000000001,
            0.119117,
            0.127683,
            0.128328,
            0.125985,
            0.13556100000000001,
            0.124054,
            0.130113,
            0.13324,
            0.126852,
            0.128579,
            0.13361,
            0.136737
        ],
        [
            0.07591,
            0.07368,
            0.016674,
            0.0,
            0.128959,
            0.127858,
            0.12912400000000002,
            0.12534700000000001,
            0.125372,
            0.126474,
            0.12756800000000001,
            0.128337,
            0.132035,
            0.129031,
            0.132106,
            0.128621,
            0.13550500000000001,
            0.13241,
            0.12751,
            0.12812600000000002,
            0.12777,
            0.127779,
            0.124325,
            0.12313,
            0.12751600000000002,
            0.13742500000000002,
            0.127442,
            0.12643900000000002,
            0.12759,
            0.12642,
            0.134434,
            0.133347,
            0.131444,
            0.138592,
            0.13325,
            0.139296,
            0.144767,
            0.14266,
            0.142684,
            0.124686,
            0.134089,
            0.127415,
            0.13598100000000002,
            0.13662600000000003,
            0.134283,
            0.14385900000000001,
            0.13235200000000003,
            0.138411,
            0.141538,
            0.13515,
            0.136877,
            0.141908,
            0.14503500000000003
        ],
        [
            0.13766299999999998,
            0.135433,
            0.12066099999999999,
            0.128959,
            0.0,
            0.004659,
            0.043622999999999995,
            0.039846000000000006,
            0.039871000000000004,
            0.040972999999999996,
            0.042067,
            0.042836,
            0.046534000000000006,
            0.04353,
            0.04660500000000001,
            0.043120000000000006,
            0.05000400000000001,
            0.046909000000000006,
            0.044617000000000004,
            0.045233,
            0.044877,
            0.044886,
            0.041432,
            0.040237,
            0.044622999999999996,
            0.05453200000000001,
            0.044549000000000005,
            0.043546,
            0.044697,
            0.043526999999999996,
            0.051541000000000003,
            0.050454,
            0.048551,
            0.055699,
            0.050357,
            0.05640300000000001,
            0.061874,
            0.059767,
            0.059791,
            0.041793,
            0.051196000000000005,
            0.044522000000000006,
            0.053088,
            0.053733,
            0.051390000000000005,
            0.060966000000000006,
            0.049459,
            0.055518,
            0.058645,
            0.052257,
            0.053984000000000004,
            0.059015,
            0.062142
        ],
        [
            0.136562,
            0.134332,
            0.11956,
            0.127858,
            0.004659,
            0.0,
            0.042522,
            0.038745,
            0.03877,
            0.039872,
            0.040966,
            0.041735,
            0.045433,
            0.042429,
            0.045504,
            0.042019,
            0.048903,
            0.045808,
            0.043516,
            0.044132000000000005,
            0.043775999999999995,
            0.043785000000000004,
            0.040331,
            0.039136000000000004,
            0.043522,
            0.053431000000000006,
            0.043448,
            0.042445,
            0.043595999999999996,
            0.042426,
            0.05044,
            0.049352999999999994,
            0.04745,
            0.054598,
            0.049256,
            0.055302000000000004,
            0.060773,
            0.058665999999999996,
            0.05869,
            0.040692,
            0.050095,
            0.043421,
            0.051987000000000005,
            0.052632,
            0.050289,
            0.059865,
            0.048358,
            0.054417,
            0.057544000000000005,
            0.051156,
            0.052883,
            0.057914,
            0.061041000000000005
        ],
        [
            0.137828,
            0.135598,
            0.12082599999999999,
            0.12912400000000002,
            0.043622999999999995,
            0.042522,
            0.0,
            0.022081,
            0.022106,
            0.030851999999999997,
            0.031945999999999995,
            0.032714999999999994,
            0.036413,
            0.033408999999999994,
            0.036484,
            0.032999,
            0.039883,
            0.036788,
            0.044782,
            0.045397999999999994,
            0.045042,
            0.045050999999999994,
            0.041596999999999995,
            0.040401999999999993,
            0.044787999999999994,
            0.054697,
            0.044714,
            0.043711,
            0.044862,
            0.043691999999999995,
            0.051705999999999995,
            0.050619,
            0.048715999999999995,
            0.055864,
            0.050522,
            0.056568,
            0.062039,
            0.05993199999999999,
            0.059955999999999995,
            0.041957999999999995,
            0.051361,
            0.044687,
            0.053252999999999995,
            0.053898,
            0.051555,
            0.061131,
            0.049624,
            0.055682999999999996,
            0.05881,
            0.052421999999999996,
            0.054148999999999996,
            0.059179999999999996,
            0.062307
        ],
        [
            0.134051,
            0.131821,
            0.117049,
            0.12534700000000001,
            0.039846000000000006,
            0.038745,
            0.022081,
            0.0,
            0.001437,
            0.027075,
            0.028169,
            0.028938,
            0.032636,
            0.029632,
            0.032707,
            0.029221999999999998,
            0.036106,
            0.033011,
            0.041005,
            0.041621000000000005,
            0.041264999999999996,
            0.041274000000000005,
            0.03782,
            0.036625000000000005,
            0.041011,
            0.05092000000000001,
            0.040937,
            0.039934,
            0.041084999999999997,
            0.039915,
            0.047929,
            0.046841999999999995,
            0.044939,
            0.052087,
            0.046745,
            0.052791000000000005,
            0.058262,
            0.056155,
            0.056179,
            0.038181,
            0.047584,
            0.04091,
            0.049476000000000006,
            0.050121,
            0.047778,
            0.057354,
            0.045847,
            0.051906,
            0.055033000000000006,
            0.048645,
            0.050372,
            0.055403,
            0.058530000000000006
        ],
        [
            0.134076,
            0.131846,
            0.117074,
            0.125372,
            0.039871000000000004,
            0.03877,
            0.022106,
            0.001437,
            0.0,
            0.0271,
            0.028193999999999997,
            0.028963,
            0.032660999999999996,
            0.029657,
            0.032732,
            0.029247,
            0.036130999999999996,
            0.033035999999999996,
            0.04103,
            0.041646,
            0.04128999999999999,
            0.041299,
            0.037845,
            0.03665,
            0.041035999999999996,
            0.050945000000000004,
            0.040962,
            0.039958999999999995,
            0.041109999999999994,
            0.039939999999999996,
            0.047954,
            0.04686699999999999,
            0.044964,
            0.052112,
            0.04677,
            0.052816,
            0.058287,
            0.056179999999999994,
            0.056204,
            0.038206,
            0.047609,
            0.040935,
            0.049501,
            0.050145999999999996,
            0.047803,
            0.057379,
            0.045871999999999996,
            0.051931,
            0.055058,
            0.04867,
            0.050397,
            0.055428,
            0.058555
        ],
        [
            0.135178,
            0.132948,
            0.118176,
            0.126474,
            0.040972999999999996,
            0.039872,
            0.030851999999999997,
            0.027075,
            0.0271,
            0.0,
            0.008588,
            0.023311,
            0.027009,
            0.024005,
            0.02708,
            0.023594999999999998,
            0.030479,
            0.027384,
            0.042132,
            0.042747999999999994,
            0.042392,
            0.042400999999999994,
            0.038946999999999996,
            0.037751999999999994,
            0.042137999999999995,
            0.052047,
            0.042064,
            0.041061,
            0.042212,
            0.041041999999999995,
            0.049055999999999995,
            0.047969,
            0.046065999999999996,
            0.053214,
            0.047872,
            0.053918,
            0.059389,
            0.05728199999999999,
            0.057305999999999996,
            0.039307999999999996,
            0.048711,
            0.042037,
            0.050602999999999995,
            0.051248,
            0.048905,
            0.058481,
            0.046974,
            0.053033,
            0.05616,
            0.049772,
            0.051498999999999996,
            0.05653,
            0.059657
        ],
        [
            0.136272,
            0.134042,
            0.11926999999999999,
            0.12756800000000001,
            0.042067,
            0.040966,
            0.031945999999999995,
            0.028169,
            0.028193999999999997,
            0.008588,
            0.0,
            0.024404999999999996,
            0.028103,
            0.025098999999999996,
            0.028173999999999998,
            0.024689,
            0.031573000000000004,
            0.028478,
            0.043226,
            0.043842,
            0.043486,
            0.043495,
            0.04004099999999999,
            0.038846,
            0.04323199999999999,
            0.05314100000000001,
            0.043158,
            0.042155,
            0.043306,
            0.04213599999999999,
            0.05015,
            0.049062999999999996,
            0.047159999999999994,
            0.054307999999999995,
            0.048965999999999996,
            0.055012000000000005,
            0.060482999999999995,
            0.058376,
            0.058399999999999994,
            0.040401999999999993,
            0.049805,
            0.043131,
            0.051697,
            0.052342,
            0.049999,
            0.059575,
            0.048068,
            0.054126999999999995,
            0.057254,
            0.050865999999999995,
            0.052593,
            0.057623999999999995,
            0.060751
        ],
        [
            0.137041,
            0.13481100000000001,
            0.120039,
            0.128337,
            0.042836,
            0.041735,
            0.032714999999999994,
            0.028938,
            0.028963,
            0.023311,
            0.024404999999999996,
            0.0,
            0.011238,
            0.008234,
            0.021366999999999997,
            0.017882000000000002,
            0.024766000000000003,
            0.021671,
            0.043995000000000006,
            0.044611,
            0.044255,
            0.044264,
            0.04081,
            0.039615,
            0.044001,
            0.053910000000000007,
            0.043927,
            0.042924000000000004,
            0.044075,
            0.042905,
            0.050919,
            0.049832,
            0.047929,
            0.055077,
            0.049735,
            0.055781000000000004,
            0.061252,
            0.059144999999999996,
            0.059169,
            0.041171,
            0.050574,
            0.0439,
            0.052466,
            0.053111000000000005,
            0.050768,
            0.060344,
            0.048837000000000005,
            0.054896,
            0.058023000000000005,
            0.051635,
            0.053362,
            0.058393,
            0.061520000000000005
        ],
        [
            0.140739,
            0.138509,
            0.123737,
            0.132035,
            0.046534000000000006,
            0.045433,
            0.036413,
            0.032636,
            0.032660999999999996,
            0.027009,
            0.028103,
            0.011238,
            0.0,
            0.008512,
            0.025064999999999997,
            0.021580000000000002,
            0.028464000000000003,
            0.025369,
            0.047693,
            0.048309000000000005,
            0.047952999999999996,
            0.047962000000000005,
            0.044508,
            0.043313000000000004,
            0.047699,
            0.057608000000000006,
            0.047625,
            0.046622,
            0.047772999999999996,
            0.046603,
            0.054617,
            0.053529999999999994,
            0.051627,
            0.058775,
            0.053433,
            0.059479000000000004,
            0.06495000000000001,
            0.062843,
            0.062867,
            0.044869,
            0.054272,
            0.047598,
            0.056164000000000006,
            0.056809,
            0.054466,
            0.064042,
            0.052535,
            0.058594,
            0.061721000000000005,
            0.055333,
            0.05706,
            0.062091,
            0.065218
        ],
        [
            0.137735,
            0.135505,
            0.12073300000000001,
            0.129031,
            0.04353,
            0.042429,
            0.033408999999999994,
            0.029632,
            0.029657,
            0.024005,
            0.025098999999999996,
            0.008234,
            0.008512,
            0.0,
            0.022060999999999997,
            0.018576000000000002,
            0.025460000000000003,
            0.022365,
            0.044689000000000006,
            0.045305,
            0.044949,
            0.044958,
            0.041504,
            0.040309,
            0.044695,
            0.05460400000000001,
            0.044621,
            0.043618000000000004,
            0.044769,
            0.043599,
            0.051613,
            0.050526,
            0.048623,
            0.055771,
            0.050429,
            0.056475000000000004,
            0.061946,
            0.059838999999999996,
            0.059863,
            0.041865,
            0.051268,
            0.044594,
            0.05316,
            0.053805000000000006,
            0.051462,
            0.061038,
            0.049531000000000006,
            0.05559,
            0.058717000000000005,
            0.052329,
            0.054056,
            0.059087,
            0.062214000000000005
        ],
        [
            0.14081,
            0.13858,
            0.123808,
            0.132106,
            0.04660500000000001,
            0.045504,
            0.036484,
            0.032707,
            0.032732,
            0.02708,
            0.028173999999999998,
            0.021366999999999997,
            0.025064999999999997,
            0.022060999999999997,
            0.0,
            0.012291,
            0.019174999999999998,
            0.016079999999999997,
            0.047764,
            0.048380000000000006,
            0.048024,
            0.048033000000000006,
            0.044579,
            0.043384000000000006,
            0.04777,
            0.05767900000000001,
            0.047696,
            0.046693,
            0.047844,
            0.046674,
            0.054688,
            0.053600999999999996,
            0.051698,
            0.058846,
            0.053504,
            0.059550000000000006,
            0.065021,
            0.062914,
            0.062938,
            0.04494,
            0.054343,
            0.047669,
            0.05623500000000001,
            0.05688,
            0.054537,
            0.064113,
            0.052606,
            0.058665,
            0.06179200000000001,
            0.055404,
            0.057131,
            0.062162,
            0.06528900000000001
        ],
        [
            0.137325,
            0.135095,
            0.120323,
            0.128621,
            0.043120000000000006,
            0.042019,
            0.032999,
            0.029221999999999998,
            0.029247,
            0.023594999999999998,
            0.024689,
            0.017882000000000002,
            0.021580000000000002,
            0.018576000000000002,
            0.012291,
            0.0,
            0.01026,
            0.007165,
            0.044279,
            0.044895000000000004,
            0.044538999999999995,
            0.044548000000000004,
            0.041094,
            0.039899000000000004,
            0.044285,
            0.054194000000000006,
            0.044211,
            0.043207999999999996,
            0.044358999999999996,
            0.043189,
            0.051203,
            0.050115999999999994,
            0.048213,
            0.055361,
            0.050019,
            0.056065000000000004,
            0.061536,
            0.059428999999999996,
            0.059453,
            0.041455,
            0.050858,
            0.044184,
            0.052750000000000005,
            0.053395,
            0.051052,
            0.060628,
            0.049121,
            0.05518,
            0.058307000000000005,
            0.051919,
            0.053646,
            0.058677,
            0.061804000000000005
        ],
        [
            0.144209,
            0.14197900000000002,
            0.12720700000000001,
            0.13550500000000001,
            0.05000400000000001,
            0.048903,
            0.039883,
            0.036106,
            0.036130999999999996,
            0.030479,
            0.031573000000000004,
            0.024766000000000003,
            0.028464000000000003,
            0.025460000000000003,
            0.019174999999999998,
            0.01026,
            0.0,
            0.010607,
            0.051163,
            0.051779000000000006,
            0.051422999999999996,
            0.051432000000000005,
            0.047978,
            0.046783000000000005,
            0.051169,
            0.06107800000000001,
            0.051095,
            0.050092,
            0.051243,
            0.050073,
            0.058087,
            0.056999999999999995,
            0.055097,
            0.062245,
            0.056903,
            0.062949,
            0.06842000000000001,
            0.066313,
            0.06633700000000001,
            0.048339,
            0.057742,
            0.051068,
            0.059634000000000006,
            0.060279,
            0.057936,
            0.067512,
            0.056005,
            0.062064,
            0.065191,
            0.058803,
            0.06053,
            0.06556100000000001,
            0.068688
        ],
        [
            0.141114,
            0.138884,
            0.124112,
            0.13241,
            0.046909000000000006,
            0.045808,
            0.036788,
            0.033011,
            0.033035999999999996,
            0.027384,
            0.028478,
            0.021671,
            0.025369,
            0.022365,
            0.016079999999999997,
            0.007165,
            0.010607,
            0.0,
            0.048068,
            0.048684000000000005,
            0.048327999999999996,
            0.048337000000000005,
            0.044883,
            0.043688000000000005,
            0.048074,
            0.05798300000000001,
            0.048,
            0.046997,
            0.048147999999999996,
            0.046978,
            0.054992,
            0.053904999999999995,
            0.052002,
            0.05915,
            0.053808,
            0.059854000000000004,
            0.065325,
            0.063218,
            0.06324199999999999,
            0.045244,
            0.054647,
            0.047973,
            0.056539000000000006,
            0.057184,
            0.054841,
            0.064417,
            0.05291,
            0.058969,
            0.062096000000000005,
            0.055708,
            0.057435,
            0.062466,
            0.06559300000000001
        ],
        [
            0.136214,
            0.133984,
            0.11921200000000001,
            0.12751,
            0.044617000000000004,
            0.043516,
            0.044782,
            0.041005,
            0.04103,
            0.042132,
            0.043226,
            0.043995000000000006,
            0.047693,
            0.044689000000000006,
            0.047764,
            0.044279,
            0.051163,
            0.048068,
            0.0,
            0.017828000000000004,
            0.017472,
            0.017481000000000003,
            0.025911000000000003,
            0.024716000000000002,
            0.029102000000000003,
            0.039011000000000004,
            0.029028,
            0.028025,
            0.029176,
            0.028006000000000003,
            0.046568,
            0.045481,
            0.043578000000000006,
            0.05072600000000001,
            0.04538400000000001,
            0.051430000000000003,
            0.05690100000000001,
            0.054793999999999995,
            0.054818000000000006,
            0.036820000000000006,
            0.046223,
            0.039549,
            0.048115000000000005,
            0.048760000000000005,
            0.046417,
            0.055993,
            0.044486000000000005,
            0.05054500000000001,
            0.05367200000000001,
            0.04728400000000001,
            0.049011,
            0.05404200000000001,
            0.05716900000000001
        ],
        [
            0.13683,
            0.1346,
            0.11982799999999999,
            0.12812600000000002,
            0.045233,
            0.044132000000000005,
            0.045397999999999994,
            0.041621000000000005,
            0.041646,
            0.042747999999999994,
            0.043842,
            0.044611,
            0.048309000000000005,
            0.045305,
            0.048380000000000006,
            0.044895000000000004,
            0.051779000000000006,
            0.048684000000000005,
            0.017828000000000004,
            0.0,
            0.009396,
            0.009405,
            0.026527000000000002,
            0.025332,
            0.029718,
            0.039627,
            0.029644,
            0.028641,
            0.029792,
            0.028622,
            0.047184000000000004,
            0.046097,
            0.044194,
            0.051342,
            0.046,
            0.05204600000000001,
            0.057517,
            0.05541,
            0.055434,
            0.037436,
            0.046839000000000006,
            0.040165000000000006,
            0.048731000000000003,
            0.049376,
            0.047033000000000005,
            0.05660900000000001,
            0.045102,
            0.051161,
            0.054288,
            0.0479,
            0.049627000000000004,
            0.054658,
            0.057785
        ],
        [
            0.13647399999999998,
            0.134244,
            0.119472,
            0.12777,
            0.044877,
            0.043775999999999995,
            0.045042,
            0.041264999999999996,
            0.04128999999999999,
            0.042392,
            0.043486,
            0.044255,
            0.047952999999999996,
            0.044949,
            0.048024,
            0.044538999999999995,
            0.051422999999999996,
            0.048327999999999996,
            0.017472,
            0.009396,
            0.0,
            0.005603,
            0.026171,
            0.024975999999999998,
            0.029362,
            0.039271,
            0.029287999999999998,
            0.028284999999999998,
            0.029435999999999997,
            0.028266,
            0.046827999999999995,
            0.045741,
            0.043838,
            0.050986000000000004,
            0.045644000000000004,
            0.05169,
            0.057161000000000003,
            0.05505399999999999,
            0.055078,
            0.03708,
            0.046483,
            0.039809,
            0.048375,
            0.04902,
            0.046676999999999996,
            0.056253,
            0.044746,
            0.050805,
            0.05393200000000001,
            0.047544,
            0.049270999999999995,
            0.054302,
            0.05742900000000001
        ],
        [
            0.136483,
            0.134253,
            0.119481,
            0.127779,
            0.044886,
            0.043785000000000004,
            0.045050999999999994,
            0.041274000000000005,
            0.041299,
            0.042400999999999994,
            0.043495,
            0.044264,
            0.047962000000000005,
            0.044958,
            0.048033000000000006,
            0.044548000000000004,
            0.051432000000000005,
            0.048337000000000005,
            0.017481000000000003,
            0.009405,
            0.005603,
            0.0,
            0.026180000000000002,
            0.024985,
            0.029371,
            0.03928,
            0.029297,
            0.028294,
            0.029445,
            0.028275,
            0.046837000000000004,
            0.04575,
            0.043847,
            0.050995,
            0.045653,
            0.05169900000000001,
            0.05717,
            0.055063,
            0.055087,
            0.037089,
            0.046492000000000006,
            0.039818000000000006,
            0.048384,
            0.049029,
            0.046686000000000005,
            0.056262000000000006,
            0.044755,
            0.050814,
            0.053941,
            0.047553,
            0.049280000000000004,
            0.054311,
            0.057438
        ],
        [
            0.133029,
            0.130799,
            0.11602699999999999,
            0.124325,
            0.041432,
            0.040331,
            0.041596999999999995,
            0.03782,
            0.037845,
            0.038946999999999996,
            0.04004099999999999,
            0.04081,
            0.044508,
            0.041504,
            0.044579,
            0.041094,
            0.047978,
            0.044883,
            0.025911000000000003,
            0.026527000000000002,
            0.026171,
            0.026180000000000002,
            0.0,
            0.004723,
            0.018709,
            0.028618,
            0.018635,
            0.017632,
            0.018783,
            0.017613,
            0.043383,
            0.042296,
            0.040393,
            0.047541,
            0.042199,
            0.048245,
            0.053716,
            0.051608999999999995,
            0.051633,
            0.033635,
            0.043038,
            0.036364,
            0.04493,
            0.045575000000000004,
            0.043232,
            0.052808,
            0.041301000000000004,
            0.04736,
            0.050487000000000004,
            0.044099,
            0.045826,
            0.050857,
            0.053984000000000004
        ],
        [
            0.131834,
            0.129604,
            0.11483199999999999,
            0.12313,
            0.040237,
            0.039136000000000004,
            0.040401999999999993,
            0.036625000000000005,
            0.03665,
            0.037751999999999994,
            0.038846,
            0.039615,
            0.043313000000000004,
            0.040309,
            0.043384000000000006,
            0.039899000000000004,
            0.046783000000000005,
            0.043688000000000005,
            0.024716000000000002,
            0.025332,
            0.024975999999999998,
            0.024985,
            0.004723,
            0.0,
            0.017514,
            0.027423000000000003,
            0.01744,
            0.016437,
            0.017588,
            0.016418,
            0.042188,
            0.041101,
            0.039198,
            0.046346,
            0.041004,
            0.04705000000000001,
            0.052521,
            0.050414,
            0.050438,
            0.03244,
            0.041843000000000005,
            0.035169000000000006,
            0.043735,
            0.04438,
            0.042037000000000005,
            0.051613000000000006,
            0.040106,
            0.046165,
            0.049292,
            0.042904,
            0.044631000000000004,
            0.049662,
            0.052789
        ],
        [
            0.13622,
            0.13399,
            0.11921799999999999,
            0.12751600000000002,
            0.044622999999999996,
            0.043522,
            0.044787999999999994,
            0.041011,
            0.041035999999999996,
            0.042137999999999995,
            0.04323199999999999,
            0.044001,
            0.047699,
            0.044695,
            0.04777,
            0.044285,
            0.051169,
            0.048074,
            0.029102000000000003,
            0.029718,
            0.029362,
            0.029371,
            0.018709,
            0.017514,
            0.0,
            0.025559,
            0.017986000000000002,
            0.016982999999999998,
            0.018134,
            0.016964,
            0.046574,
            0.045487,
            0.043584,
            0.050732,
            0.04539,
            0.051436,
            0.056907,
            0.054799999999999995,
            0.054824,
            0.036826,
            0.046229,
            0.039555,
            0.048121,
            0.048766000000000004,
            0.046423,
            0.055999,
            0.044492000000000004,
            0.050551,
            0.053678000000000003,
            0.04729,
            0.049017,
            0.054048,
            0.057175000000000004
        ],
        [
            0.146129,
            0.143899,
            0.12912700000000002,
            0.13742500000000002,
            0.05453200000000001,
            0.053431000000000006,
            0.054697,
            0.05092000000000001,
            0.050945000000000004,
            0.052047,
            0.05314100000000001,
            0.053910000000000007,
            0.057608000000000006,
            0.05460400000000001,
            0.05767900000000001,
            0.054194000000000006,
            0.06107800000000001,
            0.05798300000000001,
            0.039011000000000004,
            0.039627,
            0.039271,
            0.03928,
            0.028618,
            0.027423000000000003,
            0.025559,
            0.0,
            0.027895000000000003,
            0.026892,
            0.028043000000000002,
            0.026873,
            0.056483000000000005,
            0.055396,
            0.053493,
            0.060641,
            0.055299,
            0.06134500000000001,
            0.066816,
            0.064709,
            0.064733,
            0.046735,
            0.05613800000000001,
            0.04946400000000001,
            0.058030000000000005,
            0.058675000000000005,
            0.05633200000000001,
            0.06590800000000001,
            0.054401000000000005,
            0.06046,
            0.063587,
            0.057199,
            0.058926000000000006,
            0.063957,
            0.067084
        ],
        [
            0.136146,
            0.133916,
            0.119144,
            0.127442,
            0.044549000000000005,
            0.043448,
            0.044714,
            0.040937,
            0.040962,
            0.042064,
            0.043158,
            0.043927,
            0.047625,
            0.044621,
            0.047696,
            0.044211,
            0.051095,
            0.048,
            0.029028,
            0.029644,
            0.029287999999999998,
            0.029297,
            0.018635,
            0.01744,
            0.017986000000000002,
            0.027895000000000003,
            0.0,
            0.002483,
            0.009184000000000001,
            0.008014,
            0.0465,
            0.045412999999999995,
            0.04351,
            0.050658,
            0.045316,
            0.051362000000000005,
            0.056833,
            0.054726,
            0.05475,
            0.036752,
            0.046155,
            0.039481,
            0.048047000000000006,
            0.048692,
            0.046349,
            0.055925,
            0.044418,
            0.050477,
            0.053604000000000006,
            0.047216,
            0.048943,
            0.053974,
            0.057101000000000006
        ],
        [
            0.135143,
            0.132913,
            0.118141,
            0.12643900000000002,
            0.043546,
            0.042445,
            0.043711,
            0.039934,
            0.039958999999999995,
            0.041061,
            0.042155,
            0.042924000000000004,
            0.046622,
            0.043618000000000004,
            0.046693,
            0.043207999999999996,
            0.050092,
            0.046997,
            0.028025,
            0.028641,
            0.028284999999999998,
            0.028294,
            0.017632,
            0.016437,
            0.016982999999999998,
            0.026892,
            0.002483,
            0.0,
            0.008181,
            0.007011,
            0.045496999999999996,
            0.04441,
            0.042507,
            0.049655000000000005,
            0.044313000000000005,
            0.050359,
            0.055830000000000005,
            0.05372299999999999,
            0.053747,
            0.035749,
            0.045152,
            0.038478,
            0.047044,
            0.047689,
            0.045346,
            0.054922,
            0.043415,
            0.049474000000000004,
            0.05260100000000001,
            0.046213000000000004,
            0.047939999999999997,
            0.052971000000000004,
            0.05609800000000001
        ],
        [
            0.136294,
            0.13406400000000002,
            0.11929200000000001,
            0.12759,
            0.044697,
