{
    "NEXUS_FILE_URL": "http://purl.org/phylo/treebase/phylows/study/TB2:S12680",
    "NEWICK_TREE": "((((9:0.00947,(2:0.004282,1:0.002894):0.004455,10:0.007765):0.009489,7:0.008221):0.018773,((8:0.002344,(6:0.001385,5:0.002791,13:0.001405):0.009776,11:0.007024,12:0.002919,14:0.002465,15:0.001537):0.013756,(3:0.012601,4:0.002475):0.014849):0.031554):0.0522555,(16:0.045187,17:0.002912):0.0522555);",
    "DISTANCE_MATRIX": [
        [
            0.0,
            0.018207,
            0.016819,
            0.017235,
            0.027179999999999996,
            0.085386,
            0.09420300000000001,
            0.095609,
            0.094223,
            0.09006600000000001,
            0.08596100000000001,
            0.085507,
            0.084579,
            0.096736,
            0.08660999999999999,
            0.18742999999999999,
            0.145155
        ],
        [
            0.018207,
            0.0,
            0.007176,
            0.016502,
            0.026447,
            0.084653,
            0.09347,
            0.094876,
            0.09349,
            0.089333,
            0.085228,
            0.084774,
            0.083846,
            0.096003,
            0.08587700000000001,
            0.186697,
            0.14442200000000002
        ],
        [
            0.016819,
            0.007176,
            0.0,
            0.015113999999999999,
            0.025058999999999998,
            0.083265,
            0.092082,
            0.093488,
            0.092102,
            0.087945,
            0.08384,
            0.083386,
            0.082458,
            0.094615,
            0.08448900000000001,
            0.185309,
            0.14303400000000002
        ],
        [
            0.017235,
            0.016502,
            0.015113999999999999,
            0.0,
            0.025474999999999998,
            0.083681,
            0.092498,
            0.093904,
            0.092518,
            0.088361,
            0.084256,
            0.083802,
            0.082874,
            0.095031,
            0.08490500000000001,
            0.18572500000000003,
            0.14345000000000002
        ],
        [
            0.027179999999999996,
            0.026447,
            0.025058999999999998,
            0.025474999999999998,
            0.0,
            0.074648,
            0.083465,
            0.084871,
            0.083485,
            0.079328,
            0.075223,
            0.074769,
            0.073841,
            0.085998,
            0.075872,
            0.17669200000000002,
            0.134417
        ],
        [
            0.085386,
            0.084653,
            0.083265,
            0.083681,
            0.074648,
            0.0,
            0.013505000000000001,
            0.014911,
            0.013525,
            0.009368,
            0.005263,
            0.004809000000000001,
            0.003881,
            0.04355,
            0.033423999999999995,
            0.19735200000000003,
            0.15507700000000002
        ],
        [
            0.09420300000000001,
            0.09347,
            0.092082,
            0.092498,
            0.083465,
            0.013505000000000001,
            0.0,
            0.004176,
            0.00279,
            0.018185,
            0.01408,
            0.013626000000000001,
            0.012698000000000001,
            0.052367,
            0.042241,
            0.206169,
            0.163894
        ],
        [
            0.095609,
            0.094876,
            0.093488,
            0.093904,
            0.084871,
            0.014911,
            0.004176,
            0.0,
            0.004196,
            0.019591,
            0.015486,
            0.015032,
            0.014104,
            0.053773,
            0.043647,
            0.207575,
            0.1653
        ],
        [
            0.094223,
            0.09349,
            0.092102,
            0.092518,
            0.083485,
            0.013525,
            0.00279,
            0.004196,
            0.0,
            0.018205,
            0.0141,
            0.013646,
            0.012718,
            0.052387,
            0.042261,
            0.206189,
            0.163914
        ],
        [
            0.09006600000000001,
            0.089333,
            0.087945,
            0.088361,
            0.079328,
            0.009368,
            0.018185,
            0.019591,
            0.018205,
            0.0,
            0.009943,
            0.009489000000000001,
            0.008561,
            0.048229999999999995,
            0.038104,
            0.202032,
            0.159757
        ],
        [
            0.08596100000000001,
            0.085228,
            0.08384,
            0.084256,
            0.075223,
            0.005263,
            0.01408,
            0.015486,
            0.0141,
            0.009943,
            0.0,
            0.005384,
            0.004456,
            0.044125,
            0.033999,
            0.19792700000000002,
            0.155652
        ],
        [
            0.085507,
            0.084774,
            0.083386,
            0.083802,
            0.074769,
            0.004809000000000001,
            0.013626000000000001,
            0.015032,
            0.013646,
            0.009489000000000001,
            0.005384,
            0.0,
            0.004002,
            0.043671,
            0.033545,
            0.197473,
            0.155198
        ],
        [
            0.084579,
            0.083846,
            0.082458,
            0.082874,
            0.073841,
            0.003881,
            0.012698000000000001,
            0.014104,
            0.012718,
            0.008561,
            0.004456,
            0.004002,
            0.0,
            0.042743,
            0.032617,
            0.19654500000000003,
            0.15427000000000002
        ],
        [
            0.096736,
            0.096003,
            0.094615,
            0.095031,
            0.085998,
            0.04355,
            0.052367,
            0.053773,
            0.052387,
            0.048229999999999995,
            0.044125,
            0.043671,
            0.042743,
            0.0,
            0.015075999999999999,
            0.208702,
            0.16642700000000002
        ],
        [
            0.08660999999999999,
            0.08587700000000001,
            0.08448900000000001,
            0.08490500000000001,
            0.075872,
            0.033423999999999995,
            0.042241,
            0.043647,
            0.042261,
            0.038104,
            0.033999,
            0.033545,
            0.032617,
            0.015075999999999999,
            0.0,
            0.198576,
            0.156301
        ],
        [
            0.18742999999999999,
            0.186697,
            0.185309,
            0.18572500000000003,
            0.17669200000000002,
            0.19735200000000003,
            0.206169,
            0.207575,
            0.206189,
            0.202032,
            0.19792700000000002,
            0.197473,
            0.19654500000000003,
            0.208702,
            0.198576,
            0.0,
            0.048098999999999996
        ],
        [
            0.145155,
            0.14442200000000002,
            0.14303400000000002,
            0.14345000000000002,
            0.134417,
            0.15507700000000002,
            0.163894,
            0.1653,
            0.163914,
            0.159757,
            0.155652,
            0.155198,
            0.15427000000000002,
            0.16642700000000002,
            0.156301,
            0.048098999999999996,
            0.0
        ]
    ],
    "NODE_MAPPING": {
        "0": "9",
        "1": "2",
        "2": "1",
        "3": "10",
        "4": "7",
        "5": "8",
        "6": "6",
        "7": "5",
        "8": "13",
        "9": "11",
        "10": "12",
        "11": "14",
        "12": "15",
        "13": "3",
        "14": "4",
        "15": "16",
        "16": "17"
    }
}