{
    "NEXUS_FILE_URL": "http://purl.org/phylo/treebase/phylows/study/TB2:S12493",
    "NEWICK_TREE": "(((((((((((((((((((((((((((3:0.0019004846863590608,4:0.08736564500766608):0.08589743017364837,5:0.012507884434151961):0.15908277219929978,63:0.14933517666570228):0.1065562436555938,(13:1.8588456942580933E-6,14:0.007609481519203154):0.2659938041862482):0.06574896798907748,39:0.30427055334748765):0.05973817892917088,(60:0.025789467513634534,15:0.03936602069293471):0.1764205042138034):1.8588456942580933E-6,70:0.07084351518078913):0.06574722069979444,((23:0.24931195422178476,35:0.008546090298837239):0.00737645112041152,69:0.008014068757851156):0.007088071779768335):1.8588456942580933E-6,(((12:1.8588456942580933E-6,33:1.8588456942580933E-6):1.8588456942580933E-6,34:1.8588456942580933E-6):1.8588456942580933E-6,(11:1.8588456942580933E-6,10:1.8588456942580933E-6):0.00750912238422341):1.8588456942580933E-6):0.007498331481013754,1:0.03045963946168806):1.8588456942580933E-6,((56:0.007506620344190029,57:1.8588456942580933E-6):1.8588456942580933E-6,58:1.8588456942580933E-6):1.8588456942580933E-6):1.8588456942580933E-6,59:1.8588456942580933E-6):0.007166994390997772,45:0.007561292873550229):1.8588456942580933E-6,(65:1.8588456942580933E-6,46:1.8588456942580933E-6):1.8588456942580933E-6):1.8588456942580933E-6,(31:0.015138954062797527,32:1.8588456942580933E-6):0.007515410645630105):0.0072966241236973595,22:0.007764748435167501):1.8588456942580933E-6,(20:0.0074638897775667346,64:1.8588456942580933E-6):0.01532686709252129):0.011470769345224952,(((((53:1.8588456942580933E-6,54:0.05589088607480974):0.04872839183008493,42:1.8588456942580933E-6):1.8588456938140041E-6,43:0.14163844311982787):0.022261995351464225,(18:0.007368576004788352,19:1.8588456942580933E-6):0.041576899163428216):0.09107504324940852,(49:0.08921179270732393,50:0.10403125740922059):0.07282647703985967):0.016689727626723716):0.011890420379914612,((((((55:0.023097854243923077,61:0.007706324765658135):0.0068888862815921215,74:1.8588456942580933E-6):1.8588456938140041E-6,26:0.022710449138505062):0.02686501278660547,(68:0.10159099326849796,67:0.018129354593968472):0.08531277894223699):0.0743489898327212,2:0.06212599574644351):0.03439707203998399,((48:1.8588456942580933E-6,47:1.8588456942580933E-6):0.04357520204304155,36:0.14088508012749745):0.018808342664671684):0.011017274498300367):1.8588456942580933E-6,(((((62:1.8588456942580933E-6,52:1.8588456942580933E-6):1.8588456942580933E-6,40:0.039261226004415395):0.015786749278320134,16:0.5856582900209109):0.009324372319259311,66:0.029751963688905203):0.015449646914139414,71:0.0240618277844189):0.02417870504180497):0.017232279755175828,((((8:0.05066782255494218,9:0.011340903987959727):0.3508874321268971,24:0.4966525640404522):0.0886968875878491,29:0.015322765801321747):0.04891081358745941,72:0.04735757865838108):0.008859769192288258):0.008824601998751458,((((37:1.8588456942580933E-6,38:1.8588456942580933E-6):0.007485256635616722,28:0.015239611631205907):0.023105976345262125,27:0.02068140035813748):0.0073454053430732635,25:1.8588456942580933E-6):0.03679609114692939):0.0059499762673751455,41:0.11446939999328132):0.03324266798058639,51:0.35494516081187877):1.8588456938140041E-6,(7:0.11669853246303052,6:0.058776231533198775):0.14301547062605113):0.09945783789821627,30:0.18091441972134126):0.04691495978520439,(((44:2.4720518182186186,73:1.8588456942580933E-6):0.06517449428119404,21:0.11237398647818919):0.053718506350032946,17:0.3655708781550757):0.04691495978520426);",
    "DISTANCE_MATRIX": [
        [
            0.0,
            0.08926612969402514,
            0.10030579929415939,
            0.3962158637250095,
            0.6194325937468435,
            0.6270402164203523,
            0.7234564520514661,
            0.6811340493605873,
            0.6947106025398875,
            0.5497694516596328,
            0.8084496343006027,
            0.5676837703776552,
            0.5597752977162576,
            0.5446824514071094,
            0.5446824514071094,
            0.5446805925614151,
            0.5521878560999443,
            0.5521878560999443,
            0.5826329869670341,
            0.5596855443866189,
            0.5521807828881231,
            0.5521789240424289,
            0.5521789240424289,
            0.5669053524612826,
            0.5593496361248151,
            0.5593496361248151,
            0.5820021419875485,
            0.5668650467704452,
            0.5744091498379857,
            0.5894370171186005,
            0.581974986186728,
            0.7568759053428069,
            0.8127649325719224,
            0.708147513512722,
            0.8497822389411618,
            0.7348272756380863,
            0.7274605584789922,
            0.7568450269676448,
            0.7716644916695414,
            0.7666243985024721,
            0.7512328690242072,
            0.7366395168226512,
            0.7593462482697682,
            0.8966745585553926,
            0.8132129198808631,
            0.6975477922583799,
            0.6634101280253599,
            0.6634101280253599,
            0.7607181472641216,
            0.6547525000642587,
            0.6547525000642587,
            0.6940100083772855,
            1.2246203231154609,
            0.6593896244641959,
            0.6382498416455702,
            1.1552643136239582,
            1.1159373950569758,
            1.2503616229825711,
            0.6803349371555916,
            0.6634589364251915,
            0.6908007788898494,
            0.6908007788898494,
            0.6985532750397443,
            0.6808890874214137,
            0.6528641405658973,
            0.7364855668339301,
            1.010203995633114,
            0.9149746967560106,
            0.8570523958261789,
            0.9356329512864865,
            3.4394932699853995,
            0.9674433106124751,
            1.014640943963776,
            1.2141193292906296
        ],
        [
            0.08926612969402514,
            0.0,
            0.1857709596154664,
            0.4816810240463165,
            0.7048977540681505,
            0.7125053767416594,
            0.8089216123727732,
            0.7665992096818943,
            0.7801757628611945,
            0.6352346119809398,
            0.8939147946219097,
            0.6531489306989622,
            0.6452404580375646,
            0.6301476117284164,
            0.6301476117284164,
            0.6301457528827221,
            0.6376530164212513,
            0.6376530164212513,
            0.6680981472883412,
            0.6451507047079259,
            0.6376459432094301,
            0.6376440843637359,
            0.6376440843637359,
            0.6523705127825896,
            0.6448147964461222,
            0.6448147964461222,
            0.6674673023088555,
            0.6523302070917523,
            0.6598743101592928,
            0.6749021774399075,
            0.6674401465080351,
            0.8423410656641139,
            0.8982300928932294,
            0.793612673834029,
            0.9352473992624688,
            0.8202924359593933,
            0.8129257188002992,
            0.8423101872889518,
            0.8571296519908485,
            0.8520895588237791,
            0.8366980293455142,
            0.8221046771439582,
            0.8448114085910752,
            0.9821397188766996,
            0.8986780802021701,
            0.783012952579687,
            0.748875288346667,
            0.748875288346667,
            0.8461833075854286,
            0.7402176603855657,
            0.7402176603855657,
            0.7794751686985926,
            1.310085483436768,
            0.7448547847855029,
            0.7237150019668772,
            1.2407294739452652,
            1.2014025553782828,
            1.3358267833038782,
            0.7658000974768986,
            0.7489240967464985,
            0.7762659392111564,
            0.7762659392111564,
            0.7840184353610513,
            0.7663542477427208,
            0.7383293008872043,
            0.8219507271552371,
            1.095669155954421,
            1.0004398570773176,
            0.9425175561474859,
            1.0210981116077935,
            3.5249584303067065,
            1.0529084709337821,
            1.100106104285083,
            1.2995844896119366
        ],
        [
            0.10030579929415939,
            0.1857709596154664,
            0.0,
            0.32092583329915403,
            0.544142563320988,
            0.5517501859944969,
            0.6481664216256107,
            0.6058440189347318,
            0.619420572114032,
            0.4744794212337773,
            0.7331596038747472,
            0.4923937399517997,
            0.4844852672904021,
            0.4693924209812539,
            0.4693924209812539,
            0.46939056213555963,
            0.4768978256740888,
            0.4768978256740888,
            0.5073429565411787,
            0.4843955139607634,
            0.47689075246226764,
            0.4768888936165734,
            0.4768888936165734,
            0.4916153220354271,
            0.48405960569895967,
            0.48405960569895967,
            0.506712111561693,
            0.4915750163445898,
            0.4991191194121303,
            0.5141469866927451,
            0.5066849557608726,
            0.6815858749169514,
            0.7374749021460669,
            0.6328574830868665,
            0.7744922085153063,
            0.6595372452122308,
            0.6521705280531367,
            0.6815549965417893,
            0.696374461243686,
            0.6913343680766166,
            0.6759428385983517,
            0.6613494863967957,
            0.6840562178439127,
            0.8213845281295371,
            0.7379228894550076,
            0.6222577618325245,
            0.5881200975995045,
            0.5881200975995045,
            0.6854281168382661,
            0.5794624696384032,
            0.5794624696384032,
            0.6187199779514301,
            1.1493302926896054,
            0.5840995940383404,
            0.5629598112197147,
            1.0799742831981027,
            1.0406473646311203,
            1.1750715925567157,
            0.6050449067297361,
            0.588168905999336,
            0.6155107484639939,
            0.6155107484639939,
            0.6232632446138888,
            0.6055990569955583,
            0.5775741101400418,
            0.6611955364080746,
            0.9349139652072584,
            0.8396846663301551,
            0.7817623654003234,
            0.860342920860631,
            3.364203239559544,
            0.8921532801866197,
            0.9393509135379206,
            1.1388292988647741
        ],
        [
            0.3962158637250095,
            0.4816810240463165,
            0.32092583329915403,
            0.0,
            0.5218870833532385,
            0.5294947060267474,
            0.6259109416578612,
            0.5835885389669824,
            0.5971650921462826,
            0.45222394126602783,
            0.7109041239069978,
            0.47013825998405023,
            0.46222978732265263,
            0.44713694101350443,
            0.44713694101350443,
            0.44713508216781017,
            0.4546423457063393,
            0.4546423457063393,
            0.4850874765734292,
            0.46214003399301395,
            0.4546352724945182,
            0.4546334136488239,
            0.4546334136488239,
            0.46935984206767767,
            0.4618041257312102,
            0.4618041257312102,
            0.4844566315939436,
            0.4693195363768403,
            0.4768636394443808,
            0.4918915067249956,
            0.4844294757931231,
            0.659330394949202,
            0.7152194221783175,
            0.610602003119117,
            0.7522367285475569,
            0.6372817652444813,
            0.6299150480853872,
            0.6592995165740398,
            0.6741189812759365,
            0.6690788881088672,
            0.6536873586306022,
            0.6390940064290462,
            0.6618007378761632,
            0.7991290481617876,
            0.7156674094872582,
            0.600002281864775,
            0.565864617631755,
            0.565864617631755,
            0.6631726368705166,
            0.5572069896706537,
            0.5572069896706537,
            0.5964644979836806,
            1.127074812721856,
            0.561844114070591,
            0.5407043312519653,
            1.0577188032303533,
            1.0183918846633708,
            1.1528161125889662,
            0.5827894267619866,
            0.5659134260315866,
            0.5932552684962444,
            0.5932552684962444,
            0.6010077646461394,
            0.5833435770278088,
            0.5553186301722923,
            0.6389400564403251,
            0.912658485239509,
            0.8174291863624057,
            0.7595068854325739,
            0.8380874408928816,
            3.3419477595917946,
            0.8698978002188702,
            0.9170954335701711,
            1.1165738188970247
        ],
        [
            0.6194325937468435,
            0.7048977540681505,
            0.544142563320988,
            0.5218870833532385,
            0.0,
            0.007611340364897412,
            0.6360151843685076,
            0.5936927816776287,
            0.6072693348569289,
            0.4623281839766742,
            0.7210083666176441,
            0.4802425026946966,
            0.472334030033299,
            0.4572411837241508,
            0.4572411837241508,
            0.45723932487845653,
            0.4647465884169857,
            0.4647465884169857,
            0.49519171928407557,
            0.4722442767036603,
            0.46473951520516454,
            0.4647376563594703,
            0.4647376563594703,
            0.47946408477832403,
            0.4719083684418566,
            0.4719083684418566,
            0.49456087430458995,
            0.4794237790874867,
            0.4869678821550272,
            0.501995749435642,
            0.4945337185037695,
            0.6694346376598483,
            0.7253236648889638,
            0.6207062458297634,
            0.7623409712582032,
            0.6473860079551277,
            0.6400192907960336,
            0.6694037592846862,
            0.6842232239865829,
            0.6791831308195135,
            0.6637916013412486,
            0.6491982491396926,
            0.6719049805868096,
            0.809233290872434,
            0.7257716521979045,
            0.6101065245754214,
            0.5759688603424014,
            0.5759688603424014,
            0.673276879581163,
            0.5673112323813001,
            0.5673112323813001,
            0.606568740694327,
            1.1371790554325023,
            0.5719483567812373,
            0.5508085739626116,
            1.0678230459409996,
            1.0284961273740172,
            1.1629203552996126,
            0.592893669472633,
            0.5760176687422329,
            0.6033595112068908,
            0.6033595112068908,
            0.6111120073567857,
            0.5934478197384552,
            0.5654228728829387,
            0.6490442991509715,
            0.9227627279501553,
            0.827533429073052,
            0.7696111281432203,
            0.8481916836035279,
            3.352052002302441,
            0.8800020429295166,
            0.9271996762808175,
            1.126678061607671
        ],
        [
            0.6270402164203523,
            0.7125053767416594,
            0.5517501859944969,
            0.5294947060267474,
            0.007611340364897412,
            0.0,
            0.6436228070420165,
            0.6013004043511376,
            0.6148769575304378,
            0.4699358066501831,
            0.728615989291153,
            0.4878501253682055,
            0.4799416527068079,
            0.4648488063976597,
            0.4648488063976597,
            0.46484694755196543,
            0.4723542110904946,
            0.4723542110904946,
            0.5027993419575845,
            0.4798518993771692,
            0.47234713787867344,
            0.4723452790329792,
            0.4723452790329792,
            0.4870717074518329,
            0.47951599111536547,
            0.47951599111536547,
            0.5021684969780988,
            0.4870314017609956,
            0.49457550482853607,
            0.5096033721091509,
            0.5021413411772784,
            0.6770422603333572,
            0.7329312875624727,
            0.6283138685032723,
            0.7699485939317121,
            0.6549936306286366,
            0.6476269134695425,
            0.6770113819581951,
            0.6918308466600918,
            0.6867907534930224,
            0.6713992240147575,
            0.6568058718132015,
            0.6795126032603185,
            0.8168409135459429,
            0.7333792748714134,
            0.6177141472489303,
            0.5835764830159103,
            0.5835764830159103,
            0.6808845022546719,
            0.574918855054809,
            0.574918855054809,
            0.6141763633678359,
            1.1447866781060112,
            0.5795559794547462,
            0.5584161966361205,
            1.0754306686145085,
            1.036103750047526,
            1.1705279779731215,
            0.6005012921461419,
            0.5836252914157418,
            0.6109671338803997,
            0.6109671338803997,
            0.6187196300302946,
            0.6010554424119641,
            0.5730304955564476,
            0.6566519218244804,
            0.9303703506236642,
            0.835141051746561,
            0.7772187508167292,
            0.8557993062770368,
            3.35965962497595,
            0.8876096656030255,
            0.9348072989543263,
            1.13428568428118
        ],
        [
            0.7234564520514661,
            0.8089216123727732,
            0.6481664216256107,
            0.6259109416578612,
            0.6360151843685076,
            0.6436228070420165,
            0.0,
            0.5662187040040965,
            0.5797952571833966,
            0.4348541063031419,
            0.6935342889441118,
            0.4527684250211643,
            0.4448599523597667,
            0.4297671060506185,
            0.4297671060506185,
            0.42976524720492426,
            0.4372725107434534,
            0.4372725107434534,
            0.4677176416105433,
            0.44477019903012804,
            0.4372654375316323,
            0.437263578685938,
            0.437263578685938,
            0.45199000710479176,
            0.4444342907683243,
            0.4444342907683243,
            0.4670867966310577,
            0.4519497014139544,
            0.4594938044814949,
            0.4745216717621097,
            0.4670596408302372,
            0.6419605599863161,
            0.6978495872154316,
            0.5932321681562311,
            0.7348668935846709,
            0.6199119302815954,
            0.6125452131225013,
            0.6419296816111539,
            0.6567491463130506,
            0.6517090531459813,
            0.6363175236677163,
            0.6217241714661603,
            0.6444309029132773,
            0.7817592131989017,
            0.6982975745243722,
            0.5826324469018891,
            0.5484947826688691,
            0.5484947826688691,
            0.6458028019076307,
            0.5398371547077678,
            0.5398371547077678,
            0.5790946630207947,
            1.10970497775897,
            0.5444742791077051,
            0.5233344962890794,
            1.0403489682674674,
            1.001022049700485,
            1.1354462776260803,
            0.5654195917991007,
            0.5485435910687007,
            0.5758854335333585,
            0.5758854335333585,
            0.5836379296832535,
            0.5659737420649229,
            0.5379487952094064,
            0.6215702214774392,
            0.8952886502766231,
            0.8000593513995198,
            0.742137050469688,
            0.8207176059299957,
            3.3245779246289087,
            0.8525279652559843,
            0.8997255986072852,
            1.0992039839341388
        ],
        [
            0.6811340493605873,
            0.7665992096818943,
            0.6058440189347318,
            0.5835885389669824,
            0.5936927816776287,
            0.6013004043511376,
            0.5662187040040965,
            0.0,
            0.06515548820656925,
            0.2730553457539213,
            0.5317355283948912,
            0.2909696644719437,
            0.2830611918105461,
            0.2679683455013979,
            0.2679683455013979,
            0.26796648665570366,
            0.2754737501942328,
            0.2754737501942328,
            0.3059188810613227,
            0.28297143848090744,
            0.2754666769824117,
            0.2754648181367174,
            0.2754648181367174,
            0.29019124655557116,
            0.2826355302191037,
            0.2826355302191037,
            0.3052880360818371,
            0.2901509408647338,
            0.2976950439322743,
            0.3127229112128891,
            0.3052608802810166,
            0.48016179943709547,
            0.536050826666211,
            0.43143340760701054,
            0.5730681330354503,
            0.4581131697323748,
            0.4507464525732807,
            0.48013092106193334,
            0.49495038576383,
            0.48991029259676067,
            0.4745187631184957,
            0.4599254109169397,
            0.4826321423640567,
            0.6199604526496811,
            0.5364988139751516,
            0.4208336863526685,
            0.3866960221196485,
            0.3866960221196485,
            0.48400404135841013,
            0.37803839415854723,
            0.37803839415854723,
            0.4172959024715741,
            0.9479062172097494,
            0.3826755185584845,
            0.36153573573985875,
            0.8785502077182468,
            0.8392232891512643,
            0.9736475170768597,
            0.40362083124988013,
            0.38674483051948005,
            0.4140866729841379,
            0.4140866729841379,
            0.42183916913403285,
            0.4041749815157023,
            0.3761500346601858,
            0.45977146092821863,
            0.7334898897274025,
            0.6382605908502992,
            0.5803382899204674,
            0.658918845380775,
            3.162779164079688,
            0.6907292047067637,
            0.7379268380580646,
            0.9374052233849182
        ],
        [
            0.6947106025398875,
            0.7801757628611945,
            0.619420572114032,
            0.5971650921462826,
            0.6072693348569289,
            0.6148769575304378,
            0.5797952571833966,
            0.06515548820656925,
            0.0,
            0.2866318989332215,
            0.5453120815741914,
            0.3045462176512439,
            0.2966377449898463,
            0.2815448986806981,
            0.2815448986806981,
            0.28154303983500384,
            0.289050303373533,
            0.289050303373533,
            0.3194954342406229,
            0.2965479916602076,
            0.28904323016171185,
            0.2890413713160176,
            0.2890413713160176,
            0.30376779973487134,
            0.2962120833984039,
            0.2962120833984039,
            0.31886458926113725,
            0.303727494044034,
            0.3112715971115745,
            0.32629946439218926,
            0.3188374334603168,
            0.49373835261639565,
            0.5496273798455111,
            0.4450099607863107,
            0.5866446862147505,
            0.471689722911675,
            0.4643230057525809,
            0.4937074742412335,
            0.5085269389431302,
            0.5034868457760608,
            0.4880953162977959,
            0.4735019640962399,
            0.4962086955433569,
            0.6335370058289813,
            0.5500753671544518,
            0.43441023953196867,
            0.40027257529894866,
            0.40027257529894866,
            0.4975805945377103,
            0.3916149473378474,
            0.3916149473378474,
            0.4308724556508743,
            0.9614827703890496,
            0.39625207173778465,
            0.37511228891915893,
            0.8921267608975469,
            0.8527998423305645,
            0.9872240702561599,
            0.4171973844291803,
            0.40032138369878023,
            0.4276632261634381,
            0.4276632261634381,
            0.43541572231333303,
            0.4177515346950025,
            0.389726587839486,
            0.4733480141075188,
            0.7470664429067027,
            0.6518371440295994,
            0.5939148430997676,
            0.6724953985600752,
            3.1763557172589882,
            0.7043057578860639,
            0.7515033912373648,
            0.9509817765642183
        ],
        [
            0.5497694516596328,
            0.6352346119809398,
            0.4744794212337773,
            0.45222394126602783,
            0.4623281839766742,
            0.4699358066501831,
            0.4348541063031419,
            0.2730553457539213,
            0.2866318989332215,
            0.0,
            0.4003672130025482,
            0.15960134907960066,
            0.15169287641820306,
            0.13660003010905486,
            0.13660003010905486,
            0.1365981712633606,
            0.14410543480188975,
            0.14410543480188975,
            0.17455056566897964,
            0.15160312308856438,
            0.1440983615900686,
            0.14409650274437436,
            0.14409650274437436,
            0.1588229311632281,
            0.15126721482676064,
            0.15126721482676064,
            0.17391972068949402,
            0.15878262547239075,
            0.16632672853993125,
            0.18135459582054603,
            0.17389256488867355,
            0.3487934840447524,
            0.4046825112738679,
            0.3000650922146675,
            0.4416998176431073,
            0.32674485434003175,
            0.31937813718093766,
            0.3487626056695903,
            0.36358207037148693,
            0.3585419772044176,
            0.34315044772615266,
            0.32855709552459667,
            0.35126382697171366,
            0.4885921372573381,
            0.4051304985828086,
            0.28946537096032543,
            0.2553277067273054,
            0.2553277067273054,
            0.35263572596606707,
            0.24667007876620417,
            0.24667007876620417,
            0.28592758707923105,
            0.8165379018174064,
            0.2513072031661414,
            0.2301674203475157,
            0.7471818923259037,
            0.7078549737589213,
            0.8422792016845166,
            0.27225251585753707,
            0.255376515127137,
            0.28271835759179487,
            0.28271835759179487,
            0.2904708537416898,
            0.27280666612335924,
            0.24478171926784276,
            0.3284031455358756,
            0.6021215743350594,
            0.5068922754579561,
            0.44896997452812437,
            0.527550529988432,
            3.031410848687345,
            0.5593608893144206,
            0.6065585226657215,
            0.8060369079925751
        ],
        [
            0.8084496343006027,
            0.8939147946219097,
            0.7331596038747472,
            0.7109041239069978,
            0.7210083666176441,
            0.728615989291153,
            0.6935342889441118,
            0.5317355283948912,
            0.5453120815741914,
            0.4003672130025482,
            0.0,
            0.257858044520622,
            0.26470247410004744,
            0.2637857713504359,
            0.2637857713504359,
            0.26378391250474165,
            0.2712911760432708,
            0.2712911760432708,
            0.3017363069103607,
            0.27878886432994543,
            0.27128410283144966,
            0.2712822439857554,
            0.2712822439857554,
            0.28600867240460914,
            0.2784529560681417,
            0.2784529560681417,
            0.30110546193087506,
            0.2859683667137718,
            0.2935124697813123,
            0.3085403370619271,
            0.3010783061300546,
            0.47597922528613346,
            0.5318682525152489,
            0.42725083345604853,
            0.5688855588844883,
            0.4539305955814128,
            0.4465638784223187,
            0.4759483469109713,
            0.490767811612868,
            0.48572771844579865,
            0.4703361889675337,
            0.4557428367659777,
            0.4784495682130947,
            0.6157778784987191,
            0.5323162398241896,
            0.4166511122017065,
            0.38251344796868647,
            0.38251344796868647,
            0.4798214672074481,
            0.3738558200075852,
            0.3738558200075852,
            0.4131133283206121,
            0.9437236430587874,
            0.37849294440752246,
            0.35735316158889674,
            0.8743676335672848,
            0.8350407150003023,
            0.9694649429258977,
            0.3994382570989181,
            0.38256225636851804,
            0.4099040988331759,
            0.4099040988331759,
            0.41765659498307084,
            0.3999924073647403,
            0.3719674605092238,
            0.4555888867772566,
            0.7293073155764405,
            0.6340780166993372,
            0.5761557157695054,
            0.654736271229813,
            3.158596589928726,
            0.6865466305558017,
            0.7337442639071026,
            0.9332226492339561
        ],
        [
            0.5676837703776552,
            0.6531489306989622,
            0.4923937399517997,
            0.47013825998405023,
            0.4802425026946966,
            0.4878501253682055,
            0.4527684250211643,
            0.2909696644719437,
            0.3045462176512439,
            0.15960134907960066,
            0.257858044520622,
            0.0,
            0.023936610177099915,
            0.023019907427488384,
            0.023019907427488384,
            0.023018048581794126,
            0.030525312120323278,
            0.030525312120323278,
            0.060970442987413165,
            0.03802300040699791,
            0.030518238908502138,
            0.03051638006280788,
            0.03051638006280788,
            0.04524280848166162,
            0.03768709214519417,
            0.03768709214519417,
            0.06033959800792754,
            0.04520250279082427,
            0.05274660585836477,
            0.06777447313897955,
            0.060312442207107075,
            0.23521336136318594,
            0.2911023885923014,
            0.186484969533101,
            0.3281196949615408,
            0.21316473165846528,
            0.20579801449937118,
            0.2351824829880238,
            0.25000194768992046,
            0.24496185452285113,
            0.2295703250445862,
            0.2149769728430302,
            0.23768370429014718,
            0.3750120145757716,
            0.2915503759012421,
            0.17588524827875895,
            0.14174758404573895,
            0.14174758404573895,
            0.2390556032845006,
            0.1330899560846377,
            0.1330899560846377,
            0.17234746439766457,
            0.7029577791358399,
            0.13772708048457494,
            0.11658729766594922,
            0.6336017696443372,
            0.5942748510773548,
            0.7286990790029502,
            0.1586723931759706,
            0.14179639244557052,
            0.1691382349102284,
            0.1691382349102284,
            0.17689073106012332,
            0.15922654344179277,
            0.13120159658627628,
            0.2148230228543091,
            0.48854145165349294,
            0.39331215277638965,
            0.3353898518465579,
            0.4139704073068655,
            2.9178307260057785,
            0.44578076663285415,
            0.49297839998415505,
            0.6924567853110086
        ],
        [
            0.5597752977162576,
            0.6452404580375646,
            0.4844852672904021,
            0.46222978732265263,
            0.472334030033299,
            0.4799416527068079,
            0.4448599523597667,
            0.2830611918105461,
            0.2966377449898463,
            0.15169287641820306,
            0.26470247410004744,
            0.023936610177099915,
            0.0,
            0.015111434766090781,
            0.015111434766090781,
            0.015109575920396523,
            0.022616839458925675,
            0.022616839458925675,
            0.05306197032601556,
            0.030114527745600306,
            0.022609766247104535,
            0.022607907401410277,
            0.022607907401410277,
            0.03733433582026402,
            0.029778619483796565,
            0.029778619483796565,
            0.05243112534652994,
            0.03729403012942667,
            0.04483813319696717,
            0.05986600047758195,
            0.05240396954570947,
            0.22730488870178833,
            0.2831939159309038,
            0.1785764968717034,
            0.3202112223001432,
            0.20525625899706768,
            0.19788954183797358,
            0.2272740103266262,
            0.24209347502852285,
            0.23705338186145353,
            0.22166185238318858,
            0.2070685001816326,
            0.22977523162874958,
            0.367103541914374,
            0.2836419032398445,
            0.16797677561736135,
            0.13383911138434135,
            0.13383911138434135,
            0.231147130623103,
            0.1251814834232401,
            0.1251814834232401,
            0.16443899173626697,
            0.6950493064744423,
            0.12981860782317733,
            0.10867882500455162,
            0.6256932969829396,
            0.5863663784159572,
            0.7207906063415526,
            0.150763920514573,
            0.13388791978417292,
            0.1612297622488308,
            0.1612297622488308,
            0.16898225839872572,
            0.15131807078039516,
            0.12329312392487868,
            0.2069145501929115,
            0.48063297899209534,
            0.38540368011499204,
            0.3274813791851603,
            0.4060619346454679,
            2.909922253344381,
            0.43787229397145655,
            0.48506992732275744,
            0.684548312649611
        ],
        [
            0.5446824514071094,
            0.6301476117284164,
            0.4693924209812539,
            0.44713694101350443,
            0.4572411837241508,
            0.4648488063976597,
            0.4297671060506185,
            0.2679683455013979,
            0.2815448986806981,
            0.13660003010905486,
            0.2637857713504359,
            0.023019907427488384,
            0.015111434766090781,
            0.0,
            3.7176913885161866e-06,
            5.57653708277428e-06,
            0.007516557767000442,
            0.007516557767000442,
            0.037965406325478845,
            0.01501796374506359,
            0.007513202246567818,
            0.00751134340087356,
            0.00751134340087356,
            0.022237771819727303,
            0.014682055483259848,
            0.014682055483259848,
            0.03733456134599322,
            0.022197466128889953,
            0.02974156919643045,
            0.04476943647704523,
            0.037307405545172756,
            0.21220832470125162,
            0.2680973519303671,
            0.1634799328711667,
            0.3051146582996065,
            0.19015969499653096,
            0.18279297783743687,
            0.21217744632608948,
            0.22699691102798614,
            0.2219568178609168,
            0.20656528838265187,
            0.19197193618109587,
            0.21467866762821286,
            0.3520069779138373,
            0.2685453392393078,
            0.15288021161682464,
            0.11874254738380463,
            0.11874254738380463,
            0.21605056662256628,
            0.11008491942270338,
            0.11008491942270338,
            0.14934242773573025,
            0.6799527424739056,
            0.11472204382264062,
            0.0935822610040149,
            0.6105967329824029,
            0.5712698144154205,
            0.7056940423410158,
            0.13566735651403627,
            0.1187913557836362,
            0.14613319824829407,
            0.14613319824829407,
            0.153885694398189,
            0.13622150677985845,
            0.10819655992434196,
            0.19181798619237478,
            0.4655364149915586,
            0.3703071161144553,
            0.3123848151846236,
            0.3909653706449312,
            2.894825689343844,
            0.42277572997091983,
            0.4699733633222207,
            0.6694517486490743
        ],
        [
            0.5446824514071094,
            0.6301476117284164,
            0.4693924209812539,
            0.44713694101350443,
            0.4572411837241508,
            0.4648488063976597,
            0.4297671060506185,
            0.2679683455013979,
            0.2815448986806981,
            0.13660003010905486,
            0.2637857713504359,
            0.023019907427488384,
            0.015111434766090781,
            3.7176913885161866e-06,
            0.0,
            5.57653708277428e-06,
            0.007516557767000442,
            0.007516557767000442,
            0.037965406325478845,
            0.01501796374506359,
            0.007513202246567818,
            0.00751134340087356,
            0.00751134340087356,
            0.022237771819727303,
            0.014682055483259848,
            0.014682055483259848,
            0.03733456134599322,
            0.022197466128889953,
            0.02974156919643045,
            0.04476943647704523,
            0.037307405545172756,
            0.21220832470125162,
            0.2680973519303671,
            0.1634799328711667,
            0.3051146582996065,
            0.19015969499653096,
            0.18279297783743687,
            0.21217744632608948,
            0.22699691102798614,
            0.2219568178609168,
            0.20656528838265187,
            0.19197193618109587,
            0.21467866762821286,
            0.3520069779138373,
            0.2685453392393078,
            0.15288021161682464,
            0.11874254738380463,
            0.11874254738380463,
            0.21605056662256628,
            0.11008491942270338,
            0.11008491942270338,
            0.14934242773573025,
            0.6799527424739056,
            0.11472204382264062,
            0.0935822610040149,
            0.6105967329824029,
            0.5712698144154205,
            0.7056940423410158,
            0.13566735651403627,
            0.1187913557836362,
            0.14613319824829407,
            0.14613319824829407,
            0.153885694398189,
            0.13622150677985845,
            0.10819655992434196,
            0.19181798619237478,
            0.4655364149915586,
            0.3703071161144553,
            0.3123848151846236,
            0.3909653706449312,
            2.894825689343844,
            0.42277572997091983,
            0.4699733633222207,
            0.6694517486490743
        ],
        [
            0.5446805925614151,
            0.6301457528827221,
            0.46939056213555963,
            0.44713508216781017,
            0.45723932487845653,
            0.46484694755196543,
            0.42976524720492426,
            0.26796648665570366,
            0.28154303983500384,
            0.1365981712633606,
            0.26378391250474165,
            0.023018048581794126,
            0.015109575920396523,
            5.57653708277428e-06,
            5.57653708277428e-06,
            0.0,
            0.007514698921306184,
            0.007514698921306184,
