{
    "NEXUS_FILE_URL": "http://purl.org/phylo/treebase/phylows/study/TB2:S14872",
    "NEWICK_TREE": "(((7:0.02326985653820629,6:0.028649841447657295):0.01058761223380119,5:0.015913876577395895):0.01045474181262364,((3:0.019120077998246547,4:0.01007272784725851):0.00830294115390915,(2:0.00331871555604913,1:0.019549706070229586):0.005307931233464069):0.010454741812623644);",
    "DISTANCE_MATRIX": [
        [
            0.0,
            0.051919697985863586,
            0.049771345349403376,
            0.08218997154941046,
            0.07314262139842242,
            0.06339359918676796,
            0.07962458970094842
        ],
        [
            0.051919697985863586,
            0.0,
            0.05515133025885438,
            0.08756995645886147,
            0.07852260630787343,
            0.06877358409621898,
            0.08500457461039942
        ],
        [
            0.049771345349403376,
            0.05515133025885438,
            0.0,
            0.06424637935479888,
            0.05519902920381084,
            0.04545000699215638,
            0.061680997506336835
        ],
        [
            0.08218997154941046,
            0.08756995645886147,
            0.06424637935479888,
            0.0,
            0.029192805845505057,
            0.0360496659416689,
            0.05228065645584935
        ],
        [
            0.07314262139842242,
            0.07852260630787343,
            0.05519902920381084,
            0.029192805845505057,
            0.0,
            0.02700231579068086,
            0.043233306304861316
        ],
        [
            0.06339359918676796,
            0.06877358409621898,
            0.04545000699215638,
            0.0360496659416689,
            0.02700231579068086,
            0.0,
            0.022868421626278716
        ],
        [
            0.07962458970094842,
            0.08500457461039942,
            0.061680997506336835,
            0.05228065645584935,
            0.043233306304861316,
            0.022868421626278716,
            0.0
        ]
    ],
    "NODE_MAPPING": {
        "0": "7",
        "1": "6",
        "2": "5",
        "3": "3",
        "4": "4",
        "5": "2",
        "6": "1"
    }
}