{
    "NEXUS_FILE_URL": "http://purl.org/phylo/treebase/phylows/study/TB2:S10950",
    "NEWICK_TREE": "(((((((((1:0.010442,4:0.011367):0.003259,((2:0.002988,5:0.006512):0.003816,(3:0.011295,6:0.006148):0.003124):0.002918):0.037601,(41:0.0,42:0.001429):0.041822):0.037847,(35:0.010357,36:0.01372):0.080873):0.006167,((((13:0.007198,((7:0.001446,(((9:5.4E-4,11:0.0):5.45E-4,10:6.38E-4):0.001683,12:4.73E-4):0.001776):0.001913,8:0.001783):0.004401):0.033797,(((((23:0.003881,(24:0.001701,25:0.002112):0.001044):0.0,26:0.003478):0.001301,28:0.002125):0.001378,27:0.003364):0.010719,(45:0.004571,(46:0.002989,(47:0.002847,48:0.001128):0.007041):0.001012):0.008432):0.016942):0.014543,(((29:0.006071,((30:0.004942,31:0.007336):0.005187,32:0.007975):0.001846):0.001489,33:0.004053):0.001793,34:0.00502):0.03272):0.021785,(21:4.94E-4,22:0.001747):0.062928):0.023303):0.031979,(((14:0.017441,15:0.016007):0.061652,(43:0.02564,44:0.02189):0.041425):0.017614,(38:0.03305,(39:0.022049,40:0.024424):0.009523):0.050604):0.047661):0.025214,(16:0.106798,(17:0.10435,18:0.057936):0.081715):0.018741):0.021033,(19:0.041178,20:0.035273):0.112661):0.08409,37:0.188235);",
    "DISTANCE_MATRIX": [
        [
            0.0,
            0.021809000000000002,
            0.023423,
            0.026947,
            0.031037999999999996,
            0.025890999999999997,
            0.093124,
            0.094553,
            0.180379,
            0.18374200000000002,
            0.195942,
            0.196504,
            0.199602,
            0.19906200000000002,
            0.19915500000000003,
            0.197307,
            0.19492800000000002,
            0.189168,
            0.18803200000000003,
            0.18844300000000003,
            0.18876500000000002,
            0.18611100000000003,
            0.18597200000000003,
            0.184892,
            0.184322,
            0.19122100000000003,
            0.189502,
            0.182477,
            0.18838100000000002,
            0.19077500000000003,
            0.18622700000000003,
            0.17897000000000002,
            0.17814400000000002,
            0.182041,
            0.183294,
            0.271663,
            0.27022900000000005,
            0.25963500000000006,
            0.25588500000000003,
            0.25861,
            0.257132,
            0.25950700000000004,
            0.278048,
            0.357315,
            0.310901,
            0.32738100000000003,
            0.321476,
            0.445867
        ],
        [
            0.021809000000000002,
            0.0,
            0.024348,
            0.027872,
            0.031963,
            0.026816,
            0.094049,
            0.09547800000000001,
            0.18130400000000002,
            0.184667,
            0.19686700000000001,
            0.19742900000000002,
            0.200527,
            0.19998700000000003,
            0.20008,
            0.19823200000000002,
            0.195853,
            0.190093,
            0.188957,
            0.189368,
            0.18969000000000003,
            0.187036,
            0.186897,
            0.185817,
            0.185247,
            0.192146,
            0.190427,
            0.183402,
            0.189306,
            0.1917,
            0.187152,
            0.17989500000000003,
            0.179069,
            0.18296600000000002,
            0.18421900000000002,
            0.272588,
            0.271154,
            0.26056,
            0.25681,
            0.259535,
            0.258057,
            0.260432,
            0.278973,
            0.35824,
            0.31182600000000005,
            0.328306,
            0.32240100000000005,
            0.4467920000000001
        ],
        [
            0.023423,
            0.024348,
            0.0,
            0.009500000000000001,
            0.021223,
            0.016076,
            0.089145,
            0.090574,
            0.1764,
            0.179763,
            0.191963,
            0.192525,
            0.195623,
            0.195083,
            0.19517600000000002,
            0.193328,
            0.190949,
            0.185189,
            0.18405300000000002,
            0.18446400000000002,
            0.184786,
            0.18213200000000002,
            0.18199300000000002,
            0.180913,
            0.180343,
            0.18724200000000002,
            0.185523,
            0.178498,
            0.184402,
            0.18679600000000002,
            0.18224800000000002,
            0.174991,
            0.17416500000000001,
            0.178062,
            0.179315,
            0.26768400000000003,
            0.26625,
            0.255656,
            0.251906,
            0.25463100000000005,
            0.253153,
            0.25552800000000003,
            0.274069,
            0.353336,
            0.30692200000000003,
            0.32340199999999997,
            0.31749700000000003,
            0.44188800000000006
        ],
        [
            0.026947,
            0.027872,
            0.009500000000000001,
            0.0,
            0.024746999999999998,
            0.0196,
            0.092669,
            0.094098,
            0.179924,
            0.18328699999999998,
            0.19548700000000002,
            0.19604900000000003,
            0.19914700000000002,
            0.198607,
            0.1987,
            0.19685200000000003,
            0.194473,
            0.18871300000000002,
            0.187577,
            0.187988,
            0.18831,
            0.185656,
            0.185517,
            0.18443700000000002,
            0.183867,
            0.190766,
            0.18904700000000002,
            0.18202200000000002,
            0.18792599999999998,
            0.19032,
            0.185772,
            0.178515,
            0.17768899999999999,
            0.181586,
            0.182839,
            0.271208,
            0.269774,
            0.25918,
            0.25543000000000005,
            0.258155,
            0.25667700000000004,
            0.25905200000000006,
            0.27759300000000003,
            0.35686,
            0.310446,
            0.32692600000000005,
            0.321021,
            0.44541200000000003
        ],
        [
            0.031037999999999996,
            0.031963,
            0.021223,
            0.024746999999999998,
            0.0,
            0.017443,
            0.09676,
            0.098189,
            0.184015,
            0.187378,
            0.19957800000000003,
            0.20014000000000004,
            0.20323800000000003,
            0.20269800000000002,
            0.202791,
            0.20094300000000004,
            0.19856400000000002,
            0.19280400000000003,
            0.191668,
            0.192079,
            0.19240100000000002,
            0.189747,
            0.189608,
            0.18852800000000003,
            0.18795800000000001,
            0.194857,
            0.19313800000000003,
            0.18611300000000003,
            0.192017,
            0.194411,
            0.189863,
            0.18260600000000002,
            0.18178,
            0.185677,
            0.18693,
            0.275299,
            0.273865,
            0.26327100000000003,
            0.259521,
            0.26224600000000003,
            0.260768,
            0.263143,
            0.28168400000000005,
            0.360951,
            0.31453700000000007,
            0.331017,
            0.32511200000000007,
            0.4495030000000001
        ],
        [
            0.025890999999999997,
            0.026816,
            0.016076,
            0.0196,
            0.017443,
            0.0,
            0.091613,
            0.093042,
            0.178868,
            0.18223099999999998,
            0.19443100000000002,
            0.19499300000000003,
            0.19809100000000002,
            0.197551,
            0.197644,
            0.19579600000000003,
            0.193417,
            0.18765700000000002,
            0.186521,
            0.186932,
            0.187254,
            0.1846,
            0.18446099999999999,
            0.18338100000000002,
            0.182811,
            0.18971,
            0.18799100000000002,
            0.18096600000000002,
            0.18686999999999998,
            0.189264,
            0.184716,
            0.177459,
            0.17663299999999998,
            0.18053,
            0.181783,
            0.270152,
            0.268718,
            0.258124,
            0.254374,
            0.257099,
            0.255621,
            0.257996,
            0.27653700000000003,
            0.355804,
            0.30939000000000005,
            0.32587,
            0.31996500000000005,
            0.4443560000000001
        ],
        [
            0.093124,
            0.094049,
            0.089145,
            0.092669,
            0.09676,
            0.091613,
            0.0,
            0.001429,
            0.170899,
            0.17426199999999997,
            0.18646200000000002,
            0.18702400000000002,
            0.190122,
            0.189582,
            0.18967499999999998,
            0.18782700000000002,
            0.185448,
            0.17968800000000001,
            0.178552,
            0.17896299999999998,
            0.179285,
            0.17663099999999998,
            0.17649199999999998,
            0.175412,
            0.174842,
            0.18174099999999999,
            0.18002200000000002,
            0.172997,
            0.17890099999999998,
            0.18129499999999998,
            0.176747,
            0.16949,
            0.16866399999999998,
            0.172561,
            0.173814,
            0.262183,
            0.260749,
            0.250155,
            0.246405,
            0.24913000000000002,
            0.247652,
            0.250027,
            0.26856800000000003,
            0.347835,
            0.30142100000000005,
            0.317901,
            0.31199600000000005,
            0.436387
        ],
        [
            0.094553,
            0.09547800000000001,
            0.090574,
            0.094098,
            0.098189,
            0.093042,
            0.001429,
            0.0,
            0.172328,
            0.17569099999999999,
            0.18789100000000003,
            0.18845300000000004,
            0.19155100000000003,
            0.19101100000000001,
            0.191104,
            0.18925600000000004,
            0.18687700000000002,
            0.18111700000000003,
            0.179981,
            0.180392,
            0.180714,
            0.17806,
            0.177921,
            0.17684100000000003,
            0.176271,
            0.18317,
            0.18145100000000003,
            0.17442600000000003,
            0.18033,
            0.182724,
            0.178176,
            0.17091900000000002,
            0.170093,
            0.17399,
            0.175243,
            0.263612,
            0.262178,
            0.25158400000000003,
            0.24783400000000003,
            0.25055900000000003,
            0.24908100000000002,
            0.251456,
            0.26999700000000004,
            0.349264,
            0.30285000000000006,
            0.31933,
            0.31342500000000006,
            0.43781600000000004
        ],
        [
            0.180379,
            0.18130400000000002,
            0.1764,
            0.179924,
            0.184015,
            0.178868,
            0.170899,
            0.172328,
            0.0,
            0.024077,
            0.198023,
            0.198585,
            0.201683,
            0.20114300000000002,
            0.20123600000000003,
            0.199388,
            0.19700900000000002,
            0.191249,
            0.19011300000000003,
            0.19052400000000003,
            0.19084600000000002,
            0.18819200000000003,
            0.18805300000000003,
            0.186973,
            0.186403,
            0.19330200000000003,
            0.191583,
            0.184558,
            0.19046200000000002,
            0.19285600000000003,
            0.18830800000000003,
            0.18105100000000002,
            0.18022500000000002,
            0.184122,
            0.185375,
            0.273744,
            0.27231000000000005,
            0.26171600000000006,
            0.25796600000000003,
            0.260691,
            0.259213,
            0.26158800000000004,
            0.280129,
            0.359396,
            0.312982,
            0.32946200000000003,
            0.323557,
            0.447948
        ],
        [
            0.18374200000000002,
            0.184667,
            0.179763,
            0.18328699999999998,
            0.187378,
            0.18223099999999998,
            0.17426199999999997,
            0.17569099999999999,
            0.024077,
            0.0,
            0.201386,
            0.20194800000000002,
            0.205046,
            0.20450600000000002,
            0.204599,
            0.20275100000000001,
            0.200372,
            0.194612,
            0.193476,
            0.193887,
            0.19420900000000002,
            0.191555,
            0.191416,
            0.190336,
            0.189766,
            0.196665,
            0.194946,
            0.187921,
            0.193825,
            0.196219,
            0.191671,
            0.18441400000000002,
            0.183588,
            0.187485,
            0.18873800000000002,
            0.277107,
            0.275673,
            0.265079,
            0.26132900000000003,
            0.264054,
            0.26257600000000003,
            0.26495100000000005,
            0.283492,
            0.362759,
            0.316345,
            0.33282500000000004,
            0.32692,
            0.451311
        ],
        [
            0.195942,
            0.19686700000000001,
            0.191963,
            0.19548700000000002,
            0.19957800000000003,
            0.19443100000000002,
            0.18646200000000002,
            0.18789100000000003,
            0.198023,
            0.201386,
            0.0,
            0.014958,
            0.018056,
            0.017516,
            0.017609,
            0.015761,
            0.013382000000000002,
            0.075216,
            0.07408000000000001,
            0.074491,
            0.074813,
            0.072159,
            0.07202,
            0.07094,
            0.07037,
            0.077269,
            0.07555,
            0.097611,
            0.103515,
            0.105909,
            0.101361,
            0.09410400000000001,
            0.093278,
            0.140745,
            0.141998,
            0.276973,
            0.275539,
            0.264945,
            0.261195,
            0.26392000000000004,
            0.262442,
            0.264817,
            0.283358,
            0.362625,
            0.316211,
            0.33269099999999996,
            0.326786,
            0.45117700000000005
        ],
        [
            0.196504,
            0.19742900000000002,
            0.192525,
            0.19604900000000003,
            0.20014000000000004,
            0.19499300000000003,
            0.18702400000000002,
            0.18845300000000004,
            0.198585,
            0.20194800000000002,
            0.014958,
            0.0,
            0.0059900000000000005,
            0.00545,
            0.005543,
            0.0036950000000000004,
            0.005142,
            0.07577800000000001,
            0.074642,
            0.07505300000000001,
            0.075375,
            0.07272100000000001,
            0.07258200000000001,
            0.07150200000000001,
            0.070932,
            0.07783100000000001,
            0.07611200000000001,
            0.09817300000000001,
            0.104077,
            0.10647100000000001,
            0.10192300000000001,
            0.094666,
            0.09384,
            0.14130700000000002,
            0.14256000000000002,
            0.277535,
            0.27610100000000004,
            0.26550700000000005,
            0.261757,
            0.264482,
            0.263004,
            0.26537900000000003,
            0.28392,
            0.363187,
            0.31677299999999997,
            0.333253,
            0.327348,
            0.451739
        ],
        [
            0.199602,
            0.200527,
            0.195623,
            0.19914700000000002,
            0.20323800000000003,
            0.19809100000000002,
            0.190122,
            0.19155100000000003,
            0.201683,
            0.205046,
            0.018056,
            0.0059900000000000005,
            0.0,
            0.00054,
            0.0017230000000000001,
            0.003241,
            0.00824,
            0.078876,
            0.07774,
            0.078151,
            0.078473,
            0.075819,
            0.07568,
            0.0746,
            0.07403,
            0.080929,
            0.07921,
            0.101271,
            0.10717499999999999,
            0.109569,
            0.105021,
            0.097764,
            0.096938,
            0.144405,
            0.145658,
            0.280633,
            0.279199,
            0.268605,
            0.264855,
            0.26758000000000004,
            0.266102,
            0.268477,
            0.287018,
            0.36628499999999997,
            0.319871,
            0.33635099999999996,
            0.330446,
            0.45483700000000005
        ],
        [
            0.19906200000000002,
            0.19998700000000003,
            0.195083,
            0.198607,
            0.20269800000000002,
            0.197551,
            0.189582,
            0.19101100000000001,
            0.20114300000000002,
            0.20450600000000002,
            0.017516,
            0.00545,
            0.00054,
            0.0,
            0.001183,
            0.002701,
            0.007699999999999999,
            0.078336,
            0.07719999999999999,
            0.077611,
            0.077933,
            0.075279,
            0.07514,
            0.07406,
            0.07349,
            0.080389,
            0.07867,
            0.100731,
            0.10663500000000001,
            0.109029,
            0.104481,
            0.097224,
            0.096398,
            0.143865,
            0.145118,
            0.28009300000000004,
            0.278659,
            0.268065,
            0.264315,
            0.26704000000000006,
            0.265562,
            0.26793700000000004,
            0.286478,
            0.365745,
            0.31933100000000003,
            0.33581099999999997,
            0.32990600000000003,
            0.45429700000000006
        ],
        [
            0.19915500000000003,
            0.20008,
            0.19517600000000002,
            0.1987,
            0.202791,
            0.197644,
            0.18967499999999998,
            0.191104,
            0.20123600000000003,
            0.204599,
            0.017609,
            0.005543,
            0.0017230000000000001,
            0.001183,
            0.0,
            0.002794,
            0.007793,
            0.078429,
            0.077293,
            0.077704,
            0.078026,
            0.075372,
            0.075233,
            0.074153,
            0.073583,
            0.080482,
            0.078763,
            0.100824,
            0.10672799999999999,
            0.109122,
            0.104574,
            0.097317,
            0.096491,
            0.14395799999999997,
            0.14521099999999998,
            0.280186,
            0.278752,
            0.268158,
            0.264408,
            0.267133,
            0.265655,
            0.26803,
            0.286571,
            0.365838,
            0.31942400000000004,
            0.335904,
            0.32999900000000004,
            0.45439000000000007
        ],
        [
            0.197307,
            0.19823200000000002,
            0.193328,
            0.19685200000000003,
            0.20094300000000004,
            0.19579600000000003,
            0.18782700000000002,
            0.18925600000000004,
            0.199388,
            0.20275100000000001,
            0.015761,
            0.0036950000000000004,
            0.003241,
            0.002701,
            0.002794,
            0.0,
            0.005945,
            0.07658100000000001,
            0.075445,
            0.075856,
            0.076178,
            0.073524,
            0.073385,
            0.07230500000000001,
            0.071735,
            0.07863400000000001,
            0.07691500000000001,
            0.09897600000000001,
            0.10488,
            0.10727400000000001,
            0.10272600000000001,
            0.095469,
            0.094643,
            0.14211000000000001,
            0.14336300000000002,
            0.278338,
            0.27690400000000004,
            0.26631000000000005,
            0.26256,
            0.265285,
            0.263807,
            0.26618200000000003,
            0.284723,
            0.36399,
            0.31757599999999997,
            0.334056,
            0.32815099999999997,
            0.452542
        ],
        [
            0.19492800000000002,
            0.195853,
            0.190949,
            0.194473,
            0.19856400000000002,
            0.193417,
            0.185448,
            0.18687700000000002,
            0.19700900000000002,
            0.200372,
            0.013382000000000002,
            0.005142,
            0.00824,
            0.007699999999999999,
            0.007793,
            0.005945,
            0.0,
            0.074202,
            0.07306599999999999,
            0.073477,
            0.073799,
            0.071145,
            0.071006,
            0.069926,
            0.069356,
            0.076255,
            0.074536,
            0.096597,
            0.10250100000000001,
            0.104895,
            0.100347,
            0.09309,
            0.092264,
            0.139731,
            0.140984,
            0.275959,
            0.274525,
            0.263931,
            0.260181,
            0.26290600000000003,
            0.261428,
            0.263803,
            0.28234400000000004,
            0.361611,
            0.31519700000000006,
            0.331677,
            0.32577200000000006,
            0.4501630000000001
        ],
        [
            0.189168,
            0.190093,
            0.185189,
            0.18871300000000002,
            0.19280400000000003,
            0.18765700000000002,
            0.17968800000000001,
            0.18111700000000003,
            0.191249,
            0.194612,
            0.075216,
            0.07577800000000001,
            0.078876,
            0.078336,
            0.078429,
            0.07658100000000001,
            0.074202,
            0.0,
            0.006626,
            0.007037,
            0.007359,
            0.007307,
            0.009923999999999999,
            0.030282,
            0.029712,
            0.036611000000000005,
            0.034892000000000006,
            0.090837,
            0.096741,
            0.099135,
            0.094587,
            0.08733,
            0.086504,
            0.133971,
            0.135224,
            0.27019899999999997,
            0.26876500000000003,
            0.25817100000000004,
            0.254421,
            0.257146,
            0.255668,
            0.258043,
            0.276584,
            0.355851,
            0.30943699999999996,
            0.325917,
            0.32001199999999996,
            0.444403
        ],
        [
            0.18803200000000003,
            0.188957,
            0.18405300000000002,
            0.187577,
            0.191668,
            0.186521,
            0.178552,
            0.179981,
            0.19011300000000003,
            0.193476,
            0.07408000000000001,
            0.074642,
            0.07774,
            0.07719999999999999,
            0.077293,
            0.075445,
            0.07306599999999999,
            0.006626,
            0.0,
            0.0038130000000000004,
            0.006223,
            0.006171,
            0.008788,
            0.029146,
            0.028575999999999997,
            0.035475,
            0.033756,
            0.089701,
            0.095605,
            0.097999,
            0.093451,
            0.08619399999999999,
            0.085368,
            0.13283499999999998,
            0.13408799999999998,
            0.269063,
            0.267629,
            0.257035,
            0.253285,
            0.25601,
            0.254532,
            0.256907,
            0.275448,
            0.354715,
            0.30830100000000005,
            0.324781,
            0.31887600000000005,
            0.4432670000000001
        ],
        [
            0.18844300000000003,
            0.189368,
            0.18446400000000002,
            0.187988,
            0.192079,
            0.186932,
            0.17896299999999998,
            0.180392,
            0.19052400000000003,
            0.193887,
            0.074491,
            0.07505300000000001,
            0.078151,
            0.077611,
            0.077704,
            0.075856,
            0.073477,
            0.007037,
            0.0038130000000000004,
            0.0,
            0.006634,
            0.006582,
            0.009198999999999999,
            0.029557,
            0.028987,
            0.035886,
            0.034167,
            0.090112,
            0.09601599999999999,
            0.09841,
            0.093862,
            0.086605,
            0.085779,
            0.13324599999999998,
            0.13449899999999998,
            0.269474,
            0.26804,
            0.257446,
            0.25369600000000003,
            0.256421,
            0.25494300000000003,
            0.25731800000000005,
            0.275859,
            0.355126,
            0.308712,
            0.32519200000000004,
            0.319287,
            0.443678
        ],
        [
            0.18876500000000002,
            0.18969000000000003,
            0.184786,
            0.18831,
            0.19240100000000002,
            0.187254,
            0.179285,
            0.180714,
            0.19084600000000002,
            0.19420900000000002,
            0.074813,
            0.075375,
            0.078473,
            0.077933,
            0.078026,
            0.076178,
            0.073799,
            0.007359,
            0.006223,
            0.006634,
            0.0,
            0.006904,
            0.009521,
            0.029879,
            0.029308999999999998,
            0.036208000000000004,
            0.034489000000000006,
            0.090434,
            0.09633800000000001,
            0.098732,
            0.094184,
            0.086927,
            0.086101,
            0.133568,
            0.134821,
            0.26979600000000004,
            0.268362,
            0.257768,
            0.254018,
            0.25674300000000005,
            0.255265,
            0.25764000000000004,
            0.276181,
            0.355448,
            0.30903400000000003,
            0.32551399999999997,
            0.31960900000000003,
            0.44400000000000006
        ],
        [
            0.18611100000000003,
            0.187036,
            0.18213200000000002,
            0.185656,
            0.189747,
            0.1846,
            0.17663099999999998,
            0.17806,
            0.18819200000000003,
            0.191555,
            0.072159,
            0.07272100000000001,
            0.075819,
            0.075279,
            0.075372,
            0.073524,
            0.071145,
            0.007307,
            0.006171,
            0.006582,
            0.006904,
            0.0,
            0.006867,
            0.027225,
            0.026654999999999998,
            0.033554,
            0.031835,
            0.08778,
            0.09368399999999999,
            0.096078,
            0.09153,
            0.084273,
            0.083447,
            0.13091399999999997,
            0.13216699999999998,
            0.267142,
            0.265708,
            0.255114,
            0.25136400000000003,
            0.254089,
            0.25261100000000003,
            0.25498600000000005,
            0.273527,
            0.352794,
            0.30638,
            0.32286000000000004,
            0.316955,
            0.441346
        ],
        [
            0.18597200000000003,
            0.186897,
            0.18199300000000002,
            0.185517,
            0.189608,
            0.18446099999999999,
            0.17649199999999998,
            0.177921,
            0.18805300000000003,
            0.191416,
            0.07202,
            0.07258200000000001,
            0.07568,
            0.07514,
            0.075233,
            0.073385,
            0.071006,
            0.009923999999999999,
            0.008788,
            0.009198999999999999,
            0.009521,
            0.006867,
            0.0,
            0.027086,
            0.026515999999999998,
            0.033415,
            0.031696,
            0.087641,
            0.09354499999999999,
            0.095939,
            0.091391,
            0.084134,
            0.083308,
            0.13077499999999997,
            0.13202799999999998,
            0.267003,
            0.265569,
            0.254975,
            0.25122500000000003,
            0.25395,
            0.25247200000000003,
            0.25484700000000005,
            0.273388,
            0.352655,
            0.306241,
            0.32272100000000004,
            0.316816,
            0.441207
        ],
        [
            0.184892,
            0.185817,
            0.180913,
            0.18443700000000002,
            0.18852800000000003,
            0.18338100000000002,
            0.175412,
            0.17684100000000003,
            0.186973,
            0.190336,
            0.07094,
            0.07150200000000001,
            0.0746,
            0.07406,
            0.074153,
            0.07230500000000001,
            0.069926,
            0.030282,
            0.029146,
            0.029557,
            0.029879,
            0.027225,
            0.027086,
            0.0,
            0.008572,
            0.015471000000000002,
            0.013752000000000002,
            0.086561,
            0.09246499999999999,
            0.094859,
            0.090311,
            0.083054,
            0.082228,
            0.129695,
            0.130948,
            0.265923,
            0.264489,
            0.253895,
            0.250145,
            0.25287000000000004,
            0.251392,
            0.253767,
            0.272308,
            0.35157499999999997,
            0.305161,
            0.32164099999999995,
            0.315736,
            0.44012700000000005
        ],
        [
            0.184322,
            0.185247,
            0.180343,
            0.183867,
            0.18795800000000001,
            0.182811,
            0.174842,
            0.176271,
            0.186403,
            0.189766,
            0.07037,
            0.070932,
            0.07403,
            0.07349,
            0.073583,
            0.071735,
            0.069356,
            0.029712,
            0.028575999999999997,
            0.028987,
            0.029308999999999998,
            0.026654999999999998,
            0.026515999999999998,
            0.008572,
            0.0,
            0.012877000000000001,
            0.011158000000000001,
            0.085991,
            0.091895,
            0.094289,
            0.089741,
            0.082484,
            0.081658,
            0.129125,
            0.130378,
            0.265353,
            0.263919,
            0.253325,
            0.24957500000000002,
            0.2523,
            0.250822,
            0.253197,
            0.27173800000000004,
            0.351005,
            0.30459100000000006,
            0.321071,
            0.31516600000000006,
            0.4395570000000001
        ],
        [
            0.19122100000000003,
            0.192146,
            0.18724200000000002,
            0.190766,
            0.194857,
            0.18971,
            0.18174099999999999,
            0.18317,
            0.19330200000000003,
            0.196665,
            0.077269,
            0.07783100000000001,
            0.080929,
            0.080389,
            0.080482,
            0.07863400000000001,
            0.076255,
            0.036611000000000005,
            0.035475,
            0.035886,
            0.036208000000000004,
            0.033554,
            0.033415,
            0.015471000000000002,
            0.012877000000000001,
            0.0,
            0.003975,
            0.09289,
            0.09879399999999999,
            0.101188,
            0.09664,
            0.089383,
            0.088557,
            0.13602399999999998,
            0.13727699999999998,
            0.272252,
            0.270818,
            0.260224,
            0.256474,
            0.259199,
            0.257721,
            0.260096,
            0.278637,
            0.357904,
            0.31149000000000004,
            0.32797,
            0.32206500000000005,
            0.4464560000000001
        ],
        [
            0.189502,
            0.190427,
            0.185523,
            0.18904700000000002,
            0.19313800000000003,
            0.18799100000000002,
            0.18002200000000002,
            0.18145100000000003,
            0.191583,
            0.194946,
            0.07555,
            0.07611200000000001,
            0.07921,
            0.07867,
            0.078763,
            0.07691500000000001,
            0.074536,
            0.034892000000000006,
            0.033756,
            0.034167,
            0.034489000000000006,
            0.031835,
            0.031696,
            0.013752000000000002,
            0.011158000000000001,
            0.003975,
            0.0,
            0.091171,
            0.097075,
            0.099469,
            0.094921,
            0.087664,
            0.086838,
            0.134305,
            0.135558,
            0.270533,
            0.269099,
            0.258505,
            0.254755,
            0.25748000000000004,
            0.256002,
            0.258377,
            0.276918,
            0.356185,
            0.309771,
            0.32625099999999996,
            0.320346,
            0.44473700000000005
        ],
        [
            0.182477,
            0.183402,
            0.178498,
            0.18202200000000002,
            0.18611300000000003,
            0.18096600000000002,
            0.172997,
            0.17442600000000003,
            0.184558,
            0.187921,
            0.097611,
            0.09817300000000001,
            0.101271,
            0.100731,
            0.100824,
            0.09897600000000001,
            0.096597,
            0.090837,
            0.089701,
            0.090112,
            0.090434,
            0.08778,
            0.087641,
            0.086561,
            0.085991,
            0.09289,
            0.091171,
            0.0,
            0.018046,
            0.02044,
            0.015892,
            0.011613,
            0.014373,
            0.12728,
            0.128533,
            0.26350799999999996,
            0.26207400000000003,
            0.25148000000000004,
            0.24773,
            0.250455,
            0.248977,
            0.251352,
            0.269893,
            0.34915999999999997,
            0.30274599999999996,
            0.319226,
            0.31332099999999996,
            0.437712
        ],
        [
            0.18838100000000002,
            0.189306,
            0.184402,
            0.18792599999999998,
            0.192017,
            0.18686999999999998,
            0.17890099999999998,
            0.18033,
            0.19046200000000002,
            0.193825,
            0.103515,
            0.104077,
            0.10717499999999999,
            0.10663500000000001,
            0.10672799999999999,
            0.10488,
            0.10250100000000001,
            0.096741,
            0.095605,
            0.09601599999999999,
            0.09633800000000001,
            0.09368399999999999,
            0.09354499999999999,
            0.09246499999999999,
            0.091895,
            0.09879399999999999,
            0.097075,
            0.018046,
            0.0,
            0.012278,
            0.018104,
            0.017517,
            0.020277,
            0.13318399999999997,
            0.13443699999999997,
            0.269412,
            0.267978,
            0.257384,
            0.253634,
            0.256359,
            0.254881,
            0.25725600000000004,
            0.275797,
            0.355064,
            0.30865,
            0.32513000000000003,
            0.319225,
            0.443616
        ],
        [
            0.19077500000000003,
            0.1917,
            0.18679600000000002,
            0.19032,
            0.194411,
            0.189264,
            0.18129499999999998,
            0.182724,
            0.19285600000000003,
            0.196219,
            0.105909,
            0.10647100000000001,
            0.109569,
            0.109029,
            0.109122,
            0.10727400000000001,
            0.104895,
            0.099135,
            0.097999,
            0.09841,
            0.098732,
            0.096078,
            0.095939,
            0.094859,
            0.094289,
            0.101188,
            0.099469,
            0.02044,
            0.012278,
            0.0,
            0.020498,
            0.019911,
            0.022671,
            0.13557799999999998,
            0.13683099999999998,
            0.271806,
            0.270372,
            0.259778,
            0.25602800000000003,
            0.258753,
            0.25727500000000003,
            0.25965000000000005,
            0.278191,
            0.357458,
            0.311044,
            0.32752400000000004,
            0.321619,
            0.44601
        ],
        [
            0.18622700000000003,
            0.187152,
            0.18224800000000002,
            0.185772,
            0.189863,
            0.184716,
            0.176747,
            0.178176,
            0.18830800000000003,
            0.191671,
            0.101361,
            0.10192300000000001,
            0.105021,
            0.104481,
            0.104574,
            0.10272600000000001,
            0.100347,
            0.094587,
            0.093451,
            0.093862,
            0.094184,
            0.09153,
            0.091391,
            0.090311,
            0.089741,
            0.09664,
            0.094921,
            0.015892,
            0.018104,
            0.020498,
            0.0,
            0.015363000000000002,
            0.018123,
            0.13102999999999998,
            0.13228299999999998,
            0.267258,
            0.265824,
            0.25523,
            0.25148000000000004,
            0.254205,
            0.25272700000000003,
            0.25510200000000005,
            0.273643,
            0.35291,
            0.306496,
            0.32297600000000004,
            0.317071,
            0.441462
        ],
        [
            0.17897000000000002,
            0.17989500000000003,
            0.174991,
            0.178515,
            0.18260600000000002,
            0.177459,
            0.16949,
            0.17091900000000002,
            0.18105100000000002,
