{
    "NEXUS_FILE_URL": "http://purl.org/phylo/treebase/phylows/study/TB2:S12859",
    "NEWICK_TREE": "(40:0.07487484666406462,((1:0.076654892533812,(28:0.05269043822378794,27:0.06632168876209654):0.03583853683217668):0.005437317205660859,((29:0.07670255927975014,5:0.053895015826317456):0.010129519911242998,((19:0.04464199716788999,38:0.0551836433330103):0.035849408723316566,(((4:0.0575676520568033,31:0.049525486274079794):0.015005730509973093,(6:0.05925966380784791,18:0.06087333588462671):0.007306439364228729):0.017720784071568022,((30:0.06301219418601317,(39:0.05103729195022348,((2:0.05526503242797887,20:0.04280234707769772):0.00972502896185545,(((8:0.0036556407288149684,9:0.0026301556695741165):0.023576801769275436,(24:0.007941381522015576,(26:0.004602792874334212,25:0.013754179907665833):0.00227387520807037):0.013338290815410879):0.00639081352026355,((((10:0.00738196030106953,17:0.008219277109737988):0.002869262445494922,(15:0.004240078786754862,(11:6.726168807770753E-4,14:0.0017480194924684653):0.0037091337016220837):0.006212295161334685):0.0036630010379191374,(12:0.010236656521576327,(16:0.007546471548968518,13:0.011851413989709863):0.0018177318002202082):0.0017488954260338066):0.018575162240047884,3:0.02992390069966394):0.0031856148077793823):0.02167702570953125):0.0023434707106777543):0.0168676766762818):0.004385853681349909,(((35:0.023911640976069383,(37:0.014424268224123021,36:0.03240186555067511):0.006858882112885748):0.051883570843037616,(7:0.04993236332388119,((21:0.024225783673305225,22:0.014681682801621828):0.0175485381122281,23:0.041304144616959734):0.0151584812666852):0.016828572771975605):0.007054247376548641,(33:0.007013407130828765,(34:0.0012412187521058955,32:0.0018361217077468572):0.006683500190196767):0.040113886951362455):0.0015982469764924537):0.027442324512310632):9.429685534981436E-4):0.0018535256873132152):0.005391160967160363):0.07487484666406462);",
    "DISTANCE_MATRIX": [
        [
            0.0,
            0.2318419030676021,
            0.2437159855897547,
            0.2573472361280633,
            0.24197293348628274,
            0.21916539003285007,
            0.23748578587380936,
            0.24802743203892968,
            0.24823151517444536,
            0.24018934939172187,
            0.2422242357797456,
            0.24383790785652443,
            0.25277772091577466,
            0.2576704953562668,
            0.27396673550655537,
            0.2615040501562742,
            0.26427695584460625,
            0.2632514707853654,
            0.25832418568394233,
            0.2572594722443313,
            0.26641085927766295,
            0.2663287006585632,
            0.2671660174672316,
            0.26652985186008826,
            0.26667152365573255,
            0.2677469262674239,
            0.2644000288216897,
            0.2635275756493021,
            0.26783251809004344,
            0.2637632153336956,
            0.26982737922055966,
            0.26719888858149904,
            0.28517648590805117,
            0.2607931034973095,
            0.2677935432256468,
            0.2582494423539634,
            0.26732336605707324,
            0.23410521410709528,
            0.23501652591856914,
            0.2356114288742101
        ],
        [
            0.2318419030676021,
            0.0,
            0.1651838675897766,
            0.1788151181280852,
            0.17431544989762637,
            0.15150790644419365,
            0.169828302285153,
            0.1803699484502733,
            0.180574031585789,
            0.17253186580306545,
            0.17456675219108925,
            0.17618042426786804,
            0.1851202373271183,
            0.19001301176761037,
            0.206309251917899,
            0.19384656656761784,
            0.1966194722559499,
            0.195593987196709,
            0.1906667020952859,
            0.1896019886556749,
            0.19875337568900653,
            0.19867121706990676,
            0.1995085338785752,
            0.19887236827143184,
            0.19901404006707618,
            0.20008944267876755,
            0.1967425452330333,
            0.1958700920606457,
            0.20017503450138707,
            0.19610573174503926,
            0.2021698956319033,
            0.19954140499284267,
            0.2175190023193948,
            0.19313561990865308,
            0.20013605963699044,
            0.19059195876530705,
            0.19966588246841682,
            0.16644773051843886,
            0.16735904232991278,
            0.16795394528555374
        ],
        [
            0.2437159855897547,
            0.1651838675897766,
            0.0,
            0.11901212698588448,
            0.18618953241977898,
            0.1633819889663463,
            0.1817023848073056,
            0.19224403097242593,
            0.1924481141079416,
            0.1844059483252181,
            0.18644083471324185,
            0.18805450679002067,
            0.1969943198492709,
            0.201887094289763,
            0.2181833344400516,
            0.20572064908977045,
            0.2084935547781025,
            0.20746806971886164,
            0.20254078461743855,
            0.20147607117782754,
            0.21062745821115916,
            0.2105452995920594,
            0.21138261640072784,
            0.21074645079358448,
            0.2108881225892288,
            0.21196352520092016,
            0.20861662775518594,
            0.20774417458279834,
            0.21204911702353968,
            0.20797981426719186,
            0.2140439781540559,
            0.21141548751499528,
            0.2293930848415474,
            0.2050097024308057,
            0.21201014215914304,
            0.20246604128745965,
            0.21153996499056946,
            0.1783218130405915,
            0.17923312485206538,
            0.17982802780770635
        ],
        [
            0.2573472361280633,
            0.1788151181280852,
            0.11901212698588448,
            0.0,
            0.19982078295808758,
            0.1770132395046549,
            0.1953336353456142,
            0.20587528151073453,
            0.2060793646462502,
            0.1980371988635267,
            0.20007208525155046,
            0.20168575732832927,
            0.2106255703875795,
            0.2155183448280716,
            0.23181458497836022,
            0.21935189962807905,
            0.2221248053164111,
            0.22109932025717025,
            0.21617203515574715,
            0.21510732171613614,
            0.22425870874946777,
            0.224176550130368,
            0.22501386693903644,
            0.22437770133189308,
            0.2245193731275374,
            0.22559477573922876,
            0.22224787829349454,
            0.22137542512110694,
            0.22568036756184828,
            0.22161106480550047,
            0.2276752286923645,
            0.22504673805330389,
            0.24302433537985602,
            0.21864095296911432,
            0.22564139269745165,
            0.21609729182576826,
            0.22517121552887806,
            0.1919530635789001,
            0.192864375390374,
            0.19345927834601495
        ],
        [
            0.24197293348628274,
            0.17431544989762637,
            0.18618953241977898,
            0.19982078295808758,
            0.0,
            0.1305975751060676,
            0.16917701076951291,
            0.17971865693463324,
            0.1799227400701489,
            0.1718805742874254,
            0.17391546067544916,
            0.17552913275222798,
            0.1844689458114782,
            0.18936172025197032,
            0.20565796040225892,
            0.19319527505197776,
            0.1959681807403098,
            0.19494269568106895,
            0.19001541057964585,
            0.18895069714003485,
            0.19810208417336647,
            0.1980199255542667,
            0.19885724236293514,
            0.1982210767557918,
            0.1983627485514361,
            0.19943815116312746,
            0.19609125371739325,
            0.19521880054500565,
            0.199523742985747,
            0.19545444022939917,
            0.2015186041162632,
            0.1988901134772026,
            0.21686771080375472,
            0.19248432839301302,
            0.19948476812135035,
            0.18994066724966696,
            0.19901459095277677,
            0.1657964390027988,
            0.1667077508142727,
            0.16730265376991366
        ],
        [
            0.21916539003285007,
            0.15150790644419365,
            0.1633819889663463,
            0.1770132395046549,
            0.1305975751060676,
            0.0,
            0.14636946731608022,
            0.15691111348120051,
            0.15711519661671622,
            0.1490730308339927,
            0.15110791722201647,
            0.15272158929879526,
            0.16166140235804552,
            0.16655417679853762,
            0.18285041694882623,
            0.17038773159854506,
            0.1731606372868771,
            0.17213515222763626,
            0.16720786712621316,
            0.16614315368660215,
            0.17529454071993378,
            0.175212382100834,
            0.17604969890950245,
            0.1754135333023591,
            0.1755552050980034,
            0.17663060770969477,
            0.17328371026396056,
            0.17241125709157296,
            0.1767161995323143,
            0.17264689677596648,
            0.17871106066283055,
            0.17608257002376992,
            0.19406016735032203,
            0.16967678493958033,
            0.17667722466791766,
            0.16713312379623427,
            0.17620704749934407,
            0.1429888955493661,
            0.14390020736084003,
            0.14449511031648096
        ],
        [
            0.23748578587380936,
            0.169828302285153,
            0.1817023848073056,
            0.1953336353456142,
            0.16917701076951291,
            0.14636946731608022,
            0.0,
            0.09982564050090029,
            0.1717285410830491,
            0.1636863753003256,
            0.16572126168834936,
            0.16733493376512815,
            0.1762747468243784,
            0.1811675212648705,
            0.19746376141515912,
            0.18500107606487795,
            0.18777398175321,
            0.18674849669396915,
            0.18182121159254605,
            0.18075649815293504,
            0.18990788518626667,
            0.1898257265671669,
            0.19066304337583534,
            0.19002687776869198,
            0.1901685495643363,
            0.19124395217602766,
            0.18789705473029344,
            0.18702460155790585,
            0.19132954399864718,
            0.18726024124229937,
            0.19332440512916343,
            0.1906959144901028,
            0.2086735118166549,
            0.18429012940591322,
            0.19129056913425055,
            0.18174646826256716,
            0.19082039196567696,
            0.157602240015699,
            0.15851355182717292,
            0.15910845478281385
        ],
        [
            0.24802743203892968,
            0.1803699484502733,
            0.19224403097242593,
            0.20587528151073453,
            0.17971865693463324,
            0.15691111348120051,
            0.09982564050090029,
            0.0,
            0.1822701872481694,
            0.17422802146544591,
            0.17626290785346965,
            0.17787657993024847,
            0.1868163929894987,
            0.19170916742999083,
            0.2080054075802794,
            0.19554272222999824,
            0.1983156279183303,
            0.19729014285908947,
            0.19236285775766637,
            0.19129814431805536,
            0.200449531351387,
            0.20036737273228722,
            0.20120468954095566,
            0.2005685239338123,
            0.2007101957294566,
            0.20178559834114795,
            0.19843870089541377,
            0.19756624772302617,
            0.20187119016376748,
            0.19780188740741966,
            0.20386605129428373,
            0.2012375606552231,
            0.2192151579817752,
            0.19483177557103354,
            0.20183221529937084,
            0.19228811442768745,
            0.20136203813079728,
            0.16814388618081932,
            0.1690551979922932,
            0.16965010094793415
        ],
        [
            0.24823151517444536,
            0.180574031585789,
            0.1924481141079416,
            0.2060793646462502,
            0.1799227400701489,
            0.15711519661671622,
            0.1717285410830491,
            0.1822701872481694,
            0.0,
            0.1070931383308831,
            0.13913948573885304,
            0.14075315781563186,
            0.18513453901801813,
            0.19002731345851023,
            0.20632355360879884,
            0.19386086825851767,
            0.19663377394684972,
            0.19560828888760887,
            0.19068100378618577,
            0.18961629034657476,
            0.1987676773799064,
            0.19868551876080662,
            0.19952283556947506,
            0.1988866699623317,
            0.199028341757976,
            0.20010374436966738,
            0.19675684692393317,
            0.19588439375154557,
            0.2001893361922869,
            0.1961200334359391,
            0.20218419732280313,
            0.1995557066837425,
            0.2175333040102946,
            0.19314992159955294,
            0.20015036132789027,
            0.19060626045620688,
            0.19968018415931668,
            0.16646203220933872,
            0.1673733440208126,
            0.16796824697645357
        ],
        [
            0.24018934939172187,
            0.17253186580306545,
            0.1844059483252181,
            0.1980371988635267,
            0.1718805742874254,
            0.1490730308339927,
            0.1636863753003256,
            0.17422802146544591,
            0.1070931383308831,
            0.0,
            0.13109731995612953,
            0.13271099203290831,
            0.17709237323529461,
            0.18198514767578672,
            0.19828138782607532,
            0.18581870247579416,
            0.1885916081641262,
            0.18756612310488535,
            0.18263883800346226,
            0.18157412456385125,
            0.19072551159718287,
            0.1906433529780831,
            0.19148066978675155,
            0.1908445041796082,
            0.1909861759752525,
            0.19206157858694387,
            0.18871468114120965,
            0.18784222796882205,
            0.1921471704095634,
            0.18807786765321557,
            0.19414203154007964,
            0.19151354090101902,
            0.2094911382275711,
            0.18510775581682942,
            0.19210819554516675,
            0.18256409467348336,
            0.19163801837659317,
            0.1584198664266152,
            0.15933117823808912,
            0.15992608119373006
        ],
        [
            0.2422242357797456,
            0.17456675219108925,
            0.18644083471324185,
            0.20007208525155046,
            0.17391546067544916,
            0.15110791722201647,
            0.16572126168834936,
            0.17626290785346965,
            0.13913948573885304,
            0.13109731995612953,
            0.0,
            0.12013299969247462,
            0.17912725962331838,
            0.18402003406381048,
            0.2003162742140991,
            0.18785358886381792,
            0.19062649455214997,
            0.18960100949290912,
            0.18467372439148602,
            0.183609010951875,
            0.19276039798520664,
            0.19267823936610687,
            0.1935155561747753,
            0.19287939056763195,
            0.19302106236327626,
            0.19409646497496763,
            0.19074956752923342,
            0.18987711435684582,
            0.19418205679758715,
            0.19011275404123934,
            0.19617691792810338,
            0.19354842728904276,
            0.21152602461559486,
            0.1871426422048532,
            0.19414308193319052,
            0.18459898106150713,
            0.19367290476461693,
            0.16045475281463897,
            0.16136606462611286,
            0.16196096758175382
        ],
        [
            0.24383790785652443,
            0.17618042426786804,
            0.18805450679002067,
            0.20168575732832927,
            0.17552913275222798,
            0.15272158929879526,
            0.16733493376512815,
            0.17787657993024847,
            0.14075315781563186,
            0.13271099203290831,
            0.12013299969247462,
            0.0,
            0.1807409317000972,
            0.18563370614058927,
            0.2019299462908779,
            0.18946726094059674,
            0.1922401666289288,
            0.1912146815696879,
            0.1862873964682648,
            0.1852226830286538,
            0.19437407006198543,
            0.19429191144288566,
            0.1951292282515541,
            0.19449306264441074,
            0.19463473444005508,
            0.19571013705174645,
            0.1923632396060122,
            0.1914907864336246,
            0.19579572887436597,
            0.19172642611801816,
            0.1977905900048822,
            0.19516209936582157,
            0.21313969669237365,
            0.18875631428163198,
            0.19575675400996934,
            0.18621265313828594,
            0.19528657684139572,
            0.16206842489141776,
            0.16297973670289168,
            0.16357463965853264
        ],
        [
            0.25277772091577466,
            0.1851202373271183,
            0.1969943198492709,
            0.2106255703875795,
            0.1844689458114782,
            0.16166140235804552,
            0.1762747468243784,
            0.1868163929894987,
            0.18513453901801813,
            0.17709237323529461,
            0.17912725962331838,
            0.1807409317000972,
            0.0,
            0.13091716281251845,
            0.14721340296280705,
            0.13475071761252588,
            0.13752362330085793,
            0.13649813824161708,
            0.13157085314019398,
            0.13050613970058297,
            0.1396575267339146,
            0.13957536811481483,
            0.1404126849234833,
            0.13977651931633991,
            0.13991819111198422,
            0.1409935937236756,
            0.13764669627794138,
            0.13677424310555378,
            0.14107918554629512,
            0.1370098827899473,
            0.15184575403951117,
            0.14921726340045055,
            0.16719486072700265,
            0.14281147831626098,
            0.1498119180445983,
            0.14026781717291492,
            0.14934174087602473,
            0.11612358892604677,
            0.11703490073752065,
            0.11762980369316162
        ],
        [
            0.2576704953562668,
            0.19001301176761037,
            0.201887094289763,
            0.2155183448280716,
            0.18936172025197032,
            0.16655417679853762,
            0.1811675212648705,
            0.19170916742999083,
            0.19002731345851023,
            0.18198514767578672,
            0.18402003406381048,
            0.18563370614058927,
            0.13091716281251845,
            0.0,
            0.11837082405073555,
            0.1059081387004544,
            0.10868104438878644,
            0.1076555593295456,
            0.10272827422812249,
            0.10166356078851149,
            0.11081494782184312,
            0.11073278920274333,
            0.11157010601141179,
            0.11093394040426843,
            0.11107561219991273,
            0.11215101481160411,
            0.10880411736586988,
            0.10793166419348228,
            0.11223660663422362,
            0.1081673038778758,
            0.1567385284800033,
            0.15411003784094268,
            0.17208763516749476,
            0.14770425275675308,
            0.15470469248509042,
            0.14516059161340703,
            0.15423451531651683,
            0.12101636336653887,
            0.12192767517801276,
            0.12252257813365372
        ],
        [
            0.27396673550655537,
            0.206309251917899,
            0.2181833344400516,
            0.23181458497836022,
            0.20565796040225892,
            0.18285041694882623,
            0.19746376141515912,
            0.2080054075802794,
            0.20632355360879884,
            0.19828138782607532,
            0.2003162742140991,
            0.2019299462908779,
            0.14721340296280705,
            0.11837082405073555,
            0.0,
            0.0980673795056766,
            0.12029034311771952,
            0.11926485805847867,
            0.11433757295705557,
            0.11327285951744458,
            0.1224242465507762,
            0.12234208793167642,
            0.12317940474034489,
            0.12254323913320152,
            0.12268491092884581,
            0.12376031354053721,
            0.12041341609480297,
            0.11954096292241537,
            0.1238459053631567,
            0.11977660260680889,
            0.17303476863029188,
            0.17040627799123126,
            0.18838387531778336,
            0.1640004929070417,
            0.17100093263537902,
            0.16145683176369563,
            0.17053075546680543,
            0.13731260351682748,
            0.13822391532830136,
            0.13881881828394232
        ],
        [
            0.2615040501562742,
            0.19384656656761784,
            0.20572064908977045,
            0.21935189962807905,
            0.19319527505197776,
            0.17038773159854506,
            0.18500107606487795,
            0.19554272222999824,
            0.19386086825851767,
            0.18581870247579416,
            0.18785358886381792,
            0.18946726094059674,
            0.13475071761252588,
            0.1059081387004544,
            0.0980673795056766,
            0.0,
            0.10782765776743837,
            0.10680217270819753,
            0.10187488760677442,
            0.10081017416716342,
            0.10996156120049505,
            0.10987940258139527,
            0.11071671939006372,
            0.11008055378292037,
            0.11022222557856466,
            0.11129762819025604,
            0.10795073074452181,
            0.10707827757213421,
            0.11138322001287555,
            0.10731391725652774,
            0.1605720832800107,
            0.1579435926409501,
            0.1759211899675022,
            0.15153780755676052,
            0.15853824728509786,
            0.14899414641341446,
            0.15806807011652427,
            0.12484991816654631,
            0.1257612299780202,
            0.12635613293366116
        ],
        [
            0.26427695584460625,
            0.1966194722559499,
            0.2084935547781025,
            0.2221248053164111,
            0.1959681807403098,
            0.1731606372868771,
            0.18777398175321,
            0.1983156279183303,
            0.19663377394684972,
            0.1885916081641262,
            0.19062649455214997,
            0.1922401666289288,
            0.13752362330085793,
            0.10868104438878644,
            0.12029034311771952,
            0.10782765776743837,
            0.0,
            0.006285796398389085,
            0.04851211483551686,
            0.047447401395905864,
            0.05659878842923749,
            0.0692982568506648,
            0.07013557365933326,
            0.0694994080521899,
            0.0696410798478342,
            0.07071648245952558,
            0.06736958501379135,
            0.06649713184140375,
            0.07080207428214509,
            0.06673277152579728,
            0.16334498896834276,
            0.16071649832928214,
            0.17869409565583425,
            0.15431071324509257,
            0.1613111529734299,
            0.1517670521017465,
            0.16084097580485632,
            0.12762282385487836,
            0.12853413566635224,
            0.1291290386219932
        ],
        [
            0.2632514707853654,
            0.195593987196709,
            0.20746806971886164,
            0.22109932025717025,
            0.19494269568106895,
            0.17213515222763626,
            0.18674849669396915,
            0.19729014285908947,
            0.19560828888760887,
            0.18756612310488535,
            0.18960100949290912,
            0.1912146815696879,
            0.13649813824161708,
            0.1076555593295456,
            0.11926485805847867,
            0.10680217270819753,
            0.006285796398389085,
            0.0,
            0.047486629776276004,
            0.04642191633666501,
            0.055573303369996635,
            0.06827277179142396,
            0.06911008860009242,
            0.06847392299294905,
            0.06861559478859336,
            0.06969099740028474,
            0.06634409995455051,
            0.06547164678216291,
            0.06977658922290425,
            0.06570728646655644,
            0.16231950390910194,
            0.15969101327004132,
            0.1776686105965934,
            0.15328522818585172,
            0.16028566791418905,
            0.15074156704250566,
            0.15981549074561546,
            0.1265973387956375,
            0.1275086506071114,
            0.12810355356275235
        ],
        [
            0.25832418568394233,
            0.1906667020952859,
            0.20254078461743855,
            0.21617203515574715,
            0.19001541057964585,
            0.16720786712621316,
            0.18182121159254605,
            0.19236285775766637,
            0.19068100378618577,
            0.18263883800346226,
            0.18467372439148602,
            0.1862873964682648,
            0.13157085314019398,
            0.10272827422812249,
            0.11433757295705557,
            0.10187488760677442,
            0.04851211483551686,
            0.047486629776276004,
            0.0,
            0.014818049604420158,
            0.02396943663775178,
            0.06334548669000085,
            0.06418280349866931,
            0.06354663789152595,
            0.06368830968717025,
            0.06476371229886163,
            0.0614168148531274,
            0.0605443616807398,
            0.06484930412148114,
            0.060780001365133327,
            0.15739221880767884,
            0.15476372816861822,
            0.1727413254951703,
            0.14835794308442862,
            0.15535838281276595,
            0.14581428194108256,
            0.15488820564419237,
            0.12167005369421441,
            0.1225813655056883,
            0.12317626846132926
        ],
        [
            0.2572594722443313,
            0.1896019886556749,
            0.20147607117782754,
            0.21510732171613614,
            0.18895069714003485,
            0.16614315368660215,
            0.18075649815293504,
            0.19129814431805536,
            0.18961629034657476,
            0.18157412456385125,
            0.183609010951875,
            0.1852226830286538,
            0.13050613970058297,
            0.10166356078851149,
            0.11327285951744458,
            0.10081017416716342,
            0.047447401395905864,
            0.04642191633666501,
            0.014818049604420158,
            0.0,
            0.018356972782000047,
            0.06228077325038986,
            0.06311809005905833,
            0.06248192445191496,
            0.06262359624755925,
            0.06369899885925065,
            0.06035210141351641,
            0.05947964824112881,
            0.06378459068187015,
            0.05971528792552233,
            0.15632750536806783,
            0.1536990147290072,
            0.17167661205555929,
            0.1472932296448176,
            0.15429366937315495,
            0.14474956850147155,
            0.15382349220458136,
            0.1206053402546034,
            0.12151665206607729,
            0.12211155502171825
        ],
        [
            0.26641085927766295,
            0.19875337568900653,
            0.21062745821115916,
            0.22425870874946777,
            0.19810208417336647,
            0.17529454071993378,
            0.18990788518626667,
            0.200449531351387,
            0.1987676773799064,
            0.19072551159718287,
            0.19276039798520664,
            0.19437407006198543,
            0.1396575267339146,
            0.11081494782184312,
            0.1224242465507762,
            0.10996156120049505,
            0.05659878842923749,
            0.055573303369996635,
            0.02396943663775178,
            0.018356972782000047,
            0.0,
            0.07143216028372149,
            0.07226947709238996,
            0.07163331148524658,
            0.07177498328089088,
            0.07285038589258228,
            0.06950348844684803,
            0.06863103527446043,
            0.07293597771520177,
            0.06886667495885396,
            0.16547889240139946,
            0.16285040176233884,
            0.1808279990888909,
            0.15644461667814924,
            0.16344505640648657,
            0.15390095553480318,
            0.16297487923791298,
            0.12975672728793503,
            0.1306680390994089,
            0.13126294205504987
        ],
        [
            0.2663287006585632,
            0.19867121706990676,
            0.2105452995920594,
            0.224176550130368,
            0.1980199255542667,
            0.175212382100834,
            0.1898257265671669,
            0.20036737273228722,
            0.19868551876080662,
            0.1906433529780831,
            0.19267823936610687,
            0.19429191144288566,
            0.13957536811481483,
            0.11073278920274333,
            0.12234208793167642,
            0.10987940258139527,
            0.0692982568506648,
            0.06827277179142396,
            0.06334548669000085,
            0.06228077325038986,
            0.07143216028372149,
            0.0,
            0.015601237410807519,
            0.020703596694654,
            0.020845268490298295,
            0.021920671101989683,
            0.025899775732093722,
            0.025027322559706123,
            0.029332265000447465,
            0.06241328672419541,
            0.1653967337822997,
            0.16276824314323907,
            0.18074584046979114,
            0.15636245805904947,
            0.1633628977873868,
            0.1538187969157034,
            0.1628927206188132,
            0.12967456866883526,
            0.13058588048030914,
            0.1311807834359501
        ],
        [
            0.2671660174672316,
            0.1995085338785752,
            0.21138261640072784,
            0.22501386693903644,
            0.19885724236293514,
            0.17604969890950245,
            0.19066304337583534,
            0.20120468954095566,
            0.19952283556947506,
            0.19148066978675155,
            0.1935155561747753,
            0.1951292282515541,
            0.1404126849234833,
            0.11157010601141179,
            0.12317940474034489,
            0.11071671939006372,
            0.07013557365933326,
            0.06911008860009242,
            0.06418280349866931,
            0.06311809005905833,
            0.07226947709238996,
            0.015601237410807519,
            0.0,
            0.021540913503322455,
            0.02168258529896675,
            0.022757987910658143,
            0.026737092540762182,
            0.025864639368374583,
            0.03016958180911592,
            0.06325060353286388,
            0.16623405059096813,
            0.1636055599519075,
            0.18158315727845958,
            0.1571997748677179,
            0.16420021459605524,
            0.15465611372437185,
            0.16373003742748166,
            0.1305118854775037,
            0.13142319728897758,
            0.13201810024461855
        ],
        [
            0.26652985186008826,
            0.19887236827143184,
            0.21074645079358448,
            0.22437770133189308,
            0.1982210767557918,
            0.1754135333023591,
            0.19002687776869198,
            0.2005685239338123,
            0.1988866699623317,
            0.1908445041796082,
            0.19287939056763195,
            0.19449306264441074,
            0.13977651931633991,
            0.11093394040426843,
            0.12254323913320152,
            0.11008055378292037,
            0.0694994080521899,
            0.06847392299294905,
            0.06354663789152595,
            0.06248192445191496,
            0.07163331148524658,
            0.020703596694654,
            0.021540913503322455,
            0.0,
            0.00862182936915402,
            0.00969723198084541,
            0.026100926933618818,
            0.025228473761231218,
            0.02953341620197256,
            0.06261443792572051,
            0.16559788498382477,
            0.16296939434476415,
            0.18094699167131623,
            0.15656360926057455,
            0.1635640489889119,
            0.1540199481172285,
            0.1630938718203383,
            0.12987571987036034,
            0.13078703168183423,
            0.1313819346374752
        ],
        [
            0.26667152365573255,
            0.19901404006707618,
            0.2108881225892288,
            0.2245193731275374,
            0.1983627485514361,
            0.1755552050980034,
            0.1901685495643363,
            0.2007101957294566,
            0.199028341757976,
            0.1909861759752525,
            0.19302106236327626,
            0.19463473444005508,
            0.13991819111198422,
            0.11107561219991273,
            0.12268491092884581,
            0.11022222557856466,
            0.0696410798478342,
            0.06861559478859336,
            0.06368830968717025,
            0.06262359624755925,
            0.07177498328089088,
            0.020845268490298295,
            0.02168258529896675,
            0.00862182936915402,
            0.0,
            0.0024206363732455407,
            0.026242598729263114,
            0.025370145556875515,
            0.029675087997616856,
            0.0627561097213648,
            0.16573955677946905,
            0.16311106614040843,
            0.18108866346696054,
            0.15670528105621886,
            0.1637057207845562,
            0.1541616199128728,
            0.1632355436159826,
            0.13001739166600465,
            0.13092870347747854,
            0.1315236064331195
        ],
        [
            0.2677469262674239,
            0.20008944267876755,
            0.21196352520092016,
            0.22559477573922876,
            0.19943815116312746,
            0.17663060770969477,
            0.19124395217602766,
            0.20178559834114795,
            0.20010374436966738,
            0.19206157858694387,
            0.19409646497496763,
            0.19571013705174645,
            0.1409935937236756,
            0.11215101481160411,
            0.12376031354053721,
            0.11129762819025604,
            0.07071648245952558,
            0.06969099740028474,
            0.06476371229886163,
            0.06369899885925065,
            0.07285038589258228,
            0.021920671101989683,
            0.022757987910658143,
            0.00969723198084541,
            0.0024206363732455407,
            0.0,
            0.027318001340954502,
            0.026445548168566903,
            0.030750490609308248,
            0.0638315123330562,
            0.16681495939116042,
            0.1641864687520998,
            0.1821640660786519,
            0.15778068366791023,
            0.16478112339624756,
            0.15523702252456417,
            0.16431094622767398,
            0.13109279427769602,
            0.1320041060891699,
            0.13259900904481087
        ],
        [
            0.2644000288216897,
            0.1967425452330333,
            0.20861662775518594,
            0.22224787829349454,
            0.19609125371739325,
            0.17328371026396056,
            0.18789705473029344,
            0.19843870089541377,
            0.19675684692393317,
            0.18871468114120965,
            0.19074956752923342,
            0.1923632396060122,
            0.13764669627794138,
            0.10880411736586988,
            0.12041341609480297,
            0.10795073074452181,
            0.06736958501379135,
            0.06634409995455051,
            0.0614168148531274,
            0.06035210141351641,
            0.06950348844684803,
            0.025899775732093722,
            0.026737092540762182,
            0.026100926933618818,
            0.026242598729263114,
            0.027318001340954502,
            0.0,
            0.019600859870765056,
            0.023905802311506397,
            0.06048461488732196,
            0.16346806194542624,
            0.16083957130636561,
            0.1788171686329177,
            0.15443378622217602,
            0.16143422595051335,
            0.15189012507882996,
            0.16096404878193976,
            0.1277458968319618,
            0.1286572086434357,
            0.12925211159907665
        ],
        [
            0.2635275756493021,
            0.1958700920606457,
            0.20774417458279834,
            0.22137542512110694,
            0.19521880054500565,
            0.17241125709157296,
            0.18702460155790585,
            0.19756624772302617,
            0.19588439375154557,
            0.18784222796882205,
            0.18987711435684582,
            0.1914907864336246,
            0.13677424310555378,
            0.10793166419348228,
            0.11954096292241537,
            0.10707827757213421,
            0.06649713184140375,
            0.06547164678216291,
            0.0605443616807398,
            0.05947964824112881,
            0.06863103527446043,
            0.025027322559706123,
            0.025864639368374583,
            0.025228473761231218,
            0.025370145556875515,
            0.026445548168566903,
            0.019600859870765056,
            0.0,
            0.01939788553867838,
            0.05961216171493436,
            0.16259560877303864,
            0.15996711813397801,
            0.1779447154605301,
            0.15356133304978842,
            0.16056177277812575,
            0.15101767190644236,
            0.16009159560955216,
            0.1268734436595742,
            0.1277847554710481,
            0.12837965842668905
        ],
        [
            0.26783251809004344,
            0.20017503450138707,
            0.21204911702353968,
            0.22568036756184828,
            0.199523742985747,
            0.1767161995323143,
            0.19132954399864718,
            0.20187119016376748,
            0.2001893361922869,
            0.1921471704095634,
            0.19418205679758715,
            0.19579572887436597,
            0.14107918554629512,
            0.11223660663422362,
            0.1238459053631567,
            0.11138322001287555,
            0.07080207428214509,
            0.06977658922290425,
            0.06484930412148114,
            0.06378459068187015,
            0.07293597771520177,
            0.029332265000447465,
            0.03016958180911592,
            0.02953341620197256,
            0.029675087997616856,
            0.030750490609308248,
            0.023905802311506397,
            0.01939788553867838,
            0.0,
            0.0639171041556757,
            0.16690055121377995,
            0.16427206057471933,
            0.18224965790127143,
            0.15786627549052976,
            0.1648667152188671,
            0.1553226143471837,
            0.1643965380502935,
            0.13117838610031554,
