{
    "NEXUS_FILE_URL": "http://purl.org/phylo/treebase/phylows/study/TB2:S12394",
    "NEWICK_TREE": "(((26:0.004259,(27:0.0,(9:0.0,10:0.0):0.0):0.001765):0.088096,(36:0.084358,((33:0.0,34:0.0):9.23E-4,(7:-5.15E-4,(8:3.31E-4,(32:-4.598E-5,(5:-1.08E-5,(31:-1.759E-5,(28:-6.521E-6,(6:0.0,29:0.0):6.521E-6):1.542E-5):2.009E-6):3.95E-5):5.06E-4):0.001064):0.004999):0.030321):0.05159):0.032027,((30:0.001249,((18:0.001434,(15:-2.387E-5,17:2.387E-5):-1.34E-4):2.43E-4,(20:0.0,(16:0.0,19:0.0):0.0):2.34E-4):4.85E-4):0.114082,((23:-0.001571,(24:0.0,25:0.0):0.001571):0.004404,(35:0.091406,(4:0.054558,((37:0.004964,(1:0.00726,2:0.006168):0.002169):0.002682,(3:0.00204,((21:0.0,22:0.0):3.17E-4,(11:-6.265E-5,(12:-9.121E-5,(13:0.0,14:0.0):9.71E-4):3.225E-5):5.26E-4):0.004344):0.00584):0.010477):0.004519):0.00604):0.086523):0.032027);",
    "DISTANCE_MATRIX": [
        [
            0.0,
            0.006024,
            0.006024,
            0.006024,
            0.228303,
            0.17518899999999998,
            0.17518899999999998,
            0.17875,
            0.18066,
            0.18078902,
            0.1808637,
            0.180858919,
            0.180885408,
            0.18089845,
            0.18089845,
            0.27174,
            0.272653,
            0.27106113,
            0.27110887,
            0.27121,
            0.27121,
            0.27121,
            0.245765,
            0.248907,
            0.248907,
            0.34037799999999996,
            0.308049,
            0.271614,
            0.27607899999999996,
            0.274987,
            0.271848,
            0.27446899999999996,
            0.27446899999999996,
            0.27461535,
            0.27461904,
            0.27568125,
            0.27568125
        ],
        [
            0.006024,
            0.0,
            0.0,
            0.0,
            0.225809,
            0.172695,
            0.172695,
            0.176256,
            0.178166,
            0.17829502,
            0.1783697,
            0.178364919,
            0.178391408,
            0.17840445,
            0.17840445,
            0.269246,
            0.270159,
            0.26856713,
            0.26861487,
            0.268716,
            0.268716,
            0.268716,
            0.24327100000000002,
            0.246413,
            0.246413,
            0.33788399999999996,
            0.305555,
            0.26912,
            0.27358499999999997,
            0.272493,
            0.269354,
            0.27197499999999997,
            0.27197499999999997,
            0.27212135,
            0.27212504,
            0.27318725,
            0.27318725
        ],
        [
            0.006024,
            0.0,
            0.0,
            0.0,
            0.225809,
            0.172695,
            0.172695,
            0.176256,
            0.178166,
            0.17829502,
            0.1783697,
            0.178364919,
            0.178391408,
            0.17840445,
            0.17840445,
            0.269246,
            0.270159,
            0.26856713,
            0.26861487,
            0.268716,
            0.268716,
            0.268716,
            0.24327100000000002,
            0.246413,
            0.246413,
            0.33788399999999996,
            0.305555,
            0.26912,
            0.27358499999999997,
            0.272493,
            0.269354,
            0.27197499999999997,
            0.27197499999999997,
            0.27212135,
            0.27212504,
            0.27318725,
            0.27318725
        ],
        [
            0.006024,
            0.0,
            0.0,
            0.0,
            0.225809,
            0.172695,
            0.172695,
            0.176256,
            0.178166,
            0.17829502,
            0.1783697,
            0.178364919,
            0.178391408,
            0.17840445,
            0.17840445,
            0.269246,
            0.270159,
            0.26856713,
            0.26861487,
            0.268716,
            0.268716,
            0.268716,
            0.24327100000000002,
            0.246413,
            0.246413,
            0.33788399999999996,
            0.305555,
            0.26912,
            0.27358499999999997,
            0.272493,
            0.269354,
            0.27197499999999997,
            0.27197499999999997,
            0.27212135,
            0.27212504,
            0.27318725,
            0.27318725
        ],
        [
            0.228303,
            0.225809,
            0.225809,
            0.225809,
            0.0,
            0.11560200000000001,
            0.11560200000000001,
            0.119163,
            0.121073,
            0.12120202,
            0.1212767,
            0.121271919,
            0.121298408,
            0.12131145,
            0.12131145,
            0.315333,
            0.316246,
            0.31465413,
            0.31470187000000005,
            0.31480300000000006,
            0.31480300000000006,
            0.31480300000000006,
            0.289358,
            0.2925,
            0.2925,
            0.383971,
            0.351642,
            0.315207,
            0.319672,
            0.31858,
            0.31544099999999997,
            0.318062,
            0.318062,
            0.31820835000000003,
            0.31821204000000003,
            0.31927425,
            0.31927425
        ],
        [
            0.17518899999999998,
            0.172695,
            0.172695,
            0.172695,
            0.11560200000000001,
            0.0,
            0.0,
            0.005407,
            0.007317000000000001,
            0.00744602,
            0.0075207,
            0.007515919,
            0.0075424080000000004,
            0.00755545,
            0.00755545,
            0.262219,
            0.263132,
            0.26154013,
            0.26158787,
            0.261689,
            0.261689,
            0.261689,
            0.236244,
            0.239386,
            0.239386,
            0.33085699999999996,
            0.298528,
            0.262093,
            0.26655799999999996,
            0.265466,
            0.262327,
            0.26494799999999996,
            0.26494799999999996,
            0.26509435,
            0.26509804,
            0.26616025,
            0.26616025
        ],
        [
            0.17518899999999998,
            0.172695,
            0.172695,
            0.172695,
            0.11560200000000001,
            0.0,
            0.0,
            0.005407,
            0.007317000000000001,
            0.00744602,
            0.0075207,
            0.007515919,
            0.0075424080000000004,
            0.00755545,
            0.00755545,
            0.262219,
            0.263132,
            0.26154013,
            0.26158787,
            0.261689,
            0.261689,
            0.261689,
            0.236244,
            0.239386,
            0.239386,
            0.33085699999999996,
            0.298528,
            0.262093,
            0.26655799999999996,
            0.265466,
            0.262327,
            0.26494799999999996,
            0.26494799999999996,
            0.26509435,
            0.26509804,
            0.26616025,
            0.26616025
        ],
        [
            0.17875,
            0.176256,
            0.176256,
            0.176256,
            0.119163,
            0.005407,
            0.005407,
            0.0,
            0.0008799999999999999,
            0.00100902,
            0.0010837000000000002,
            0.001078919,
            0.001105408,
            0.00111845,
            0.00111845,
            0.26578,
            0.26669299999999996,
            0.26510113,
            0.26514887,
            0.26525,
            0.26525,
            0.26525,
            0.239805,
            0.242947,
            0.242947,
            0.334418,
            0.302089,
            0.265654,
            0.270119,
            0.269027,
            0.265888,
            0.268509,
            0.268509,
            0.26865534999999996,
            0.26865903999999996,
            0.26972125,
            0.26972125
        ],
        [
            0.18066,
            0.178166,
            0.178166,
            0.178166,
            0.121073,
            0.007317000000000001,
            0.007317000000000001,
            0.0008799999999999999,
            0.0,
            0.0007910200000000001,
            0.0008657000000000001,
            0.000860919,
            0.000887408,
            0.00090045,
            0.00090045,
            0.26769,
            0.268603,
            0.26701113,
            0.26705887,
            0.26716,
            0.26716,
            0.26716,
            0.241715,
            0.244857,
            0.244857,
            0.33632799999999996,
            0.303999,
            0.267564,
            0.27202899999999997,
            0.270937,
            0.267798,
            0.27041899999999996,
            0.27041899999999996,
            0.27056535,
            0.27056904,
            0.27163125,
            0.27163125
        ],
        [
            0.18078902,
            0.17829502,
            0.17829502,
            0.17829502,
            0.12120202,
            0.00744602,
            0.00744602,
            0.00100902,
            0.0007910200000000001,
            0.0,
            -1.7279999999999997e-05,
            -2.2060999999999998e-05,
            4.427999999999999e-06,
            1.747e-05,
            1.747e-05,
            0.26781902,
            0.26873201999999996,
            0.26714015,
            0.26718789,
            0.26728902,
            0.26728902,
            0.26728902,
            0.24184402,
            0.24498602,
            0.24498602,
            0.33645702,
            0.30412802,
            0.26769302,
            0.27215802,
            0.27106602,
            0.26792702,
            0.27054802,
            0.27054802,
            0.27069436999999996,
            0.27069805999999996,
            0.27176027,
            0.27176027
        ],
        [
            0.1808637,
            0.1783697,
            0.1783697,
            0.1783697,
            0.1212767,
            0.0075207,
            0.0075207,
            0.0010837000000000002,
            0.0008657000000000001,
            -1.7279999999999997e-05,
            0.0,
            -2.6380999999999997e-05,
            1.0800000000000134e-07,
            1.3150000000000003e-05,
            1.3150000000000003e-05,
            0.2678937,
            0.26880669999999995,
            0.26721483,
            0.26726257,
            0.2673637,
            0.2673637,
            0.2673637,
            0.2419187,
            0.2450607,
            0.2450607,
            0.3365317,
            0.3042027,
            0.2677677,
            0.2722327,
            0.2711407,
            0.2680017,
            0.2706227,
            0.2706227,
            0.27076904999999996,
            0.27077273999999996,
            0.27183495,
            0.27183495
        ],
        [
            0.180858919,
            0.178364919,
            0.178364919,
            0.178364919,
            0.121271919,
            0.007515919,
            0.007515919,
            0.001078919,
            0.000860919,
            -2.2060999999999998e-05,
            -2.6380999999999997e-05,
            0.0,
            -8.690999999999999e-06,
            4.351000000000003e-06,
            4.351000000000003e-06,
            0.267888919,
            0.268801919,
            0.267210049,
            0.267257789,
            0.26735891900000003,
            0.26735891900000003,
            0.26735891900000003,
            0.241913919,
            0.245055919,
            0.245055919,
            0.336526919,
            0.304197919,
            0.267762919,
            0.272227919,
            0.271135919,
            0.267996919,
            0.270617919,
            0.270617919,
            0.270764269,
            0.270767959,
            0.271830169,
            0.271830169
        ],
        [
            0.180885408,
            0.178391408,
            0.178391408,
            0.178391408,
            0.121298408,
            0.0075424080000000004,
            0.0075424080000000004,
            0.001105408,
            0.000887408,
            4.427999999999999e-06,
            1.0800000000000134e-07,
            -8.690999999999999e-06,
            0.0,
            0.0,
            0.0,
            0.267915408,
            0.26882840799999996,
            0.267236538,
            0.267284278,
            0.267385408,
            0.267385408,
            0.267385408,
            0.241940408,
            0.245082408,
            0.245082408,
            0.336553408,
            0.304224408,
            0.267789408,
            0.272254408,
            0.271162408,
            0.268023408,
            0.270644408,
            0.270644408,
            0.27079075799999996,
            0.27079444799999997,
            0.27185665800000003,
            0.27185665800000003
        ],
        [
            0.18089845,
            0.17840445,
            0.17840445,
            0.17840445,
            0.12131145,
            0.00755545,
            0.00755545,
            0.00111845,
            0.00090045,
            1.747e-05,
            1.3150000000000003e-05,
            4.351000000000003e-06,
            0.0,
            0.0,
            0.0,
            0.26792845,
            0.26884145,
            0.26724958,
            0.26729732,
            0.26739845,
            0.26739845,
            0.26739845,
            0.24195345000000001,
            0.24509545,
            0.24509545,
            0.33656644999999996,
            0.30423745,
            0.26780245,
            0.27226744999999997,
            0.27117545,
            0.26803645,
            0.27065744999999997,
            0.27065744999999997,
            0.2708038,
            0.27080749,
            0.2718697,
            0.2718697
        ],
        [
            0.18089845,
            0.17840445,
            0.17840445,
            0.17840445,
            0.12131145,
            0.00755545,
            0.00755545,
            0.00111845,
            0.00090045,
            1.747e-05,
            1.3150000000000003e-05,
            4.351000000000003e-06,
            0.0,
            0.0,
            0.0,
            0.26792845,
            0.26884145,
            0.26724958,
            0.26729732,
            0.26739845,
            0.26739845,
            0.26739845,
            0.24195345000000001,
            0.24509545,
            0.24509545,
            0.33656644999999996,
            0.30423745,
            0.26780245,
            0.27226744999999997,
            0.27117545,
            0.26803645,
            0.27065744999999997,
            0.27065744999999997,
            0.2708038,
            0.27080749,
            0.2718697,
            0.2718697
        ],
        [
            0.27174,
            0.269246,
            0.269246,
            0.269246,
            0.315333,
            0.262219,
            0.262219,
            0.26578,
            0.26769,
            0.26781902,
            0.2678937,
            0.267888919,
            0.267915408,
            0.26792845,
            0.26792845,
            0.0,
            0.003411,
            0.00181913,
            0.0018668699999999999,
            0.001968,
            0.001968,
            0.001968,
            0.204687,
            0.20782899999999999,
            0.20782899999999999,
            0.2993,
            0.266971,
            0.23053600000000002,
            0.23500100000000002,
            0.233909,
            0.23077,
            0.23339100000000002,
            0.23339100000000002,
            0.23353735,
            0.23354104,
            0.23460324999999999,
            0.23460324999999999
        ],
        [
            0.272653,
            0.270159,
            0.270159,
            0.270159,
            0.316246,
            0.263132,
            0.263132,
            0.26669299999999996,
            0.268603,
            0.26873201999999996,
            0.26880669999999995,
            0.268801919,
            0.26882840799999996,
            0.26884145,
            0.26884145,
            0.003411,
            0.0,
            0.0012761299999999999,
            0.00132387,
            0.001911,
            0.001911,
            0.001911,
            0.2056,
            0.20874199999999998,
            0.20874199999999998,
            0.300213,
            0.267884,
            0.23144900000000002,
            0.235914,
            0.234822,
            0.231683,
            0.234304,
            0.234304,
            0.23445035,
            0.23445404,
            0.23551624999999998,
            0.23551624999999998
        ],
        [
            0.27106113,
            0.26856713,
            0.26856713,
            0.26856713,
            0.31465413,
            0.26154013,
            0.26154013,
            0.26510113,
            0.26701113,
            0.26714015,
            0.26721483,
            0.267210049,
            0.267236538,
            0.26724958,
            0.26724958,
            0.00181913,
            0.0012761299999999999,
            0.0,
            0.0,
            0.00031913,
            0.00031913,
            0.00031913,
            0.20400813,
            0.20715013,
            0.20715013,
            0.29862113,
            0.26629213,
            0.22985713000000002,
            0.23432213000000002,
            0.23323013,
            0.23009113,
            0.23271213000000002,
            0.23271213000000002,
            0.23285848,
            0.23286217,
            0.23392438,
            0.23392438
        ],
        [
            0.27110887,
            0.26861487,
            0.26861487,
            0.26861487,
            0.31470187000000005,
            0.26158787,
            0.26158787,
            0.26514887,
            0.26705887,
            0.26718789,
            0.26726257,
            0.267257789,
            0.267284278,
            0.26729732,
            0.26729732,
            0.0018668699999999999,
            0.00132387,
            0.0,
            0.0,
            0.00036687,
            0.00036687,
            0.00036687,
            0.20405587000000003,
            0.20719787,
            0.20719787,
            0.29866887,
            0.26633987000000003,
            0.22990487,
            0.23436987,
            0.23327787,
            0.23013887,
            0.23275987,
            0.23275987,
            0.23290622,
            0.23290991,
            0.23397212,
            0.23397212
        ],
        [
            0.27121,
            0.268716,
            0.268716,
            0.268716,
            0.31480300000000006,
            0.261689,
            0.261689,
            0.26525,
            0.26716,
            0.26728902,
            0.2673637,
            0.26735891900000003,
            0.267385408,
            0.26739845,
            0.26739845,
            0.001968,
            0.001911,
            0.00031913,
            0.00036687,
            0.0,
            0.0,
            0.0,
            0.204157,
            0.207299,
            0.207299,
            0.29877,
            0.266441,
            0.230006,
            0.23447099999999998,
            0.233379,
            0.23024,
            0.23286099999999998,
            0.23286099999999998,
            0.23300735,
            0.23301104,
            0.23407325,
            0.23407325
        ],
        [
            0.27121,
            0.268716,
            0.268716,
            0.268716,
            0.31480300000000006,
            0.261689,
            0.261689,
            0.26525,
            0.26716,
            0.26728902,
            0.2673637,
            0.26735891900000003,
            0.267385408,
            0.26739845,
            0.26739845,
            0.001968,
            0.001911,
            0.00031913,
            0.00036687,
            0.0,
            0.0,
            0.0,
            0.204157,
            0.207299,
            0.207299,
            0.29877,
            0.266441,
            0.230006,
            0.23447099999999998,
            0.233379,
            0.23024,
            0.23286099999999998,
            0.23286099999999998,
            0.23300735,
            0.23301104,
            0.23407325,
            0.23407325
        ],
        [
            0.27121,
            0.268716,
            0.268716,
            0.268716,
            0.31480300000000006,
            0.261689,
            0.261689,
            0.26525,
            0.26716,
            0.26728902,
            0.2673637,
            0.26735891900000003,
            0.267385408,
            0.26739845,
            0.26739845,
            0.001968,
            0.001911,
            0.00031913,
            0.00036687,
            0.0,
            0.0,
            0.0,
            0.204157,
            0.207299,
            0.207299,
            0.29877,
            0.266441,
            0.230006,
            0.23447099999999998,
            0.233379,
            0.23024,
            0.23286099999999998,
            0.23286099999999998,
            0.23300735,
            0.23301104,
            0.23407325,
            0.23407325
        ],
        [
            0.245765,
            0.24327100000000002,
            0.24327100000000002,
            0.24327100000000002,
            0.289358,
            0.236244,
            0.236244,
            0.239805,
            0.241715,
            0.24184402,
            0.2419187,
            0.241913919,
            0.241940408,
            0.24195345000000001,
            0.24195345000000001,
            0.204687,
            0.2056,
            0.20400813,
            0.20405587000000003,
            0.204157,
            0.204157,
            0.204157,
            0.0,
            0.0,
            0.0,
            0.10027900000000001,
            0.06795000000000001,
            0.031515,
            0.03598,
            0.034888,
            0.031749,
            0.03437,
            0.03437,
            0.03451635,
            0.03452004,
            0.03558225,
            0.03558225
        ],
        [
            0.248907,
            0.246413,
            0.246413,
            0.246413,
            0.2925,
            0.239386,
            0.239386,
            0.242947,
            0.244857,
            0.24498602,
            0.2450607,
            0.245055919,
            0.245082408,
            0.24509545,
            0.24509545,
            0.20782899999999999,
            0.20874199999999998,
            0.20715013,
            0.20719787,
            0.207299,
            0.207299,
            0.207299,
            0.0,
            0.0,
            0.0,
            0.103421,
            0.071092,
            0.034657,
            0.039122,
            0.03803,
            0.034891,
            0.037512,
            0.037512,
            0.03765835,
            0.03766204,
            0.03872425,
            0.03872425
        ],
        [
            0.248907,
            0.246413,
            0.246413,
            0.246413,
            0.2925,
            0.239386,
            0.239386,
            0.242947,
            0.244857,
            0.24498602,
            0.2450607,
            0.245055919,
            0.245082408,
            0.24509545,
            0.24509545,
            0.20782899999999999,
            0.20874199999999998,
            0.20715013,
            0.20719787,
            0.207299,
            0.207299,
            0.207299,
            0.0,
            0.0,
            0.0,
            0.103421,
            0.071092,
            0.034657,
            0.039122,
            0.03803,
            0.034891,
            0.037512,
            0.037512,
            0.03765835,
            0.03766204,
            0.03872425,
            0.03872425
        ],
        [
            0.34037799999999996,
            0.33788399999999996,
            0.33788399999999996,
            0.33788399999999996,
            0.383971,
            0.33085699999999996,
            0.33085699999999996,
            0.334418,
            0.33632799999999996,
            0.33645702,
            0.3365317,
            0.336526919,
            0.336553408,
            0.33656644999999996,
            0.33656644999999996,
            0.2993,
            0.300213,
            0.29862113,
            0.29866887,
            0.29877,
            0.29877,
            0.29877,
            0.10027900000000001,
            0.103421,
            0.103421,
            0.0,
            0.150483,
            0.114048,
            0.11851300000000001,
            0.117421,
            0.114282,
            0.116903,
            0.116903,
            0.11704935,
            0.11705304,
            0.11811525,
            0.11811525
        ],
        [
            0.308049,
            0.305555,
            0.305555,
            0.305555,
            0.351642,
            0.298528,
            0.298528,
            0.302089,
            0.303999,
            0.30412802,
            0.3042027,
            0.304197919,
            0.304224408,
            0.30423745,
            0.30423745,
            0.266971,
            0.267884,
            0.26629213,
            0.26633987000000003,
            0.266441,
            0.266441,
            0.266441,
            0.06795000000000001,
            0.071092,
            0.071092,
            0.150483,
            0.0,
            0.072681,
            0.077146,
            0.07605400000000001,
            0.07291500000000001,
            0.075536,
            0.075536,
            0.07568235000000001,
            0.07568604000000001,
            0.07674825,
            0.07674825
        ],
        [
            0.271614,
            0.26912,
            0.26912,
            0.26912,
            0.315207,
            0.262093,
            0.262093,
            0.265654,
            0.267564,
            0.26769302,
            0.2677677,
            0.267762919,
            0.267789408,
            0.26780245,
            0.26780245,
            0.23053600000000002,
            0.23144900000000002,
            0.22985713000000002,
            0.22990487,
            0.230006,
            0.230006,
            0.230006,
            0.031515,
            0.034657,
            0.034657,
            0.114048,
            0.072681,
            0.0,
            0.014393,
            0.013301,
            0.015526,
            0.018147,
            0.018147,
            0.01829335,
            0.01829704,
            0.01935925,
            0.01935925
        ],
        [
            0.27607899999999996,
            0.27358499999999997,
            0.27358499999999997,
            0.27358499999999997,
            0.319672,
            0.26655799999999996,
            0.26655799999999996,
            0.270119,
            0.27202899999999997,
            0.27215802,
            0.2722327,
            0.272227919,
            0.272254408,
            0.27226744999999997,
            0.27226744999999997,
            0.23500100000000002,
            0.235914,
            0.23432213000000002,
            0.23436987,
            0.23447099999999998,
            0.23447099999999998,
            0.23447099999999998,
            0.03598,
            0.039122,
            0.039122,
            0.11851300000000001,
            0.077146,
            0.014393,
            0.0,
            0.013427999999999999,
            0.019991000000000002,
            0.022612,
            0.022612,
            0.02275835,
            0.02276204,
            0.023824249999999998,
            0.023824249999999998
        ],
        [
            0.274987,
            0.272493,
            0.272493,
            0.272493,
            0.31858,
            0.265466,
            0.265466,
            0.269027,
            0.270937,
            0.27106602,
            0.2711407,
            0.271135919,
            0.271162408,
            0.27117545,
            0.27117545,
            0.233909,
            0.234822,
            0.23323013,
            0.23327787,
            0.233379,
            0.233379,
            0.233379,
            0.034888,
            0.03803,
            0.03803,
            0.117421,
            0.07605400000000001,
            0.013301,
            0.013427999999999999,
            0.0,
            0.018899,
            0.02152,
            0.02152,
            0.02166635,
            0.02167004,
            0.022732250000000002,
            0.022732250000000002
        ],
        [
            0.271848,
            0.269354,
            0.269354,
            0.269354,
            0.31544099999999997,
            0.262327,
            0.262327,
            0.265888,
            0.267798,
            0.26792702,
            0.2680017,
            0.267996919,
            0.268023408,
            0.26803645,
            0.26803645,
            0.23077,
            0.231683,
            0.23009113,
            0.23013887,
            0.23024,
            0.23024,
            0.23024,
            0.031749,
            0.034891,
            0.034891,
            0.114282,
            0.07291500000000001,
            0.015526,
            0.019991000000000002,
            0.018899,
            0.0,
            0.006701,
            0.006701,
            0.00684735,
            0.00685104,
            0.00791325,
            0.00791325
        ],
        [
            0.27446899999999996,
            0.27197499999999997,
            0.27197499999999997,
            0.27197499999999997,
            0.318062,
            0.26494799999999996,
            0.26494799999999996,
            0.268509,
            0.27041899999999996,
            0.27054802,
            0.2706227,
            0.270617919,
            0.270644408,
            0.27065744999999997,
            0.27065744999999997,
            0.23339100000000002,
            0.234304,
            0.23271213000000002,
            0.23275987,
            0.23286099999999998,
            0.23286099999999998,
            0.23286099999999998,
            0.03437,
            0.037512,
            0.037512,
            0.116903,
            0.075536,
            0.018147,
            0.022612,
            0.02152,
            0.006701,
            0.0,
            0.0,
            0.00078035,
            0.00078404,
            0.00184625,
            0.00184625
        ],
        [
            0.27446899999999996,
            0.27197499999999997,
            0.27197499999999997,
            0.27197499999999997,
            0.318062,
            0.26494799999999996,
            0.26494799999999996,
            0.268509,
            0.27041899999999996,
            0.27054802,
            0.2706227,
            0.270617919,
            0.270644408,
            0.27065744999999997,
            0.27065744999999997,
            0.23339100000000002,
            0.234304,
            0.23271213000000002,
            0.23275987,
            0.23286099999999998,
            0.23286099999999998,
            0.23286099999999998,
            0.03437,
            0.037512,
            0.037512,
            0.116903,
            0.075536,
            0.018147,
            0.022612,
            0.02152,
            0.006701,
            0.0,
            0.0,
            0.00078035,
            0.00078404,
            0.00184625,
            0.00184625
        ],
        [
            0.27461535,
            0.27212135,
            0.27212135,
            0.27212135,
            0.31820835000000003,
            0.26509435,
            0.26509435,
            0.26865534999999996,
            0.27056535,
            0.27069436999999996,
            0.27076904999999996,
            0.270764269,
            0.27079075799999996,
            0.2708038,
            0.2708038,
            0.23353735,
            0.23445035,
            0.23285848,
            0.23290622,
            0.23300735,
            0.23300735,
            0.23300735,
            0.03451635,
            0.03765835,
            0.03765835,
            0.11704935,
            0.07568235000000001,
            0.01829335,
            0.02275835,
            0.02166635,
            0.00684735,
            0.00078035,
            0.00078035,
            0.0,
            -0.00012161000000000001,
            0.0009406,
            0.0009406
        ],
        [
            0.27461904,
            0.27212504,
            0.27212504,
            0.27212504,
            0.31821204000000003,
            0.26509804,
            0.26509804,
            0.26865903999999996,
            0.27056904,
            0.27069805999999996,
            0.27077273999999996,
            0.270767959,
            0.27079444799999997,
            0.27080749,
            0.27080749,
            0.23354104,
            0.23445404,
            0.23286217,
            0.23290991,
            0.23301104,
            0.23301104,
            0.23301104,
            0.03452004,
            0.03766204,
            0.03766204,
            0.11705304,
            0.07568604000000001,
            0.01829704,
            0.02276204,
            0.02167004,
            0.00685104,
            0.00078404,
            0.00078404,
            -0.00012161000000000001,
            0.0,
            0.00087979,
            0.00087979
        ],
        [
            0.27568125,
            0.27318725,
            0.27318725,
            0.27318725,
            0.31927425,
            0.26616025,
            0.26616025,
            0.26972125,
            0.27163125,
            0.27176027,
            0.27183495,
            0.271830169,
            0.27185665800000003,
            0.2718697,
            0.2718697,
            0.23460324999999999,
            0.23551624999999998,
            0.23392438,
            0.23397212,
            0.23407325,
            0.23407325,
            0.23407325,
            0.03558225,
            0.03872425,
            0.03872425,
            0.11811525,
            0.07674825,
            0.01935925,
            0.023824249999999998,
            0.022732250000000002,
            0.00791325,
            0.00184625,
            0.00184625,
            0.0009406,
            0.00087979,
            0.0,
            0.0
        ],
        [
            0.27568125,
            0.27318725,
            0.27318725,
            0.27318725,
            0.31927425,
            0.26616025,
            0.26616025,
            0.26972125,
            0.27163125,
            0.27176027,
            0.27183495,
            0.271830169,
            0.27185665800000003,
            0.2718697,
            0.2718697,
            0.23460324999999999,
            0.23551624999999998,
            0.23392438,
            0.23397212,
            0.23407325,
            0.23407325,
            0.23407325,
            0.03558225,
            0.03872425,
            0.03872425,
            0.11811525,
            0.07674825,
            0.01935925,
            0.023824249999999998,
            0.022732250000000002,
            0.00791325,
            0.00184625,
            0.00184625,
            0.0009406,
            0.00087979,
            0.0,
            0.0
        ]
    ],
    "NODE_MAPPING": {
        "0": "26",
        "1": "27",
        "2": "9",
        "3": "10",
        "4": "36",
        "5": "33",
        "6": "34",
        "7": "7",
        "8": "8",
        "9": "32",
        "10": "5",
        "11": "31",
        "12": "28",
        "13": "6",
        "14": "29",
        "15": "30",
        "16": "18",
        "17": "15",
        "18": "17",
        "19": "20",
        "20": "16",
        "21": "19",
        "22": "23",
        "23": "24",
        "24": "25",
        "25": "35",
        "26": "4",
        "27": "37",
        "28": "1",
        "29": "2",
        "30": "3",
        "31": "21",
        "32": "22",
        "33": "11",
        "34": "12",
        "35": "13",
        "36": "14"
    }
}