{
    "NEXUS_FILE_URL": "http://purl.org/phylo/treebase/phylows/study/TB2:S12410",
    "NEWICK_TREE": "(((((12:0.6834113539145754,14:0.6834113539145186):2.5001354000219926,13:3.183546753936646):16.56996809514881,((9:13.122186064953803,5:13.122186064953803):4.963257999197497,((20:10.419732205944008,(6:4.982649454821001,(10:2.698449628771204,11:2.698449628771204):2.2841998260497967):5.437082751123):4.863404412892002,((8:6.197362048111001,7:6.197362048111001):3.3746515461539968,1:9.572013594264998):5.711123024571005):2.8023074453149945):1.6680707849338035):3.1034488768009005,(3:17.186067924199605,(15:12.3883050535605,(((16:3.005760776509689,(17:1.9595322322166897,(19:0.6912849558914971,18:0.6912849558915006):1.2682472763251997):1.0462285442930916):4.169558416235962,(21:0.6849977094724906,22:0.6849977094724906):6.490321483273259):1.3687979438971496,(2:5.726819627207298,23:5.726819627207298):2.8172975094355017):3.8441879169172033):4.797762870638998):5.670895801686701):7.971106076510299,4:30.828069802396904);",
    "DISTANCE_MATRIX": [
        [
            0.0,
            1.366822707829094,
            6.367093507873214,
            39.507029698170484,
            39.507029698170484,
            39.507029698170186,
            39.50702969817018,
            39.50702969817018,
            39.50702969817018,
            39.50702969817018,
            39.50702969817018,
            39.50702969817018,
            45.713927451772584,
            45.71392745177248,
            45.71392745177198,
            45.71392745177207,
            45.71392745177208,
            45.71392745177208,
            45.71392745177208,
            45.71392745177208,
            45.71392745177198,
            45.71392745177198,
            61.65613960479348
        ],
        [
            1.366822707829094,
            0.0,
            6.367093507873157,
            39.50702969817043,
            39.50702969817043,
            39.50702969817013,
            39.50702969817012,
            39.50702969817012,
            39.50702969817012,
            39.50702969817012,
            39.50702969817012,
            39.50702969817012,
            45.71392745177253,
            45.71392745177242,
            45.71392745177192,
            45.713927451772015,
            45.71392745177202,
            45.71392745177202,
            45.71392745177202,
            45.71392745177202,
            45.71392745177192,
            45.71392745177192,
            61.656139604793424
        ],
        [
            6.367093507873214,
            6.367093507873157,
            0.0,
            39.507029698170555,
            39.507029698170555,
            39.507029698170264,
            39.50702969817026,
            39.50702969817026,
            39.50702969817026,
            39.50702969817026,
            39.50702969817026,
            39.50702969817026,
            45.71392745177266,
            45.713927451772555,
            45.71392745177206,
            45.71392745177215,
            45.71392745177216,
            45.713927451772165,
            45.71392745177216,
            45.71392745177216,
            45.71392745177206,
            45.71392745177206,
            61.65613960479356
        ],
        [
            39.507029698170484,
            39.50702969817043,
            39.507029698170555,
            0.0,
            26.244372129907607,
            36.17088812830231,
            36.170888128302295,
            36.170888128302295,
            36.170888128302295,
            36.170888128302295,
            36.170888128302295,
            36.170888128302295,
            45.71392745177231,
            45.71392745177221,
            45.71392745177171,
            45.713927451771795,
            45.71392745177181,
            45.71392745177181,
            45.71392745177181,
            45.71392745177181,
            45.71392745177171,
            45.71392745177171,
            61.65613960479321
        ],
        [
            39.507029698170484,
            39.50702969817043,
            39.507029698170555,
            26.244372129907607,
            0.0,
            36.17088812830231,
            36.170888128302295,
            36.170888128302295,
            36.170888128302295,
            36.170888128302295,
            36.170888128302295,
            36.170888128302295,
            45.71392745177231,
            45.71392745177221,
            45.71392745177171,
            45.713927451771795,
            45.71392745177181,
            45.71392745177181,
            45.71392745177181,
            45.71392745177181,
            45.71392745177171,
            45.71392745177171,
            61.65613960479321
        ],
        [
            39.507029698170186,
            39.50702969817013,
            39.507029698170264,
            36.17088812830231,
            36.17088812830231,
            0.0,
            20.83946441188801,
            20.83946441188801,
            20.83946441188801,
            30.566273237672014,
            30.566273237672014,
            30.566273237672014,
            45.713927451772015,
            45.71392745177191,
            45.71392745177141,
            45.713927451771504,
            45.71392745177151,
            45.71392745177151,
            45.71392745177151,
            45.71392745177151,
            45.71392745177141,
            45.71392745177141,
            61.65613960479291
        ],
        [
            39.50702969817018,
            39.50702969817012,
            39.50702969817026,
            36.170888128302295,
            36.170888128302295,
            20.83946441188801,
            0.0,
            9.965298909642001,
            9.965298909642001,
            30.566273237672007,
            30.566273237672007,
            30.566273237672007,
            45.71392745177201,
            45.7139274517719,
            45.713927451771404,
            45.7139274517715,
            45.713927451771504,
            45.71392745177151,
            45.713927451771504,
            45.713927451771504,
            45.713927451771404,
            45.713927451771404,
            61.656139604792905
        ],
        [
            39.50702969817018,
            39.50702969817012,
            39.50702969817026,
            36.170888128302295,
            36.170888128302295,
            20.83946441188801,
            9.965298909642001,
            0.0,
            5.396899257542408,
            30.566273237672007,
            30.566273237672007,
            30.566273237672007,
            45.71392745177201,
            45.7139274517719,
            45.713927451771404,
            45.7139274517715,
            45.713927451771504,
            45.71392745177151,
            45.713927451771504,
            45.713927451771504,
            45.713927451771404,
            45.713927451771404,
            61.656139604792905
        ],
        [
            39.50702969817018,
            39.50702969817012,
            39.50702969817026,
            36.170888128302295,
            36.170888128302295,
            20.83946441188801,
            9.965298909642001,
            5.396899257542408,
            0.0,
            30.566273237672007,
            30.566273237672007,
            30.566273237672007,
            45.71392745177201,
            45.7139274517719,
            45.713927451771404,
            45.7139274517715,
            45.713927451771504,
            45.71392745177151,
            45.713927451771504,
            45.713927451771504,
            45.713927451771404,
            45.713927451771404,
            61.656139604792905
        ],
        [
            39.50702969817018,
            39.50702969817012,
            39.50702969817026,
            36.170888128302295,
            36.170888128302295,
            30.566273237672014,
            30.566273237672007,
            30.566273237672007,
            30.566273237672007,
            0.0,
            12.394724096222003,
            19.144027188529996,
            45.71392745177201,
            45.7139274517719,
            45.713927451771404,
            45.7139274517715,
            45.713927451771504,
            45.71392745177151,
            45.713927451771504,
            45.713927451771504,
            45.713927451771404,
            45.713927451771404,
            61.656139604792905
        ],
        [
            39.50702969817018,
            39.50702969817012,
            39.50702969817026,
            36.170888128302295,
            36.170888128302295,
            30.566273237672014,
            30.566273237672007,
            30.566273237672007,
            30.566273237672007,
            12.394724096222003,
            0.0,
            19.144027188529996,
            45.71392745177201,
            45.7139274517719,
            45.713927451771404,
            45.7139274517715,
            45.713927451771504,
            45.71392745177151,
            45.713927451771504,
            45.713927451771504,
            45.713927451771404,
            45.713927451771404,
            61.656139604792905
        ],
        [
            39.50702969817018,
            39.50702969817012,
            39.50702969817026,
            36.170888128302295,
            36.170888128302295,
            30.566273237672014,
            30.566273237672007,
            30.566273237672007,
            30.566273237672007,
            19.144027188529996,
            19.144027188529996,
            0.0,
            45.71392745177201,
            45.7139274517719,
            45.713927451771404,
            45.7139274517715,
            45.713927451771504,
            45.71392745177151,
            45.713927451771504,
            45.713927451771504,
            45.713927451771404,
            45.713927451771404,
            61.656139604792905
        ],
        [
            45.713927451772584,
            45.71392745177253,
            45.71392745177266,
            45.71392745177231,
            45.71392745177231,
            45.713927451772015,
            45.71392745177201,
            45.71392745177201,
            45.71392745177201,
            45.71392745177201,
            45.71392745177201,
            45.71392745177201,
            0.0,
            34.372135848399104,
            34.37213584839861,
            34.3721358483987,
            34.372135848398706,
            34.37213584839871,
            34.372135848398706,
            34.372135848398706,
            34.37213584839861,
            34.37213584839861,
            61.65613960479351
        ],
        [
            45.71392745177248,
            45.71392745177242,
            45.713927451772555,
            45.71392745177221,
            45.71392745177221,
            45.71392745177191,
            45.7139274517719,
            45.7139274517719,
            45.7139274517719,
            45.7139274517719,
            45.7139274517719,
            45.7139274517719,
            34.372135848399104,
            0.0,
            24.776610107120504,
            24.776610107120597,
            24.776610107120604,
            24.776610107120607,
            24.776610107120604,
            24.776610107120604,
            24.776610107120504,
            24.776610107120504,
            61.6561396047934
        ],
        [
            45.71392745177198,
            45.71392745177192,
            45.71392745177206,
            45.71392745177171,
            45.71392745177171,
            45.71392745177141,
            45.713927451771404,
            45.713927451771404,
            45.713927451771404,
            45.713927451771404,
            45.713927451771404,
            45.713927451771404,
            34.37213584839861,
            24.776610107120504,
            0.0,
            6.01152155301947,
            6.011521553019477,
            6.011521553019481,
            14.3506383854914,
            14.3506383854914,
            17.0882342732856,
            17.0882342732856,
            61.656139604792905
        ],
        [
            45.71392745177207,
            45.713927451772015,
            45.71392745177215,
            45.713927451771795,
            45.713927451771795,
            45.713927451771504,
            45.7139274517715,
            45.7139274517715,
            45.7139274517715,
            45.7139274517715,
            45.7139274517715,
            45.7139274517715,
            34.3721358483987,
            24.776610107120597,
            6.01152155301947,
            0.0,
            3.9190644644333865,
            3.91906446443339,
            14.350638385491493,
            14.350638385491493,
            17.088234273285693,
            17.088234273285693,
            61.656139604793
        ],
        [
            45.71392745177208,
            45.71392745177202,
            45.71392745177216,
            45.71392745177181,
            45.71392745177181,
            45.71392745177151,
            45.713927451771504,
            45.713927451771504,
            45.713927451771504,
            45.713927451771504,
            45.713927451771504,
            45.713927451771504,
            34.372135848398706,
            24.776610107120604,
            6.011521553019477,
            3.9190644644333865,
            0.0,
            1.3825699117829977,
            14.3506383854915,
            14.3506383854915,
            17.0882342732857,
            17.0882342732857,
            61.656139604793005
        ],
        [
            45.71392745177208,
            45.71392745177202,
            45.713927451772165,
            45.71392745177181,
            45.71392745177181,
            45.71392745177151,
            45.71392745177151,
            45.71392745177151,
            45.71392745177151,
            45.71392745177151,
            45.71392745177151,
            45.71392745177151,
            34.37213584839871,
            24.776610107120607,
            6.011521553019481,
            3.91906446443339,
            1.3825699117829977,
            0.0,
            14.350638385491504,
            14.350638385491504,
            17.088234273285703,
            17.088234273285703,
            61.65613960479301
        ],
        [
            45.71392745177208,
            45.71392745177202,
            45.71392745177216,
            45.71392745177181,
            45.71392745177181,
            45.71392745177151,
            45.713927451771504,
            45.713927451771504,
            45.713927451771504,
            45.713927451771504,
            45.713927451771504,
            45.713927451771504,
            34.372135848398706,
            24.776610107120604,
            14.3506383854914,
            14.350638385491493,
            14.3506383854915,
            14.350638385491504,
            0.0,
            1.3699954189449812,
            17.0882342732857,
            17.0882342732857,
            61.656139604793005
        ],
        [
            45.71392745177208,
            45.71392745177202,
            45.71392745177216,
            45.71392745177181,
            45.71392745177181,
            45.71392745177151,
            45.713927451771504,
            45.713927451771504,
            45.713927451771504,
            45.713927451771504,
            45.713927451771504,
            45.713927451771504,
            34.372135848398706,
            24.776610107120604,
            14.3506383854914,
            14.350638385491493,
            14.3506383854915,
            14.350638385491504,
            1.3699954189449812,
            0.0,
            17.0882342732857,
            17.0882342732857,
            61.656139604793005
        ],
        [
            45.71392745177198,
            45.71392745177192,
            45.71392745177206,
            45.71392745177171,
            45.71392745177171,
            45.71392745177141,
            45.713927451771404,
            45.713927451771404,
            45.713927451771404,
            45.713927451771404,
            45.713927451771404,
            45.713927451771404,
            34.37213584839861,
            24.776610107120504,
            17.0882342732856,
            17.088234273285693,
            17.0882342732857,
            17.088234273285703,
            17.0882342732857,
            17.0882342732857,
            0.0,
            11.453639254414597,
            61.656139604792905
        ],
        [
            45.71392745177198,
            45.71392745177192,
            45.71392745177206,
            45.71392745177171,
            45.71392745177171,
            45.71392745177141,
            45.713927451771404,
            45.713927451771404,
            45.713927451771404,
            45.713927451771404,
            45.713927451771404,
            45.713927451771404,
            34.37213584839861,
            24.776610107120504,
            17.0882342732856,
            17.088234273285693,
            17.0882342732857,
            17.088234273285703,
            17.0882342732857,
            17.0882342732857,
            11.453639254414597,
            0.0,
            61.656139604792905
        ],
        [
            61.65613960479348,
            61.656139604793424,
            61.65613960479356,
            61.65613960479321,
            61.65613960479321,
            61.65613960479291,
            61.656139604792905,
            61.656139604792905,
            61.656139604792905,
            61.656139604792905,
            61.656139604792905,
            61.656139604792905,
            61.65613960479351,
            61.6561396047934,
            61.656139604792905,
            61.656139604793,
            61.656139604793005,
            61.65613960479301,
            61.656139604793005,
            61.656139604793005,
            61.656139604792905,
            61.656139604792905,
            0.0
        ]
    ],
    "NODE_MAPPING": {
        "0": "12",
        "1": "14",
        "2": "13",
        "3": "9",
        "4": "5",
        "5": "20",
        "6": "6",
        "7": "10",
        "8": "11",
        "9": "8",
        "10": "7",
        "11": "1",
        "12": "3",
        "13": "15",
        "14": "16",
        "15": "17",
        "16": "19",
        "17": "18",
        "18": "21",
        "19": "22",
        "20": "2",
        "21": "23",
        "22": "4"
    }
}