{
    "NEXUS_FILE_URL": "http://purl.org/phylo/treebase/phylows/study/TB2:S12975",
    "NEWICK_TREE": "(1:0.002974,2:0.007303,(3:0.010415,((4:0.008984,(5:0.004686,6:0.006527):0.007482):0.001091,((((7:0.00628,8:0.011379):0.003573,9:0.004804):0.001394,((11:0.016426,((((((14:0.010373,15:0.009281):0.003363,(((16:0.004223,(17:5.77E-4,18:0.002259):0.005185):0.003184,19:0.008289):0.003835,20:0.009502):0.001503):6.53E-4,21:0.012196):0.00137,23:0.004803):0.002734,22:0.010082):0.031095,((((24:0.021374,(26:0.008141,27:0.002248):0.010502):0.006427,(25:0.01468,(28:0.007605,29:0.002741):0.010778):0.005165):0.002189,30:0.00868):0.023276,((((31:0.008133,32:0.013012):0.004567,(33:0.005564,34:0.004623):0.009382):0.002326,(35:0.005999,36:0.006887):0.005053):0.01559,(((((37:0.003807,38:0.00279):0.00188,39:0.006352):0.005757,40:0.00911):0.045883,(((((41:0.004025,42:0.004857):0.004977,(43:0.007338,44:0.009258):7.41E-4):0.007419,45:0.011852):0.025803,((((46:5.73E-4,47:5.32E-4):0.00926,48:0.010554):0.005283,49:0.01498):0.005996,(50:0.02095,51:0.011118):0.013872):0.015304):0.009058,(52:0.001435,53:0.001631):0.029381):0.00892):0.004465,(54:0.051669,55:0.057284):0.118273):0.008824):0.010147):0.006393):0.006977):0.005558,(12:6.12E-4,13:0.002244):0.007629):0.010539):6.39E-4,10:0.008075):0.002932):0.003834):0.011528);",
    "DISTANCE_MATRIX": [
        [
            0.0,
            0.010277,
            0.024917,
            0.028411000000000002,
            0.031595,
            0.033436,
            0.033154,
            0.038253,
            0.028105,
            0.054429999999999985,
            0.09456900000000001,
            0.093477,
            0.09357800000000001,
            0.09511700000000001,
            0.096799,
            0.09446000000000002,
            0.091838,
            0.09237600000000001,
            0.083613,
            0.08615800000000001,
            0.10464000000000001,
            0.101909,
            0.09601600000000002,
            0.09668400000000002,
            0.100387,
            0.095523,
            0.08333,
            0.092137,
            0.09701600000000002,
            0.09438300000000002,
            0.093442,
            0.08816300000000002,
            0.08905100000000002,
            0.132137,
            0.13112,
            0.132802,
            0.129803,
            0.135012,
            0.135844,
            0.13408899999999999,
            0.136009,
            0.130443,
            0.12920399999999999,
            0.129163,
            0.12992499999999998,
            0.129068,
            0.14291399999999999,
            0.13308199999999998,
            0.11454600000000001,
            0.11474200000000001,
            0.24028700000000003,
            0.24590200000000004,
            0.040686999999999994,
            0.042319,
            0.029343000000000004
        ],
        [
            0.010277,
            0.0,
            0.029246,
            0.03274,
            0.035924,
            0.037765,
            0.037483,
            0.042582,
            0.032434,
            0.058758999999999985,
            0.09889800000000001,
            0.097806,
            0.09790700000000001,
            0.099446,
            0.101128,
            0.09878900000000002,
            0.096167,
            0.09670500000000001,
            0.087942,
            0.09048700000000001,
            0.10896900000000001,
            0.106238,
            0.10034500000000002,
            0.10101300000000002,
            0.104716,
            0.099852,
            0.087659,
            0.096466,
            0.10134500000000002,
            0.09871200000000002,
            0.097771,
            0.09249200000000002,
            0.09338000000000002,
            0.136466,
            0.13544899999999999,
            0.137131,
            0.134132,
            0.139341,
            0.140173,
            0.13841799999999999,
            0.140338,
            0.134772,
            0.13353299999999999,
            0.133492,
            0.13425399999999998,
            0.133397,
            0.14724299999999999,
            0.13741099999999998,
            0.11887500000000001,
            0.11907100000000001,
            0.24461600000000003,
            0.25023100000000004,
            0.045015999999999994,
            0.046648,
            0.033672
        ],
        [
            0.024917,
            0.029246,
            0.0,
            0.024324000000000002,
            0.027508,
            0.029349,
            0.029067000000000003,
            0.034166,
            0.024018,
            0.05034299999999999,
            0.090482,
            0.08939,
            0.08949100000000001,
            0.09103,
            0.09271199999999999,
            0.09037300000000001,
            0.087751,
            0.088289,
            0.07952600000000001,
            0.082071,
            0.100553,
            0.09782199999999999,
            0.09192900000000001,
            0.09259700000000001,
            0.0963,
            0.09143599999999999,
            0.07924300000000001,
            0.08804999999999999,
            0.09292900000000001,
            0.09029600000000002,
            0.08935499999999999,
            0.08407600000000001,
            0.08496400000000001,
            0.12805,
            0.12703299999999998,
            0.128715,
            0.125716,
            0.13092499999999999,
            0.13175699999999999,
            0.13000199999999998,
            0.13192199999999998,
            0.126356,
            0.12511699999999998,
            0.125076,
            0.12583799999999998,
            0.12498099999999998,
            0.13882699999999998,
            0.12899499999999997,
            0.110459,
            0.110655,
            0.23620000000000002,
            0.24181500000000003,
            0.0366,
            0.038232,
            0.025256
        ],
        [
            0.028411000000000002,
            0.03274,
            0.024324000000000002,
            0.0,
            0.021152,
            0.022993,
            0.024893000000000002,
            0.029992,
            0.019844,
            0.046168999999999995,
            0.08630800000000001,
            0.085216,
            0.085317,
            0.086856,
            0.08853799999999999,
            0.08619900000000001,
            0.083577,
            0.08411500000000001,
            0.075352,
            0.07789700000000001,
            0.096379,
            0.093648,
            0.08775500000000001,
            0.08842300000000002,
            0.092126,
            0.08726199999999999,
            0.075069,
            0.08387599999999999,
            0.08875500000000001,
            0.08612200000000002,
            0.08518099999999999,
            0.07990200000000001,
            0.08079000000000001,
            0.123876,
            0.12285899999999998,
            0.124541,
            0.121542,
            0.126751,
            0.127583,
            0.125828,
            0.12774799999999997,
            0.122182,
            0.12094299999999998,
            0.120902,
            0.12166399999999998,
            0.12080699999999998,
            0.13465299999999997,
            0.12482099999999997,
            0.106285,
            0.106481,
            0.232026,
            0.23764100000000002,
            0.032425999999999996,
            0.034058000000000005,
            0.021082000000000004
        ],
        [
            0.031595,
            0.035924,
            0.027508,
            0.021152,
            0.0,
            0.011213,
            0.028077,
            0.033176,
            0.023028,
            0.049352999999999994,
            0.08949200000000002,
            0.0884,
            0.088501,
            0.09004000000000001,
            0.091722,
            0.08938300000000002,
            0.086761,
            0.08729900000000002,
            0.078536,
            0.08108100000000001,
            0.09956300000000001,
            0.096832,
            0.09093900000000002,
            0.09160700000000002,
            0.09531,
            0.090446,
            0.07825299999999999,
            0.08706,
            0.09193900000000002,
            0.08930600000000002,
            0.088365,
            0.08308600000000002,
            0.08397400000000002,
            0.12706,
            0.126043,
            0.127725,
            0.124726,
            0.129935,
            0.130767,
            0.129012,
            0.130932,
            0.125366,
            0.12412699999999999,
            0.124086,
            0.12484799999999999,
            0.12399099999999999,
            0.137837,
            0.12800499999999998,
            0.10946900000000001,
            0.10966500000000001,
            0.23521,
            0.240825,
            0.03561,
            0.037242,
            0.024266000000000003
        ],
        [
            0.033436,
            0.037765,
            0.029349,
            0.022993,
            0.011213,
            0.0,
            0.029918,
            0.035017,
            0.024869000000000002,
            0.051193999999999996,
            0.09133300000000001,
            0.090241,
            0.090342,
            0.091881,
            0.093563,
            0.09122400000000001,
            0.088602,
            0.08914000000000001,
            0.080377,
            0.08292200000000001,
            0.10140400000000001,
            0.098673,
            0.09278000000000002,
            0.09344800000000002,
            0.097151,
            0.092287,
            0.080094,
            0.088901,
            0.09378000000000002,
            0.09114700000000002,
            0.090206,
            0.08492700000000002,
            0.08581500000000002,
            0.128901,
            0.12788399999999997,
            0.129566,
            0.12656699999999999,
            0.13177599999999998,
            0.13260799999999998,
            0.13085299999999997,
            0.13277299999999997,
            0.127207,
            0.12596799999999997,
            0.12592699999999998,
            0.12668899999999997,
            0.12583199999999997,
            0.13967799999999997,
            0.12984599999999996,
            0.11131,
            0.11150600000000001,
            0.237051,
            0.24266600000000002,
            0.037451,
            0.039083,
            0.026107
        ],
        [
            0.033154,
            0.037483,
            0.029067000000000003,
            0.024893000000000002,
            0.028077,
            0.029918,
            0.0,
            0.017659,
            0.014657,
            0.043769999999999996,
            0.08390900000000001,
            0.082817,
            0.08291799999999999,
            0.084457,
            0.086139,
            0.08380000000000001,
            0.081178,
            0.08171600000000001,
            0.07295299999999999,
            0.07549800000000001,
            0.09398000000000001,
            0.091249,
            0.08535600000000002,
            0.08602400000000002,
            0.089727,
            0.084863,
            0.07267,
            0.081477,
            0.08635600000000002,
            0.08372300000000002,
            0.082782,
            0.07750300000000002,
            0.07839100000000002,
            0.121477,
            0.12045999999999998,
            0.122142,
            0.119143,
            0.12435199999999999,
            0.125184,
            0.12342899999999998,
            0.125349,
            0.119783,
            0.11854399999999998,
            0.118503,
            0.11926499999999998,
            0.11840799999999999,
            0.13225399999999998,
            0.12242199999999998,
            0.103886,
            0.10408200000000001,
            0.22962700000000003,
            0.23524200000000003,
            0.030026999999999998,
            0.031659,
            0.019961
        ],
        [
            0.038253,
            0.042582,
            0.034166,
            0.029992,
            0.033176,
            0.035017,
            0.017659,
            0.0,
            0.019756,
            0.048868999999999996,
            0.089008,
            0.087916,
            0.088017,
            0.089556,
            0.09123799999999999,
            0.088899,
            0.08627699999999999,
            0.086815,
            0.078052,
            0.080597,
            0.099079,
            0.09634799999999999,
            0.09045500000000001,
            0.09112300000000001,
            0.094826,
            0.08996199999999999,
            0.077769,
            0.08657599999999999,
            0.09145500000000001,
            0.08882200000000001,
            0.08788099999999999,
            0.08260200000000001,
            0.08349000000000001,
            0.126576,
            0.12555899999999998,
            0.127241,
            0.12424199999999999,
            0.12945099999999998,
            0.13028299999999998,
            0.12852799999999998,
            0.13044799999999998,
            0.12488199999999999,
            0.12364299999999998,
            0.12360199999999999,
            0.12436399999999997,
            0.12350699999999998,
            0.13735299999999998,
            0.12752099999999997,
            0.108985,
            0.109181,
            0.23472600000000002,
            0.24034100000000003,
            0.035126,
            0.036758,
            0.02506
        ],
        [
            0.028105,
            0.032434,
            0.024018,
            0.019844,
            0.023028,
            0.024869000000000002,
            0.014657,
            0.019756,
            0.0,
            0.038721,
            0.07886,
            0.07776799999999999,
            0.077869,
            0.07940799999999999,
            0.08108999999999998,
            0.078751,
            0.07612899999999999,
            0.076667,
            0.06790399999999999,
            0.070449,
            0.088931,
            0.08619999999999998,
            0.080307,
            0.080975,
            0.08467799999999999,
            0.07981399999999998,
            0.067621,
            0.07642799999999998,
            0.081307,
            0.07867400000000001,
            0.07773299999999998,
            0.072454,
            0.073342,
            0.11642799999999999,
            0.11541099999999997,
            0.11709299999999999,
            0.11409399999999999,
            0.11930299999999998,
            0.12013499999999998,
            0.11837999999999997,
            0.12029999999999998,
            0.11473399999999999,
            0.11349499999999997,
            0.11345399999999999,
            0.11421599999999997,
            0.11335899999999997,
            0.12720499999999998,
            0.11737299999999996,
            0.098837,
            0.099033,
            0.22457800000000003,
            0.23019300000000004,
            0.024978,
            0.02661,
            0.014912000000000002
        ],
        [
            0.054429999999999985,
            0.058758999999999985,
            0.05034299999999999,
            0.046168999999999995,
            0.049352999999999994,
            0.051193999999999996,
            0.043769999999999996,
            0.048868999999999996,
            0.038721,
            0.0,
            0.072991,
            0.07189899999999999,
            0.072,
            0.073539,
            0.075221,
            0.072882,
            0.07026,
            0.070798,
            0.06203499999999999,
            0.06458,
            0.083062,
            0.080331,
            0.074438,
            0.075106,
            0.078809,
            0.073945,
            0.061752,
            0.070559,
            0.075438,
            0.07280500000000001,
            0.071864,
            0.066585,
            0.067473,
            0.11055899999999999,
            0.10954199999999999,
            0.11122399999999999,
            0.10822499999999999,
            0.11343399999999998,
            0.11426599999999998,
            0.11251099999999999,
            0.11443099999999999,
            0.10886499999999999,
            0.10762599999999999,
            0.10758499999999999,
            0.10834699999999998,
            0.10748999999999999,
            0.12133599999999999,
            0.11150399999999998,
            0.092968,
            0.093164,
            0.21870900000000001,
            0.22432400000000002,
            0.030225000000000002,
            0.031856999999999996,
            0.041236999999999996
        ],
        [
            0.09456900000000001,
            0.09889800000000001,
            0.090482,
            0.08630800000000001,
            0.08949200000000002,
            0.09133300000000001,
            0.08390900000000001,
            0.089008,
            0.07886,
            0.072991,
            0.0,
            0.019653999999999998,
            0.026480999999999998,
            0.028020000000000003,
            0.029702,
            0.027363,
            0.024741,
            0.026585,
            0.020562000000000004,
            0.028575000000000003,
            0.10924700000000001,
            0.10651600000000001,
            0.10062300000000002,
            0.10129100000000002,
            0.104994,
            0.10013000000000001,
            0.08793700000000002,
            0.096744,
            0.10162300000000002,
            0.09899000000000002,
            0.098049,
            0.09277000000000002,
            0.09365800000000002,
            0.136744,
            0.135727,
            0.137409,
            0.13441,
            0.139619,
            0.140451,
            0.13869599999999999,
            0.14061600000000002,
            0.13505,
            0.133811,
            0.13377,
            0.13453199999999998,
            0.133675,
            0.147521,
            0.137689,
            0.11915300000000001,
            0.11934900000000001,
            0.244894,
            0.25050900000000004,
            0.07036400000000001,
            0.071996,
            0.081376
        ],
        [
            0.093477,
            0.097806,
            0.08939,
            0.085216,
            0.0884,
            0.090241,
            0.082817,
            0.087916,
            0.07776799999999999,
            0.07189899999999999,
            0.019653999999999998,
            0.0,
            0.025389,
            0.026928,
            0.02861,
            0.026271,
            0.023649,
            0.025493000000000002,
            0.01947,
            0.027483,
            0.108155,
            0.105424,
            0.09953100000000001,
            0.10019900000000001,
            0.103902,
            0.099038,
            0.086845,
            0.09565199999999999,
            0.10053100000000001,
            0.09789800000000001,
            0.09695699999999999,
            0.09167800000000001,
            0.09256600000000001,
            0.135652,
            0.134635,
            0.136317,
            0.133318,
            0.13852699999999998,
            0.13935899999999998,
            0.137604,
            0.13952399999999998,
            0.133958,
            0.13271899999999998,
            0.132678,
            0.13344,
            0.132583,
            0.14642899999999998,
            0.13659699999999997,
            0.118061,
            0.118257,
            0.24380200000000002,
            0.249417,
            0.069272,
            0.070904,
            0.080284
        ],
        [
            0.09357800000000001,
            0.09790700000000001,
            0.08949100000000001,
            0.085317,
            0.088501,
            0.090342,
            0.08291799999999999,
            0.088017,
            0.077869,
            0.072,
            0.026480999999999998,
            0.025389,
            0.0,
            0.009985,
            0.011667,
            0.015696,
            0.020744,
            0.025594,
            0.019570999999999998,
            0.027584,
            0.108256,
            0.10552500000000001,
            0.099632,
            0.1003,
            0.10400300000000001,
            0.099139,
            0.086946,
            0.095753,
            0.100632,
            0.097999,
            0.097058,
            0.091779,
            0.092667,
            0.135753,
            0.134736,
            0.13641799999999998,
            0.133419,
            0.13862799999999997,
            0.13945999999999997,
            0.137705,
            0.139625,
            0.13405899999999998,
            0.13282,
            0.13277899999999998,
            0.133541,
            0.132684,
            0.14653,
            0.136698,
            0.118162,
            0.118358,
            0.243903,
            0.24951800000000002,
            0.069373,
            0.071005,
            0.080385
        ],
        [
            0.09511700000000001,
            0.099446,
            0.09103,
            0.086856,
            0.09004000000000001,
            0.091881,
            0.084457,
            0.089556,
            0.07940799999999999,
            0.073539,
            0.028020000000000003,
            0.026928,
            0.009985,
            0.0,
            0.002836,
            0.017235,
            0.022283,
            0.027133000000000004,
            0.021110000000000004,
            0.029123000000000003,
            0.109795,
            0.107064,
            0.10117100000000001,
            0.10183900000000001,
            0.105542,
            0.100678,
            0.08848500000000001,
            0.09729199999999999,
            0.10217100000000001,
            0.09953800000000002,
            0.09859699999999999,
            0.09331800000000001,
            0.09420600000000001,
            0.137292,
            0.13627499999999998,
            0.137957,
            0.134958,
            0.14016699999999999,
            0.14099899999999999,
            0.13924399999999998,
            0.141164,
            0.135598,
            0.134359,
            0.134318,
            0.13507999999999998,
            0.13422299999999998,
            0.148069,
            0.138237,
            0.119701,
            0.119897,
            0.245442,
            0.25105700000000003,
            0.07091199999999999,
            0.072544,
            0.081924
        ],
        [
            0.096799,
            0.101128,
            0.09271199999999999,
            0.08853799999999999,
            0.091722,
            0.093563,
            0.086139,
            0.09123799999999999,
            0.08108999999999998,
            0.075221,
            0.029702,
            0.02861,
            0.011667,
            0.002836,
            0.0,
            0.018917000000000003,
            0.023965,
            0.028815,
            0.022792,
            0.030805000000000003,
            0.111477,
            0.10874600000000001,
            0.102853,
            0.103521,
            0.10722400000000001,
            0.10236,
            0.090167,
            0.098974,
            0.103853,
            0.10122,
            0.10027900000000001,
            0.095,
            0.095888,
            0.138974,
            0.137957,
            0.139639,
            0.13663999999999998,
            0.141849,
            0.142681,
            0.140926,
            0.142846,
            0.13728,
            0.136041,
            0.136,
            0.136762,
            0.135905,
            0.149751,
            0.139919,
            0.121383,
            0.121579,
            0.247124,
            0.25273900000000005,
            0.07259399999999999,
            0.07422599999999999,
            0.08360599999999999
        ],
        [
            0.09446000000000002,
            0.09878900000000002,
            0.09037300000000001,
            0.08619900000000001,
            0.08938300000000002,
            0.09122400000000001,
            0.08380000000000001,
            0.088899,
            0.078751,
            0.072882,
            0.027363,
            0.026271,
            0.015696,
            0.017235,
            0.018917000000000003,
            0.0,
            0.021626,
            0.026476,
            0.020453,
            0.028466,
            0.10913800000000001,
            0.106407,
            0.100514,
            0.10118200000000001,
            0.104885,
            0.100021,
            0.087828,
            0.096635,
            0.10151400000000001,
            0.09888100000000001,
            0.09794,
            0.09266100000000001,
            0.09354900000000001,
            0.136635,
            0.135618,
            0.1373,
            0.134301,
            0.13951,
            0.140342,
            0.138587,
            0.140507,
            0.134941,
            0.133702,
            0.133661,
            0.134423,
            0.133566,
            0.147412,
            0.13757999999999998,
            0.11904400000000001,
            0.11924000000000001,
            0.244785,
            0.2504,
            0.070255,
            0.071887,
            0.081267
        ],
        [
            0.091838,
            0.096167,
            0.087751,
            0.083577,
            0.086761,
            0.088602,
            0.081178,
            0.08627699999999999,
            0.07612899999999999,
            0.07026,
            0.024741,
            0.023649,
            0.020744,
            0.022283,
            0.023965,
            0.021626,
            0.0,
            0.023854,
            0.017831,
            0.025844000000000002,
            0.106516,
            0.10378500000000002,
            0.097892,
            0.09856000000000001,
            0.102263,
            0.09739900000000001,
            0.085206,
            0.094013,
            0.09889200000000001,
            0.09625900000000001,
            0.095318,
            0.09003900000000001,
            0.09092700000000001,
            0.134013,
            0.132996,
            0.134678,
            0.131679,
            0.13688799999999998,
            0.13771999999999998,
            0.135965,
            0.137885,
            0.132319,
            0.13108,
            0.131039,
            0.131801,
            0.130944,
            0.14479,
            0.134958,
            0.116422,
            0.116618,
            0.24216300000000002,
            0.24777800000000003,
            0.067633,
            0.069265,
            0.07864499999999999
        ],
        [
            0.09237600000000001,
            0.09670500000000001,
            0.088289,
            0.08411500000000001,
            0.08729900000000002,
            0.08914000000000001,
            0.08171600000000001,
            0.086815,
            0.076667,
            0.070798,
            0.026585,
            0.025493000000000002,
            0.025594,
            0.027133000000000004,
            0.028815,
            0.026476,
            0.023854,
            0.0,
            0.018369,
            0.026382,
            0.10705400000000001,
            0.104323,
            0.09843,
            0.099098,
            0.102801,
            0.097937,
            0.085744,
            0.094551,
            0.09943,
            0.09679700000000001,
            0.095856,
            0.090577,
            0.091465,
            0.134551,
            0.13353399999999999,
            0.135216,
            0.132217,
            0.137426,
            0.138258,
            0.13650299999999999,
            0.138423,
            0.132857,
            0.13161799999999999,
            0.131577,
            0.13233899999999998,
            0.131482,
            0.14532799999999998,
            0.13549599999999998,
            0.11696000000000001,
            0.11715600000000001,
            0.242701,
            0.248316,
            0.068171,
            0.069803,
            0.079183
        ],
        [
            0.083613,
            0.087942,
            0.07952600000000001,
            0.075352,
            0.078536,
            0.080377,
            0.07295299999999999,
            0.078052,
            0.06790399999999999,
            0.06203499999999999,
            0.020562000000000004,
            0.01947,
            0.019570999999999998,
            0.021110000000000004,
            0.022792,
            0.020453,
            0.017831,
            0.018369,
            0.0,
            0.017619000000000003,
            0.098291,
            0.09556,
            0.089667,
            0.090335,
            0.09403800000000001,
            0.089174,
            0.076981,
            0.085788,
            0.090667,
            0.088034,
            0.087093,
            0.081814,
            0.082702,
            0.125788,
            0.12477099999999999,
            0.12645299999999998,
            0.123454,
            0.12866299999999997,
            0.12949499999999997,
            0.12774,
            0.12966,
            0.124094,
            0.12285499999999999,
            0.12281399999999999,
            0.12357599999999999,
            0.122719,
            0.136565,
            0.12673299999999998,
            0.108197,
            0.108393,
            0.233938,
            0.23955300000000002,
            0.059407999999999996,
            0.06104,
            0.07042
        ],
        [
            0.08615800000000001,
            0.09048700000000001,
            0.082071,
            0.07789700000000001,
            0.08108100000000001,
            0.08292200000000001,
            0.07549800000000001,
            0.080597,
            0.070449,
            0.06458,
            0.028575000000000003,
            0.027483,
            0.027584,
            0.029123000000000003,
            0.030805000000000003,
            0.028466,
            0.025844000000000002,
            0.026382,
            0.017619000000000003,
            0.0,
            0.10083600000000001,
            0.09810500000000001,
            0.09221200000000002,
            0.09288000000000002,
            0.096583,
            0.09171900000000001,
            0.07952600000000001,
            0.088333,
            0.09321200000000002,
            0.09057900000000002,
            0.089638,
            0.08435900000000002,
            0.08524700000000002,
            0.128333,
            0.12731599999999998,
            0.128998,
            0.125999,
            0.131208,
            0.13204,
            0.13028499999999998,
            0.13220500000000002,
            0.126639,
            0.1254,
            0.125359,
            0.12612099999999998,
            0.125264,
            0.13911,
            0.129278,
            0.11074200000000001,
            0.11093800000000001,
            0.236483,
            0.24209800000000004,
            0.061953,
            0.063585,
            0.072965
        ],
        [
            0.10464000000000001,
            0.10896900000000001,
            0.100553,
            0.096379,
            0.09956300000000001,
            0.10140400000000001,
            0.09398000000000001,
            0.099079,
            0.088931,
            0.083062,
            0.10924700000000001,
            0.108155,
            0.108256,
            0.109795,
            0.111477,
            0.10913800000000001,
            0.106516,
            0.10705400000000001,
            0.098291,
            0.10083600000000001,
            0.0,
            0.040017,
            0.034124,
            0.047646,
            0.051349,
            0.046485,
            0.038669999999999996,
            0.094029,
            0.098908,
            0.096275,
            0.095334,
            0.090055,
            0.090943,
            0.134029,
            0.133012,
            0.134694,
            0.131695,
            0.136904,
            0.137736,
            0.135981,
            0.137901,
            0.132335,
            0.131096,
            0.131055,
            0.131817,
            0.13096,
            0.144806,
            0.13497399999999998,
            0.11643800000000001,
            0.11663400000000002,
            0.242179,
            0.24779400000000001,
            0.08043499999999999,
            0.082067,
            0.091447
        ],
        [
            0.101909,
            0.106238,
            0.09782199999999999,
            0.093648,
            0.096832,
            0.098673,
            0.091249,
            0.09634799999999999,
            0.08619999999999998,
            0.080331,
            0.10651600000000001,
            0.105424,
            0.10552500000000001,
            0.107064,
            0.10874600000000001,
            0.106407,
            0.10378500000000002,
            0.104323,
            0.09556,
            0.09810500000000001,
            0.040017,
            0.0,
            0.010389,
            0.044915000000000004,
            0.048618,
            0.043754,
            0.035939,
            0.09129799999999999,
            0.09617700000000001,
            0.09354400000000002,
            0.09260299999999999,
            0.08732400000000001,
            0.08821200000000001,
            0.131298,
            0.130281,
            0.131963,
            0.128964,
            0.134173,
            0.135005,
            0.13325,
            0.13517,
            0.129604,
            0.128365,
            0.128324,
            0.129086,
            0.128229,
            0.142075,
            0.132243,
            0.113707,
            0.113903,
            0.239448,
            0.245063,
            0.077704,
            0.07933599999999999,
            0.08871599999999999
        ],
        [
            0.09601600000000002,
            0.10034500000000002,
            0.09192900000000001,
            0.08775500000000001,
            0.09093900000000002,
            0.09278000000000002,
            0.08535600000000002,
            0.09045500000000001,
            0.080307,
            0.074438,
            0.10062300000000002,
            0.09953100000000001,
            0.099632,
            0.10117100000000001,
            0.102853,
            0.100514,
            0.097892,
            0.09843,
            0.089667,
            0.09221200000000002,
            0.034124,
            0.010389,
            0.0,
            0.039022,
            0.042725,
            0.037861,
            0.030046,
            0.085405,
            0.090284,
            0.087651,
            0.08671,
            0.081431,
            0.082319,
            0.125405,
            0.124388,
            0.12607000000000002,
            0.123071,
            0.12828,
            0.129112,
            0.127357,
            0.129277,
            0.123711,
            0.122472,
            0.122431,
            0.123193,
            0.122336,
            0.136182,
            0.12635,
            0.10781400000000001,
            0.10801000000000001,
            0.233555,
            0.23917,
            0.071811,
            0.07344300000000001,
            0.08282300000000001
        ],
        [
            0.09668400000000002,
            0.10101300000000002,
            0.09259700000000001,
            0.08842300000000002,
            0.09160700000000002,
            0.09344800000000002,
            0.08602400000000002,
            0.09112300000000001,
            0.080975,
            0.075106,
            0.10129100000000002,
            0.10019900000000001,
            0.1003,
            0.10183900000000001,
            0.103521,
            0.10118200000000001,
            0.09856000000000001,
            0.099098,
            0.090335,
            0.09288000000000002,
            0.047646,
            0.044915000000000004,
            0.039022,
            0.0,
            0.033063,
            0.028199000000000002,
            0.030714,
            0.086073,
            0.090952,
            0.08831900000000001,
            0.087378,
            0.082099,
            0.082987,
            0.126073,
            0.125056,
            0.12673800000000002,
            0.123739,
            0.128948,
            0.12978,
            0.128025,
            0.129945,
            0.124379,
            0.12314,
            0.123099,
            0.123861,
            0.123004,
            0.13685,
            0.127018,
            0.10848200000000001,
            0.10867800000000001,
            0.23422300000000001,
            0.239838,
            0.072479,
            0.07411100000000001,
            0.08349100000000001
        ],
        [
            0.100387,
            0.104716,
            0.0963,
            0.092126,
            0.09531,
            0.097151,
            0.089727,
            0.094826,
            0.08467799999999999,
            0.078809,
            0.104994,
            0.103902,
            0.10400300000000001,
            0.105542,
            0.10722400000000001,
            0.104885,
            0.102263,
            0.102801,
            0.09403800000000001,
            0.096583,
            0.051349,
            0.048618,
            0.042725,
            0.033063,
            0.0,
            0.010346,
            0.034417,
            0.089776,
            0.094655,
            0.092022,
            0.091081,
            0.085802,
            0.08669,
            0.129776,
            0.128759,
            0.130441,
            0.127442,
            0.132651,
            0.133483,
            0.131728,
            0.133648,
            0.128082,
            0.12684299999999998,
            0.126802,
            0.127564,
            0.12670700000000001,
            0.14055299999999998,
            0.13072099999999998,
            0.112185,
            0.11238100000000001,
            0.237926,
            0.243541,
            0.076182,
            0.077814,
            0.087194
        ],
        [
            0.095523,
            0.099852,
            0.09143599999999999,
            0.08726199999999999,
            0.090446,
            0.092287,
            0.084863,
            0.08996199999999999,
            0.07981399999999998,
            0.073945,
            0.10013000000000001,
            0.099038,
            0.099139,
            0.100678,
            0.10236,
            0.100021,
            0.09739900000000001,
            0.097937,
            0.089174,
            0.09171900000000001,
            0.046485,
            0.043754,
            0.037861,
            0.028199000000000002,
            0.010346,
            0.0,
            0.029553,
            0.08491199999999999,
            0.08979100000000001,
            0.08715800000000001,
            0.08621699999999999,
            0.08093800000000001,
            0.08182600000000001,
            0.124912,
            0.123895,
            0.125577,
            0.12257799999999999,
            0.12778699999999998,
            0.12861899999999998,
            0.126864,
            0.128784,
            0.123218,
            0.121979,
            0.12193799999999999,
            0.1227,
            0.121843,
            0.135689,
            0.125857,
            0.107321,
            0.107517,
            0.233062,
            0.238677,
            0.07131799999999999,
            0.07294999999999999,
            0.08232999999999999
        ],
        [
            0.08333,
            0.087659,
            0.07924300000000001,
            0.075069,
            0.07825299999999999,
            0.080094,
            0.07267,
            0.077769,
            0.067621,
            0.061752,
            0.08793700000000002,
            0.086845,
            0.086946,
            0.08848500000000001,
            0.090167,
            0.087828,
            0.085206,
            0.085744,
            0.076981,
            0.07952600000000001,
            0.038669999999999996,
