{
    "NEXUS_FILE_URL": "http://purl.org/phylo/treebase/phylows/study/TB2:S13616",
    "NEWICK_TREE": "(1:0.130263,(4:0.143258,(((5:0.028729,(((6:2.4E-4,7:4.56E-4):0.006208,(14:4.55E-4,15:6.05E-4):0.005492):0.002836,(16:2.12E-4,17:2.18E-4):0.007485):0.021633):0.026486,(12:2.11E-4,13:2.26E-4):0.043274):0.00653,(8:0.039745,((9:0.00107,(10:6.68E-4,11:2.13E-4):5.42E-4):0.008116,(18:2.33E-4,19:2.28E-4):0.00434):0.031354):0.021876):0.124494):0.057346,(2:0.130058,3:0.206942):0.054405);",
    "DISTANCE_MATRIX": [
        [
            0,
            0.330867,
            0.37384799999999996,
            0.376036,
            0.37625200000000003,
            0.37553499999999995,
            0.375685,
            0.37444900000000003,
            0.374455,
            0.362118,
            0.362133,
            0.373724,
            0.374519,
            0.37465899999999996,
            0.374204,
            0.36990599999999996,
            0.36990100000000004,
            0.314726,
            0.39161
        ],
        [
            0.330867,
            0,
            0.329497,
            0.331685,
            0.331901,
            0.331184,
            0.331334,
            0.330098,
            0.33010399999999995,
            0.317767,
            0.317782,
            0.329373,
            0.330168,
            0.330308,
            0.32985299999999995,
            0.325555,
            0.32555,
            0.38506700000000005,
            0.461951
        ],
        [
            0.37384799999999996,
            0.329497,
            0,
            0.059646000000000005,
            0.059862,
            0.059145,
            0.059295,
            0.058059,
            0.058065000000000005,
            0.09870000000000001,
            0.098715,
            0.123366,
            0.124161,
            0.124301,
            0.123846,
            0.119548,
            0.11954300000000001,
            0.428048,
            0.5049319999999999
        ],
        [
            0.376036,
            0.331685,
            0.059646000000000005,
            0,
            0.000696,
            0.012395,
            0.012545,
            0.016981000000000003,
            0.016987000000000002,
            0.100888,
            0.10090299999999999,
            0.125554,
            0.126349,
            0.126489,
            0.12603399999999998,
            0.12173599999999998,
            0.12173099999999999,
            0.430236,
            0.50712
        ],
        [
            0.37625200000000003,
            0.331901,
            0.059862,
            0.000696,
            0,
            0.012611,
            0.012761,
            0.017197,
            0.017203,
            0.101104,
            0.101119,
            0.12577,
            0.12656499999999998,
            0.126705,
            0.12625,
            0.121952,
            0.121947,
            0.43045200000000006,
            0.507336
        ],
        [
            0.37553499999999995,
            0.331184,
            0.059145,
            0.012395,
            0.012611,
            0,
            0.00106,
            0.01648,
            0.016486,
            0.100387,
            0.10040199999999999,
            0.125053,
            0.125848,
            0.125988,
            0.12553299999999998,
            0.12123499999999998,
            0.12122999999999999,
            0.429735,
            0.5066189999999999
        ],
        [
            0.375685,
            0.331334,
            0.059295,
            0.012545,
            0.012761,
            0.00106,
            0,
            0.01663,
            0.016636,
            0.100537,
            0.100552,
            0.125203,
            0.125998,
            0.126138,
            0.125683,
            0.12138499999999999,
            0.12138,
            0.429885,
            0.506769
        ],
        [
            0.37444900000000003,
            0.330098,
            0.058059,
            0.016981000000000003,
            0.017197,
            0.01648,
            0.01663,
            0,
            0.00043000000000000004,
            0.099301,
            0.099316,
            0.12396700000000001,
            0.12476200000000001,
            0.12490200000000001,
            0.124447,
            0.120149,
            0.120144,
            0.42864900000000006,
            0.505533
        ],
        [
            0.374455,
            0.33010399999999995,
            0.058065000000000005,
            0.016987000000000002,
            0.017203,
            0.016486,
            0.016636,
            0.00043000000000000004,
            0,
            0.099307,
            0.099322,
            0.123973,
            0.12476799999999999,
            0.12490799999999999,
            0.124453,
            0.120155,
            0.12015,
            0.428655,
            0.505539
        ],
        [
            0.362118,
            0.317767,
            0.09870000000000001,
            0.100888,
            0.101104,
            0.100387,
            0.100537,
            0.099301,
            0.099307,
            0,
            0.000437,
            0.11163600000000001,
            0.112431,
            0.112571,
            0.112116,
            0.107818,
            0.107813,
            0.416318,
            0.49320200000000003
        ],
        [
            0.362133,
            0.317782,
            0.098715,
            0.10090299999999999,
            0.101119,
            0.10040199999999999,
            0.100552,
            0.099316,
            0.099322,
            0.000437,
            0,
            0.111651,
            0.11244599999999999,
            0.11258599999999999,
            0.112131,
            0.107833,
            0.10782800000000001,
            0.416333,
            0.493217
        ],
        [
            0.373724,
            0.329373,
            0.123366,
            0.125554,
            0.12577,
            0.125053,
            0.125203,
            0.12396700000000001,
            0.123973,
            0.11163600000000001,
            0.111651,
            0,
            0.080285,
            0.080425,
            0.07997,
            0.075672,
            0.07566700000000001,
            0.427924,
            0.504808
        ],
        [
            0.374519,
            0.330168,
            0.124161,
            0.126349,
            0.12656499999999998,
            0.125848,
            0.125998,
            0.12476200000000001,
            0.12476799999999999,
            0.112431,
            0.11244599999999999,
            0.080285,
            0,
            0.00228,
            0.0018249999999999998,
            0.013759,
            0.013753999999999999,
            0.428719,
            0.505603
        ],
        [
            0.37465899999999996,
            0.330308,
            0.124301,
            0.126489,
            0.126705,
            0.125988,
            0.126138,
            0.12490200000000001,
            0.12490799999999999,
            0.112571,
            0.11258599999999999,
            0.080425,
            0.00228,
            0,
            0.000881,
            0.013898999999999998,
            0.013894,
            0.428859,
            0.505743
        ],
        [
            0.374204,
            0.32985299999999995,
            0.123846,
            0.12603399999999998,
            0.12625,
            0.12553299999999998,
            0.125683,
            0.124447,
            0.124453,
            0.112116,
            0.112131,
            0.07997,
            0.0018249999999999998,
            0.000881,
            0,
            0.013444000000000001,
            0.013439,
            0.428404,
            0.505288
        ],
        [
            0.36990599999999996,
            0.325555,
            0.119548,
            0.12173599999999998,
            0.121952,
            0.12123499999999998,
            0.12138499999999999,
            0.120149,
            0.120155,
            0.107818,
            0.107833,
            0.075672,
            0.013759,
            0.013898999999999998,
            0.013444000000000001,
            0,
            0.00046100000000000004,
            0.424106,
            0.50099
        ],
        [
            0.36990100000000004,
            0.32555,
            0.11954300000000001,
            0.12173099999999999,
            0.121947,
            0.12122999999999999,
            0.12138,
            0.120144,
            0.12015,
            0.107813,
            0.10782800000000001,
            0.07566700000000001,
            0.013753999999999999,
            0.013894,
            0.013439,
            0.00046100000000000004,
            0,
            0.42410100000000006,
            0.500985
        ],
        [
            0.314726,
            0.38506700000000005,
            0.428048,
            0.430236,
            0.43045200000000006,
            0.429735,
            0.429885,
            0.42864900000000006,
            0.428655,
            0.416318,
            0.416333,
            0.427924,
            0.428719,
            0.428859,
            0.428404,
            0.424106,
            0.42410100000000006,
            0,
            0.33699999999999997
        ],
        [
            0.39161,
            0.461951,
            0.5049319999999999,
            0.50712,
            0.507336,
            0.5066189999999999,
            0.506769,
            0.505533,
            0.505539,
            0.49320200000000003,
            0.493217,
            0.504808,
            0.505603,
            0.505743,
            0.505288,
            0.50099,
            0.500985,
            0.33699999999999997,
            0
        ]
    ],
    "NODE_MAPPING": {
        "0": "1",
        "1": "4",
        "2": "5",
        "3": "6",
        "4": "7",
        "5": "14",
        "6": "15",
        "7": "16",
        "8": "17",
        "9": "12",
        "10": "13",
        "11": "8",
        "12": "9",
        "13": "10",
        "14": "11",
        "15": "18",
        "16": "19",
        "17": "2",
        "18": "3"
    }
}