{
    "NEXUS_FILE_URL": "http://purl.org/phylo/treebase/phylows/study/TB2:S14010",
    "NEWICK_TREE": "((9:0.011922786630410881,((4:0.025481945481941937,(3:0.007829275689979043,(5:0.01847119218758686,(6:0.012200364163521521,(7:0.017567473309794635,10:0.008641501351445285):0.005903735344995997):0.0045672125278655995):0.006140234373392062):0.0023373935509023447):0.0022186275625687146,(8:0.014544371739245665,(1:0.011401988501053756,2:0.012908897993883311):0.01994587148442109):0.0034946299873117315):0.005488331125832635):0.077322056315365,11:0.077322056315365);",
    "DISTANCE_MATRIX": [
        [
            0.0,
            0.04511169080075417,
            0.029796414559693618,
            0.0465785654306935,
            0.04487494993449376,
            0.05614579442576287,
            0.04721982246741352,
            0.03545011948280091,
            0.052253607729030094,
            0.05376051722185965,
            0.16656689926114088
        ],
        [
            0.04511169080075417,
            0.0,
            0.035648614722823324,
            0.0524307655938232,
            0.050727150097623463,
            0.061997994588892574,
            0.053072022630543225,
            0.04573957477106805,
            0.06254306301729723,
            0.06404997251012678,
            0.18783301680107328
        ],
        [
            0.029796414559693618,
            0.035648614722823324,
            0.0,
            0.032440702250957965,
            0.030737086754758225,
            0.042007931246027336,
            0.03308195928767799,
            0.0304242985300075,
            0.04722778677623668,
            0.048734696269066236,
            0.17251774056001273
        ],
        [
            0.0465785654306935,
            0.0524307655938232,
            0.032440702250957965,
            0.0,
            0.03523876887897398,
            0.04650961337024309,
            0.03758364141189374,
            0.04720644940100738,
            0.06400993764723656,
            0.06551684714006611,
            0.1892998914310126
        ],
        [
            0.04487494993449376,
            0.050727150097623463,
            0.030737086754758225,
            0.03523876887897398,
            0.0,
            0.03567157281831215,
            0.026745600859962804,
            0.04550283390480764,
            0.06230632215103682,
            0.06381323164386637,
            0.18759627593481287
        ],
        [
            0.05614579442576287,
            0.061997994588892574,
            0.042007931246027336,
            0.04650961337024309,
            0.03567157281831215,
            0.0,
            0.02620897466123992,
            0.05677367839607675,
            0.07357716664230593,
            0.07508407613513549,
            0.19886712042608198
        ],
        [
            0.04721982246741352,
            0.053072022630543225,
            0.03308195928767799,
            0.03758364141189374,
            0.026745600859962804,
            0.02620897466123992,
            0.0,
            0.0478477064377274,
            0.06465119468395658,
            0.06615810417678614,
            0.18994114846773263
        ],
        [
            0.03545011948280091,
            0.04573957477106805,
            0.0304242985300075,
            0.04720644940100738,
            0.04550283390480764,
            0.05677367839607675,
            0.0478477064377274,
            0.0,
            0.04589223172472051,
            0.04739914121755007,
            0.17817144548312003
        ],
        [
            0.052253607729030094,
            0.06254306301729723,
            0.04722778677623668,
            0.06400993764723656,
            0.06230632215103682,
            0.07357716664230593,
            0.06465119468395658,
            0.04589223172472051,
            0.0,
            0.024310886494937067,
            0.1949749337293492
        ],
        [
            0.05376051722185965,
            0.06404997251012678,
            0.048734696269066236,
            0.06551684714006611,
            0.06381323164386637,
            0.07508407613513549,
            0.06615810417678614,
            0.04739914121755007,
            0.024310886494937067,
            0.0,
            0.19648184322217876
        ],
        [
            0.16656689926114088,
            0.18783301680107328,
            0.17251774056001273,
            0.1892998914310126,
            0.18759627593481287,
            0.19886712042608198,
            0.18994114846773263,
            0.17817144548312003,
            0.1949749337293492,
            0.19648184322217876,
            0.0
        ]
    ],
    "NODE_MAPPING": {
        "0": "9",
        "1": "4",
        "2": "3",
        "3": "5",
        "4": "6",
        "5": "7",
        "6": "10",
        "7": "8",
        "8": "1",
        "9": "2",
        "10": "11"
    }
}