{
    "NEXUS_FILE_URL": "http://purl.org/phylo/treebase/phylows/study/TB2:S15388",
    "NEWICK_TREE": "(6:0.1019855,((5:0.266029,(7:0.306458,8:0.176269):0.034886):0.050858,(78:0.29062,(16:0.181735,((13:0.192843,(18:0.183228,(1:0.219581,(76:0.215112,80:0.16397):0.021374):0.030643):0.017679):0.02601,(40:0.212937,(((9:0.174008,12:0.197883):0.007074,(10:0.136207,(54:0.067674,84:0.076027):0.075259):0.057456):0.019077,(((82:0.180743,83:0.175216):0.02201,(77:0.176224,(74:0.183584,81:0.10222):0.021748):0.046178):0.016519,((15:0.201174,(19:0.199624,(52:0.164761,63:0.13319):0.027586):0.023646):0.022472,((14:0.161581,(11:0.144343,(72:0.125964,75:0.124367):0.0465):0.019401):0.00413,(79:0.173498,(((17:0.090589,73:0.127537):0.048609,(29:0.138044,(59:0.149513,68:0.143743):0.036986):0.045444):0.019483,(69:0.175094,((43:0.172459,((49:0.032841,51:0.084943):0.055628,(64:0.065304,(46:0.086967,(47:0.044454,65:0.052651):0.02402):0.006247):0.019082):0.111153):0.071293,(((61:0.127377,(62:0.153598,(53:0.105393,55:0.086232):0.041419):0.016502):0.036712,((42:0.142318,(44:0.109187,(35:0.061186,37:0.078925):0.037793):0.063085):0.010021,(66:0.192271,(45:0.121553,(60:0.084731,67:0.064615):0.08032):0.028428):0.014362):0.01072):0.017737,((2:0.140388,3:0.175518):0.020017,((71:0.167619,(38:0.090907,70:0.118781):0.04999):0.022414,((4:0.065706,(39:0.062977,41:0.065631):0.057972):0.03518,(32:0.096181,((27:0.074265,(23:0.091161,(26:0.028742,(25:0.014086,(57:0.007372,(28:0.004698,(24:0.05198,56:0.003817):0.001027):0.007726):0.007947):0.017182):0.037143):0.010365):0.006553,(48:0.085943,(((31:0.057457,34:0.063358):0.010045,(33:0.02711,36:0.027438):0.036158):0.01241,(30:0.053058,(58:0.018981,(21:0.013344,(22:0.029783,(20:0.016721,50:0.013011):0.017433):0.003765):0.007503):0.026135):0.011357):0.009024):0.023048):0.006904):0.041076):0.012259):0.011113):0.032661):0.007296):0.004807):0.029928):0.004174):0.00477):0.003858):0.002329):0.013712):0.008279):0.008344):0.016722):0.111428):0.10768):0.1019855);",
    "DISTANCE_MATRIX": [
        [
            0,
            0.520858,
            0.5961730000000001,
            0.465984,
            0.602271,
            0.604814,
            0.6586540000000001,
            0.6667180000000001,
            0.733714,
            0.7506190000000001,
            0.6994770000000001,
            0.661082,
            0.6565830000000001,
            0.680458,
            0.6691640000000001,
            0.6758900000000001,
            0.6842430000000002,
            0.689408,
            0.6838810000000002,
            0.709057,
            0.7381650000000002,
            0.6568010000000002,
            0.6961110000000001,
            0.718207,
            0.7109300000000001,
            0.679359,
            0.642034,
            0.6441970000000001,
            0.672318,
            0.6707210000000001,
            0.6545910000000001,
            0.643948,
            0.6808960000000002,
            0.6882380000000001,
            0.736693,
            0.7309230000000002,
            0.6902890000000002,
            0.763754,
            0.7909170000000001,
            0.8430190000000002,
            0.786834,
            0.8147440000000001,
            0.796251,
            0.804448,
            0.7091240000000001,
            0.7518470000000002,
            0.745061,
            0.7259000000000002,
            0.708094,
            0.738048,
            0.72784,
            0.745579,
            0.7623880000000001,
            0.7200980000000001,
            0.7635960000000002,
            0.7434800000000001,
            0.7203640000000002,
            0.7554940000000001,
            0.7611050000000001,
            0.734383,
            0.7622570000000002,
            0.6842170000000001,
            0.73946,
            0.7421140000000002,
            0.7205880000000002,
            0.712129,
            0.73939,
            0.7141140000000001,
            0.7166400000000002,
            0.7178730000000002,
            0.722925,
            0.7712340000000002,
            0.723071,
            0.740302,
            0.743295,
            0.7491960000000002,
            0.7390610000000002,
            0.7393890000000001,
            0.7277980000000002,
            0.719856,
            0.7217220000000002,
            0.7419260000000001,
            0.7462970000000002,
            0.7425870000000001
        ],
        [
            0.520858,
            0,
            0.6073729999999999,
            0.47718400000000005,
            0.715187,
            0.71773,
            0.77157,
            0.779634,
            0.84663,
            0.863535,
            0.812393,
            0.773998,
            0.769499,
            0.793374,
            0.78208,
            0.788806,
            0.7971590000000001,
            0.802324,
            0.7967970000000001,
            0.8219730000000001,
            0.8510810000000001,
            0.7697170000000001,
            0.809027,
            0.8311230000000001,
            0.823846,
            0.7922750000000001,
            0.75495,
            0.757113,
            0.785234,
            0.783637,
            0.767507,
            0.756864,
            0.7938120000000001,
            0.801154,
            0.8496090000000001,
            0.8438390000000001,
            0.8032050000000001,
            0.8766700000000001,
            0.9038330000000001,
            0.9559350000000001,
            0.89975,
            0.92766,
            0.9091670000000001,
            0.9173640000000001,
            0.82204,
            0.8647630000000001,
            0.857977,
            0.8388160000000001,
            0.82101,
            0.850964,
            0.8407560000000001,
            0.858495,
            0.8753040000000001,
            0.833014,
            0.8765120000000001,
            0.856396,
            0.8332800000000001,
            0.86841,
            0.874021,
            0.847299,
            0.8751730000000001,
            0.7971330000000001,
            0.852376,
            0.8550300000000001,
            0.8335040000000001,
            0.825045,
            0.852306,
            0.82703,
            0.8295560000000001,
            0.8307890000000001,
            0.8358410000000001,
            0.8841500000000001,
            0.835987,
            0.853218,
            0.856211,
            0.8621120000000001,
            0.8519770000000001,
            0.8523050000000001,
            0.8407140000000001,
            0.8327720000000001,
            0.8346380000000001,
            0.8548420000000001,
            0.8592130000000001,
            0.855503
        ],
        [
            0.5961730000000001,
            0.6073729999999999,
            0,
            0.482727,
            0.790502,
            0.793045,
            0.8468849999999999,
            0.854949,
            0.921945,
            0.93885,
            0.8877079999999999,
            0.849313,
            0.844814,
            0.868689,
            0.8573949999999999,
            0.8641209999999999,
            0.872474,
            0.8776390000000001,
            0.872112,
            0.8972880000000001,
            0.926396,
            0.845032,
            0.884342,
            0.9064380000000001,
            0.8991609999999999,
            0.8675900000000001,
            0.830265,
            0.832428,
            0.860549,
            0.8589519999999999,
            0.842822,
            0.832179,
            0.869127,
            0.8764689999999999,
            0.9249240000000001,
            0.919154,
            0.87852,
            0.9519850000000001,
            0.9791480000000001,
            1.03125,
            0.9750650000000001,
            1.002975,
            0.9844820000000001,
            0.9926790000000001,
            0.8973549999999999,
            0.940078,
            0.933292,
            0.914131,
            0.896325,
            0.9262790000000001,
            0.9160710000000001,
            0.93381,
            0.9506190000000001,
            0.9083289999999999,
            0.951827,
            0.931711,
            0.908595,
            0.9437249999999999,
            0.949336,
            0.922614,
            0.950488,
            0.8724480000000001,
            0.927691,
            0.930345,
            0.908819,
            0.90036,
            0.927621,
            0.902345,
            0.904871,
            0.906104,
            0.9111560000000001,
            0.959465,
            0.9113020000000001,
            0.928533,
            0.9315260000000001,
            0.937427,
            0.927292,
            0.9276200000000001,
            0.916029,
            0.9080870000000001,
            0.909953,
            0.9301570000000001,
            0.934528,
            0.9308179999999999
        ],
        [
            0.465984,
            0.47718400000000005,
            0.482727,
            0,
            0.6603129999999999,
            0.662856,
            0.716696,
            0.7247600000000001,
            0.7917559999999999,
            0.8086610000000001,
            0.757519,
            0.7191239999999999,
            0.7146250000000001,
            0.7384999999999999,
            0.727206,
            0.733932,
            0.7422850000000001,
            0.74745,
            0.7419230000000001,
            0.767099,
            0.7962070000000001,
            0.7148430000000001,
            0.7541530000000001,
            0.776249,
            0.768972,
            0.737401,
            0.7000759999999999,
            0.7022390000000001,
            0.7303599999999999,
            0.728763,
            0.7126330000000001,
            0.7019899999999999,
            0.7389380000000001,
            0.74628,
            0.794735,
            0.7889650000000001,
            0.7483310000000001,
            0.821796,
            0.848959,
            0.9010610000000001,
            0.844876,
            0.8727860000000001,
            0.854293,
            0.86249,
            0.767166,
            0.8098890000000001,
            0.8031029999999999,
            0.7839420000000001,
            0.7661359999999999,
            0.79609,
            0.785882,
            0.8036209999999999,
            0.82043,
            0.77814,
            0.8216380000000001,
            0.8015220000000001,
            0.7784060000000002,
            0.813536,
            0.8191470000000001,
            0.7924249999999999,
            0.8202990000000001,
            0.742259,
            0.7975019999999999,
            0.8001560000000001,
            0.7786300000000002,
            0.7701709999999999,
            0.7974319999999999,
            0.7721560000000001,
            0.7746820000000001,
            0.7759150000000001,
            0.780967,
            0.8292760000000001,
            0.781113,
            0.7983439999999999,
            0.801337,
            0.8072380000000001,
            0.7971030000000001,
            0.797431,
            0.7858400000000001,
            0.777898,
            0.7797640000000001,
            0.799968,
            0.8043390000000001,
            0.800629
        ],
        [
            0.602271,
            0.715187,
            0.790502,
            0.6603129999999999,
            0,
            0.5837829999999999,
            0.6376229999999999,
            0.645687,
            0.712683,
            0.729588,
            0.678446,
            0.6400509999999999,
            0.635552,
            0.659427,
            0.648133,
            0.654859,
            0.663212,
            0.668377,
            0.66285,
            0.688026,
            0.717134,
            0.6357700000000001,
            0.67508,
            0.697176,
            0.6898989999999999,
            0.658328,
            0.621003,
            0.623166,
            0.651287,
            0.64969,
            0.63356,
            0.6229169999999999,
            0.659865,
            0.667207,
            0.715662,
            0.7098920000000001,
            0.669258,
            0.742723,
            0.7698860000000001,
            0.821988,
            0.765803,
            0.793713,
            0.77522,
            0.783417,
            0.688093,
            0.730816,
            0.72403,
            0.7048690000000001,
            0.687063,
            0.717017,
            0.706809,
            0.724548,
            0.741357,
            0.699067,
            0.742565,
            0.722449,
            0.6993330000000001,
            0.734463,
            0.740074,
            0.713352,
            0.741226,
            0.663186,
            0.718429,
            0.721083,
            0.6995570000000001,
            0.691098,
            0.718359,
            0.693083,
            0.695609,
            0.6968420000000001,
            0.701894,
            0.7502030000000001,
            0.70204,
            0.719271,
            0.722264,
            0.7281650000000001,
            0.7180300000000001,
            0.718358,
            0.706767,
            0.698825,
            0.7006910000000001,
            0.7208950000000001,
            0.7252660000000001,
            0.721556
        ],
        [
            0.604814,
            0.71773,
            0.793045,
            0.662856,
            0.5837829999999999,
            0,
            0.41730999999999996,
            0.42537400000000003,
            0.49237,
            0.509275,
            0.458133,
            0.41973799999999994,
            0.415239,
            0.439114,
            0.42782,
            0.434546,
            0.44289900000000004,
            0.448064,
            0.44253700000000007,
            0.46771300000000005,
            0.49682100000000007,
            0.4154570000000001,
            0.45476700000000003,
            0.47686300000000004,
            0.46958599999999995,
            0.43801500000000004,
            0.40069,
            0.402853,
            0.43097399999999997,
            0.429377,
            0.41324700000000003,
            0.40260399999999996,
            0.43955200000000005,
            0.446894,
            0.49534900000000004,
            0.4895790000000001,
            0.44894500000000004,
            0.52241,
            0.5495730000000001,
            0.6016750000000001,
            0.54549,
            0.5734,
            0.554907,
            0.563104,
            0.46778,
            0.510503,
            0.503717,
            0.4845560000000001,
            0.46675,
            0.49670400000000003,
            0.48649600000000004,
            0.504235,
            0.5210440000000001,
            0.478754,
            0.522252,
            0.502136,
            0.4790200000000001,
            0.51415,
            0.519761,
            0.493039,
            0.5209130000000001,
            0.44287300000000007,
            0.498116,
            0.50077,
            0.4792440000000001,
            0.470785,
            0.498046,
            0.47277,
            0.47529600000000005,
            0.4765290000000001,
            0.48158100000000004,
            0.5298900000000001,
            0.481727,
            0.498958,
            0.501951,
            0.5078520000000001,
            0.4977170000000001,
            0.49804500000000007,
            0.48645400000000005,
            0.47851200000000005,
            0.4803780000000001,
            0.5005820000000001,
            0.5049530000000001,
            0.501243
        ],
        [
            0.6586540000000001,
            0.77157,
            0.8468849999999999,
            0.716696,
            0.6376229999999999,
            0.41730999999999996,
            0,
            0.39375,
            0.460746,
            0.477651,
            0.426509,
            0.44013399999999997,
            0.435635,
            0.45951,
            0.448216,
            0.454942,
            0.463295,
            0.46846,
            0.46293300000000004,
            0.488109,
            0.517217,
            0.43585300000000005,
            0.475163,
            0.497259,
            0.4899819999999999,
            0.458411,
            0.42108599999999996,
            0.423249,
            0.45137,
            0.449773,
            0.433643,
            0.423,
            0.459948,
            0.46729,
            0.515745,
            0.5099750000000001,
            0.469341,
            0.542806,
            0.5699690000000001,
            0.622071,
            0.565886,
            0.593796,
            0.575303,
            0.5835,
            0.48817599999999994,
            0.530899,
            0.5241129999999999,
            0.5049520000000001,
            0.48714599999999997,
            0.5171,
            0.506892,
            0.524631,
            0.54144,
            0.49915,
            0.542648,
            0.522532,
            0.4994160000000001,
            0.534546,
            0.540157,
            0.513435,
            0.541309,
            0.46326900000000004,
            0.518512,
            0.521166,
            0.4996400000000001,
            0.491181,
            0.518442,
            0.493166,
            0.495692,
            0.49692500000000006,
            0.501977,
            0.550286,
            0.502123,
            0.519354,
            0.522347,
            0.528248,
            0.518113,
            0.518441,
            0.50685,
            0.498908,
            0.500774,
            0.520978,
            0.5253490000000001,
            0.521639
        ],
        [
            0.6667180000000001,
            0.779634,
            0.854949,
            0.7247600000000001,
            0.645687,
            0.42537400000000003,
            0.39375,
            0,
            0.433452,
            0.450357,
            0.399215,
            0.448198,
            0.443699,
            0.46757400000000005,
            0.45628,
            0.46300600000000003,
            0.47135900000000003,
            0.476524,
            0.470997,
            0.496173,
            0.525281,
            0.443917,
            0.48322699999999996,
            0.505323,
            0.498046,
            0.466475,
            0.42915000000000003,
            0.431313,
            0.459434,
            0.457837,
            0.441707,
            0.431064,
            0.46801200000000004,
            0.475354,
            0.5238090000000001,
            0.518039,
            0.4774050000000001,
            0.55087,
            0.578033,
            0.630135,
            0.5739500000000001,
            0.6018600000000001,
            0.5833670000000001,
            0.591564,
            0.49624,
            0.538963,
            0.532177,
            0.513016,
            0.49521000000000004,
            0.5251640000000001,
            0.5149560000000001,
            0.532695,
            0.549504,
            0.507214,
            0.550712,
            0.5305960000000001,
            0.50748,
            0.54261,
            0.548221,
            0.521499,
            0.549373,
            0.471333,
            0.526576,
            0.52923,
            0.507704,
            0.49924500000000005,
            0.526506,
            0.5012300000000001,
            0.503756,
            0.504989,
            0.5100410000000001,
            0.55835,
            0.5101870000000001,
            0.527418,
            0.5304110000000001,
            0.536312,
            0.526177,
            0.526505,
            0.5149140000000001,
            0.506972,
            0.508838,
            0.529042,
            0.533413,
            0.529703
        ],
        [
            0.733714,
            0.84663,
            0.921945,
            0.7917559999999999,
            0.712683,
            0.49237,
            0.460746,
            0.433452,
            0,
            0.456067,
            0.404925,
            0.5151939999999999,
            0.510695,
            0.53457,
            0.523276,
            0.530002,
            0.538355,
            0.54352,
            0.5379929999999999,
            0.563169,
            0.5922769999999999,
            0.510913,
            0.5502229999999999,
            0.572319,
            0.5650419999999999,
            0.533471,
            0.496146,
            0.498309,
            0.52643,
            0.524833,
            0.508703,
            0.49805999999999995,
            0.535008,
            0.54235,
            0.590805,
            0.585035,
            0.544401,
            0.617866,
            0.6450290000000001,
            0.697131,
            0.640946,
            0.668856,
            0.650363,
            0.65856,
            0.563236,
            0.6059589999999999,
            0.599173,
            0.580012,
            0.562206,
            0.59216,
            0.581952,
            0.599691,
            0.6165,
            0.57421,
            0.6177079999999999,
            0.597592,
            0.574476,
            0.609606,
            0.6152169999999999,
            0.588495,
            0.616369,
            0.5383290000000001,
            0.593572,
            0.5962259999999999,
            0.5747,
            0.566241,
            0.593502,
            0.568226,
            0.5707519999999999,
            0.571985,
            0.577037,
            0.625346,
            0.577183,
            0.594414,
            0.597407,
            0.603308,
            0.593173,
            0.5935010000000001,
            0.58191,
            0.573968,
            0.575834,
            0.5960380000000001,
            0.600409,
            0.596699
        ],
        [
            0.7506190000000001,
            0.863535,
            0.93885,
            0.8086610000000001,
            0.729588,
            0.509275,
            0.477651,
            0.450357,
            0.456067,
            0,
            0.37908200000000003,
            0.532099,
            0.5276,
            0.5514749999999999,
            0.540181,
            0.546907,
            0.55526,
            0.560425,
            0.554898,
            0.580074,
            0.609182,
            0.527818,
            0.567128,
            0.589224,
            0.581947,
            0.550376,
            0.5130509999999999,
            0.515214,
            0.543335,
            0.5417379999999999,
            0.525608,
            0.514965,
            0.551913,
            0.559255,
            0.60771,
            0.60194,
            0.5613060000000001,
            0.634771,
            0.661934,
            0.714036,
            0.657851,
            0.6857610000000001,
            0.667268,
            0.675465,
            0.580141,
            0.622864,
            0.6160779999999999,
            0.596917,
            0.5791109999999999,
            0.609065,
            0.598857,
            0.6165959999999999,
            0.633405,
            0.5911150000000001,
            0.634613,
            0.6144970000000001,
            0.591381,
            0.626511,
            0.632122,
            0.6053999999999999,
            0.633274,
            0.555234,
            0.6104769999999999,
            0.613131,
            0.591605,
            0.5831459999999999,
            0.6104069999999999,
            0.5851310000000001,
            0.587657,
            0.58889,
            0.593942,
            0.642251,
            0.594088,
            0.611319,
            0.614312,
            0.620213,
            0.610078,
            0.610406,
            0.5988150000000001,
            0.590873,
            0.592739,
            0.612943,
            0.617314,
            0.613604
        ],
        [
            0.6994770000000001,
            0.812393,
            0.8877079999999999,
            0.757519,
            0.678446,
            0.458133,
            0.426509,
            0.399215,
            0.404925,
            0.37908200000000003,
            0,
            0.48095699999999997,
            0.47645800000000005,
            0.500333,
            0.489039,
            0.495765,
            0.5041180000000001,
            0.509283,
            0.5037560000000001,
            0.528932,
            0.5580400000000001,
            0.47667600000000004,
            0.5159860000000001,
            0.538082,
            0.530805,
            0.499234,
            0.461909,
            0.46407200000000004,
            0.492193,
            0.49059600000000003,
            0.47446600000000005,
            0.463823,
            0.5007710000000001,
            0.508113,
            0.5565680000000001,
            0.5507980000000001,
            0.5101640000000001,
            0.583629,
            0.610792,
            0.6628940000000001,
            0.606709,
            0.634619,
            0.6161260000000001,
            0.624323,
            0.528999,
            0.5717220000000001,
            0.564936,
            0.5457750000000001,
            0.527969,
            0.5579230000000001,
            0.5477150000000001,
            0.565454,
            0.582263,
            0.539973,
            0.5834710000000001,
            0.563355,
            0.5402390000000001,
            0.575369,
            0.58098,
            0.554258,
            0.5821320000000001,
            0.504092,
            0.559335,
            0.5619890000000001,
            0.5404630000000001,
            0.532004,
            0.559265,
            0.533989,
            0.5365150000000001,
            0.5377480000000001,
            0.5428000000000001,
            0.5911090000000001,
            0.542946,
            0.560177,
            0.5631700000000001,
            0.5690710000000001,
            0.5589360000000001,
            0.559264,
            0.5476730000000001,
            0.539731,
            0.5415970000000001,
            0.561801,
            0.5661720000000001,
            0.562462
        ],
        [
            0.661082,
            0.773998,
            0.849313,
            0.7191239999999999,
            0.6400509999999999,
            0.41973799999999994,
            0.44013399999999997,
            0.448198,
            0.5151939999999999,
            0.532099,
            0.48095699999999997,
            0,
            0.421375,
            0.44525000000000003,
            0.433956,
            0.440682,
            0.449035,
            0.4542,
            0.448673,
            0.47384899999999996,
            0.502957,
            0.421593,
            0.46090299999999995,
            0.48299899999999996,
            0.4757219999999999,
            0.44415099999999996,
            0.406826,
            0.408989,
            0.43711,
            0.435513,
            0.419383,
            0.40874,
            0.44568800000000003,
            0.45303,
            0.501485,
            0.495715,
            0.455081,
            0.528546,
            0.555709,
            0.607811,
            0.551626,
            0.579536,
            0.561043,
            0.56924,
            0.47391599999999995,
            0.516639,
            0.5098529999999999,
            0.490692,
            0.472886,
            0.50284,
            0.492632,
            0.5103709999999999,
            0.52718,
            0.48489,
            0.528388,
            0.5082720000000001,
            0.48515600000000003,
            0.520286,
            0.525897,
            0.499175,
            0.527049,
            0.449009,
            0.5042519999999999,
            0.506906,
            0.48538000000000003,
            0.476921,
            0.5041819999999999,
            0.478906,
            0.48143199999999997,
            0.482665,
            0.487717,
            0.536026,
            0.487863,
            0.5050939999999999,
            0.508087,
            0.513988,
            0.503853,
            0.504181,
            0.49259000000000003,
            0.48464799999999997,
            0.486514,
            0.506718,
            0.511089,
            0.507379
        ],
        [
            0.6565830000000001,
            0.769499,
            0.844814,
            0.7146250000000001,
            0.635552,
            0.415239,
            0.435635,
            0.443699,
            0.510695,
            0.5276,
            0.47645800000000005,
            0.421375,
            0,
            0.37189099999999997,
            0.374745,
            0.381471,
            0.389824,
            0.433143,
            0.427616,
            0.452792,
            0.4819,
            0.400536,
            0.43984599999999996,
            0.46194199999999996,
            0.454665,
            0.42309399999999997,
            0.38576900000000003,
            0.387932,
            0.416053,
            0.414456,
            0.398326,
            0.387683,
            0.42463100000000004,
            0.431973,
            0.4804280000000001,
            0.474658,
            0.434024,
            0.507489,
            0.534652,
            0.586754,
            0.5305690000000001,
            0.5584790000000001,
            0.5399860000000001,
            0.548183,
            0.452859,
            0.49558199999999997,
            0.488796,
            0.469635,
            0.45182900000000004,
            0.4817830000000001,
            0.4715750000000001,
            0.489314,
            0.506123,
            0.46383300000000005,
            0.507331,
            0.48721500000000006,
            0.46409900000000004,
            0.49922900000000003,
            0.50484,
            0.47811800000000004,
            0.505992,
            0.427952,
            0.48319500000000004,
            0.485849,
            0.46432300000000004,
            0.45586400000000005,
            0.483125,
            0.45784900000000006,
            0.460375,
            0.461608,
            0.4666600000000001,
            0.514969,
            0.46680600000000005,
            0.48403700000000005,
            0.4870300000000001,
            0.492931,
            0.482796,
            0.483124,
            0.4715330000000001,
            0.463591,
            0.465457,
            0.485661,
            0.490032,
            0.48632200000000003
        ],
        [
            0.680458,
            0.793374,
            0.868689,
            0.7384999999999999,
            0.659427,
            0.439114,
            0.45951,
            0.46757400000000005,
            0.53457,
            0.5514749999999999,
            0.500333,
            0.44525000000000003,
            0.37189099999999997,
            0,
            0.39862,
            0.405346,
            0.41369900000000004,
            0.45701800000000004,
            0.45149100000000003,
            0.476667,
            0.5057750000000001,
            0.42441100000000004,
            0.463721,
            0.485817,
            0.47853999999999997,
            0.446969,
            0.409644,
            0.41180700000000003,
            0.439928,
            0.438331,
            0.42220100000000005,
            0.411558,
            0.44850600000000007,
            0.45584800000000003,
            0.5043030000000001,
            0.49853300000000006,
            0.45789900000000006,
            0.531364,
            0.558527,
            0.6106290000000001,
            0.554444,
            0.582354,
            0.5638610000000001,
            0.572058,
            0.476734,
            0.5194570000000001,
            0.512671,
            0.49351000000000006,
            0.475704,
            0.505658,
            0.49545000000000006,
            0.513189,
            0.529998,
            0.48770800000000003,
            0.5312060000000001,
            0.51109,
            0.4879740000000001,
            0.523104,
            0.528715,
            0.501993,
            0.5298670000000001,
            0.45182700000000003,
            0.50707,
            0.5097240000000001,
            0.4881980000000001,
            0.479739,
            0.507,
            0.48172400000000004,
            0.48425,
            0.48548300000000005,
            0.49053500000000005,
            0.5388440000000001,
            0.49068100000000003,
            0.507912,
            0.510905,
            0.5168060000000001,
            0.5066710000000001,
            0.506999,
            0.49540800000000007,
            0.487466,
            0.48933200000000004,
            0.509536,
            0.5139070000000001,
            0.510197
        ],
        [
            0.6691640000000001,
            0.78208,
            0.8573949999999999,
            0.727206,
            0.648133,
            0.42782,
            0.448216,
            0.45628,
            0.523276,
            0.540181,
            0.489039,
            0.433956,
            0.374745,
            0.39862,
            0,
            0.27914,
            0.287493,
            0.445724,
            0.44019700000000006,
            0.46537300000000004,
            0.49448100000000006,
            0.41311700000000007,
            0.452427,
            0.47452300000000003,
            0.46724599999999994,
            0.43567500000000003,
            0.39835,
            0.400513,
            0.428634,
            0.427037,
            0.410907,
            0.400264,
            0.43721200000000005,
            0.444554,
            0.49300900000000003,
            0.4872390000000001,
            0.44660500000000003,
            0.52007,
            0.5472330000000001,
            0.5993350000000001,
            0.54315,
            0.57106,
            0.552567,
            0.560764,
            0.46543999999999996,
            0.508163,
            0.501377,
            0.4822160000000001,
            0.46441,
            0.494364,
            0.48415600000000003,
            0.501895,
            0.518704,
            0.476414,
            0.519912,
            0.499796,
            0.4766800000000001,
            0.51181,
            0.517421,
            0.490699,
            0.5185730000000001,
            0.44053300000000006,
            0.495776,
            0.49843000000000004,
            0.4769040000000001,
            0.468445,
            0.495706,
            0.47043,
            0.47295600000000004,
            0.4741890000000001,
            0.47924100000000003,
            0.5275500000000001,
            0.479387,
            0.496618,
            0.499611,
            0.5055120000000001,
            0.49537700000000007,
            0.49570500000000006,
            0.48411400000000004,
            0.47617200000000004,
            0.4780380000000001,
            0.4982420000000001,
            0.5026130000000001,
            0.498903
        ],
        [
            0.6758900000000001,
            0.788806,
            0.8641209999999999,
            0.733932,
            0.654859,
            0.434546,
            0.454942,
            0.46300600000000003,
            0.530002,
            0.546907,
            0.495765,
            0.440682,
            0.381471,
            0.405346,
            0.27914,
            0,
            0.143701,
            0.45245,
            0.44692300000000007,
            0.47209900000000005,
            0.5012070000000001,
            0.4198430000000001,
            0.45915300000000003,
            0.48124900000000004,
            0.47397199999999995,
            0.44240100000000004,
            0.405076,
            0.407239,
            0.43536,
            0.433763,
            0.41763300000000003,
            0.40699,
            0.44393800000000005,
            0.45128,
            0.49973500000000004,
            0.4939650000000001,
            0.45333100000000004,
            0.526796,
            0.5539590000000001,
            0.6060610000000001,
            0.549876,
            0.577786,
            0.559293,
            0.56749,
            0.472166,
            0.514889,
            0.508103,
            0.4889420000000001,
            0.471136,
            0.50109,
            0.49088200000000004,
            0.508621,
            0.5254300000000001,
            0.48314,
            0.526638,
            0.506522,
            0.4834060000000001,
            0.518536,
            0.524147,
            0.497425,
            0.5252990000000001,
            0.4472590000000001,
            0.502502,
            0.505156,
            0.4836300000000001,
            0.475171,
            0.502432,
            0.477156,
            0.47968200000000005,
            0.4809150000000001,
            0.48596700000000004,
            0.5342760000000001,
            0.486113,
            0.503344,
            0.506337,
            0.5122380000000001,
            0.5021030000000001,
            0.5024310000000001,
            0.49084000000000005,
            0.48289800000000005,
            0.4847640000000001,
            0.5049680000000001,
            0.5093390000000001,
            0.505629
        ],
        [
            0.6842430000000002,
            0.7971590000000001,
            0.872474,
            0.7422850000000001,
            0.663212,
            0.44289900000000004,
            0.463295,
            0.47135900000000003,
            0.538355,
            0.55526,
            0.5041180000000001,
            0.449035,
            0.389824,
            0.41369900000000004,
            0.287493,
            0.143701,
            0,
            0.460803,
            0.455276,
            0.480452,
            0.50956,
            0.428196,
            0.467506,
            0.489602,
            0.482325,
            0.450754,
            0.41342900000000005,
            0.415592,
            0.443713,
            0.442116,
            0.42598600000000003,
            0.415343,
            0.45229100000000005,
            0.459633,
            0.5080880000000001,
            0.502318,
            0.46168400000000004,
            0.535149,
            0.562312,
            0.614414,
            0.5582290000000001,
            0.5861390000000001,
            0.5676460000000001,
            0.575843,
            0.48051900000000003,
            0.523242,
            0.516456,
            0.49729500000000004,
            0.47948900000000005,
            0.5094430000000001,
            0.4992350000000001,
            0.516974,
            0.533783,
            0.49149300000000007,
            0.534991,
            0.5148750000000001,
            0.49175900000000006,
            0.526889,
            0.5325,
            0.5057780000000001,
            0.533652,
            0.455612,
            0.5108550000000001,
            0.513509,
            0.49198300000000006,
            0.48352400000000006,
            0.510785,
            0.4855090000000001,
            0.488035,
            0.48926800000000004,
            0.4943200000000001,
            0.542629,
            0.49446600000000007,
            0.5116970000000001,
            0.5146900000000001,
            0.520591,
            0.510456,
            0.510784,
            0.4991930000000001,
            0.491251,
            0.493117,
            0.513321,
            0.517692,
            0.513982
        ],
        [
            0.689408,
            0.802324,
            0.8776390000000001,
            0.74745,
            0.668377,
            0.448064,
            0.46846,
            0.476524,
            0.54352,
            0.560425,
            0.509283,
            0.4542,
            0.433143,
            0.45701800000000004,
            0.445724,
            0.45245,
            0.460803,
            0,
            0.355959,
            0.42515499999999995,
            0.454263,
            0.372899,
            0.44524699999999995,
            0.46734299999999995,
            0.460066,
            0.42849499999999996,
            0.39117,
            0.393333,
            0.421454,
            0.419857,
            0.403727,
            0.393084,
            0.430032,
