{
    "NEXUS_FILE_URL": "http://purl.org/phylo/treebase/phylows/study/TB2:S13386",
    "NEWICK_TREE": "((((3:0.2335491051731371,4:0.1780359693024284):0.19021627357622006,(((((38:0.04186188387789509,66:0.04495192355187293):0.021044513733685266,(34:0.057871814538553806,5:0.05448888595285083):0.03503891303019142):0.05799265037525806,(((16:0.07908868755930099,(43:0.10279009215983329,((27:0.0761306015799651,(58:0.03145170653148464,((33:0.00663259821501655,(49:0.006650672609433642,32:0.0049087460964557985):0.0017935554859847573):0.03161254429675285,41:0.02412179423111645):0.019981276737345927):0.01231506138960895):0.030969987115854133,(((37:0.02663982908888159,64:0.04369056911579113):0.03972380153477039,(22:0.06375255524632151,47:0.0655179868235916):0.005291045565863177):0.00598681489206845,(59:0.04270260158864847,(44:0.002046383862559249,21:0.005564043721016257):0.022616742333896985):0.02507963356312121):0.008070335409954091):0.0428774183614908):0.00819740594436385):0.016542314807861183,(((69:0.05791264986040732,72:0.10488045716436548):0.009093260198017952,(67:0.08491145850516896,(65:0.006556519429674273,55:0.0063803304211298185):0.07236944589340032):0.013559221052938136):0.054651850154286835,6:0.16932462681799254):0.017230803824686922):0.002301577212411012,((10:3.84591198735196E-6,31:3.84591198735196E-6):0.03420494567298061,(((19:0.009432162944591233,(11:0.0060095504249034854,18:0.005450832887373014):0.00348527339162616):0.011823509594572597,((13:0.0010370898497201282,12:0.0010386389531344055):0.00896080776497189,(17:0.011652704944182954,((20:0.00443442161566521,15:0.004485745890795676):0.0017104812884425197,14:0.0035514691885213732):0.0034003474177056):0.0058325202468969):0.013929955392228306):0.02103518619155701,(7:0.04626096105360597,(9:0.011691916745396852,8:0.0113220296341577):0.03404893847666686):0.005612313356637986):0.013134196289274324):0.05095697678937377):0.026144579155125827):0.045798917924905945,((46:0.0588757838869373,52:0.060357977368751495):0.016246324601192973,((53:0.08157802647873838,(((73:0.014053499612456433,40:0.020925647098581045):0.013883169421657614,(23:0.019279813246018924,(36:0.009620476001267206,68:8.330551645574677E-4):0.018009238740427966):0.010949601737483765):0.03525872729500924,45:0.04334731311308295):0.013607581478369829):0.046696000854617774,42:0.029546152331524973):0.0029419956996140184):0.08595183647399218):0.07225780130128154,(((29:0.10891756293847604,((63:0.08459687462838324,25:0.04701385173161386):0.0387965565057866,(61:0.04357207695023912,(28:0.04897965450916336,(24:0.038084655126164484,70:0.036536365357508836):0.017308674234376188):0.01960313052616348):0.05810482377441861):0.01479543432745855):0.05443746691397162,((48:0.01781100362631766,(51:0.02532882411487702,30:0.027127144652492274):0.012404384409963554):0.055130585238531205,(35:0.0769838759488194,60:0.08612513040304504):0.009029922618771207):0.1028086663312961):0.036579468370803184,((26:0.11808768296567945,62:0.12554733589267608):0.06643118156188493,(71:0.20542124664942987,(50:0.14600586844842117,((57:0.04575857967201051,54:0.06410699846540377):0.06149578495972539,(39:0.1146160210227533,56:0.08421025561466697):0.0348426420325623):0.03183107975445739):0.03720831614111113):0.013167582234694778):0.03982717739823688):0.05402008256795396):0.3701973288333757):0.1990322741854069,2:0.5907329850745632):0.28987733700020735,1:0.28987733700020735);",
    "DISTANCE_MATRIX": [
        [
            0.0,
            0.41158507447556547,
            1.0329184747957587,
            1.0360085144697366,
            1.0629228047529236,
            1.0595398761672206,
            1.0360965855436195,
            1.0679953960885156,
            1.1151833109859923,
            1.0828194773271207,
            1.1095941900447515,
            1.1114058199251533,
            1.1096638934121754,
            1.0954708417640986,
            1.0885035032158474,
            1.1055542432427572,
            1.0911834734043802,
            1.0929489049816503,
            1.0839352928518968,
            1.0658958174597046,
            1.0694134773181616,
            1.0793541472138561,
            1.1263219545178142,
            1.110818916713538,
            1.1048334235314436,
            1.104657234522899,
            1.1270210138191366,
            1.023329774338388,
            1.023329774338388,
            1.044546037773415,
            1.0446086986453536,
            1.044049981107823,
            1.0472182182411716,
            1.0472197673445858,
            1.0547055458175594,
            1.0525980911951898,
            1.0526494154703203,
            1.0500046574796034,
            1.0541284534529383,
            1.053608347621396,
            1.0532384605101568,
            1.0272944538461368,
            1.028776647327951,
            1.0833883683909766,
            1.0786133197197314,
            1.085485467205856,
            1.08090606566912,
            1.0892559671647963,
            1.0804685463280865,
            1.0587652365036913,
            0.9846604933891456,
            1.0479172883739376,
            1.07718859089709,
            1.0396055680003207,
            1.0554720604875778,
            1.0804827685726657,
            1.086896443424043,
            1.0853481536553873,
            1.060312513717635,
            1.0802347186161578,
            1.0820330391537731,
            1.0733847234203766,
            1.0825259778746024,
            1.072328832076488,
            1.0797884850034847,
            1.1063987964330484,
            1.0841917343731509,
            1.0772713103109228,
            1.0956197291043162,
            1.1194756087345026,
            1.0890698433264163,
            1.2135306380093271,
            1.2025523269351788
        ],
        [
            0.41158507447556547,
            0.0,
            0.97740533892505,
            0.9804953785990279,
            1.007409668882215,
            1.0040267402965117,
            0.9805834496729107,
            1.0124822602178067,
            1.0596701751152837,
            1.0273063414564119,
            1.0540810541740426,
            1.0558926840544447,
            1.0541507575414668,
            1.0399577058933898,
            1.0329903673451388,
            1.0500411073720484,
            1.0356703375336715,
            1.0374357691109415,
            1.028422156981188,
            1.0103826815889958,
            1.013900341447453,
            1.0238410113431473,
            1.0708088186471056,
            1.0553057808428292,
            1.049320287660735,
            1.0491440986521905,
            1.0715078779484277,
            0.9678166384676792,
            0.9678166384676792,
            0.9890329019027063,
            0.9890955627746448,
            0.9885368452371143,
            0.9917050823704628,
            0.9917066314738772,
            0.9991924099468507,
            0.997084955324481,
            0.9971362795996116,
            0.9944915216088946,
            0.9986153175822295,
            0.9980952117506873,
            0.9977253246394481,
            0.9717813179754281,
            0.9732635114572423,
            1.027875232520268,
            1.0231001838490226,
            1.0299723313351472,
            1.0253929297984112,
            1.0337428312940875,
            1.0249554104573777,
            1.0032521006329826,
            0.9291473575184369,
            0.9924041525032289,
            1.0216754550263811,
            0.984092432129612,
            0.9999589246168691,
            1.024969632701957,
            1.0313833075533343,
            1.0298350177846785,
            1.0047993778469264,
            1.0247215827454492,
            1.0265199032830643,
            1.017871587549668,
            1.0270128420038938,
            1.0168156962057795,
            1.0242753491327758,
            1.0508856605623396,
            1.028678598502442,
            1.021758174440214,
            1.0401065932336073,
            1.063962472863794,
            1.0335567074557077,
            1.1580175021386185,
            1.14703919106447
        ],
        [
            1.0329184747957587,
            0.97740533892505,
            0.0,
            0.08681380742976802,
            0.1558171251803256,
            0.1524341965946226,
            0.24497620672153744,
            0.2768750172664336,
            0.32406293216391036,
            0.29169909850503883,
            0.3184738112226695,
            0.3202854411030714,
            0.3185435145900935,
            0.30435046294201656,
            0.29738312439376563,
            0.31443386442067517,
            0.30006309458229835,
            0.3018285261595684,
            0.29281491402981485,
            0.27477543863762266,
            0.27829309849607964,
            0.2882337683917743,
            0.33520157569573245,
            0.3196985378914561,
            0.3137130447093618,
            0.31353685570081724,
            0.3359006349970547,
            0.23220939551630598,
            0.23220939551630598,
            0.2534256589513332,
            0.2534883198232716,
            0.25292960228574113,
            0.2560978394190897,
            0.25609938852250397,
            0.2635851669954775,
            0.2614777123731079,
            0.26152903664823834,
            0.2588842786575215,
            0.2630080746308563,
            0.262487968799314,
            0.2621180816880749,
            0.3277719108738668,
            0.32925410435568103,
            0.38386582541870673,
            0.3790907767474615,
            0.3859629242335861,
            0.3813835226968501,
            0.3897334241925263,
            0.38094600335581663,
            0.35924269353142113,
            0.28513795041687556,
            0.4929103480042307,
            0.5221816505273831,
            0.4845986276306137,
            0.5004651201178709,
            0.5254758282029587,
            0.531889503054336,
            0.5303412132856803,
            0.505305573347928,
            0.525227778246451,
            0.5270260987840661,
            0.5183777830506697,
            0.5275190375048954,
            0.5173218917067811,
            0.5247815446337778,
            0.5513918560633414,
            0.5291847940034439,
            0.522264369941216,
            0.5406127887346092,
            0.5644686683647957,
            0.5340629029567093,
            1.3989183553063715,
            1.3879400442322232
        ],
        [
            1.0360085144697366,
            0.9804953785990279,
            0.08681380742976802,
            0.0,
            0.1589071648543034,
            0.15552423626860046,
            0.24806624639551528,
            0.2799650569404114,
            0.32715297183788816,
            0.29478913817901664,
            0.3215638508966473,
            0.32337548077704925,
            0.32163355426407136,
            0.3074405026159944,
            0.3004731640677435,
            0.31752390409465303,
            0.3031531342562762,
            0.30491856583354626,
            0.29590495370379266,
            0.27786547831160047,
            0.28138313817005745,
            0.2913238080657521,
            0.3382916153697103,
            0.32278857756543394,
            0.3168030843833396,
            0.3166268953747951,
            0.33899067467103255,
            0.23529943519028382,
            0.23529943519028382,
            0.256515698625311,
            0.25657835949724944,
            0.25601964195971894,
            0.2591878790930675,
            0.25918942819648183,
            0.2666752066694553,
            0.2645677520470857,
            0.2646190763222162,
            0.26197431833149937,
            0.2660981143048341,
            0.2655780084732919,
            0.26520812136205274,
            0.3308619505478447,
            0.33234414402965884,
            0.38695586509268454,
            0.3821808164214393,
            0.38905296390756394,
            0.38447356237082797,
            0.3928234638665042,
            0.38403604302979444,
            0.362332733205399,
            0.28822799009085337,
            0.49600038767820853,
            0.5252716902013609,
            0.48768866730459154,
            0.5035551597918487,
            0.5285658678769365,
            0.5349795427283138,
            0.5334312529596581,
            0.5083956130219058,
            0.5283178179204288,
            0.530116138458044,
            0.5214678227246475,
            0.5306090771788732,
            0.5204119313807589,
            0.5278715843077556,
            0.5544818957373192,
            0.5322748336774217,
            0.5253544096151938,
            0.543702828408587,
            0.5675587080387735,
            0.5371529426306871,
            1.4020083949803497,
            1.3910300839062013
        ],
        [
            1.0629228047529236,
            1.007409668882215,
            0.1558171251803256,
            0.1589071648543034,
            0.0,
            0.11236070049140463,
            0.27498053667870226,
            0.30687934722359844,
            0.3540672621210752,
            0.3217034284622037,
            0.34847814117983433,
            0.35028977106023623,
            0.34854784454725835,
            0.3343547928991814,
            0.3273874543509305,
            0.34443819437784,
            0.3300674245394632,
            0.33183285611673324,
            0.3228192439869797,
            0.3047797685947875,
            0.3082974284532445,
            0.3182380983489391,
            0.3652059056528973,
            0.3497028678486209,
            0.34371737466652663,
            0.3435411856579821,
            0.36590496495421954,
            0.2622137254734708,
            0.2622137254734708,
            0.283429988908498,
            0.2834926497804364,
            0.28293393224290597,
            0.28610216937625454,
            0.2861037184796688,
            0.29358949695264236,
            0.29148204233027275,
            0.2915333666054032,
            0.28888860861468635,
            0.29301240458802114,
            0.29249229875647886,
            0.2921224116452397,
            0.35777624083103166,
            0.3592584343128459,
            0.4138701553758716,
            0.40909510670462634,
            0.4159672541907509,
            0.41138785265401495,
            0.41973775414969117,
            0.4109503333129815,
            0.389247023488586,
            0.3151422803740404,
            0.5229146779613956,
            0.5521859804845479,
            0.5146029575877785,
            0.5304694500750358,
            0.5554801581601235,
            0.5618938330115009,
            0.5603455432428451,
            0.5353099033050929,
            0.5552321082036158,
            0.557030428741231,
            0.5483821130078346,
            0.5575233674620602,
            0.547326221663946,
            0.5547858745909426,
            0.5813961860205062,
            0.5591891239606087,
            0.5522686998983808,
            0.570617118691774,
            0.5944729983219605,
            0.5640672329138742,
            1.4289226852635366,
            1.4179443741893882
        ],
        [
            1.0595398761672206,
            1.0040267402965117,
            0.1524341965946226,
            0.15552423626860046,
            0.11236070049140463,
            0.0,
            0.2715976080929993,
            0.30349641863789545,
            0.3506843335353722,
            0.3183204998765007,
            0.34509521259413134,
            0.3469068424745333,
            0.3451649159615554,
            0.33097186431347847,
            0.32400452576522754,
            0.3410552657921371,
            0.32668449595376026,
            0.3284499275310303,
            0.3194363154012767,
            0.3013968400090845,
            0.3049144998675415,
            0.31485516976323613,
            0.36182297706719435,
            0.346319939262918,
            0.34033444608082364,
            0.34015825707227915,
            0.3625220363685166,
            0.2588307968877679,
            0.2588307968877679,
            0.280047060322795,
            0.2801097211947335,
            0.279551003657203,
            0.28271924079055155,
            0.2827207898939659,
            0.29020656836693937,
            0.28809911374456976,
            0.28815043801970025,
            0.2855056800289834,
            0.28962947600231814,
            0.2891093701707759,
            0.2887394830595368,
            0.3543933122453287,
            0.3558755057271429,
            0.4104872267901686,
            0.40571217811892335,
            0.412584325605048,
            0.408004924068312,
            0.41635482556398823,
            0.4075674047272785,
            0.38586409490288304,
            0.3117593517883374,
            0.5195317493756926,
            0.5488030518988449,
            0.5112200290020755,
            0.5270865214893328,
            0.5520972295744205,
            0.5585109044257979,
            0.5569626146571421,
            0.5319269747193899,
            0.5518491796179128,
            0.553647500155528,
            0.5449991844221316,
            0.5541404388763572,
            0.543943293078243,
            0.5514029460052396,
            0.5780132574348033,
            0.5558061953749057,
            0.5488857713126778,
            0.567234190106071,
            0.5910900697362576,
            0.5606843043281712,
            1.4255397566778334,
            1.414561445603685
        ],
        [
            1.0360965855436195,
            0.9805834496729107,
            0.24497620672153744,
            0.24806624639551528,
            0.27498053667870226,
            0.2715976080929993,
            0.0,
            0.19007618566349813,
            0.23726410056097488,
            0.20490026690210336,
            0.23167497961973404,
            0.23348660950013592,
            0.23174468298715806,
            0.2175516313390811,
            0.21058429279083019,
            0.22763503281773972,
            0.21326426297936288,
            0.21502969455663296,
            0.2060160824268794,
            0.18797660703468716,
            0.1914942668931442,
            0.23451956640456117,
            0.28148737370851934,
            0.26598433590424303,
            0.2599988427221487,
            0.2598226537136042,
            0.28218643300984164,
            0.18309834795391491,
            0.18309834795391491,
            0.2043146113889421,
            0.20437727226088054,
            0.20381855472335006,
            0.2069867918566986,
            0.2069883409601129,
            0.21447411943308645,
            0.21236666481071684,
            0.2124179890858473,
            0.20977323109513046,
            0.21389702706846522,
            0.21337692123692298,
            0.2130070341256838,
            0.33095002162172743,
            0.3324322151035416,
            0.3870439361665673,
            0.38226888749532206,
            0.3891410349814467,
            0.3845616334447107,
            0.39291153494038694,
            0.3841241141036772,
            0.36242080427928175,
            0.2883160611647361,
            0.4960884587520913,
            0.5253597612752436,
            0.4877767383784743,
            0.5036432308657315,
            0.5286539389508192,
            0.5350676138021966,
            0.5335193240335409,
            0.5084836840957886,
            0.5284058889943115,
            0.5302042095319267,
            0.5215558937985303,
            0.5306971482527559,
            0.5205000024546417,
            0.5279596553816384,
            0.554569966811202,
            0.5323629047513044,
            0.5254424806890765,
            0.5437908994824697,
            0.5676467791126563,
            0.5372410137045699,
            1.4020964660542323,
            1.391118154980084
        ],
        [
            1.0679953960885156,
            1.0124822602178067,
            0.2768750172664336,
            0.2799650569404114,
            0.30687934722359844,
            0.30349641863789545,
            0.19007618566349813,
            0.0,
            0.2527680992171433,
            0.2204042655582718,
            0.2471789782759025,
            0.24899060815630436,
            0.2472486816433265,
            0.23305562999524954,
            0.22608829144699863,
            0.24313903147390817,
            0.22876826163553132,
            0.2305336932128014,
            0.22152008108304785,
            0.20348060569085563,
            0.20699826554931264,
            0.26641837694945736,
            0.3133861842534155,
            0.29788314644913916,
            0.29189765326704487,
            0.2917214642585003,
            0.31408524355473777,
            0.21499715849881107,
            0.21499715849881107,
            0.23621342193383826,
            0.2362760828057767,
            0.23571736526824622,
            0.23888560240159476,
            0.23888715150500905,
            0.2463729299779826,
            0.244265475355613,
            0.24431679963074346,
            0.24167204164002662,
            0.24579583761336138,
            0.24527573178181913,
            0.24490584467057996,
            0.36284883216662356,
            0.3643310256484378,
            0.4189427467114635,
            0.41416769804021825,
            0.4210398455263428,
            0.41646044398960685,
            0.42481034548528307,
            0.4160229246485734,
            0.3943196148241779,
            0.3202148717096323,
            0.5279872692969875,
            0.5572585718201398,
            0.5196755489233704,
            0.5355420414106277,
            0.5605527494957154,
            0.5669664243470928,
            0.565418134578437,
            0.5403824946406848,
            0.5603046995392077,
            0.5621030200768229,
            0.5534547043434265,
            0.5625959587976521,
            0.5523988129995379,
            0.5598584659265345,
            0.5864687773560981,
            0.5642617152962006,
            0.5573412912339727,
            0.5756897100273659,
            0.5995455896575524,
            0.5691398242494661,
            1.4339952765991284,
            1.42301696552498
        ],
        [
            1.1151833109859923,
            1.0596701751152837,
            0.32406293216391036,
            0.32715297183788816,
            0.3540672621210752,
            0.3506843335353722,
            0.23726410056097488,
            0.2527680992171433,
            0.0,
            0.11989736950105868,
            0.14667208221868938,
            0.14848371209909123,
            0.1467417855861134,
            0.13254873393803643,
            0.18752136962149377,
            0.2045721096484033,
            0.19020133981002646,
            0.19196677138729656,
            0.18295315925754302,
            0.16491368386535077,
            0.16843134372380777,
            0.3136062918469341,
            0.3605740991508923,
            0.3450710613466159,
            0.3390855681645216,
            0.3389093791559771,
            0.3612731584522145,
            0.2621850733962878,
            0.2621850733962878,
            0.283401336831315,
            0.2834639977032535,
            0.28290528016572297,
            0.2860735172990715,
            0.2860750664024858,
            0.29356084487545936,
            0.29145339025308975,
            0.29150471452822024,
            0.2888599565375034,
            0.29298375251083814,
            0.2924636466792959,
            0.2920937595680567,
            0.4100367470641003,
            0.41151894054591454,
            0.46613066160894023,
            0.461355612937695,
            0.4682277604238196,
            0.4636483588870836,
            0.4719982603827598,
            0.46321083954605013,
            0.44150752972165463,
            0.36740278660710907,
            0.5751751841944642,
            0.6044464867176166,
            0.5668634638208472,
            0.5827299563081044,
            0.6077406643931922,
            0.6141543392445695,
            0.6126060494759138,
            0.5875704095381615,
            0.6074926144366845,
            0.6092909349742996,
            0.6006426192409032,
            0.6097838736951289,
            0.5995867278970146,
            0.6070463808240113,
            0.6336566922535749,
            0.6114496301936774,
            0.6045292061314494,
            0.6228776249248427,
            0.6467335045550292,
            0.6163277391469428,
            1.4811831914966054,
            1.470204880422457
        ],
        [
            1.0828194773271207,
            1.0273063414564119,
            0.29169909850503883,
            0.29478913817901664,
            0.3217034284622037,
            0.3183204998765007,
            0.20490026690210336,
            0.2204042655582718,
            0.11989736950105868,
            0.0,
            0.08967812578059997,
            0.09148975566100181,
            0.08974782914802397,
            0.07555477749994702,
            0.15515753596262227,
            0.1722082759895318,
            0.15783750615115497,
            0.15960293772842504,
            0.1505893255986715,
            0.13254985020647925,
            0.13606751006493628,
            0.2812424581880626,
            0.32821026549202076,
            0.3127072276877444,
            0.3067217345056501,
            0.30654554549710555,
            0.328909324793343,
            0.2298212397374163,
            0.2298212397374163,
            0.2510375031724435,
            0.25110016404438196,
            0.25054144650685145,
            0.25370968364019997,
            0.2537112327436143,
            0.26119701121658784,
            0.25908955659421823,
            0.2591408808693487,
            0.2564961228786319,
            0.2606199188519666,
            0.2600998130204244,
            0.2597299259091852,
            0.3776729134052288,
            0.379155106887043,
            0.4337668279500687,
            0.4289917792788235,
            0.43586392676494806,
            0.4312845252282121,
            0.4396344267238883,
            0.4308470058871786,
            0.4091436960627831,
            0.33503895294823755,
            0.5428113505355927,
            0.5720826530587451,
            0.5344996301619757,
            0.5503661226492329,
            0.5753768307343207,
            0.581790505585698,
            0.5802422158170423,
            0.55520657587929,
            0.5751287807778129,
            0.5769271013154281,
            0.5682787855820317,
            0.5774200400362574,
            0.5672228942381431,
            0.5746825471651398,
            0.6012928585947034,
            0.5790857965348059,
            0.5721653724725779,
            0.5905137912659711,
            0.6143696708961577,
            0.5839639054880713,
            1.4488193578377335,
            1.4378410467635852
        ],
        [
            1.1095941900447515,
            1.0540810541740426,
            0.3184738112226695,
            0.3215638508966473,
            0.34847814117983433,
            0.34509521259413134,
            0.23167497961973404,
            0.2471789782759025,
            0.14667208221868938,
            0.08967812578059997,
            0.0,
            0.01507682631043495,
            0.013334899797457105,
            0.06236693674288585,
            0.18193224868025293,
            0.19898298870716247,
            0.18461221886878565,
            0.18637765044605573,
            0.17736403831630218,
            0.15932456292410993,
            0.16284222278256694,
            0.30801717090569325,
            0.3549849782096514,
            0.33948194040537505,
            0.33349644722328076,
            0.3333202582147362,
            0.35568403751097366,
            0.25659595245504696,
            0.25659595245504696,
            0.27781221589007415,
            0.2778748767620126,
            0.2773161592244821,
            0.2804843963578306,
            0.28048594546124495,
            0.2879717239342185,
            0.2858642693118489,
            0.2859155935869794,
            0.28327083559626254,
            0.28739463156959727,
            0.28687452573805505,
            0.28650463862681586,
            0.40444762612285945,
            0.40592981960467367,
            0.46054154066769937,
            0.45576649199645414,
            0.4626386394825787,
            0.45805923794584275,
            0.46640913944151896,
            0.45762171860480927,
            0.43591840878041377,
            0.3618136656658682,
            0.5695860632532234,
            0.5988573657763757,
            0.5612743428796063,
            0.5771408353668636,
            0.6021515434519513,
            0.6085652183033287,
            0.6070169285346729,
            0.5819812885969207,
            0.6019034934954436,
            0.6037018140330588,
            0.5950534982996624,
            0.604194752753888,
            0.5939976069557737,
            0.6014572598827704,
            0.628067571312334,
            0.6058605092524365,
            0.5989400851902086,
            0.6172885039836018,
            0.6411443836137883,
            0.610738618205702,
            1.4755940705553643,
            1.464615759481216
        ],
        [
            1.1114058199251533,
            1.0558926840544447,
            0.3202854411030714,
            0.32337548077704925,
            0.35028977106023623,
            0.3469068424745333,
            0.23348660950013592,
            0.24899060815630436,
            0.14848371209909123,
            0.09148975566100181,
            0.01507682631043495,
            0.0,
            0.01155941870588944,
            0.0641785666232877,
            0.1837438785606548,
            0.20079461858756434,
            0.1864238487491875,
            0.1881892803264576,
            0.17917566819670405,
            0.1611361928045118,
            0.1646538526629688,
            0.30982880078609515,
            0.3567966080900533,
            0.341293570285777,
            0.3353080771036826,
            0.33513188809513816,
            0.3574956673913756,
            0.25840758233544886,
            0.25840758233544886,
            0.27962384577047605,
            0.27968650664241446,
            0.279127789104884,
            0.2822960262382326,
            0.28229757534164684,
            0.2897833538146204,
            0.2876758991922508,
            0.2877272234673812,
            0.2850824654766644,
            0.28920626144999917,
            0.2886861556184569,
            0.28831626850721775,
            0.4062592560032614,
            0.40774144948507557,
            0.46235317054810127,
            0.457578121876856,
            0.4644502693629806,
            0.45987086782624464,
            0.4682207693219209,
            0.4594333484852111,
            0.4377300386608157,
            0.3636252955462701,
            0.5713976931336253,
            0.6006689956567777,
            0.5630859727600083,
            0.5789524652472655,
            0.6039631733323532,
            0.6103768481837306,
            0.6088285584150748,
            0.5837929184773225,
            0.6037151233758455,
            0.6055134439134606,
            0.5968651281800643,
            0.6060063826342899,
            0.5958092368361756,
            0.6032688897631724,
            0.6298792011927359,
            0.6076721391328384,
            0.6007517150706105,
            0.6191001338640036,
            0.6429560134941903,
            0.6125502480861038,
            1.4774057004357664,
            1.466427389361618
        ],
        [
            1.1096638934121754,
            1.0541507575414668,
            0.3185435145900935,
            0.32163355426407136,
            0.34854784454725835,
            0.3451649159615554,
            0.23174468298715806,
            0.2472486816433265,
            0.1467417855861134,
            0.08974782914802397,
            0.013334899797457105,
            0.01155941870588944,
            0.0,
            0.06243664011030986,
            0.18200195204767694,
            0.19905269207458648,
            0.18468192223620966,
            0.18644735381347974,
            0.1774337416837262,
            0.15939426629153394,
            0.16291192614999095,
            0.30808687427311726,
            0.3550546815770754,
            0.3395516437727991,
            0.3335661505907047,
            0.3333899615821603,
            0.35575374087839773,
            0.256665655822471,
            0.256665655822471,
            0.27788191925749817,
            0.27794458012943657,
            0.2773858625919061,
            0.2805540997252547,
            0.28055564882866896,
            0.2880414273016425,
            0.2859339726792729,
            0.28598529695440333,
            0.2833405389636865,
            0.2874643349370213,
            0.286944229105479,
            0.28657434199423987,
            0.4045173294902835,
            0.4059995229720977,
            0.4606112440351234,
            0.4558361953638781,
            0.46270834285000273,
            0.45812894131326676,
            0.46647884280894303,
            0.4576914219722332,
            0.43598811214783784,
            0.3618833690332922,
            0.5696557666206474,
            0.5989270691437998,
            0.5613440462470304,
            0.5772105387342876,
            0.6022212468193753,
            0.6086349216707527,
            0.6070866319020969,
            0.5820509919643446,
            0.6019731968628677,
            0.6037715174004827,
            0.5951232016670864,
            0.604264456121312,
            0.5940673103231977,
            0.6015269632501945,
            0.628137274679758,
            0.6059302126198605,
            0.5990097885576326,
            0.6173582073510258,
            0.6412140869812124,
            0.6108083215731259,
            1.4756637739227885,
            1.46468546284864
        ],
        [
            1.0954708417640986,
            1.0399577058933898,
            0.30435046294201656,
            0.3074405026159944,
            0.3343547928991814,
            0.33097186431347847,
            0.2175516313390811,
            0.23305562999524954,
            0.13254873393803643,
            0.07555477749994702,
            0.06236693674288585,
            0.0641785666232877,
            0.06243664011030986,
            0.0,
            0.1678089003996,
            0.18485964042650954,
            0.1704888705881327,
            0.17225430216540277,
            0.16324069003564923,
            0.14520121464345698,
            0.148718874501914,
            0.2938938226250403,
            0.3408616299289985,
            0.3253585921247222,
            0.3193730989426278,
            0.31919690993408334,
            0.3415606892303208,
            0.24247260417439404,
            0.24247260417439404,
            0.26368886760942123,
            0.26375152848135963,
            0.2631928109438292,
            0.26636104807717775,
            0.266362597180592,
            0.27384837565356557,
            0.27174092103119596,
            0.2717922453063264,
            0.26914748731560956,
            0.27327128328894434,
            0.27275117745740207,
            0.27238129034616293,
            0.3903242778422066,
            0.39180647132402074,
            0.44641819238704644,
            0.44164314371580116,
            0.4485152912019258,
            0.4439358896651898,
            0.4522857911608661,
            0.4434983703241563,
            0.4217950604997609,
            0.3476903173852153,
            0.5554627149725704,
            0.5847340174957227,
            0.5471509945989534,
            0.5630174870862106,
            0.5880281951712985,
            0.5944418700226757,
            0.5928935802540201,
            0.5678579403162678,
            0.5877801452147906,
            0.5895784657524059,
            0.5809301500190094,
            0.5900714044732351,
            0.5798742586751209,
            0.5873339116021175,
            0.6139442230316812,
            0.5917371609717836,
            0.5848167369095556,
            0.6031651557029489,
            0.6270210353331354,
            0.5966152699250491,
            1.4614707222747114,
            1.450492411200563
        ],
        [
            1.0885035032158474,
            1.0329903673451388,
            0.29738312439376563,
            0.3004731640677435,
            0.3273874543509305,
            0.32400452576522754,
            0.21058429279083019,
            0.22608829144699863,
            0.18752136962149377,
            0.15515753596262227,
            0.18193224868025293,
            0.1837438785606548,
            0.18200195204767694,
            0.1678089003996,
            0.0,
            0.07033039820467273,
            0.13540723143583666,
            0.13717266301310677,
            0.14013268066749013,
            0.12209320527529788,
            0.12561086513375488,
            0.2869264840767894,
            0.33389429138074755,
            0.31839125357647124,
            0.31240576039437684,
            0.3122295713858324,
            0.33459335068206986,
            0.2355052656261431,
            0.2355052656261431,
            0.2567215290611703,
            0.2567841899331087,
            0.25622547239557825,
            0.2593937095289268,
            0.2593952586323411,
            0.26688103710531463,
            0.264773582482945,
            0.26482490675807546,
            0.2621801487673586,
            0.2663039447406934,
            0.26578383890915114,
            0.265413951797912,
            0.38335693929395565,
            0.3848391327757698,
            0.4394508538387955,
            0.4346758051675502,
            0.44154795265367486,
            0.4369685511169389,
            0.44531845261261516,
            0.43653103177590535,
            0.41482772195150996,
            0.34072297883696434,
            0.5484953764243194,
            0.5777666789474718,
            0.5401836560507025,
            0.5560501485379596,
            0.5810608566230475,
            0.5874745314744247,
            0.5859262417057691,
            0.5608906017680169,
            0.5808128066665397,
            0.582611127204155,
            0.5739628114707584,
            0.5831040659249842,
            0.57290692012687,
            0.5803665730538665,
            0.6069768844834302,
            0.5847698224235327,
            0.5778493983613047,
            0.596197817154698,
            0.6200536967848844,
            0.5896479313767982,
            1.4545033837264605,
            1.443525072652312
        ],
        [
            1.1055542432427572,
            1.0500411073720484,
            0.31443386442067517,
            0.31752390409465303,
            0.34443819437784,
            0.3410552657921371,
            0.22763503281773972,
            0.24313903147390817,
            0.2045721096484033,
            0.1722082759895318,
            0.19898298870716247,
            0.20079461858756434,
            0.19905269207458648,
            0.18485964042650954,
            0.07033039820467273,
            0.0,
            0.1524579714627462,
            0.1542234030400163,
            0.15718342069439967,
            0.13914394530220742,
            0.14266160516066442,
            0.30397722410369893,
            0.3509450314076571,
            0.3354419936033808,
            0.3294565004212864,
            0.32928031141274194,
            0.3516440907089794,
            0.25255600565305264,
            0.25255600565305264,
            0.27377226908807983,
            0.27383492996001824,
            0.2732762124224878,
            0.27644444955583636,
            0.2764459986592506,
            0.2839317771322242,
            0.28182432250985456,
            0.281875646784985,
            0.27923088879426816,
