{
    "NEXUS_FILE_URL": "http://purl.org/phylo/treebase/phylows/study/TB2:S12410",
    "NEWICK_TREE": "((((1:22.498726908438208,(((((2:10.799013431476897,(3:7.2536126914264045,(4:5.908717963809536,5:5.908717963809572):1.3448947276168397):3.5454007400503578):5.819189303552104,6:16.618202735028994):1.912447856918,(((7:3.801129283125718,8:3.801129283125718):9.894054586115981,((9:0.7970937432984044,10:0.7970937432984044):4.6271321770549,11:5.42422592035339):8.270957948888302):3.8346277385747953,(12:16.4431411902625,(((13:2.4167224675843,14:2.4167224675843):9.340681961395205,((15:3.7192553703010525,16:3.7192553703010525):3.085574673562551,((17:1.206673940500366,(18:0.5400997610685501,19:0.5400997610685501):0.6665741794318158):1.296746482280703,20:2.503420422781076):4.301409621082534):4.952574385115803):3.7723969384067964,(21:11.964423841044699,(22:9.366661694570702,23:9.366661694570702):2.597762146473997):3.565377526341603):0.9133398228761997):1.086670417553993):1.0008389841304073):1.214087544305805,((24:5.942289190790348,25:5.942289190790348):3.8250951399721487,(26:0.3672292461576987,27:0.3672292461576987):9.400155084604798):9.977353805490203):0.638551379680397,(28:12.221389910235779,29:12.221389910235771):8.161899605697403):2.1154373925050045):1.9337642901995977,30:24.432491198637805):7.109764210134696,(31:24.042745057635997,32:24.042745057635997):7.499510351136696):6.1788323995296,(33:31.613139437623417,34:31.613139437623502):6.107948370678692);",
    "DISTANCE_MATRIX": [
        [
            0.0,
            44.997453816876416,
            44.99745381687628,
            44.99745381687625,
            44.99745381687629,
            44.99745381687641,
            44.997453816876316,
            44.997453816876316,
            44.997453816876224,
            44.997453816876224,
            44.99745381687631,
            44.997453816876316,
            44.997453816876316,
            44.997453816876316,
            44.99745381687622,
            44.99745381687622,
            44.99745381687622,
            44.99745381687622,
            44.99745381687622,
            44.997453816876224,
            44.997453816876316,
            44.997453816876316,
            44.997453816876316,
            44.99745381687631,
            44.99745381687631,
            44.99745381687631,
            44.99745381687631,
            44.997453816876394,
            44.99745381687639,
            48.86498239727561,
            63.084510817545194,
            63.084510817545194,
            75.4421756166042,
            75.44217561660429
        ],
        [
            44.997453816876416,
            0.0,
            21.59802686295366,
            21.59802686295363,
            21.598026862953667,
            33.236405470057996,
            37.0613011838939,
            37.0613011838939,
            37.06130118389381,
            37.06130118389381,
            37.061301183893896,
            37.0613011838939,
            37.0613011838939,
            37.0613011838939,
            37.061301183893804,
            37.061301183893804,
            37.061301183893804,
            37.061301183893804,
            37.061301183893804,
            37.06130118389381,
            37.0613011838939,
            37.0613011838939,
            37.0613011838939,
            39.489476272505506,
            39.489476272505506,
            39.489476272505506,
            39.489476272505506,
            40.766579031866385,
            40.76657903186638,
            48.86498239727561,
            63.084510817545194,
            63.084510817545194,
            75.4421756166042,
            75.44217561660429
        ],
        [
            44.99745381687628,
            21.59802686295366,
            0.0,
            14.50722538285278,
            14.507225382852816,
            33.23640547005786,
            37.06130118389377,
            37.06130118389377,
            37.061301183893676,
            37.061301183893676,
            37.06130118389376,
            37.06130118389377,
            37.06130118389377,
            37.06130118389377,
            37.06130118389367,
            37.06130118389367,
            37.06130118389367,
            37.06130118389367,
            37.06130118389367,
            37.061301183893676,
            37.06130118389377,
            37.06130118389377,
            37.06130118389377,
            39.48947627250537,
            39.48947627250537,
            39.48947627250537,
            39.48947627250537,
            40.76657903186625,
            40.76657903186624,
            48.864982397275476,
            63.08451081754506,
            63.08451081754506,
            75.44217561660408,
            75.44217561660416
        ],
        [
            44.99745381687625,
            21.59802686295363,
            14.50722538285278,
            0.0,
            11.817435927619108,
            33.23640547005783,
            37.06130118389374,
            37.06130118389374,
            37.06130118389365,
            37.06130118389365,
            37.06130118389373,
            37.06130118389374,
            37.06130118389374,
            37.06130118389374,
            37.06130118389364,
            37.06130118389364,
            37.06130118389364,
            37.06130118389364,
            37.06130118389364,
            37.06130118389365,
            37.06130118389374,
            37.06130118389374,
            37.06130118389374,
            39.48947627250534,
            39.48947627250534,
            39.48947627250534,
            39.48947627250534,
            40.76657903186622,
            40.766579031866215,
            48.86498239727545,
            63.08451081754503,
            63.08451081754503,
            75.44217561660405,
            75.44217561660413
        ],
        [
            44.99745381687629,
            21.598026862953667,
            14.507225382852816,
            11.817435927619108,
            0.0,
            33.23640547005787,
            37.061301183893775,
            37.061301183893775,
            37.06130118389368,
            37.06130118389368,
            37.06130118389377,
            37.061301183893775,
            37.061301183893775,
            37.061301183893775,
            37.061301183893676,
            37.061301183893676,
            37.061301183893676,
            37.061301183893676,
            37.061301183893676,
            37.06130118389368,
            37.061301183893775,
            37.061301183893775,
            37.061301183893775,
            39.48947627250538,
            39.48947627250538,
            39.48947627250538,
            39.48947627250538,
            40.76657903186626,
            40.76657903186625,
            48.86498239727548,
            63.084510817545066,
            63.084510817545066,
            75.44217561660409,
            75.44217561660417
        ],
        [
            44.99745381687641,
            33.236405470057996,
            33.23640547005786,
            33.23640547005783,
            33.23640547005787,
            0.0,
            37.061301183893896,
            37.061301183893896,
            37.061301183893804,
            37.061301183893804,
            37.06130118389389,
            37.061301183893896,
            37.061301183893896,
            37.061301183893896,
            37.0613011838938,
            37.0613011838938,
            37.0613011838938,
            37.0613011838938,
            37.0613011838938,
            37.061301183893804,
            37.061301183893896,
            37.061301183893896,
            37.061301183893896,
            39.4894762725055,
            39.4894762725055,
            39.4894762725055,
            39.4894762725055,
            40.76657903186638,
            40.76657903186637,
            48.864982397275604,
            63.08451081754519,
            63.08451081754519,
            75.4421756166042,
            75.44217561660429
        ],
        [
            44.997453816876316,
            37.0613011838939,
            37.06130118389377,
            37.06130118389374,
            37.061301183893775,
            37.061301183893896,
            0.0,
            7.602258566251436,
            27.390367738483306,
            27.390367738483306,
            27.39036773848339,
            35.05962321563299,
            35.05962321563299,
            35.05962321563299,
            35.05962321563289,
            35.05962321563289,
            35.05962321563289,
            35.05962321563289,
            35.05962321563289,
            35.0596232156329,
            35.05962321563299,
            35.05962321563299,
            35.05962321563299,
            39.48947627250541,
            39.48947627250541,
            39.48947627250541,
            39.48947627250541,
            40.766579031866286,
            40.76657903186628,
            48.86498239727551,
            63.084510817545095,
            63.084510817545095,
            75.44217561660412,
            75.4421756166042
        ],
        [
            44.997453816876316,
            37.0613011838939,
            37.06130118389377,
            37.06130118389374,
            37.061301183893775,
            37.061301183893896,
            7.602258566251436,
            0.0,
            27.390367738483306,
            27.390367738483306,
            27.39036773848339,
            35.05962321563299,
            35.05962321563299,
            35.05962321563299,
            35.05962321563289,
            35.05962321563289,
            35.05962321563289,
            35.05962321563289,
            35.05962321563289,
            35.0596232156329,
            35.05962321563299,
            35.05962321563299,
            35.05962321563299,
            39.48947627250541,
            39.48947627250541,
            39.48947627250541,
            39.48947627250541,
            40.766579031866286,
            40.76657903186628,
            48.86498239727551,
            63.084510817545095,
            63.084510817545095,
            75.44217561660412,
            75.4421756166042
        ],
        [
            44.997453816876224,
            37.06130118389381,
            37.061301183893676,
            37.06130118389365,
            37.06130118389368,
            37.061301183893804,
            27.390367738483306,
            27.390367738483306,
            0.0,
            1.5941874865968089,
            10.848451840706694,
            35.0596232156329,
            35.0596232156329,
            35.0596232156329,
            35.0596232156328,
            35.0596232156328,
            35.0596232156328,
            35.0596232156328,
            35.0596232156328,
            35.059623215632804,
            35.0596232156329,
            35.0596232156329,
            35.0596232156329,
            39.489476272505314,
            39.489476272505314,
            39.489476272505314,
            39.489476272505314,
            40.76657903186619,
            40.766579031866186,
            48.86498239727542,
            63.084510817545,
            63.084510817545,
            75.44217561660402,
            75.4421756166041
        ],
        [
            44.997453816876224,
            37.06130118389381,
            37.061301183893676,
            37.06130118389365,
            37.06130118389368,
            37.061301183893804,
            27.390367738483306,
            27.390367738483306,
            1.5941874865968089,
            0.0,
            10.848451840706694,
            35.0596232156329,
            35.0596232156329,
            35.0596232156329,
            35.0596232156328,
            35.0596232156328,
            35.0596232156328,
            35.0596232156328,
            35.0596232156328,
            35.059623215632804,
            35.0596232156329,
            35.0596232156329,
            35.0596232156329,
            39.489476272505314,
            39.489476272505314,
            39.489476272505314,
            39.489476272505314,
            40.76657903186619,
            40.766579031866186,
            48.86498239727542,
            63.084510817545,
            63.084510817545,
            75.44217561660402,
            75.4421756166041
        ],
        [
            44.99745381687631,
            37.061301183893896,
            37.06130118389376,
            37.06130118389373,
            37.06130118389377,
            37.06130118389389,
            27.39036773848339,
            27.39036773848339,
            10.848451840706694,
            10.848451840706694,
            0.0,
            35.05962321563298,
            35.05962321563298,
            35.05962321563298,
            35.05962321563288,
            35.05962321563288,
            35.05962321563288,
            35.05962321563288,
            35.05962321563288,
            35.05962321563289,
            35.05962321563298,
            35.05962321563298,
            35.05962321563298,
            39.4894762725054,
            39.4894762725054,
            39.4894762725054,
            39.4894762725054,
            40.76657903186628,
            40.76657903186627,
            48.864982397275504,
            63.08451081754509,
            63.08451081754509,
            75.4421756166041,
            75.44217561660419
        ],
        [
            44.997453816876316,
            37.0613011838939,
            37.06130118389377,
            37.06130118389374,
            37.061301183893775,
            37.061301183893896,
            35.05962321563299,
            35.05962321563299,
            35.0596232156329,
            35.0596232156329,
            35.05962321563298,
            0.0,
            32.886282380525,
            32.886282380525,
            32.886282380524904,
            32.886282380524904,
            32.886282380524904,
            32.886282380524904,
            32.886282380524904,
            32.88628238052491,
            32.886282380525,
            32.886282380525,
            32.886282380525,
            39.48947627250541,
            39.48947627250541,
            39.48947627250541,
            39.48947627250541,
            40.766579031866286,
            40.76657903186628,
            48.86498239727551,
            63.084510817545095,
            63.084510817545095,
            75.44217561660412,
            75.4421756166042
        ],
        [
            44.997453816876316,
            37.0613011838939,
            37.06130118389377,
            37.06130118389374,
            37.061301183893775,
            37.061301183893896,
            35.05962321563299,
            35.05962321563299,
            35.0596232156329,
            35.0596232156329,
            35.05962321563298,
            32.886282380525,
            0.0,
            4.8334449351686,
            23.51480885795891,
            23.51480885795891,
            23.51480885795891,
            23.51480885795891,
            23.51480885795891,
            23.51480885795892,
            31.059602734772604,
            31.059602734772604,
            31.059602734772604,
            39.48947627250541,
            39.48947627250541,
            39.48947627250541,
            39.48947627250541,
            40.766579031866286,
            40.76657903186628,
            48.86498239727551,
            63.084510817545095,
            63.084510817545095,
            75.44217561660412,
            75.4421756166042
        ],
        [
            44.997453816876316,
            37.0613011838939,
            37.06130118389377,
            37.06130118389374,
            37.061301183893775,
            37.061301183893896,
            35.05962321563299,
            35.05962321563299,
            35.0596232156329,
            35.0596232156329,
            35.05962321563298,
            32.886282380525,
            4.8334449351686,
            0.0,
            23.51480885795891,
            23.51480885795891,
            23.51480885795891,
            23.51480885795891,
            23.51480885795891,
            23.51480885795892,
            31.059602734772604,
            31.059602734772604,
            31.059602734772604,
            39.48947627250541,
            39.48947627250541,
            39.48947627250541,
            39.48947627250541,
            40.766579031866286,
            40.76657903186628,
            48.86498239727551,
            63.084510817545095,
            63.084510817545095,
            75.44217561660412,
            75.4421756166042
        ],
        [
            44.99745381687622,
            37.061301183893804,
            37.06130118389367,
            37.06130118389364,
            37.061301183893676,
            37.0613011838938,
            35.05962321563289,
            35.05962321563289,
            35.0596232156328,
            35.0596232156328,
            35.05962321563288,
            32.886282380524904,
            23.51480885795891,
            23.51480885795891,
            0.0,
            7.438510740602105,
            13.609660087727207,
            13.609660087727207,
            13.609660087727207,
            13.609660087727214,
            31.059602734772504,
            31.059602734772504,
            31.059602734772504,
            39.48947627250531,
            39.48947627250531,
            39.48947627250531,
            39.48947627250531,
            40.766579031866186,
            40.76657903186618,
            48.86498239727541,
            63.084510817544995,
            63.084510817544995,
            75.442175616604,
            75.44217561660409
        ],
        [
            44.99745381687622,
            37.061301183893804,
            37.06130118389367,
            37.06130118389364,
            37.061301183893676,
            37.0613011838938,
            35.05962321563289,
            35.05962321563289,
            35.0596232156328,
            35.0596232156328,
            35.05962321563288,
            32.886282380524904,
            23.51480885795891,
            23.51480885795891,
            7.438510740602105,
            0.0,
            13.609660087727207,
            13.609660087727207,
            13.609660087727207,
            13.609660087727214,
            31.059602734772504,
            31.059602734772504,
            31.059602734772504,
            39.48947627250531,
            39.48947627250531,
            39.48947627250531,
            39.48947627250531,
            40.766579031866186,
            40.76657903186618,
            48.86498239727541,
            63.084510817544995,
            63.084510817544995,
            75.442175616604,
            75.44217561660409
        ],
        [
            44.99745381687622,
            37.061301183893804,
            37.06130118389367,
            37.06130118389364,
            37.061301183893676,
            37.0613011838938,
            35.05962321563289,
            35.05962321563289,
            35.0596232156328,
            35.0596232156328,
            35.05962321563288,
            32.886282380524904,
            23.51480885795891,
            23.51480885795891,
            13.609660087727207,
            13.609660087727207,
            0.0,
            2.413347881000732,
            2.413347881000732,
            5.006840845562145,
            31.059602734772504,
            31.059602734772504,
            31.059602734772504,
            39.48947627250531,
            39.48947627250531,
            39.48947627250531,
            39.48947627250531,
            40.766579031866186,
            40.76657903186618,
            48.86498239727541,
            63.084510817544995,
            63.084510817544995,
            75.442175616604,
            75.44217561660409
        ],
        [
            44.99745381687622,
            37.061301183893804,
            37.06130118389367,
            37.06130118389364,
            37.061301183893676,
            37.0613011838938,
            35.05962321563289,
            35.05962321563289,
            35.0596232156328,
            35.0596232156328,
            35.05962321563288,
            32.886282380524904,
            23.51480885795891,
            23.51480885795891,
            13.609660087727207,
            13.609660087727207,
            2.413347881000732,
            0.0,
            1.0801995221371001,
            5.006840845562145,
            31.059602734772504,
            31.059602734772504,
            31.059602734772504,
            39.48947627250531,
            39.48947627250531,
            39.48947627250531,
            39.48947627250531,
            40.766579031866186,
            40.76657903186618,
            48.86498239727541,
            63.084510817544995,
            63.084510817544995,
            75.442175616604,
            75.44217561660409
        ],
        [
            44.99745381687622,
            37.061301183893804,
            37.06130118389367,
            37.06130118389364,
            37.061301183893676,
            37.0613011838938,
            35.05962321563289,
            35.05962321563289,
            35.0596232156328,
            35.0596232156328,
            35.05962321563288,
            32.886282380524904,
            23.51480885795891,
            23.51480885795891,
            13.609660087727207,
            13.609660087727207,
            2.413347881000732,
            1.0801995221371001,
            0.0,
            5.006840845562145,
            31.059602734772504,
            31.059602734772504,
            31.059602734772504,
            39.48947627250531,
            39.48947627250531,
            39.48947627250531,
            39.48947627250531,
            40.766579031866186,
            40.76657903186618,
            48.86498239727541,
            63.084510817544995,
            63.084510817544995,
            75.442175616604,
            75.44217561660409
        ],
        [
            44.997453816876224,
            37.06130118389381,
            37.061301183893676,
            37.06130118389365,
            37.06130118389368,
            37.061301183893804,
            35.0596232156329,
            35.0596232156329,
            35.059623215632804,
            35.059623215632804,
            35.05962321563289,
            32.88628238052491,
            23.51480885795892,
            23.51480885795892,
            13.609660087727214,
            13.609660087727214,
            5.006840845562145,
            5.006840845562145,
            5.006840845562145,
            0.0,
            31.05960273477251,
            31.05960273477251,
            31.05960273477251,
            39.489476272505314,
            39.489476272505314,
            39.489476272505314,
            39.489476272505314,
            40.76657903186619,
            40.766579031866186,
            48.86498239727542,
            63.084510817545,
            63.084510817545,
            75.44217561660402,
            75.4421756166041
        ],
        [
            44.997453816876316,
            37.0613011838939,
            37.06130118389377,
            37.06130118389374,
            37.061301183893775,
            37.061301183893896,
            35.05962321563299,
            35.05962321563299,
            35.0596232156329,
            35.0596232156329,
            35.05962321563298,
            32.886282380525,
            31.059602734772604,
            31.059602734772604,
            31.059602734772504,
            31.059602734772504,
            31.059602734772504,
            31.059602734772504,
            31.059602734772504,
            31.05960273477251,
            0.0,
            23.928847682089398,
            23.928847682089398,
            39.48947627250541,
            39.48947627250541,
            39.48947627250541,
            39.48947627250541,
            40.766579031866286,
            40.76657903186628,
            48.86498239727551,
            63.084510817545095,
            63.084510817545095,
            75.44217561660412,
            75.4421756166042
        ],
        [
            44.997453816876316,
            37.0613011838939,
            37.06130118389377,
            37.06130118389374,
            37.061301183893775,
            37.061301183893896,
            35.05962321563299,
            35.05962321563299,
            35.0596232156329,
            35.0596232156329,
            35.05962321563298,
            32.886282380525,
            31.059602734772604,
            31.059602734772604,
            31.059602734772504,
            31.059602734772504,
            31.059602734772504,
            31.059602734772504,
            31.059602734772504,
            31.05960273477251,
            23.928847682089398,
            0.0,
            18.733323389141404,
            39.48947627250541,
            39.48947627250541,
            39.48947627250541,
            39.48947627250541,
            40.766579031866286,
            40.76657903186628,
            48.86498239727551,
            63.084510817545095,
            63.084510817545095,
            75.44217561660412,
            75.4421756166042
        ],
        [
            44.997453816876316,
            37.0613011838939,
            37.06130118389377,
            37.06130118389374,
            37.061301183893775,
            37.061301183893896,
            35.05962321563299,
            35.05962321563299,
            35.0596232156329,
            35.0596232156329,
            35.05962321563298,
            32.886282380525,
            31.059602734772604,
            31.059602734772604,
            31.059602734772504,
            31.059602734772504,
            31.059602734772504,
            31.059602734772504,
            31.059602734772504,
            31.05960273477251,
            23.928847682089398,
            18.733323389141404,
            0.0,
            39.48947627250541,
            39.48947627250541,
            39.48947627250541,
            39.48947627250541,
            40.766579031866286,
            40.76657903186628,
            48.86498239727551,
            63.084510817545095,
            63.084510817545095,
            75.44217561660412,
            75.4421756166042
        ],
        [
            44.99745381687631,
            39.489476272505506,
            39.48947627250537,
            39.48947627250534,
            39.48947627250538,
            39.4894762725055,
            39.48947627250541,
            39.48947627250541,
            39.489476272505314,
            39.489476272505314,
            39.4894762725054,
            39.48947627250541,
            39.48947627250541,
            39.48947627250541,
            39.48947627250531,
            39.48947627250531,
            39.48947627250531,
            39.48947627250531,
            39.48947627250531,
            39.489476272505314,
            39.48947627250541,
            39.48947627250541,
            39.48947627250541,
            0.0,
            11.884578381580695,
            19.534768661524993,
            19.534768661524993,
            40.76657903186628,
            40.76657903186627,
            48.864982397275504,
            63.08451081754509,
            63.08451081754509,
            75.4421756166041,
            75.44217561660419
        ],
        [
            44.99745381687631,
            39.489476272505506,
            39.48947627250537,
            39.48947627250534,
            39.48947627250538,
            39.4894762725055,
            39.48947627250541,
            39.48947627250541,
            39.489476272505314,
            39.489476272505314,
            39.4894762725054,
            39.48947627250541,
            39.48947627250541,
            39.48947627250541,
            39.48947627250531,
            39.48947627250531,
            39.48947627250531,
            39.48947627250531,
            39.48947627250531,
            39.489476272505314,
            39.48947627250541,
            39.48947627250541,
            39.48947627250541,
            11.884578381580695,
            0.0,
            19.534768661524993,
            19.534768661524993,
            40.76657903186628,
            40.76657903186627,
            48.864982397275504,
            63.08451081754509,
            63.08451081754509,
            75.4421756166041,
            75.44217561660419
        ],
        [
            44.99745381687631,
            39.489476272505506,
            39.48947627250537,
            39.48947627250534,
            39.48947627250538,
            39.4894762725055,
            39.48947627250541,
            39.48947627250541,
            39.489476272505314,
            39.489476272505314,
            39.4894762725054,
            39.48947627250541,
            39.48947627250541,
            39.48947627250541,
            39.48947627250531,
            39.48947627250531,
            39.48947627250531,
            39.48947627250531,
            39.48947627250531,
            39.489476272505314,
            39.48947627250541,
            39.48947627250541,
            39.48947627250541,
            19.534768661524993,
            19.534768661524993,
            0.0,
            0.7344584923153974,
            40.76657903186628,
            40.76657903186627,
            48.864982397275504,
            63.08451081754509,
            63.08451081754509,
            75.4421756166041,
            75.44217561660419
        ],
        [
            44.99745381687631,
            39.489476272505506,
            39.48947627250537,
            39.48947627250534,
            39.48947627250538,
            39.4894762725055,
            39.48947627250541,
            39.48947627250541,
            39.489476272505314,
            39.489476272505314,
            39.4894762725054,
            39.48947627250541,
            39.48947627250541,
            39.48947627250541,
            39.48947627250531,
            39.48947627250531,
            39.48947627250531,
            39.48947627250531,
            39.48947627250531,
            39.489476272505314,
            39.48947627250541,
            39.48947627250541,
            39.48947627250541,
            19.534768661524993,
            19.534768661524993,
            0.7344584923153974,
            0.0,
            40.76657903186628,
            40.76657903186627,
            48.864982397275504,
            63.08451081754509,
            63.08451081754509,
            75.4421756166041,
            75.44217561660419
        ],
        [
            44.997453816876394,
            40.766579031866385,
            40.76657903186625,
            40.76657903186622,
            40.76657903186626,
            40.76657903186638,
            40.766579031866286,
            40.766579031866286,
            40.76657903186619,
            40.76657903186619,
            40.76657903186628,
            40.766579031866286,
            40.766579031866286,
            40.766579031866286,
            40.766579031866186,
            40.766579031866186,
            40.766579031866186,
            40.766579031866186,
            40.766579031866186,
            40.76657903186619,
            40.766579031866286,
            40.766579031866286,
            40.766579031866286,
            40.76657903186628,
            40.76657903186628,
            40.76657903186628,
            40.76657903186628,
            0.0,
            24.44277982047155,
            48.86498239727559,
            63.08451081754517,
            63.08451081754517,
            75.44217561660419,
            75.44217561660427
        ],
        [
            44.99745381687639,
            40.76657903186638,
            40.76657903186624,
            40.766579031866215,
            40.76657903186625,
            40.76657903186637,
            40.76657903186628,
            40.76657903186628,
            40.766579031866186,
            40.766579031866186,
            40.76657903186627,
            40.76657903186628,
            40.76657903186628,
            40.76657903186628,
            40.76657903186618,
            40.76657903186618,
            40.76657903186618,
            40.76657903186618,
            40.76657903186618,
            40.766579031866186,
            40.76657903186628,
            40.76657903186628,
            40.76657903186628,
            40.76657903186627,
            40.76657903186627,
            40.76657903186627,
            40.76657903186627,
            24.44277982047155,
            0.0,
            48.86498239727558,
            63.084510817545166,
            63.084510817545166,
            75.44217561660417,
            75.44217561660426
        ],
        [
            48.86498239727561,
            48.86498239727561,
            48.864982397275476,
            48.86498239727545,
            48.86498239727548,
            48.864982397275604,
            48.86498239727551,
            48.86498239727551,
            48.86498239727542,
            48.86498239727542,
            48.864982397275504,
            48.86498239727551,
            48.86498239727551,
            48.86498239727551,
            48.86498239727541,
            48.86498239727541,
            48.86498239727541,
            48.86498239727541,
            48.86498239727541,
            48.86498239727542,
            48.86498239727551,
            48.86498239727551,
            48.86498239727551,
            48.864982397275504,
            48.864982397275504,
            48.864982397275504,
            48.864982397275504,
            48.86498239727559,
            48.86498239727558,
            0.0,
            63.084510817545194,
            63.084510817545194,
            75.4421756166042,
            75.44217561660429
        ],
        [
            63.084510817545194,
            63.084510817545194,
            63.08451081754506,
            63.08451081754503,
            63.084510817545066,
            63.08451081754519,
            63.084510817545095,
            63.084510817545095,
            63.084510817545,
            63.084510817545,
            63.08451081754509,
            63.084510817545095,
            63.084510817545095,
            63.084510817545095,
            63.084510817544995,
            63.084510817544995,
            63.084510817544995,
            63.084510817544995,
            63.084510817544995,
            63.084510817545,
            63.084510817545095,
            63.084510817545095,
            63.084510817545095,
            63.08451081754509,
            63.08451081754509,
            63.08451081754509,
            63.08451081754509,
            63.08451081754517,
            63.084510817545166,
            63.084510817545194,
            0.0,
            48.085490115271995,
            75.4421756166044,
            75.44217561660449
        ],
        [
            63.084510817545194,
            63.084510817545194,
            63.08451081754506,
            63.08451081754503,
            63.084510817545066,
            63.08451081754519,
            63.084510817545095,
            63.084510817545095,
            63.084510817545,
            63.084510817545,
            63.08451081754509,
            63.084510817545095,
            63.084510817545095,
            63.084510817545095,
            63.084510817544995,
            63.084510817544995,
            63.084510817544995,
            63.084510817544995,
            63.084510817544995,
            63.084510817545,
            63.084510817545095,
            63.084510817545095,
            63.084510817545095,
            63.08451081754509,
            63.08451081754509,
            63.08451081754509,
            63.08451081754509,
            63.08451081754517,
            63.084510817545166,
            63.084510817545194,
            48.085490115271995,
            0.0,
            75.4421756166044,
            75.44217561660449
        ],
        [
            75.4421756166042,
            75.4421756166042,
            75.44217561660408,
            75.44217561660405,
            75.44217561660409,
            75.4421756166042,
            75.44217561660412,
            75.44217561660412,
            75.44217561660402,
            75.44217561660402,
            75.4421756166041,
            75.44217561660412,
            75.44217561660412,
            75.44217561660412,
            75.442175616604,
            75.442175616604,
            75.442175616604,
            75.442175616604,
            75.442175616604,
            75.44217561660402,
            75.44217561660412,
            75.44217561660412,
            75.44217561660412,
            75.4421756166041,
            75.4421756166041,
            75.4421756166041,
            75.4421756166041,
            75.44217561660419,
            75.44217561660417,
            75.4421756166042,
            75.4421756166044,
            75.4421756166044,
            0.0,
            63.22627887524692
        ],
        [
            75.44217561660429,
            75.44217561660429,
            75.44217561660416,
            75.44217561660413,
            75.44217561660417,
            75.44217561660429,
            75.4421756166042,
            75.4421756166042,
            75.4421756166041,
            75.4421756166041,
            75.44217561660419,
            75.4421756166042,
            75.4421756166042,
            75.4421756166042,
            75.44217561660409,
            75.44217561660409,
            75.44217561660409,
            75.44217561660409,
            75.44217561660409,
            75.4421756166041,
            75.4421756166042,
            75.4421756166042,
            75.4421756166042,
            75.44217561660419,
            75.44217561660419,
            75.44217561660419,
            75.44217561660419,
            75.44217561660427,
            75.44217561660426,
            75.44217561660429,
            75.44217561660449,
            75.44217561660449,
            63.22627887524692,
            0.0
        ]
    ],
    "NODE_MAPPING": {
        "0": "1",
        "1": "2",
        "2": "3",
        "3": "4",
        "4": "5",
        "5": "6",
        "6": "7",
        "7": "8",
        "8": "9",
        "9": "10",
        "10": "11",
        "11": "12",
        "12": "13",
        "13": "14",
        "14": "15",
        "15": "16",
        "16": "17",
        "17": "18",
        "18": "19",
        "19": "20",
        "20": "21",
        "21": "22",
        "22": "23",
        "23": "24",
        "24": "25",
        "25": "26",
        "26": "27",
        "27": "28",
        "28": "29",
        "29": "30",
        "30": "31",
        "31": "32",
        "32": "33",
        "33": "34"
    }
}