{
    "NEXUS_FILE_URL": "http://purl.org/phylo/treebase/phylows/study/TB2:S14010",
    "NEWICK_TREE": "((1:0.02116900855303605,((2:0.016641984488750428,(3:0.017240791834880698,(4:0.012193465263970027,5:0.017135595856910046):1.047332781722865E-6):0.001674285206236692):0.03539218047256465,(6:0.04288784901670273,7:0.0366274925116814):0.05753026692701624):0.022711537523148806):0.4711617782584464,8:0.4711617782584463);",
    "DISTANCE_MATRIX": [
        [
            0.0,
            0.09591471103749993,
            0.0981878035898669,
            0.09314152435173795,
            0.09808365494467797,
            0.14429866201990382,
            0.1380383055148825,
            0.9634925650699288
        ],
        [
            0.09591471103749993,
            0.0,
            0.03555706152986782,
            0.03051078229173887,
            0.03545291288467889,
            0.15245228090503404,
            0.14619192440001272,
            1.0170692590013566
        ],
        [
            0.0981878035898669,
            0.03555706152986782,
            0.0,
            0.029435304431632447,
            0.03437743502457247,
            0.154725373457401,
            0.14846501695237968,
            1.0193423515537234
        ],
        [
            0.09314152435173795,
            0.03051078229173887,
            0.029435304431632447,
            0.0,
            0.029329061120880073,
            0.14967909421927206,
            0.14341873771425073,
            1.0142960723155947
        ],
        [
            0.09808365494467797,
            0.03545291288467889,
            0.03437743502457247,
            0.029329061120880073,
            0.0,
            0.15462122481221208,
            0.14836086830719075,
            1.0192382029085345
        ],
        [
            0.14429866201990382,
            0.15245228090503404,
            0.154725373457401,
            0.14967909421927206,
            0.15462122481221208,
            0.0,
            0.07951534152838413,
            1.0654532099837604
        ],
        [
            0.1380383055148825,
            0.14619192440001272,
            0.14846501695237968,
            0.14341873771425073,
            0.14836086830719075,
            0.07951534152838413,
            0.0,
            1.0591928534787391
        ],
        [
            0.9634925650699288,
            1.0170692590013566,
            1.0193423515537234,
            1.0142960723155947,
            1.0192382029085345,
            1.0654532099837604,
            1.0591928534787391,
            0.0
        ]
    ],
    "NODE_MAPPING": {
        "0": "1",
        "1": "2",
        "2": "3",
        "3": "4",
        "4": "5",
        "5": "6",
        "6": "7",
        "7": "8"
    }
}