{
    "NEXUS_FILE_URL": "http://purl.org/phylo/treebase/phylows/study/TB2:S13867",
    "NEWICK_TREE": "(42:0.059925,(18:0.043081,29:0.06688):0.013734,(((1:0.005113,(2:0.003002,3:0.006596):0.001817):0.022806,(((((5:2.8E-4,6:2.85E-4):0.014809,((23:0.002984,24:7.61E-4):0.002035,22:0.003987):0.004325):0.021789,((((7:2.87E-4,13:2.78E-4):0.00579,10:0.005685):0.002361,((8:0.001773,11:0.001791,12:0.002638):0.001174,9:0.002651):0.008915):0.023744,((((14:6.33E-4,16:6.16E-4):0.002015,15:0.001797):0.009107,(30:0.001106,31:5.58E-4):0.015026):0.012241,(((27:0.001773,28:0.002714):0.009502,(((32:2.77E-4,33:2.63E-4,34:2.78E-4):0.00115,(35:8.22E-4,36:0.001097):8.17E-4):0.001535,((37:0.001128,39:0.001378):0.002361,40:0.002409):0.001962):9.12E-4):6.51E-4,38:0.00405,41:0.003681):0.026203):0.001068):6.88E-4):0.004774,(25:5.69E-4,26:8.58E-4):0.01438):7.59E-4,(20:0.026035,21:0.008598):0.016164):0.00962):0.005138,((4:0.021934,19:0.023455):0.005187,17:0.03753):0.014345):0.003196);",
    "DISTANCE_MATRIX": [
        [
            0,
            0.11674000000000001,
            0.140539,
            0.096178,
            0.095884,
            0.099478,
            0.12029000000000001,
            0.120295,
            0.11454500000000001,
            0.112322,
            0.113513,
            0.11628200000000001,
            0.116273,
            0.11589,
            0.119706,
            0.11972400000000001,
            0.12057100000000001,
            0.11941,
            0.109164,
            0.10914700000000001,
            0.10831299999999999,
            0.113541,
            0.112993,
            0.12329700000000002,
            0.12423800000000002,
            0.115896,
            0.11588200000000001,
            0.115897,
            0.116108,
            0.116383,
            0.118385,
            0.118635,
            0.117305,
            0.11542100000000001,
            0.115052,
            0.093587,
            0.093876,
            0.120078,
            0.102641,
            0.104587,
            0.106108,
            0.114996
        ],
        [
            0.11674000000000001,
            0,
            0.109961,
            0.09306800000000001,
            0.092774,
            0.09636800000000001,
            0.11718,
            0.11718500000000001,
            0.111435,
            0.109212,
            0.110403,
            0.11317200000000002,
            0.11316300000000001,
            0.11278000000000002,
            0.116596,
            0.11661400000000002,
            0.11746100000000001,
            0.11630000000000001,
            0.10605400000000001,
            0.10603700000000002,
            0.10520299999999999,
            0.110431,
            0.10988300000000001,
            0.12018700000000002,
            0.12112800000000001,
            0.112786,
            0.11277200000000001,
            0.112787,
            0.11299800000000002,
            0.11327300000000001,
            0.11527500000000002,
            0.11552500000000002,
            0.11419500000000002,
            0.11231100000000002,
            0.11194200000000001,
            0.090477,
            0.09076600000000001,
            0.11696800000000002,
            0.09953100000000001,
            0.10147700000000001,
            0.102998,
            0.11188600000000001
        ],
        [
            0.140539,
            0.109961,
            0,
            0.116867,
            0.11657299999999998,
            0.120167,
            0.140979,
            0.140984,
            0.135234,
            0.133011,
            0.134202,
            0.136971,
            0.136962,
            0.136579,
            0.140395,
            0.140413,
            0.14126,
            0.140099,
            0.129853,
            0.129836,
            0.12900199999999998,
            0.13423,
            0.133682,
            0.143986,
            0.144927,
            0.13658499999999998,
            0.136571,
            0.13658599999999999,
            0.136797,
            0.137072,
            0.139074,
            0.139324,
            0.137994,
            0.13611,
            0.135741,
            0.11427599999999999,
            0.114565,
            0.140767,
            0.12333,
            0.125276,
            0.126797,
            0.135685
        ],
        [
            0.096178,
            0.09306800000000001,
            0.116867,
            0,
            0.009932,
            0.013526,
            0.07995000000000001,
            0.079955,
            0.07420500000000001,
            0.071982,
            0.073173,
            0.07594200000000001,
            0.075933,
            0.07555,
            0.079366,
            0.07938400000000001,
            0.08023100000000001,
            0.07907,
            0.068824,
            0.06880700000000001,
            0.067973,
            0.073201,
            0.072653,
            0.082957,
            0.083898,
            0.075556,
            0.07554200000000001,
            0.075557,
            0.075768,
            0.076043,
            0.078045,
            0.078295,
            0.076965,
            0.07508100000000001,
            0.074712,
            0.053247,
            0.053536,
            0.079738,
            0.062300999999999995,
            0.074523,
            0.076044,
            0.08493200000000001
        ],
        [
            0.095884,
            0.092774,
            0.11657299999999998,
            0.009932,
            0,
            0.009598,
            0.079656,
            0.079661,
            0.073911,
            0.071688,
            0.072879,
            0.075648,
            0.075639,
            0.075256,
            0.079072,
            0.07909000000000001,
            0.07993700000000001,
            0.078776,
            0.06853,
            0.068513,
            0.067679,
            0.072907,
            0.07235899999999999,
            0.082663,
            0.083604,
            0.075262,
            0.07524800000000001,
            0.075263,
            0.075474,
            0.075749,
            0.077751,
            0.078001,
            0.076671,
            0.074787,
            0.074418,
            0.052953,
            0.053242,
            0.079444,
            0.06200699999999999,
            0.074229,
            0.07575,
            0.084638
        ],
        [
            0.099478,
            0.09636800000000001,
            0.120167,
            0.013526,
            0.009598,
            0,
            0.08325,
            0.083255,
            0.077505,
            0.075282,
            0.076473,
            0.079242,
            0.079233,
            0.07885,
            0.082666,
            0.08268400000000001,
            0.08353100000000001,
            0.08237,
            0.072124,
            0.072107,
            0.071273,
            0.076501,
            0.07595299999999999,
            0.086257,
            0.087198,
            0.078856,
            0.07884200000000001,
            0.078857,
            0.079068,
            0.079343,
            0.081345,
            0.081595,
            0.080265,
            0.078381,
            0.078012,
            0.056547,
            0.056836,
            0.083038,
            0.06560099999999999,
            0.077823,
            0.079344,
            0.088232
        ],
        [
            0.12029000000000001,
            0.11718,
            0.140979,
            0.07995000000000001,
            0.079656,
            0.08325,
            0,
            0.000565,
            0.024433,
            0.02221,
            0.023400999999999998,
            0.069748,
            0.069739,
            0.069356,
            0.073172,
            0.07319,
            0.074037,
            0.072876,
            0.06263,
            0.062613,
            0.061779,
            0.06700700000000001,
            0.066459,
            0.076763,
            0.077704,
            0.06936200000000001,
            0.069348,
            0.06936300000000001,
            0.069574,
            0.069849,
            0.071851,
            0.072101,
            0.070771,
            0.068887,
            0.068518,
            0.056601,
            0.05689,
            0.08461,
            0.06717300000000001,
            0.09863500000000001,
            0.10015600000000001,
            0.10904400000000002
        ],
        [
            0.120295,
            0.11718500000000001,
            0.140984,
            0.079955,
            0.079661,
            0.083255,
            0.000565,
            0,
            0.024438,
            0.022215,
            0.023406,
            0.06975300000000001,
            0.069744,
            0.069361,
            0.07317699999999999,
            0.07319500000000001,
            0.074042,
            0.072881,
            0.062635,
            0.06261800000000001,
            0.061784,
            0.067012,
            0.066464,
            0.076768,
            0.077709,
            0.069367,
            0.069353,
            0.069368,
            0.069579,
            0.069854,
            0.071856,
            0.072106,
            0.070776,
            0.06889200000000001,
            0.068523,
            0.056606000000000004,
            0.056895,
            0.084615,
            0.067178,
            0.09864,
            0.100161,
            0.10904900000000001
        ],
        [
            0.11454500000000001,
            0.111435,
            0.135234,
            0.07420500000000001,
            0.073911,
            0.077505,
            0.024433,
            0.024438,
            0,
            0.003745,
            0.009006,
            0.064003,
            0.063994,
            0.063611,
            0.067427,
            0.067445,
            0.068292,
            0.067131,
            0.056885000000000005,
            0.056868,
            0.056034,
            0.061262000000000004,
            0.060714000000000004,
            0.071018,
            0.071959,
            0.063617,
            0.063603,
            0.06361800000000001,
            0.063829,
            0.064104,
            0.066106,
            0.066356,
            0.065026,
            0.063142,
            0.062773,
            0.050856,
            0.051145,
            0.078865,
            0.061428,
            0.09289000000000001,
            0.09441100000000001,
            0.10329900000000002
        ],
        [
            0.112322,
            0.109212,
            0.133011,
            0.071982,
            0.071688,
            0.075282,
            0.02221,
            0.022215,
            0.003745,
            0,
            0.006783,
            0.06178,
            0.061771,
            0.061388,
            0.065204,
            0.065222,
            0.066069,
            0.064908,
            0.054662,
            0.054645,
            0.053811,
            0.059039,
            0.058491,
            0.068795,
            0.06973599999999999,
            0.061394,
            0.061380000000000004,
            0.061395,
            0.061606,
            0.061881,
            0.063883,
            0.064133,
            0.062803,
            0.060919,
            0.06055,
            0.048632999999999996,
            0.048922,
            0.076642,
            0.059205,
            0.09066700000000001,
            0.092188,
            0.10107600000000001
        ],
        [
            0.113513,
            0.110403,
            0.134202,
            0.073173,
            0.072879,
            0.076473,
            0.023400999999999998,
            0.023406,
            0.009006,
            0.006783,
            0,
            0.062971,
            0.062962,
            0.062579,
            0.066395,
            0.066413,
            0.06726,
            0.066099,
            0.055853,
            0.055836,
            0.055001999999999995,
            0.060230000000000006,
            0.059682,
            0.069986,
            0.070927,
            0.062585,
            0.062571,
            0.062586,
            0.062797,
            0.063072,
            0.065074,
            0.06532400000000001,
            0.063994,
            0.06211,
            0.061741000000000004,
            0.04982399999999999,
            0.050113,
            0.077833,
            0.060396,
            0.09185800000000001,
            0.093379,
            0.10226700000000001
        ],
        [
            0.11628200000000001,
            0.11317200000000002,
            0.136971,
            0.07594200000000001,
            0.075648,
            0.079242,
            0.069748,
            0.06975300000000001,
            0.064003,
            0.06178,
            0.062971,
            0,
            0.000565,
            0.011762,
            0.0203,
            0.020317999999999996,
            0.021164999999999996,
            0.020004,
            0.057246000000000005,
            0.057229,
            0.056395,
            0.061623000000000004,
            0.061075000000000004,
            0.071379,
            0.07232,
            0.06397800000000001,
            0.06396400000000001,
            0.06397900000000001,
            0.06419,
            0.064465,
            0.066467,
            0.066717,
            0.065387,
            0.063503,
            0.063134,
            0.052593,
            0.052882000000000005,
            0.08060200000000001,
            0.063165,
            0.09462700000000002,
            0.09614800000000001,
            0.10503600000000002
        ],
        [
            0.116273,
            0.11316300000000001,
            0.136962,
            0.075933,
            0.075639,
            0.079233,
            0.069739,
            0.069744,
            0.063994,
            0.061771,
            0.062962,
            0.000565,
            0,
            0.011753,
            0.020290999999999997,
            0.020308999999999997,
            0.021155999999999998,
            0.019995,
            0.057236999999999996,
            0.05722,
            0.056386,
            0.061614,
            0.061065999999999995,
            0.07137,
            0.072311,
            0.063969,
            0.06395500000000001,
            0.06397,
            0.064181,
            0.064456,
            0.066458,
            0.066708,
            0.06537799999999999,
            0.063494,
            0.063125,
            0.052584000000000006,
            0.052873,
            0.080593,
            0.063156,
            0.09461800000000001,
            0.096139,
            0.10502700000000001
        ],
        [
            0.11589,
            0.11278000000000002,
            0.136579,
            0.07555,
            0.075256,
            0.07885,
            0.069356,
            0.069361,
            0.063611,
            0.061388,
            0.062579,
            0.011762,
            0.011753,
            0,
            0.019908,
            0.019926,
            0.020773,
            0.019611999999999997,
            0.056854,
            0.056837,
            0.056003,
            0.061231,
            0.060683,
            0.070987,
            0.07192799999999999,
            0.063586,
            0.063572,
            0.063587,
            0.063798,
            0.06407299999999999,
            0.066075,
            0.066325,
            0.064995,
            0.063111,
            0.06274199999999999,
            0.052201,
            0.05249,
            0.08021,
            0.062773,
            0.09423500000000001,
            0.09575600000000001,
            0.10464400000000001
        ],
        [
            0.119706,
            0.116596,
            0.140395,
            0.079366,
            0.079072,
            0.082666,
            0.073172,
            0.07317699999999999,
            0.067427,
            0.065204,
            0.066395,
            0.0203,
            0.020290999999999997,
            0.019908,
            0,
            0.0035640000000000003,
            0.004411,
            0.0055980000000000005,
            0.06067,
            0.060653,
            0.059819,
            0.065047,
            0.064499,
            0.07480300000000001,
            0.075744,
            0.06740199999999999,
            0.067388,
            0.06740299999999999,
            0.06761400000000001,
            0.067889,
            0.06989100000000001,
            0.07014100000000001,
            0.068811,
            0.066927,
            0.066558,
            0.056017,
            0.056306,
            0.084026,
            0.06658900000000001,
            0.09805100000000001,
            0.09957200000000001,
            0.10846000000000001
        ],
        [
            0.11972400000000001,
            0.11661400000000002,
            0.140413,
            0.07938400000000001,
            0.07909000000000001,
            0.08268400000000001,
            0.07319,
            0.07319500000000001,
            0.067445,
            0.065222,
            0.066413,
            0.020317999999999996,
            0.020308999999999997,
            0.019926,
            0.0035640000000000003,
            0,
            0.004429000000000001,
            0.0056159999999999995,
            0.060688000000000006,
            0.060671,
            0.059837,
            0.06506500000000001,
            0.064517,
            0.074821,
            0.075762,
            0.06742000000000001,
            0.06740600000000001,
            0.06742100000000001,
            0.067632,
            0.067907,
            0.069909,
            0.070159,
            0.068829,
            0.066945,
            0.066576,
            0.056035,
            0.056324000000000006,
            0.08404400000000001,
            0.066607,
            0.09806900000000002,
            0.09959000000000001,
            0.10847800000000002
        ],
        [
            0.12057100000000001,
            0.11746100000000001,
            0.14126,
            0.08023100000000001,
            0.07993700000000001,
            0.08353100000000001,
            0.074037,
            0.074042,
            0.068292,
            0.066069,
            0.06726,
            0.021164999999999996,
            0.021155999999999998,
            0.020773,
            0.004411,
            0.004429000000000001,
            0,
            0.006463,
            0.061535000000000006,
            0.061518,
            0.060684,
            0.065912,
            0.065364,
            0.07566800000000001,
            0.07660900000000001,
            0.068267,
            0.06825300000000001,
            0.068268,
            0.06847900000000001,
            0.06875400000000001,
            0.07075600000000001,
            0.07100600000000001,
            0.069676,
            0.067792,
            0.06742300000000001,
            0.056882,
            0.05717100000000001,
            0.08489100000000001,
            0.06745400000000001,
            0.09891600000000002,
            0.10043700000000001,
            0.10932500000000002
        ],
        [
            0.11941,
            0.11630000000000001,
            0.140099,
            0.07907,
            0.078776,
            0.08237,
            0.072876,
            0.072881,
            0.067131,
            0.064908,
            0.066099,
            0.020004,
            0.019995,
            0.019611999999999997,
            0.0055980000000000005,
            0.0056159999999999995,
            0.006463,
            0,
            0.060374,
            0.060357,
            0.059523,
            0.064751,
            0.064203,
            0.074507,
            0.075448,
            0.067106,
            0.06709200000000001,
            0.067107,
            0.067318,
            0.067593,
            0.069595,
            0.069845,
            0.06851499999999999,
            0.066631,
            0.066262,
            0.05572100000000001,
            0.056010000000000004,
            0.08373,
            0.066293,
            0.09775500000000001,
            0.099276,
            0.10816400000000001
        ],
        [
            0.109164,
            0.10605400000000001,
            0.129853,
            0.068824,
            0.06853,
            0.072124,
            0.06263,
            0.062635,
            0.056885000000000005,
            0.054662,
            0.055853,
            0.057246000000000005,
            0.057236999999999996,
            0.056854,
            0.06067,
            0.060688000000000006,
            0.061535000000000006,
            0.060374,
            0,
            0.0012490000000000001,
            0.004444999999999999,
            0.027887000000000002,
            0.027339,
            0.062125,
            0.063066,
            0.054723999999999995,
            0.05471,
            0.054724999999999996,
            0.054936,
            0.055210999999999996,
            0.057213,
            0.057463,
            0.056133,
            0.054249000000000006,
            0.05388,
            0.045475,
            0.045764,
            0.073484,
            0.056047,
            0.087509,
            0.08903,
            0.097918
        ],
        [
            0.10914700000000001,
            0.10603700000000002,
            0.129836,
            0.06880700000000001,
            0.068513,
            0.072107,
            0.062613,
            0.06261800000000001,
            0.056868,
            0.054645,
            0.055836,
            0.057229,
            0.05722,
            0.056837,
            0.060653,
            0.060671,
            0.061518,
            0.060357,
            0.0012490000000000001,
            0,
            0.004428,
            0.02787,
            0.027322,
            0.062108000000000003,
            0.063049,
            0.054707,
            0.054693000000000006,
            0.054708,
            0.054918999999999996,
            0.055194,
            0.057196000000000004,
            0.057446000000000004,
            0.056116,
            0.054232,
            0.053863,
            0.045458,
            0.045747,
            0.073467,
            0.05603,
            0.08749200000000001,
            0.08901300000000001,
            0.09790100000000002
        ],
        [
            0.10831299999999999,
            0.10520299999999999,
            0.12900199999999998,
            0.067973,
            0.067679,
            0.071273,
            0.061779,
            0.061784,
            0.056034,
            0.053811,
            0.055001999999999995,
            0.056395,
            0.056386,
            0.056003,
            0.059819,
            0.059837,
            0.060684,
            0.059523,
            0.004444999999999999,
            0.004428,
            0,
            0.027036,
            0.026487999999999998,
            0.061274,
            0.062215,
            0.053873,
            0.053859000000000004,
            0.053874,
            0.054084999999999994,
            0.05436,
            0.056362,
            0.056612,
            0.055282,
            0.053398,
            0.053029,
            0.044624,
            0.044913,
            0.072633,
            0.055195999999999995,
            0.086658,
            0.088179,
            0.097067
        ],
        [
            0.113541,
            0.110431,
            0.13423,
            0.073201,
            0.072907,
            0.076501,
            0.06700700000000001,
            0.067012,
            0.061262000000000004,
            0.059039,
            0.060230000000000006,
            0.061623000000000004,
            0.061614,
            0.061231,
            0.065047,
            0.06506500000000001,
            0.065912,
            0.064751,
            0.027887000000000002,
            0.02787,
            0.027036,
            0,
            0.0016640000000000001,
            0.066502,
            0.067443,
            0.059101,
            0.059087,
            0.059102,
            0.059313000000000005,
            0.059588,
            0.061590000000000006,
            0.061840000000000006,
            0.06051,
            0.058626000000000004,
            0.058257,
            0.04985200000000001,
            0.050141000000000005,
            0.07786100000000001,
            0.060424000000000005,
            0.09188600000000001,
            0.093407,
            0.10229500000000001
        ],
        [
            0.112993,
            0.10988300000000001,
            0.133682,
            0.072653,
            0.07235899999999999,
            0.07595299999999999,
            0.066459,
            0.066464,
            0.060714000000000004,
            0.058491,
            0.059682,
            0.061075000000000004,
            0.061065999999999995,
            0.060683,
            0.064499,
            0.064517,
            0.065364,
            0.064203,
            0.027339,
            0.027322,
            0.026487999999999998,
            0.0016640000000000001,
            0,
            0.065954,
            0.066895,
            0.058552999999999994,
            0.058539,
            0.058553999999999995,
            0.058765,
            0.059039999999999995,
            0.061042,
            0.061292,
            0.059962,
            0.058078000000000005,
            0.057708999999999996,
            0.049304,
            0.049593,
            0.07731299999999999,
            0.059876,
            0.091338,
            0.092859,
            0.101747
        ],
        [
            0.12329700000000002,
            0.12018700000000002,
            0.143986,
            0.082957,
            0.082663,
            0.086257,
            0.076763,
            0.076768,
            0.071018,
            0.068795,
            0.069986,
            0.071379,
            0.07137,
            0.070987,
            0.07480300000000001,
            0.074821,
            0.07566800000000001,
            0.074507,
            0.062125,
            0.062108000000000003,
            0.061274,
            0.066502,
            0.065954,
            0,
            0.004487,
            0.015149,
            0.015135000000000001,
            0.01515,
            0.015361,
            0.015636,
            0.017638,
            0.017888,
            0.016558,
            0.015976,
            0.015607000000000001,
            0.05960800000000001,
            0.059897000000000006,
            0.087617,
            0.07018,
            0.10164200000000001,
            0.103163,
            0.11205100000000001
        ],
        [
            0.12423800000000002,
            0.12112800000000001,
            0.144927,
            0.083898,
            0.083604,
            0.087198,
            0.077704,
            0.077709,
            0.071959,
            0.06973599999999999,
            0.070927,
            0.07232,
            0.072311,
            0.07192799999999999,
            0.075744,
            0.075762,
            0.07660900000000001,
            0.075448,
            0.063066,
            0.063049,
            0.062215,
            0.067443,
            0.066895,
            0.004487,
            0,
            0.01609,
            0.016076,
            0.016091,
            0.016301999999999997,
            0.016577,
            0.018579,
            0.018829,
            0.017499,
            0.016917,
            0.016548,
            0.060549000000000006,
            0.060838,
            0.088558,
            0.071121,
            0.10258300000000001,
            0.104104,
            0.11299200000000001
        ],
        [
            0.115896,
            0.112786,
            0.13658499999999998,
            0.075556,
            0.075262,
            0.078856,
            0.06936200000000001,
            0.069367,
            0.063617,
            0.061394,
            0.062585,
            0.06397800000000001,
            0.063969,
            0.063586,
            0.06740199999999999,
            0.06742000000000001,
            0.068267,
            0.067106,
            0.054723999999999995,
            0.054707,
            0.053873,
            0.059101,
            0.058552999999999994,
            0.015149,
            0.01609,
            0,
            0.00054,
            0.0005549999999999999,
            0.003066,
            0.0033410000000000002,
            0.008413,
            0.008663,
            0.007332999999999999,
            0.008575,
            0.008206,
            0.052207,
            0.052496,
            0.08021600000000001,
            0.062779,
            0.094241,
            0.095762,
            0.10465
        ],
        [
            0.11588200000000001,
            0.11277200000000001,
            0.136571,
            0.07554200000000001,
            0.07524800000000001,
            0.07884200000000001,
            0.069348,
            0.069353,
            0.063603,
            0.061380000000000004,
            0.062571,
            0.06396400000000001,
            0.06395500000000001,
            0.063572,
            0.067388,
            0.06740600000000001,
            0.06825300000000001,
            0.06709200000000001,
            0.05471,
            0.054693000000000006,
            0.053859000000000004,
            0.059087,
            0.058539,
            0.015135000000000001,
            0.016076,
            0.00054,
            0,
            0.000541,
            0.003052,
            0.003327,
            0.008399,
            0.008649,
            0.007319,
            0.008561,
            0.008192,
            0.052193,
            0.05248200000000001,
            0.08020200000000001,
            0.06276500000000002,
            0.09422700000000002,
            0.09574800000000001,
            0.10463600000000002
        ],
        [
            0.115897,
            0.112787,
            0.13658599999999999,
            0.075557,
            0.075263,
            0.078857,
            0.06936300000000001,
            0.069368,
            0.06361800000000001,
            0.061395,
            0.062586,
            0.06397900000000001,
            0.06397,
            0.063587,
            0.06740299999999999,
            0.06742100000000001,
            0.068268,
            0.067107,
            0.054724999999999996,
            0.054708,
            0.053874,
            0.059102,
            0.058553999999999995,
            0.01515,
            0.016091,
            0.0005549999999999999,
            0.000541,
            0,
            0.0030670000000000003,
            0.0033420000000000004,
            0.008414,
            0.008664,
            0.007334,
            0.008576,
            0.008206999999999999,
            0.052208000000000004,
            0.052497,
            0.08021700000000001,
            0.06278,
            0.094242,
            0.095763,
            0.10465100000000001
        ],
        [
            0.116108,
            0.11299800000000002,
            0.136797,
            0.075768,
            0.075474,
            0.079068,
            0.069574,
            0.069579,
            0.063829,
            0.061606,
            0.062797,
            0.06419,
            0.064181,
            0.063798,
            0.06761400000000001,
            0.067632,
            0.06847900000000001,
            0.067318,
            0.054936,
            0.054918999999999996,
            0.054084999999999994,
            0.059313000000000005,
            0.058765,
            0.015361,
            0.016301999999999997,
            0.003066,
            0.003052,
            0.0030670000000000003,
            0,
            0.0019190000000000001,
            0.008625,
            0.008875000000000001,
            0.007545,
            0.008787,
            0.008417999999999998,
            0.05241900000000001,
            0.052708000000000005,
            0.080428,
            0.062991,
            0.09445300000000001,
            0.095974,
            0.10486200000000001
        ],
        [
            0.116383,
            0.11327300000000001,
            0.137072,
            0.076043,
            0.075749,
            0.079343,
            0.069849,
            0.069854,
            0.064104,
            0.061881,
            0.063072,
            0.064465,
            0.064456,
            0.06407299999999999,
            0.067889,
            0.067907,
            0.06875400000000001,
            0.067593,
            0.055210999999999996,
            0.055194,
            0.05436,
            0.059588,
            0.059039999999999995,
            0.015636,
            0.016577,
            0.0033410000000000002,
            0.003327,
            0.0033420000000000004,
            0.0019190000000000001,
            0,
            0.0089,
            0.00915,
            0.00782,
            0.009062,
            0.008693,
            0.052694000000000005,
            0.052983,
            0.080703,
            0.063266,
            0.094728,
            0.096249,
            0.10513700000000001
        ],
        [
            0.118385,
            0.11527500000000002,
            0.139074,
            0.078045,
            0.077751,
            0.081345,
            0.071851,
            0.071856,
            0.066106,
            0.063883,
            0.065074,
            0.066467,
            0.066458,
            0.066075,
            0.06989100000000001,
            0.069909,
            0.07075600000000001,
            0.069595,
            0.057213,
            0.057196000000000004,
            0.056362,
            0.061590000000000006,
            0.061042,
            0.017638,
            0.018579,
            0.008413,
            0.008399,
            0.008414,
            0.008625,
            0.0089,
            0,
            0.0025060000000000004,
            0.0058980000000000005,
            0.011064000000000001,
            0.010695,
            0.05469600000000001,
            0.054985000000000006,
            0.082705,
            0.065268,
            0.09673000000000001,
            0.098251,
            0.10713900000000001
        ],
        [
            0.118635,
            0.11552500000000002,
            0.139324,
            0.078295,
            0.078001,
            0.081595,
            0.072101,
            0.072106,
            0.066356,
            0.064133,
            0.06532400000000001,
            0.066717,
            0.066708,
            0.066325,
            0.07014100000000001,
            0.070159,
            0.07100600000000001,
            0.069845,
            0.057463,
            0.057446000000000004,
            0.056612,
            0.061840000000000006,
            0.061292,
            0.017888,
            0.018829,
            0.008663,
            0.008649,
            0.008664,
            0.008875000000000001,
            0.00915,
            0.0025060000000000004,
            0,
            0.006148000000000001,
            0.011314000000000001,
            0.010945,
            0.05494600000000001,
            0.055235000000000006,
            0.082955,
            0.065518,
            0.09698000000000001,
            0.098501,
            0.10738900000000001
        ],
        [
            0.117305,
            0.11419500000000002,
            0.137994,
            0.076965,
            0.076671,
            0.080265,
            0.070771,
            0.070776,
            0.065026,
            0.062803,
            0.063994,
            0.065387,
            0.06537799999999999,
            0.064995,
            0.068811,
            0.068829,
            0.069676,
            0.06851499999999999,
            0.056133,
            0.056116,
            0.055282,
            0.06051,
            0.059962,
            0.016558,
            0.017499,
            0.007332999999999999,
            0.007319,
            0.007334,
            0.007545,
            0.00782,
            0.0058980000000000005,
            0.006148000000000001,
            0,
            0.009984,
            0.009614999999999999,
            0.053616,
            0.053905,
            0.081625,
            0.064188,
            0.09565000000000001,
            0.09717100000000001,
            0.10605900000000001
        ],
        [
            0.11542100000000001,
            0.11231100000000002,
            0.13611,
            0.07508100000000001,
            0.074787,
            0.078381,
            0.068887,
            0.06889200000000001,
            0.063142,
            0.060919,
            0.06211,
            0.063503,
            0.063494,
            0.063111,
            0.066927,
            0.066945,
            0.067792,
            0.066631,
            0.054249000000000006,
            0.054232,
            0.053398,
            0.058626000000000004,
            0.058078000000000005,
            0.015976,
            0.016917,
            0.008575,
            0.008561,
            0.008576,
            0.008787,
            0.009062,
            0.011064000000000001,
            0.011314000000000001,
            0.009984,
            0,
            0.007731,
            0.051732,
            0.052021000000000005,
            0.079741,
            0.062304000000000005,
            0.09376600000000002,
            0.09528700000000001,
            0.10417500000000002
        ],
        [
            0.115052,
            0.11194200000000001,
            0.135741,
            0.074712,
            0.074418,
            0.078012,
            0.068518,
            0.068523,
            0.062773,
            0.06055,
            0.061741000000000004,
            0.063134,
            0.063125,
            0.06274199999999999,
            0.066558,
            0.066576,
            0.06742300000000001,
            0.066262,
            0.05388,
            0.053863,
            0.053029,
            0.058257,
            0.057708999999999996,
            0.015607000000000001,
            0.016548,
            0.008206,
            0.008192,
            0.008206999999999999,
            0.008417999999999998,
            0.008693,
            0.010695,
            0.010945,
            0.009614999999999999,
            0.007731,
            0,
            0.051363000000000006,
            0.051652,
            0.079372,
            0.061935000000000004,
            0.09339700000000001,
            0.094918,
            0.10380600000000001
        ],
        [
            0.093587,
            0.090477,
            0.11427599999999999,
            0.053247,
            0.052953,
            0.056547,
            0.056601,
            0.056606000000000004,
            0.050856,
            0.048632999999999996,
            0.04982399999999999,
            0.052593,
            0.052584000000000006,
            0.052201,
            0.056017,
            0.056035,
            0.056882,
            0.05572100000000001,
            0.045475,
            0.045458,
            0.044624,
            0.04985200000000001,
            0.049304,
            0.05960800000000001,
            0.060549000000000006,
            0.052207,
            0.052193,
            0.052208000000000004,
            0.05241900000000001,
            0.052694000000000005,
            0.05469600000000001,
            0.05494600000000001,
            0.053616,
            0.051732,
            0.051363000000000006,
            0,
            0.0014269999999999999,
            0.057907,
            0.04047,
            0.071932,
            0.07345299999999999,
            0.082341
        ],
        [
            0.093876,
            0.09076600000000001,
            0.114565,
            0.053536,
            0.053242,
            0.056836,
            0.05689,
            0.056895,
            0.051145,
