{
    "NEXUS_FILE_URL": "http://purl.org/phylo/treebase/phylows/study/TB2:S12679",
    "NEWICK_TREE": "((2:0.0016492322096730294,1:8.03703135778433E-4):0.03503144650845445,(((5:1.703573162051275E-6,(3:3.754866352833758E-4,4:7.542073522906062E-4):3.774138156894674E-4):0.018477965848481437,((50:1.703573162051275E-6,(52:1.703573162051275E-6,41:2.9990891652990903E-4):2.942294536265322E-4):5.507983158292706E-6,((42:6.049767421694441E-4,((44:6.009718322480956E-4,43:1.703573162051275E-6):0.0018079082985944378,(40:9.022848396078725E-4,39:6.800748117238575E-4):2.992173819143795E-4):1.703573162051275E-6):3.000355678504235E-4,(46:1.703573162051275E-6,(((45:0.0015890750743989546,34:5.973028383977758E-4):1.703573162051275E-6,(53:1.703573162051275E-6,(51:0.0033240862253816894,48:3.36225860120401E-4):5.891785818668005E-6):1.703573162051275E-6):1.703573162051275E-6,((49:8.838948003270647E-4,(38:5.989947550850555E-4,37:1.703573162051275E-6):1.703573162051275E-6):1.703573162051275E-6,(35:1.703573162051275E-6,(36:3.6778256166423995E-4,47:1.703573162051275E-6):1.703573162051275E-6):1.703573162051275E-6):1.703573162051275E-6):1.703573162051275E-6):1.703573162051275E-6):1.703573162051275E-6):0.03928517399127665):0.0064619639571973225,(((7:1.703573162051275E-6,(8:1.703573162051275E-6,(9:1.703573162051275E-6,6:1.703573162051275E-6):1.703573162051275E-6):1.703573162051275E-6):0.01721456583354658,(17:1.703573162051275E-6,((16:1.703573162051275E-6,18:8.429224397504126E-4):4.5402923974466325E-5,((19:1.703573162051275E-6,10:1.703573162051275E-6):0.001382630008678401,(11:0.0010873632401414285,(14:0.0013642140703999522,(13:9.251069098496212E-4,(12:1.703573162051275E-6,15:1.703573162051275E-6):5.625088910073128E-4):4.470799115225965E-4):3.424687785188868E-4):8.803773665954084E-4):1.703573162051275E-6):1.703573162051275E-6):0.01863267737992942):0.014302815334017116,(25:0.002349257873221558,(21:1.703573162051275E-6,(20:0.0015124506690311068,((33:0.004474653100587575,32:6.187621381853886E-4):4.5109240588037114E-5,(26:0.003152609687838953,(23:3.0193879559226033E-4,(24:3.15744708071497E-4,(22:1.703573162051275E-6,((28:1.703573162051275E-6,29:1.703573162051275E-6):3.1138565201171975E-4,(27:6.261296771113006E-4,(30:1.703573162051275E-6,31:0.0014415991301949121):1.703573162051275E-6):3.136770325309207E-4):3.1336782103724703E-4):0.0012118205842708424):3.016715021654931E-4):1.703573162051275E-6):8.176078083606819E-4):8.196783543968494E-4):0.0041589658907284915):0.002842464482407381):0.019733113226478693):0.0025432223179096547):0.03503144650845445);",
    "DISTANCE_MATRIX": [
        [
            0,
            0.0024529353454514624,
            0.09665375860542275,
            0.09740495548323354,
            0.09778367620024077,
            0.11746647473137625,
            0.11776070418500278,
            0.11805890952837064,
            0.11836597905823783,
            0.12017158602007297,
            0.11957231776098692,
            0.11896420811075269,
            0.11874199808286867,
            0.11746437389454206,
            0.11905685611526512,
            0.11806508387926394,
            0.11746948461402822,
            0.12079775905206652,
            0.11780989868680523,
            0.11835167584119323,
            0.11806847936911327,
            0.11747118818719027,
            0.11746948461402822,
            0.11783726717569246,
            0.11747118818719027,
            0.10577443228521734,
            0.10577613585837939,
            0.10577783943154144,
            0.10577783943154144,
            0.10719254383160018,
            0.1072396503287367,
            0.10808086919532506,
            0.10857858098660268,
            0.10857858098660268,
            0.10916198801149907,
            0.10978130762027648,
            0.10978928037124874,
            0.10942838592556849,
            0.10942838592556849,
            0.09633771864419184,
            0.09683262882653972,
            0.10250234181313726,
            0.10632933183967862,
            0.10247344087727643,
            0.10577978699470264,
            0.102930819675618,
            0.10324629709026273,
            0.10414407653962413,
            0.10476883001267309,
            0.10476883001267309,
            0.10539554749714154,
            0.10477282496635434,
            0.1062127205233872
        ],
        [
            0.0024529353454514624,
            0,
            0.09580822953152815,
            0.09655942640933894,
            0.09693814712634617,
            0.11662094565748166,
            0.11691517511110819,
            0.11721338045447605,
            0.11752044998434323,
            0.11932605694617837,
            0.11872678868709233,
            0.11811867903685809,
            0.11789646900897408,
            0.11661884482064747,
            0.11821132704137052,
            0.11721955480536934,
            0.11662395554013362,
            0.11995222997817193,
            0.11696436961291064,
            0.11750614676729863,
            0.11722295029521868,
            0.11662565911329567,
            0.11662395554013362,
            0.11699173810179786,
            0.11662565911329567,
            0.10492890321132274,
            0.10493060678448479,
            0.10493231035764684,
            0.10493231035764684,
            0.10634701475770558,
            0.1063941212548421,
            0.10723534012143046,
            0.10773305191270809,
            0.10773305191270809,
            0.10831645893760447,
            0.10893577854638188,
            0.10894375129735415,
            0.10858285685167389,
            0.10858285685167389,
            0.09549218957029725,
            0.09598709975264512,
            0.10165681273924267,
            0.10548380276578402,
            0.10162791180338183,
            0.10493425792080804,
            0.1020852906017234,
            0.10240076801636813,
            0.10329854746572953,
            0.1039233009387785,
            0.1039233009387785,
            0.10455001842324695,
            0.10392729589245975,
            0.10536719144949261
        ],
        [
            0.09665375860542275,
            0.09580822953152815,
            0,
            0.0007546040241348945,
            0.001133324741142125,
            0.05777205496924048,
            0.058066284422867015,
            0.05836448976623487,
            0.05867155929610206,
            0.0604771662579372,
            0.059877897998851154,
            0.05926978834861692,
            0.0590475783207329,
            0.05776995413240629,
            0.05936243635312935,
            0.05837066411712817,
            0.057775064851892446,
            0.06110333928993075,
            0.058115478924669464,
            0.05865725607905746,
            0.0583740596069775,
            0.0577767684250545,
            0.057775064851892446,
            0.058142847413556686,
            0.0577767684250545,
            0.05900394043747621,
            0.059005644010638264,
            0.059007347583800315,
            0.059007347583800315,
            0.060422051983859054,
            0.06046915848099557,
            0.06131037734758393,
            0.06180808913886156,
            0.06180808913886156,
            0.06239149616375794,
            0.06301081577253535,
            0.06301878852350762,
            0.06265789407782736,
            0.06265789407782736,
            0.04956722679645072,
            0.05006213697879859,
            0.05573184996539614,
            0.05955883999193749,
            0.055702949029535306,
            0.059009295146961516,
            0.056160327827876874,
            0.056475805242521604,
            0.057373584691883,
            0.05799833816493197,
            0.05799833816493197,
            0.05862505564940042,
            0.05800233311861322,
            0.05944222867564608
        ],
        [
            0.09740495548323354,
            0.09655942640933894,
            0.0007546040241348945,
            0,
            0.001129693987573982,
            0.058523251847051275,
            0.05881748130067781,
            0.059115686644045665,
            0.05942275617391285,
            0.06122836313574799,
            0.060629094876661946,
            0.06002098522642771,
            0.059798775198543694,
            0.058521151010217085,
            0.06011363323094014,
            0.05912186099493896,
            0.05852626172970324,
            0.061854536167741545,
            0.058866675802480256,
            0.05940845295686825,
            0.059125256484788294,
            0.05852796530286529,
            0.05852626172970324,
            0.05889404429136748,
            0.05852796530286529,
            0.059755137315287005,
            0.059756840888449056,
            0.05975854446161111,
            0.05975854446161111,
            0.061173248861669846,
            0.061220355358806364,
            0.062061574225394725,
            0.06255928601667235,
            0.06255928601667235,
            0.06314269304156873,
            0.06376201265034614,
            0.06376998540131841,
            0.06340909095563815,
            0.06340909095563815,
            0.05031842367426151,
            0.05081333385660938,
            0.05648304684320693,
            0.060310036869748285,
            0.0564541459073461,
            0.05976049202477231,
            0.056911524705687666,
            0.057227002120332396,
            0.05812478156969379,
            0.05874953504274276,
            0.05874953504274276,
            0.05937625252721121,
            0.05875352999642401,
            0.06019342555345687
        ],
        [
            0.09778367620024077,
            0.09693814712634617,
            0.001133324741142125,
            0.001129693987573982,
            0,
            0.058901972564058505,
            0.05919620201768504,
            0.059494407361052895,
            0.05980147689092008,
            0.06160708385275522,
            0.061007815593669176,
            0.06039970594343494,
            0.060177495915550924,
            0.058899871727224315,
            0.06049235394794737,
            0.05950058171194619,
            0.05890498244671047,
            0.062233256884748775,
            0.05924539651948749,
            0.05978717367387548,
            0.059503977201795524,
            0.05890668601987252,
            0.05890498244671047,
            0.05927276500837471,
            0.05890668601987252,
            0.060133858032294235,
            0.060135561605456286,
            0.06013726517861834,
            0.06013726517861834,
            0.061551969578677077,
            0.061599076075813594,
            0.062440294942401955,
            0.06293800673367958,
            0.06293800673367958,
            0.06352141375857596,
            0.06414073336735338,
            0.06414870611832564,
            0.06378781167264538,
            0.06378781167264538,
            0.05069714439126874,
            0.05119205457361661,
            0.05686176756021416,
            0.060688757586755515,
            0.05683286662435333,
            0.06013921274177954,
            0.057290245422694897,
            0.057605722837339626,
            0.05850350228670102,
            0.05912825575974999,
            0.05912825575974999,
            0.05975497324421844,
            0.05913225071343124,
            0.0605721462704641
        ],
        [
            0.11746647473137625,
            0.11662094565748166,
            0.05777205496924048,
            0.058523251847051275,
            0.058901972564058505,
            0,
            0.00029763659995063474,
            0.0005958419433184925,
            0.0009139274395022629,
            0.0027195344013374034,
            0.002120266142251359,
            0.001512156492017122,
            0.001289946464133107,
            1.2322275806497807e-05,
            0.001604804496529555,
            0.0006130322605283761,
            1.7432995292651632e-05,
            0.0033457074333309578,
            0.00035784706806966937,
            0.000899624222457665,
            0.0006164277503777071,
            1.9136568454702907e-05,
            1.7432995292651632e-05,
            0.0003852155569568916,
            1.9136568454702907e-05,
            0.07981665656342972,
            0.07981836013659177,
            0.07982006370975382,
            0.07982006370975382,
            0.08123476810981256,
            0.08128187460694908,
            0.08212309347353744,
            0.08262080526481506,
            0.08262080526481506,
            0.08320421228971145,
            0.08382353189848886,
            0.08383150464946112,
            0.08347061020378087,
            0.08347061020378087,
            0.07037994292240422,
            0.0708748531047521,
            0.07654456609134964,
            0.080371556117891,
            0.07651566515548881,
            0.07982201127291502,
            0.07697304395383038,
            0.07728852136847511,
            0.07818630081783651,
            0.07881105429088547,
            0.07881105429088547,
            0.07943777177535392,
            0.07881504924456673,
            0.08025494480159959
        ],
        [
            0.11776070418500278,
            0.11691517511110819,
            0.058066284422867015,
            0.05881748130067781,
            0.05919620201768504,
            0.00029763659995063474,
            0,
            0.0003016124896919603,
            0.001208156893128795,
            0.0030137638549639356,
            0.0024144955958778913,
            0.0018063859456436543,
            0.0015841759177596393,
            0.00030655172943303,
            0.0018990339501560871,
            0.0009072617141549083,
            0.0003116624489191838,
            0.00363993688695749,
            0.0006520765216962016,
            0.0011938536760841972,
            0.0009106572040042393,
            0.0003133660220812351,
            0.0003116624489191838,
            0.0006794450105834238,
            0.0003133660220812351,
            0.08011088601705625,
            0.0801125895902183,
            0.08011429316338035,
            0.08011429316338035,
            0.08152899756343909,
            0.08157610406057561,
            0.08241732292716397,
            0.0829150347184416,
            0.0829150347184416,
            0.08349844174333798,
            0.08411776135211539,
            0.08412573410308766,
            0.0837648396574074,
            0.0837648396574074,
            0.07067417237603076,
            0.07116908255837863,
            0.07683879554497618,
            0.08066578557151753,
            0.07680989460911535,
            0.08011624072654155,
            0.07726727340745691,
            0.07758275082210164,
            0.07848053027146304,
            0.079105283744512,
            0.079105283744512,
            0.07973200122898046,
            0.07910927869819326,
            0.08054917425522612
        ],
        [
            0.11805890952837064,
            0.11721338045447605,
            0.05836448976623487,
            0.059115686644045665,
            0.059494407361052895,
            0.0005958419433184925,
            0.0003016124896919603,
            0,
            0.0015063622364966528,
            0.0033119691983317934,
            0.002712700939245749,
            0.002104591289011512,
            0.001882381261127497,
            0.0006047570728008878,
            0.002197239293523945,
            0.001205467057522766,
            0.0006098677922870416,
            0.003938142230325348,
            0.0009502818650640593,
            0.001492059019452055,
            0.001208862547372097,
            0.0006115713654490929,
            0.0006098677922870416,
            0.0009776503539512815,
            0.0006115713654490929,
            0.08040909136042411,
            0.08041079493358616,
            0.08041249850674821,
            0.08041249850674821,
            0.08182720290680695,
            0.08187430940394347,
            0.08271552827053183,
            0.08321324006180945,
            0.08321324006180945,
            0.08379664708670584,
            0.08441596669548325,
            0.08442393944645551,
            0.08406304500077526,
            0.08406304500077526,
            0.07097237771939861,
            0.07146728790174649,
            0.07713700088834403,
            0.08096399091488539,
            0.0771080999524832,
            0.08041444606990941,
            0.07756547875082477,
            0.0778809561654695,
            0.0787787356148309,
            0.07940348908787986,
            0.07940348908787986,
            0.08003020657234831,
            0.07940748404156112,
            0.08084737959859398
        ],
        [
            0.11836597905823783,
            0.11752044998434323,
            0.05867155929610206,
            0.05942275617391285,
            0.05980147689092008,
            0.0009139274395022629,
            0.001208156893128795,
            0.0015063622364966528,
            0,
            0.0030155604461740287,
            0.0024162921870879844,
            0.0018081825368537474,
            0.0015859725089697324,
            0.0009084194563439701,
            0.0025009016770670273,
            0.0015091294410658485,
            0.000913530175830124,
            0.00424180461386843,
            0.0012539442486071417,
            0.0017957214029951374,
            0.0015125249309151795,
            0.0009152337489921752,
            0.000913530175830124,
            0.001281312737494364,
            0.0009152337489921752,
            0.0807161608902913,
            0.08071786446345335,
            0.0807195680366154,
            0.0807195680366154,
            0.08213427243667414,
            0.08218137893381065,
            0.08302259780039901,
            0.08352030959167664,
            0.08352030959167664,
            0.08410371661657302,
            0.08472303622535043,
            0.0847310089763227,
            0.08437011453064244,
            0.08437011453064244,
            0.0712794472492658,
            0.07177435743161367,
            0.07744407041821122,
            0.08127106044475257,
            0.07741516948235039,
            0.0807215155997766,
            0.07787254828069196,
            0.07818802569533669,
            0.07908580514469808,
            0.07971055861774705,
            0.07971055861774705,
            0.0803372761022155,
            0.0797145535714283,
            0.08115444912846116
        ],
        [
            0.12017158602007297,
            0.11932605694617837,
            0.0604771662579372,
            0.06122836313574799,
            0.06160708385275522,
            0.0027195344013374034,
            0.0030137638549639356,
            0.0033119691983317934,
            0.0030155604461740287,
            0,
            0.0006026754054101469,
            0.0036103823523647854,
            0.0033881723244807704,
            0.0027140264181791107,
            0.004306508638902168,
            0.003314736402900989,
            0.0027191371376652645,
            0.006047411575703571,
            0.0030595512104422823,
            0.003601328364830278,
            0.00331813189275032,
            0.002720840710827316,
            0.0027191371376652645,
            0.0030869196993295045,
            0.002720840710827316,
            0.08252176785212643,
            0.08252347142528849,
            0.08252517499845054,
            0.08252517499845054,
            0.08393987939850928,
            0.0839869858956458,
            0.08482820476223416,
            0.08532591655351178,
            0.08532591655351178,
            0.08590932357840816,
            0.08652864318718557,
            0.08653661593815784,
            0.08617572149247758,
            0.08617572149247758,
            0.07308505421110094,
            0.07357996439344881,
            0.07924967738004636,
            0.08307666740658771,
            0.07922077644418553,
            0.08252712256161174,
            0.0796781552425271,
            0.07999363265717183,
            0.08089141210653322,
            0.08151616557958219,
            0.08151616557958219,
            0.08214288306405064,
            0.08152016053326344,
            0.0829600560902963
        ],
        [
            0.11957231776098692,
            0.11872678868709233,
            0.059877897998851154,
            0.060629094876661946,
            0.061007815593669176,
            0.002120266142251359,
            0.0024144955958778913,
            0.002712700939245749,
            0.0024162921870879844,
            0.0006026754054101469,
            0,
            0.003011114093278741,
            0.002788904065394726,
            0.0021147581590930664,
            0.0037072403798161235,
            0.0027154681438149447,
            0.0021198688785792202,
            0.005448143316617526,
            0.002460282951356238,
            0.0030020601057442337,
            0.0027188636336642757,
            0.0021215724517412715,
            0.0021198688785792202,
            0.00248765144024346,
            0.0021215724517412715,
            0.08192249959304039,
            0.08192420316620244,
            0.08192590673936449,
            0.08192590673936449,
            0.08334061113942323,
            0.08338771763655975,
            0.08422893650314811,
            0.08472664829442574,
            0.08472664829442574,
            0.08531005531932212,
            0.08592937492809953,
            0.0859373476790718,
            0.08557645323339154,
            0.08557645323339154,
            0.0724857859520149,
            0.07298069613436277,
            0.07865040912096032,
            0.08247739914750167,
            0.07862150818509948,
            0.0819278543025257,
            0.07907888698344105,
            0.07939436439808578,
            0.08029214384744718,
            0.08091689732049615,
            0.08091689732049615,
            0.0815436148049646,
            0.0809208922741774,
            0.08236078783121026
        ],
        [
            0.11896420811075269,
            0.11811867903685809,
            0.05926978834861692,
            0.06002098522642771,
            0.06039970594343494,
            0.001512156492017122,
            0.0018063859456436543,
            0.002104591289011512,
            0.0018081825368537474,
            0.0036103823523647854,
            0.003011114093278741,
            0,
            0.00158235965133173,
            0.0015066485088588294,
            0.0030991307295818865,
            0.0021073584935807077,
            0.0015117592283449832,
            0.004840033666383289,
            0.001852173301122001,
            0.0023939504555099966,
            0.0021107539834300387,
            0.0015134628015070345,
            0.0015117592283449832,
            0.0018795417900092232,
            0.0015134628015070345,
            0.08131438994280615,
            0.0813160935159682,
            0.08131779708913026,
            0.08131779708913026,
            0.082732501489189,
            0.08277960798632551,
            0.08362082685291387,
            0.0841185386441915,
            0.0841185386441915,
            0.08470194566908788,
            0.0853212652778653,
            0.08532923802883756,
            0.0849683435831573,
            0.0849683435831573,
            0.07187767630178066,
            0.07237258648412853,
            0.07804229947072608,
            0.08186928949726743,
            0.07801339853486525,
            0.08131974465229146,
            0.07847077733320681,
            0.07878625474785154,
            0.07968403419721294,
            0.08030878767026191,
            0.08030878767026191,
            0.08093550515473036,
            0.08031278262394316,
            0.08175267818097602
        ],
        [
            0.11874199808286867,
            0.11789646900897408,
            0.0590475783207329,
            0.059798775198543694,
            0.060177495915550924,
            0.001289946464133107,
            0.0015841759177596393,
            0.001882381261127497,
            0.0015859725089697324,
            0.0033881723244807704,
            0.002788904065394726,
            0.00158235965133173,
            0,
            0.0012844384809748144,
            0.0028769207016978715,
            0.0018851484656966927,
            0.0012895492004609682,
            0.004617823638499274,
            0.001629963273237986,
            0.0021717404276259816,
            0.0018885439555460237,
            0.0012912527736230195,
            0.0012895492004609682,
            0.0016573317621252082,
            0.0012912527736230195,
            0.08109217991492214,
            0.08109388348808419,
            0.08109558706124624,
            0.08109558706124624,
            0.08251029146130498,
            0.0825573979584415,
            0.08339861682502986,
            0.08389632861630748,
            0.08389632861630748,
            0.08447973564120387,
            0.08509905524998128,
            0.08510702800095354,
            0.08474613355527329,
            0.08474613355527329,
            0.07165546627389664,
            0.07215037645624452,
            0.07782008944284206,
            0.08164707946938342,
            0.07779118850698123,
            0.08109753462440744,
            0.0782485673053228,
            0.07856404471996753,
            0.07946182416932893,
            0.08008657764237789,
            0.08008657764237789,
            0.08071329512684634,
            0.08009057259605915,
            0.081530468153092
        ],
        [
            0.11746437389454206,
            0.11661884482064747,
            0.05776995413240629,
            0.058521151010217085,
            0.058899871727224315,
            1.2322275806497807e-05,
            0.00030655172943303,
            0.0006047570728008878,
            0.0009084194563439701,
            0.0027140264181791107,
            0.0021147581590930664,
            0.0015066485088588294,
            0.0012844384809748144,
            0,
            0.0015958893670471597,
            0.0006041171310459809,
            8.517865810256375e-06,
            0.0033367923038485625,
            0.0003489319385872741,
            0.0008907090929752698,
            0.0006075126208953119,
            1.022143897230765e-05,
            8.517865810256375e-06,
            0.0003763004274744963,
            1.022143897230765e-05,
            0.07981455572659553,
            0.07981625929975758,
            0.07981796287291963,
            0.07981796287291963,
            0.08123266727297837,
            0.08127977377011489,
            0.08212099263670325,
            0.08261870442798087,
            0.08261870442798087,
            0.08320211145287726,
            0.08382143106165467,
            0.08382940381262693,
            0.08346850936694668,
            0.08346850936694668,
            0.07037784208557003,
            0.07087275226791791,
            0.07654246525451545,
            0.08036945528105681,
            0.07651356431865462,
            0.07981991043608083,
            0.07697094311699619,
            0.07728642053164092,
            0.07818419998100232,
            0.07880895345405128,
            0.07880895345405128,
            0.07943567093851973,
            0.07881294840773254,
            0.0802528439647654
        ],
        [
            0.11905685611526512,
            0.11821132704137052,
            0.05936243635312935,
            0.06011363323094014,
            0.06049235394794737,
            0.001604804496529555,
            0.0018990339501560871,
            0.002197239293523945,
            0.0025009016770670273,
            0.004306508638902168,
            0.0037072403798161235,
            0.0030991307295818865,
            0.0028769207016978715,
            0.0015958893670471597,
            0,
            0.0021863779127967303,
            0.0015941857938851084,
            0.0049224602319234145,
            0.0019345998666621261,
            0.0024797841673742244,
            0.0021965876952942665,
            0.0015992965133712622,
            0.001597592940209211,
            0.001965375501873451,
            0.0015992965133712622,
            0.08140703794731859,
            0.08140874152048064,
            0.08141044509364269,
            0.08141044509364269,
            0.08282514949370143,
            0.08287225599083795,
            0.0837134748574263,
            0.08421118664870393,
            0.08421118664870393,
            0.08479459367360032,
            0.08541391328237773,
            0.08542188603334999,
            0.08506099158766973,
            0.08506099158766973,
            0.07197032430629309,
            0.07246523448864096,
            0.07813494747523851,
            0.08196193750177987,
            0.07810604653937768,
            0.08141239265680389,
            0.07856342533771925,
            0.07887890275236398,
            0.07977668220172537,
            0.08040143567477434,
            0.08040143567477434,
            0.08102815315924279,
            0.0804054306284556,
            0.08184532618548845
        ],
        [
            0.11806508387926394,
            0.11721955480536934,
            0.05837066411712817,
            0.05912186099493896,
            0.05950058171194619,
            0.0006130322605283761,
            0.0009072617141549083,
            0.001205467057522766,
            0.0015091294410658485,
            0.003314736402900989,
            0.0027154681438149447,
            0.0021073584935807077,
            0.0018851484656966927,
            0.0006041171310459809,
            0.0021863779127967303,
            0,
            0.0006024135578839296,
            0.003930687995922236,
            0.0009428276306609473,
            0.0014880119313730455,
            0.0012048154592930876,
            0.0006075242773700834,
            0.0006058207042080321,
            0.0009736032658722721,
            0.0006075242773700834,
            0.08041526571131741,
            0.08041696928447946,
            0.08041867285764151,
            0.08041867285764151,
            0.08183337725770025,
            0.08188048375483677,
            0.08272170262142513,
            0.08321941441270275,
            0.08321941441270275,
            0.08380282143759914,
            0.08442214104637655,
            0.08443011379734881,
            0.08406921935166856,
            0.08406921935166856,
            0.07097855207029191,
            0.07147346225263979,
            0.07714317523923733,
            0.08097016526577869,
            0.0771142743033765,
            0.08042062042080271,
            0.07757165310171807,
            0.0778871305163628,
            0.0787849099657242,
            0.07940966343877316,
            0.07940966343877316,
            0.08003638092324161,
            0.07941365839245441,
            0.08085355394948728
        ],
        [
            0.11746948461402822,
            0.11662395554013362,
            0.057775064851892446,
            0.05852626172970324,
            0.05890498244671047,
            1.7432995292651632e-05,
            0.0003116624489191838,
            0.0006098677922870416,
            0.000913530175830124,
            0.0027191371376652645,
            0.0021198688785792202,
            0.0015117592283449832,
            0.0012895492004609682,
            8.517865810256375e-06,
            0.0015941857938851084,
            0.0006024135578839296,
            0,
            0.0033316815843624087,
            0.0003438212191011203,
            0.0008924126661373211,
            0.0006092161940573632,
            1.1925012134358925e-05,
            1.022143897230765e-05,
            0.0003780040006365476,
            1.1925012134358925e-05,
            0.07981966644608168,
            0.07982137001924373,
            0.07982307359240579,
            0.07982307359240579,
            0.08123777799246452,
            0.08128488448960104,
            0.0821261033561894,
            0.08262381514746703,
            0.08262381514746703,
            0.08320722217236341,
            0.08382654178114082,
            0.08383451453211309,
            0.08347362008643283,
            0.08347362008643283,
            0.07038295280505619,
            0.07087786298740406,
            0.07654757597400161,
            0.08037456600054296,
            0.07651867503814078,
            0.07982502115556699,
            0.07697605383648234,
            0.07729153125112707,
            0.07818931070048847,
            0.07881406417353744,
            0.07881406417353744,
            0.07944078165800589,
            0.07881805912721869,
            0.08025795468425155
        ],
        [
            0.12079775905206652,
            0.11995222997817193,
            0.06110333928993075,
            0.061854536167741545,
            0.062233256884748775,
            0.0033457074333309578,
            0.00363993688695749,
            0.003938142230325348,
            0.00424180461386843,
            0.006047411575703571,
            0.005448143316617526,
            0.004840033666383289,
            0.004617823638499274,
            0.0033367923038485625,
            0.0049224602319234145,
            0.003930687995922236,
            0.0033316815843624087,
            0,
            0.0036603120855020904,
            0.004220687104175627,
            0.003937490632095669,
            0.003340199450172665,
            0.003338495877010614,
            0.0037062784386748537,
            0.003340199450172665,
            0.08314794088411999,
            0.08314964445728204,
            0.08315134803044409,
            0.08315134803044409,
            0.08456605243050283,
            0.08461315892763935,
            0.08545437779422771,
            0.08595208958550533,
            0.08595208958550533,
            0.08653549661040172,
            0.08715481621917913,
            0.0871627889701514,
            0.08680189452447114,
            0.08680189452447114,
            0.0737112272430945,
            0.07420613742544237,
            0.07987585041203991,
            0.08370284043858127,
            0.07984694947617908,
            0.08315329559360529,
            0.08030432827452065,
            0.08061980568916538,
            0.08151758513852678,
            0.08214233861157574,
            0.08214233861157574,
            0.0827690560960442,
            0.082146333565257,
            0.08358622912228986
        ],
        [
            0.11780989868680523,
            0.11696436961291064,
            0.058115478924669464,
            0.058866675802480256,
            0.05924539651948749,
            0.00035784706806966937,
            0.0006520765216962016,
            0.0009502818650640593,
            0.0012539442486071417,
            0.0030595512104422823,
            0.002460282951356238,
            0.001852173301122001,
            0.001629963273237986,
            0.0003489319385872741,
            0.0019345998666621261,
            0.0009428276306609473,
            0.0003438212191011203,
            0.0036603120855020904,
            0,
            0.0012328267389143388,
            0.0009496302668343809,
            0.00035233908491137667,
            0.0003506355117493254,
            0.0007184180734135653,
            0.00035233908491137667,
            0.0801600805188587,
            0.08016178409202075,
            0.0801634876651828,
            0.0801634876651828,
            0.08157819206524154,
            0.08162529856237806,
            0.08246651742896642,
            0.08296422922024405,
            0.08296422922024405,
            0.08354763624514043,
            0.08416695585391784,
            0.0841749286048901,
            0.08381403415920985,
            0.08381403415920985,
            0.0707233668778332,
            0.07121827706018108,
            0.07688799004677863,
            0.08071498007331998,
            0.0768590891109178,
            0.080165435228344,
            0.07731646790925936,
            0.07763194532390409,
            0.07852972477326549,
            0.07915447824631446,
            0.07915447824631446,
            0.0797811957307829,
            0.07915847319999571,
            0.08059836875702857
        ],
        [
            0.11835167584119323,
            0.11750614676729863,
            0.05865725607905746,
            0.05940845295686825,
            0.05978717367387548,
            0.000899624222457665,
            0.0011938536760841972,
            0.001492059019452055,
            0.0017957214029951374,
            0.003601328364830278,
            0.0030020601057442337,
            0.0023939504555099966,
            0.0021717404276259816,
            0.0008907090929752698,
            0.0024797841673742244,
            0.0014880119313730455,
            0.0008924126661373211,
            0.004220687104175627,
            0.0012328267389143388,
            0,
            0.0014845931285741715,
            0.0008873019466511672,
            0.0008890055198132185,
            0.0012567880814774585,
            0.0008907090929752698,
            0.0807018576732467,
            0.08070356124640875,
            0.0807052648195708,
            0.0807052648195708,
            0.08211996921962954,
            0.08216707571676606,
            0.08300829458335442,
            0.08350600637463204,
            0.08350600637463204,
            0.08408941339952843,
            0.08470873300830584,
            0.0847167057592781,
            0.08435581131359784,
            0.08435581131359784,
            0.0712651440322212,
            0.07176005421456907,
            0.07742976720116662,
            0.08125675722770798,
            0.07740086626530579,
            0.080707212382732,
            0.07785824506364736,
            0.07817372247829209,
            0.07907150192765348,
            0.07969625540070245,
            0.07969625540070245,
            0.0803229728851709,
            0.0797002503543837,
            0.08114014591141656
        ],
        [
            0.11806847936911327,
            0.11722295029521868,
            0.0583740596069775,
            0.059125256484788294,
            0.059503977201795524,
            0.0006164277503777071,
            0.0009106572040042393,
            0.001208862547372097,
            0.0015125249309151795,
            0.00331813189275032,
            0.0027188636336642757,
            0.0021107539834300387,
            0.0018885439555460237,
            0.0006075126208953119,
            0.0021965876952942665,
            0.0012048154592930876,
            0.0006092161940573632,
            0.003937490632095669,
            0.0009496302668343809,
            0.0014845931285741715,
            0,
            0.0006006983282471068,
            0.0006058090477332606,
            0.0009735916093975006,
            0.0006075126208953119,
            0.08041866120116674,
            0.08042036477432879,
            0.08042206834749084,
            0.08042206834749084,
            0.08183677274754958,
            0.0818838792446861,
            0.08272509811127446,
            0.08322280990255208,
            0.08322280990255208,
            0.08380621692744847,
            0.08442553653622588,
            0.08443350928719814,
            0.08407261484151789,
            0.08407261484151789,
            0.07098194756014124,
            0.07147685774248912,
            0.07714657072908666,
            0.08097356075562802,
            0.07711766979322583,
            0.08042401591065204,
            0.0775750485915674,
            0.07789052600621213,
            0.07878830545557353,
            0.07941305892862249,
            0.07941305892862249,
            0.08003977641309094,
            0.07941705388230375,
            0.0808569494393366
        ],
        [
            0.11747118818719027,
            0.11662565911329567,
            0.0577767684250545,
