{
    "NEXUS_FILE_URL": "http://purl.org/phylo/treebase/phylows/study/TB2:S14872",
    "NEWICK_TREE": "((((((6:0.03428727349986639,7:0.046374989569183706):0.018141823336755694,9:0.025782432313756584):0.00544040147984441,8:0.02843661154123179):0.006957684316410702,5:0.031582229791759175):0.011936163365806152,(((2:0.01783683801832482,1:0.025449580665368576):0.010003834833123474,(4:0.019961447583905716,3:0.023081717155933816):0.007231452248525757):0.029831041259307915,(10:0.05246937426040673,11:0.05824422537477892):0.02914267915867168):0.005831478257867449):0.06466163500316456,12:0.06466163500316456);",
    "DISTANCE_MATRIX": [
        [
            0.0,
            0.0806622630690501,
            0.07821152915037867,
            0.0863061098576983,
            0.09640941242463638,
            0.14026653836730701,
            0.14787928101435077,
            0.1396187653482902,
            0.1427390349203183,
            0.16420687767562922,
            0.1699817287900014,
            0.2060866160050125
        ],
        [
            0.0806622630690501,
            0.0,
            0.09029924521969598,
            0.0983938259270156,
            0.10849712849395368,
            0.15235425443662431,
            0.15996699708366807,
            0.1517064814176075,
            0.1548267509896356,
            0.17629459374494652,
            0.1820694448593187,
            0.2181743320743298
        ],
        [
            0.07821152915037867,
            0.09029924521969598,
            0.0,
            0.059659445334832785,
            0.06976274790177087,
            0.11361987384444151,
            0.12123261649148527,
            0.11297210082542469,
            0.1160923703974528,
            0.13756021315276373,
            0.1433350642671359,
            0.17943995148214698
        ],
        [
            0.0863061098576983,
            0.0983938259270156,
            0.059659445334832785,
            0.0,
            0.06697652564940167,
            0.1108336515920723,
            0.11844639423911606,
            0.11018587857305548,
            0.11330614814508358,
            0.1347739909003945,
            0.1405488420147667,
            0.17665372922977776
        ],
        [
            0.09640941242463638,
            0.10849712849395368,
            0.06976274790177087,
            0.06697652564940167,
            0.0,
            0.10702158552618898,
            0.11463432817323274,
            0.10637381250717216,
            0.10949408207920026,
            0.1309619248345112,
            0.1367367759488834,
            0.17284166316389443
        ],
        [
            0.14026653836730701,
            0.15235425443662431,
            0.11361987384444151,
            0.1108336515920723,
            0.10702158552618898,
            0.0,
            0.0432864186836934,
            0.05503357268387977,
            0.05815384225590787,
            0.13928376752983462,
            0.14505861864420683,
            0.19282646237495277
        ],
        [
            0.14787928101435077,
            0.15996699708366807,
            0.12123261649148527,
            0.11844639423911606,
            0.11463432817323274,
            0.0432864186836934,
            0.0,
            0.06264631533092352,
            0.06576658490295162,
            0.14689651017687838,
            0.15267136129125058,
            0.20043920502199652
        ],
        [
            0.1396187653482902,
            0.1517064814176075,
            0.11297210082542469,
            0.11018587857305548,
            0.10637381250717216,
            0.05503357268387977,
            0.06264631533092352,
            0.0,
            0.04304316473983953,
            0.13863599451081782,
            0.14441084562519,
            0.19217868935593596
        ],
        [
            0.1427390349203183,
            0.1548267509896356,
            0.1160923703974528,
            0.11330614814508358,
            0.10949408207920026,
            0.05815384225590787,
            0.06576658490295162,
            0.04304316473983953,
            0.0,
            0.14175626408284592,
            0.1475311151972181,
            0.19529895892796406
        ],
        [
            0.16420687767562922,
            0.17629459374494652,
            0.13756021315276373,
            0.1347739909003945,
            0.1309619248345112,
            0.13928376752983462,
            0.14689651017687838,
            0.13863599451081782,
            0.14175626408284592,
            0.0,
            0.11071359963518565,
            0.216766801683275
        ],
        [
            0.1699817287900014,
            0.1820694448593187,
            0.1433350642671359,
            0.1405488420147667,
            0.1367367759488834,
            0.14505861864420683,
            0.15267136129125058,
            0.14441084562519,
            0.1475311151972181,
            0.11071359963518565,
            0.0,
            0.2225416527976472
        ],
        [
            0.2060866160050125,
            0.2181743320743298,
            0.17943995148214698,
            0.17665372922977776,
            0.17284166316389443,
            0.19282646237495277,
            0.20043920502199652,
            0.19217868935593596,
            0.19529895892796406,
            0.216766801683275,
            0.2225416527976472,
            0.0
        ]
    ],
    "NODE_MAPPING": {
        "0": "6",
        "1": "7",
        "2": "9",
        "3": "8",
        "4": "5",
        "5": "2",
        "6": "1",
        "7": "4",
        "8": "3",
        "9": "10",
        "10": "11",
        "11": "12"
    }
}