{
    "NEXUS_FILE_URL": "http://purl.org/phylo/treebase/phylows/study/TB2:S12410",
    "NEWICK_TREE": "((1:25.7582740199126,2:25.7582740199126):6.828603944783001,((3:15.7057449849206,4:15.7057449849206):11.333490377277805,(5:25.120320552955594,(6:23.129781054047502,((((((((7:1.454664310014408,(8:0.743448355137204,9:0.743448355137204):0.7112159548772006):1.79015085263935,10:3.244815162653758):3.447388955087046,(11:3.434127759687719,12:3.434127759687719):3.2580763580530956):2.9083462798358504,(13:3.601643165617869,14:3.601643165617869):5.9989072319588495):5.247193302459753,((15:12.063659754849947,16:12.063659754849951):1.701814136954054,17:13.765473891804005):1.082269808232498):0.7918927372413016,18:15.639636437277897):2.2691038598623017,(19:15.290172954693887,((20:10.355174473863551,(21:8.186281394822506,(22:6.335657724483411,23:6.335657724483411):1.850623670339056):2.168893079040995):3.9991759601480954,((24:0.31380710533559153,25:0.31380710533559153):9.990154162135006,(26:6.532920152611702,27:6.532920152611702):3.7710411148588037):4.050389166541045):0.9358225206822439):2.6185673424462124):1.9379735495969967,(28:17.555314301591505,((29:4.384411333360298,30:4.384411333360298):11.563008087103299,(31:14.902326925316558,(32:3.881186052529401,(33:1.2561222353494017,34:1.2561222353494017):2.625063817179999):11.021140872787196):1.0450924951470029):1.6078948811279048):2.291399545145598):3.283067207310399):1.990539498908099):1.9189148092426045):5.5476426024973975);",
    "DISTANCE_MATRIX": [
        [
            0.0,
            51.5165480398252,
            65.1737559293914,
            65.1737559293914,
            65.1737559293912,
            65.1737559293912,
            65.1737559293911,
            65.1737559293911,
            65.1737559293911,
            65.1737559293911,
            65.17375592939112,
            65.17375592939112,
            65.17375592939118,
            65.17375592939118,
            65.1737559293912,
            65.1737559293912,
            65.1737559293912,
            65.17375592939129,
            65.1737559293912,
            65.1737559293912,
            65.17375592939115,
            65.17375592939112,
            65.17375592939112,
            65.1737559293912,
            65.1737559293912,
            65.1737559293911,
            65.1737559293911,
            65.1737559293912,
            65.1737559293912,
            65.1737559293912,
            65.17375592939116,
            65.1737559293912,
            65.1737559293912,
            65.1737559293912
        ],
        [
            51.5165480398252,
            0.0,
            65.1737559293914,
            65.1737559293914,
            65.1737559293912,
            65.1737559293912,
            65.1737559293911,
            65.1737559293911,
            65.1737559293911,
            65.1737559293911,
            65.17375592939112,
            65.17375592939112,
            65.17375592939118,
            65.17375592939118,
            65.1737559293912,
            65.1737559293912,
            65.1737559293912,
            65.17375592939129,
            65.1737559293912,
            65.1737559293912,
            65.17375592939115,
            65.17375592939112,
            65.17375592939112,
            65.1737559293912,
            65.1737559293912,
            65.1737559293911,
            65.1737559293911,
            65.1737559293912,
            65.1737559293912,
            65.1737559293912,
            65.17375592939116,
            65.1737559293912,
            65.1737559293912,
            65.1737559293912
        ],
        [
            65.1737559293914,
            65.1737559293914,
            0.0,
            31.4114899698412,
            54.0784707243966,
            54.07847072439661,
            54.07847072439651,
            54.07847072439651,
            54.07847072439651,
            54.07847072439651,
            54.078470724396524,
            54.078470724396524,
            54.07847072439658,
            54.07847072439658,
            54.07847072439661,
            54.07847072439661,
            54.07847072439661,
            54.0784707243967,
            54.0784707243966,
            54.07847072439661,
            54.07847072439655,
            54.07847072439652,
            54.07847072439652,
            54.0784707243966,
            54.0784707243966,
            54.07847072439651,
            54.07847072439651,
            54.07847072439661,
            54.07847072439661,
            54.07847072439661,
            54.07847072439657,
            54.07847072439661,
            54.07847072439661,
            54.07847072439661
        ],
        [
            65.1737559293914,
            65.1737559293914,
            31.4114899698412,
            0.0,
            54.0784707243966,
            54.07847072439661,
            54.07847072439651,
            54.07847072439651,
            54.07847072439651,
            54.07847072439651,
            54.078470724396524,
            54.078470724396524,
            54.07847072439658,
            54.07847072439658,
            54.07847072439661,
            54.07847072439661,
            54.07847072439661,
            54.0784707243967,
            54.0784707243966,
            54.07847072439661,
            54.07847072439655,
            54.07847072439652,
            54.07847072439652,
            54.0784707243966,
            54.0784707243966,
            54.07847072439651,
            54.07847072439651,
            54.07847072439661,
            54.07847072439661,
            54.07847072439661,
            54.07847072439657,
            54.07847072439661,
            54.07847072439661,
            54.07847072439661
        ],
        [
            65.1737559293912,
            65.1737559293912,
            54.0784707243966,
            54.0784707243966,
            0.0,
            50.240641105911195,
            50.240641105911095,
            50.240641105911095,
            50.240641105911095,
            50.240641105911095,
            50.24064110591111,
            50.24064110591111,
            50.240641105911166,
            50.240641105911166,
            50.240641105911195,
            50.240641105911195,
            50.240641105911195,
            50.24064110591129,
            50.24064110591119,
            50.240641105911195,
            50.24064110591114,
            50.2406411059111,
            50.2406411059111,
            50.24064110591119,
            50.24064110591119,
            50.240641105911095,
            50.240641105911095,
            50.240641105911195,
            50.240641105911195,
            50.240641105911195,
            50.24064110591115,
            50.240641105911195,
            50.240641105911195,
            50.240641105911195
        ],
        [
            65.1737559293912,
            65.1737559293912,
            54.07847072439661,
            54.07847072439661,
            50.240641105911195,
            0.0,
            46.25956210809491,
            46.259562108094904,
            46.259562108094904,
            46.25956210809491,
            46.25956210809492,
            46.25956210809492,
            46.25956210809497,
            46.25956210809497,
            46.259562108095,
            46.259562108095004,
            46.259562108095004,
            46.259562108095096,
            46.259562108095,
            46.259562108095,
            46.259562108094954,
            46.25956210809491,
            46.25956210809491,
            46.259562108095,
            46.259562108095,
            46.259562108094904,
            46.259562108094904,
            46.259562108095004,
            46.259562108095,
            46.259562108095,
            46.25956210809497,
            46.259562108095004,
            46.259562108095004,
            46.259562108095004
        ],
        [
            65.1737559293911,
            65.1737559293911,
            54.07847072439651,
            54.07847072439651,
            50.240641105911095,
            46.25956210809491,
            0.0,
            2.9093286200288127,
            2.9093286200288127,
            6.489630325307516,
            13.384408235481619,
            13.384408235481619,
            19.201100795153373,
            19.201100795153373,
            29.695487400072906,
            29.69548740007291,
            29.69548740007291,
            31.279272874555605,
            35.81748059428011,
            35.81748059428011,
            35.81748059428006,
            35.81748059428003,
            35.81748059428003,
            35.81748059428011,
            35.81748059428011,
            35.81748059428001,
            35.81748059428001,
            39.693427693474106,
            39.693427693474106,
            39.693427693474106,
            39.69342769347407,
            39.693427693474106,
            39.693427693474106,
            39.693427693474106
        ],
        [
            65.1737559293911,
            65.1737559293911,
            54.07847072439651,
            54.07847072439651,
            50.240641105911095,
            46.259562108094904,
            2.9093286200288127,
            0.0,
            1.486896710274408,
            6.4896303253075125,
            13.384408235481615,
            13.384408235481615,
            19.20110079515337,
            19.20110079515337,
            29.695487400072903,
            29.695487400072906,
            29.695487400072906,
            31.279272874555602,
            35.817480594280106,
            35.81748059428011,
            35.817480594280056,
            35.81748059428002,
            35.81748059428002,
            35.817480594280106,
            35.817480594280106,
            35.81748059428001,
            35.81748059428001,
            39.693427693474106,
            39.693427693474106,
            39.693427693474106,
            39.693427693474064,
            39.693427693474106,
            39.693427693474106,
            39.693427693474106
        ],
        [
            65.1737559293911,
            65.1737559293911,
            54.07847072439651,
            54.07847072439651,
            50.240641105911095,
            46.259562108094904,
            2.9093286200288127,
            1.486896710274408,
            0.0,
            6.4896303253075125,
            13.384408235481615,
            13.384408235481615,
            19.20110079515337,
            19.20110079515337,
            29.695487400072903,
            29.695487400072906,
            29.695487400072906,
            31.279272874555602,
            35.817480594280106,
            35.81748059428011,
            35.817480594280056,
            35.81748059428002,
            35.81748059428002,
            35.817480594280106,
            35.817480594280106,
            35.81748059428001,
            35.81748059428001,
            39.693427693474106,
            39.693427693474106,
            39.693427693474106,
            39.693427693474064,
            39.693427693474106,
            39.693427693474106,
            39.693427693474106
        ],
        [
            65.1737559293911,
            65.1737559293911,
            54.07847072439651,
            54.07847072439651,
            50.240641105911095,
            46.25956210809491,
            6.489630325307516,
            6.4896303253075125,
            6.4896303253075125,
            0.0,
            13.384408235481619,
            13.384408235481619,
            19.201100795153373,
            19.201100795153373,
            29.695487400072906,
            29.69548740007291,
            29.69548740007291,
            31.279272874555605,
            35.81748059428011,
            35.81748059428011,
            35.81748059428006,
            35.81748059428003,
            35.81748059428003,
            35.81748059428011,
            35.81748059428011,
            35.81748059428001,
            35.81748059428001,
            39.693427693474106,
            39.693427693474106,
            39.693427693474106,
            39.69342769347407,
            39.693427693474106,
            39.693427693474106,
            39.693427693474106
        ],
        [
            65.17375592939112,
            65.17375592939112,
            54.078470724396524,
            54.078470724396524,
            50.24064110591111,
            46.25956210809492,
            13.384408235481619,
            13.384408235481615,
            13.384408235481615,
            13.384408235481619,
            0.0,
            6.868255519375438,
            19.201100795153383,
            19.201100795153383,
            29.695487400072917,
            29.69548740007292,
            29.69548740007292,
            31.279272874555616,
            35.81748059428012,
            35.81748059428013,
            35.81748059428007,
            35.817480594280035,
            35.817480594280035,
            35.81748059428012,
            35.81748059428012,
            35.81748059428003,
            35.81748059428003,
            39.69342769347412,
            39.69342769347412,
            39.69342769347412,
            39.69342769347408,
            39.69342769347412,
            39.69342769347412,
            39.69342769347412
        ],
        [
            65.17375592939112,
            65.17375592939112,
            54.078470724396524,
            54.078470724396524,
            50.24064110591111,
            46.25956210809492,
            13.384408235481619,
            13.384408235481615,
            13.384408235481615,
            13.384408235481619,
            6.868255519375438,
            0.0,
            19.201100795153383,
            19.201100795153383,
            29.695487400072917,
            29.69548740007292,
            29.69548740007292,
            31.279272874555616,
            35.81748059428012,
            35.81748059428013,
            35.81748059428007,
            35.817480594280035,
            35.817480594280035,
            35.81748059428012,
            35.81748059428012,
            35.81748059428003,
            35.81748059428003,
            39.69342769347412,
            39.69342769347412,
            39.69342769347412,
            39.69342769347408,
            39.69342769347412,
            39.69342769347412,
            39.69342769347412
        ],
        [
            65.17375592939118,
            65.17375592939118,
            54.07847072439658,
            54.07847072439658,
            50.240641105911166,
            46.25956210809497,
            19.201100795153373,
            19.20110079515337,
            19.20110079515337,
            19.201100795153373,
            19.201100795153383,
            19.201100795153383,
            0.0,
            7.203286331235738,
            29.69548740007297,
            29.695487400072974,
            29.695487400072974,
            31.27927287455567,
            35.81748059428017,
            35.81748059428018,
            35.81748059428013,
            35.817480594280084,
            35.817480594280084,
            35.81748059428017,
            35.81748059428017,
            35.817480594280084,
            35.817480594280084,
            39.69342769347418,
            39.69342769347417,
            39.69342769347417,
            39.693427693474135,
            39.69342769347418,
            39.69342769347418,
            39.69342769347418
        ],
        [
            65.17375592939118,
            65.17375592939118,
            54.07847072439658,
            54.07847072439658,
            50.240641105911166,
            46.25956210809497,
            19.201100795153373,
            19.20110079515337,
            19.20110079515337,
            19.201100795153373,
            19.201100795153383,
            19.201100795153383,
            7.203286331235738,
            0.0,
            29.69548740007297,
            29.695487400072974,
            29.695487400072974,
            31.27927287455567,
            35.81748059428017,
            35.81748059428018,
            35.81748059428013,
            35.817480594280084,
            35.817480594280084,
            35.81748059428017,
            35.81748059428017,
            35.817480594280084,
            35.817480594280084,
            39.69342769347418,
            39.69342769347417,
            39.69342769347417,
            39.693427693474135,
            39.69342769347418,
            39.69342769347418,
            39.69342769347418
        ],
        [
            65.1737559293912,
            65.1737559293912,
            54.07847072439661,
            54.07847072439661,
            50.240641105911195,
            46.259562108095,
            29.695487400072906,
            29.695487400072903,
            29.695487400072903,
            29.695487400072906,
            29.695487400072917,
            29.695487400072917,
            29.69548740007297,
            29.69548740007297,
            0.0,
            24.1273195096999,
            27.530947783608006,
            31.279272874555698,
            35.8174805942802,
            35.817480594280205,
            35.817480594280156,
            35.81748059428011,
            35.81748059428011,
            35.8174805942802,
            35.8174805942802,
            35.81748059428011,
            35.81748059428011,
            39.693427693474206,
            39.6934276934742,
            39.6934276934742,
            39.69342769347416,
            39.693427693474206,
            39.693427693474206,
            39.693427693474206
        ],
        [
            65.1737559293912,
            65.1737559293912,
            54.07847072439661,
            54.07847072439661,
            50.240641105911195,
            46.259562108095004,
            29.69548740007291,
            29.695487400072906,
            29.695487400072906,
            29.69548740007291,
            29.69548740007292,
            29.69548740007292,
            29.695487400072974,
            29.695487400072974,
            24.1273195096999,
            0.0,
            27.53094778360801,
            31.2792728745557,
            35.817480594280205,
            35.81748059428021,
            35.817480594280156,
            35.81748059428012,
            35.81748059428012,
            35.817480594280205,
            35.817480594280205,
            35.81748059428011,
            35.81748059428011,
            39.693427693474206,
            39.693427693474206,
            39.693427693474206,
            39.69342769347416,
            39.693427693474206,
            39.693427693474206,
            39.693427693474206
        ],
        [
            65.1737559293912,
            65.1737559293912,
            54.07847072439661,
            54.07847072439661,
            50.240641105911195,
            46.259562108095004,
            29.69548740007291,
            29.695487400072906,
            29.695487400072906,
            29.69548740007291,
            29.69548740007292,
            29.69548740007292,
            29.695487400072974,
            29.695487400072974,
            27.530947783608006,
            27.53094778360801,
            0.0,
            31.2792728745557,
            35.817480594280205,
            35.81748059428021,
            35.817480594280156,
            35.81748059428012,
            35.81748059428012,
            35.817480594280205,
            35.817480594280205,
            35.81748059428011,
            35.81748059428011,
            39.693427693474206,
            39.693427693474206,
            39.693427693474206,
            39.69342769347416,
            39.693427693474206,
            39.693427693474206,
            39.693427693474206
        ],
        [
            65.17375592939129,
            65.17375592939129,
            54.0784707243967,
            54.0784707243967,
            50.24064110591129,
            46.259562108095096,
            31.279272874555605,
            31.279272874555602,
            31.279272874555602,
            31.279272874555605,
            31.279272874555616,
            31.279272874555616,
            31.27927287455567,
            31.27927287455567,
            31.279272874555698,
            31.2792728745557,
            31.2792728745557,
            0.0,
            35.8174805942803,
            35.8174805942803,
            35.817480594280255,
            35.81748059428021,
            35.81748059428021,
            35.8174805942803,
            35.8174805942803,
            35.817480594280205,
            35.817480594280205,
            39.6934276934743,
            39.69342769347429,
            39.69342769347429,
            39.69342769347426,
            39.6934276934743,
            39.6934276934743,
            39.6934276934743
        ],
        [
            65.1737559293912,
            65.1737559293912,
            54.0784707243966,
            54.0784707243966,
            50.24064110591119,
            46.259562108095,
            35.81748059428011,
            35.817480594280106,
            35.817480594280106,
            35.81748059428011,
            35.81748059428012,
            35.81748059428012,
            35.81748059428017,
            35.81748059428017,
            35.8174805942802,
            35.817480594280205,
            35.817480594280205,
            35.8174805942803,
            0.0,
            30.580345909387777,
            30.580345909387727,
            30.580345909387688,
            30.580345909387688,
            30.580345909387773,
            30.580345909387773,
            30.58034590938768,
            30.58034590938768,
            39.6934276934742,
            39.69342769347419,
            39.69342769347419,
            39.69342769347416,
            39.6934276934742,
            39.6934276934742,
            39.6934276934742
        ],
        [
            65.1737559293912,
            65.1737559293912,
            54.07847072439661,
            54.07847072439661,
            50.240641105911195,
            46.259562108095,
            35.81748059428011,
            35.81748059428011,
            35.81748059428011,
            35.81748059428011,
            35.81748059428013,
            35.81748059428013,
            35.81748059428018,
            35.81748059428018,
            35.817480594280205,
            35.81748059428021,
            35.81748059428021,
            35.8174805942803,
            30.580345909387777,
            0.0,
            20.710348947727052,
            20.710348947727013,
            20.710348947727013,
            28.70870086802329,
            28.70870086802329,
            28.708700868023197,
            28.708700868023197,
            39.693427693474206,
            39.6934276934742,
            39.6934276934742,
            39.69342769347416,
            39.693427693474206,
            39.693427693474206,
            39.693427693474206
        ],
        [
            65.17375592939115,
            65.17375592939115,
            54.07847072439655,
            54.07847072439655,
            50.24064110591114,
            46.259562108094954,
            35.81748059428006,
            35.817480594280056,
            35.817480594280056,
            35.81748059428006,
            35.81748059428007,
            35.81748059428007,
            35.81748059428013,
            35.81748059428013,
            35.817480594280156,
            35.817480594280156,
            35.817480594280156,
            35.817480594280255,
            30.580345909387727,
            20.710348947727052,
            0.0,
            16.372562789644974,
            16.372562789644974,
            28.70870086802324,
            28.70870086802324,
            28.708700868023147,
            28.708700868023147,
            39.69342769347415,
            39.69342769347415,
            39.69342769347415,
            39.69342769347411,
            39.69342769347415,
            39.69342769347415,
            39.69342769347415
        ],
        [
            65.17375592939112,
            65.17375592939112,
            54.07847072439652,
            54.07847072439652,
            50.2406411059111,
            46.25956210809491,
            35.81748059428003,
            35.81748059428002,
            35.81748059428002,
            35.81748059428003,
            35.817480594280035,
            35.817480594280035,
            35.817480594280084,
            35.817480594280084,
            35.81748059428011,
            35.81748059428012,
            35.81748059428012,
            35.81748059428021,
            30.580345909387688,
            20.710348947727013,
            16.372562789644974,
            0.0,
            12.671315448966823,
            28.7087008680232,
            28.7087008680232,
            28.708700868023108,
            28.708700868023108,
            39.69342769347411,
            39.693427693474106,
            39.693427693474106,
            39.69342769347408,
            39.69342769347411,
            39.69342769347411,
            39.69342769347411
        ],
        [
            65.17375592939112,
            65.17375592939112,
            54.07847072439652,
            54.07847072439652,
            50.2406411059111,
            46.25956210809491,
            35.81748059428003,
            35.81748059428002,
            35.81748059428002,
            35.81748059428003,
            35.817480594280035,
            35.817480594280035,
            35.817480594280084,
            35.817480594280084,
            35.81748059428011,
            35.81748059428012,
            35.81748059428012,
            35.81748059428021,
            30.580345909387688,
            20.710348947727013,
            16.372562789644974,
            12.671315448966823,
            0.0,
            28.7087008680232,
            28.7087008680232,
            28.708700868023108,
            28.708700868023108,
            39.69342769347411,
            39.693427693474106,
            39.693427693474106,
            39.69342769347408,
            39.69342769347411,
            39.69342769347411,
            39.69342769347411
        ],
        [
            65.1737559293912,
            65.1737559293912,
            54.0784707243966,
            54.0784707243966,
            50.24064110591119,
            46.259562108095,
            35.81748059428011,
            35.817480594280106,
            35.817480594280106,
            35.81748059428011,
            35.81748059428012,
            35.81748059428012,
            35.81748059428017,
            35.81748059428017,
            35.8174805942802,
            35.817480594280205,
            35.817480594280205,
            35.8174805942803,
            30.580345909387773,
            28.70870086802329,
            28.70870086802324,
            28.7087008680232,
            28.7087008680232,
            0.0,
            0.6276142106711831,
            20.607922534941103,
            20.607922534941103,
            39.6934276934742,
            39.69342769347419,
            39.69342769347419,
            39.69342769347416,
            39.6934276934742,
            39.6934276934742,
            39.6934276934742
        ],
        [
            65.1737559293912,
            65.1737559293912,
            54.0784707243966,
            54.0784707243966,
            50.24064110591119,
            46.259562108095,
            35.81748059428011,
            35.817480594280106,
            35.817480594280106,
            35.81748059428011,
            35.81748059428012,
            35.81748059428012,
            35.81748059428017,
            35.81748059428017,
            35.8174805942802,
            35.817480594280205,
            35.817480594280205,
            35.8174805942803,
            30.580345909387773,
            28.70870086802329,
            28.70870086802324,
            28.7087008680232,
            28.7087008680232,
            0.6276142106711831,
            0.0,
            20.607922534941103,
            20.607922534941103,
            39.6934276934742,
            39.69342769347419,
            39.69342769347419,
            39.69342769347416,
            39.6934276934742,
            39.6934276934742,
            39.6934276934742
        ],
        [
            65.1737559293911,
            65.1737559293911,
            54.07847072439651,
            54.07847072439651,
            50.240641105911095,
            46.259562108094904,
            35.81748059428001,
            35.81748059428001,
            35.81748059428001,
            35.81748059428001,
            35.81748059428003,
            35.81748059428003,
            35.817480594280084,
            35.817480594280084,
            35.81748059428011,
            35.81748059428011,
            35.81748059428011,
            35.817480594280205,
            30.58034590938768,
            28.708700868023197,
            28.708700868023147,
            28.708700868023108,
            28.708700868023108,
            20.607922534941103,
            20.607922534941103,
            0.0,
            13.065840305223404,
            39.693427693474106,
            39.693427693474106,
            39.693427693474106,
            39.693427693474064,
            39.693427693474106,
            39.693427693474106,
            39.693427693474106
        ],
        [
            65.1737559293911,
            65.1737559293911,
            54.07847072439651,
            54.07847072439651,
            50.240641105911095,
            46.259562108094904,
            35.81748059428001,
            35.81748059428001,
            35.81748059428001,
            35.81748059428001,
            35.81748059428003,
            35.81748059428003,
            35.817480594280084,
            35.817480594280084,
            35.81748059428011,
            35.81748059428011,
            35.81748059428011,
            35.817480594280205,
            30.58034590938768,
            28.708700868023197,
            28.708700868023147,
            28.708700868023108,
            28.708700868023108,
            20.607922534941103,
            20.607922534941103,
            13.065840305223404,
            0.0,
            39.693427693474106,
            39.693427693474106,
            39.693427693474106,
            39.693427693474064,
            39.693427693474106,
            39.693427693474106,
            39.693427693474106
        ],
        [
            65.1737559293912,
            65.1737559293912,
            54.07847072439661,
            54.07847072439661,
            50.240641105911195,
            46.259562108095004,
            39.693427693474106,
            39.693427693474106,
            39.693427693474106,
            39.693427693474106,
            39.69342769347412,
            39.69342769347412,
            39.69342769347418,
            39.69342769347418,
            39.693427693474206,
            39.693427693474206,
            39.693427693474206,
            39.6934276934743,
            39.6934276934742,
            39.693427693474206,
            39.69342769347415,
            39.69342769347411,
            39.69342769347411,
            39.6934276934742,
            39.6934276934742,
            39.693427693474106,
            39.693427693474106,
            0.0,
            35.110628603183,
            35.110628603183,
            35.110628603182974,
            35.11062860318301,
            35.11062860318301,
            35.11062860318301
        ],
        [
            65.1737559293912,
            65.1737559293912,
            54.07847072439661,
            54.07847072439661,
            50.240641105911195,
            46.259562108095,
            39.693427693474106,
            39.693427693474106,
            39.693427693474106,
            39.693427693474106,
            39.69342769347412,
            39.69342769347412,
            39.69342769347417,
            39.69342769347417,
            39.6934276934742,
            39.693427693474206,
            39.693427693474206,
            39.69342769347429,
            39.69342769347419,
            39.6934276934742,
            39.69342769347415,
            39.693427693474106,
            39.693427693474106,
            39.69342769347419,
            39.69342769347419,
            39.693427693474106,
            39.693427693474106,
            35.110628603183,
            0.0,
            8.768822666720595,
            31.894838840927157,
            31.894838840927196,
            31.894838840927196,
            31.894838840927196
        ],
        [
            65.1737559293912,
            65.1737559293912,
            54.07847072439661,
            54.07847072439661,
            50.240641105911195,
            46.259562108095,
            39.693427693474106,
            39.693427693474106,
            39.693427693474106,
            39.693427693474106,
            39.69342769347412,
            39.69342769347412,
            39.69342769347417,
            39.69342769347417,
            39.6934276934742,
            39.693427693474206,
            39.693427693474206,
            39.69342769347429,
            39.69342769347419,
            39.6934276934742,
            39.69342769347415,
            39.693427693474106,
            39.693427693474106,
            39.69342769347419,
            39.69342769347419,
            39.693427693474106,
            39.693427693474106,
            35.110628603183,
            8.768822666720595,
            0.0,
            31.894838840927157,
            31.894838840927196,
            31.894838840927196,
            31.894838840927196
        ],
        [
            65.17375592939116,
            65.17375592939116,
            54.07847072439657,
            54.07847072439657,
            50.24064110591115,
            46.25956210809497,
            39.69342769347407,
            39.693427693474064,
            39.693427693474064,
            39.69342769347407,
            39.69342769347408,
            39.69342769347408,
            39.693427693474135,
            39.693427693474135,
            39.69342769347416,
            39.69342769347416,
            39.69342769347416,
            39.69342769347426,
            39.69342769347416,
            39.69342769347416,
            39.69342769347411,
            39.69342769347408,
            39.69342769347408,
            39.69342769347416,
            39.69342769347416,
            39.693427693474064,
            39.693427693474064,
            35.110628603182974,
            31.894838840927157,
            31.894838840927157,
            0.0,
            29.804653850633155,
            29.804653850633155,
            29.804653850633155
        ],
        [
            65.1737559293912,
            65.1737559293912,
            54.07847072439661,
            54.07847072439661,
            50.240641105911195,
            46.259562108095004,
            39.693427693474106,
            39.693427693474106,
            39.693427693474106,
            39.693427693474106,
            39.69342769347412,
            39.69342769347412,
            39.69342769347418,
            39.69342769347418,
            39.693427693474206,
            39.693427693474206,
            39.693427693474206,
            39.6934276934743,
            39.6934276934742,
            39.693427693474206,
            39.69342769347415,
            39.69342769347411,
            39.69342769347411,
            39.6934276934742,
            39.6934276934742,
            39.693427693474106,
            39.693427693474106,
            35.11062860318301,
            31.894838840927196,
            31.894838840927196,
            29.804653850633155,
            0.0,
            7.762372105058802,
            7.762372105058802
        ],
        [
            65.1737559293912,
            65.1737559293912,
            54.07847072439661,
            54.07847072439661,
            50.240641105911195,
            46.259562108095004,
            39.693427693474106,
            39.693427693474106,
            39.693427693474106,
            39.693427693474106,
            39.69342769347412,
            39.69342769347412,
            39.69342769347418,
            39.69342769347418,
            39.693427693474206,
            39.693427693474206,
            39.693427693474206,
            39.6934276934743,
            39.6934276934742,
            39.693427693474206,
            39.69342769347415,
            39.69342769347411,
            39.69342769347411,
            39.6934276934742,
            39.6934276934742,
            39.693427693474106,
            39.693427693474106,
            35.11062860318301,
            31.894838840927196,
            31.894838840927196,
            29.804653850633155,
            7.762372105058802,
            0.0,
            2.5122444706988034
        ],
        [
            65.1737559293912,
            65.1737559293912,
            54.07847072439661,
            54.07847072439661,
            50.240641105911195,
            46.259562108095004,
            39.693427693474106,
            39.693427693474106,
            39.693427693474106,
            39.693427693474106,
            39.69342769347412,
            39.69342769347412,
            39.69342769347418,
            39.69342769347418,
            39.693427693474206,
            39.693427693474206,
            39.693427693474206,
            39.6934276934743,
            39.6934276934742,
            39.693427693474206,
            39.69342769347415,
            39.69342769347411,
            39.69342769347411,
            39.6934276934742,
            39.6934276934742,
            39.693427693474106,
            39.693427693474106,
            35.11062860318301,
            31.894838840927196,
            31.894838840927196,
            29.804653850633155,
            7.762372105058802,
            2.5122444706988034,
            0.0
        ]
    ],
    "NODE_MAPPING": {
        "0": "1",
        "1": "2",
        "2": "3",
        "3": "4",
        "4": "5",
        "5": "6",
        "6": "7",
        "7": "8",
        "8": "9",
        "9": "10",
        "10": "11",
        "11": "12",
        "12": "13",
        "13": "14",
        "14": "15",
        "15": "16",
        "16": "17",
        "17": "18",
        "18": "19",
        "19": "20",
        "20": "21",
        "21": "22",
        "22": "23",
        "23": "24",
        "24": "25",
        "25": "26",
        "26": "27",
        "27": "28",
        "28": "29",
        "29": "30",
        "30": "31",
        "31": "32",
        "32": "33",
        "33": "34"
    }
}