{
    "NEXUS_FILE_URL": "http://purl.org/phylo/treebase/phylows/study/TB2:S11596",
    "NEWICK_TREE": "(((((((((((((((54:3.5988730750793896E-4,55:0.0014563277371775762):3.6448993022406007E-4,53:3.618230289477997E-4):0.0015743936214118737,(26:7.075442779720109E-4,27:1.2025576670293692E-6):0.006283512980633982):0.0015554508610352569,((((18:8.188664471734663E-4,14:0.025805786837909378):8.761812550406312E-4,19:1.2025576670293692E-6):1.2025576670293692E-6,17:1.2025576670293692E-6):9.553688268855998E-4,24:0.007505163336138321):0.00488187824233921):2.2803457832931695E-4,25:0.005581979605840615):0.0021584295792310693,(56:0.004066707755587554,57:1.2025576670016136E-6):0.01653197118429256):0.006727778043870203,(((15:0.0023338373233265375,16:3.8854608816020486E-4):7.669788045732429E-4,13:0.0019680700955630737):0.014903347317861582,(9:0.0029260042711410084,10:7.711704635160466E-4):0.008801969781721014):0.007795801387332768):0.00400519069270755,((((((59:0.008126197919984146,66:0.003814672707000366):0.0020656311766728552,61:0.007200051402207308):9.331552093295448E-4,(65:5.097588266567699E-4,64:0.0018694219423782688):0.0030805102246125315):5.293310870928825E-4,60:1.2025576670293692E-6):0.0019275467783760325,(62:0.0018831786310734566,63:0.004582208677438915):0.005255860841274995):0.004560716643186052,35:0.009712197996738559):0.0035630754480752425):0.001429354795173421,(((33:0.0066056296745265475,34:0.00898366554175184):9.356059064772049E-4,32:0.0055389190875874406):0.00871179689381213,(29:0.013007266566872622,30:0.018128503660654743):0.005235898803598177):0.011872909096892592):0.0027211141415298123,((((46:3.886960803935746E-4,44:0.007152095796140595):1.2025576670293692E-6,45:0.001986400165910618):0.002804710224988627,((11:0.015479231691617967,12:7.022005398754638E-4):0.002784001338974079,47:0.0041210224179129284):0.0011001352698613298):0.02456602922700296,(((22:0.005847280975961461,23:0.001967806733435329):0.0038931260371344867,21:0.0066645644569656715):0.005323617437267392,20:0.011889975774589334):0.025307882405185222):0.009152193165743672):0.0026726417344629383,((((((((((52:0.004723184344749054,49:8.892415319635694E-4):1.2025576670571247E-6,50:8.237932313691354E-4):1.2025576670016136E-6,(4:0.012359941744743155,48:0.0047549057107277165):0.0021845426367002596):0.0012639597226439259,3:0.004394236048148037):0.001547101182028332,(51:0.002563806206683089,42:0.013841040459686288):4.490052599099015E-4):0.0013191028583610653,37:0.007959824505236149):0.0028747005489443977,(((43:0.004593560403971797,40:7.676658953433835E-4):1.2025576670016136E-6,(28:0.010439514422275073,41:0.0037600036855366392):5.39436194467724E-4):0.0014162055350420422,((5:0.0019290184024074175,6:7.678053244650762E-4):4.6986400743526113E-4,(7:1.2025576670016136E-6,8:0.0011542351565978493):0.0015199582884206642):8.823376592572429E-4):0.0025242168050116642):6.397240999148068E-4,36:0.015588519955555075):0.002088912106283425,38:0.005188164985543808):0.0024772359943103506,(((67:0.005954698258678837,31:0.003968215326419666):5.321384289389552E-4,58:0.0033393100479186255):0.0043334378044072586,(68:0.01125786832791223,39:0.005110544512507059):0.009444331196137162):0.004615851240505314):0.01345192699788178):0.005622244170335328,((1:1.2025576670293692E-6,2:0.0011385163879790994):0.015508760398251803,72:0.038301980269783126):0.0018635666613231738):0.003504381837352799,(((71:0.03644603596060095,75:0.029151159473087468):0.003453827882136773,74:0.03306595738169113):0.0030439538555747103,69:0.029510959398137915):0.00400044162238794):0.01647397658657021,70:0.03246794246201638):0.06423270890646611,73:0.06423270890646611);",
    "DISTANCE_MATRIX": [
        [
            0,
            0.0018162150446855152,
            0.0010862002666797987,
            0.009289828117749865,
            0.008583486397444884,
            0.011387719049285067,
            0.03637463944002098,
            0.009693873904737998,
            0.009692671347070969,
            0.01624126329865666,
            0.009664235904349061,
            0.02683936481761963,
            0.022773859619699077,
            0.03876842875470385,
            0.036823137519537516,
            0.03763568272236714,
            0.03249223936180451,
            0.030337405554179547,
            0.038679308877034024,
            0.034367783664050244,
            0.03568753118258433,
            0.03114459362231678,
            0.03250425673803828,
            0.027026196041621625,
            0.032236486177927015,
            0.03493551622429247,
            0.03024892805913107,
            0.04652895098119916,
            0.048906986848424455,
            0.04452663448778285,
            0.04851908387685408,
            0.0536403209706362,
            0.058036954806816365,
            0.06480035452256339,
            0.05963345633466638,
            0.07420571424422051,
            0.05942868309247801,
            0.06006350363154139,
            0.07064822357231273,
            0.0667687493297866,
            0.06757238101618246,
            0.06747417489653873,
            0.054185018255934636,
            0.05035107544314915,
            0.05028442458488766,
            0.06400391317729494,
            0.0563988771432795,
            0.052589705121355634,
            0.049661179357772256,
            0.060938413610775455,
            0.05328908953805435,
            0.05098974978556631,
            0.047163855276937894,
            0.057373937440670306,
            0.05069442670393187,
            0.04826000135798539,
            0.04709878828004305,
            0.047382279794230375,
            0.04853531239316122,
            0.05740336033951407,
            0.04491409326321938,
            0.052684818015895585,
            0.050698335083636414,
            0.04953729137619642,
            0.06256674304791993,
            0.056419419232514756,
            0.046792539073060774,
            0.047929852903372844,
            0.06958455638692507,
            0.07986765061387194,
            0.07257277412635846,
            0.07303374415282535,
            0.06643479231369742,
            0.08186531034175816,
            0.177862785692674
        ],
        [
            0.0018162150446855152,
            0,
            0.002182640696349436,
            0.010386268547419503,
            0.009679926827114521,
            0.012484159478954704,
            0.037471079869690616,
            0.010790314334407636,
            0.010789111776740606,
            0.017337703728326298,
            0.010760676334018698,
            0.027935805247289267,
            0.023870300049368715,
            0.039864869184373486,
            0.03791957794920715,
            0.03873212315203678,
            0.033588679791474146,
            0.031433845983849185,
            0.03977574930670366,
            0.03546422409371988,
            0.03678397161225397,
            0.03224103405198642,
            0.033600697167707916,
            0.028122636471291262,
            0.03333292660759665,
            0.03603195665396211,
            0.03134536848880071,
            0.0476253914108688,
            0.05000342727809409,
            0.04562307491745249,
            0.04961552430652372,
            0.05473676140030584,
            0.059133395236486,
            0.06589679495223302,
            0.06072989676433602,
            0.07530215467389015,
            0.060525123522147645,
            0.06115994406121103,
            0.07174466400198237,
            0.06786518975945624,
            0.0686688214458521,
            0.06857061532620837,
            0.05528145868560427,
            0.05144751587281879,
            0.0513808650145573,
            0.06510035360696458,
            0.05749531757294914,
            0.05368614555102527,
            0.05075761978744189,
            0.06203485404044509,
            0.054385529967723986,
            0.052086190215235945,
            0.04826029570660753,
            0.05847037787033994,
            0.05179086713360151,
            0.049356441787655025,
            0.048195228709712684,
            0.04847872022390001,
            0.04963175282283086,
            0.05849980076918371,
            0.046010533692889016,
            0.05378125844556522,
            0.05179477551330605,
            0.050633731805866056,
            0.06366318347758956,
            0.05751585966218439,
            0.04788897950273041,
            0.04902629333304248,
            0.0706809968165947,
            0.08096409104354158,
            0.0736692145560281,
            0.07413018458249498,
            0.06753123274336706,
            0.0829617507714278,
            0.17895922612234363
        ],
        [
            0.0010862002666797987,
            0.002182640696349436,
            0,
            0.008927273908965666,
            0.008220932188660685,
            0.011025164840500867,
            0.03601208523123678,
            0.0093313196959538,
            0.00933011713828677,
            0.01587870908987246,
            0.009301681695564862,
            0.02647681060883543,
            0.022411305410914878,
            0.03840587454591965,
            0.03646058331075332,
            0.03727312851358294,
            0.03212968515302031,
            0.029974851345395348,
            0.038316754668249825,
            0.034005229455266045,
            0.03532497697380013,
            0.03078203941353258,
            0.03214170252925408,
            0.026663641832837426,
            0.031873931969142816,
            0.034572962015508274,
            0.02988637385034687,
            0.046166396772414964,
            0.048544432639640256,
            0.04416408027899865,
            0.04815652966806988,
            0.053277766761852,
            0.057674400598032166,
            0.06443780031377919,
            0.05927090212588218,
            0.07384316003543631,
            0.05906612888369381,
            0.059700949422757194,
            0.07028566936352854,
            0.0664061951210024,
            0.06720982680739826,
            0.06711162068775453,
            0.05382246404715044,
            0.04998852123436495,
            0.04992187037610346,
            0.06364135896851074,
            0.0560363229344953,
            0.052227150912571435,
            0.04929862514898806,
            0.060575859401991256,
            0.05292653532927015,
            0.05062719557678211,
            0.046801301068153695,
            0.057011383231886106,
            0.05033187249514767,
            0.04789744714920119,
            0.04673623407125885,
            0.047019725585446176,
            0.048172758184377024,
            0.05704080613072987,
            0.04455153905443518,
            0.052322263807111385,
            0.050335780874852215,
            0.04917473716741222,
            0.06220418883913573,
            0.05605686502373056,
            0.046429984864276574,
            0.047567298694588644,
            0.06922200217814087,
            0.07950509640508774,
            0.07221021991757426,
            0.07267118994404115,
            0.06607223810491322,
            0.08150275613297396,
            0.1775002314838898
        ],
        [
            0.009289828117749865,
            0.010386268547419503,
            0.008927273908965666,
            0,
            0.0007087468356390403,
            0.016080005448747187,
            0.0410669258394831,
            0.014386160304200118,
            0.014384957746533089,
            0.02093354969811878,
            0.014356522303811181,
            0.03153165121708175,
            0.027466146019161197,
            0.04346071515416597,
            0.041515423918999636,
            0.04232796912182926,
            0.03718452576126663,
            0.03502969195364167,
            0.043371595276496144,
            0.039060070063512364,
            0.04037981758204645,
            0.0358368800217789,
            0.0371965431375004,
            0.031718482441083745,
            0.036928772577389135,
            0.03962780262375459,
            0.03494121445859319,
            0.05122123738066128,
            0.053599273247886575,
            0.04921892088724497,
            0.0532113702763162,
            0.05833260737009832,
            0.06272924120627849,
            0.0694926409220255,
            0.0643257427341285,
            0.07889800064368263,
            0.06412096949194013,
            0.06475579003100351,
            0.07534050997177485,
            0.07146103572924872,
            0.07226466741564458,
            0.07216646129600085,
            0.058877304655396756,
            0.05504336184261127,
            0.05497671098434978,
            0.06869619957675706,
            0.06109116354274162,
            0.057281991520817754,
            0.054353465757234376,
            0.06563070001023757,
            0.05798137593751647,
            0.05568203618502843,
            0.051856141676400014,
            0.062066223840132426,
            0.05538671310339399,
            0.05295228775744751,
            0.05179107467950517,
            0.052074566193692495,
            0.05322759879262334,
            0.06209564673897619,
            0.0496063796626815,
            0.057377104415357705,
            0.055390621483098534,
            0.05422957777565854,
            0.06725902944738205,
            0.061111705631976876,
            0.051484825472522894,
            0.052622139302834964,
            0.07427684278638719,
            0.08455993701333406,
            0.07726506052582058,
            0.07772603055228747,
            0.07112707871315954,
            0.08655759674122028,
            0.18255507209213612
        ],
        [
            0.008583486397444884,
            0.009679926827114521,
            0.008220932188660685,
            0.0007087468356390403,
            0,
            0.015373663728442205,
            0.04036058411917812,
            0.013679818583895137,
            0.013678616026228108,
            0.0202272079778138,
            0.0136501805835062,
            0.030825309496776768,
            0.026759804298856216,
            0.04275437343386099,
            0.040809082198694654,
            0.04162162740152428,
            0.03647818404096165,
            0.034323350233336686,
            0.04266525355619116,
            0.03835372834320738,
            0.03967347586174147,
            0.03513053830147392,
            0.03649020141719542,
            0.031012140720778764,
            0.036222430857084154,
            0.03892146090344961,
            0.03423487273828821,
            0.0505148956603563,
            0.052892931527581594,
            0.04851257916693999,
            0.05250502855601122,
            0.05762626564979334,
            0.062022899485973504,
            0.06878629920172052,
            0.06361940101382352,
            0.07819165892337765,
            0.06341462777163515,
            0.06404944831069853,
            0.07463416825146987,
            0.07075469400894374,
            0.0715583256953396,
            0.07146011957569587,
            0.058170962935091775,
            0.05433702012230629,
            0.0542703692640448,
            0.06798985785645208,
            0.06038482182243664,
            0.05657564980051277,
            0.053647124036929394,
            0.0649243582899326,
            0.05727503421721149,
            0.054975694464723446,
            0.05114979995609503,
            0.061359882119827444,
            0.05468037138308901,
            0.05224594603714253,
            0.051084732959200185,
            0.051368224473387514,
            0.05252125707231836,
            0.06138930501867121,
            0.04890003794237652,
            0.05667076269505272,
            0.05468427976279355,
            0.05352323605535356,
            0.06655268772707706,
            0.060405363911671894,
            0.05077848375221791,
            0.05191579758252998,
            0.0735705010660822,
            0.08385359529302908,
            0.0765587188055156,
            0.07701968883198249,
            0.07042073699285456,
            0.0858512550209153,
            0.18184873037183114
        ],
        [
            0.011387719049285067,
            0.012484159478954704,
            0.011025164840500867,
            0.016080005448747187,
            0.015373663728442205,
            0,
            0.026624653285082844,
            0.0016962502598811269,
            0.0016974528175481562,
            0.010156782422905047,
            0.013343511513275869,
            0.030518640426546437,
            0.026453135228625885,
            0.042447704363630656,
            0.040502413128464324,
            0.04131495833129395,
            0.03617151497073132,
            0.034016681163106355,
            0.04235858448596083,
            0.03804705927297705,
            0.03936680679151114,
            0.03482386923124359,
            0.036183532346965086,
            0.030705471650548433,
            0.03591576178685382,
            0.03861479183321928,
            0.03392820366805788,
            0.05020822659012597,
            0.05258626245735126,
            0.04820591009670966,
            0.05219835948578089,
            0.05731959657956301,
            0.06171623041574317,
            0.0684796301314902,
            0.06331273194359319,
            0.07788498985314732,
            0.06310795870140481,
            0.0637427792404682,
            0.07432749918123954,
            0.07044802493871341,
            0.07125165662510927,
            0.07115345050546554,
            0.057864293864861444,
            0.05403035105207596,
            0.05396370019381447,
            0.06768318878622175,
            0.06007815275220631,
            0.05626898073028244,
            0.053340454966699063,
            0.06461768921970226,
            0.056968365146981156,
            0.054669025394493115,
            0.0508431308858647,
            0.06105321304959711,
            0.05437370231285868,
            0.051939276966912196,
            0.050778063888969854,
            0.05106155540315718,
            0.05221458800208803,
            0.06108263594844088,
            0.048593368872146186,
            0.05636409362482239,
            0.05437761069256322,
            0.053216566985123226,
            0.06624601865684673,
            0.06009869484144156,
            0.05047181468198758,
            0.05160912851229965,
            0.07326383199585187,
            0.08354692622279875,
            0.07625204973528527,
            0.07671301976175215,
            0.07011406792262423,
            0.08554458595068497,
            0.1815420613016008
        ],
        [
            0.03637463944002098,
            0.037471079869690616,
            0.03601208523123678,
            0.0410669258394831,
            0.04036058411917812,
            0.026624653285082844,
            0,
            0.02668317065061704,
            0.026684373208284068,
            0.03514370281364096,
            0.03833043190401178,
            0.05550556081728235,
            0.051440055619361796,
            0.06743462475436657,
            0.06548933351920024,
            0.06630187872202986,
            0.06115843536146723,
            0.059003601553842266,
            0.06734550487669674,
            0.06303397966371296,
            0.06435372718224705,
            0.0598107896219795,
            0.061170452737701,
            0.055692392041284344,
            0.060902682177589734,
            0.06360171222395519,
            0.05891512405879379,
            0.07519514698086188,
            0.07757318284808717,
            0.07319283048744557,
            0.0771852798765168,
            0.08230651697029892,
            0.08670315080647908,
            0.0934665505222261,
            0.0882996523343291,
            0.10287191024388323,
            0.08809487909214073,
            0.08872969963120411,
            0.09931441957197545,
            0.09543494532944932,
            0.09623857701584518,
            0.09614037089620145,
            0.08285121425559736,
            0.07901727144281187,
            0.07895062058455038,
            0.09267010917695766,
            0.08506507314294222,
            0.08125590112101835,
            0.07832737535743498,
            0.08960460961043817,
            0.08195528553771707,
            0.07965594578522903,
            0.07583005127660061,
            0.08604013344033302,
            0.07936062270359459,
            0.07692619735764811,
            0.07576498427970577,
            0.0760484757938931,
            0.07720150839282394,
            0.08606955633917679,
            0.0735802892628821,
            0.0813510140155583,
            0.07936453108329913,
            0.07820348737585914,
            0.09123293904758265,
            0.08508561523217748,
            0.07545873507272349,
            0.07659604890303556,
            0.09825075238658779,
            0.10853384661353466,
            0.10123897012602118,
            0.10169994015248807,
            0.09510098831336014,
            0.11053150634142088,
            0.2065289816923367
        ],
        [
            0.009693873904737998,
            0.010790314334407636,
            0.0093313196959538,
            0.014386160304200118,
            0.013679818583895137,
            0.0016962502598811269,
            0.02668317065061704,
            0,
            3.6076730010881075e-06,
            0.00846293727835798,
            0.0116496663687288,
            0.02882479528199937,
            0.024759290084078817,
            0.04075385921908359,
            0.038808567983917255,
            0.03962111318674688,
            0.03447766982618425,
            0.03232283601855929,
            0.040664739341413764,
            0.036353214128429984,
            0.03767296164696407,
            0.03313002408669652,
            0.03448968720241802,
            0.029011626506001365,
            0.034221916642306754,
            0.03692094668867221,
            0.03223435852351081,
            0.0485143814455789,
            0.050892417312804195,
            0.04651206495216259,
            0.05050451434123382,
            0.05562575143501594,
            0.060022385271196105,
            0.06678578498694313,
            0.06161888679904612,
            0.07619114470860025,
            0.06141411355685775,
            0.06204893409592113,
            0.07263365403669247,
            0.06875417979416634,
            0.0695578114805622,
            0.06945960536091847,
            0.056170448720314375,
            0.05233650590752889,
            0.0522698550492674,
            0.06598934364167468,
            0.05838430760765924,
            0.054575135585735374,
            0.051646609822151995,
            0.0629238440751552,
            0.05527452000243409,
            0.05297518024994605,
            0.04914928574131763,
            0.059359367905050045,
            0.05267985716831161,
            0.05024543182236513,
            0.049084218744422786,
            0.049367710258610115,
            0.05052074285754096,
            0.05938879080389381,
            0.04689952372759912,
            0.054670248480275324,
            0.052683765548016154,
            0.05152272184057616,
            0.06455217351229967,
            0.058404849696894495,
            0.04877796953744051,
            0.04991528336775258,
            0.0715699868513048,
            0.08185308107825168,
            0.0745582045907382,
            0.07501917461720509,
            0.06842022277807716,
            0.0838507408061379,
            0.17984821615705374
        ],
        [
            0.009692671347070969,
            0.010789111776740606,
            0.00933011713828677,
            0.014384957746533089,
            0.013678616026228108,
            0.0016974528175481562,
            0.026684373208284068,
            3.6076730010881075e-06,
            0,
            0.00846173472069095,
            0.011648463811061771,
            0.02882359272433234,
            0.024758087526411787,
            0.04075265666141656,
            0.038807365426250226,
            0.03961991062907985,
            0.03447646726851722,
            0.03232163346089226,
            0.040663536783746734,
            0.036352011570762954,
            0.03767175908929704,
            0.03312882152902949,
            0.03448848464475099,
            0.029010423948334335,
            0.034220714084639725,
            0.03691974413100518,
            0.03223315596584378,
            0.04851317888791187,
            0.050891214755137165,
            0.04651086239449556,
            0.05050331178356679,
            0.05562454887734891,
            0.060021182713529075,
            0.0667845824292761,
            0.06161768424137909,
            0.07618994215093322,
            0.06141291099919072,
            0.0620477315382541,
            0.07263245147902544,
            0.06875297723649931,
            0.06955660892289517,
            0.06945840280325144,
            0.056169246162647346,
            0.05233530334986186,
            0.05226865249160037,
            0.06598814108400765,
            0.05838310504999221,
            0.054573933028068344,
            0.051645407264484966,
            0.06292264151748816,
            0.05527331744476706,
            0.05297397769227902,
            0.049148083183650604,
            0.059358165347383016,
            0.05267865461064458,
            0.0502442292646981,
            0.04908301618675576,
            0.049366507700943085,
            0.05051954029987393,
            0.05938758824622678,
            0.04689832116993209,
            0.054669045922608295,
            0.052682562990349124,
            0.05152151928290913,
            0.06455097095463264,
            0.058403647139227466,
            0.048776766979773484,
            0.049914080810085554,
            0.07156878429363778,
            0.08185187852058465,
            0.07455700203307117,
            0.07501797205953806,
            0.06841902022041013,
            0.08384953824847087,
            0.1798470135993867
        ],
        [
            0.01624126329865666,
            0.017337703728326298,
            0.01587870908987246,
            0.02093354969811878,
            0.0202272079778138,
            0.010156782422905047,
            0.03514370281364096,
            0.00846293727835798,
            0.00846173472069095,
            0,
            0.018197055762647463,
            0.03537218467591803,
            0.03130667947799748,
            0.04730124861300225,
            0.04535595737783592,
            0.046168502580665544,
            0.04102505922010291,
            0.03887022541247795,
            0.047212128735332426,
            0.042900603522348646,
            0.04422035104088273,
            0.03967741348061518,
            0.04103707659633668,
            0.03555901589992003,
            0.04076930603622542,
            0.043468336082590875,
            0.03878174791742947,
            0.055061770839497565,
            0.05743980670672286,
            0.05305945434608125,
            0.05705190373515248,
            0.0621731408289346,
            0.06656977466511477,
            0.07333317438086179,
            0.06816627619296478,
            0.08273853410251891,
            0.06796150295077641,
            0.0685963234898398,
            0.07918104343061114,
            0.075301569188085,
            0.07610520087448086,
            0.07600699475483713,
            0.06271783811423304,
            0.05888389530144755,
            0.05881724444318606,
            0.07253673303559334,
            0.0649316970015779,
            0.061122524979654036,
            0.05819399921607066,
            0.06947123346907386,
            0.06182190939635275,
            0.05952256964386471,
            0.055696675135236295,
            0.06590675729896871,
            0.059227246562230274,
            0.05679282121628379,
            0.05563160813834145,
            0.05591509965252878,
            0.057068132251459625,
            0.06593618019781247,
            0.05344691312151778,
            0.061217637874193986,
            0.059231154941934816,
            0.05807011123449482,
            0.07109956290621833,
            0.06495223909081316,
            0.055325358931359175,
            0.056462672761671245,
            0.07811737624522347,
            0.08840047047217034,
            0.08110559398465686,
            0.08156656401112375,
            0.07496761217199582,
            0.09039813020005656,
            0.1863956055509724
        ],
        [
            0.009664235904349061,
            0.010760676334018698,
            0.009301681695564862,
            0.014356522303811181,
            0.0136501805835062,
            0.013343511513275869,
            0.03833043190401178,
            0.0116496663687288,
            0.011648463811061771,
            0.018197055762647463,
            0,
            0.028339088124951797,
            0.024273582927031245,
            0.04026815206203602,
            0.038322860826869684,
            0.03913540602969931,
            0.03399196266913668,
            0.031837128861511715,
            0.04017903218436619,
            0.03586750697138241,
            0.0371872544899165,
            0.03264431692964895,
            0.03400398004537045,
            0.028525919348953793,
            0.03373620948525918,
            0.03643523953162464,
            0.03174865136646324,
            0.04802867428853133,
            0.05040671015575662,
            0.04602635779511502,
            0.05001880718418625,
            0.05514004427796837,
            0.059536678114148534,
            0.06630007782989555,
            0.06113317964199855,
            0.07570543755155268,
            0.060928406399810175,
            0.06156322693887356,
            0.0721479468796449,
            0.06826847263711877,
            0.06907210432351463,
            0.0689738982038709,
            0.055684741563266804,
            0.05185079875048132,
            0.05178414789221983,
            0.0655036364846271,
            0.05789860045061167,
            0.0540894284286878,
            0.051160902665104424,
            0.06243813691810762,
            0.05478881284538652,
            0.052489473092898475,
            0.04866357858427006,
            0.058873660748002474,
            0.05219415001126404,
            0.049759724665317556,
            0.048598511587375215,
            0.04888200310156254,
            0.05003503570049339,
            0.05890308364684624,
            0.04641381657055155,
            0.05418454132322775,
            0.05219805839096858,
            0.051037014683528587,
            0.0640664663552521,
            0.057919142539846924,
            0.04829226238039294,
            0.04942957621070501,
            0.07108427969425724,
            0.0813673739212041,
            0.07407249743369063,
            0.07453346746015752,
            0.06793451562102959,
            0.08336503364909033,
            0.17936250900000617
        ],
        [
            0.02683936481761963,
            0.027935805247289267,
            0.02647681060883543,
            0.03153165121708175,
            0.030825309496776768,
            0.030518640426546437,
            0.05550556081728235,
            0.02882479528199937,
            0.02882359272433234,
            0.03537218467591803,
            0.028339088124951797,
            0,
            0.004067910313254555,
            0.053126421816844446,
            0.051181130581678114,
            0.05199367578450774,
            0.04685023242394511,
            0.044695398616320145,
            0.05303730193917462,
            0.04872577672619084,
            0.05004552424472493,
            0.04550258668445738,
            0.046862249800178876,
            0.04138418910376222,
            0.04659447924006761,
            0.04929350928643307,
            0.04460692112127167,
            0.06088694404333976,
            0.06326497991056505,
            0.05888462754992345,
            0.06287707693899468,
            0.0679983140327768,
            0.07239494786895696,
            0.07915834758470398,
            0.07399144939680698,
            0.08856370730636111,
            0.0737866761546186,
            0.07442149669368199,
            0.08500621663445333,
            0.0811267423919272,
            0.08193037407832306,
            0.08183216795867933,
            0.06854301131807523,
            0.06470906850528975,
            0.06464241764702826,
            0.07836190623943554,
            0.0707568702054201,
            0.06694769818349623,
            0.06401917241991285,
            0.07529640667291605,
            0.06764708260019495,
            0.0653477428477069,
            0.06152184833907849,
            0.0717319305028109,
            0.06505241976607247,
            0.06261799442012599,
            0.061456781342183645,
            0.06174027285637097,
            0.06289330545530182,
            0.07176135340165467,
            0.05927208632535998,
            0.06704281107803618,
            0.06505632814577701,
            0.06389528443833702,
            0.07692473611006052,
            0.07077741229465535,
            0.06115053213520137,
            0.06228784596551344,
            0.08394254944906566,
            0.09422564367601254,
            0.08693076718849906,
            0.08739173721496594,
            0.08079278537583802,
            0.09622330340389876,
            0.19222077875481458
        ],
        [
            0.022773859619699077,
            0.023870300049368715,
            0.022411305410914878,
            0.027466146019161197,
            0.026759804298856216,
            0.026453135228625885,
            0.051440055619361796,
            0.024759290084078817,
            0.024758087526411787,
            0.03130667947799748,
            0.024273582927031245,
            0.004067910313254555,
            0,
            0.049060916618923894,
            0.04711562538375756,
            0.04792817058658719,
            0.042784727226024555,
            0.04062989341839959,
            0.04897179674125407,
            0.04466027152827029,
            0.04598001904680438,
            0.041437081486536825,
            0.042796744602258324,
            0.03731868390584167,
            0.04252897404214706,
            0.04522800408851252,
            0.040541415923351115,
            0.05682143884541921,
            0.0591994747126445,
            0.0548191223520029,
            0.058811571741074126,
            0.06393280883485625,
            0.06832944267103641,
            0.07509284238678343,
            0.06992594419888642,
            0.08449820210844056,
            0.06972117095669805,
            0.07035599149576144,
            0.08094071143653278,
            0.07706123719400665,
            0.0778648688804025,
            0.07776666276075878,
            0.06447750612015468,
            0.0606435633073692,
            0.060576912449107706,
            0.07429640104151498,
            0.06669136500749955,
            0.06288219298557568,
            0.0599536672219923,
            0.0712309014749955,
            0.0635815774022744,
            0.06128223764978635,
            0.05745634314115794,
            0.06766642530489035,
            0.06098691456815192,
            0.058552489222205434,
            0.05739127614426309,
            0.05767476765845042,
            0.05882780025738127,
            0.06769584820373412,
            0.055206581127439425,
            0.06297730588011563,
            0.06099082294785646,
            0.059829779240416464,
            0.07285923091213997,
            0.0667119070967348,
            0.05708502693728082,
            0.05822234076759289,
            0.07987704425114511,
            0.09016013847809198,
            0.0828652619905785,
            0.08332623201704539,
            0.07672728017791747,
            0.0921577982059782,
            0.18815527355689404
        ],
        [
            0.03876842875470385,
            0.039864869184373486,
            0.03840587454591965,
            0.04346071515416597,
            0.04275437343386099,
            0.042447704363630656,
            0.06743462475436657,
            0.04075385921908359,
            0.04075265666141656,
            0.04730124861300225,
            0.04026815206203602,
            0.053126421816844446,
            0.049060916618923894,
            0,
            0.0027223834114867423,
            0.005068886223462854,
            0.029732137498623384,
            0.027577303690998423,
            0.051510809788518436,
            0.047199284575534656,
            0.04851903209406874,
            0.04397609453380119,
            0.04533575764952269,
            0.03985769695310604,
            0.045067987089411427,
            0.047767017135776885,
            0.04308042897061548,
            0.059360451892683574,
            0.06173848775990887,
            0.05735813539926726,
            0.06135058478833849,
            0.06647182188212061,
            0.07086845571830078,
            0.0776318554340478,
            0.07246495724615079,
            0.08703721515570492,
            0.07226018400396242,
            0.0728950045430258,
            0.08347972448379715,
            0.07960025024127101,
            0.08040388192766687,
            0.08030567580802314,
            0.06701651916741905,
            0.06318257635463356,
            0.06311592549637207,
            0.07683541408877935,
            0.06923037805476391,
            0.06542120603284005,
            0.06249268026925667,
            0.07376991452225987,
            0.06612059044953876,
            0.06382125069705072,
            0.059995356188422305,
            0.07020543835215472,
            0.06352592761541628,
            0.0610915022694698,
            0.05993028919152746,
            0.06021378070571479,
            0.061366813304645634,
            0.07023486125099848,
            0.05774559417470379,
            0.06551631892738,
            0.06352983599512083,
            0.06236879228768083,
            0.07539824395940434,
            0.06925092014399917,
            0.059624039984545185,
            0.060761353814857255,
            0.08241605729840948,
            0.09269915152535635,
            0.08540427503784287,
            0.08586524506430976,
            0.07926629322518183,
            0.09469681125324257,
            0.19069428660415838
        ],
        [
            0.036823137519537516,
            0.03791957794920715,
            0.03646058331075332,
            0.041515423918999636,
            0.040809082198694654,
            0.040502413128464324,
            0.06548933351920024,
            0.038808567983917255,
            0.038807365426250226,
            0.04535595737783592,
            0.038322860826869684,
            0.051181130581678114,
            0.04711562538375756,
            0.0027223834114867423,
            0,
            0.0031235949882965214,
            0.027786846263457052,
            0.02563201245583209,
            0.0495655185533521,
            0.04525399334036832,
            0.04657374085890241,
            0.04203080329863486,
            0.04339046641435636,
            0.037912405717939704,
            0.043122695854245094,
            0.04582172590061055,
            0.04113513773544915,
            0.05741516065751724,
            0.059793196524742534,
            0.05541284416410093,
            0.05940529355317216,
            0.06452653064695428,
            0.06892316448313444,
            0.07568656419888146,
            0.07051966601098446,
            0.08509192392053859,
            0.07031489276879609,
            0.07094971330785947,
            0.08153443324863081,
            0.07765495900610468,
            0.07845859069250054,
            0.07836038457285681,
            0.06507122793225271,
            0.06123728511946723,
