{
    "NEXUS_FILE_URL": "http://purl.org/phylo/treebase/phylows/study/TB2:S15277",
    "NEWICK_TREE": "((1:0.01894389802421521,2:0.004403988206888625):0.027834322459947304,((21:0.007330397043012668,(20:0.007951646138248655,(18:0.003557511818926449,19:0.003373639439524919):0.008449950949475154):0.00507654330351969):0.1069510682978232,(((8:0.2749670905896723,17:0.147525297528062):0.06625893121928512,(24:0.008070950290295135,(22:0.003159194908132984,23:0.003562756546530387):0.003569976933374591):0.1200407284894899):0.0486846175624459,((3:0.003472904367859649,4:0.003314488108410754):0.01218840965647549,((7:0.003471064558188523,(5:0.003435344270981739,6:0.003622772003162221):0.003681284117991979):0.008873062253838868,(11:0.003416726326727047,((16:0.003647981049539083,(9:0.003505439842031379,15:0.003541968403030988):0.004185783954926161):0.00326444299010766,((10:0.003474751208720428,12:0.003323459322459178):0.004217021850444204,(13:0.003455621737911904,14:0.003367402603509185):0.003582033759260795):0.002935968044486781):0.003727367236382832):0.009128675060354294):0.02415444123659267):0.1408787288756643):0.04859768642737759):0.027834322459947304);",
    "DISTANCE_MATRIX": [
        [
            0.0,
            0.023347886231103836,
            0.18889400828494568,
            0.19459180068370135,
            0.19864761731385433,
            0.1984637449344528,
            0.5131208687428908,
            0.3856790756812805,
            0.3000065257137184,
            0.2986647472649308,
            0.29906830890332825,
            0.2797502722714868,
            0.27959185601203795,
            0.3005875262957718,
            0.304233090126557,
            0.30442051785873747,
            0.30078880087082577,
            0.3080118658201283,
            0.31205510856754676,
            0.3120916371285464,
            0.311727182884133,
            0.3115758909978717,
            0.311073065322141,
            0.3109848461877383
        ],
        [
            0.023347886231103836,
            0.0,
            0.17435409846761912,
            0.1800518908663748,
            0.18410770749652772,
            0.18392383511712618,
            0.49858095892556414,
            0.3711391658639539,
            0.2854666158963918,
            0.2841248374476042,
            0.28452839908600164,
            0.26521036245416024,
            0.2650519461947114,
            0.2860476164784452,
            0.2896931803092304,
            0.28988060804141086,
            0.28624889105349915,
            0.2934719560028017,
            0.29751519875022014,
            0.29755172731121976,
            0.29718727306680637,
            0.2970359811805451,
            0.2965331555048144,
            0.2964449363704117
        ],
        [
            0.18889400828494568,
            0.17435409846761912,
            0.0,
            0.020358586484781012,
            0.024414403114933963,
            0.02423053073553243,
            0.5527897911396168,
            0.42534799807800655,
            0.3396754481104444,
            0.33833366966165684,
            0.3387372313000543,
            0.3194191946682129,
            0.31926077840876405,
            0.3402564486924978,
            0.34390201252328306,
            0.3440894402554635,
            0.3404577232675518,
            0.34768078821685433,
            0.3517240309642728,
            0.3517605595252724,
            0.351396105280859,
            0.35124481339459773,
            0.35074198771886705,
            0.35065376858446434
        ],
        [
            0.19459180068370135,
            0.1800518908663748,
            0.020358586484781012,
            0.0,
            0.019959108906650258,
            0.01977523652724873,
            0.5584875835383725,
            0.4310457904767622,
            0.3453732405092001,
            0.3440314620604125,
            0.34443502369880996,
            0.32511698706696857,
            0.3249585708075197,
            0.3459542410912535,
            0.34959980492203874,
            0.3497872326542192,
            0.3461555156663075,
            0.35337858061561,
            0.35742182336302847,
            0.3574583519240281,
            0.3570938976796147,
            0.3569426057933534,
            0.35643978011762273,
            0.35635156098322
        ],
        [
            0.19864761731385433,
            0.18410770749652772,
            0.024414403114933963,
            0.019959108906650258,
            0.0,
            0.006931151258451368,
            0.5625434001685254,
            0.43510160710691514,
            0.349429057139353,
            0.34808727869056544,
            0.34849084032896294,
            0.32917280369712154,
            0.32901438743767264,
            0.3500100577214065,
            0.35365562155219166,
            0.35384304928437216,
            0.3502113322964604,
            0.357434397245763,
            0.3614776399931814,
            0.36151416855418106,
            0.3611497143097676,
            0.3609984224235063,
            0.36049559674777565,
            0.36040737761337294
        ],
        [
            0.1984637449344528,
            0.18392383511712618,
            0.02423053073553243,
            0.01977523652724873,
            0.006931151258451368,
            0.0,
            0.5623595277891239,
            0.4349177347275136,
            0.3492451847599515,
            0.3479034063111639,
            0.3483069679495614,
            0.32898893131772,
            0.3288305150582711,
            0.34982618534200494,
            0.3534717491727901,
            0.3536591769049706,
            0.35002745991705886,
            0.35725052486636144,
            0.36129376761377985,
            0.3613302961747795,
            0.36096584193036607,
            0.3608145500441048,
            0.3603117243683741,
            0.3602235052339714
        ],
        [
            0.5131208687428908,
            0.49858095892556414,
            0.5527897911396168,
            0.5584875835383725,
            0.5625434001685254,
            0.5623595277891239,
            0.0,
            0.42249238811773426,
            0.46933770058874247,
            0.4679959221399549,
            0.4683994837783523,
            0.5464506822714027,
            0.5462922660119538,
            0.5672879362956876,
            0.5709335001264728,
            0.5711209278586533,
            0.5674892108707417,
            0.5747122758200441,
            0.5787555185674627,
            0.5787920471284622,
            0.5784275928840488,
            0.5782763009977876,
            0.5777734753220569,
            0.5776852561876542
        ],
        [
            0.3856790756812805,
            0.3711391658639539,
            0.42534799807800655,
            0.4310457904767622,
            0.43510160710691514,
            0.4349177347275136,
            0.42249238811773426,
            0.0,
            0.34189590752713217,
            0.3405541290783446,
            0.34095769071674203,
            0.4190088892097925,
            0.4188504729503436,
            0.43984614323407745,
            0.44349170706486263,
            0.44367913479704313,
            0.44004741780913137,
            0.4472704827584339,
            0.45131372550585236,
            0.451350254066852,
            0.4509857998224386,
            0.4508345079361773,
            0.4503316822604466,
            0.4502434631260439
        ],
        [
            0.3000065257137184,
            0.2854666158963918,
            0.3396754481104444,
            0.3453732405092001,
            0.349429057139353,
            0.3492451847599515,
            0.46933770058874247,
            0.34189590752713217,
            0.0,
            0.01480012213180271,
            0.015203683770200115,
            0.3333363392422304,
            0.3331779229827815,
            0.3541735932665153,
            0.3578191570973005,
            0.358006584829481,
            0.35437486784156924,
            0.3615979327908718,
            0.36564117553829023,
            0.3656777040992899,
            0.36531324985487645,
            0.3651619579686152,
            0.3646591322928845,
            0.3645709131584818
        ],
        [
            0.2986647472649308,
            0.2841248374476042,
            0.33833366966165684,
            0.3440314620604125,
            0.34808727869056544,
            0.3479034063111639,
            0.4679959221399549,
            0.3405541290783446,
            0.01480012213180271,
            0.0,
            0.0067219514546633715,
            0.3319945607934428,
            0.3318361445339939,
            0.35283181481772774,
            0.3564773786485129,
            0.3566648063806934,
            0.35303308939278166,
            0.36025615434208424,
            0.36429939708950265,
            0.3643359256505023,
            0.3639714714060889,
            0.36382017951982765,
            0.3633173538440969,
            0.3632291347096942
        ],
        [
            0.29906830890332825,
            0.28452839908600164,
            0.3387372313000543,
            0.34443502369880996,
            0.34849084032896294,
            0.3483069679495614,
            0.4683994837783523,
            0.34095769071674203,
            0.015203683770200115,
            0.0067219514546633715,
            0.0,
            0.3323981224318402,
            0.33223970617239135,
            0.3532353764561251,
            0.35688094028691036,
            0.3570683680190908,
            0.3534366510311791,
            0.36065971598048163,
            0.3647029587279001,
            0.3647394872888997,
            0.3643750330444863,
            0.3642237411582251,
            0.36372091548249436,
            0.36363269634809164
        ],
        [
            0.2797502722714868,
            0.26521036245416024,
            0.3194191946682129,
            0.32511698706696857,
            0.32917280369712154,
            0.32898893131772,
            0.5464506822714027,
            0.4190088892097925,
            0.3333363392422304,
            0.3319945607934428,
            0.3323981224318402,
            0.0,
            0.006787392476270403,
            0.0521598820729552,
            0.0558054459037404,
            0.055992873635920884,
            0.05236115664800915,
            0.05958422159731168,
            0.06362746434473014,
            0.06366399290572974,
            0.06329953866131635,
            0.0631482467750551,
            0.06264542109932442,
            0.0625572019649217
        ],
        [
            0.27959185601203795,
            0.2650519461947114,
            0.31926077840876405,
            0.3249585708075197,
            0.32901438743767264,
            0.3288305150582711,
            0.5462922660119538,
            0.4188504729503436,
            0.3331779229827815,
            0.3318361445339939,
            0.33223970617239135,
            0.006787392476270403,
            0.0,
            0.0520014658135063,
            0.055647029644291496,
            0.05583445737647198,
            0.05220274038856025,
            0.05942580533786278,
            0.06346904808528124,
            0.06350557664628084,
            0.06314112240186745,
            0.06298983051560621,
            0.062487004839875515,
            0.0623987857054728
        ],
        [
            0.3005875262957718,
            0.2860476164784452,
            0.3402564486924978,
            0.3459542410912535,
            0.3500100577214065,
            0.34982618534200494,
            0.5672879362956876,
            0.43984614323407745,
            0.3541735932665153,
            0.35283181481772774,
            0.3532353764561251,
            0.0521598820729552,
            0.0520014658135063,
            0.0,
            0.01058769294716224,
            0.010775120679342724,
            0.02488952819910873,
            0.032112593148411264,
            0.03615583589582971,
            0.03619236445682933,
            0.03582791021241593,
            0.03567661832615468,
            0.035173792650424,
            0.035085573516021276
        ],
        [
            0.304233090126557,
            0.2896931803092304,
            0.34390201252328306,
            0.34959980492203874,
            0.35365562155219166,
            0.3534717491727901,
            0.5709335001264728,
            0.44349170706486263,
            0.3578191570973005,
            0.3564773786485129,
            0.35688094028691036,
            0.0558054459037404,
            0.055647029644291496,
            0.01058769294716224,
            0.0,
            0.007058116274143961,
            0.028535092029893926,
            0.03575815697919646,
            0.03980139972661491,
            0.039837928287614524,
            0.039473474043201125,
            0.039322182156939875,
            0.0388193564812092,
            0.03873113734680647
        ],
        [
            0.30442051785873747,
            0.28988060804141086,
            0.3440894402554635,
            0.3497872326542192,
            0.35384304928437216,
            0.3536591769049706,
            0.5711209278586533,
            0.44367913479704313,
            0.358006584829481,
            0.3566648063806934,
            0.3570683680190908,
            0.055992873635920884,
            0.05583445737647198,
            0.010775120679342724,
            0.007058116274143961,
            0.0,
            0.02872251976207441,
            0.03594558471137694,
            0.039988827458795395,
            0.040025356019795004,
            0.039660901775381605,
            0.03950960988912036,
            0.03900678421338968,
            0.03891856507898696
        ],
        [
            0.30078880087082577,
            0.28624889105349915,
            0.3404577232675518,
            0.3461555156663075,
            0.3502113322964604,
            0.35002745991705886,
            0.5674892108707417,
            0.44004741780913137,
            0.35437486784156924,
            0.35303308939278166,
            0.3534366510311791,
            0.05236115664800915,
            0.05220274038856025,
            0.02488952819910873,
            0.028535092029893926,
            0.02872251976207441,
            0.0,
            0.014056517602756622,
            0.01809976035017508,
            0.018136288911174688,
            0.017771834666761292,
            0.017620542780500043,
            0.01711771710476936,
            0.017029497970366642
        ],
        [
            0.3080118658201283,
            0.2934719560028017,
            0.34768078821685433,
            0.35337858061561,
            0.357434397245763,
            0.35725052486636144,
            0.5747122758200441,
            0.4472704827584339,
            0.3615979327908718,
            0.36025615434208424,
            0.36065971598048163,
            0.05958422159731168,
            0.05942580533786278,
            0.032112593148411264,
            0.03575815697919646,
            0.03594558471137694,
            0.014056517602756622,
            0.0,
            0.011339204846496623,
            0.011375733407496232,
            0.017540165143298155,
            0.017388873257036905,
            0.016886047581306223,
            0.016797828446903505
        ],
        [
            0.31205510856754676,
            0.29751519875022014,
            0.3517240309642728,
            0.35742182336302847,
            0.3614776399931814,
            0.36129376761377985,
            0.5787555185674627,
            0.45131372550585236,
            0.36564117553829023,
            0.36429939708950265,
            0.3647029587279001,
            0.06362746434473014,
            0.06346904808528124,
            0.03615583589582971,
            0.03980139972661491,
            0.039988827458795395,
            0.01809976035017508,
            0.011339204846496623,
            0.0,
            0.007047408245062367,
            0.021583407890716614,
            0.021432116004455364,
            0.020929290328724683,
            0.020841071194321964
        ],
        [
            0.3120916371285464,
            0.29755172731121976,
            0.3517605595252724,
            0.3574583519240281,
            0.36151416855418106,
            0.3613302961747795,
            0.5787920471284622,
            0.451350254066852,
            0.3656777040992899,
            0.3643359256505023,
            0.3647394872888997,
            0.06366399290572974,
            0.06350557664628084,
            0.03619236445682933,
            0.039837928287614524,
            0.040025356019795004,
            0.018136288911174688,
            0.011375733407496232,
            0.007047408245062367,
            0.0,
            0.021619936451716223,
            0.021468644565454973,
            0.02096581888972429,
            0.020877599755321573
        ],
        [
            0.311727182884133,
            0.29718727306680637,
            0.351396105280859,
            0.3570938976796147,
            0.3611497143097676,
            0.36096584193036607,
            0.5784275928840488,
            0.4509857998224386,
            0.36531324985487645,
            0.3639714714060889,
            0.3643750330444863,
            0.06329953866131635,
            0.06314112240186745,
            0.03582791021241593,
            0.039473474043201125,
            0.039660901775381605,
            0.017771834666761292,
            0.017540165143298155,
            0.021583407890716614,
            0.021619936451716223,
            0.0,
            0.006798210531179606,
            0.014729428556337331,
            0.014641209421934613
        ],
        [
            0.3115758909978717,
            0.2970359811805451,
            0.35124481339459773,
            0.3569426057933534,
            0.3609984224235063,
            0.3608145500441048,
            0.5782763009977876,
            0.4508345079361773,
            0.3651619579686152,
            0.36382017951982765,
            0.3642237411582251,
            0.0631482467750551,
            0.06298983051560621,
            0.03567661832615468,
            0.039322182156939875,
            0.03950960988912036,
            0.017620542780500043,
            0.017388873257036905,
            0.021432116004455364,
            0.021468644565454973,
            0.006798210531179606,
            0.0,
            0.014578136670076082,
            0.014489917535673363
        ],
        [
            0.311073065322141,
            0.2965331555048144,
            0.35074198771886705,
            0.35643978011762273,
            0.36049559674777565,
            0.3603117243683741,
            0.5777734753220569,
            0.4503316822604466,
            0.3646591322928845,
            0.3633173538440969,
            0.36372091548249436,
            0.06264542109932442,
            0.062487004839875515,
            0.035173792650424,
            0.0388193564812092,
            0.03900678421338968,
            0.01711771710476936,
            0.016886047581306223,
            0.020929290328724683,
            0.02096581888972429,
            0.014729428556337331,
            0.014578136670076082,
            0.0,
            0.00682302434142109
        ],
        [
            0.3109848461877383,
            0.2964449363704117,
            0.35065376858446434,
            0.35635156098322,
            0.36040737761337294,
            0.3602235052339714,
            0.5776852561876542,
            0.4502434631260439,
            0.3645709131584818,
            0.3632291347096942,
            0.36363269634809164,
            0.0625572019649217,
            0.0623987857054728,
            0.035085573516021276,
            0.03873113734680647,
            0.03891856507898696,
            0.017029497970366642,
            0.016797828446903505,
            0.020841071194321964,
            0.020877599755321573,
            0.014641209421934613,
            0.014489917535673363,
            0.00682302434142109,
            0.0
        ]
    ],
    "NODE_MAPPING": {
        "0": "1",
        "1": "2",
        "2": "21",
        "3": "20",
        "4": "18",
        "5": "19",
        "6": "8",
        "7": "17",
        "8": "24",
        "9": "22",
        "10": "23",
        "11": "3",
        "12": "4",
        "13": "7",
        "14": "5",
        "15": "6",
        "16": "11",
        "17": "16",
        "18": "9",
        "19": "15",
        "20": "10",
        "21": "12",
        "22": "13",
        "23": "14"
    }
}