{
    "NEXUS_FILE_URL": "http://purl.org/phylo/treebase/phylows/study/TB2:S11925",
    "NEWICK_TREE": "((45:0.00385254477637,(10:0.003774972512588,((28:0.003263071575518,1:0.003263071575518):4.1763292658E-4,((16:6.38976566625E-4,(22:2.970208712706E-4,31:2.970208712706E-4):3.419556953544E-4):0.002951650729904,37:0.003590627296529):9.007720556913E-5):9.426801048997E-5):7.757226378119E-5):5.484689976969E-4,(((((25:6.417351443712E-6,4:6.417351443712E-6):0.001347513151716,40:0.00135393050316):0.001009961516561,34:0.00236389201972):2.81968729815E-4,(13:0.002383632555983,7:0.002383632555983):2.622281935528E-4):0.001196021941671,(42:0.001014774860381,19:0.001014774860381):0.002827107830826):5.591310828601E-4);",
    "DISTANCE_MATRIX": [
        [
            0.0,
            0.0077050895527391895,
            0.00770508955273916,
            0.00770508955273916,
            0.00770508955273929,
            0.00770508955273929,
            0.00770508955273929,
            0.00770508955273929,
            0.008802027548133712,
            0.008802027548133712,
            0.008802027548134,
            0.008802027548133001,
            0.0088020275481338,
            0.0088020275481338,
            0.008802027548134,
            0.008802027548134
        ],
        [
            0.0077050895527391895,
            0.0,
            0.0075499450251759696,
            0.0075499450251759696,
            0.0075499450251761,
            0.0075499450251761,
            0.0075499450251761,
            0.0075499450251761,
            0.008802027548132902,
            0.008802027548132902,
            0.00880202754813319,
            0.008802027548132191,
            0.00880202754813299,
            0.00880202754813299,
            0.00880202754813319,
            0.00880202754813319
        ],
        [
            0.00770508955273916,
            0.0075499450251759696,
            0.0,
            0.006526143151036,
            0.007361409004196131,
            0.007361409004196131,
            0.007361409004196131,
            0.007361409004196131,
            0.008802027548132873,
            0.008802027548132873,
            0.00880202754813316,
            0.008802027548132162,
            0.00880202754813296,
            0.00880202754813296,
            0.00880202754813316,
            0.00880202754813316
        ],
        [
            0.00770508955273916,
            0.0075499450251759696,
            0.006526143151036,
            0.0,
            0.007361409004196131,
            0.007361409004196131,
            0.007361409004196131,
            0.007361409004196131,
            0.008802027548132873,
            0.008802027548132873,
            0.00880202754813316,
            0.008802027548132162,
            0.00880202754813296,
            0.00880202754813296,
            0.00880202754813316,
            0.00880202754813316
        ],
        [
            0.00770508955273929,
            0.0075499450251761,
            0.007361409004196131,
            0.007361409004196131,
            0.0,
            0.00127795313325,
            0.00127795313325,
            0.007181254593058,
            0.008802027548133001,
            0.008802027548133001,
            0.00880202754813329,
            0.00880202754813229,
            0.008802027548133091,
            0.008802027548133091,
            0.00880202754813329,
            0.00880202754813329
        ],
        [
            0.00770508955273929,
            0.0075499450251761,
            0.007361409004196131,
            0.007361409004196131,
            0.00127795313325,
            0.0,
            0.0005940417425412,
            0.007181254593058,
            0.008802027548133001,
            0.008802027548133001,
            0.00880202754813329,
            0.00880202754813229,
            0.008802027548133091,
            0.008802027548133091,
            0.00880202754813329,
            0.00880202754813329
        ],
        [
            0.00770508955273929,
            0.0075499450251761,
            0.007361409004196131,
            0.007361409004196131,
            0.00127795313325,
            0.0005940417425412,
            0.0,
            0.007181254593058,
            0.008802027548133001,
            0.008802027548133001,
            0.00880202754813329,
            0.00880202754813229,
            0.008802027548133091,
            0.008802027548133091,
            0.00880202754813329,
            0.00880202754813329
        ],
        [
            0.00770508955273929,
            0.0075499450251761,
            0.007361409004196131,
            0.007361409004196131,
            0.007181254593058,
            0.007181254593058,
            0.007181254593058,
            0.0,
            0.008802027548133001,
            0.008802027548133001,
            0.00880202754813329,
            0.00880202754813229,
            0.008802027548133091,
            0.008802027548133091,
            0.00880202754813329,
            0.00880202754813329
        ],
        [
            0.008802027548133712,
            0.008802027548132902,
            0.008802027548132873,
            0.008802027548132873,
            0.008802027548133001,
            0.008802027548133001,
            0.008802027548133001,
            0.008802027548133001,
            0.0,
            1.2834702887424e-05,
            0.002707861006319712,
            0.004727784039440712,
            0.0052917214990715125,
            0.0052917214990715125,
            0.007683765382413712,
            0.007683765382413712
        ],
        [
            0.008802027548133712,
            0.008802027548132902,
            0.008802027548132873,
            0.008802027548132873,
            0.008802027548133001,
            0.008802027548133001,
            0.008802027548133001,
            0.008802027548133001,
            1.2834702887424e-05,
            0.0,
            0.002707861006319712,
            0.004727784039440712,
            0.0052917214990715125,
            0.0052917214990715125,
            0.007683765382413712,
            0.007683765382413712
        ],
        [
            0.008802027548134,
            0.00880202754813319,
            0.00880202754813316,
            0.00880202754813316,
            0.00880202754813329,
            0.00880202754813329,
            0.00880202754813329,
            0.00880202754813329,
            0.002707861006319712,
            0.002707861006319712,
            0.0,
            0.004727784039441,
            0.0052917214990718005,
            0.0052917214990718005,
            0.007683765382414,
            0.007683765382414
        ],
        [
            0.008802027548133001,
            0.008802027548132191,
            0.008802027548132162,
            0.008802027548132162,
            0.00880202754813229,
            0.00880202754813229,
            0.00880202754813229,
            0.00880202754813229,
            0.004727784039440712,
            0.004727784039440712,
            0.004727784039441,
            0.0,
            0.0052917214990708,
            0.0052917214990708,
            0.007683765382413001,
            0.007683765382413001
        ],
        [
            0.0088020275481338,
            0.00880202754813299,
            0.00880202754813296,
            0.00880202754813296,
            0.008802027548133091,
            0.008802027548133091,
            0.008802027548133091,
            0.008802027548133091,
            0.0052917214990715125,
            0.0052917214990715125,
            0.0052917214990718005,
            0.0052917214990708,
            0.0,
            0.004767265111966,
            0.007683765382413801,
            0.007683765382413801
        ],
        [
            0.0088020275481338,
            0.00880202754813299,
            0.00880202754813296,
            0.00880202754813296,
            0.008802027548133091,
            0.008802027548133091,
            0.008802027548133091,
            0.008802027548133091,
            0.0052917214990715125,
            0.0052917214990715125,
            0.0052917214990718005,
            0.0052917214990708,
            0.004767265111966,
            0.0,
            0.007683765382413801,
            0.007683765382413801
        ],
        [
            0.008802027548134,
            0.00880202754813319,
            0.00880202754813316,
            0.00880202754813316,
            0.00880202754813329,
            0.00880202754813329,
            0.00880202754813329,
            0.00880202754813329,
            0.007683765382413712,
            0.007683765382413712,
            0.007683765382414,
            0.007683765382413001,
            0.007683765382413801,
            0.007683765382413801,
            0.0,
            0.002029549720762
        ],
        [
            0.008802027548134,
            0.00880202754813319,
            0.00880202754813316,
            0.00880202754813316,
            0.00880202754813329,
            0.00880202754813329,
            0.00880202754813329,
            0.00880202754813329,
            0.007683765382413712,
            0.007683765382413712,
            0.007683765382414,
            0.007683765382413001,
            0.007683765382413801,
            0.007683765382413801,
            0.002029549720762,
            0.0
        ]
    ],
    "NODE_MAPPING": {
        "0": "45",
        "1": "10",
        "2": "28",
        "3": "1",
        "4": "16",
        "5": "22",
        "6": "31",
        "7": "37",
        "8": "25",
        "9": "4",
        "10": "40",
        "11": "34",
        "12": "13",
        "13": "7",
        "14": "42",
        "15": "19"
    }
}