{
    "NEXUS_FILE_URL": "http://purl.org/phylo/treebase/phylows/study/TB2:S10614",
    "NEWICK_TREE": "((((((((((((1:2.11484792985799E-6,(4:2.11484792985799E-6,5:2.11484792985799E-6):2.11484792985799E-6):0.0020371401684594302,((2:2.11484792985799E-6,3:2.11484792985799E-6):2.11484792985799E-6,65:2.11484792985799E-6):0.004859977243574063):0.008897282233782089,(20:0.021812488855910465,((((21:0.005087207081203491,(((22:0.005947265101384233,(67:2.11484792985799E-6,68:0.003358559797840035):0.0010831993737740278):0.002988213510851067,33:0.0014326102302253676):0.001454113921113013,47:0.003628318588041587):7.242670714897446E-4):0.001449361815503059,(45:0.002926474493148454,((49:0.007316839689436134,69:0.003340148356158528):2.11484792985799E-6,70:0.00333676250400287):2.11484792985799E-6):7.567491704299305E-4):2.11484792985799E-6,((((((24:0.0052165049225338,44:7.271314371200965E-4):7.658762272686038E-4,25:0.003618520690942601):2.11484792985799E-6,((46:0.0029538465730819126,59:0.0017894405280791466):0.005054282155079586,58:0.007398320803963048):0.004786794089555365):6.211212491866802E-4,60:0.007113194063833591):0.001042775587783017,(30:0.005510127236061636,37:0.006537514602283828):0.0035164052860032174):0.0021906796067077254,73:0.008290935316256921):0.00215207034009751):0.011913177720927622,(((((26:0.0021636542207645747,35:7.122320788910829E-4):2.11484792985799E-6,51:7.22893939306274E-4):2.11484792985799E-6,34:7.205133492348162E-4):0.0015279049719179628,43:0.001497313315253014):0.00654978379714502,(((27:0.002891627602981745,(38:2.11484792985799E-6,39:7.13321763271184E-4):7.132994930308258E-4):2.11484792985799E-6,(((36:0.002887060969716241,40:0.004373555512258179):2.11484792985799E-6,42:7.147219514490419E-4):7.133887573194646E-4,48:2.11484792985799E-6):7.131684422617626E-4):0.002151776780964494,(32:7.866322431707566E-4,(41:0.0014316579405675217,50:0.0058865980069154914):7.118519387857207E-4):2.11484792985799E-6):2.11484792985799E-6):0.005051557203710113):0.009300488361802205):0.0015040927451190967):7.855611598943185E-4,((52:7.578165367927012E-4,55:2.11484792985799E-6):0.001576897309111464,63:0.001699535093692674):0.010990581391392938):0.0014570053000521363,17:0.02002338774311283):0.0016016389697879898,(((6:8.450404408041105E-4,13:2.11484792985799E-6):2.11484792985799E-6,12:7.607324493953477E-4):0.008417994632024514,7:0.018172792939311684):0.0055428514907628025):0.014410826070368291,(((8:0.0025691622487959394,(28:0.0014071536557517747,31:7.061277633288566E-4):0.004839364175151092):0.016099832707926295,72:0.01523466738533439):0.009176655192331809,((((10:0.002895259911818003,(29:2.11484792985799E-6,54:0.0016416513110677415):0.0037504374427667344):0.0023156893232457957,23:0.006116465672156422):0.00722353598182161,(56:9.934209021846654E-4,(57:9.86193475453473E-4,61:0.001615644198532464):2.11484792985799E-6):0.009509342572873673):0.003347378508107166,(53:0.01142374948243578,(62:0.0036693010989463704,71:2.11484792985799E-6):0.003153203258809783):0.004866624271432277):0.003645970205873677):0.006601403513239747):0.003318614857488987,9:0.007285835843056183):0.002457678065967208,15:0.014995610523748405):0.004743433231497601,(14:0.017492246166840166,(16:0.03666892245767802,66:0.031799900055754275):0.018221504673152672):0.02117576210530614):0.005203349891653001,18:0.02435323309951676):0.029420748023293815,(11:0.06793276806549703,19:0.01522490857823916):0.004342976860195824,64:0.037110902845531125);",
    "DISTANCE_MATRIX": [
        [
            0.0,
            6.34454378957397e-06,
            6.34454378957397e-06,
            0.006903461955823068,
            0.006903461955823068,
            0.00690134710789321,
            0.03425311885120094,
            0.04019297982265671,
            0.04621963234629127,
            0.041357681466610924,
            0.0447141264165211,
            0.038716763964281344,
            0.03945835840098455,
            0.03733963458952855,
            0.04173422948167594,
            0.03775753814839833,
            0.03775203744831282,
            0.04564543885952749,
            0.04115606537411379,
            0.043281578400667695,
            0.05245586567951209,
            0.05129145963450933,
            0.051846057755313646,
            0.046153015676442144,
            0.04702357854689039,
            0.04805096591311257,
            0.04409730173437473,
            0.03703824824649006,
            0.035586826104616574,
            0.03559537311710191,
            0.03559087767910059,
            0.034839772673200826,
            0.031840309640608744,
            0.029664096378587686,
            0.03037530329392901,
            0.03326230020692447,
            0.034748794749466405,
            0.031087846340727414,
            0.029661850479888764,
            0.027583537499833263,
            0.028940415136015748,
            0.033395355202363725,
            0.025047393647362796,
            0.024291691958499957,
            0.02441221489515131,
            0.03320249145323066,
            0.029588744091427106,
            0.028745818498552855,
            0.029502321252088487,
            0.03849638710998031,
            0.0636386224125679,
            0.06731597799467484,
            0.0666149521022519,
            0.06020429484118006,
            0.05522080619438011,
            0.056078098573258704,
            0.05771763503639658,
            0.05612632263147274,
            0.053289084452553044,
            0.05328397187375171,
            0.0539134225968307,
            0.055729316223255596,
            0.05112807109857597,
            0.04746088484755946,
            0.03979601945081929,
            0.049963472197478716,
            0.07837930317737422,
            0.11577748414136475,
            0.11090846173944101,
            0.06926787789639767,
            0.1466111377458676,
            0.09390327825860972,
            0.11144629566570585
        ],
        [
            6.34454378957397e-06,
            0.0,
            4.22969585971598e-06,
            0.006905576803752925,
            0.006905576803752925,
            0.006903461955823068,
            0.0342552336991308,
            0.04019509467058657,
            0.04622174719422113,
            0.04135979631454079,
            0.044716241264450965,
            0.0387188788122112,
            0.03946047324891441,
            0.0373417494374584,
            0.041736344329605796,
            0.03775965299632819,
            0.037754152296242675,
            0.04564755370745735,
            0.04115818022204365,
            0.04328369324859755,
            0.05245798052744195,
            0.051293574482439194,
            0.05184817260324351,
            0.04615513052437201,
            0.04702569339482025,
            0.048053080761042435,
            0.044099416582304596,
            0.03704036309441992,
            0.03558894095254643,
            0.03559748796503177,
            0.03559299252703045,
            0.03484188752113068,
            0.031842424488538607,
            0.029666211226517546,
            0.030377418141858868,
            0.03326441505485433,
            0.03475090959739627,
            0.031089961188657273,
            0.029663965327818623,
            0.027585652347763123,
            0.028942529983945607,
            0.03339747005029358,
            0.02504950849529266,
            0.024293806806429813,
            0.024414329743081165,
            0.03320460630116052,
            0.029590858939356965,
            0.028747933346482714,
            0.029504436100018346,
            0.03849850195791017,
            0.06364073726049777,
            0.06731809284260469,
            0.06661706695018177,
            0.06020640968910992,
            0.05522292104230997,
            0.05608021342118856,
            0.057719749884326446,
            0.05612843747940259,
            0.0532911993004829,
            0.053286086721681565,
            0.053915537444760554,
            0.05573143107118545,
            0.05113018594650583,
            0.04746299969548931,
            0.03979813429874914,
            0.04996558704540857,
            0.07838141802530407,
            0.1157795989892946,
            0.11091057658737086,
            0.06926999274432752,
            0.14661325259379743,
            0.09390539310653956,
            0.11144841051363569
        ],
        [
            6.34454378957397e-06,
            4.22969585971598e-06,
            0.0,
            0.006905576803752925,
            0.006905576803752925,
            0.006903461955823068,
            0.0342552336991308,
            0.04019509467058657,
            0.04622174719422113,
            0.04135979631454079,
            0.044716241264450965,
            0.0387188788122112,
            0.03946047324891441,
            0.0373417494374584,
            0.041736344329605796,
            0.03775965299632819,
            0.037754152296242675,
            0.04564755370745735,
            0.04115818022204365,
            0.04328369324859755,
            0.05245798052744195,
            0.051293574482439194,
            0.05184817260324351,
            0.04615513052437201,
            0.04702569339482025,
            0.048053080761042435,
            0.044099416582304596,
            0.03704036309441992,
            0.03558894095254643,
            0.03559748796503177,
            0.03559299252703045,
            0.03484188752113068,
            0.031842424488538607,
            0.029666211226517546,
            0.030377418141858868,
            0.03326441505485433,
            0.03475090959739627,
            0.031089961188657273,
            0.029663965327818623,
            0.027585652347763123,
            0.028942529983945607,
            0.03339747005029358,
            0.02504950849529266,
            0.024293806806429813,
            0.024414329743081165,
            0.03320460630116052,
            0.029590858939356965,
            0.028747933346482714,
            0.029504436100018346,
            0.03849850195791017,
            0.06364073726049777,
            0.06731809284260469,
            0.06661706695018177,
            0.06020640968910992,
            0.05522292104230997,
            0.05608021342118856,
            0.057719749884326446,
            0.05612843747940259,
            0.0532911993004829,
            0.053286086721681565,
            0.053915537444760554,
            0.05573143107118545,
            0.05113018594650583,
            0.04746299969548931,
            0.03979813429874914,
            0.04996558704540857,
            0.07838141802530407,
            0.1157795989892946,
            0.11091057658737086,
            0.06926999274432752,
            0.14661325259379743,
            0.09390539310653956,
            0.11144841051363569
        ],
        [
            0.006903461955823068,
            0.006905576803752925,
            0.006905576803752925,
            0.0,
            4.22969585971598e-06,
            6.34454378957397e-06,
            0.03707807077424543,
            0.043017931745701204,
            0.049044584269335764,
            0.04418263338965542,
            0.047539078339565596,
            0.04154171588732583,
            0.042283310324029044,
            0.040164586512573035,
            0.04455918140472043,
            0.04058249007144282,
            0.04057698937135731,
            0.04847039078257198,
            0.04398101729715828,
            0.04610653032371218,
            0.055280817602556584,
            0.054116411557553826,
            0.05467100967835814,
            0.04897796759948664,
            0.049848530469934885,
            0.05087591783615707,
            0.04692225365741923,
            0.039863200169534554,
            0.03841177802766106,
            0.0384203250401464,
            0.03841582960214508,
            0.037664724596245314,
            0.03466526156365324,
            0.03248904830163218,
            0.0332002552169735,
            0.03608725212996896,
            0.0375737466725109,
            0.0339127982637719,
            0.03248680240293325,
            0.030408489422877754,
            0.03176536705906024,
            0.03622030712540821,
            0.02787234557040729,
            0.027116643881544444,
            0.027237166818195796,
            0.03602744337627515,
            0.032413696014471596,
            0.03157077042159734,
            0.032327273175132974,
            0.0413213390330248,
            0.0664635743356124,
            0.07014092991771932,
            0.0694399040252964,
            0.06302924676422456,
            0.0580457581174246,
            0.05890305049630319,
            0.06054258695944108,
            0.05895127455451722,
            0.05611403637559753,
            0.056108923796796197,
            0.056738374519875186,
            0.05855426814630008,
            0.05395302302162046,
            0.05028583677060394,
            0.042620971373863774,
            0.0527884241205232,
            0.0812042551004187,
            0.11860243606440923,
            0.11373341366248549,
            0.07209282981944215,
            0.14943608966891206,
            0.09672823018165419,
            0.11427124758875032
        ],
        [
            0.006903461955823068,
            0.006905576803752925,
            0.006905576803752925,
            4.22969585971598e-06,
            0.0,
            6.34454378957397e-06,
            0.03707807077424543,
            0.043017931745701204,
            0.049044584269335764,
            0.04418263338965542,
            0.047539078339565596,
            0.04154171588732583,
            0.042283310324029044,
            0.040164586512573035,
            0.04455918140472043,
            0.04058249007144282,
            0.04057698937135731,
            0.04847039078257198,
            0.04398101729715828,
            0.04610653032371218,
            0.055280817602556584,
            0.054116411557553826,
            0.05467100967835814,
            0.04897796759948664,
            0.049848530469934885,
            0.05087591783615707,
            0.04692225365741923,
            0.039863200169534554,
            0.03841177802766106,
            0.0384203250401464,
            0.03841582960214508,
            0.037664724596245314,
            0.03466526156365324,
            0.03248904830163218,
            0.0332002552169735,
            0.03608725212996896,
            0.0375737466725109,
            0.0339127982637719,
            0.03248680240293325,
            0.030408489422877754,
            0.03176536705906024,
            0.03622030712540821,
            0.02787234557040729,
            0.027116643881544444,
            0.027237166818195796,
            0.03602744337627515,
            0.032413696014471596,
            0.03157077042159734,
            0.032327273175132974,
            0.0413213390330248,
            0.0664635743356124,
            0.07014092991771932,
            0.0694399040252964,
            0.06302924676422456,
            0.0580457581174246,
            0.05890305049630319,
            0.06054258695944108,
            0.05895127455451722,
            0.05611403637559753,
            0.056108923796796197,
            0.056738374519875186,
            0.05855426814630008,
            0.05395302302162046,
            0.05028583677060394,
            0.042620971373863774,
            0.0527884241205232,
            0.0812042551004187,
            0.11860243606440923,
            0.11373341366248549,
            0.07209282981944215,
            0.14943608966891206,
            0.09672823018165419,
            0.11427124758875032
        ],
        [
            0.00690134710789321,
            0.006903461955823068,
            0.006903461955823068,
            6.34454378957397e-06,
            6.34454378957397e-06,
            0.0,
            0.037075955926315574,
            0.04301581689777134,
            0.04904246942140591,
            0.04418051854172556,
            0.04753696349163574,
            0.04153960103939598,
            0.04228119547609918,
            0.04016247166464318,
            0.04455706655679058,
            0.04058037522351297,
            0.04057487452342745,
            0.048468275934642126,
            0.043978902449228426,
            0.046104415475782326,
            0.05527870275462673,
            0.05411429670962397,
            0.054668894830428284,
            0.04897585275155678,
            0.04984641562200503,
            0.05087380298822721,
            0.04692013880948937,
            0.0398610853216047,
            0.03840966317973121,
            0.03841821019221654,
            0.03841371475421523,
            0.037662609748315465,
            0.03466314671572338,
            0.03248693345370232,
            0.033198140369043644,
            0.036085137282039104,
            0.037571631824581044,
            0.03391068341584205,
            0.0324846875550034,
            0.030406374574947898,
            0.03176325221113038,
            0.036218192277478356,
            0.027870230722477435,
            0.02711452903361459,
            0.02723505197026594,
            0.03602532852834529,
            0.032411581166541734,
            0.03156865557366749,
            0.03232515832720312,
            0.04131922418509494,
            0.06646145948768253,
            0.07013881506978947,
            0.06943778917736654,
            0.06302713191629469,
            0.058043643269494745,
            0.058900935648373336,
            0.060540472111511215,
            0.05894915970658737,
            0.056111921527667676,
            0.05610680894886634,
            0.05673625967194533,
            0.05855215329837023,
            0.0539509081736906,
            0.05028372192267409,
            0.04261885652593392,
            0.05278630927259335,
            0.08120214025248886,
            0.11860032121647938,
            0.11373129881455564,
            0.0720907149715123,
            0.14943397482098222,
            0.09672611533372436,
            0.11426913274082048
        ],
        [
            0.03425311885120094,
            0.0342552336991308,
            0.0342552336991308,
            0.03707807077424543,
            0.03707807077424543,
            0.037075955926315574,
            0.0,
            0.0495648386832767,
            0.055591491206911266,
            0.05072954032723092,
            0.0540859852771411,
            0.04808862282490134,
            0.04883021726160454,
            0.046711493450148536,
            0.051106088342295936,
            0.047129397009018324,
            0.04712389630893281,
            0.05501729772014748,
            0.05052792423473378,
            0.05265343726128768,
            0.061827724540132085,
            0.06066331849512933,
            0.06121791661593364,
            0.05552487453706214,
            0.056395437407510386,
            0.05742282477373257,
            0.05346916059499473,
            0.046410107107110056,
            0.04495868496523657,
            0.0449672319777219,
            0.044962736539720584,
            0.04421163153382082,
            0.04121216850122874,
            0.03903595523920768,
            0.039747162154549,
            0.04263415906754446,
            0.0441206536100864,
            0.04045970520134741,
            0.03903370934050876,
            0.03695539636045325,
            0.03831227399663574,
            0.04276721406298371,
            0.037427437998220986,
            0.03667173630935814,
            0.03679225924600949,
            0.045582535804088845,
            0.041968788442285285,
            0.04112586284941104,
            0.04188236560294667,
            0.05087643146083849,
            0.07601866676342608,
            0.07969602234553302,
            0.07899499645311009,
            0.07258433919203824,
            0.06760085054523829,
            0.0684581429241169,
            0.07009767938725477,
            0.06850636698233092,
            0.06566912880341122,
            0.06566401622460989,
            0.06629346694768888,
            0.06810936057411378,
            0.06350811544943416,
            0.059840929198417644,
            0.05217606380167747,
            0.0623435165483369,
            0.0907593475282324,
            0.12815752849222295,
            0.12328850609029919,
            0.08164792224725585,
            0.15899118209672577,
            0.1062833226094679,
            0.12382634001656403
        ],
        [
            0.04019297982265671,
            0.04019509467058657,
            0.04019509467058657,
            0.043017931745701204,
            0.043017931745701204,
            0.04301581689777134,
            0.0495648386832767,
            0.0,
            0.01620106668604155,
            0.0113391158063612,
            0.014695560756271379,
            0.008698198304031617,
            0.009439792740734823,
            0.010219792560284935,
            0.01461438745243233,
            0.010637696119154723,
            0.010632195419069207,
            0.0185298265261436,
            0.014040453040729898,
            0.0161659660672838,
            0.025340253346128206,
            0.02417584730112544,
            0.024730445421929755,
            0.01903740334305825,
            0.019907966213506496,
            0.02093535357972869,
            0.01698168940099084,
            0.03374899135496142,
            0.03229756921308793,
            0.03230611622557326,
            0.03230162078757194,
            0.03155051578167218,
            0.0285510527490801,
            0.026374839487059036,
            0.027086046402400366,
            0.029973043315395822,
            0.03145953785793776,
            0.027798589449198767,
            0.026372593588360117,
            0.024294280608304616,
            0.025651158244487104,
            0.030106098310835074,
            0.043367298969676754,
            0.042611597280813915,
            0.042732120217465266,
            0.05152239677554461,
            0.04790864941374106,
            0.04706572382086681,
            0.04782222657440244,
            0.05681629243229426,
            0.08195852773488185,
            0.08563588331698879,
            0.08493485742456586,
            0.07852420016349401,
            0.07354071151669406,
            0.07439800389557266,
            0.07603754035871053,
            0.07444622795378669,
            0.07160898977486699,
            0.07160387719606566,
            0.07223332791914465,
            0.07404922154556955,
            0.06944797642088993,
            0.06578079016987341,
            0.05811592477313324,
            0.06828337751979266,
            0.09669920849968817,
            0.13409738946367872,
            0.12922836706175495,
            0.08758778321871162,
            0.16493104306818154,
            0.11222318358092367,
            0.1297662009880198
        ],
        [
            0.04621963234629127,
            0.04622174719422113,
            0.04622174719422113,
            0.049044584269335764,
            0.049044584269335764,
            0.04904246942140591,
            0.055591491206911266,
            0.01620106668604155,
            0.0,
            0.0070325793230881185,
            0.010389024272998296,
            0.010368088842460668,
            0.014017911121389899,
            0.0162464450839195,
            0.0206410399760669,
            0.01666434864278929,
            0.016658847942703774,
            0.024556479049778167,
            0.020067105564364467,
            0.022192618590918367,
            0.031366905869762776,
            0.030202499824760008,
            0.030757097945564322,
            0.025064055866692816,
            0.025934618737141063,
            0.026962006103363256,
            0.023008341924625406,
            0.03977564387859599,
            0.038324221736722494,
            0.038332768749207824,
            0.038328273311206515,
            0.037577168305306746,
            0.03457770527271467,
            0.0324014920106936,
            0.03311269892603493,
            0.035999695839030385,
            0.037486190381572325,
            0.033825241972833334,
            0.032399246111994684,
            0.030320933131939183,
            0.03167781076812167,
            0.03613275083446964,
            0.049393951493311314,
            0.048638249804448475,
            0.048758772741099826,
            0.05754904929917917,
            0.05393530193737562,
            0.05309237634450137,
            0.053848879098037,
            0.06284294495592882,
            0.08798518025851641,
            0.09166253584062334,
            0.09096150994820043,
            0.08455085268712857,
            0.07956736404032863,
            0.08042465641920721,
            0.0820641928823451,
            0.08047288047742125,
            0.07763564229850156,
            0.07763052971970022,
            0.07825998044277921,
            0.0800758740692041,
            0.07547462894452447,
            0.07180744269350797,
            0.0641425772967678,
            0.07431003004342723,
            0.10272586102332273,
            0.14012404198731326,
            0.13525501958538952,
            0.09361443574234618,
            0.1709576955918161,
            0.11824983610455822,
            0.13579285351165435
        ],
        [
            0.041357681466610924,
            0.04135979631454079,
            0.04135979631454079,
            0.04418263338965542,
            0.04418263338965542,
            0.04418051854172556,
            0.05072954032723092,
            0.0113391158063612,
            0.0070325793230881185,
            0.0,
            0.003360674645769893,
            0.00550613796278032,
            0.009155960241709553,
            0.011384494204239154,
            0.01577908909638655,
            0.011802397763108943,
            0.011796897063023427,
            0.01969452817009782,
            0.015205154684684117,
            0.017330667711238017,
            0.026504954990082426,
            0.02534054894507966,
            0.025895147065883976,
            0.02020210498701247,
            0.021072667857460717,
            0.02210005522368291,
            0.01814639104494506,
            0.034913692998915634,
            0.03346227085704215,
            0.03347081786952748,
            0.03346632243152616,
            0.0327152174256264,
            0.029715754393034317,
            0.027539541131013257,
            0.02825074804635458,
            0.03113774495935004,
            0.03262423950189198,
            0.028963291093152984,
            0.027537295232314334,
            0.025458982252258833,
            0.026815859888441318,
            0.03127079995478929,
            0.04453200061363097,
            0.04377629892476813,
            0.04389682186141948,
            0.052687098419498826,
            0.04907335105769527,
            0.04823042546482102,
            0.04898692821835665,
            0.057980994076248474,
            0.08312322937883607,
            0.086800584960943,
            0.08609955906852007,
            0.07968890180744823,
            0.07470541316064827,
            0.07556270553952688,
            0.07720224200266475,
            0.0756109295977409,
            0.0727736914188212,
            0.07276857884001987,
            0.07339802956309886,
            0.07521392318952376,
            0.07061267806484414,
            0.06694549181382763,
            0.05928062641708745,
            0.06944807916374687,
            0.09786391014364239,
            0.13526209110763293,
            0.13039306870570916,
            0.08875248486266583,
            0.16609574471213576,
            0.11338788522487789,
            0.13093090263197402
        ],
        [
            0.0447141264165211,
            0.044716241264450965,
            0.044716241264450965,
            0.047539078339565596,
            0.047539078339565596,
            0.04753696349163574,
            0.0540859852771411,
            0.014695560756271379,
            0.010389024272998296,
            0.003360674645769893,
            0.0,
            0.008862582912690499,
            0.012512405191619731,
            0.014740939154149332,
            0.01913553404629673,
            0.015158842713019122,
            0.015153342012933606,
            0.023050973120008,
            0.018561599634594295,
            0.020687112661148196,
            0.0298613999399926,
            0.028696993894989836,
            0.02925159201579415,
            0.02355854993692265,
            0.024429112807370895,
            0.025456500173593084,
            0.021502835994855238,
            0.03827013794882581,
            0.036818715806952326,
            0.036827262819437656,
            0.03682276738143634,
            0.03607166237553658,
            0.033072199342944496,
            0.030895986080923435,
            0.03160719299626476,
            0.03449418990926022,
            0.03598068445180216,
            0.032319736043063166,
            0.030893740182224513,
            0.028815427202169012,
            0.030172304838351496,
            0.03462724490469947,
            0.047888445563541146,
            0.04713274387467831,
            0.04725326681132966,
            0.056043543369409005,
            0.05242979600760545,
            0.0515868704147312,
            0.05234337316826683,
            0.06133743902615865,
            0.08647967432874624,
            0.09015702991085317,
            0.08945600401843026,
            0.0830453467573584,
            0.07806185811055846,
            0.07891915048943704,
            0.08055868695257493,
            0.07896737454765108,
            0.0761301363687314,
            0.07612502378993005,
            0.07675447451300904,
            0.07857036813943394,
            0.0739691230147543,
            0.0703019367637378,
            0.06263707136699763,
            0.07280452411365707,
            0.10122035509355257,
            0.1386185360575431,
            0.13374951365561935,
            0.09210892981257601,
            0.16945218966204592,
            0.11674433017478805,
            0.13428734758188418
        ],
        [
            0.038716763964281344,
            0.0387188788122112,
            0.0387188788122112,
            0.04154171588732583,
            0.04154171588732583,
            0.04153960103939598,
            0.04808862282490134,
            0.008698198304031617,
            0.010368088842460668,
            0.00550613796278032,
            0.008862582912690499,
            0.0,
            0.006515042739379967,
            0.008743576701909568,
            0.013138171594056966,
            0.009161480260779358,
            0.009155979560693842,
            0.017053610667768237,
            0.012564237182354533,
            0.014689750208908434,
            0.02386403748775284,
            0.022699631442750074,
            0.02325422956355439,
            0.017561187484682887,
            0.01843175035513113,
            0.019459137721353322,
            0.015505473542615472,
            0.032272775496586054,
            0.03082135335471256,
            0.03082990036719789,
            0.030825404929196578,
            0.030074299923296813,
            0.027074836890704734,
            0.02489862362868367,
            0.025609830544025,
            0.028496827457020455,
            0.02998332199956239,
            0.0263223735908234,
            0.02489637772998475,
            0.02281806474992925,
            0.024174942386111738,
            0.028629882452459707,
            0.04189108311130139,
            0.04113538142243854,
            0.04125590435908989,
            0.05004618091716925,
            0.04643243355536569,
            0.04558950796249144,
            0.04634601071602708,
            0.0553400765739189,
            0.08048231187650648,
            0.08415966745861342,
            0.0834586415661905,
            0.07704798430511864,
            0.0720644956583187,
            0.07292178803719729,
            0.07456132450033517,
            0.07297001209541132,
            0.07013277391649163,
            0.0701276613376903,
            0.07075711206076929,
            0.07257300568719419,
            0.06797176056251455,
            0.06430457431149804,
            0.05663970891475787,
            0.0668071616614173,
            0.0952229926413128,
            0.13262117360530334,
            0.12775215120337957,
            0.08611156736033625,
            0.16345482720980617,
            0.1107469677225483,
            0.12828998512964443
        ],
        [
            0.03945835840098455,
            0.03946047324891441,
            0.03946047324891441,
            0.042283310324029044,
            0.042283310324029044,
            0.04228119547609918,
            0.04883021726160454,
            0.009439792740734823,
            0.014017911121389899,
            0.009155960241709553,
            0.012512405191619731,
            0.006515042739379967,
            0.0,
            0.009485171138612775,
            0.013879766030760172,
            0.009903074697482564,
            0.009897573997397048,
            0.017795205104471443,
            0.01330583161905774,
            0.01543134464561164,
            0.024605631924456046,
            0.02344122587945328,
            0.023995824000257595,
            0.018302781921386093,
            0.019173344791834336,
            0.02020073215805653,
            0.01624706797931868,
            0.03301436993328926,
            0.03156294779141577,
            0.0315714948039011,
            0.03156699936589978,
            0.03081589436000002,
            0.02781643132740794,
            0.025640218065386876,
            0.026351424980728205,
            0.02923842189372366,
            0.030724916436265598,
            0.027063968027526607,
            0.025637972166687957,
            0.023559659186632456,
            0.024916536822814944,
            0.029371476889162914,
            0.042632677548004594,
            0.041876975859141755,
            0.041997498795793106,
            0.05078777535387245,
            0.0471740279920689,
            0.04633110239919465,
            0.04708760515273028,
            0.0560816710106221,
            0.08122390631320969,
            0.08490126189531663,
            0.0842002360028937,
            0.07778957874182185,
            0.0728060900950219,
            0.0736633824739005,
            0.07530291893703837,
            0.07371160653211453,
            0.07087436835319483,
            0.0708692557743935,
            0.07149870649747249,
            0.07331460012389739,
            0.06871335499921777,
            0.06504616874820125,
            0.05738130335146108,
            0.0675487560981205,
            0.09596458707801601,
            0.13336276804200653,
            0.1284937456400828,
            0.08685316179703946,
            0.16419642164650938,
            0.11148856215925151,
            0.12903157956634764
        ],
        [
            0.03733963458952855,
            0.0373417494374584,
            0.0373417494374584,
            0.040164586512573035,
            0.040164586512573035,
            0.04016247166464318,
            0.046711493450148536,
            0.010219792560284935,
            0.0162464450839195,
            0.011384494204239154,
            0.014740939154149332,
            0.008743576701909568,
            0.009485171138612775,
            0.0,
            0.010247543878444305,
            0.006270852545166698,
            0.006265351845081182,
            0.015676481293015437,
            0.011187107807601732,
            0.013312620834155632,
            0.02248690811300004,
            0.021322502067997275,
            0.02187710018880159,
            0.016184058109930087,
            0.01705462098037833,
            0.018082008346600523,
            0.014128344167862673,
            0.03089564612183325,
            0.029444223979959758,
            0.02945277099244509,
            0.02944827555444378,
            0.02869717054854401,
            0.025697707515951934,
            0.02352149425393087,
            0.024232701169272196,
            0.027119698082267656,
            0.028606192624809592,
            0.024945244216070597,
            0.023519248355231948,
            0.02144093537517645,
            0.022797813011358935,
            0.027252753077706908,
            0.04051395373654859,
            0.039758252047685745,
            0.0398787749843371,
            0.04866905154241645,
            0.04505530418061289,
            0.044212378587738646,
            0.044968881341274275,
            0.0539629471991661,
            0.07910518250175369,
            0.08278253808386063,
            0.0820815121914377,
            0.07567085493036585,
            0.0706873662835659,
            0.0715446586624445,
            0.07318419512558237,
            0.07159288272065853,
            0.06875564454173883,
            0.0687505319629375,
            0.06937998268601649,
            0.07119587631244138,
            0.06659463118776177,
            0.06292744493674525,
            0.055262579540005075,
            0.0654300322866645,
            0.09384586326656001,
            0.13124404423055053,
            0.1263750218286268,
            0.08473443798558346,
            0.16207769783505338,
            0.10936983834779551,
            0.12691285575489164
        ],
        [
            0.04173422948167594,
            0.041736344329605796,
            0.041736344329605796,
            0.04455918140472043,
            0.04455918140472043,
            0.04455706655679058,
            0.051106088342295936,
            0.01461438745243233,
            0.0206410399760669,
            0.01577908909638655,
            0.01913553404629673,
            0.013138171594056966,
            0.013879766030760172,
            0.010247543878444305,
            0.0,
            0.010656988045594663,
            0.010655717041368862,
            0.020071076185162833,
            0.01558170269974913,
            0.01770721572630303,
            0.02688150300514744,
            0.025717096960144674,
            0.026271695080948988,
            0.020578653002077483,
            0.021449215872525726,
            0.022476603238747922,
            0.01852293906001007,
            0.03529024101398065,
            0.03383881887210716,
            0.03384736588459249,
            0.03384287044659118,
            0.03309176544069141,
            0.03009230240809933,
            0.027916089146078266,
            0.028627296061419595,
            0.03151429297441505,
            0.03300078751695699,
            0.029339839108217997,
            0.027913843247379347,
            0.025835530267323846,
            0.027192407903506334,
            0.0316473479698543,
            0.04490854862869599,
            0.044152846939833144,
            0.044273369876484496,
            0.05306364643456385,
            0.04944989907276029,
            0.04860697347988604,
            0.049363476233421674,
            0.0583575420913135,
            0.08349977739390108,
            0.08717713297600801,
            0.0864761070835851,
            0.08006544982251323,
            0.0750819611757133,
            0.07593925355459188,
            0.07757879001772977,
            0.07598747761280591,
            0.07315023943388622,
            0.0731451268550849,
            0.07377457757816389,
            0.07559047120458878,
            0.07098922607990915,
            0.06732203982889264,
            0.05965717443215247,
            0.0698246271788119,
            0.0982404581587074,
            0.1356386391226979,
            0.1307696167207742,
            0.08912903287773084,
            0.16647229272720077,
            0.1137644332399429,
            0.13130745064703903
        ],
        [
            0.03775753814839833,
            0.03775965299632819,
