{
    "NEXUS_FILE_URL": "http://purl.org/phylo/treebase/phylows/study/TB2:S14038",
    "NEWICK_TREE": "(1:0.550985,2:0.210061,((3:0.06031,((4:0.069723,(5:0.015315,6:0.01631):0.018823):0.03998,(((7:0.025037,8:0.006363):0.110338,(((9:0.014514,10:0.01566):0.023894,11:0.016788):0.034963,12:0.118627):0.081656):0.034122,(13:0.108028,14:0.235981):0.02048,15:0.056405):0.021374):0.022144,((16:0.035111,((17:0.041228,18:0.055893):0.03174,19:0.05371):0.016999):0.018917,20:0.071036):0.012317):0.057041,((21:0.016781,22:0.01241):0.032689,(23:0.046732,24:0.041572):0.019391):0.113913):0.060219);",
    "DISTANCE_MATRIX": [
        [
            0.0,
            0.7610459999999999,
            0.728555,
            0.8000919999999999,
            0.7645069999999999,
            0.7655019999999999,
            0.8812599999999999,
            0.862586,
            0.9009119999999999,
            0.902058,
            0.879292,
            0.9461679999999999,
            0.840271,
            0.968224,
            0.768168,
            0.73459,
            0.789446,
            0.804111,
            0.7701879999999999,
            0.751598,
            0.7745869999999999,
            0.7702159999999999,
            0.7912399999999999,
            0.7860799999999999
        ],
        [
            0.7610459999999999,
            0.0,
            0.387631,
            0.459168,
            0.423583,
            0.424578,
            0.540336,
            0.5216620000000001,
            0.559988,
            0.561134,
            0.538368,
            0.605244,
            0.49934700000000004,
            0.6273,
            0.42724399999999996,
            0.39366599999999996,
            0.448522,
            0.463187,
            0.429264,
            0.410674,
            0.433663,
            0.429292,
            0.450316,
            0.445156
        ],
        [
            0.728555,
            0.387631,
            0.0,
            0.192157,
            0.156572,
            0.157567,
            0.27332500000000004,
            0.25465099999999996,
            0.29297700000000004,
            0.294123,
            0.27135699999999996,
            0.338233,
            0.23233600000000001,
            0.36028899999999997,
            0.16023300000000001,
            0.12665500000000002,
            0.181511,
            0.196176,
            0.16225299999999998,
            0.14366299999999999,
            0.28073400000000004,
            0.276363,
            0.297387,
            0.292227
        ],
        [
            0.8000919999999999,
            0.459168,
            0.192157,
            0.0,
            0.103861,
            0.10485599999999999,
            0.300574,
            0.2819,
            0.320226,
            0.321372,
            0.298606,
            0.365482,
            0.259585,
            0.387538,
            0.18748199999999998,
            0.19819199999999998,
            0.253048,
            0.267713,
            0.23379,
            0.2152,
            0.352271,
            0.3479,
            0.36892400000000003,
            0.363764
        ],
        [
            0.7645069999999999,
            0.423583,
            0.156572,
            0.103861,
            0.0,
            0.031625,
            0.26498900000000003,
            0.246315,
            0.28464100000000003,
            0.285787,
            0.263021,
            0.329897,
            0.22400000000000003,
            0.351953,
            0.151897,
            0.162607,
            0.21746300000000002,
            0.232128,
            0.198205,
            0.179615,
            0.316686,
            0.312315,
            0.333339,
            0.328179
        ],
        [
            0.7655019999999999,
            0.424578,
            0.157567,
            0.10485599999999999,
            0.031625,
            0.0,
            0.265984,
            0.24730999999999997,
            0.285636,
            0.286782,
            0.264016,
            0.33089199999999996,
            0.224995,
            0.352948,
            0.152892,
            0.163602,
            0.21845799999999999,
            0.23312299999999997,
            0.1992,
            0.18061,
            0.317681,
            0.31331,
            0.334334,
            0.32917399999999997
        ],
        [
            0.8812599999999999,
            0.540336,
            0.27332500000000004,
            0.300574,
            0.26498900000000003,
            0.265984,
            0.0,
            0.0314,
            0.290402,
            0.29154800000000003,
            0.26878199999999997,
            0.335658,
            0.298005,
            0.425958,
            0.225902,
            0.27936,
            0.334216,
            0.348881,
            0.314958,
            0.296368,
            0.433439,
            0.429068,
            0.45009200000000005,
            0.444932
        ],
        [
            0.862586,
            0.5216620000000001,
            0.25465099999999996,
            0.2819,
            0.246315,
            0.24730999999999997,
            0.0314,
            0.0,
            0.27172799999999997,
            0.272874,
            0.250108,
            0.316984,
            0.279331,
            0.407284,
            0.20722799999999997,
            0.260686,
            0.315542,
            0.330207,
            0.296284,
            0.277694,
            0.414765,
            0.410394,
            0.43141799999999997,
            0.426258
        ],
        [
            0.9009119999999999,
            0.559988,
            0.29297700000000004,
            0.320226,
            0.28464100000000003,
            0.285636,
            0.290402,
            0.27172799999999997,
            0.0,
            0.030174,
            0.055195999999999995,
            0.191998,
            0.317657,
            0.44561,
            0.245554,
            0.299012,
            0.353868,
            0.368533,
            0.33461,
            0.31602,
            0.453091,
            0.44872,
            0.46974400000000005,
            0.464584
        ],
        [
            0.902058,
            0.561134,
            0.294123,
            0.321372,
            0.285787,
            0.286782,
            0.29154800000000003,
            0.272874,
            0.030174,
            0.0,
            0.056342,
            0.19314399999999998,
            0.318803,
            0.446756,
            0.24669999999999997,
            0.300158,
            0.355014,
            0.369679,
            0.335756,
            0.317166,
            0.454237,
            0.449866,
            0.47089000000000003,
            0.46573
        ],
        [
            0.879292,
            0.538368,
            0.27135699999999996,
            0.298606,
            0.263021,
            0.264016,
            0.26878199999999997,
            0.250108,
            0.055195999999999995,
            0.056342,
            0.0,
            0.170378,
            0.296037,
            0.42399,
            0.22393399999999997,
            0.27739199999999997,
            0.332248,
            0.34691299999999997,
            0.31299,
            0.2944,
            0.431471,
            0.4271,
            0.44812399999999997,
            0.442964
        ],
        [
            0.9461679999999999,
            0.605244,
            0.338233,
            0.365482,
            0.329897,
            0.33089199999999996,
            0.335658,
            0.316984,
            0.191998,
            0.19314399999999998,
            0.170378,
            0.0,
            0.362913,
            0.49086599999999997,
            0.29080999999999996,
            0.34426799999999996,
            0.399124,
            0.41378899999999996,
            0.379866,
            0.361276,
            0.498347,
            0.49397599999999997,
            0.515,
            0.50984
        ],
        [
            0.840271,
            0.49934700000000004,
            0.23233600000000001,
            0.259585,
            0.22400000000000003,
            0.224995,
            0.298005,
            0.279331,
            0.317657,
            0.318803,
            0.296037,
            0.362913,
            0.0,
            0.344009,
            0.184913,
            0.238371,
            0.293227,
            0.307892,
            0.273969,
            0.255379,
            0.39245,
            0.388079,
            0.409103,
            0.40394300000000005
        ],
        [
            0.968224,
            0.6273,
            0.36028899999999997,
            0.387538,
            0.351953,
            0.352948,
            0.425958,
            0.407284,
            0.44561,
            0.446756,
            0.42399,
            0.49086599999999997,
            0.344009,
            0.0,
            0.312866,
            0.366324,
            0.42118,
            0.435845,
            0.401922,
            0.383332,
            0.520403,
            0.516032,
            0.537056,
            0.531896
        ],
        [
            0.768168,
            0.42724399999999996,
            0.16023300000000001,
            0.18748199999999998,
            0.151897,
            0.152892,
            0.225902,
            0.20722799999999997,
            0.245554,
            0.24669999999999997,
            0.22393399999999997,
            0.29080999999999996,
            0.184913,
            0.312866,
            0.0,
            0.166268,
            0.221124,
            0.23578899999999997,
            0.201866,
            0.183276,
            0.320347,
            0.315976,
            0.33699999999999997,
            0.33184
        ],
        [
            0.73459,
            0.39366599999999996,
            0.12665500000000002,
            0.19819199999999998,
            0.162607,
            0.163602,
            0.27936,
            0.260686,
            0.299012,
            0.300158,
            0.27739199999999997,
            0.34426799999999996,
            0.238371,
            0.366324,
            0.166268,
            0.0,
            0.12507800000000002,
            0.139743,
            0.10582,
            0.125064,
            0.286769,
            0.282398,
            0.30342199999999997,
            0.298262
        ],
        [
            0.789446,
            0.448522,
            0.181511,
            0.253048,
            0.21746300000000002,
            0.21845799999999999,
            0.334216,
            0.315542,
            0.353868,
            0.355014,
            0.332248,
            0.399124,
            0.293227,
            0.42118,
            0.221124,
            0.12507800000000002,
            0.0,
            0.097121,
            0.126678,
            0.17992000000000002,
            0.341625,
            0.337254,
            0.358278,
            0.35311800000000004
        ],
        [
            0.804111,
            0.463187,
            0.196176,
            0.267713,
            0.232128,
            0.23312299999999997,
            0.348881,
            0.330207,
            0.368533,
            0.369679,
            0.34691299999999997,
            0.41378899999999996,
            0.307892,
            0.435845,
            0.23578899999999997,
            0.139743,
            0.097121,
            0.0,
            0.141343,
            0.194585,
            0.35629,
            0.351919,
            0.372943,
            0.36778299999999997
        ],
        [
            0.7701879999999999,
            0.429264,
            0.16225299999999998,
            0.23379,
            0.198205,
            0.1992,
            0.314958,
            0.296284,
            0.33461,
            0.335756,
            0.31299,
            0.379866,
            0.273969,
            0.401922,
            0.201866,
            0.10582,
            0.126678,
            0.141343,
            0.0,
            0.160662,
            0.32236699999999996,
            0.31799599999999995,
            0.33902,
            0.33386
        ],
        [
            0.751598,
            0.410674,
            0.14366299999999999,
            0.2152,
            0.179615,
            0.18061,
            0.296368,
            0.277694,
            0.31602,
            0.317166,
            0.2944,
            0.361276,
            0.255379,
            0.383332,
            0.183276,
            0.125064,
            0.17992000000000002,
            0.194585,
            0.160662,
            0.0,
            0.30377699999999996,
            0.29940599999999995,
            0.32043,
            0.31527
        ],
        [
            0.7745869999999999,
            0.433663,
            0.28073400000000004,
            0.352271,
            0.316686,
            0.317681,
            0.433439,
            0.414765,
            0.453091,
            0.454237,
            0.431471,
            0.498347,
            0.39245,
            0.520403,
            0.320347,
            0.286769,
            0.341625,
            0.35629,
            0.32236699999999996,
            0.30377699999999996,
            0.0,
            0.029191,
            0.115593,
            0.110433
        ],
        [
            0.7702159999999999,
            0.429292,
            0.276363,
            0.3479,
            0.312315,
            0.31331,
            0.429068,
            0.410394,
            0.44872,
            0.449866,
            0.4271,
            0.49397599999999997,
            0.388079,
            0.516032,
            0.315976,
            0.282398,
            0.337254,
            0.351919,
            0.31799599999999995,
            0.29940599999999995,
            0.029191,
            0.0,
            0.111222,
            0.10606199999999999
        ],
        [
            0.7912399999999999,
            0.450316,
            0.297387,
            0.36892400000000003,
            0.333339,
            0.334334,
            0.45009200000000005,
            0.43141799999999997,
            0.46974400000000005,
            0.47089000000000003,
            0.44812399999999997,
            0.515,
            0.409103,
            0.537056,
            0.33699999999999997,
            0.30342199999999997,
            0.358278,
            0.372943,
            0.33902,
            0.32043,
            0.115593,
            0.111222,
            0.0,
            0.088304
        ],
        [
            0.7860799999999999,
            0.445156,
            0.292227,
            0.363764,
            0.328179,
            0.32917399999999997,
            0.444932,
            0.426258,
            0.464584,
            0.46573,
            0.442964,
            0.50984,
            0.40394300000000005,
            0.531896,
            0.33184,
            0.298262,
            0.35311800000000004,
            0.36778299999999997,
            0.33386,
            0.31527,
            0.110433,
            0.10606199999999999,
            0.088304,
            0.0
        ]
    ],
    "NODE_MAPPING": {
        "0": "1",
        "1": "2",
        "2": "3",
        "3": "4",
        "4": "5",
        "5": "6",
        "6": "7",
        "7": "8",
        "8": "9",
        "9": "10",
        "10": "11",
        "11": "12",
        "12": "13",
        "13": "14",
        "14": "15",
        "15": "16",
        "16": "17",
        "17": "18",
        "18": "19",
        "19": "20",
        "20": "21",
        "21": "22",
        "22": "23",
        "23": "24"
    }
}