{
    "NEXUS_FILE_URL": "http://purl.org/phylo/treebase/phylows/study/TB2:S14872",
    "NEWICK_TREE": "((((((((((18:0.010501605137647418,17:0.014536578748578388):0.003928827275688218,2:0.016574783324327325):0.00343907603729543,(10:1.4459479616424353E-6,(9:1.4459479616424353E-6,8:1.4459479616424353E-6):5.910128766730693E-4):0.043743723202702145):0.00838601500645847,((6:0.04105644004814063,20:0.043033080984114236):0.018081270079002287,(12:0.006060206778000232,11:0.01285400838704609):0.05412724098057037):0.004966534572844239):0.017964985344857465,1:0.04249887606943498):0.007715976074873454,19:0.04237588439009021):0.005367769010376389,(((((3:0.025279060655272745,21:0.015125381835210006):0.002223264610797804,5:0.040681081668507424):0.003221317626292408,(15:0.009016733632950635,14:0.010325958291916126):0.008936972991500314):0.019616838835908645,(7:0.019965844868128912,22:0.025026255817539922):0.03550720149466019):0.010529508514342867,(16:0.03425074648763282,4:0.07661584694627616):0.020460021261017647):0.005172742872078084):0.0443653759526641,13:0.10402682435157767):0.0696447533645056,(((((((29:0.03966513678473266,31:0.03525751764363266):0.014479191165866045,30:0.0907617429017138):0.01654267059528708,(33:0.05829972259844679,32:0.05885376409386184):0.010245488214202958):0.013104308434729428,27:0.06677459118404183):0.010961368466362198,28:0.04983147925363479):0.013089442629689862,((23:0.028360226174568737,24:0.029029861196018192):0.0196537675645323,(26:0.02582668488064699,25:0.04041520558249562):0.029025539060479666):0.031781269806764434):0.039208719256183244,34:0.1937630917414535):0.19200116956708635):0.09879272381263879,(36:0.19995230804668884,35:0.19475840910510467):0.09879272381263873);",
    "DISTANCE_MATRIX": [
        [
            0.0,
            0.025038183886225807,
            0.03100521573766296,
            0.061614677601294854,
            0.06220569047796792,
            0.06220569047796792,
            0.09035976815707669,
            0.0923364090930503,
            0.09140950578850437,
            0.09820330739755023,
            0.08671938487138198,
            0.09431236926691067,
            0.1233469870018894,
            0.11319330818182666,
            0.13652574340432627,
            0.11057705073397739,
            0.11188627539294288,
            0.1284795516364069,
            0.1335399625858179,
            0.1171877645079254,
            0.15955286496656873,
            0.20569645419143862,
            0.5103663901043034,
            0.5059587709632034,
            0.5469838050554185,
            0.5082246023710674,
            0.5087786438664824,
            0.49334967430773,
            0.4654451939109608,
            0.4823195355735016,
            0.48298917059495106,
            0.4891577657755272,
            0.5037462864773758,
            0.5570786445129063,
            0.5688521388763329,
            0.5636582399347487
        ],
        [
            0.025038183886225807,
            0.0,
            0.03504018934859393,
            0.06564965121222582,
            0.06624066408889889,
            0.06624066408889889,
            0.09439474176800766,
            0.09637138270398127,
            0.09544447939943534,
            0.1022382810084812,
            0.09075435848231295,
            0.09834734287784164,
            0.12738196061282037,
            0.11722828179275763,
            0.14056071701525724,
            0.11461202434490836,
            0.11592124900387385,
            0.13251452524733787,
            0.13757493619674888,
            0.12122273811885637,
            0.1635878385774997,
            0.20973142780236959,
            0.5144013637152344,
            0.5099937445741344,
            0.5510187786663494,
            0.5122595759819983,
            0.5128136174774134,
            0.497384647918661,
            0.46948016752189176,
            0.48635450918443257,
            0.487024144205882,
            0.4931927393864582,
            0.5077812600883068,
            0.5611136181238374,
            0.5728871124872639,
            0.5676932135456797
        ],
        [
            0.03100521573766296,
            0.03504018934859393,
            0.0,
            0.06375902851228654,
            0.06435004138895961,
            0.06435004138895961,
            0.09250411906806838,
            0.09448076000404199,
            0.09355385669949606,
            0.10034765830854192,
            0.08886373578237367,
            0.09645672017790236,
            0.12549133791288108,
            0.11533765909281835,
            0.13867009431531796,
            0.11272140164496908,
            0.11403062630393457,
            0.13062390254739858,
            0.1356843134968096,
            0.11933211541891708,
            0.16169721587756042,
            0.2078408051024303,
            0.5125107410152951,
            0.5081031218741952,
            0.5491281559664102,
            0.510368953282059,
            0.510922994777474,
            0.4954940252187217,
            0.4675895448219525,
            0.4844638864844933,
            0.48513352150594274,
            0.4913021166865189,
            0.5058906373883676,
            0.5592229954238981,
            0.5709964897873245,
            0.5658025908457404
        ],
        [
            0.061614677601294854,
            0.06564965121222582,
            0.06375902851228654,
            0.0,
            0.0005939047725963542,
            0.0005939047725963542,
            0.11623542885710941,
            0.11821206979308302,
            0.1172851664885371,
            0.12407896809758295,
            0.1125950455714147,
            0.12018802996694339,
            0.14922264770192212,
            0.13906896888185938,
            0.162401404104359,
            0.1364527114340101,
            0.1377619360929756,
            0.15435521233643962,
            0.15941562328585063,
            0.14306342520795812,
            0.18542852566660145,
            0.23157211489147134,
            0.5362420508043362,
            0.5318344316632362,
            0.5728594657554512,
            0.5341002630711,
            0.5346543045665151,
            0.5192253350077627,
            0.4913208546109935,
            0.5081951962735343,
            0.5088648312949837,
            0.5150334264755599,
            0.5296219471774086,
            0.5829543052129391,
            0.5947277995763656,
            0.5895339006347814
        ],
        [
            0.06220569047796792,
            0.06624066408889889,
            0.06435004138895961,
            0.0005939047725963542,
            0.0,
            2.8918959232848707e-06,
            0.11682644173378248,
            0.11880308266975609,
            0.11787617936521017,
            0.12466998097425602,
            0.11318605844808777,
            0.12077904284361646,
            0.1498136605785952,
            0.13965998175853245,
            0.16299241698103206,
            0.13704372431068318,
            0.13835294896964867,
            0.1549462252131127,
            0.1600066361625237,
            0.1436544380846312,
            0.18601953854327452,
            0.2321631277681444,
            0.5368330636810092,
            0.5324254445399093,
            0.5734504786321243,
            0.5346912759477731,
            0.5352453174431882,
            0.5198163478844358,
            0.4919118674876666,
            0.5087862091502073,
            0.5094558441716568,
            0.515624439352233,
            0.5302129600540817,
            0.5835453180896122,
            0.5953188124530386,
            0.5901249135114545
        ],
        [
            0.06220569047796792,
            0.06624066408889889,
            0.06435004138895961,
            0.0005939047725963542,
            2.8918959232848707e-06,
            0.0,
            0.11682644173378248,
            0.11880308266975609,
            0.11787617936521017,
            0.12466998097425602,
            0.11318605844808777,
            0.12077904284361646,
            0.1498136605785952,
            0.13965998175853245,
            0.16299241698103206,
            0.13704372431068318,
            0.13835294896964867,
            0.1549462252131127,
            0.1600066361625237,
            0.1436544380846312,
            0.18601953854327452,
            0.2321631277681444,
            0.5368330636810092,
            0.5324254445399093,
            0.5734504786321243,
            0.5346912759477731,
            0.5352453174431882,
            0.5198163478844358,
            0.4919118674876666,
            0.5087862091502073,
            0.5094558441716568,
            0.515624439352233,
            0.5302129600540817,
            0.5835453180896122,
            0.5953188124530386,
            0.5901249135114545
        ],
        [
            0.09035976815707669,
            0.09439474176800766,
            0.09250411906806838,
            0.11623542885710941,
            0.11682644173378248,
            0.11682644173378248,
            0.0,
            0.08408952103225487,
            0.11932515788571352,
            0.12611895949475938,
            0.1245681061142796,
            0.1321610905098083,
            0.16119570824478702,
            0.15104202942472428,
            0.1743744646472239,
            0.148425771976875,
            0.1497349966358405,
            0.16632827287930452,
            0.17138868382871553,
            0.15503648575082302,
            0.19740158620946635,
            0.24354517543433624,
            0.548215111347201,
            0.543807492206101,
            0.5848325262983161,
            0.546073323613965,
            0.54662736510938,
            0.5311983955506276,
            0.5032939151538585,
            0.5201682568163992,
            0.5208378918378487,
            0.5270064870184248,
            0.5415950077202735,
            0.5949273657558041,
            0.6067008601192305,
            0.6015069611776463
        ],
        [
            0.0923364090930503,
            0.09637138270398127,
            0.09448076000404199,
            0.11821206979308302,
            0.11880308266975609,
            0.11880308266975609,
            0.08408952103225487,
            0.0,
            0.12130179882168712,
            0.12809560043073298,
            0.1265447470502532,
            0.1341377314457819,
            0.16317234918076062,
            0.15301867036069788,
            0.1763511055831975,
            0.15040241291284862,
            0.1517116375718141,
            0.16830491381527812,
            0.17336532476468913,
            0.15701312668679662,
            0.19937822714543996,
            0.24552181637030984,
            0.5501917522831746,
            0.5457841331420746,
            0.5868091672342897,
            0.5480499645499386,
            0.5486040060453536,
            0.5331750364866013,
            0.5052705560898321,
            0.5221448977523728,
            0.5228145327738223,
            0.5289831279543984,
            0.5435716486562471,
            0.5969040066917777,
            0.6086775010552041,
            0.60348360211362
        ],
        [
            0.09140950578850437,
            0.09544447939943534,
            0.09355385669949606,
            0.1172851664885371,
            0.11787617936521017,
            0.11787617936521017,
            0.11932515788571352,
            0.12130179882168712,
            0.0,
            0.018914215165046322,
            0.12561784374570728,
            0.13321082814123597,
            0.1622454458762147,
            0.15209176705615196,
            0.17542420227865158,
            0.1494755096083027,
            0.15078473426726818,
            0.1673780105107322,
            0.1724384214601432,
            0.1560862233822507,
            0.19845132384089403,
            0.24459491306576392,
            0.5492648489786287,
            0.5448572298375287,
            0.5858822639297439,
            0.5471230612453927,
            0.5476771027408077,
            0.5322481331820553,
            0.504343652785286,
            0.5212179944478269,
            0.5218876294692764,
            0.5280562246498526,
            0.5426447453517012,
            0.5959771033872316,
            0.6077505977506582,
            0.602556698809074
        ],
        [
            0.09820330739755023,
            0.1022382810084812,
            0.10034765830854192,
            0.12407896809758295,
            0.12466998097425602,
            0.12466998097425602,
            0.12611895949475938,
            0.12809560043073298,
            0.018914215165046322,
            0.0,
            0.13241164535475314,
            0.14000462975028183,
            0.16903924748526056,
            0.15888556866519782,
            0.18221800388769743,
            0.15626931121734855,
            0.15757853587631404,
            0.17417181211977806,
            0.17923222306918907,
            0.16288002499129656,
            0.2052451254499399,
            0.2513887146748098,
            0.5560586505876746,
            0.5516510314465746,
            0.5926760655387897,
            0.5539168628544385,
            0.5544709043498536,
            0.5390419347911012,
            0.5111374543943319,
            0.5280117960568728,
            0.5286814310783222,
            0.5348500262588984,
            0.549438546960747,
            0.6027709049962775,
            0.6145443993597041,
            0.6093505004181199
        ],
        [
            0.08671938487138198,
            0.09075435848231295,
            0.08886373578237367,
            0.1125950455714147,
            0.11318605844808777,
            0.11318605844808777,
            0.1245681061142796,
            0.1265447470502532,
            0.12561784374570728,
            0.13241164535475314,
            0.0,
            0.09259073653439864,
            0.12162535426937737,
            0.11147167544931463,
            0.13480411067181425,
            0.10885541800146536,
            0.11016464266043086,
            0.12675791890389487,
            0.13181832985330588,
            0.11546613177541337,
            0.1578312322340567,
            0.2039748214589266,
            0.5086447573717914,
            0.5042371382306914,
            0.5452621723229065,
            0.5065029696385553,
            0.5070570111339704,
            0.491628041575218,
            0.46372356117844876,
            0.4805979028409896,
            0.48126753786243903,
            0.4874361330430152,
            0.5020246537448638,
            0.5553570117803943,
            0.5671305061438209,
            0.5619366072022367
        ],
        [
            0.09431236926691067,
            0.09834734287784164,
            0.09645672017790236,
            0.12018802996694339,
            0.12077904284361646,
            0.12077904284361646,
            0.1321610905098083,
            0.1341377314457819,
            0.13321082814123597,
            0.14000462975028183,
            0.09259073653439864,
            0.0,
            0.11378638651515915,
            0.10363270769509642,
            0.12696514291759603,
            0.10101645024724715,
            0.10232567490621264,
            0.11891895114967665,
            0.12397936209908766,
            0.10762716402119515,
            0.1499922644798385,
            0.19613585370470837,
            0.5008057896175732,
            0.49639817047647317,
            0.5374232045686882,
            0.4986640018843371,
            0.4992180433797522,
            0.4837890738209998,
            0.45588459342423054,
            0.47275893508677136,
            0.4734285701082208,
            0.479597165288797,
            0.4941856859906456,
            0.5475180440261762,
            0.5592915383896027,
            0.5540976394480185
        ],
        [
            0.1233469870018894,
            0.12738196061282037,
            0.12549133791288108,
            0.14922264770192212,
            0.1498136605785952,
            0.1498136605785952,
            0.16119570824478702,
            0.16317234918076062,
            0.1622454458762147,
            0.16903924748526056,
            0.12162535426937737,
            0.11378638651515915,
            0.0,
            0.04040444249048275,
            0.06818340693457797,
            0.048677349516813906,
            0.0499865741757794,
            0.1058135280910607,
            0.11087393904047171,
            0.11558075799126494,
            0.15794585844990827,
            0.21443493341893433,
            0.5191048693317991,
            0.5146972501906991,
            0.5557222842829141,
            0.5169630815985631,
            0.5175171230939781,
            0.5020881535352257,
            0.4741836731384565,
            0.4910580148009973,
            0.49172764982244677,
            0.49789624500302293,
            0.5124847657048716,
            0.5658171237404022,
            0.5775906181038286,
            0.5723967191622444
        ],
        [
            0.11319330818182666,
            0.11722828179275763,
            0.11533765909281835,
            0.13906896888185938,
            0.13965998175853245,
            0.13965998175853245,
            0.15104202942472428,
            0.15301867036069788,
            0.15209176705615196,
            0.15888556866519782,
            0.11147167544931463,
            0.10363270769509642,
            0.04040444249048275,
            0.0,
            0.05802972811451523,
            0.03852367069675117,
            0.03983289535571666,
            0.09565984927099797,
            0.10072026022040897,
            0.1054270791712022,
            0.14779217962984553,
            0.2042812545988716,
            0.5089511905117363,
            0.5045435713706363,
            0.5455686054628515,
            0.5068094027785004,
            0.5073634442739154,
            0.491934474715163,
            0.46402999431839376,
            0.48090433598093457,
            0.481573971002384,
            0.4877425661829602,
            0.5023310868848088,
            0.5556634449203394,
            0.5674369392837658,
            0.5622430403421816
        ],
        [
            0.13652574340432627,
            0.14056071701525724,
            0.13867009431531796,
            0.162401404104359,
            0.16299241698103206,
            0.16299241698103206,
            0.1743744646472239,
            0.1763511055831975,
            0.17542420227865158,
            0.18221800388769743,
            0.13480411067181425,
            0.12696514291759603,
            0.06818340693457797,
            0.05802972811451523,
            0.0,
            0.06185610591925078,
            0.06316533057821627,
            0.11899228449349758,
            0.12405269544290859,
            0.1287595143937018,
            0.17112461485234515,
            0.2276136898213712,
            0.532283625734236,
            0.527876006593136,
            0.5689010406853511,
            0.5301418380009999,
            0.530695879496415,
            0.5152669099376626,
            0.48736242954089337,
            0.5042367712034341,
            0.5049064062248836,
            0.5110750014054598,
            0.5256635221073085,
            0.578995880142839,
            0.5907693745062654,
            0.5855754755646813
        ],
        [
            0.11057705073397739,
            0.11461202434490836,
            0.11272140164496908,
            0.1364527114340101,
            0.13704372431068318,
            0.13704372431068318,
            0.148425771976875,
            0.15040241291284862,
            0.1494755096083027,
            0.15626931121734855,
            0.10885541800146536,
            0.10101645024724715,
            0.048677349516813906,
            0.03852367069675117,
            0.06185610591925078,
            0.0,
            0.01934269192486676,
            0.0930435918231487,
            0.0981040027725597,
            0.10281082172335293,
            0.14517592218199626,
            0.20166499715102232,
            0.5063349330638871,
            0.5019273139227871,
            0.5429523480150023,
            0.5041931453306511,
            0.5047471868260661,
            0.4893182172673137,
            0.4614137368705445,
            0.4782880785330853,
            0.47895771355453476,
            0.4851263087351109,
            0.49971482943695955,
            0.55304718747249,
            0.5648206818359166,
            0.5596267828943324
        ],
        [
            0.11188627539294288,
            0.11592124900387385,
            0.11403062630393457,
            0.1377619360929756,
            0.13835294896964867,
            0.13835294896964867,
            0.1497349966358405,
            0.1517116375718141,
            0.15078473426726818,
            0.15757853587631404,
            0.11016464266043086,
            0.10232567490621264,
            0.0499865741757794,
            0.03983289535571666,
            0.06316533057821627,
            0.01934269192486676,
            0.0,
            0.09435281648211419,
            0.0994132274315252,
            0.10412004638231842,
            0.14648514684096176,
            0.2029742218099878,
            0.5076441577228525,
            0.5032365385817525,
            0.5442615726739677,
            0.5055023699896166,
            0.5060564114850317,
            0.4906274419262792,
            0.46272296152951,
            0.4795973031920508,
            0.48026693821350025,
            0.4864355333940764,
            0.501024054095925,
            0.5543564121314556,
            0.566129906494882,
            0.5609360075532979
        ],
        [
            0.1284795516364069,
            0.13251452524733787,
            0.13062390254739858,
            0.15435521233643962,
            0.1549462252131127,
            0.1549462252131127,
            0.16632827287930452,
            0.16830491381527812,
            0.1673780105107322,
            0.17417181211977806,
            0.12675791890389487,
            0.11891895114967665,
            0.1058135280910607,
            0.09565984927099797,
            0.11899228449349758,
            0.0930435918231487,
            0.09435281648211419,
            0.0,
            0.044992100685668834,
            0.12071332262578244,
            0.16307842308442577,
            0.21956749805345183,
            0.5242374339663166,
            0.5198298148252166,
            0.5608548489174316,
            0.5220956462330806,
            0.5226496877284956,
            0.5072207181697432,
            0.479316237772974,
            0.4961905794355148,
            0.49686021445696427,
            0.5030288096375404,
            0.5176173303393891,
            0.5709496883749197,
            0.5827231827383461,
            0.5775292837967619
        ],
        [
            0.1335399625858179,
            0.13757493619674888,
            0.1356843134968096,
            0.15941562328585063,
            0.1600066361625237,
            0.1600066361625237,
            0.17138868382871553,
            0.17336532476468913,
            0.1724384214601432,
            0.17923222306918907,
            0.13181832985330588,
            0.12397936209908766,
            0.11087393904047171,
            0.10072026022040897,
            0.12405269544290859,
            0.0981040027725597,
            0.0994132274315252,
            0.044992100685668834,
            0.0,
            0.12577373357519345,
            0.16813883403383678,
            0.22462790900286284,
            0.5292978449157276,
            0.5248902257746276,
            0.5659152598668427,
            0.5271560571824916,
            0.5277100986779066,
            0.5122811291191542,
            0.484376648722385,
            0.5012509903849258,
            0.5019206254063753,
            0.5080892205869514,
            0.5226777412888001,
            0.5760100993243307,
            0.5877835936877571,
            0.582589694746173
        ],
        [
            0.1171877645079254,
            0.12122273811885637,
            0.11933211541891708,
            0.14306342520795812,
            0.1436544380846312,
            0.1436544380846312,
            0.15503648575082302,
            0.15701312668679662,
            0.1560862233822507,
            0.16288002499129656,
            0.11546613177541337,
            0.10762716402119515,
            0.11558075799126494,
            0.1054270791712022,
            0.1287595143937018,
            0.10281082172335293,
            0.10412004638231842,
            0.12071332262578244,
            0.12577373357519345,
            0.0,
            0.11086659343390898,
            0.20827571092497033,
            0.5129456468378351,
            0.5085380276967351,
            0.5495630617889502,
            0.5108038591045991,
            0.5113579006000142,
            0.49592893104126173,
            0.4680244506444925,
            0.4848987923070333,
            0.48556842732848277,
            0.49173702250905893,
            0.5063255432109075,
            0.5596579012464381,
            0.5714313956098646,
            0.5662374966682804
        ],
        [
            0.15955286496656873,
            0.1635878385774997,
            0.16169721587756042,
            0.18542852566660145,
            0.18601953854327452,
            0.18601953854327452,
            0.19740158620946635,
            0.19937822714543996,
            0.19845132384089403,
            0.2052451254499399,
            0.1578312322340567,
            0.1499922644798385,
            0.15794585844990827,
            0.14779217962984553,
            0.17112461485234515,
            0.14517592218199626,
            0.14648514684096176,
            0.16307842308442577,
            0.16813883403383678,
            0.11086659343390898,
            0.0,
            0.25064081138361366,
            0.5553107472964784,
            0.5509031281553785,
            0.5919281622475936,
            0.5531689595632424,
            0.5537230010586575,
            0.5382940314999051,
            0.5103895511031358,
            0.5272638927656766,
            0.5279335277871261,
            0.5341021229677023,
            0.5486906436695509,
            0.6020230017050814,
            0.613796496068508,
            0.6086025971269238
        ],
        [
            0.20569645419143862,
            0.20973142780236959,
            0.2078408051024303,
            0.23157211489147134,
            0.2321631277681444,
            0.2321631277681444,
            0.24354517543433624,
            0.24552181637030984,
            0.24459491306576392,
            0.2513887146748098,
            0.2039748214589266,
            0.19613585370470837,
            0.21443493341893433,
            0.2042812545988716,
            0.2276136898213712,
            0.20166499715102232,
            0.2029742218099878,
            0.21956749805345183,
            0.22462790900286284,
            0.20827571092497033,
            0.25064081138361366,
            0.0,
            0.5127235846160201,
            0.5083159654749201,
            0.5493409995671352,
            0.5105817968827842,
            0.5111358383781992,
            0.49570686881944676,
            0.4678023884226775,
            0.48467673008521833,
            0.4853463651066678,
            0.49151496028724395,
            0.5061034809890925,
            0.5594358390246231,
            0.5712093333880496,
            0.5660154344464654
        ],
        [
            0.5103663901043034,
            0.5144013637152344,
            0.5125107410152951,
            0.5362420508043362,
            0.5368330636810092,
            0.5368330636810092,
            0.548215111347201,
            0.5501917522831746,
            0.5492648489786287,
            0.5560586505876746,
            0.5086447573717914,
            0.5008057896175732,
            0.5191048693317991,
            0.5089511905117363,
            0.532283625734236,
            0.5063349330638871,
            0.5076441577228525,
            0.5242374339663166,
            0.5292978449157276,
            0.5129456468378351,
            0.5553107472964784,
            0.5127235846160201,
            0.0,
            0.07492265442836532,
            0.1449060708523125,
            0.13923220935853553,
            0.13978625085395058,
            0.15056589816465704,
            0.1445841547006122,
            0.18763738162253274,
            0.1883070166439822,
            0.19447561182455836,
            0.209064132526407,
            0.340813929074304,
            0.7365897625719032,
            0.731395863630319
        ],
        [
            0.5059587709632034,
            0.5099937445741344,
            0.5081031218741952,
            0.5318344316632362,
            0.5324254445399093,
            0.5324254445399093,
            0.543807492206101,
            0.5457841331420746,
            0.5448572298375287,
            0.5516510314465746,
            0.5042371382306914,
            0.49639817047647317,
            0.5146972501906991,
            0.5045435713706363,
            0.527876006593136,
            0.5019273139227871,
            0.5032365385817525,
            0.5198298148252166,
            0.5248902257746276,
            0.5085380276967351,
            0.5509031281553785,
            0.5083159654749201,
            0.07492265442836532,
            0.0,
            0.1404984517112125,
            0.13482459021743554,
            0.13537863171285058,
            0.14615827902355705,
            0.1401765355595122,
            0.18322976248143275,
            0.1838993975028822,
            0.19006799268345836,
            0.204656513385307,
            0.33640630993320403,
            0.7321821434308032,
            0.7269882444892191
        ],
        [
            0.5469838050554185,
            0.5510187786663494,
            0.5491281559664102,
            0.5728594657554512,
            0.5734504786321243,
            0.5734504786321243,
            0.5848325262983161,
            0.5868091672342897,
            0.5858822639297439,
            0.5926760655387897,
            0.5452621723229065,
            0.5374232045686882,
            0.5557222842829141,
            0.5455686054628515,
            0.5689010406853511,
            0.5429523480150023,
            0.5442615726739677,
            0.5608548489174316,
            0.5659152598668427,
            0.5495630617889502,
            0.5919281622475936,
            0.5493409995671352,
            0.1449060708523125,
            0.1404984517112125,
            0.0,
            0.17584962430965062,
            0.17640366580506567,
            0.18718331311577213,
            0.1812015696517273,
            0.22425479657364783,
            0.22492443159509729,
            0.23109302677567345,
            0.24568154747752208,
            0.3774313440254191,
            0.7732071775230183,
            0.7680132785814341
        ],
        [
            0.5082246023710674,
            0.5122595759819983,
            0.510368953282059,
            0.5341002630711,
            0.5346912759477731,
            0.5346912759477731,
            0.546073323613965,
            0.5480499645499386,
            0.5471230612453927,
            0.5539168628544385,
            0.5065029696385553,
            0.4986640018843371,
            0.5169630815985631,
            0.5068094027785004,
            0.5301418380009999,
            0.5041931453306511,
            0.5055023699896166,
            0.5220956462330806,
            0.5271560571824916,
            0.5108038591045991,
            0.5531689595632424,
            0.5105817968827842,
            0.13923220935853553,
            0.13482459021743554,
            0.17584962430965062,
            0.0,
            0.11715348669230863,
            0.148424110431421,
            0.14244236696737617,
            0.1854955938892967,
            0.18616522891074616,
            0.19233382409132233,
            0.20692234479317095,
            0.338672141341068,
            0.7344479748386672,
            0.729254075897083
        ],
        [
            0.5087786438664824,
            0.5128136174774134,
            0.510922994777474,
            0.5346543045665151,
            0.5352453174431882,
            0.5352453174431882,
            0.54662736510938,
            0.5486040060453536,
            0.5476771027408077,
            0.5544709043498536,
            0.5070570111339704,
            0.4992180433797522,
            0.5175171230939781,
            0.5073634442739154,
            0.530695879496415,
            0.5047471868260661,
            0.5060564114850317,
            0.5226496877284956,
            0.5277100986779066,
            0.5113579006000142,
            0.5537230010586575,
            0.5111358383781992,
            0.13978625085395058,
            0.13537863171285058,
            0.17640366580506567,
            0.11715348669230863,
            0.0,
            0.14897815192683606,
            0.1429964084627912,
            0.18604963538471175,
            0.1867192704061612,
            0.19288786558673737,
            0.207476386288586,
            0.33922618283648304,
            0.7350020163340822,
            0.7298081173924981
        ],
        [
            0.49334967430773,
            0.497384647918661,
            0.4954940252187217,
            0.5192253350077627,
            0.5198163478844358,
            0.5198163478844358,
            0.5311983955506276,
            0.5331750364866013,
            0.5322481331820553,
            0.5390419347911012,
            0.491628041575218,
            0.4837890738209998,
            0.5020881535352257,
            0.491934474715163,
            0.5152669099376626,
            0.4893182172673137,
            0.4906274419262792,
            0.5072207181697432,
            0.5122811291191542,
            0.49592893104126173,
            0.5382940314999051,
            0.49570686881944676,
            0.15056589816465704,
            0.14615827902355705,
            0.18718331311577213,
            0.148424110431421,
            0.14897815192683606,
            0.0,
            0.12756743890403882,
            0.17062066582595936,
            0.17129030084740882,
            0.17745889602798498,
            0.1920474167298336,
            0.32379721327773064,
            0.7195730467753298,
            0.7143791478337457
        ],
        [
            0.4654451939109608,
            0.46948016752189176,
            0.4675895448219525,
            0.4913208546109935,
            0.4919118674876666,
            0.4919118674876666,
            0.5032939151538585,
            0.5052705560898321,
            0.504343652785286,
            0.5111374543943319,
            0.46372356117844876,
            0.45588459342423054,
            0.4741836731384565,
            0.46402999431839376,
            0.48736242954089337,
            0.4614137368705445,
            0.46272296152951,
            0.479316237772974,
            0.484376648722385,
            0.4680244506444925,
            0.5103895511031358,
            0.4678023884226775,
            0.1445841547006122,
            0.1401765355595122,
            0.1812015696517273,
            0.14244236696737617,
            0.1429964084627912,
            0.12756743890403882,
            0.0,
            0.14271618542919012,
            0.14338582045063958,
            0.14955441563121574,
            0.16414293633306437,
            0.2958927328809614,
            0.6916685663785606,
            0.6864746674369764
        ],
        [
            0.4823195355735016,
            0.48635450918443257,
            0.4844638864844933,
            0.5081951962735343,
            0.5087862091502073,
            0.5087862091502073,
            0.5201682568163992,
            0.5221448977523728,
            0.5212179944478269,
            0.5280117960568728,
            0.4805979028409896,
            0.47275893508677136,
            0.4910580148009973,
            0.48090433598093457,
            0.5042367712034341,
            0.4782880785330853,
            0.4795973031920508,
            0.4961905794355148,
            0.5012509903849258,
            0.4848987923070333,
            0.5272638927656766,
            0.48467673008521833,
            0.18763738162253274,
            0.18322976248143275,
            0.22425479657364783,
            0.1854955938892967,
            0.18604963538471175,
            0.17062066582595936,
            0.14271618542919012,
            0.0,
            0.05739008737058693,
            0.10286621768022769,
            0.11745473838207632,
            0.3127670745435022,
            0.7085429080411014,
            0.7033490090995173
        ],
        [
            0.48298917059495106,
            0.487024144205882,
            0.48513352150594274,
            0.5088648312949837,
            0.5094558441716568,
            0.5094558441716568,
            0.5208378918378487,
            0.5228145327738223,
            0.5218876294692764,
            0.5286814310783222,
            0.48126753786243903,
            0.4734285701082208,
            0.49172764982244677,
            0.481573971002384,
            0.5049064062248836,
            0.47895771355453476,
            0.48026693821350025,
            0.49686021445696427,
            0.5019206254063753,
            0.48556842732848277,
            0.5279335277871261,
            0.4853463651066678,
            0.1883070166439822,
            0.1838993975028822,
            0.22492443159509729,
            0.18616522891074616,
            0.1867192704061612,
            0.17129030084740882,
            0.14338582045063958,
            0.05739008737058693,
            0.0,
            0.10353585270167714,
            0.11812437340352577,
            0.3134367095649517,
            0.7092125430625509,
            0.7040186441209667
        ],
        [
            0.4891577657755272,
            0.4931927393864582,
            0.4913021166865189,
            0.5150334264755599,
            0.515624439352233,
            0.515624439352233,
            0.5270064870184248,
            0.5289831279543984,
            0.5280562246498526,
            0.5348500262588984,
            0.4874361330430152,
            0.479597165288797,
            0.49789624500302293,
            0.4877425661829602,
            0.5110750014054598,
            0.4851263087351109,
            0.4864355333940764,
            0.5030288096375404,
            0.5080892205869514,
            0.49173702250905893,
            0.5341021229677023,
            0.49151496028724395,
            0.19447561182455836,
            0.19006799268345836,
            0.23109302677567345,
            0.19233382409132233,
            0.19288786558673737,
            0.17745889602798498,
            0.14955441563121574,
            0.10286621768022769,
            0.10353585270167714,
            0.0,
            0.0662418904631426,
            0.31960530474552784,
            0.715381138243127,
            0.7101872393015428
        ],
        [
            0.5037462864773758,
            0.5077812600883068,
            0.5058906373883676,
            0.5296219471774086,
            0.5302129600540817,
            0.5302129600540817,
            0.5415950077202735,
            0.5435716486562471,
            0.5426447453517012,
            0.549438546960747,
            0.5020246537448638,
            0.4941856859906456,
            0.5124847657048716,
            0.5023310868848088,
            0.5256635221073085,
            0.49971482943695955,
            0.501024054095925,
            0.5176173303393891,
            0.5226777412888001,
            0.5063255432109075,
            0.5486906436695509,
            0.5061034809890925,
            0.209064132526407,
            0.204656513385307,
            0.24568154747752208,
