{
    "NEXUS_FILE_URL": "http://purl.org/phylo/treebase/phylows/study/TB2:S12493",
    "NEWICK_TREE": "(((((((((((((((((((27:0.38233898959143353,13:0.043297858608311035):0.10077992561601201,38:0.005893913490678804):0.006324298342325285,14:0.02099423270142675):0.001025003860070095,30:0.00238903906500898):0.004823393648487384,(41:0.0010584965576081462,42:0.030153003703948356):0.002440077852237321):0.015552565520342121,9:0.015910367992292507):5.783011749196376E-4,45:0.04470465030598736):6.792874404040194E-4,((32:0.004758042469246826,35:0.004773566739944002):0.004817860131375307,34:0.0023226139284542313):0.023704445476126157):0.003321275298451054,33:0.043606917689976266):0.003632700620770146,((15:0.018652554066996396,2:0.044494689421091804):0.0015626718553780616,1:0.0155141009291202):0.0015039998202923677):0.0011488039012759188,(25:0.013741819877451045,19:0.021056012346323927):0.011884966216591852):0.0018260894398074434,(((((((29:1.3795390042412596,20:0.19435833013524806):0.15691856619547795,26:0.010590731974450929):2.1990287795148333E-6,17:0.020206781958615583):0.0022700811186551206,4:2.1990287795148333E-6):0.01076592532151266,(10:0.028473859565678605,3:0.001191146310510982):0.0011752746041482354):0.0011808611719801299,(((39:0.012129307330593031,40:0.0036027337661717063):0.01477528010205953,12:0.007433047146479854):0.0011032869265295009,5:2.199028779736878E-6):0.0011714184553246465):0.0023312969103448378,(((21:0.5656443443750901,28:0.6587923643092675):0.1641205207397447,(36:2.1990287795148333E-6,11:2.1990287795148333E-6):2.1990287795148333E-6):0.005981898855985657,18:0.0038462337714793016):2.1990287795148333E-6):0.005561168387420379):0.004508957645326328,(((43:0.001835799660876658,44:0.005523259774753209):0.04198372802135597,37:0.045613288010045716):0.02517378392044467,31:0.009898632393004592):0.047473465115613456):0.013527991348529778,(6:0.3868517494545405,7:0.06917950859518718):0.17234315855730542):0.017691146093037347,8:0.04382206667315547):0.006363799482805632,24:0.038145877667932426):0.010903343551596834,22:2.1990287795148333E-6):0.002364903592442902,23:2.1990287795148333E-6):0.15181219361787235,((47:0.25360437705804106,16:0.2844608684342659):0.4633597419021608,46:1.2340905773912794):0.15181219361787235);",
    "DISTANCE_MATRIX": [
        [
            0.0,
            0.42563684819974457,
            0.48901282869812435,
            0.5104374462511976,
            0.4928572564748499,
            0.4987901854681738,
            0.527884692614514,
            0.5267545445709629,
            0.5561271280595774,
            0.5453821132707424,
            0.5453976375414396,
            0.5381288245985745,
            0.5590299581824214,
            0.5407749668558821,
            0.5666171022099775,
            0.5360738418626279,
            0.5458313311085341,
            0.553145523577407,
            2.080599736829729,
            0.8954190627237173,
            0.5547328983674422,
            0.5643467493228274,
            0.5418720852743362,
            0.5607530950938708,
            0.5334703818387032,
            0.5591023925665706,
            0.5505758190021492,
            0.5396308522803979,
            0.5310967172361682,
            1.2633407658413192,
            1.3564887857754964,
            0.5335802987840432,
            0.5335802987840432,
            0.5314402356419778,
            0.6430063688179157,
            0.6466938289317923,
            0.6448001291457288,
            0.583911689608243,
            1.0992624914600007,
            0.7815902506006474,
            0.6015807962143476,
            0.6022684066919302,
            0.5750280716043741,
            0.577392975196817,
            1.597979282363984,
            1.6288357737402088,
            2.1151057407950615
        ],
        [
            0.42563684819974457,
            0.0,
            0.14997169771500185,
            0.17139631526807508,
            0.1538161254917274,
            0.15974905448505128,
            0.1888435616313915,
            0.18771341358784044,
            0.21708599707645493,
            0.20634098228761988,
            0.20635650655831705,
            0.19908769361545198,
            0.2199888271992989,
            0.20173383587275961,
            0.22757597122685502,
            0.19703271087950536,
            0.2067902001254116,
            0.2141043925942845,
            1.7415586058466064,
            0.5563779317405948,
            0.21569176738431972,
            0.22530561833970486,
            0.20283095429121367,
            0.22171196411074834,
            0.19442925085558072,
            0.22006126158344808,
            0.21153468801902675,
            0.20058972129727537,
            0.19205558625304575,
            0.9242996348581966,
            1.0174476547923739,
            0.19453916780092073,
            0.19453916780092073,
            0.19239910465885535,
            0.30396523783479323,
            0.3076526979486698,
            0.3057589981626063,
            0.24487055862512053,
            0.7602213604768782,
            0.44254911961752486,
            0.2625396652312251,
            0.26322727570880766,
            0.23598694062125158,
            0.23835184421369449,
            1.2589381513808615,
            1.2897946427570863,
            1.776064609811939
        ],
        [
            0.48901282869812435,
            0.14997169771500185,
            0.0,
            0.03321244453443084,
            0.015632254758083164,
            0.021565183751407035,
            0.050659690897747245,
            0.049529542854196196,
            0.07890212634281069,
            0.06815711155397564,
            0.06817263582467281,
            0.060903822881807734,
            0.08180495646565467,
            0.06354996513911537,
            0.08939210049321078,
            0.058848840145861114,
            0.06860632939176736,
            0.07592052186064024,
            1.6033747351129621,
            0.41819406100695056,
            0.07750789665067548,
            0.08712174760606062,
            0.06464708355756943,
            0.0835280933771041,
            0.05624538012193647,
            0.08187739084980383,
            0.07335081728538251,
            0.06240585056363113,
            0.05387171551940151,
            0.7861157641245523,
            0.8792637840587296,
            0.05635529706727649,
            0.05635529706727649,
            0.054215233925211104,
            0.165781367101149,
            0.16946882721502554,
            0.16757512742896208,
            0.10668668789147628,
            0.6220374897432339,
            0.3043652488838806,
            0.12435579449758083,
            0.12504340497516342,
            0.09780306988760734,
            0.10016797348005024,
            1.1207542806472173,
            1.151610772023442,
            1.637880739078295
        ],
        [
            0.5104374462511976,
            0.17139631526807508,
            0.03321244453443084,
            0.0,
            0.024408275626505826,
            0.030341204619829698,
            0.05943571176616991,
            0.05830556372261886,
            0.08767814721123335,
            0.0769331324223983,
            0.07694865669309547,
            0.0696798437502304,
            0.09058097733407733,
            0.07232598600753803,
            0.09816812136163344,
            0.06762486101428378,
            0.07738235026019002,
            0.0846965427290629,
            1.6121507559813848,
            0.4269700818753732,
            0.08628391751909814,
            0.09589776847448328,
            0.07342310442599209,
            0.09230411424552676,
            0.06502140099035914,
            0.0906534117182265,
            0.08212683815380517,
            0.07118187143205379,
            0.06264773638782417,
            0.794891784992975,
            0.8880398049271523,
            0.06513131793569915,
            0.06513131793569915,
            0.06299125479363377,
            0.17455738796957165,
            0.1782448480834482,
            0.17635114829738474,
            0.11546270875989895,
            0.6308135106116566,
            0.3131412697523033,
            0.1331318153660035,
            0.13381942584358608,
            0.10657909075603,
            0.1089439943484729,
            1.12953030151564,
            1.1603867928918647,
            1.6466567599467177
        ],
        [
            0.4928572564748499,
            0.1538161254917274,
            0.015632254758083164,
            0.024408275626505826,
            0.0,
            0.010711007123341831,
            0.03980551426968204,
            0.03867536622613099,
            0.06804794971474548,
            0.05730293492591043,
            0.05731845919660761,
            0.05004964625374253,
            0.07095077983758946,
            0.05269578851105017,
            0.07853792386514558,
            0.04799466351779591,
            0.05775215276370216,
            0.06506634523257504,
            1.592520558484897,
            0.40733988437888535,
            0.06665372002261027,
            0.07626757097799541,
            0.053792906929504225,
            0.07267391674903889,
            0.04539120349387127,
            0.07102321422173863,
            0.062496640657317304,
            0.05155167393556592,
            0.043017538891336304,
            0.7752615874964871,
            0.8684096074306644,
            0.045501120439211284,
            0.045501120439211284,
            0.0433610572971459,
            0.1549271904730838,
            0.15861465058696034,
            0.15672095080089687,
            0.09583251126341108,
            0.6111833131151687,
            0.2935110722558154,
            0.11350161786951563,
            0.11418922834709822,
            0.08694889325954214,
            0.08931379685198504,
            1.109900104019152,
            1.1407565953953769,
            1.6270265624502298
        ],
        [
            0.4987901854681738,
            0.15974905448505128,
            0.021565183751407035,
            0.030341204619829698,
            0.010711007123341831,
            0.0,
            0.031211500261556502,
            0.034961507922480095,
            0.06433409141109458,
            0.053589076622259535,
            0.05360460089295671,
            0.046335787950091634,
            0.06723692153393857,
            0.04898193020739927,
            0.07482406556149468,
            0.044280805214145014,
            0.05403829446005126,
            0.061352486928924144,
            1.588806700181246,
            0.40362602607523446,
            0.06293986171895938,
            0.07255371267434452,
            0.05007904862585333,
            0.068960058445388,
            0.04167734519022037,
            0.06730935591808773,
            0.05878278235366641,
            0.047837815631915026,
            0.03930368058768541,
            0.7715477291928362,
            0.8646957491270135,
            0.04178726213556039,
            0.04178726213556039,
            0.039647198993495,
            0.1512133321694329,
            0.15490079228330944,
            0.15300709249724598,
            0.09211865295976018,
            0.6074694548115178,
            0.2897972139521645,
            0.10978775956586473,
            0.11047537004344732,
            0.08323503495589124,
            0.08559993854833414,
            1.1061862457155012,
            1.137042737091726,
            1.6233127041465787
        ],
        [
            0.527884692614514,
            0.1888435616313915,
            0.050659690897747245,
            0.05943571176616991,
            0.03980551426968204,
            0.031211500261556502,
            0.0,
            0.0640560150688203,
            0.0934285985574348,
            0.08268358376859974,
            0.08269910803929692,
            0.07543029509643184,
            0.09633142868027877,
            0.07807643735373948,
            0.10391857270783489,
            0.07337531236048522,
            0.08313280160639147,
            0.09044699407526435,
            1.6179012073275862,
            0.43272053322157467,
            0.09203436886529959,
            0.10164821982068473,
            0.07917355577219354,
            0.0980545655917282,
            0.07077185233656058,
            0.09640386306442794,
            0.08787728950000662,
            0.07693232277825524,
            0.06839818773402562,
            0.8006422363391764,
            0.8937902562733537,
            0.0708817692819006,
            0.0708817692819006,
            0.06874170613983521,
            0.1803078393157731,
            0.18399529942964965,
            0.1821015996435862,
            0.12121316010610039,
            0.636563961957858,
            0.3188917210985047,
            0.13888226671220494,
            0.13956987718978753,
            0.11232954210223145,
            0.11469444569467435,
            1.1352807528618414,
            1.1661372442380662,
            1.652407211292919
        ],
        [
            0.5267545445709629,
            0.18771341358784044,
            0.049529542854196196,
            0.05830556372261886,
            0.03867536622613099,
            0.034961507922480095,
            0.0640560150688203,
            0.0,
            0.0611933194731995,
            0.05044830468436445,
            0.05046382895506163,
            0.04319501601219655,
            0.06409614959604348,
            0.04584115826950419,
            0.0716832936235996,
            0.04114003327624993,
            0.05089752252215618,
            0.05821171499102906,
            1.585665928243351,
            0.4004852541373394,
            0.059799089781064296,
            0.06941294073644944,
            0.04693827668795825,
            0.06581928650749291,
            0.03853657325232529,
            0.06416858398019265,
            0.055642010415771326,
            0.044697043694019944,
            0.036162908649790326,
            0.7684069572549411,
            0.8615549771891184,
            0.038646490197665306,
            0.038646490197665306,
            0.03650642705559992,
            0.1480725602315378,
            0.15176002034541436,
            0.1498663205593509,
            0.0889778810218651,
            0.6043286828736227,
            0.28665644201426943,
            0.10664698762796965,
            0.10733459810555224,
            0.08009426301799616,
            0.08245916661043906,
            1.103045473777606,
            1.133901965153831,
            1.6201719322086836
        ],
        [
            0.5561271280595774,
            0.21708599707645493,
            0.07890212634281069,
            0.08767814721123335,
            0.06804794971474548,
            0.06433409141109458,
            0.0934285985574348,
            0.0611933194731995,
            0.0,
            0.07866428582313967,
            0.07867981009383684,
            0.07141099715097177,
            0.0923121307348187,
            0.0740571394082794,
            0.09989927476237481,
            0.06935601441502515,
            0.0791135036609314,
            0.08642769612980428,
            1.6138819093821262,
            0.4287012352761146,
            0.08801507091983951,
            0.09762892187522465,
            0.07515425782673346,
            0.09403526764626813,
            0.0667525543911005,
            0.09238456511896787,
            0.08385799155454654,
            0.07291302483279516,
            0.06437888978856554,
            0.7966229383937163,
            0.8897709583278937,
            0.06686247133644052,
            0.06686247133644052,
            0.06472240819437514,
            0.17628854137031302,
            0.17997600148418957,
            0.1780823016981261,
            0.11719386216064032,
            0.632544664012398,
            0.31487242315304464,
            0.13486296876674486,
            0.13555057924432745,
            0.10831024415677137,
            0.11067514774921428,
            1.1312614549163813,
            1.1621179462926061,
            1.648387913347459
        ],
        [
            0.5453821132707424,
            0.20634098228761988,
            0.06815711155397564,
            0.0769331324223983,
            0.05730293492591043,
            0.053589076622259535,
            0.08268358376859974,
            0.05044830468436445,
            0.07866428582313967,
            0.0,
            0.009531609209190828,
            0.011898516529076364,
            0.08020854106517561,
            0.061953549738636315,
            0.08779568509273172,
            0.05725242474538206,
            0.0670099139912883,
            0.07432410646016119,
            1.601778319712483,
            0.4165976456064715,
            0.07591148125019642,
            0.08552533220558156,
            0.06305066815709037,
            0.08193167797662504,
            0.054648964721457416,
            0.08028097544932478,
            0.07175440188490345,
            0.06080943516315207,
            0.05227530011892245,
            0.7845193487240733,
            0.8776673686582506,
            0.05475888166679743,
            0.05475888166679743,
            0.05261881852473205,
            0.16418495170066993,
            0.16787241181454648,
            0.16597871202848302,
            0.10509027249099723,
            0.6204410743427549,
            0.30276883348340156,
            0.12275937909710177,
            0.12344698957468436,
            0.09620665448712828,
            0.09857155807957119,
            1.1191578652467382,
            1.150014356622963,
            1.636284323677816
        ],
        [
            0.5453976375414396,
            0.20635650655831705,
            0.06817263582467281,
            0.07694865669309547,
            0.05731845919660761,
            0.05360460089295671,
            0.08269910803929692,
            0.05046382895506163,
            0.07867981009383684,
            0.009531609209190828,
            0.0,
            0.01191404079977354,
            0.08022406533587279,
            0.06196907400933349,
            0.0878112093634289,
            0.057267949016079234,
            0.06702543826198548,
            0.07433963073085836,
            1.6017938439831803,
            0.4166131698771687,
            0.0759270055208936,
            0.08554085647627874,
            0.06306619242778755,
            0.08194720224732222,
            0.05466448899215459,
            0.08029649972002195,
            0.07176992615560063,
            0.060824959433849246,
            0.05229082438961963,
            0.7845348729947704,
            0.8776828929289477,
            0.05477440593749461,
            0.05477440593749461,
            0.05263434279542922,
            0.1642004759713671,
            0.16788793608524366,
            0.1659942362991802,
            0.1051057967616944,
            0.620456598613452,
            0.30278435775409873,
            0.12277490336779895,
            0.12346251384538154,
            0.09622217875782546,
            0.09858708235026836,
            1.1191733895174354,
            1.1500298808936602,
            1.636299847948513
        ],
        [
            0.5381288245985745,
            0.19908769361545198,
            0.060903822881807734,
            0.0696798437502304,
            0.05004964625374253,
            0.046335787950091634,
            0.07543029509643184,
            0.04319501601219655,
            0.07141099715097177,
            0.011898516529076364,
            0.01191404079977354,
            0.0,
            0.07295525239300771,
            0.054700261066468414,
            0.08054239642056382,
            0.04999913607321416,
            0.059756625319120404,
            0.06707081778799329,
            1.5945250310403152,
            0.4093443569343036,
            0.06865819257802852,
            0.07827204353341366,
            0.05579737948492247,
            0.07467838930445714,
            0.047395676049289515,
            0.07302768677715687,
            0.06450111321273555,
            0.05355614649098417,
            0.04502201144675455,
            0.7772660600519053,
            0.8704140799860827,
            0.04750559299462953,
            0.04750559299462953,
            0.045365529852564146,
            0.15693166302850203,
            0.16061912314237858,
            0.15872542335631512,
            0.09783698381882933,
            0.613187785670587,
            0.29551554481123365,
            0.11550609042493387,
            0.11619370090251646,
            0.08895336581496038,
            0.09131826940740329,
            1.1119045765745703,
            1.1427610679507951,
            1.629031035005648
        ],
        [
            0.5590299581824214,
            0.2199888271992989,
            0.08180495646565467,
            0.09058097733407733,
            0.07095077983758946,
            0.06723692153393857,
            0.09633142868027877,
            0.06409614959604348,
            0.0923121307348187,
            0.08020854106517561,
            0.08022406533587279,
            0.07295525239300771,
            0.0,
            0.06895884405341324,
            0.09480097940750865,
            0.06425771906015898,
            0.07401520830606523,
            0.08132940077493811,
            1.60878361402726,
            0.4236029399212484,
            0.08291677556497334,
            0.09253062652035848,
            0.0700559624718673,
            0.08893697229140196,
            0.06165425903623434,
            0.0872862697641017,
            0.07875969619968037,
            0.06781472947792899,
            0.059280594433699374,
            0.7915246430388502,
            0.8846726629730275,
            0.061764175981574354,
            0.061764175981574354,
            0.05962411283950897,
            0.17119024601544686,
            0.1748777061293234,
            0.17298400634325994,
            0.11209556680577415,
            0.6274463686575318,
            0.3097741277981785,
            0.1297646734118787,
            0.13045228388946128,
            0.1032119488019052,
            0.10557685239434811,
            1.1261631595615151,
            1.15701965093774,
            1.6432896179925929
        ],
        [
            0.5407749668558821,
            0.20173383587275961,
            0.06354996513911537,
            0.07232598600753803,
            0.05269578851105017,
            0.04898193020739927,
            0.07807643735373948,
            0.04584115826950419,
            0.0740571394082794,
            0.061953549738636315,
            0.06196907400933349,
            0.054700261066468414,
            0.06895884405341324,
            0.0,
            0.0631472434880882,
            0.03572932685149466,
            0.04849481573798564,
            0.055809008206858524,
            1.5832632214591804,
            0.39808254735316884,
            0.05739638299689376,
            0.0670102339522789,
            0.04453556990378771,
            0.06341657972332237,
            0.03613386646815475,
            0.06176587719602211,
            0.05323930363160079,
            0.042294336909849406,
            0.03376020186561979,
            0.7660042504707706,
            0.8591522704049479,
            0.03624378341349477,
            0.03624378341349477,
            0.03410372027142938,
            0.14566985344736727,
            0.14935731356124382,
            0.14746361377518036,
            0.08657517423769456,
            0.6019259760894522,
            0.2842537352300989,
            0.10424428084379911,
            0.1049318913213817,
            0.07769155623382562,
            0.08005645982626852,
            1.1006427669934356,
            1.1314992583696604,
            1.6177692254245133
        ],
        [
            0.5666171022099775,
            0.22757597122685502,
            0.08939210049321078,
            0.09816812136163344,
            0.07853792386514558,
            0.07482406556149468,
            0.10391857270783489,
            0.0716832936235996,
            0.09989927476237481,
            0.08779568509273172,
            0.0878112093634289,
            0.08054239642056382,
            0.09480097940750865,
            0.0631472434880882,
            0.0,
            0.061571462205590066,
            0.07433695109208105,
            0.08165114356095393,
            1.6091053568132758,
            0.42392468270726424,
            0.08323851835098917,
            0.0928523693063743,
            0.07037770525788312,
            0.08925871507741778,
            0.06197600182225016,
            0.08760801255011752,
            0.0790814389856962,
            0.06813647226394481,
            0.059602337219715196,
            0.791846385824866,
            0.8849944057590433,
            0.062085918767590176,
            0.062085918767590176,
            0.05994585562552479,
            0.17151198880146268,
            0.17519944891533923,
            0.17330574912927577,
            0.11241730959178997,
            0.6277681114435476,
            0.3100958705841943,
            0.13008641619789452,
            0.1307740266754771,
            0.10353369158792103,
            0.10589859518036393,
            1.126484902347531,
            1.1573413937237558,
            1.6436113607786087
        ],
        [
            0.5360738418626279,
            0.19703271087950536,
            0.058848840145861114,
            0.06762486101428378,
            0.04799466351779591,
            0.044280805214145014,
            0.07337531236048522,
            0.04114003327624993,
            0.06935601441502515,
            0.05725242474538206,
            0.057267949016079234,
            0.04999913607321416,
            0.06425771906015898,
            0.03572932685149466,
            0.061571462205590066,
            0.0,
            0.043793690744731384,
            0.051107883213604266,
            1.5785620964659262,
            0.3933814223599146,
            0.0526952580036395,
            0.06230910895902464,
            0.03983444491053345,
            0.05871545473006812,
            0.031432741474900494,
            0.057064752202767854,
            0.04853817863834653,
            0.03759321191659515,
            0.02905907687236553,
            0.7613031254775163,
            0.8544511454116936,
            0.03154265842024051,
            0.03154265842024051,
            0.029402595278175125,
            0.140968728454113,
            0.14465618856798956,
            0.1427624887819261,
            0.0818740492444403,
            0.5972248510961979,
            0.27955261023684463,
            0.09954315585054485,
            0.10023076632812744,
            0.07299043124057136,
            0.07535533483301426,
            1.0959416420001813,
            1.126798133376406,
            1.613068100431259
        ],
        [
            0.5458313311085341,
            0.2067902001254116,
            0.06860632939176736,
            0.07738235026019002,
            0.05775215276370216,
            0.05403829446005126,
            0.08313280160639147,
            0.05089752252215618,
            0.0791135036609314,
            0.0670099139912883,
            0.06702543826198548,
            0.059756625319120404,
            0.07401520830606523,
            0.04849481573798564,
            0.07433695109208105,
            0.043793690744731384,
            0.0,
            0.03479783222377497,
            1.5860219779092806,
            0.400841303803269,
            0.06015513944699391,
            0.06976899040237905,
            0.04729432635388786,
            0.06617533617342253,
            0.038892622918254904,
            0.06452463364612226,
            0.05599806008170094,
            0.04505309335994956,
            0.03651895831571994,
            0.7687630069208707,
            0.8619110268550481,
            0.03900253986359492,
            0.03900253986359492,
            0.036862476721529536,
            0.14842860989746742,
            0.15211607001134397,
            0.1502223702252805,
            0.08933393068779472,
            0.6046847325395523,
            0.28701249168019904,
            0.10700303729389926,
            0.10769064777148185,
            0.08045031268392577,
            0.08281521627636867,
            1.1034015234435357,
            1.1342580148197605,
            1.6205279818746132
        ],
        [
            0.553145523577407,
            0.2141043925942845,
            0.07592052186064024,
            0.0846965427290629,
            0.06506634523257504,
            0.061352486928924144,
            0.09044699407526435,
            0.05821171499102906,
            0.08642769612980428,
            0.07432410646016119,
            0.07433963073085836,
            0.06707081778799329,
            0.08132940077493811,
            0.055809008206858524,
            0.08165114356095393,
            0.051107883213604266,
            0.03479783222377497,
            0.0,
            1.5933361703781534,
            0.40815549627214187,
            0.06746933191586679,
            0.07708318287125193,
            0.05460851882276074,
            0.07348952864229541,
            0.046206815387127786,
            0.07183882611499515,
            0.06331225255057382,
            0.05236728582882244,
            0.04383315078459282,
            0.7760771993897436,
            0.8692252193239209,
            0.0463167323324678,
            0.0463167323324678,
            0.04417666919040242,
            0.1557428023663403,
            0.15943026248021686,
            0.1575365626941534,
            0.0966481231566676,
            0.6119989250084252,
            0.2943266841490719,
            0.11431722976277214,
            0.11500484024035473,
            0.08776450515279866,
            0.09012940874524156,
            1.1107157159124086,
            1.1415722072886334,
            1.627842174343486
        ],
        [
            2.080599736829729,
            1.7415586058466064,
            1.6033747351129621,
            1.6121507559813848,
            1.592520558484897,
            1.588806700181246,
            1.6179012073275862,
            1.585665928243351,
            1.6138819093821262,
            1.601778319712483,
            1.6017938439831803,
            1.5945250310403152,
            1.60878361402726,
            1.5832632214591804,
            1.6091053568132758,
            1.5785620964659262,
            1.5860219779092806,
            1.5933361703781534,
            0.0,
            1.5738973343765077,
            1.5470483024111885,
            1.5566665514241327,
            1.5387320496129517,
            1.5791449100755117,
            1.551862196820344,
            1.5798559298921717,
            1.5713293563277504,
            1.560384389605999,
            1.5518502545617694,
            2.2887568969876098,
            2.381904916921787,
            1.558996429930334,
            1.558996429930334,
            1.5568563667882687,
            1.6795448367390473,
            1.6832322968529239,
            1.6813385970668604,
            1.6204501575293746,
            2.1358009593811325,
            1.818128718521779,
            1.6381192641354791,
            1.6388068746130617,
            1.6115665395255057,
            1.6139314431179486,
            2.6345177502851156,
            2.6653742416613406,
            3.1516442087161933
        ],
        [
            0.8954190627237173,
            0.5563779317405948,
            0.41819406100695056,
            0.4269700818753732,
            0.40733988437888535,
            0.40362602607523446,
            0.43272053322157467,
            0.4004852541373394,
            0.4287012352761146,
            0.4165976456064715,
            0.4166131698771687,
            0.4093443569343036,
            0.4236029399212484,
            0.39808254735316884,
            0.42392468270726424,
            0.3933814223599146,
            0.400841303803269,
            0.40815549627214187,
            1.5738973343765077,
            0.0,
            0.36186762830517694,
            0.3714858773181211,
            0.35355137550694016,
            0.39396423596950014,
            0.3666815227143325,
            0.39467525578616014,
            0.3861486822217388,
            0.37520371549998743,
            0.3666695804557578,
            1.1035762228815984,
            1.1967242428157756,
            0.37381575582432247,
            0.37381575582432247,
            0.3716756926822571,
            0.49436416263303573,
            0.4980516227469123,
            0.4961579229608488,
            0.435269483423363,
            0.9506202852751207,
            0.6329480444157674,
            0.45293859002946757,
            0.45362620050705016,
            0.4263858654194941,
            0.428750769011937,
            1.449337076179104,
            1.4801935675553288,
            1.9664635346101815
        ],
        [
            0.5547328983674422,
            0.21569176738431972,
            0.07750789665067548,
            0.08628391751909814,
            0.06665372002261027,
            0.06293986171895938,
            0.09203436886529959,
            0.059799089781064296,
            0.08801507091983951,
            0.07591148125019642,
            0.0759270055208936,
            0.06865819257802852,
            0.08291677556497334,
            0.05739638299689376,
            0.08323851835098917,
            0.0526952580036395,
            0.06015513944699391,
            0.06746933191586679,
            1.5470483024111885,
            0.36186762830517694,
            0.0,
            0.030799712961846026,
            0.012865211150665079,
            0.053278071613225064,
            0.02599535835805744,
            0.05398909142988506,
            0.045462517865463736,
            0.034517551143712355,
            0.025983416099482737,
            0.7628900585253232,
            0.8560380784595005,
            0.03312959146804739,
            0.03312959146804739,
            0.030989528325982008,
            0.15367799827676065,
            0.1573654583906372,
            0.15547175860457374,
            0.09458331906708795,
            0.6099341209188456,
            0.2922618800594923,
            0.11225242567319249,
            0.11294003615077508,
            0.085699701063219,
            0.0880646046556619,
            1.108650911822829,
            1.1395074031990537,
            1.6257773702539065
        ],
        [
            0.5643467493228274,
            0.22530561833970486,
            0.08712174760606062,
            0.09589776847448328,
            0.07626757097799541,
            0.07255371267434452,
            0.10164821982068473,
            0.06941294073644944,
            0.09762892187522465,
            0.08552533220558156,
            0.08554085647627874,
            0.07827204353341366,
            0.09253062652035848,
            0.0670102339522789,
            0.0928523693063743,
            0.06230910895902464,
            0.06976899040237905,
            0.07708318287125193,
            1.5566665514241327,
            0.3714858773181211,
            0.030799712961846026,
            0.0,
            0.022479062106050218,
            0.0628919225686102,
            0.03560920931344258,
            0.0636029423852702,
            0.055076368820848876,
            0.044131402099097494,
            0.035597267054867876,
            0.7725039094807084,
            0.8656519294148857,
            0.04274344242343253,
            0.04274344242343253,
            0.04060337928136715,
            0.1632918492321458,
            0.16697930934602234,
            0.16508560955995888,
            0.10419717002247308,
            0.6195479718742307,
            0.3018757310148774,
            0.12186627662857763,
            0.12255388710616022,
            0.09531355201860414,
            0.09767845561104704,
            1.118264762778214,
            1.1491212541544389,
            1.6353912212092916
        ],
        [
            0.5418720852743362,
            0.20283095429121367,
            0.06464708355756943,
            0.07342310442599209,
            0.053792906929504225,
            0.05007904862585333,
            0.07917355577219354,
            0.04693827668795825,
            0.07515425782673346,
            0.06305066815709037,
            0.06306619242778755,
            0.05579737948492247,
            0.0700559624718673,
            0.04453556990378771,
            0.07037770525788312,
            0.03983444491053345,
            0.04729432635388786,
            0.05460851882276074,
            1.5387320496129517,
            0.35355137550694016,
            0.012865211150665079,
            0.022479062106050218,
            0.0,
            0.040417258520119015,
            0.013134545264951392,
            0.04112827833677901,
            0.03260170477235769,
            0.021656738050606306,
            0.013122603006376687,
            0.7500292454322172,
            0.8431772653663945,
            0.020268778374941343,
            0.020268778374941343,
            0.018128715232875958,
            0.1408171851836546,
            0.14450464529753115,
            0.1426109455114677,
            0.0817225059739819,
            0.5970733078257395,
            0.2794010669663862,
            0.09939161258008644,
            0.10007922305766903,
            0.07283888797011295,
            0.07520379156255586,
            1.0957900987297229,
            1.1266465901059477,
            1.6129165571608004
        ],
        [
            0.5607530950938708,
            0.22171196411074834,
            0.0835280933771041,
            0.09230411424552676,
            0.07267391674903889,
            0.068960058445388,
            0.0980545655917282,
            0.06581928650749291,
            0.09403526764626813,
            0.08193167797662504,
            0.08194720224732222,
            0.07467838930445714,
            0.08893697229140196,
            0.06341657972332237,
            0.08925871507741778,
            0.05871545473006812,
            0.06617533617342253,
            0.07348952864229541,
            1.5791449100755117,
            0.39396423596950014,
            0.053278071613225064,
            0.0628919225686102,
            0.040417258520119015,
            0.0,
            0.029665005876189587,
            0.06000928815631368,
            0.05148271459189235,
            0.04053774787014097,
            0.032003612825911354,
            0.7689102552517518,
            0.8620582751859291,
            0.03914978819447601,
            0.03914978819447601,
            0.037009725052410625,
            0.15969819500318927,
            0.16338565511706582,
            0.16149195533100236,
            0.10060351579351656,
            0.6159543176452742,
            0.2982820767859209,
            0.11827262239962111,
            0.1189602328772037,
            0.09171989778964762,
            0.09408480138209052,
            1.1146711085492575,
            1.1455275999254824,
            1.6317975669803353
        ],
        [
            0.5334703818387032,
            0.19442925085558072,
            0.05624538012193647,
            0.06502140099035914,
            0.04539120349387127,
            0.04167734519022037,
            0.07077185233656058,
            0.03853657325232529,
            0.0667525543911005,
            0.054648964721457416,
            0.05466448899215459,
            0.047395676049289515,
            0.06165425903623434,
            0.03613386646815475,
            0.06197600182225016,
            0.031432741474900494,
            0.038892622918254904,
            0.046206815387127786,
            1.551862196820344,
            0.3666815227143325,
            0.02599535835805744,
            0.03560920931344258,
            0.013134545264951392,
