{
    "NEXUS_FILE_URL": "http://purl.org/phylo/treebase/phylows/study/TB2:S12410",
    "NEWICK_TREE": "((1:26.094424498786204,((((2:3.4648591686796024,(3:0.9877859755316933,4:0.9877859755316933):2.4770731931478096):11.451923984005198,(5:10.454903602315804,((6:0.45999706401035567,7:0.45999706401035567):2.0841106804431533,8:2.544107744453594):7.910795857862103):4.461879550368996):5.4262663972052465,(9:13.999976662571896,((10:4.108951067467899,11:4.108951067467899):5.174074317175901,(12:1.6524277258357074,13:1.6524277258357074):7.630597658807993):4.7169512779281035):6.343072887318144):5.168568155986854,((((14:4.67647152762072,15:4.676471527620723):7.097333076743901,((16:3.8063251338076967,(17:2.6130001962540668,(18:1.3162952260168979,19:1.3162952260168979):1.296704970237169):1.1933249375536228):3.608855995069,(20:2.5159682137192014,21:2.5159682137192014):4.899212915157495):4.3586234754879065):4.751060095191097,((22:4.479485784026252,23:4.479485784026252):8.180663844977001,(24:8.418635421482492,25:8.418635421482499):4.2415142075208045):3.8647150705524957):2.8424504475885044,(26:1.644405156771807,27:1.644405156771807):17.722909990372493):6.144302558732598):0.5828067929094018):8.654966216030495,((28:18.877402941373354,29:18.877402941373447):2.963158792685153,(30:17.18035322401525,(31:8.534319380054901,32:8.534319380054901):8.646033843960447):4.660208510043454):12.908828980758095);",
    "DISTANCE_MATRIX": [
        [
            0.0,
            52.18884899757251,
            52.18884899757241,
            52.18884899757241,
            52.18884899757251,
            52.188848997572315,
            52.188848997572315,
            52.1888489975724,
            52.1888489975725,
            52.18884899757251,
            52.18884899757251,
            52.18884899757241,
            52.18884899757241,
            52.18884899757242,
            52.18884899757243,
            52.18884899757241,
            52.1888489975724,
            52.1888489975724,
            52.1888489975724,
            52.18884899757241,
            52.18884899757241,
            52.18884899757246,
            52.18884899757246,
            52.1888489975725,
            52.18884899757251,
            52.18884899757251,
            52.18884899757251,
            69.4987814296333,
            69.4987814296334,
            69.4987814296335,
            69.4987814296336,
            69.4987814296336
        ],
        [
            52.18884899757251,
            0.0,
            6.929718337359105,
            6.929718337359105,
            29.8335663053696,
            29.83356630536941,
            29.83356630536941,
            29.833566305369494,
            40.68609909978009,
            40.686099099780094,
            40.686099099780094,
            40.686099099779995,
            40.686099099779995,
            51.02323541175372,
            51.023235411753724,
            51.0232354117537,
            51.023235411753696,
            51.023235411753696,
            51.023235411753696,
            51.0232354117537,
            51.0232354117537,
            51.02323541175375,
            51.02323541175375,
            51.023235411753795,
            51.0232354117538,
            51.0232354117538,
            51.0232354117538,
            69.4987814296334,
            69.4987814296335,
            69.4987814296336,
            69.4987814296337,
            69.4987814296337
        ],
        [
            52.18884899757241,
            6.929718337359105,
            0.0,
            1.9755719510633867,
            29.8335663053695,
            29.83356630536931,
            29.83356630536931,
            29.833566305369395,
            40.68609909977999,
            40.686099099779995,
            40.686099099779995,
            40.686099099779895,
            40.686099099779895,
            51.02323541175362,
            51.023235411753625,
            51.0232354117536,
            51.023235411753596,
            51.023235411753596,
            51.023235411753596,
            51.0232354117536,
            51.0232354117536,
            51.02323541175365,
            51.02323541175365,
            51.023235411753696,
            51.0232354117537,
            51.0232354117537,
            51.0232354117537,
            69.4987814296333,
            69.4987814296334,
            69.4987814296335,
            69.4987814296336,
            69.4987814296336
        ],
        [
            52.18884899757241,
            6.929718337359105,
            1.9755719510633867,
            0.0,
            29.8335663053695,
            29.83356630536931,
            29.83356630536931,
            29.833566305369395,
            40.68609909977999,
            40.686099099779995,
            40.686099099779995,
            40.686099099779895,
            40.686099099779895,
            51.02323541175362,
            51.023235411753625,
            51.0232354117536,
            51.023235411753596,
            51.023235411753596,
            51.023235411753596,
            51.0232354117536,
            51.0232354117536,
            51.02323541175365,
            51.02323541175365,
            51.023235411753696,
            51.0232354117537,
            51.0232354117537,
            51.0232354117537,
            69.4987814296333,
            69.4987814296334,
            69.4987814296335,
            69.4987814296336,
            69.4987814296336
        ],
        [
            52.18884899757251,
            29.8335663053696,
            29.8335663053695,
            29.8335663053695,
            0.0,
            20.909807204631417,
            20.909807204631417,
            20.9098072046315,
            40.68609909978009,
            40.686099099780094,
            40.686099099780094,
            40.686099099779995,
            40.686099099779995,
            51.02323541175372,
            51.023235411753724,
            51.0232354117537,
            51.023235411753696,
            51.023235411753696,
            51.023235411753696,
            51.0232354117537,
            51.0232354117537,
            51.02323541175375,
            51.02323541175375,
            51.023235411753795,
            51.0232354117538,
            51.0232354117538,
            51.0232354117538,
            69.4987814296334,
            69.4987814296335,
            69.4987814296336,
            69.4987814296337,
            69.4987814296337
        ],
        [
            52.188848997572315,
            29.83356630536941,
            29.83356630536931,
            29.83356630536931,
            20.909807204631417,
            0.0,
            0.9199941280207113,
            5.088215488907103,
            40.686099099779895,
            40.6860990997799,
            40.6860990997799,
            40.6860990997798,
            40.6860990997798,
            51.02323541175353,
            51.02323541175353,
            51.02323541175351,
            51.023235411753504,
            51.023235411753504,
            51.023235411753504,
            51.02323541175351,
            51.02323541175351,
            51.02323541175356,
            51.02323541175356,
            51.0232354117536,
            51.02323541175361,
            51.0232354117536,
            51.0232354117536,
            69.4987814296332,
            69.49878142963331,
            69.4987814296334,
            69.49878142963351,
            69.49878142963351
        ],
        [
            52.188848997572315,
            29.83356630536941,
            29.83356630536931,
            29.83356630536931,
            20.909807204631417,
            0.9199941280207113,
            0.0,
            5.088215488907103,
            40.686099099779895,
            40.6860990997799,
            40.6860990997799,
            40.6860990997798,
            40.6860990997798,
            51.02323541175353,
            51.02323541175353,
            51.02323541175351,
            51.023235411753504,
            51.023235411753504,
            51.023235411753504,
            51.02323541175351,
            51.02323541175351,
            51.02323541175356,
            51.02323541175356,
            51.0232354117536,
            51.02323541175361,
            51.0232354117536,
            51.0232354117536,
            69.4987814296332,
            69.49878142963331,
            69.4987814296334,
            69.49878142963351,
            69.49878142963351
        ],
        [
            52.1888489975724,
            29.833566305369494,
            29.833566305369395,
            29.833566305369395,
            20.9098072046315,
            5.088215488907103,
            5.088215488907103,
            0.0,
            40.68609909977998,
            40.68609909977999,
            40.68609909977999,
            40.68609909977989,
            40.68609909977989,
            51.02323541175362,
            51.02323541175362,
            51.023235411753596,
            51.02323541175359,
            51.02323541175359,
            51.02323541175359,
            51.023235411753596,
            51.023235411753596,
            51.023235411753646,
            51.023235411753646,
            51.02323541175369,
            51.023235411753696,
            51.02323541175369,
            51.02323541175369,
            69.49878142963328,
            69.4987814296334,
            69.49878142963348,
            69.4987814296336,
            69.4987814296336
        ],
        [
            52.1888489975725,
            40.68609909978009,
            40.68609909977999,
            40.68609909977999,
            40.68609909978009,
            40.686099099779895,
            40.686099099779895,
            40.68609909977998,
            0.0,
            27.9999533251438,
            27.9999533251438,
            27.9999533251437,
            27.9999533251437,
            51.02323541175372,
            51.02323541175372,
            51.023235411753696,
            51.02323541175369,
            51.02323541175369,
            51.02323541175369,
            51.023235411753696,
            51.023235411753696,
            51.023235411753745,
            51.023235411753745,
            51.02323541175379,
            51.023235411753795,
            51.02323541175379,
            51.02323541175379,
            69.4987814296334,
            69.49878142963348,
            69.4987814296336,
            69.49878142963368,
            69.49878142963368
        ],
        [
            52.18884899757251,
            40.686099099780094,
            40.686099099779995,
            40.686099099779995,
            40.686099099780094,
            40.6860990997799,
            40.6860990997799,
            40.68609909977999,
            27.9999533251438,
            0.0,
            8.217902134935798,
            18.5660507692875,
            18.5660507692875,
            51.02323541175372,
            51.023235411753724,
            51.0232354117537,
            51.023235411753696,
            51.023235411753696,
            51.023235411753696,
            51.0232354117537,
            51.0232354117537,
            51.02323541175375,
            51.02323541175375,
            51.023235411753795,
            51.0232354117538,
            51.0232354117538,
            51.0232354117538,
            69.4987814296334,
            69.4987814296335,
            69.4987814296336,
            69.4987814296337,
            69.4987814296337
        ],
        [
            52.18884899757251,
            40.686099099780094,
            40.686099099779995,
            40.686099099779995,
            40.686099099780094,
            40.6860990997799,
            40.6860990997799,
            40.68609909977999,
            27.9999533251438,
            8.217902134935798,
            0.0,
            18.5660507692875,
            18.5660507692875,
            51.02323541175372,
            51.023235411753724,
            51.0232354117537,
            51.023235411753696,
            51.023235411753696,
            51.023235411753696,
            51.0232354117537,
            51.0232354117537,
            51.02323541175375,
            51.02323541175375,
            51.023235411753795,
            51.0232354117538,
            51.0232354117538,
            51.0232354117538,
            69.4987814296334,
            69.4987814296335,
            69.4987814296336,
            69.4987814296337,
            69.4987814296337
        ],
        [
            52.18884899757241,
            40.686099099779995,
            40.686099099779895,
            40.686099099779895,
            40.686099099779995,
            40.6860990997798,
            40.6860990997798,
            40.68609909977989,
            27.9999533251437,
            18.5660507692875,
            18.5660507692875,
            0.0,
            3.304855451671415,
            51.02323541175362,
            51.023235411753625,
            51.0232354117536,
            51.023235411753596,
            51.023235411753596,
            51.023235411753596,
            51.0232354117536,
            51.0232354117536,
            51.02323541175365,
            51.02323541175365,
            51.023235411753696,
            51.0232354117537,
            51.0232354117537,
            51.0232354117537,
            69.4987814296333,
            69.4987814296334,
            69.4987814296335,
            69.4987814296336,
            69.4987814296336
        ],
        [
            52.18884899757241,
            40.686099099779995,
            40.686099099779895,
            40.686099099779895,
            40.686099099779995,
            40.6860990997798,
            40.6860990997798,
            40.68609909977989,
            27.9999533251437,
            18.5660507692875,
            18.5660507692875,
            3.304855451671415,
            0.0,
            51.02323541175362,
            51.023235411753625,
            51.0232354117536,
            51.023235411753596,
            51.023235411753596,
            51.023235411753596,
            51.0232354117536,
            51.0232354117536,
            51.02323541175365,
            51.02323541175365,
            51.023235411753696,
            51.0232354117537,
            51.0232354117537,
            51.0232354117537,
            69.4987814296333,
            69.4987814296334,
            69.4987814296335,
            69.4987814296336,
            69.4987814296336
        ],
        [
            52.18884899757242,
            51.02323541175372,
            51.02323541175362,
            51.02323541175362,
            51.02323541175372,
            51.02323541175353,
            51.02323541175353,
            51.02323541175362,
            51.02323541175372,
            51.02323541175372,
            51.02323541175372,
            51.02323541175362,
            51.02323541175362,
            0.0,
            9.352943055241443,
            23.547609208729224,
            23.547609208729217,
            23.547609208729217,
            23.547609208729217,
            23.547609208729224,
            23.547609208729224,
            33.04972939911147,
            33.04972939911147,
            33.04972939911151,
            33.04972939911151,
            38.73463029428852,
            38.73463029428852,
            69.49878142963331,
            69.49878142963341,
            69.49878142963351,
            69.49878142963361,
            69.49878142963361
        ],
        [
            52.18884899757243,
            51.023235411753724,
            51.023235411753625,
            51.023235411753625,
            51.023235411753724,
            51.02323541175353,
            51.02323541175353,
            51.02323541175362,
            51.02323541175372,
            51.023235411753724,
            51.023235411753724,
            51.023235411753625,
            51.023235411753625,
            9.352943055241443,
            0.0,
            23.547609208729227,
            23.54760920872922,
            23.54760920872922,
            23.54760920872922,
            23.547609208729227,
            23.547609208729227,
            33.04972939911147,
            33.04972939911147,
            33.04972939911151,
            33.04972939911152,
            38.73463029428852,
            38.73463029428852,
            69.49878142963331,
            69.49878142963342,
            69.49878142963351,
            69.49878142963362,
            69.49878142963362
        ],
        [
            52.18884899757241,
            51.0232354117537,
            51.0232354117536,
            51.0232354117536,
            51.0232354117537,
            51.02323541175351,
            51.02323541175351,
            51.023235411753596,
            51.023235411753696,
            51.0232354117537,
            51.0232354117537,
            51.0232354117536,
            51.0232354117536,
            23.547609208729224,
            23.547609208729227,
            0.0,
            7.612650267615386,
            7.612650267615386,
            7.612650267615386,
            14.830362257753393,
            14.830362257753393,
            33.04972939911145,
            33.04972939911145,
            33.04972939911149,
            33.0497293991115,
            38.73463029428851,
            38.73463029428851,
            69.4987814296333,
            69.4987814296334,
            69.4987814296335,
            69.4987814296336,
            69.4987814296336
        ],
        [
            52.1888489975724,
            51.023235411753696,
            51.023235411753596,
            51.023235411753596,
            51.023235411753696,
            51.023235411753504,
            51.023235411753504,
            51.02323541175359,
            51.02323541175369,
            51.023235411753696,
            51.023235411753696,
            51.023235411753596,
            51.023235411753596,
            23.547609208729217,
            23.54760920872922,
            7.612650267615386,
            0.0,
            5.2260003925081335,
            5.2260003925081335,
            14.830362257753386,
            14.830362257753386,
            33.04972939911144,
            33.04972939911144,
            33.049729399111484,
            33.04972939911149,
            38.73463029428849,
            38.73463029428849,
            69.49878142963328,
            69.4987814296334,
            69.49878142963348,
            69.4987814296336,
            69.4987814296336
        ],
        [
            52.1888489975724,
            51.023235411753696,
            51.023235411753596,
            51.023235411753596,
            51.023235411753696,
            51.023235411753504,
            51.023235411753504,
            51.02323541175359,
            51.02323541175369,
            51.023235411753696,
            51.023235411753696,
            51.023235411753596,
            51.023235411753596,
            23.547609208729217,
            23.54760920872922,
            7.612650267615386,
            5.2260003925081335,
            0.0,
            2.6325904520337957,
            14.830362257753386,
            14.830362257753386,
            33.04972939911144,
            33.04972939911144,
            33.049729399111484,
            33.04972939911149,
            38.73463029428849,
            38.73463029428849,
            69.49878142963328,
            69.4987814296334,
            69.49878142963348,
            69.4987814296336,
            69.4987814296336
        ],
        [
            52.1888489975724,
            51.023235411753696,
            51.023235411753596,
            51.023235411753596,
            51.023235411753696,
            51.023235411753504,
            51.023235411753504,
            51.02323541175359,
            51.02323541175369,
            51.023235411753696,
            51.023235411753696,
            51.023235411753596,
            51.023235411753596,
            23.547609208729217,
            23.54760920872922,
            7.612650267615386,
            5.2260003925081335,
            2.6325904520337957,
            0.0,
            14.830362257753386,
            14.830362257753386,
            33.04972939911144,
            33.04972939911144,
            33.049729399111484,
            33.04972939911149,
            38.73463029428849,
            38.73463029428849,
            69.49878142963328,
            69.4987814296334,
            69.49878142963348,
            69.4987814296336,
            69.4987814296336
        ],
        [
            52.18884899757241,
            51.0232354117537,
            51.0232354117536,
            51.0232354117536,
            51.0232354117537,
            51.02323541175351,
            51.02323541175351,
            51.023235411753596,
            51.023235411753696,
            51.0232354117537,
            51.0232354117537,
            51.0232354117536,
            51.0232354117536,
            23.547609208729224,
            23.547609208729227,
            14.830362257753393,
            14.830362257753386,
            14.830362257753386,
            14.830362257753386,
            0.0,
            5.031936427438403,
            33.04972939911145,
            33.04972939911145,
            33.04972939911149,
            33.0497293991115,
            38.73463029428851,
            38.73463029428851,
            69.4987814296333,
            69.4987814296334,
            69.4987814296335,
            69.4987814296336,
            69.4987814296336
        ],
        [
            52.18884899757241,
            51.0232354117537,
            51.0232354117536,
            51.0232354117536,
            51.0232354117537,
            51.02323541175351,
            51.02323541175351,
            51.023235411753596,
            51.023235411753696,
            51.0232354117537,
            51.0232354117537,
            51.0232354117536,
            51.0232354117536,
            23.547609208729224,
            23.547609208729227,
            14.830362257753393,
            14.830362257753386,
            14.830362257753386,
            14.830362257753386,
            5.031936427438403,
            0.0,
            33.04972939911145,
            33.04972939911145,
            33.04972939911149,
            33.0497293991115,
            38.73463029428851,
            38.73463029428851,
            69.4987814296333,
            69.4987814296334,
            69.4987814296335,
            69.4987814296336,
            69.4987814296336
        ],
        [
            52.18884899757246,
            51.02323541175375,
            51.02323541175365,
            51.02323541175365,
            51.02323541175375,
            51.02323541175356,
            51.02323541175356,
            51.023235411753646,
            51.023235411753745,
            51.02323541175375,
            51.02323541175375,
            51.02323541175365,
            51.02323541175365,
            33.04972939911147,
            33.04972939911147,
            33.04972939911145,
            33.04972939911144,
            33.04972939911144,
            33.04972939911144,
            33.04972939911145,
            33.04972939911145,
            0.0,
            8.958971568052505,
            25.32029925800655,
            25.320299258006557,
            38.73463029428855,
            38.73463029428855,
            69.49878142963334,
            69.49878142963345,
            69.49878142963354,
            69.49878142963365,
            69.49878142963365
        ],
        [
            52.18884899757246,
            51.02323541175375,
            51.02323541175365,
            51.02323541175365,
            51.02323541175375,
            51.02323541175356,
            51.02323541175356,
            51.023235411753646,
            51.023235411753745,
            51.02323541175375,
            51.02323541175375,
            51.02323541175365,
            51.02323541175365,
            33.04972939911147,
            33.04972939911147,
            33.04972939911145,
            33.04972939911144,
            33.04972939911144,
            33.04972939911144,
            33.04972939911145,
            33.04972939911145,
            8.958971568052505,
            0.0,
            25.32029925800655,
            25.320299258006557,
            38.73463029428855,
            38.73463029428855,
            69.49878142963334,
            69.49878142963345,
            69.49878142963354,
            69.49878142963365,
            69.49878142963365
        ],
        [
            52.1888489975725,
            51.023235411753795,
            51.023235411753696,
            51.023235411753696,
            51.023235411753795,
            51.0232354117536,
            51.0232354117536,
            51.02323541175369,
            51.02323541175379,
            51.023235411753795,
            51.023235411753795,
            51.023235411753696,
            51.023235411753696,
            33.04972939911151,
            33.04972939911151,
            33.04972939911149,
            33.049729399111484,
            33.049729399111484,
            33.049729399111484,
            33.04972939911149,
            33.04972939911149,
            25.32029925800655,
            25.32029925800655,
            0.0,
            16.83727084296499,
            38.73463029428859,
            38.73463029428859,
            69.4987814296334,
            69.49878142963348,
            69.4987814296336,
            69.49878142963368,
            69.49878142963368
        ],
        [
            52.18884899757251,
            51.0232354117538,
            51.0232354117537,
            51.0232354117537,
            51.0232354117538,
            51.02323541175361,
            51.02323541175361,
            51.023235411753696,
            51.023235411753795,
            51.0232354117538,
            51.0232354117538,
            51.0232354117537,
            51.0232354117537,
            33.04972939911151,
            33.04972939911152,
            33.0497293991115,
            33.04972939911149,
            33.04972939911149,
            33.04972939911149,
            33.0497293991115,
            33.0497293991115,
            25.320299258006557,
            25.320299258006557,
            16.83727084296499,
            0.0,
            38.73463029428861,
            38.73463029428861,
            69.4987814296334,
            69.4987814296335,
            69.4987814296336,
            69.4987814296337,
            69.4987814296337
        ],
        [
            52.18884899757251,
            51.0232354117538,
            51.0232354117537,
            51.0232354117537,
            51.0232354117538,
            51.0232354117536,
            51.0232354117536,
            51.02323541175369,
            51.02323541175379,
            51.0232354117538,
            51.0232354117538,
            51.0232354117537,
            51.0232354117537,
            38.73463029428852,
            38.73463029428852,
            38.73463029428851,
            38.73463029428849,
            38.73463029428849,
            38.73463029428849,
            38.73463029428851,
            38.73463029428851,
            38.73463029428855,
            38.73463029428855,
            38.73463029428859,
            38.73463029428861,
            0.0,
            3.288810313543614,
            69.4987814296334,
            69.4987814296335,
            69.4987814296336,
            69.4987814296337,
            69.4987814296337
        ],
        [
            52.18884899757251,
            51.0232354117538,
            51.0232354117537,
            51.0232354117537,
            51.0232354117538,
            51.0232354117536,
            51.0232354117536,
            51.02323541175369,
            51.02323541175379,
            51.0232354117538,
            51.0232354117538,
            51.0232354117537,
            51.0232354117537,
            38.73463029428852,
            38.73463029428852,
            38.73463029428851,
            38.73463029428849,
            38.73463029428849,
            38.73463029428849,
            38.73463029428851,
            38.73463029428851,
            38.73463029428855,
            38.73463029428855,
            38.73463029428859,
            38.73463029428861,
            3.288810313543614,
            0.0,
            69.4987814296334,
            69.4987814296335,
            69.4987814296336,
            69.4987814296337,
            69.4987814296337
        ],
        [
            69.4987814296333,
            69.4987814296334,
            69.4987814296333,
            69.4987814296333,
            69.4987814296334,
            69.4987814296332,
            69.4987814296332,
            69.49878142963328,
            69.4987814296334,
            69.4987814296334,
            69.4987814296334,
            69.4987814296333,
            69.4987814296333,
            69.49878142963331,
            69.49878142963331,
            69.4987814296333,
            69.49878142963328,
            69.49878142963328,
            69.49878142963328,
            69.4987814296333,
            69.4987814296333,
            69.49878142963334,
            69.49878142963334,
            69.4987814296334,
            69.4987814296334,
            69.4987814296334,
            69.4987814296334,
            0.0,
            37.7548058827468,
            43.68112346811721,
            43.681123468117306,
            43.681123468117306
        ],
        [
            69.4987814296334,
            69.4987814296335,
            69.4987814296334,
            69.4987814296334,
            69.4987814296335,
            69.49878142963331,
            69.49878142963331,
            69.4987814296334,
            69.49878142963348,
            69.4987814296335,
            69.4987814296335,
            69.4987814296334,
            69.4987814296334,
            69.49878142963341,
            69.49878142963342,
            69.4987814296334,
            69.4987814296334,
            69.4987814296334,
            69.4987814296334,
            69.4987814296334,
            69.4987814296334,
            69.49878142963345,
            69.49878142963345,
            69.49878142963348,
            69.4987814296335,
            69.4987814296335,
            69.4987814296335,
            37.7548058827468,
            0.0,
            43.681123468117306,
            43.681123468117406,
            43.681123468117406
        ],
        [
            69.4987814296335,
            69.4987814296336,
            69.4987814296335,
            69.4987814296335,
            69.4987814296336,
            69.4987814296334,
            69.4987814296334,
            69.49878142963348,
            69.4987814296336,
            69.4987814296336,
            69.4987814296336,
            69.4987814296335,
            69.4987814296335,
            69.49878142963351,
            69.49878142963351,
            69.4987814296335,
            69.49878142963348,
            69.49878142963348,
            69.49878142963348,
            69.4987814296335,
            69.4987814296335,
            69.49878142963354,
            69.49878142963354,
            69.4987814296336,
            69.4987814296336,
            69.4987814296336,
            69.4987814296336,
            43.68112346811721,
            43.681123468117306,
            0.0,
            34.3607064480306,
            34.3607064480306
        ],
        [
            69.4987814296336,
            69.4987814296337,
            69.4987814296336,
            69.4987814296336,
            69.4987814296337,
            69.49878142963351,
            69.49878142963351,
            69.4987814296336,
            69.49878142963368,
            69.4987814296337,
            69.4987814296337,
            69.4987814296336,
            69.4987814296336,
            69.49878142963361,
            69.49878142963362,
            69.4987814296336,
            69.4987814296336,
            69.4987814296336,
            69.4987814296336,
            69.4987814296336,
            69.4987814296336,
            69.49878142963365,
            69.49878142963365,
            69.49878142963368,
            69.4987814296337,
            69.4987814296337,
            69.4987814296337,
            43.681123468117306,
            43.681123468117406,
            34.3607064480306,
            0.0,
            17.068638760109803
        ],
        [
            69.4987814296336,
            69.4987814296337,
            69.4987814296336,
            69.4987814296336,
            69.4987814296337,
            69.49878142963351,
            69.49878142963351,
            69.4987814296336,
            69.49878142963368,
            69.4987814296337,
            69.4987814296337,
            69.4987814296336,
            69.4987814296336,
            69.49878142963361,
            69.49878142963362,
            69.4987814296336,
            69.4987814296336,
            69.4987814296336,
            69.4987814296336,
            69.4987814296336,
            69.4987814296336,
            69.49878142963365,
            69.49878142963365,
            69.49878142963368,
            69.4987814296337,
            69.4987814296337,
            69.4987814296337,
            43.681123468117306,
            43.681123468117406,
            34.3607064480306,
            17.068638760109803,
            0.0
        ]
    ],
    "NODE_MAPPING": {
        "0": "1",
        "1": "2",
        "2": "3",
        "3": "4",
        "4": "5",
        "5": "6",
        "6": "7",
        "7": "8",
        "8": "9",
        "9": "10",
        "10": "11",
        "11": "12",
        "12": "13",
        "13": "14",
        "14": "15",
        "15": "16",
        "16": "17",
        "17": "18",
        "18": "19",
        "19": "20",
        "20": "21",
        "21": "22",
        "22": "23",
        "23": "24",
        "24": "25",
        "25": "26",
        "26": "27",
        "27": "28",
        "28": "29",
        "29": "30",
        "30": "31",
        "31": "32"
    }
}