{
    "NEXUS_FILE_URL": "http://purl.org/phylo/treebase/phylows/study/TB2:S14038",
    "NEWICK_TREE": "(1:0.232825,((2:0.032797,3:0.011883):0.083021,(4:0.03887,5:0.04008):0.053426):0.073976,((((6:0.074638,(7:0.017394,8:0.01486):0.031403):0.026697,(9:0.048118,10:0.020047):0.143969):0.02176,(11:0.055029,((12:0.064566,13:0.035378):0.036352,14:0.09581,15:0.053555):0.025705):0.033062):0.016896,((16:0.008587,17:0.018668):0.074442,18:0.093602,19:0.061864,20:0.127652):0.021761):0.040451);",
    "DISTANCE_MATRIX": [
        [
            0.0,
            0.422619,
            0.401705,
            0.39909700000000004,
            0.400307,
            0.413267,
            0.387426,
            0.384892,
            0.504019,
            0.47594800000000004,
            0.378263,
            0.449857,
            0.420669,
            0.444749,
            0.402494,
            0.378066,
            0.388147,
            0.388639,
            0.356901,
            0.422689
        ],
        [
            0.422619,
            0.0,
            0.04468,
            0.20811400000000002,
            0.209324,
            0.370236,
            0.344395,
            0.341861,
            0.460988,
            0.43291700000000005,
            0.33523200000000003,
            0.406826,
            0.37763800000000003,
            0.401718,
            0.35946300000000003,
            0.335035,
            0.34511600000000003,
            0.345608,
            0.31387000000000004,
            0.379658
        ],
        [
            0.401705,
            0.04468,
            0.0,
            0.1872,
            0.18841000000000002,
            0.349322,
            0.323481,
            0.320947,
            0.44007399999999997,
            0.412003,
            0.314318,
            0.38591200000000003,
            0.35672400000000004,
            0.38080400000000003,
            0.338549,
            0.314121,
            0.324202,
            0.32469400000000004,
            0.292956,
            0.35874399999999995
        ],
        [
            0.39909700000000004,
            0.20811400000000002,
            0.1872,
            0.0,
            0.07894999999999999,
            0.34671399999999997,
            0.32087299999999996,
            0.31833900000000004,
            0.437466,
            0.40939500000000006,
            0.31171000000000004,
            0.383304,
            0.354116,
            0.378196,
            0.33594100000000005,
            0.31151300000000004,
            0.32159400000000005,
            0.322086,
            0.290348,
            0.356136
        ],
        [
            0.400307,
            0.209324,
            0.18841000000000002,
            0.07894999999999999,
            0.0,
            0.347924,
            0.322083,
            0.319549,
            0.438676,
            0.41060500000000005,
            0.31292000000000003,
            0.384514,
            0.35532600000000003,
            0.379406,
            0.33715100000000003,
            0.31272300000000003,
            0.32280400000000004,
            0.32329600000000003,
            0.29155800000000004,
            0.357346
        ],
        [
            0.413267,
            0.370236,
            0.349322,
            0.34671399999999997,
            0.347924,
            0.0,
            0.12343499999999999,
            0.120901,
            0.293422,
            0.265351,
            0.21118599999999998,
            0.28278000000000003,
            0.253592,
            0.27767200000000003,
            0.235417,
            0.244781,
            0.25486200000000003,
            0.255354,
            0.223616,
            0.289404
        ],
        [
            0.387426,
            0.344395,
            0.323481,
            0.32087299999999996,
            0.322083,
            0.12343499999999999,
            0.0,
            0.032254,
            0.267581,
            0.23951000000000003,
            0.185345,
            0.25693900000000003,
            0.227751,
            0.251831,
            0.209576,
            0.21894,
            0.229021,
            0.22951300000000002,
            0.197775,
            0.263563
        ],
        [
            0.384892,
            0.341861,
            0.320947,
            0.31833900000000004,
            0.319549,
            0.120901,
            0.032254,
            0.0,
            0.26504700000000003,
            0.23697600000000002,
            0.182811,
            0.254405,
            0.225217,
            0.24929700000000002,
            0.207042,
            0.216406,
            0.226487,
            0.226979,
            0.195241,
            0.26102899999999996
        ],
        [
            0.504019,
            0.460988,
            0.44007399999999997,
            0.437466,
            0.438676,
            0.293422,
            0.267581,
            0.26504700000000003,
            0.0,
            0.068165,
            0.30193800000000004,
            0.37353200000000003,
            0.344344,
            0.36842400000000003,
            0.32616900000000004,
            0.33553299999999997,
            0.345614,
            0.346106,
            0.314368,
            0.380156
        ],
        [
            0.47594800000000004,
            0.43291700000000005,
            0.412003,
            0.40939500000000006,
            0.41060500000000005,
            0.265351,
            0.23951000000000003,
            0.23697600000000002,
            0.068165,
            0.0,
            0.273867,
            0.345461,
            0.316273,
            0.340353,
            0.29809800000000003,
            0.307462,
            0.317543,
            0.318035,
            0.286297,
            0.352085
        ],
        [
            0.378263,
            0.33523200000000003,
            0.314318,
            0.31171000000000004,
            0.31292000000000003,
            0.21118599999999998,
            0.185345,
            0.182811,
            0.30193800000000004,
            0.273867,
            0.0,
            0.181652,
            0.152464,
            0.176544,
            0.134289,
            0.209777,
            0.219858,
            0.22035,
            0.188612,
            0.25439999999999996
        ],
        [
            0.449857,
            0.406826,
            0.38591200000000003,
            0.383304,
            0.384514,
            0.28278000000000003,
            0.25693900000000003,
            0.254405,
            0.37353200000000003,
            0.345461,
            0.181652,
            0.0,
            0.099944,
            0.19672800000000001,
            0.154473,
            0.28137100000000004,
            0.29145200000000004,
            0.29194400000000004,
            0.26020600000000005,
            0.325994
        ],
        [
            0.420669,
            0.37763800000000003,
            0.35672400000000004,
            0.354116,
            0.35532600000000003,
            0.253592,
            0.227751,
            0.225217,
            0.344344,
            0.316273,
            0.152464,
            0.099944,
            0.0,
            0.16754000000000002,
            0.125285,
            0.252183,
            0.262264,
            0.262756,
            0.231018,
            0.296806
        ],
        [
            0.444749,
            0.401718,
            0.38080400000000003,
            0.378196,
            0.379406,
            0.27767200000000003,
            0.251831,
            0.24929700000000002,
            0.36842400000000003,
            0.340353,
            0.176544,
            0.19672800000000001,
            0.16754000000000002,
            0.0,
            0.149365,
            0.27626300000000004,
            0.28634400000000004,
            0.28683600000000004,
            0.25509800000000005,
            0.320886
        ],
        [
            0.402494,
            0.35946300000000003,
            0.338549,
            0.33594100000000005,
            0.33715100000000003,
            0.235417,
            0.209576,
            0.207042,
            0.32616900000000004,
            0.29809800000000003,
            0.134289,
            0.154473,
            0.125285,
            0.149365,
            0.0,
            0.234008,
            0.244089,
            0.244581,
            0.212843,
            0.27863099999999996
        ],
        [
            0.378066,
            0.335035,
            0.314121,
            0.31151300000000004,
            0.31272300000000003,
            0.244781,
            0.21894,
            0.216406,
            0.33553299999999997,
            0.307462,
            0.209777,
            0.28137100000000004,
            0.252183,
            0.27626300000000004,
            0.234008,
            0.0,
            0.027255,
            0.17663099999999998,
            0.144893,
            0.21068099999999998
        ],
        [
            0.388147,
            0.34511600000000003,
            0.324202,
            0.32159400000000005,
            0.32280400000000004,
            0.25486200000000003,
            0.229021,
            0.226487,
            0.345614,
            0.317543,
            0.219858,
            0.29145200000000004,
            0.262264,
            0.28634400000000004,
            0.244089,
            0.027255,
            0.0,
            0.186712,
            0.154974,
            0.22076199999999999
        ],
        [
            0.388639,
            0.345608,
            0.32469400000000004,
            0.322086,
            0.32329600000000003,
            0.255354,
            0.22951300000000002,
            0.226979,
            0.346106,
            0.318035,
            0.22035,
            0.29194400000000004,
            0.262756,
            0.28683600000000004,
            0.244581,
            0.17663099999999998,
            0.186712,
            0.0,
            0.155466,
            0.221254
        ],
        [
            0.356901,
            0.31387000000000004,
            0.292956,
            0.290348,
            0.29155800000000004,
            0.223616,
            0.197775,
            0.195241,
            0.314368,
            0.286297,
            0.188612,
            0.26020600000000005,
            0.231018,
            0.25509800000000005,
            0.212843,
            0.144893,
            0.154974,
            0.155466,
            0.0,
            0.189516
        ],
        [
            0.422689,
            0.379658,
            0.35874399999999995,
            0.356136,
            0.357346,
            0.289404,
            0.263563,
            0.26102899999999996,
            0.380156,
            0.352085,
            0.25439999999999996,
            0.325994,
            0.296806,
            0.320886,
            0.27863099999999996,
            0.21068099999999998,
            0.22076199999999999,
            0.221254,
            0.189516,
            0.0
        ]
    ],
    "NODE_MAPPING": {
        "0": "1",
        "1": "2",
        "2": "3",
        "3": "4",
        "4": "5",
        "5": "6",
        "6": "7",
        "7": "8",
        "8": "9",
        "9": "10",
        "10": "11",
        "11": "12",
        "12": "13",
        "13": "14",
        "14": "15",
        "15": "16",
        "16": "17",
        "17": "18",
        "18": "19",
        "19": "20"
    }
}