{
    "NEXUS_FILE_URL": "http://purl.org/phylo/treebase/phylows/study/TB2:S13754",
    "NEWICK_TREE": "(45:0.295168,(46:0.72825,((44:0.140863,(37:0.007988,38:0.007298):0.041762,(39:0.007863,40:0.007837,41:0.007891,42:0.007773,43:0.007971):0.10913):0.054354,((35:0.009985,36:0.008131):0.177889,((27:0.008238,28:0.008437,29:0.008739,30:0.008328,31:0.008237,32:0.007807,33:0.008476,34:0.007549,(25:0.008427,26:0.007926):0.01933):0.039745,(24:0.026172,(20:0.007995,21:0.007973,22:0.007515,23:0.007993):0.024622,(17:0.033554,(1:0.007803,2:0.007822):0.015742,(18:0.007396,19:0.007339):0.033887,(7:0.026061,(3:0.016618,4:0.008443,5:0.008412,6:0.00799):0.01696):0.017594,(12:0.024863,(8:0.008532,9:0.008678,10:0.008278,11:0.016197):0.025167,(13:0.008337,14:0.00813,15:0.008716,16:0.007887):0.016995):0.016292):0.025106):0.066112):0.038224):0.032361):0.339162):0.295168);",
    "DISTANCE_MATRIX": [
        [
            0.0,
            1.3185859999999998,
            1.124715,
            1.0336020000000001,
            1.032912,
            1.100845,
            1.100819,
            1.100873,
            1.100755,
            1.100953,
            1.149733,
            1.147879,
            1.048066,
            1.048265,
            1.048567,
            1.048156,
            1.048065,
            1.047635,
            1.048304,
            1.047377,
            1.067585,
            1.067084,
            1.0923669999999999,
            1.0988120000000001,
            1.09879,
            1.098332,
            1.09881,
            1.124855,
            1.114846,
            1.114865,
            1.132584,
            1.132527,
            1.134956,
            1.142473,
            1.134298,
            1.134267,
            1.133845,
            1.132456,
            1.141292,
            1.141438,
            1.141038,
            1.148957,
            1.132925,
            1.1327180000000001,
            1.1333039999999999,
            1.132475
        ],
        [
            1.3185859999999998,
            0.0,
            1.262629,
            1.171516,
            1.170826,
            1.238759,
            1.2387329999999999,
            1.2387869999999999,
            1.2386689999999998,
            1.238867,
            1.287647,
            1.285793,
            1.18598,
            1.186179,
            1.1864810000000001,
            1.18607,
            1.1859790000000001,
            1.185549,
            1.186218,
            1.1852909999999999,
            1.205499,
            1.204998,
            1.230281,
            1.236726,
            1.236704,
            1.236246,
            1.2367240000000002,
            1.262769,
            1.2527599999999999,
            1.2527789999999999,
            1.270498,
            1.270441,
            1.2728700000000002,
            1.2803870000000002,
            1.2722120000000001,
            1.272181,
            1.2717589999999999,
            1.27037,
            1.2792059999999998,
            1.2793519999999998,
            1.2789519999999999,
            1.286871,
            1.270839,
            1.270632,
            1.271218,
            1.270389
        ],
        [
            1.124715,
            1.262629,
            0.0,
            0.19061299999999998,
            0.18992299999999998,
            0.257856,
            0.25783,
            0.257884,
            0.257766,
            0.25796399999999997,
            0.41545199999999993,
            0.41359799999999997,
            0.313785,
            0.313984,
            0.31428599999999995,
            0.313875,
            0.31378399999999995,
            0.31335399999999997,
            0.31402299999999994,
            0.313096,
            0.333304,
            0.33280299999999996,
            0.358086,
            0.364531,
            0.36450899999999997,
            0.364051,
            0.364529,
            0.390574,
            0.380565,
            0.380584,
            0.39830299999999996,
            0.398246,
            0.400675,
            0.408192,
            0.40001699999999996,
            0.39998599999999995,
            0.399564,
            0.398175,
            0.407011,
            0.407157,
            0.406757,
            0.414676,
            0.398644,
            0.398437,
            0.399023,
            0.398194
        ],
        [
            1.0336020000000001,
            1.171516,
            0.19061299999999998,
            0.0,
            0.015286000000000001,
            0.166743,
            0.166717,
            0.166771,
            0.166653,
            0.16685100000000003,
            0.324339,
            0.322485,
            0.222672,
            0.222871,
            0.223173,
            0.22276200000000002,
            0.222671,
            0.22224100000000002,
            0.22291,
            0.221983,
            0.24219100000000002,
            0.24169000000000002,
            0.266973,
            0.27341800000000005,
            0.273396,
            0.272938,
            0.273416,
            0.299461,
            0.28945200000000004,
            0.28947100000000003,
            0.30719,
            0.307133,
            0.309562,
            0.317079,
            0.308904,
            0.308873,
            0.30845100000000003,
            0.30706200000000006,
            0.315898,
            0.316044,
            0.31564400000000004,
            0.32356300000000005,
            0.307531,
            0.30732400000000004,
            0.30791,
            0.30708100000000005
        ],
        [
            1.032912,
            1.170826,
            0.18992299999999998,
            0.015286000000000001,
            0.0,
            0.166053,
            0.166027,
            0.166081,
            0.165963,
            0.166161,
            0.32364899999999996,
            0.321795,
            0.221982,
            0.22218100000000002,
            0.22248300000000001,
            0.22207200000000002,
            0.221981,
            0.221551,
            0.22222,
            0.22129300000000002,
            0.24150100000000002,
            0.24100000000000002,
            0.26628300000000005,
            0.272728,
            0.272706,
            0.27224800000000005,
            0.272726,
            0.298771,
            0.288762,
            0.288781,
            0.3065,
            0.306443,
            0.30887200000000004,
            0.31638900000000003,
            0.308214,
            0.308183,
            0.307761,
            0.30637200000000003,
            0.31520800000000004,
            0.315354,
            0.314954,
            0.322873,
            0.30684100000000003,
            0.306634,
            0.30722000000000005,
            0.306391
        ],
        [
            1.100845,
            1.238759,
            0.257856,
            0.166743,
            0.166053,
            0.0,
            0.0157,
            0.015754,
            0.015636,
            0.015834,
            0.391582,
            0.38972799999999996,
            0.28991500000000003,
            0.290114,
            0.290416,
            0.290005,
            0.289914,
            0.289484,
            0.290153,
            0.289226,
            0.309434,
            0.308933,
            0.334216,
            0.340661,
            0.340639,
            0.340181,
            0.34065900000000005,
            0.36670400000000003,
            0.356695,
            0.356714,
            0.374433,
            0.37437600000000004,
            0.37680500000000006,
            0.38432200000000005,
            0.376147,
            0.376116,
            0.375694,
            0.374305,
            0.383141,
            0.38328700000000004,
            0.382887,
            0.390806,
            0.37477400000000005,
            0.374567,
            0.375153,
            0.374324
        ],
        [
            1.100819,
            1.2387329999999999,
            0.25783,
            0.166717,
            0.166027,
            0.0157,
            0.0,
            0.015728,
            0.01561,
            0.015808000000000003,
            0.391556,
            0.389702,
            0.289889,
            0.290088,
            0.29039000000000004,
            0.289979,
            0.28988800000000003,
            0.289458,
            0.290127,
            0.2892,
            0.309408,
            0.30890700000000004,
            0.33419,
            0.340635,
            0.340613,
            0.340155,
            0.340633,
            0.366678,
            0.356669,
            0.356688,
            0.37440700000000005,
            0.37435,
            0.37677900000000003,
            0.384296,
            0.37612100000000004,
            0.37609000000000004,
            0.375668,
            0.37427900000000003,
            0.383115,
            0.383261,
            0.382861,
            0.39078,
            0.374748,
            0.374541,
            0.375127,
            0.374298
        ],
        [
            1.100873,
            1.2387869999999999,
            0.257884,
            0.166771,
            0.166081,
            0.015754,
            0.015728,
            0.0,
            0.015664,
            0.015862,
            0.39161,
            0.389756,
            0.289943,
            0.290142,
            0.29044400000000004,
            0.290033,
            0.28994200000000003,
            0.289512,
            0.290181,
            0.289254,
            0.309462,
            0.30896100000000004,
            0.334244,
            0.340689,
            0.340667,
            0.340209,
            0.340687,
            0.366732,
            0.356723,
            0.356742,
            0.37446100000000004,
            0.374404,
            0.37683300000000003,
            0.38435,
            0.37617500000000004,
            0.37614400000000003,
            0.375722,
            0.374333,
            0.383169,
            0.383315,
            0.382915,
            0.390834,
            0.374802,
            0.374595,
            0.375181,
            0.374352
        ],
        [
            1.100755,
            1.2386689999999998,
            0.257766,
            0.166653,
            0.165963,
            0.015636,
            0.01561,
            0.015664,
            0.0,
            0.015744,
            0.39149199999999995,
            0.389638,
            0.289825,
            0.290024,
            0.290326,
            0.28991500000000003,
            0.28982399999999997,
            0.289394,
            0.29006299999999996,
            0.289136,
            0.309344,
            0.308843,
            0.33412600000000003,
            0.340571,
            0.340549,
            0.34009100000000003,
            0.340569,
            0.366614,
            0.356605,
            0.356624,
            0.374343,
            0.374286,
            0.376715,
            0.384232,
            0.376057,
            0.37602599999999997,
            0.375604,
            0.374215,
            0.38305100000000003,
            0.383197,
            0.382797,
            0.390716,
            0.374684,
            0.374477,
            0.37506300000000004,
            0.374234
        ],
        [
            1.100953,
            1.238867,
            0.25796399999999997,
            0.16685100000000003,
            0.166161,
            0.015834,
            0.015808000000000003,
            0.015862,
            0.015744,
            0.0,
            0.39169,
            0.389836,
            0.29002300000000003,
            0.29022200000000004,
            0.290524,
            0.29011300000000007,
            0.290022,
            0.289592,
            0.290261,
            0.28933400000000004,
            0.30954200000000004,
            0.309041,
            0.33432400000000007,
            0.34076900000000004,
            0.340747,
            0.34028900000000006,
            0.34076700000000004,
            0.366812,
            0.35680300000000004,
            0.35682200000000003,
            0.374541,
            0.37448400000000004,
            0.37691300000000005,
            0.38443000000000005,
            0.376255,
            0.376224,
            0.375802,
            0.37441300000000005,
            0.38324900000000006,
            0.38339500000000004,
            0.38299500000000003,
            0.39091400000000004,
            0.37488200000000005,
            0.37467500000000004,
            0.37526100000000007,
            0.37443200000000004
        ],
        [
            1.149733,
            1.287647,
            0.41545199999999993,
            0.324339,
            0.32364899999999996,
            0.391582,
            0.391556,
            0.39161,
            0.39149199999999995,
            0.39169,
            0.0,
            0.018116,
            0.274081,
            0.27427999999999997,
            0.274582,
            0.274171,
            0.27408,
            0.27365,
            0.274319,
            0.27339199999999997,
            0.29359999999999997,
            0.293099,
            0.318382,
            0.324827,
            0.324805,
            0.324347,
            0.32482500000000003,
            0.35087,
            0.34086099999999997,
            0.34087999999999996,
            0.358599,
            0.358542,
            0.36097100000000004,
            0.36848800000000004,
            0.360313,
            0.360282,
            0.35985999999999996,
            0.358471,
            0.367307,
            0.36745300000000003,
            0.36705299999999996,
            0.37497199999999997,
            0.35894000000000004,
            0.35873299999999997,
            0.359319,
            0.35849
        ],
        [
            1.147879,
            1.285793,
            0.41359799999999997,
            0.322485,
            0.321795,
            0.38972799999999996,
            0.389702,
            0.389756,
            0.389638,
            0.389836,
            0.018116,
            0.0,
            0.272227,
            0.272426,
            0.27272799999999997,
            0.27231700000000003,
            0.27222599999999997,
            0.271796,
            0.27246499999999996,
            0.271538,
            0.291746,
            0.291245,
            0.31652800000000003,
            0.322973,
            0.322951,
            0.32249300000000003,
            0.322971,
            0.349016,
            0.339007,
            0.339026,
            0.356745,
            0.356688,
            0.359117,
            0.366634,
            0.35845899999999997,
            0.35842799999999997,
            0.358006,
            0.356617,
            0.36545300000000003,
            0.365599,
            0.365199,
            0.373118,
            0.357086,
            0.356879,
            0.35746500000000003,
            0.356636
        ],
        [
            1.048066,
            1.18598,
            0.313785,
            0.222672,
            0.221982,
            0.28991500000000003,
            0.289889,
            0.289943,
            0.289825,
            0.29002300000000003,
            0.274081,
            0.272227,
            0.0,
            0.016675000000000002,
            0.016977,
            0.016566,
            0.016475,
            0.016045,
            0.016714,
            0.015787000000000002,
            0.035995,
            0.035494000000000005,
            0.140267,
            0.146712,
            0.14669000000000001,
            0.146232,
            0.14671,
            0.17275500000000002,
            0.162746,
            0.16276500000000002,
            0.180484,
            0.180427,
            0.18285600000000002,
            0.19037300000000001,
            0.182198,
            0.182167,
            0.181745,
            0.18035600000000002,
            0.189192,
            0.189338,
            0.188938,
            0.196857,
            0.180825,
            0.180618,
            0.181204,
            0.180375
        ],
        [
            1.048265,
            1.186179,
            0.313984,
            0.222871,
            0.22218100000000002,
            0.290114,
            0.290088,
            0.290142,
            0.290024,
            0.29022200000000004,
            0.27427999999999997,
            0.272426,
            0.016675000000000002,
            0.0,
            0.017176,
            0.016765000000000002,
            0.016674,
            0.016244,
            0.016912999999999997,
            0.015986,
            0.036194000000000004,
            0.035693,
            0.140466,
            0.146911,
            0.146889,
            0.146431,
            0.146909,
            0.172954,
            0.162945,
            0.162964,
            0.180683,
            0.180626,
            0.18305500000000002,
            0.19057200000000002,
            0.182397,
            0.182366,
            0.181944,
            0.18055500000000002,
            0.189391,
            0.189537,
            0.189137,
            0.197056,
            0.18102400000000002,
            0.180817,
            0.181403,
            0.180574
        ],
        [
            1.048567,
            1.1864810000000001,
            0.31428599999999995,
            0.223173,
            0.22248300000000001,
            0.290416,
            0.29039000000000004,
            0.29044400000000004,
            0.290326,
            0.290524,
            0.274582,
            0.27272799999999997,
            0.016977,
            0.017176,
            0.0,
            0.017067,
            0.016975999999999998,
            0.016545999999999998,
            0.017215,
            0.016288,
            0.036496,
            0.035995,
            0.140768,
            0.147213,
            0.14719100000000002,
            0.146733,
            0.147211,
            0.17325600000000002,
            0.163247,
            0.16326600000000002,
            0.180985,
            0.180928,
            0.18335700000000002,
            0.19087400000000002,
            0.182699,
            0.182668,
            0.182246,
            0.18085700000000002,
            0.189693,
            0.189839,
            0.189439,
            0.197358,
            0.18132600000000001,
            0.181119,
            0.181705,
            0.180876
        ],
        [
            1.048156,
            1.18607,
            0.313875,
            0.22276200000000002,
            0.22207200000000002,
            0.290005,
            0.289979,
            0.290033,
            0.28991500000000003,
            0.29011300000000007,
            0.274171,
            0.27231700000000003,
            0.016566,
            0.016765000000000002,
            0.017067,
            0.0,
            0.016565,
            0.016135,
            0.016804,
            0.015877000000000002,
            0.036085,
            0.035584000000000005,
            0.140357,
            0.14680200000000002,
            0.14678000000000002,
            0.146322,
            0.1468,
            0.17284500000000003,
            0.162836,
            0.16285500000000003,
            0.180574,
            0.180517,
            0.18294600000000003,
            0.19046300000000002,
            0.182288,
            0.182257,
            0.181835,
            0.18044600000000002,
            0.189282,
            0.189428,
            0.189028,
            0.196947,
            0.18091500000000002,
            0.180708,
            0.181294,
            0.18046500000000001
        ],
        [
            1.048065,
            1.1859790000000001,
            0.31378399999999995,
            0.222671,
            0.221981,
            0.289914,
            0.28988800000000003,
            0.28994200000000003,
            0.28982399999999997,
            0.290022,
            0.27408,
            0.27222599999999997,
            0.016475,
            0.016674,
            0.016975999999999998,
            0.016565,
            0.0,
            0.016044,
            0.016713,
            0.015786,
            0.035994,
            0.035493000000000004,
            0.140266,
            0.146711,
            0.146689,
            0.146231,
            0.146709,
            0.17275400000000002,
            0.162745,
            0.16276400000000002,
            0.180483,
            0.180426,
            0.18285500000000002,
            0.190372,
            0.182197,
            0.182166,
            0.181744,
            0.18035500000000002,
            0.189191,
            0.189337,
            0.188937,
            0.196856,
            0.180824,
            0.180617,
            0.181203,
            0.180374
        ],
        [
            1.047635,
            1.185549,
            0.31335399999999997,
            0.22224100000000002,
            0.221551,
            0.289484,
            0.289458,
            0.289512,
            0.289394,
            0.289592,
            0.27365,
            0.271796,
            0.016045,
            0.016244,
            0.016545999999999998,
            0.016135,
            0.016044,
            0.0,
            0.016283,
            0.015356,
            0.035564,
            0.035063000000000004,
            0.13983600000000002,
            0.14628100000000002,
            0.146259,
            0.14580100000000001,
            0.14627900000000002,
            0.172324,
            0.16231500000000001,
            0.162334,
            0.18005300000000002,
            0.17999600000000002,
            0.18242500000000003,
            0.18994200000000003,
            0.181767,
            0.181736,
            0.181314,
            0.17992500000000003,
            0.188761,
            0.18890700000000002,
            0.188507,
            0.19642600000000002,
            0.18039400000000003,
            0.180187,
            0.18077300000000002,
            0.17994400000000002
        ],
        [
            1.048304,
            1.186218,
            0.31402299999999994,
            0.22291,
            0.22222,
            0.290153,
            0.290127,
            0.290181,
            0.29006299999999996,
            0.290261,
            0.274319,
            0.27246499999999996,
            0.016714,
            0.016912999999999997,
            0.017215,
            0.016804,
            0.016713,
            0.016283,
            0.0,
            0.016024999999999998,
            0.036233,
            0.035732,
            0.140505,
            0.14695000000000003,
            0.146928,
            0.14647,
            0.14694800000000002,
            0.172993,
            0.16298400000000002,
            0.163003,
            0.180722,
            0.18066500000000002,
            0.18309400000000003,
            0.19061100000000003,
            0.182436,
            0.18240499999999998,
            0.181983,
            0.18059400000000003,
            0.18943,
            0.18957600000000002,
            0.189176,
            0.19709500000000002,
            0.18106300000000003,
            0.18085600000000002,
            0.181442,
            0.18061300000000002
        ],
        [
            1.047377,
            1.1852909999999999,
            0.313096,
            0.221983,
            0.22129300000000002,
            0.289226,
            0.2892,
            0.289254,
            0.289136,
            0.28933400000000004,
            0.27339199999999997,
            0.271538,
            0.015787000000000002,
            0.015986,
            0.016288,
            0.015877000000000002,
            0.015786,
            0.015356,
            0.016024999999999998,
            0.0,
            0.035306000000000004,
            0.034805,
            0.139578,
            0.14602300000000001,
            0.146001,
            0.145543,
            0.146021,
            0.172066,
            0.162057,
            0.162076,
            0.179795,
            0.179738,
            0.18216700000000002,
            0.18968400000000002,
            0.181509,
            0.181478,
            0.181056,
            0.17966700000000002,
            0.188503,
            0.188649,
            0.188249,
            0.196168,
            0.18013600000000002,
            0.179929,
            0.180515,
            0.179686
        ],
        [
            1.067585,
            1.205499,
            0.333304,
            0.24219100000000002,
            0.24150100000000002,
            0.309434,
            0.309408,
            0.309462,
            0.309344,
            0.30954200000000004,
            0.29359999999999997,
            0.291746,
            0.035995,
            0.036194000000000004,
            0.036496,
            0.036085,
            0.035994,
            0.035564,
            0.036233,
            0.035306000000000004,
            0.0,
            0.016353,
            0.159786,
            0.16623100000000002,
            0.166209,
            0.165751,
            0.16622900000000002,
            0.192274,
            0.182265,
            0.182284,
            0.20000300000000001,
            0.199946,
            0.20237500000000003,
            0.20989200000000002,
            0.201717,
            0.201686,
            0.201264,
            0.19987500000000002,
            0.208711,
            0.20885700000000001,
            0.208457,
            0.216376,
            0.20034400000000002,
            0.200137,
            0.200723,
            0.19989400000000002
        ],
        [
            1.067084,
            1.204998,
            0.33280299999999996,
            0.24169000000000002,
            0.24100000000000002,
            0.308933,
            0.30890700000000004,
            0.30896100000000004,
            0.308843,
            0.309041,
            0.293099,
            0.291245,
            0.035494000000000005,
            0.035693,
            0.035995,
            0.035584000000000005,
            0.035493000000000004,
            0.035063000000000004,
            0.035732,
            0.034805,
            0.016353,
            0.0,
            0.159285,
            0.16573000000000002,
            0.16570800000000002,
            0.16525,
            0.16572800000000001,
            0.19177300000000003,
            0.181764,
            0.18178300000000003,
            0.199502,
            0.199445,
            0.20187400000000003,
            0.20939100000000002,
            0.201216,
            0.201185,
            0.200763,
            0.19937400000000002,
            0.20821,
            0.208356,
            0.207956,
            0.215875,
            0.19984300000000002,
            0.199636,
            0.200222,
            0.19939300000000001
        ],
        [
            1.0923669999999999,
            1.230281,
            0.358086,
            0.266973,
            0.26628300000000005,
            0.334216,
            0.33419,
            0.334244,
            0.33412600000000003,
            0.33432400000000007,
            0.318382,
            0.31652800000000003,
            0.140267,
            0.140466,
            0.140768,
            0.140357,
            0.140266,
            0.13983600000000002,
            0.140505,
            0.139578,
            0.159786,
            0.159285,
            0.0,
            0.058789,
            0.058767,
            0.058309,
            0.058787000000000006,
            0.084832,
            0.074823,
            0.074842,
            0.092561,
            0.092504,
            0.094933,
            0.10245,
            0.094275,
            0.094244,
            0.093822,
            0.092433,
            0.101269,
            0.101415,
            0.10101500000000001,
            0.108934,
            0.092902,
            0.092695,
            0.093281,
            0.092452
        ],
        [
            1.0988120000000001,
            1.236726,
            0.364531,
            0.27341800000000005,
            0.272728,
            0.340661,
            0.340635,
            0.340689,
            0.340571,
            0.34076900000000004,
            0.324827,
            0.322973,
            0.146712,
            0.146911,
            0.147213,
            0.14680200000000002,
            0.146711,
            0.14628100000000002,
            0.14695000000000003,
            0.14602300000000001,
            0.16623100000000002,
            0.16573000000000002,
            0.058789,
            0.0,
            0.015968,
            0.01551,
            0.015988000000000002,
            0.091277,
            0.081268,
            0.081287,
            0.09900600000000001,
            0.09894900000000001,
            0.101378,
            0.10889499999999999,
            0.10072,
            0.100689,
            0.100267,
            0.098878,
            0.107714,
            0.10786000000000001,
            0.10746,
            0.11537900000000001,
            0.09934699999999999,
            0.09914,
            0.09972600000000001,
            0.09889700000000001
        ],
        [
            1.09879,
            1.236704,
            0.36450899999999997,
            0.273396,
            0.272706,
            0.340639,
            0.340613,
            0.340667,
            0.340549,
            0.340747,
            0.324805,
            0.322951,
            0.14669000000000001,
            0.146889,
            0.14719100000000002,
            0.14678000000000002,
            0.146689,
            0.146259,
            0.146928,
            0.146001,
            0.166209,
            0.16570800000000002,
            0.058767,
            0.015968,
            0.0,
            0.015487999999999998,
            0.015966,
            0.091255,
            0.081246,
            0.081265,
            0.098984,
            0.098927,
            0.101356,
            0.108873,
            0.100698,
            0.10066699999999999,
            0.100245,
            0.098856,
            0.107692,
            0.107838,
            0.107438,
            0.115357,
            0.099325,
            0.099118,
            0.099704,
            0.098875
        ],
        [
            1.098332,
            1.236246,
            0.364051,
            0.272938,
            0.27224800000000005,
            0.340181,
            0.340155,
            0.340209,
            0.34009100000000003,
            0.34028900000000006,
            0.324347,
            0.32249300000000003,
            0.146232,
            0.146431,
            0.146733,
            0.146322,
            0.146231,
            0.14580100000000001,
            0.14647,
            0.145543,
            0.165751,
            0.16525,
            0.058309,
            0.01551,
            0.015487999999999998,
            0.0,
            0.015508000000000001,
            0.090797,
            0.080788,
            0.080807,
            0.098526,
            0.098469,
            0.100898,
            0.108415,
            0.10024,
            0.10020899999999999,
            0.099787,
            0.098398,
            0.107234,
            0.10738,
            0.10698,
            0.114899,
            0.098867,
            0.09866,
            0.099246,
            0.098417
        ],
        [
            1.09881,
            1.2367240000000002,
            0.364529,
            0.273416,
            0.272726,
            0.34065900000000005,
            0.340633,
            0.340687,
            0.340569,
            0.34076700000000004,
            0.32482500000000003,
            0.322971,
            0.14671,
            0.146909,
            0.147211,
            0.1468,
            0.146709,
            0.14627900000000002,
            0.14694800000000002,
            0.146021,
            0.16622900000000002,
            0.16572800000000001,
            0.058787000000000006,
            0.015988000000000002,
            0.015966,
            0.015508000000000001,
            0.0,
            0.09127500000000001,
            0.081266,
            0.08128500000000001,
            0.09900400000000001,
            0.09894700000000001,
            0.10137600000000001,
            0.108893,
            0.100718,
            0.100687,
            0.100265,
            0.098876,
            0.107712,
            0.10785800000000001,
            0.10745800000000001,
            0.11537700000000001,
            0.099345,
            0.099138,
            0.09972400000000001,
            0.09889500000000001
        ],
        [
            1.124855,
            1.262769,
            0.390574,
            0.299461,
            0.298771,
            0.36670400000000003,
            0.366678,
            0.366732,
            0.366614,
            0.366812,
            0.35087,
            0.349016,
            0.17275500000000002,
            0.172954,
            0.17325600000000002,
            0.17284500000000003,
            0.17275400000000002,
            0.172324,
            0.172993,
            0.172066,
            0.192274,
            0.19177300000000003,
            0.084832,
            0.091277,
            0.091255,
            0.090797,
            0.09127500000000001,
            0.0,
            0.057099,
            0.057118,
            0.074837,
            0.07478,
            0.077209,
            0.084726,
            0.07655100000000001,
            0.07652,
            0.076098,
            0.074709,
            0.08354500000000001,
            0.083691,
            0.083291,
            0.09121,
            0.075178,
            0.07497100000000001,
            0.075557,
            0.074728
        ],
        [
            1.114846,
            1.2527599999999999,
            0.380565,
            0.28945200000000004,
            0.288762,
            0.356695,
            0.356669,
            0.356723,
            0.356605,
            0.35680300000000004,
            0.34086099999999997,
            0.339007,
            0.162746,
            0.162945,
            0.163247,
            0.162836,
            0.162745,
            0.16231500000000001,
            0.16298400000000002,
            0.162057,
            0.182265,
            0.181764,
            0.074823,
            0.081268,
            0.081246,
            0.080788,
            0.081266,
            0.057099,
            0.0,
            0.015625,
            0.064828,
            0.064771,
            0.0672,
            0.07471699999999999,
            0.066542,
            0.066511,
            0.066089,
            0.0647,
            0.073536,
            0.073682,
            0.073282,
            0.081201,
            0.065169,
            0.064962,
            0.065548,
            0.064719
        ],
        [
            1.114865,
            1.2527789999999999,
            0.380584,
            0.28947100000000003,
            0.288781,
            0.356714,
            0.356688,
            0.356742,
            0.356624,
            0.35682200000000003,
            0.34087999999999996,
            0.339026,
            0.16276500000000002,
            0.162964,
            0.16326600000000002,
            0.16285500000000003,
            0.16276400000000002,
            0.162334,
            0.163003,
            0.162076,
            0.182284,
            0.18178300000000003,
            0.074842,
            0.081287,
            0.081265,
            0.080807,
            0.08128500000000001,
            0.057118,
            0.015625,
            0.0,
            0.064847,
            0.06479,
            0.067219,
            0.074736,
            0.06656100000000001,
            0.06653,
            0.066108,
            0.064719,
            0.07355500000000001,
            0.073701,
            0.073301,
            0.08122,
            0.065188,
            0.06498100000000001,
            0.065567,
            0.064738
        ],
        [
            1.132584,
            1.270498,
            0.39830299999999996,
            0.30719,
            0.3065,
            0.374433,
            0.37440700000000005,
            0.37446100000000004,
            0.374343,
            0.374541,
            0.358599,
            0.356745,
            0.180484,
            0.180683,
            0.180985,
            0.180574,
            0.180483,
            0.18005300000000002,
            0.180722,
            0.179795,
            0.20000300000000001,
            0.199502,
            0.092561,
            0.09900600000000001,
            0.098984,
            0.098526,
            0.09900400000000001,
            0.074837,
            0.064828,
            0.064847,
            0.0,
            0.014735,
            0.084938,
            0.092455,
            0.08428,
            0.08424899999999999,
            0.083827,
            0.082438,
            0.091274,
            0.09142,
            0.09102,
            0.098939,
            0.08290700000000001,
            0.0827,
            0.083286,
            0.082457
        ],
        [
            1.132527,
            1.270441,
            0.398246,
            0.307133,
            0.306443,
            0.37437600000000004,
            0.37435,
            0.374404,
            0.374286,
            0.37448400000000004,
            0.358542,
            0.356688,
            0.180427,
            0.180626,
            0.180928,
            0.180517,
            0.180426,
            0.17999600000000002,
            0.18066500000000002,
            0.179738,
            0.199946,
            0.199445,
            0.092504,
            0.09894900000000001,
            0.098927,
            0.098469,
            0.09894700000000001,
            0.07478,
            0.064771,
            0.06479,
            0.014735,
            0.0,
            0.084881,
            0.092398,
            0.08422299999999999,
            0.08419199999999999,
            0.08377,
            0.082381,
            0.09121699999999999,
            0.091363,
            0.090963,
            0.098882,
            0.08285000000000001,
            0.082643,
            0.083229,
            0.0824
        ],
        [
            1.134956,
            1.2728700000000002,
            0.400675,
            0.309562,
            0.30887200000000004,
            0.37680500000000006,
            0.37677900000000003,
            0.37683300000000003,
            0.376715,
            0.37691300000000005,
            0.36097100000000004,
            0.359117,
            0.18285600000000002,
            0.18305500000000002,
            0.18335700000000002,
            0.18294600000000003,
            0.18285500000000002,
            0.18242500000000003,
            0.18309400000000003,
            0.18216700000000002,
            0.20237500000000003,
            0.20187400000000003,
            0.094933,
            0.101378,
            0.101356,
            0.100898,
            0.10137600000000001,
            0.077209,
            0.0672,
            0.067219,
            0.084938,
            0.084881,
            0.0,
            0.059639,
            0.051464,
            0.051433,
            0.051011,
            0.08481,
            0.09364600000000001,
            0.093792,
            0.093392,
            0.101311,
            0.085279,
            0.08507200000000001,
            0.085658,
            0.084829
        ],
        [
            1.142473,
            1.2803870000000002,
            0.408192,
            0.317079,
            0.31638900000000003,
            0.38432200000000005,
            0.384296,
            0.38435,
            0.384232,
            0.38443000000000005,
            0.36848800000000004,
            0.366634,
            0.19037300000000001,
            0.19057200000000002,
