{
    "NEXUS_FILE_URL": "http://purl.org/phylo/treebase/phylows/study/TB2:S14872",
    "NEWICK_TREE": "(((((8:0.03106097749739961,7:0.06737111729678058):0.004239611926389053,9:0.03375347758379839):0.011385343468144099,6:0.037332808016322966):0.00708509391752582,(((2:0.025366138712029224,1:0.034726521029117635):0.010429418167611504,(4:0.019303662042763875,3:0.028456478545057298):0.013654504741834272):0.008372882864224718,5:0.08013138617885088):0.01370492995060199):0.07069893173564695,10:0.07069893173564695);",
    "DISTANCE_MATRIX": [
        [
            0.0,
            0.09843209479418019,
            0.06905406700758705,
            0.08401874090825573,
            0.11164439650392602,
            0.12100477882101443,
            0.10880700640888344,
            0.11795982291117686,
            0.14760734293891145,
            0.1951688902807525
        ],
        [
            0.09843209479418019,
            0.0,
            0.10536420680696802,
            0.1203288807076367,
            0.147954536303307,
            0.1573149186203954,
            0.1451171462082644,
            0.15426996271055782,
            0.18391748273829242,
            0.23147903008013346
        ],
        [
            0.06905406700758705,
            0.10536420680696802,
            0.0,
            0.08247162906826545,
            0.11009728466393574,
            0.11945766698102415,
            0.10725989456889316,
            0.11641271107118659,
            0.1460602310989212,
            0.19362177844076223
        ],
        [
            0.08401874090825573,
            0.1203288807076367,
            0.08247162906826545,
            0.0,
            0.10229127162831622,
            0.11165165394540463,
            0.09945388153327364,
            0.10860669803556706,
            0.13825421806330165,
            0.1858157654051427
        ],
        [
            0.11164439650392602,
            0.147954536303307,
            0.11009728466393574,
            0.10229127162831622,
            0.0,
            0.06009265974114686,
            0.06875372366423887,
            0.0779065401665323,
            0.12429982592271632,
            0.19927123316576134
        ],
        [
            0.12100477882101443,
            0.1573149186203954,
            0.11945766698102415,
            0.11165165394540463,
            0.06009265974114686,
            0.0,
            0.07811410598132729,
            0.08726692248362071,
            0.13366020823980473,
            0.20863161548284975
        ],
        [
            0.10880700640888344,
            0.1451171462082644,
            0.10725989456889316,
            0.09945388153327364,
            0.06875372366423887,
            0.07811410598132729,
            0.0,
            0.04776014058782117,
            0.12146243582767374,
            0.19643384307071876
        ],
        [
            0.11795982291117686,
            0.15426996271055782,
            0.11641271107118659,
            0.10860669803556706,
            0.0779065401665323,
            0.08726692248362071,
            0.04776014058782117,
            0.0,
            0.13061525232996718,
            0.2055866595730122
        ],
        [
            0.14760734293891145,
            0.18391748273829242,
            0.1460602310989212,
            0.13825421806330165,
            0.12429982592271632,
            0.13366020823980473,
            0.12146243582767374,
            0.13061525232996718,
            0.0,
            0.23523417960074677
        ],
        [
            0.1951688902807525,
            0.23147903008013346,
            0.19362177844076223,
            0.1858157654051427,
            0.19927123316576134,
            0.20863161548284975,
            0.19643384307071876,
            0.2055866595730122,
            0.23523417960074677,
            0.0
        ]
    ],
    "NODE_MAPPING": {
        "0": "8",
        "1": "7",
        "2": "9",
        "3": "6",
        "4": "2",
        "5": "1",
        "6": "4",
        "7": "3",
        "8": "5",
        "9": "10"
    }
}