{
    "NEXUS_FILE_URL": "http://purl.org/phylo/treebase/phylows/study/TB2:S12410",
    "NEWICK_TREE": "((1:30.2616524568884,2:30.2616524568884):8.656534351256,(3:33.95929399082091,(4:31.784500737347205,(((((5:14.095823855593702,(6:9.531512321377564,7:9.531512321377564):4.564311534216145):2.187918838279698,(((8:3.001785035647904,9:3.001785035647904):3.4965886586003183,(((10:0.3791495380448566,11:0.3791495380448566):0.35973044238401286,12:0.7388799804288908):1.6582538193006044,13:2.39713379972941):4.101239894518763):6.77624746377602,(14:7.948767689755558,15:7.948767689755558):5.325853468268635):3.009121535849207):8.085717891747997,((16:16.66180485898235,17:16.66180485898235):6.356573139133118,(18:20.198409166987197,((19:6.477480233665915,(20:0.42022161573549965,21:0.42022161573549965):6.057258617930415):11.061344969217835,22:17.538825202883565):2.659583964103639):2.819968831128172):1.3510825875059282):1.8112955379025593,((23:4.644116989981001,24:4.644116989981001):17.45662471902675,(((25:8.110152878903001,(26:6.317013581095495,27:6.317013581095495):1.7931392978074996):3.035973960404803,28:11.146126839307804):7.703628857599998,((29:4.563752201947917,30:4.563752201947921):5.274612353480407,(31:0.08172789109379153,32:0.08172789109379153):9.756636664334607):9.011391141479397):3.250986012100146):4.080014414516107):1.4772520952789492,(33:18.2568224275288,34:18.256822427528814):9.401185791274006):4.126492518544499):2.1747932534735135):4.958892817323488);",
    "DISTANCE_MATRIX": [
        [
            0.0,
            60.5233049137768,
            77.8363736162888,
            77.8363736162886,
            77.8363736162888,
            77.83637361628881,
            77.83637361628881,
            77.83637361628885,
            77.83637361628885,
            77.83637361628887,
            77.83637361628887,
            77.83637361628888,
            77.8363736162888,
            77.8363736162888,
            77.8363736162888,
            77.8363736162888,
            77.8363736162888,
            77.83637361628871,
            77.8363736162889,
            77.8363736162889,
            77.8363736162889,
            77.83637361628871,
            77.83637361628871,
            77.83637361628871,
            77.83637361628891,
            77.8363736162889,
            77.8363736162889,
            77.83637361628891,
            77.83637361628882,
            77.83637361628882,
            77.8363736162889,
            77.8363736162889,
            77.83637361628871,
            77.83637361628871
        ],
        [
            60.5233049137768,
            0.0,
            77.8363736162888,
            77.8363736162886,
            77.8363736162888,
            77.83637361628881,
            77.83637361628881,
            77.83637361628885,
            77.83637361628885,
            77.83637361628887,
            77.83637361628887,
            77.83637361628888,
            77.8363736162888,
            77.8363736162888,
            77.8363736162888,
            77.8363736162888,
            77.8363736162888,
            77.83637361628871,
            77.8363736162889,
            77.8363736162889,
            77.8363736162889,
            77.83637361628871,
            77.83637361628871,
            77.83637361628871,
            77.83637361628891,
            77.8363736162889,
            77.8363736162889,
            77.83637361628891,
            77.83637361628882,
            77.83637361628882,
            77.8363736162889,
            77.8363736162889,
            77.83637361628871,
            77.83637361628871
        ],
        [
            77.8363736162888,
            77.8363736162888,
            0.0,
            67.91858798164162,
            67.91858798164182,
            67.91858798164183,
            67.91858798164183,
            67.91858798164188,
            67.91858798164188,
            67.91858798164189,
            67.91858798164189,
            67.9185879816419,
            67.91858798164182,
            67.91858798164182,
            67.91858798164182,
            67.91858798164182,
            67.91858798164182,
            67.91858798164174,
            67.91858798164192,
            67.91858798164192,
            67.91858798164192,
            67.91858798164174,
            67.91858798164174,
            67.91858798164174,
            67.91858798164193,
            67.91858798164192,
            67.91858798164192,
            67.91858798164193,
            67.91858798164185,
            67.91858798164185,
            67.91858798164192,
            67.91858798164192,
            67.91858798164174,
            67.91858798164174
        ],
        [
            77.8363736162886,
            77.8363736162886,
            67.91858798164162,
            0.0,
            63.56900147469461,
            63.569001474694616,
            63.569001474694616,
            63.56900147469466,
            63.56900147469466,
            63.56900147469467,
            63.56900147469467,
            63.569001474694694,
            63.56900147469461,
            63.56900147469461,
            63.56900147469461,
            63.56900147469461,
            63.56900147469461,
            63.56900147469451,
            63.5690014746947,
            63.5690014746947,
            63.5690014746947,
            63.56900147469452,
            63.56900147469451,
            63.56900147469451,
            63.56900147469471,
            63.5690014746947,
            63.5690014746947,
            63.56900147469471,
            63.56900147469463,
            63.56900147469463,
            63.5690014746947,
            63.5690014746947,
            63.56900147469451,
            63.569001474694524
        ],
        [
            77.8363736162888,
            77.8363736162888,
            67.91858798164182,
            63.56900147469461,
            0.0,
            28.19164771118741,
            28.19164771118741,
            32.56748538774685,
            32.56748538774685,
            32.56748538774686,
            32.56748538774686,
            32.567485387746885,
            32.5674853877468,
            32.5674853877468,
            32.5674853877468,
            48.738921171242794,
            48.738921171242794,
            48.738921171242694,
            48.738921171242886,
            48.738921171242886,
            48.738921171242886,
            48.7389211712427,
            52.36151224704781,
            52.36151224704781,
            52.36151224704801,
            52.361512247048005,
            52.361512247048005,
            52.36151224704801,
            52.361512247047926,
            52.36151224704793,
            52.361512247048005,
            52.361512247048005,
            55.31601643760571,
            55.316016437605725
        ],
        [
            77.83637361628881,
            77.83637361628881,
            67.91858798164183,
            63.569001474694616,
            28.19164771118741,
            0.0,
            19.063024642755128,
            32.567485387746856,
            32.567485387746856,
            32.56748538774687,
            32.56748538774687,
            32.56748538774689,
            32.56748538774681,
            32.56748538774681,
            32.56748538774681,
            48.7389211712428,
            48.7389211712428,
            48.7389211712427,
            48.73892117124289,
            48.73892117124289,
            48.73892117124289,
            48.73892117124271,
            52.36151224704782,
            52.36151224704782,
            52.36151224704802,
            52.36151224704801,
            52.36151224704801,
            52.36151224704802,
            52.36151224704794,
            52.36151224704794,
            52.36151224704801,
            52.36151224704801,
            55.31601643760572,
            55.31601643760573
        ],
        [
            77.83637361628881,
            77.83637361628881,
            67.91858798164183,
            63.569001474694616,
            28.19164771118741,
            19.063024642755128,
            0.0,
            32.567485387746856,
            32.567485387746856,
            32.56748538774687,
            32.56748538774687,
            32.56748538774689,
            32.56748538774681,
            32.56748538774681,
            32.56748538774681,
            48.7389211712428,
            48.7389211712428,
            48.7389211712427,
            48.73892117124289,
            48.73892117124289,
            48.73892117124289,
            48.73892117124271,
            52.36151224704782,
            52.36151224704782,
            52.36151224704802,
            52.36151224704801,
            52.36151224704801,
            52.36151224704802,
            52.36151224704794,
            52.36151224704794,
            52.36151224704801,
            52.36151224704801,
            55.31601643760572,
            55.31601643760573
        ],
        [
            77.83637361628885,
            77.83637361628885,
            67.91858798164188,
            63.56900147469466,
            32.56748538774685,
            32.567485387746856,
            32.567485387746856,
            0.0,
            6.003570071295808,
            12.996747388496459,
            12.996747388496459,
            12.99674738849648,
            12.996747388496395,
            26.549242316048435,
            26.549242316048435,
            48.73892117124284,
            48.73892117124284,
            48.738921171242744,
            48.738921171242936,
            48.738921171242936,
            48.738921171242936,
            48.73892117124275,
            52.36151224704786,
            52.36151224704786,
            52.36151224704806,
            52.361512247048054,
            52.361512247048054,
            52.36151224704806,
            52.36151224704798,
            52.36151224704798,
            52.361512247048054,
            52.361512247048054,
            55.31601643760576,
            55.316016437605775
        ],
        [
            77.83637361628885,
            77.83637361628885,
            67.91858798164188,
            63.56900147469466,
            32.56748538774685,
            32.567485387746856,
            32.567485387746856,
            6.003570071295808,
            0.0,
            12.996747388496459,
            12.996747388496459,
            12.99674738849648,
            12.996747388496395,
            26.549242316048435,
            26.549242316048435,
            48.73892117124284,
            48.73892117124284,
            48.738921171242744,
            48.738921171242936,
            48.738921171242936,
            48.738921171242936,
            48.73892117124275,
            52.36151224704786,
            52.36151224704786,
            52.36151224704806,
            52.361512247048054,
            52.361512247048054,
            52.36151224704806,
            52.36151224704798,
            52.36151224704798,
            52.361512247048054,
            52.361512247048054,
            55.31601643760576,
            55.316016437605775
        ],
        [
            77.83637361628887,
            77.83637361628887,
            67.91858798164189,
            63.56900147469467,
            32.56748538774686,
            32.56748538774687,
            32.56748538774687,
            12.996747388496459,
            12.996747388496459,
            0.0,
            0.7582990760897133,
            1.4777599608577603,
            4.794267599458884,
            26.54924231604845,
            26.54924231604845,
            48.73892117124286,
            48.73892117124286,
            48.73892117124276,
            48.73892117124295,
            48.73892117124295,
            48.73892117124295,
            48.738921171242765,
            52.36151224704788,
            52.36151224704788,
            52.361512247048076,
            52.36151224704807,
            52.36151224704807,
            52.361512247048076,
            52.361512247048,
            52.361512247048,
            52.36151224704807,
            52.36151224704807,
            55.316016437605775,
            55.31601643760579
        ],
        [
            77.83637361628887,
            77.83637361628887,
            67.91858798164189,
            63.56900147469467,
            32.56748538774686,
            32.56748538774687,
            32.56748538774687,
            12.996747388496459,
            12.996747388496459,
            0.7582990760897133,
            0.0,
            1.4777599608577603,
            4.794267599458884,
            26.54924231604845,
            26.54924231604845,
            48.73892117124286,
            48.73892117124286,
            48.73892117124276,
            48.73892117124295,
            48.73892117124295,
            48.73892117124295,
            48.738921171242765,
            52.36151224704788,
            52.36151224704788,
            52.361512247048076,
            52.36151224704807,
            52.36151224704807,
            52.361512247048076,
            52.361512247048,
            52.361512247048,
            52.36151224704807,
            52.36151224704807,
            55.316016437605775,
            55.31601643760579
        ],
        [
            77.83637361628888,
            77.83637361628888,
            67.9185879816419,
            63.569001474694694,
            32.567485387746885,
            32.56748538774689,
            32.56748538774689,
            12.99674738849648,
            12.99674738849648,
            1.4777599608577603,
            1.4777599608577603,
            0.0,
            4.794267599458905,
            26.54924231604847,
            26.54924231604847,
            48.73892117124288,
            48.73892117124288,
            48.73892117124278,
            48.73892117124297,
            48.73892117124297,
            48.73892117124297,
            48.73892117124279,
            52.3615122470479,
            52.3615122470479,
            52.3615122470481,
            52.36151224704809,
            52.36151224704809,
            52.3615122470481,
            52.36151224704801,
            52.36151224704802,
            52.36151224704809,
            52.36151224704809,
            55.316016437605796,
            55.31601643760581
        ],
        [
            77.8363736162888,
            77.8363736162888,
            67.91858798164182,
            63.56900147469461,
            32.5674853877468,
            32.56748538774681,
            32.56748538774681,
            12.996747388496395,
            12.996747388496395,
            4.794267599458884,
            4.794267599458884,
            4.794267599458905,
            0.0,
            26.549242316048385,
            26.549242316048385,
            48.738921171242794,
            48.738921171242794,
            48.738921171242694,
            48.738921171242886,
            48.738921171242886,
            48.738921171242886,
            48.7389211712427,
            52.36151224704781,
            52.36151224704781,
            52.36151224704801,
            52.361512247048005,
            52.361512247048005,
            52.36151224704801,
            52.361512247047926,
            52.36151224704793,
            52.361512247048005,
            52.361512247048005,
            55.31601643760571,
            55.316016437605725
        ],
        [
            77.8363736162888,
            77.8363736162888,
            67.91858798164182,
            63.56900147469461,
            32.5674853877468,
            32.56748538774681,
            32.56748538774681,
            26.549242316048435,
            26.549242316048435,
            26.54924231604845,
            26.54924231604845,
            26.54924231604847,
            26.549242316048385,
            0.0,
            15.897535379511115,
            48.738921171242794,
            48.738921171242794,
            48.738921171242694,
            48.738921171242886,
            48.738921171242886,
            48.738921171242886,
            48.7389211712427,
            52.36151224704781,
            52.36151224704781,
            52.36151224704801,
            52.361512247048005,
            52.361512247048005,
            52.36151224704801,
            52.361512247047926,
            52.36151224704793,
            52.361512247048005,
            52.361512247048005,
            55.31601643760571,
            55.316016437605725
        ],
        [
            77.8363736162888,
            77.8363736162888,
            67.91858798164182,
            63.56900147469461,
            32.5674853877468,
            32.56748538774681,
            32.56748538774681,
            26.549242316048435,
            26.549242316048435,
            26.54924231604845,
            26.54924231604845,
            26.54924231604847,
            26.549242316048385,
            15.897535379511115,
            0.0,
            48.738921171242794,
            48.738921171242794,
            48.738921171242694,
            48.738921171242886,
            48.738921171242886,
            48.738921171242886,
            48.7389211712427,
            52.36151224704781,
            52.36151224704781,
            52.36151224704801,
            52.361512247048005,
            52.361512247048005,
            52.36151224704801,
            52.361512247047926,
            52.36151224704793,
            52.361512247048005,
            52.361512247048005,
            55.31601643760571,
            55.316016437605725
        ],
        [
            77.8363736162888,
            77.8363736162888,
            67.91858798164182,
            63.56900147469461,
            48.738921171242794,
            48.7389211712428,
            48.7389211712428,
            48.73892117124284,
            48.73892117124284,
            48.73892117124286,
            48.73892117124286,
            48.73892117124288,
            48.738921171242794,
            48.738921171242794,
            48.738921171242794,
            0.0,
            33.3236097179647,
            46.03675599623084,
            46.03675599623103,
            46.03675599623103,
            46.03675599623103,
            46.036755996230845,
            52.36151224704781,
            52.36151224704781,
            52.36151224704801,
            52.361512247048005,
            52.361512247048005,
            52.36151224704801,
            52.361512247047926,
            52.36151224704793,
            52.361512247048005,
            52.361512247048005,
            55.31601643760571,
            55.316016437605725
        ],
        [
            77.8363736162888,
            77.8363736162888,
            67.91858798164182,
            63.56900147469461,
            48.738921171242794,
            48.7389211712428,
            48.7389211712428,
            48.73892117124284,
            48.73892117124284,
            48.73892117124286,
            48.73892117124286,
            48.73892117124288,
            48.738921171242794,
            48.738921171242794,
            48.738921171242794,
            33.3236097179647,
            0.0,
            46.03675599623084,
            46.03675599623103,
            46.03675599623103,
            46.03675599623103,
            46.036755996230845,
            52.36151224704781,
            52.36151224704781,
            52.36151224704801,
            52.361512247048005,
            52.361512247048005,
            52.36151224704801,
            52.361512247047926,
            52.36151224704793,
            52.361512247048005,
            52.361512247048005,
            55.31601643760571,
            55.316016437605725
        ],
        [
            77.83637361628871,
            77.83637361628871,
            67.91858798164174,
            63.56900147469451,
            48.738921171242694,
            48.7389211712427,
            48.7389211712427,
            48.738921171242744,
            48.738921171242744,
            48.73892117124276,
            48.73892117124276,
            48.73892117124278,
            48.738921171242694,
            48.738921171242694,
            48.738921171242694,
            46.03675599623084,
            46.03675599623084,
            0.0,
            40.396818333974586,
            40.396818333974586,
            40.396818333974586,
            40.3968183339744,
            52.36151224704771,
            52.36151224704771,
            52.36151224704791,
            52.361512247047905,
            52.361512247047905,
            52.36151224704791,
            52.36151224704783,
            52.361512247047834,
            52.361512247047905,
            52.361512247047905,
            55.31601643760561,
            55.316016437605626
        ],
        [
            77.8363736162889,
            77.8363736162889,
            67.91858798164192,
            63.5690014746947,
            48.738921171242886,
            48.73892117124289,
            48.73892117124289,
            48.738921171242936,
            48.738921171242936,
            48.73892117124295,
            48.73892117124295,
            48.73892117124297,
            48.738921171242886,
            48.738921171242886,
            48.738921171242886,
            46.03675599623103,
            46.03675599623103,
            40.396818333974586,
            0.0,
            12.95496046733183,
            12.95496046733183,
            35.077650405767315,
            52.361512247047905,
            52.361512247047905,
            52.361512247048104,
            52.3615122470481,
            52.3615122470481,
            52.361512247048104,
            52.361512247048026,
            52.361512247048026,
            52.3615122470481,
            52.3615122470481,
            55.3160164376058,
            55.31601643760582
        ],
        [
            77.8363736162889,
            77.8363736162889,
            67.91858798164192,
            63.5690014746947,
            48.738921171242886,
            48.73892117124289,
            48.73892117124289,
            48.738921171242936,
            48.738921171242936,
            48.73892117124295,
            48.73892117124295,
            48.73892117124297,
            48.738921171242886,
            48.738921171242886,
            48.738921171242886,
            46.03675599623103,
            46.03675599623103,
            40.396818333974586,
            12.95496046733183,
            0.0,
            0.8404432314709993,
            35.077650405767315,
            52.361512247047905,
            52.361512247047905,
            52.361512247048104,
            52.3615122470481,
            52.3615122470481,
            52.361512247048104,
            52.361512247048026,
            52.361512247048026,
            52.3615122470481,
            52.3615122470481,
            55.3160164376058,
            55.31601643760582
        ],
        [
            77.8363736162889,
            77.8363736162889,
            67.91858798164192,
            63.5690014746947,
            48.738921171242886,
            48.73892117124289,
            48.73892117124289,
            48.738921171242936,
            48.738921171242936,
            48.73892117124295,
            48.73892117124295,
            48.73892117124297,
            48.738921171242886,
            48.738921171242886,
            48.738921171242886,
            46.03675599623103,
            46.03675599623103,
            40.396818333974586,
            12.95496046733183,
            0.8404432314709993,
            0.0,
            35.077650405767315,
            52.361512247047905,
            52.361512247047905,
            52.361512247048104,
            52.3615122470481,
            52.3615122470481,
            52.361512247048104,
            52.361512247048026,
            52.361512247048026,
            52.3615122470481,
            52.3615122470481,
            55.3160164376058,
            55.31601643760582
        ],
        [
            77.83637361628871,
            77.83637361628871,
            67.91858798164174,
            63.56900147469452,
            48.7389211712427,
            48.73892117124271,
            48.73892117124271,
            48.73892117124275,
            48.73892117124275,
            48.738921171242765,
            48.738921171242765,
            48.73892117124279,
            48.7389211712427,
            48.7389211712427,
            48.7389211712427,
            46.036755996230845,
            46.036755996230845,
            40.3968183339744,
            35.077650405767315,
            35.077650405767315,
            35.077650405767315,
            0.0,
            52.36151224704772,
            52.36151224704772,
            52.36151224704792,
            52.36151224704791,
            52.36151224704791,
            52.36151224704792,
            52.36151224704784,
            52.36151224704784,
            52.36151224704791,
            52.36151224704791,
            55.31601643760562,
            55.31601643760563
        ],
        [
            77.83637361628871,
            77.83637361628871,
            67.91858798164174,
            63.56900147469451,
            52.36151224704781,
            52.36151224704782,
            52.36151224704782,
            52.36151224704786,
            52.36151224704786,
            52.36151224704788,
            52.36151224704788,
            52.3615122470479,
            52.36151224704781,
            52.36151224704781,
            52.36151224704781,
            52.36151224704781,
            52.36151224704781,
            52.36151224704771,
            52.361512247047905,
            52.361512247047905,
            52.361512247047905,
            52.36151224704772,
            0.0,
            9.288233979962001,
            44.2014834180157,
            44.20148341801569,
            44.20148341801569,
            44.2014834180157,
            44.20148341801561,
            44.20148341801562,
            44.20148341801569,
            44.20148341801569,
            55.31601643760561,
            55.316016437605626
        ],
        [
            77.83637361628871,
            77.83637361628871,
            67.91858798164174,
            63.56900147469451,
            52.36151224704781,
            52.36151224704782,
            52.36151224704782,
            52.36151224704786,
            52.36151224704786,
            52.36151224704788,
            52.36151224704788,
            52.3615122470479,
            52.36151224704781,
            52.36151224704781,
            52.36151224704781,
            52.36151224704781,
            52.36151224704781,
            52.36151224704771,
            52.361512247047905,
            52.361512247047905,
            52.361512247047905,
            52.36151224704772,
            9.288233979962001,
            0.0,
            44.2014834180157,
            44.20148341801569,
            44.20148341801569,
            44.2014834180157,
            44.20148341801561,
            44.20148341801562,
            44.20148341801569,
            44.20148341801569,
            55.31601643760561,
            55.316016437605626
        ],
        [
            77.83637361628891,
            77.83637361628891,
            67.91858798164193,
            63.56900147469471,
            52.36151224704801,
            52.36151224704802,
            52.36151224704802,
            52.36151224704806,
            52.36151224704806,
            52.361512247048076,
            52.361512247048076,
            52.3615122470481,
            52.36151224704801,
            52.36151224704801,
            52.36151224704801,
            52.36151224704801,
            52.36151224704801,
            52.36151224704791,
            52.361512247048104,
            52.361512247048104,
            52.361512247048104,
            52.36151224704792,
            44.2014834180157,
            44.2014834180157,
            0.0,
            16.220305757805995,
            16.220305757805995,
            22.29225367861561,
            37.69951139381553,
            37.69951139381553,
            37.6995113938156,
            37.6995113938156,
            55.31601643760581,
            55.316016437605825
        ],
        [
            77.8363736162889,
            77.8363736162889,
            67.91858798164192,
            63.5690014746947,
            52.361512247048005,
            52.36151224704801,
            52.36151224704801,
            52.361512247048054,
            52.361512247048054,
            52.36151224704807,
            52.36151224704807,
            52.36151224704809,
            52.361512247048005,
            52.361512247048005,
            52.361512247048005,
            52.361512247048005,
            52.361512247048005,
            52.361512247047905,
            52.3615122470481,
            52.3615122470481,
            52.3615122470481,
            52.36151224704791,
            44.20148341801569,
            44.20148341801569,
            16.220305757805995,
            0.0,
            12.63402716219099,
            22.2922536786156,
            37.69951139381551,
            37.69951139381552,
            37.69951139381559,
            37.69951139381559,
            55.3160164376058,
            55.31601643760582
        ],
        [
            77.8363736162889,
            77.8363736162889,
            67.91858798164192,
            63.5690014746947,
            52.361512247048005,
            52.36151224704801,
            52.36151224704801,
            52.361512247048054,
            52.361512247048054,
            52.36151224704807,
            52.36151224704807,
            52.36151224704809,
            52.361512247048005,
            52.361512247048005,
            52.361512247048005,
            52.361512247048005,
            52.361512247048005,
            52.361512247047905,
            52.3615122470481,
            52.3615122470481,
            52.3615122470481,
            52.36151224704791,
            44.20148341801569,
            44.20148341801569,
            16.220305757805995,
            12.63402716219099,
            0.0,
            22.2922536786156,
            37.69951139381551,
            37.69951139381552,
            37.69951139381559,
            37.69951139381559,
            55.3160164376058,
            55.31601643760582
        ],
        [
            77.83637361628891,
            77.83637361628891,
            67.91858798164193,
            63.56900147469471,
            52.36151224704801,
            52.36151224704802,
            52.36151224704802,
            52.36151224704806,
            52.36151224704806,
            52.361512247048076,
            52.361512247048076,
            52.3615122470481,
            52.36151224704801,
            52.36151224704801,
            52.36151224704801,
            52.36151224704801,
            52.36151224704801,
            52.36151224704791,
            52.361512247048104,
            52.361512247048104,
            52.361512247048104,
            52.36151224704792,
            44.2014834180157,
            44.2014834180157,
            22.29225367861561,
            22.2922536786156,
            22.2922536786156,
            0.0,
            37.69951139381553,
            37.69951139381553,
            37.6995113938156,
            37.6995113938156,
            55.31601643760581,
            55.316016437605825
        ],
        [
            77.83637361628882,
            77.83637361628882,
            67.91858798164185,
            63.56900147469463,
            52.361512247047926,
            52.36151224704794,
            52.36151224704794,
            52.36151224704798,
            52.36151224704798,
            52.361512247048,
            52.361512247048,
            52.36151224704801,
            52.361512247047926,
            52.361512247047926,
            52.361512247047926,
            52.361512247047926,
            52.361512247047926,
            52.36151224704783,
            52.361512247048026,
            52.361512247048026,
            52.361512247048026,
            52.36151224704784,
            44.20148341801561,
            44.20148341801561,
            37.69951139381553,
            37.69951139381551,
            37.69951139381551,
            37.69951139381553,
            0.0,
            9.127504403895838,
            19.676729110856723,
            19.676729110856723,
            55.316016437605725,
            55.31601643760574
        ],
        [
            77.83637361628882,
            77.83637361628882,
            67.91858798164185,
            63.56900147469463,
            52.36151224704793,
            52.36151224704794,
            52.36151224704794,
            52.36151224704798,
            52.36151224704798,
            52.361512247048,
            52.361512247048,
            52.36151224704802,
            52.36151224704793,
            52.36151224704793,
            52.36151224704793,
            52.36151224704793,
            52.36151224704793,
            52.361512247047834,
            52.361512247048026,
            52.361512247048026,
            52.361512247048026,
            52.36151224704784,
            44.20148341801562,
            44.20148341801562,
            37.69951139381553,
            37.69951139381552,
            37.69951139381552,
            37.69951139381553,
            9.127504403895838,
            0.0,
            19.676729110856726,
            19.676729110856726,
            55.31601643760573,
            55.31601643760575
        ],
        [
            77.8363736162889,
            77.8363736162889,
            67.91858798164192,
            63.5690014746947,
            52.361512247048005,
            52.36151224704801,
            52.36151224704801,
            52.361512247048054,
            52.361512247048054,
            52.36151224704807,
            52.36151224704807,
            52.36151224704809,
            52.361512247048005,
            52.361512247048005,
            52.361512247048005,
            52.361512247048005,
            52.361512247048005,
            52.361512247047905,
            52.3615122470481,
            52.3615122470481,
            52.3615122470481,
            52.36151224704791,
            44.20148341801569,
            44.20148341801569,
            37.6995113938156,
            37.69951139381559,
            37.69951139381559,
            37.6995113938156,
            19.676729110856723,
            19.676729110856726,
            0.0,
            0.16345578218758305,
            55.3160164376058,
            55.31601643760582
        ],
        [
            77.8363736162889,
            77.8363736162889,
            67.91858798164192,
            63.5690014746947,
            52.361512247048005,
            52.36151224704801,
            52.36151224704801,
            52.361512247048054,
            52.361512247048054,
            52.36151224704807,
            52.36151224704807,
            52.36151224704809,
            52.361512247048005,
            52.361512247048005,
            52.361512247048005,
            52.361512247048005,
            52.361512247048005,
            52.361512247047905,
            52.3615122470481,
            52.3615122470481,
            52.3615122470481,
            52.36151224704791,
            44.20148341801569,
            44.20148341801569,
            37.6995113938156,
            37.69951139381559,
            37.69951139381559,
            37.6995113938156,
            19.676729110856723,
            19.676729110856726,
            0.16345578218758305,
            0.0,
            55.3160164376058,
            55.31601643760582
        ],
        [
            77.83637361628871,
            77.83637361628871,
            67.91858798164174,
            63.56900147469451,
            55.31601643760571,
            55.31601643760572,
            55.31601643760572,
            55.31601643760576,
            55.31601643760576,
            55.316016437605775,
            55.316016437605775,
            55.316016437605796,
            55.31601643760571,
            55.31601643760571,
            55.31601643760571,
            55.31601643760571,
            55.31601643760571,
            55.31601643760561,
            55.3160164376058,
            55.3160164376058,
            55.3160164376058,
            55.31601643760562,
            55.31601643760561,
            55.31601643760561,
            55.31601643760581,
            55.3160164376058,
            55.3160164376058,
            55.31601643760581,
            55.316016437605725,
            55.31601643760573,
            55.3160164376058,
            55.3160164376058,
            0.0,
            36.51364485505761
        ],
        [
            77.83637361628871,
            77.83637361628871,
            67.91858798164174,
            63.569001474694524,
            55.316016437605725,
            55.31601643760573,
            55.31601643760573,
            55.316016437605775,
            55.316016437605775,
            55.31601643760579,
            55.31601643760579,
            55.31601643760581,
            55.316016437605725,
            55.316016437605725,
            55.316016437605725,
            55.316016437605725,
            55.316016437605725,
            55.316016437605626,
            55.31601643760582,
            55.31601643760582,
            55.31601643760582,
            55.31601643760563,
            55.316016437605626,
            55.316016437605626,
            55.316016437605825,
            55.31601643760582,
            55.31601643760582,
            55.316016437605825,
            55.31601643760574,
            55.31601643760575,
            55.31601643760582,
            55.31601643760582,
            36.51364485505761,
            0.0
        ]
    ],
    "NODE_MAPPING": {
        "0": "1",
        "1": "2",
        "2": "3",
        "3": "4",
        "4": "5",
        "5": "6",
        "6": "7",
        "7": "8",
        "8": "9",
        "9": "10",
        "10": "11",
        "11": "12",
        "12": "13",
        "13": "14",
        "14": "15",
        "15": "16",
        "16": "17",
        "17": "18",
        "18": "19",
        "19": "20",
        "20": "21",
        "21": "22",
        "22": "23",
        "23": "24",
        "24": "25",
        "25": "26",
        "26": "27",
        "27": "28",
        "28": "29",
        "29": "30",
        "30": "31",
        "31": "32",
        "32": "33",
        "33": "34"
    }
}