{
    "NEXUS_FILE_URL": "http://purl.org/phylo/treebase/phylows/study/TB2:S14763",
    "NEWICK_TREE": "(((33:0.01232036,49:0.00237136):0.16110401,((((51:0.118502,57:0.12083165):0.03666213,(15:0.12701511,16:0.10241037):0.06200072):0.01793003,(13:0.13100644,(11:0.05878559,10:0.05856485):0.06238779):0.02914165):0.05191346,((9:0.13806817,48:0.23432784):0.0252841,((36:0.01395058,32:0.01360325):0.0985785,((41:0.14817198,42:0.07459873):0.09349511,(38:0.05255061,37:0.06201216):0.12194309):0.02984364):0.01909728):0.0216278):0.02475009):0.01022264,(21:0.16385982,(((26:0.0527264,(58:1.0E-8,59:1.0E-8):0.09756547):0.02545011,((23:0.02622226,19:0.04796416):0.02361422,18:0.03551204):0.02776228):0.01248276,((54:0.07711461,22:0.05289876):0.01932867,(17:0.04514774,20:0.06578777):0.07654989):0.01354141):0.01432912):0.02814188,((((31:0.09972068,30:0.11205732):0.06188651,(34:1.0E-8,35:1.0E-8):0.1781189):0.02728178,(((61:0.1905221,(60:0.06763407,62:0.13857768):0.02161031):0.03163982,(39:0.00359709,40:0.00419948):0.14392076):0.03121537,(1:0.14194919,52:0.16749697):0.02290329):0.01706387):0.00462229,(((((6:1.0E-8,(5:1.0E-8,7:1.0E-8):0.00335458):0.15701076,(55:0.20024068,(((44:0.01045203,43:0.00737699):0.10325307,(46:0.04001554,45:0.04873963):0.07366949):0.01709273,((56:0.00189331,4:1.0E-8):0.0304286,47:0.0325791):0.0586615):0.01224216):0.00936541):0.01496238,(((2:0.00441322,3:0.02119466):0.09251624,14:0.13540042):0.02994546,(27:0.09983643,(25:0.09543869,24:0.11061153):0.08377109):0.05443883):0.025268):0.01094042,((50:0.13984621,(29:0.13821046,28:0.168192):0.03542139):0.03230844,8:0.10924279):0.03818489):0.00709363,(12:0.04294314,53:0.05460594):0.09446676):0.00811412):0.01861399);",
    "DISTANCE_MATRIX": [
        [
            0.0,
            0.01469172,
            0.42318208,
            0.42551173,
            0.45703378,
            0.43242904,
            0.41023601,
            0.40040295,
            0.40018221,
            0.38315453,
            0.47941419999999996,
            0.35142861999999997,
            0.35108129,
            0.5104102699999999,
            0.43683701999999996,
            0.44323688,
            0.45269843,
            0.37564871,
            0.31677728,
            0.36161635999999997,
            0.36161635999999997,
            0.31619953,
            0.33794143,
            0.30187509,
            0.3361027,
            0.31188685000000005,
            0.36135705,
            0.38199708,
            0.39577226,
            0.4081089,
            0.41228398,
            0.41228398,
            0.47732445,
            0.37604673,
            0.44699034,
            0.40268038,
            0.40328277,
            0.38879964,
            0.41434742,
            0.40038231999999996,
            0.40373689999999995,
            0.40373689999999995,
            0.45297764,
            0.39577695,
            0.39270191,
            0.39575688,
            0.40448097,
            0.35596253,
            0.35406923,
            0.35621972,
            0.38055209,
            0.39733353,
            0.41902305,
            0.40795243,
            0.48732578000000004,
            0.5024986200000001,
            0.42780829,
            0.46159393000000004,
            0.49157547000000007,
            0.36489643,
            0.34778502,
            0.35944782
        ],
        [
            0.01469172,
            0.0,
            0.41323308,
            0.41556273,
            0.44708477999999996,
            0.42248003999999995,
            0.40028701,
            0.39045394999999994,
            0.39023321,
            0.37320553,
            0.4694651999999999,
            0.34147962,
            0.34113229,
            0.50046127,
            0.4268880199999999,
            0.43328787999999996,
            0.44274943,
            0.36569971,
            0.30682827999999995,
            0.35166736,
            0.35166736,
            0.30625053,
            0.32799243,
            0.29192608999999997,
            0.3261537,
            0.30193785,
            0.35140804999999997,
            0.37204808,
            0.38582326,
            0.3981599,
            0.40233498,
            0.40233498,
            0.46737545,
            0.36609773,
            0.43704133999999994,
            0.39273137999999996,
            0.39333377,
            0.37885064,
            0.40439842,
            0.39043332,
            0.39378789999999997,
            0.39378789999999997,
            0.44302864,
            0.38582795,
            0.38275291,
            0.38580788,
            0.39453196999999995,
            0.34601353,
            0.34412023,
            0.34627072000000003,
            0.37060309,
            0.38738452999999995,
            0.40907404999999997,
            0.39800342999999994,
            0.47737678000000006,
            0.49254962,
            0.41785929,
            0.45164493000000006,
            0.48162647000000003,
            0.35494742999999995,
            0.33783602,
            0.34949882
        ],
        [
            0.42318208,
            0.41323308,
            0.0,
            0.23933365,
            0.34417996,
            0.31957522000000005,
            0.33324224999999996,
            0.32340919,
            0.32318844999999996,
            0.40998769,
            0.5062473599999999,
            0.37826178,
            0.37791445,
            0.53724343,
            0.46367018,
            0.47007003999999997,
            0.47953159,
            0.45198204999999997,
            0.39311061999999997,
            0.4379497,
            0.4379497,
            0.39253287,
            0.41427476999999996,
            0.37820842999999993,
            0.41243604,
            0.38822018999999997,
            0.43769039,
            0.45833041999999996,
            0.4721056,
            0.48444223999999997,
            0.48861731999999997,
            0.48861731999999997,
            0.5536577899999999,
            0.45238007,
            0.52332368,
            0.47901372,
            0.47961611,
            0.46513298,
            0.49068075999999994,
            0.47671566,
            0.48007024,
            0.48007024,
            0.52931098,
            0.47211028999999993,
            0.46903524999999996,
            0.47209022,
            0.48081430999999997,
            0.43229586999999997,
            0.43040257,
            0.43255306,
            0.45688543,
            0.47366686999999996,
            0.49535639,
            0.48428576999999995,
            0.5636591200000001,
            0.57883196,
            0.5041416299999999,
            0.53792727,
            0.56790881,
            0.44122976999999997,
            0.42411835999999997,
            0.43578116
        ],
        [
            0.42551173,
            0.41556273,
            0.23933365,
            0.0,
            0.34650961,
            0.32190487,
            0.33557190000000003,
            0.32573884,
            0.32551810000000003,
            0.41231734,
            0.50857701,
            0.38059143,
            0.3802441,
            0.53957308,
            0.46599983,
            0.47239969000000004,
            0.48186123999999997,
            0.4543117,
            0.39544027,
            0.44027934999999996,
            0.44027934999999996,
            0.39486252,
            0.41660442,
            0.38053808,
            0.41476568999999996,
            0.39054984000000004,
            0.44002004,
            0.46066007,
            0.47443525,
            0.48677189,
            0.49094697,
            0.49094697,
            0.55598744,
            0.45470972,
            0.5256533299999999,
            0.48134337,
            0.48194576,
            0.46746263,
            0.49301041,
            0.47904530999999995,
            0.48239988999999994,
            0.48239988999999994,
            0.5316406300000001,
            0.47443994,
            0.4713649,
            0.47441986999999997,
            0.48314396,
            0.43462552,
            0.43273222,
            0.43488271,
            0.45921508,
            0.47599652,
            0.49768604,
            0.48661541999999997,
            0.56598877,
            0.5811616100000001,
            0.50647128,
            0.54025692,
            0.5702384600000001,
            0.44355942,
            0.42644801,
            0.43811080999999996
        ],
        [
            0.45703378,
            0.44708477999999996,
            0.34417996,
            0.34650961,
            0.0,
            0.22942548,
            0.36709395,
            0.35726088999999994,
            0.35704015,
            0.44383939,
            0.54009906,
            0.41211348000000003,
            0.41176615,
            0.57109513,
            0.49752187999999997,
            0.50392174,
            0.5133832899999999,
            0.48583375,
            0.42696232,
            0.47180140000000004,
            0.47180140000000004,
            0.42638457,
            0.44812647,
            0.41206012999999997,
            0.44628774000000004,
            0.42207189,
            0.47154209,
            0.49218212,
            0.5059573,
            0.51829394,
            0.52246902,
            0.52246902,
            0.58750949,
            0.48623177000000006,
            0.55717538,
            0.51286542,
            0.5134678100000001,
            0.49898468,
            0.52453246,
            0.51056736,
            0.51392194,
            0.51392194,
            0.56316268,
            0.50596199,
            0.5028869499999999,
            0.50594192,
            0.51466601,
            0.46614757,
            0.46425427,
            0.46640476000000003,
            0.49073713,
            0.50751857,
            0.52920809,
            0.51813747,
            0.5975108200000001,
            0.6126836600000001,
            0.5379933299999999,
            0.57177897,
            0.6017605100000001,
            0.47508147,
            0.45797006,
            0.46963286000000004
        ],
        [
            0.43242904,
            0.42248003999999995,
            0.31957522000000005,
            0.32190487,
            0.22942548,
            0.0,
            0.34248921,
            0.33265615000000004,
            0.33243541,
            0.41923465000000004,
            0.51549432,
            0.38750874,
            0.38716141000000004,
            0.54649039,
            0.47291714,
            0.479317,
            0.48877855000000003,
            0.46122901,
            0.40235758,
            0.44719666,
            0.44719666,
            0.40177983,
            0.42352173,
            0.38745538999999996,
            0.42168300000000003,
            0.39746715,
            0.44693735,
            0.46757738,
            0.48135256000000004,
            0.4936892,
            0.49786428,
            0.49786428,
            0.56290475,
            0.46162703000000005,
            0.53257064,
            0.48826068,
            0.48886307,
            0.47437994,
            0.49992771999999996,
            0.48596262,
            0.4893172,
            0.4893172,
            0.53855794,
            0.48135724999999996,
            0.47828221,
            0.48133718000000003,
            0.49006127,
            0.44154283,
            0.43964953,
            0.44180002,
            0.46613239,
            0.48291383,
            0.50460335,
            0.49353273,
            0.5729060800000001,
            0.5880789200000001,
            0.5133885899999999,
            0.54717423,
            0.5771557700000001,
            0.45047673,
            0.43336532,
            0.44502812
        ],
        [
            0.41023601,
            0.40028701,
            0.33324224999999996,
            0.33557190000000003,
            0.36709395,
            0.34248921,
            0.0,
            0.25217982,
            0.25195908,
            0.39704162,
            0.49330128999999995,
            0.36531570999999996,
            0.36496838,
            0.52429736,
            0.45072411,
            0.45712397,
            0.46658552,
            0.43903598,
            0.38016455,
            0.42500362999999997,
            0.42500362999999997,
            0.3795868,
            0.4013287,
            0.36526236,
            0.39948996999999997,
            0.37527412000000004,
            0.42474432,
            0.44538435,
            0.45915953,
            0.47149617,
            0.47567125,
            0.47567125,
            0.54071172,
            0.439434,
            0.5103776099999999,
            0.46606765,
            0.46667004,
            0.45218691,
            0.47773469,
            0.46376958999999995,
            0.46712416999999995,
            0.46712416999999995,
            0.5163649100000001,
            0.45916422,
            0.45608918,
            0.45914415,
            0.46786824,
            0.4193498,
            0.4174565,
            0.41960699,
            0.44393936,
            0.4607208,
            0.48241032,
            0.4713397,
            0.55071305,
            0.5658858900000001,
            0.49119556,
            0.5249812,
            0.5549627400000001,
            0.4282837,
            0.41117229,
            0.42283508999999997
        ],
        [
            0.40040295,
            0.39045394999999994,
            0.32340919,
            0.32573884,
            0.35726088999999994,
            0.33265615000000004,
            0.25217982,
            0.0,
            0.11735044,
            0.38720856,
            0.48346822999999994,
            0.35548265,
            0.35513532,
            0.5144643,
            0.44089104999999995,
            0.44729091,
            0.45675245999999997,
            0.42920292,
            0.37033149,
            0.41517057,
            0.41517057,
            0.36975374,
            0.39149564,
            0.35542929999999995,
            0.38965691,
            0.36544106,
            0.41491126,
            0.43555129,
            0.44932647000000003,
            0.46166311,
            0.46583819,
            0.46583819,
            0.53087866,
            0.42960094000000004,
            0.50054455,
            0.45623459,
            0.45683698,
            0.44235385,
            0.46790162999999996,
            0.45393653,
            0.45729111,
            0.45729111,
            0.50653185,
            0.44933115999999995,
            0.44625612,
            0.44931109,
            0.45803518,
            0.40951674,
            0.40762344,
            0.40977393,
            0.4341063,
            0.45088774,
            0.47257726,
            0.46150663999999997,
            0.5408799900000001,
            0.55605283,
            0.48136249999999997,
            0.51514814,
            0.5451296800000001,
            0.41845064,
            0.40133923,
            0.41300203
        ],
        [
            0.40018221,
            0.39023321,
            0.32318844999999996,
            0.32551810000000003,
            0.35704015,
            0.33243541,
            0.25195908,
            0.11735044,
            0.0,
            0.38698782,
            0.48324748999999995,
            0.35526190999999996,
            0.35491458,
            0.5142435599999999,
            0.44067031,
            0.44707017,
            0.45653172,
            0.42898218,
            0.37011075,
            0.41494982999999996,
            0.41494982999999996,
            0.369533,
            0.3912749,
            0.35520856,
            0.38943616999999997,
            0.36522032000000004,
            0.41469052,
            0.43533055,
            0.44910573,
            0.46144237,
            0.46561745,
            0.46561745,
            0.53065792,
            0.4293802,
            0.50032381,
            0.45601385,
            0.45661624,
            0.44213311,
            0.46768089,
            0.45371578999999995,
            0.45707036999999995,
            0.45707036999999995,
            0.50631111,
            0.44911042,
            0.44603538,
            0.44909034999999997,
            0.45781444,
            0.409296,
            0.4074027,
            0.40955319,
            0.43388556,
            0.450667,
            0.47235652,
            0.46128589999999997,
            0.54065925,
            0.55583209,
            0.48114176,
            0.5149274,
            0.54490894,
            0.4182299,
            0.40111849,
            0.41278128999999997
        ],
        [
            0.38315453,
            0.37320553,
            0.40998769,
            0.41231734,
            0.44383939,
            0.41923465000000004,
            0.39704162,
            0.38720856,
            0.38698782,
            0.0,
            0.37239601,
            0.29497863,
            0.2946313,
            0.45396028,
            0.38038702999999996,
            0.38678689,
            0.39624844000000004,
            0.4119545,
            0.35308307,
            0.39792215,
            0.39792215,
            0.35250532,
            0.37424722,
            0.33818088,
            0.37240849,
            0.34819264000000005,
            0.39766284,
            0.41830287,
            0.43207805,
            0.44441469,
            0.44858977,
            0.44858977,
            0.51363024,
            0.41235252,
            0.48329613,
            0.43898617,
            0.43958856,
            0.42510543,
            0.45065321,
            0.43668810999999996,
            0.44004268999999996,
            0.44004268999999996,
            0.48928343,
            0.43208274,
            0.4290077,
            0.43206267,
            0.44078676,
            0.39226832,
            0.39037502,
            0.39252551,
            0.41685788,
            0.43363932,
            0.45532884,
            0.44425822,
            0.52363157,
            0.53880441,
            0.46411408,
            0.49789972000000005,
            0.52788126,
            0.40120222,
            0.38409081,
            0.39575361
        ],
        [
            0.47941419999999996,
            0.4694651999999999,
            0.5062473599999999,
            0.50857701,
            0.54009906,
            0.51549432,
            0.49330128999999995,
            0.48346822999999994,
            0.48324748999999995,
            0.37239601,
            0.0,
            0.3912383,
            0.39089096999999995,
            0.55021995,
            0.4766467,
            0.48304656,
            0.49250811,
            0.50821417,
            0.44934273999999996,
            0.49418182,
            0.49418182,
            0.44876499,
            0.47050688999999996,
            0.4344405499999999,
            0.46866816,
            0.44445230999999996,
            0.49392251,
            0.51456254,
            0.52833772,
            0.5406743599999999,
            0.5448494399999999,
            0.5448494399999999,
            0.6098899099999999,
            0.50861219,
            0.5795558,
            0.53524584,
            0.53584823,
            0.5213650999999999,
            0.5469128799999999,
            0.53294778,
            0.53630236,
            0.53630236,
            0.5855431,
            0.5283424099999999,
            0.5252673699999999,
            0.52832234,
            0.53704643,
            0.48852798999999997,
            0.48663469,
            0.48878518,
            0.51311755,
            0.52989899,
            0.55158851,
            0.54051789,
            0.6198912400000001,
            0.63506408,
            0.5603737499999999,
            0.59415939,
            0.62414093,
            0.49746188999999996,
            0.48035047999999997,
            0.49201328
        ],
        [
            0.35142861999999997,
            0.34147962,
            0.37826178,
            0.38059143,
            0.41211348000000003,
            0.38750874,
            0.36531570999999996,
            0.35548265,
            0.35526190999999996,
            0.29497863,
            0.3912383,
            0.0,
            0.02755383,
            0.38403981000000004,
            0.31046656,
            0.31686642,
            0.32632797,
            0.38022859,
            0.32135716000000003,
            0.36619624,
            0.36619624,
            0.32077941,
            0.34252130999999997,
            0.30645497,
            0.34068258,
            0.31646673000000003,
            0.36593693000000005,
            0.38657695999999997,
            0.40035214,
            0.41268878,
            0.41686386,
            0.41686386,
            0.48190433,
            0.38062661000000003,
            0.45157022,
            0.40726026000000004,
            0.40786265,
            0.39337952,
            0.4189273,
            0.4049622,
            0.40831678,
            0.40831678,
            0.45755752000000005,
            0.40035683,
            0.39728178999999997,
            0.40033676,
            0.40906085000000003,
            0.36054241,
            0.35864911,
            0.3607996,
            0.38513197,
            0.40191341,
            0.42360293000000004,
            0.41253231,
            0.49190566,
            0.5070785000000001,
            0.43238816999999996,
            0.46617381,
            0.4961553500000001,
            0.36947631000000003,
            0.3523649,
            0.3640277
        ],
        [
            0.35108129,
            0.34113229,
            0.37791445,
            0.3802441,
            0.41176615,
            0.38716141000000004,
            0.36496838,
            0.35513532,
            0.35491458,
            0.2946313,
            0.39089096999999995,
            0.02755383,
            0.0,
            0.38369248,
            0.31011922999999997,
            0.31651909,
            0.32598064000000004,
            0.37988126,
            0.32100983,
            0.36584890999999997,
            0.36584890999999997,
            0.32043208,
            0.34217398,
            0.30610764,
            0.34033525,
            0.31611940000000005,
            0.3655896,
            0.38622963,
            0.40000481,
            0.41234145,
            0.41651653,
            0.41651653,
            0.481557,
            0.38027928,
            0.45122289,
            0.40691293,
            0.40751532,
            0.39303219,
            0.41857997,
            0.40461486999999996,
            0.40796944999999996,
            0.40796944999999996,
            0.45721019,
            0.4000095,
            0.39693446,
            0.39998943,
            0.40871352,
            0.36019508,
            0.35830178,
            0.36045227,
            0.38478464,
            0.40156608,
            0.4232556,
            0.41218498,
            0.49155833000000004,
            0.5067311700000001,
            0.43204084,
            0.46582648000000004,
            0.49580802000000007,
            0.36912898,
            0.35201757,
            0.36368037
        ],
        [
            0.5104102699999999,
            0.50046127,
            0.53724343,
            0.53957308,
            0.57109513,
            0.54649039,
            0.52429736,
            0.5144643,
            0.5142435599999999,
            0.45396028,
            0.55021995,
            0.38403981000000004,
            0.38369248,
            0.0,
            0.22277071,
            0.41616079000000006,
            0.42562234000000004,
            0.5392102400000001,
            0.48033881,
            0.52517789,
            0.52517789,
            0.47976106,
            0.50150296,
            0.46543661999999997,
            0.49966423000000004,
            0.47544838,
            0.52491858,
            0.54555861,
            0.55933379,
            0.57167043,
            0.57584551,
            0.57584551,
            0.64088598,
            0.5396082600000001,
            0.61055187,
            0.56624191,
            0.5668443000000001,
            0.55236117,
            0.57790895,
            0.56394385,
            0.56729843,
            0.56729843,
            0.61653917,
            0.55933848,
            0.5562634399999999,
            0.55931841,
            0.5680425,
            0.51952406,
            0.5176307600000001,
            0.5197812500000001,
            0.5441136200000001,
            0.56089506,
            0.58258458,
            0.57151396,
            0.6508873100000001,
            0.6660601500000001,
            0.5913698199999999,
            0.62515546,
            0.6551370000000001,
            0.52845796,
            0.5113465500000001,
            0.52300935
        ],
        [
            0.43683701999999996,
            0.4268880199999999,
            0.46367018,
            0.46599983,
            0.49752187999999997,
            0.47291714,
            0.45072411,
            0.44089104999999995,
            0.44067031,
            0.38038702999999996,
            0.4766467,
            0.31046656,
            0.31011922999999997,
            0.22277071,
            0.0,
            0.34258754,
            0.35204909,
            0.46563699,
            0.40676555999999997,
            0.45160464,
            0.45160464,
            0.40618781,
            0.42792970999999996,
            0.39186336999999993,
            0.42609098,
            0.40187512999999997,
            0.45134533,
            0.47198535999999996,
            0.48576054,
            0.49809718,
            0.50227226,
            0.50227226,
            0.56731273,
            0.46603501,
            0.53697862,
            0.49266866,
            0.49327105,
            0.47878792,
            0.5043356999999999,
            0.4903706,
            0.49372518,
            0.49372518,
            0.54296592,
            0.48576522999999994,
            0.48269018999999996,
            0.48574516,
            0.49446924999999997,
            0.44595081,
            0.44405751,
            0.446208,
            0.47054037,
            0.48732180999999997,
            0.50901133,
            0.49794070999999995,
            0.57731406,
            0.5924869,
            0.51779657,
            0.5515822100000001,
            0.58156375,
            0.45488470999999997,
            0.4377733,
            0.4494361
        ],
        [
            0.44323688,
            0.43328787999999996,
            0.47007003999999997,
            0.47239969000000004,
            0.50392174,
            0.479317,
            0.45712397,
            0.44729091,
            0.44707017,
            0.38678689,
            0.48304656,
            0.31686642,
            0.31651909,
            0.41616079000000006,
            0.34258754,
            0.0,
            0.11456277,
            0.47203685,
            0.41316542,
            0.45800450000000004,
            0.45800450000000004,
            0.41258767,
            0.43432957,
            0.39826322999999997,
            0.43249084000000004,
            0.40827499,
            0.45774519,
            0.47838522,
            0.49216040000000005,
            0.50449704,
            0.50867212,
            0.50867212,
            0.57371259,
            0.47243487000000006,
            0.54337848,
            0.49906852,
            0.49967091,
            0.48518778,
            0.51073556,
            0.49677046,
            0.50012504,
            0.50012504,
            0.54936578,
            0.49216508999999997,
            0.48909005,
            0.49214502000000004,
            0.50086911,
            0.45235067,
            0.45045737,
            0.45260786000000003,
            0.47694023,
            0.49372167,
            0.51541119,
            0.50434057,
            0.5837139200000001,
            0.5988867600000001,
            0.5241964299999999,
            0.55798207,
            0.5879636100000001,
            0.46128457,
            0.44417316,
            0.45583596000000004
        ],
        [
            0.45269843,
            0.44274943,
            0.47953159,
            0.48186123999999997,
            0.5133832899999999,
            0.48877855000000003,
            0.46658552,
            0.45675245999999997,
            0.45653172,
            0.39624844000000004,
            0.49250811,
            0.32632797,
            0.32598064000000004,
            0.42562234000000004,
            0.35204909,
            0.11456277,
            0.0,
            0.4814984,
            0.42262697,
            0.46746604999999997,
            0.46746604999999997,
            0.42204922,
            0.44379112,
            0.40772478,
            0.44195239,
            0.41773654000000005,
            0.46720674,
            0.48784677,
            0.50162195,
            0.51395859,
            0.51813367,
            0.51813367,
            0.58317414,
            0.48189642,
            0.55284003,
            0.50853007,
            0.50913246,
            0.49464933,
            0.52019711,
            0.50623201,
            0.50958659,
            0.50958659,
            0.55882733,
            0.50162664,
            0.4985516,
            0.50160657,
            0.5103306599999999,
            0.46181222,
            0.45991892,
            0.46206941,
            0.48640178,
            0.5031832199999999,
            0.52487274,
            0.51380212,
            0.59317547,
            0.60834831,
            0.53365798,
            0.56744362,
            0.59742516,
            0.47074612,
            0.45363471,
            0.46529750999999997
        ],
        [
            0.37564871,
            0.36569971,
            0.45198204999999997,
            0.4543117,
            0.48583375,
            0.46122901,
            0.43903598,
            0.42920292,
            0.42898218,
            0.4119545,
            0.50821417,
            0.38022859,
            0.37988126,
            0.5392102400000001,
            0.46563699,
            0.47203685,
            0.4814984,
            0.0,
            0.26884821,
            0.31368728999999995,
            0.31368728999999995,
            0.26827046,
            0.29001235999999997,
            0.25394602,
            0.28817362999999996,
            0.26395778000000003,
            0.31342798,
            0.33406800999999997,
            0.40412695,
            0.41646359,
            0.42063867,
            0.42063867,
            0.48567914,
            0.38440142,
            0.45534503,
            0.41103507,
            0.41163746,
            0.39715433,
            0.42270211,
            0.40873700999999996,
            0.41209158999999995,
            0.41209158999999995,
            0.46133233,
            0.40413164,
            0.4010566,
            0.40411157,
            0.41283566,
            0.36431722,
            0.36242392,
            0.36457441,
            0.38890678,
            0.40568822,
            0.42737774,
            0.41630712,
            0.49568047000000004,
            0.5108533100000001,
            0.43616298,
            0.46994862000000004,
            0.49993016000000007,
            0.37325112,
            0.35613971,
            0.36780250999999997
        ],
        [
            0.31677728,
            0.30682827999999995,
            0.39311061999999997,
            0.39544027,
            0.42696232,
            0.40235758,
            0.38016455,
            0.37033149,
            0.37011075,
            0.35308307,
            0.44934273999999996,
            0.32135716000000003,
            0.32100983,
            0.48033881,
            0.40676555999999997,
            0.41316542,
            0.42262697,
            0.26884821,
            0.0,
            0.15029188,
            0.15029188,
            0.15577527000000002,
            0.17751717,
            0.14145083,
            0.20064396,
            0.17642811000000003,
            0.22589831,
            0.24653833999999997,
            0.34525552000000004,
            0.35759216,
            0.36176724,
            0.36176724,
            0.42680771,
            0.32552999000000005,
            0.3964736,
            0.35216364,
            0.35276603,
            0.3382829,
            0.36383067999999996,
            0.34986558,
            0.35322016,
            0.35322016,
            0.4024609,
            0.34526020999999996,
            0.34218517,
            0.34524014000000003,
            0.35396423,
            0.30544579,
            0.30355249,
            0.30570298,
            0.33003535,
            0.34681679,
            0.36850631,
            0.35743569,
            0.43680904000000004,
            0.45198188000000006,
            0.37729155,
            0.41107719000000004,
            0.44105873000000007,
            0.31437969,
            0.29726828,
            0.30893108
        ],
        [
            0.36161635999999997,
            0.35166736,
            0.4379497,
            0.44027934999999996,
            0.47180140000000004,
            0.44719666,
            0.42500362999999997,
            0.41517057,
            0.41494982999999996,
            0.39792215,
            0.49418182,
            0.36619624,
            0.36584890999999997,
            0.52517789,
            0.45160464,
            0.45800450000000004,
            0.46746604999999997,
            0.31368728999999995,
            0.15029188,
            0.0,
            2e-08,
            0.20061435,
            0.22235624999999998,
            0.18628991,
            0.24548303999999999,
            0.22126719,
            0.27073738999999997,
            0.29137742,
            0.3900946,
            0.40243123999999997,
            0.40660631999999997,
            0.40660631999999997,
            0.47164679,
            0.37036907,
            0.44131268,
            0.39700272000000003,
            0.39760511,
            0.38312198,
            0.40866976,
            0.39470466,
            0.39805924,
            0.39805924,
            0.44729998000000004,
            0.39009929,
            0.38702424999999996,
            0.39007922,
            0.39880331,
            0.35028486999999997,
            0.34839157,
            0.35054206,
            0.37487443,
            0.39165587,
            0.41334539000000003,
            0.40227477,
            0.48164812,
            0.4968209600000001,
            0.42213062999999995,
            0.45591627,
            0.4858978100000001,
            0.35921877,
            0.34210735999999997,
            0.35377016
        ],
        [
            0.36161635999999997,
            0.35166736,
            0.4379497,
            0.44027934999999996,
            0.47180140000000004,
            0.44719666,
            0.42500362999999997,
            0.41517057,
            0.41494982999999996,
            0.39792215,
            0.49418182,
            0.36619624,
            0.36584890999999997,
            0.52517789,
            0.45160464,
            0.45800450000000004,
            0.46746604999999997,
            0.31368728999999995,
            0.15029188,
            2e-08,
            0.0,
            0.20061435,
            0.22235624999999998,
            0.18628991,
            0.24548303999999999,
            0.22126719,
            0.27073738999999997,
            0.29137742,
            0.3900946,
            0.40243123999999997,
            0.40660631999999997,
            0.40660631999999997,
            0.47164679,
            0.37036907,
            0.44131268,
            0.39700272000000003,
            0.39760511,
            0.38312198,
            0.40866976,
            0.39470466,
            0.39805924,
            0.39805924,
            0.44729998000000004,
            0.39009929,
            0.38702424999999996,
            0.39007922,
            0.39880331,
            0.35028486999999997,
            0.34839157,
            0.35054206,
            0.37487443,
            0.39165587,
            0.41334539000000003,
            0.40227477,
            0.48164812,
            0.4968209600000001,
            0.42213062999999995,
            0.45591627,
            0.4858978100000001,
            0.35921877,
            0.34210735999999997,
            0.35377016
        ],
        [
            0.31619953,
            0.30625053,
            0.39253287,
            0.39486252,
            0.42638457,
            0.40177983,
            0.3795868,
            0.36975374,
            0.369533,
            0.35250532,
            0.44876499,
            0.32077941,
            0.32043208,
            0.47976106,
            0.40618781,
            0.41258767,
            0.42204922,
            0.26827046,
            0.15577527000000002,
            0.20061435,
            0.20061435,
            0.0,
            0.07418642,
            0.08534852000000001,
            0.20006621,
            0.17585036,
            0.22532056,
            0.24596058999999998,
            0.34467777,
            0.35701441,
            0.36118949,
            0.36118949,
            0.42622996,
            0.32495224,
            0.39589585,
            0.35158589,
            0.35218828,
            0.33770515,
            0.36325293000000003,
            0.34928782999999997,
            0.35264240999999996,
            0.35264240999999996,
            0.40188315,
            0.34468246,
            0.34160742,
            0.34466239,
            0.35338648,
            0.30486804,
            0.30297474,
            0.30512523,
            0.3294576,
            0.34623904,
            0.36792856,
            0.35685794,
            0.43623129000000005,
            0.45140413000000007,
            0.3767138,
            0.41049944000000005,
            0.4404809800000001,
            0.31380194,
            0.29669053,
            0.30835333
        ],
        [
            0.33794143,
            0.32799243,
            0.41427476999999996,
            0.41660442,
            0.44812647,
            0.42352173,
            0.4013287,
            0.39149564,
            0.3912749,
            0.37424722,
            0.47050688999999996,
            0.34252130999999997,
            0.34217398,
            0.50150296,
            0.42792970999999996,
            0.43432957,
            0.44379112,
            0.29001235999999997,
            0.17751717,
            0.22235624999999998,
            0.22235624999999998,
            0.07418642,
            0.0,
            0.10709041999999999,
            0.22180811,
            0.19759226000000002,
            0.24706245999999998,
            0.26770248999999996,
            0.36641967,
            0.37875631,
            0.38293139,
            0.38293139,
            0.44797186,
            0.34669414,
            0.41763775,
            0.37332779,
            0.37393018,
            0.35944705,
            0.38499483,
            0.37102972999999995,
            0.37438430999999994,
            0.37438430999999994,
            0.42362505,
            0.36642436,
            0.36334932,
            0.36640428999999997,
            0.37512838,
            0.32660994,
            0.32471664,
            0.32686713,
            0.3511995,
            0.36798094,
            0.38967046,
            0.37859983999999997,
            0.45797319000000003,
            0.47314603000000005,
            0.39845569999999997,
            0.43224134000000003,
            0.46222288000000006,
            0.33554384,
            0.31843243,
            0.33009522999999996
        ],
        [
            0.30187509,
            0.29192608999999997,
            0.37820842999999993,
            0.38053808,
            0.41206012999999997,
            0.38745538999999996,
            0.36526236,
            0.35542929999999995,
