{
    "NEXUS_FILE_URL": "http://purl.org/phylo/treebase/phylows/study/TB2:S14872",
    "NEWICK_TREE": "((((((10:0.053434575427044606,11:0.05268920422428133):0.009001713130650929,((7:0.03619194386228941,9:0.031852858237772064):0.013060176104882346,8:0.08140967985538176):0.015393608792887384):0.011568752538254234,5:0.060871323569599706):0.009231156966358067,6:0.04656652927670629):0.012733937115413707,((1:0.025630640317316933,2:0.026388005483863053):0.018189630466602297,(4:0.023509573230575453,3:0.0366532906952336):0.025907743458043836):0.027465709329559856):0.0846092189406553,12:0.08460921894065528);",
    "DISTANCE_MATRIX": [
        [
            0,
            0.10612377965132594,
            0.12708201731775468,
            0.12274293169323733,
            0.15923957720596468,
            0.13487636466554948,
            0.12980272733901413,
            0.16725611529120063,
            0.16801348045774675,
            0.1728531611959007,
            0.18599687866055883,
            0.2651885730590321
        ],
        [
            0.10612377965132594,
            0,
            0.1263366461149914,
            0.12199756049047406,
            0.1584942060032014,
            0.1341309934627862,
            0.12905735613625086,
            0.16651074408843736,
            0.16726810925498348,
            0.17210778999313742,
            0.18525150745779556,
            0.26444320185626885
        ],
        [
            0.12708201731775468,
            0.1263366461149914,
            0,
            0.06804480210006147,
            0.13066179982255352,
            0.13708580486791308,
            0.13201216754137773,
            0.16946555549356423,
            0.17022292066011036,
            0.1750626013982643,
            0.18820631886292244,
            0.26739801326139573
        ],
        [
            0.12274293169323733,
            0.12199756049047406,
            0.06804480210006147,
            0,
            0.12632271419803617,
            0.13274671924339573,
            0.1276730819168604,
            0.1651264698690469,
            0.165883835035593,
            0.17072351577374695,
            0.1838672332384051,
            0.2630589276368784
        ],
        [
            0.15923957720596468,
            0.1584942060032014,
            0.13066179982255352,
            0.12632271419803617,
            0,
            0.1692433647561231,
            0.16416972742958774,
            0.20162311538177424,
            0.20238048054832036,
            0.2072201612864743,
            0.22036387875113245,
            0.29955557314960574
        ],
        [
            0.13487636466554948,
            0.1341309934627862,
            0.13708580486791308,
            0.13274671924339573,
            0.1692433647561231,
            0,
            0.11666900981266407,
            0.15412239776485057,
            0.1548797629313967,
            0.15971944366955063,
            0.17286316113420877,
            0.25205485553268203
        ],
        [
            0.12980272733901413,
            0.12905735613625086,
            0.13201216754137773,
            0.1276730819168604,
            0.16416972742958774,
            0.11666900981266407,
            0,
            0.13058644650559909,
            0.1313438116721452,
            0.13618349241029915,
            0.1493272098749573,
            0.22851890427343058
        ],
        [
            0.16725611529120063,
            0.16651074408843736,
            0.16946555549356423,
            0.1651264698690469,
            0.20162311538177424,
            0.15412239776485057,
            0.13058644650559909,
            0,
            0.052018645801179986,
            0.09323758747253852,
            0.10638130493719666,
            0.24050441799478967
        ],
        [
            0.16801348045774675,
            0.16726810925498348,
            0.17022292066011036,
            0.165883835035593,
            0.20238048054832036,
            0.1548797629313967,
            0.1313438116721452,
            0.052018645801179986,
            0,
            0.09399495263908464,
            0.10713867010374278,
            0.24126178316133579
        ],
        [
            0.1728531611959007,
            0.17210778999313742,
            0.1750626013982643,
            0.17072351577374695,
            0.2072201612864743,
            0.15971944366955063,
            0.13618349241029915,
            0.09323758747253852,
            0.09399495263908464,
            0,
            0.06016286392580905,
            0.24610146389948973
        ],
        [
            0.18599687866055883,
            0.18525150745779556,
            0.18820631886292244,
            0.1838672332384051,
            0.22036387875113245,
            0.17286316113420877,
            0.1493272098749573,
            0.10638130493719666,
            0.10713867010374278,
            0.06016286392580905,
            0,
            0.25924518136414787
        ],
        [
            0.2651885730590321,
            0.26444320185626885,
            0.26739801326139573,
            0.2630589276368784,
            0.29955557314960574,
            0.25205485553268203,
            0.22851890427343058,
            0.24050441799478967,
            0.24126178316133579,
            0.24610146389948973,
            0.25924518136414787,
            0
        ]
    ],
    "NODE_MAPPING": {
        "0": "10",
        "1": "11",
        "2": "7",
        "3": "9",
        "4": "8",
        "5": "5",
        "6": "6",
        "7": "1",
        "8": "2",
        "9": "4",
        "10": "3",
        "11": "12"
    }
}