{
    "NEXUS_FILE_URL": "http://purl.org/phylo/treebase/phylows/study/TB2:S13760",
    "NEWICK_TREE": "(34:0.264400385,(62:0.32323519,(((52:1.0E-8,53:1.0E-8):0.03335686,(43:0.01442992,(57:0.02301437,(35:0.0462719,41:0.01745561):0.0071407):0.00593486):0.00430005):0.12764737,(((44:0.03346241,54:0.01102349):0.03499318,((47:0.01085443,61:0.01921854):0.04835193,((42:0.02755214,(48:0.06795351,51:0.01708831):0.00576895):0.00719088,(9:0.02035298,((14:0.00915498,72:0.00179819,73:0.0036115):0.02237963,(23:0.02748836,(6:0.00550246,(20:0.00183283,(2:0.00182953,71:0.00179904):0.00365629):0.00184772):0.00545246):0.01430245):0.00289748):0.01671249):0.00381025):0.00518609):0.02805112,((58:0.00545538,(36:0.00181187,40:1.0E-8):0.0092449,(37:0.00545754,46:1.0E-8,50:1.0E-8):0.00544177,(49:0.00730187,(38:0.0018028,39:0.00180332,55:1.0E-8):0.00549277):0.00182361):0.03791074,((56:0.01415297,59:0.01881659):0.0555701,(10:0.02496169,60:0.02559276,(28:0.01113897,64:0.01110713,(65:0.0054194,(4:0.0036587,30:0.0018238,(32:0.00366238,(3:1.0E-8,13:0.00364529,15:1.0E-8,16:0.00181548,63:0.00179819):0.00360825):0.00363531):0.00180314):0.00550002):0.00956254,(7:0.00550007,18:0.00554066,24:0.02245806,70:0.01272038,(1:0.00219135,45:0.0034163):0.01830753,(29:1.0E-8,31:0.00180364):0.01479316,(5:0.01120845,(12:0.0036791,27:0.00362364):0.00736754):0.00745436,(8:0.00909338,(33:0.00360951,68:0.00177491):0.00359873):0.00904238,(11:0.00182264,66:0.00179935,67:1.0E-8):0.00920565,(21:1.0E-8,(22:1.0E-8,25:1.0E-8):0.00180552):0.01289171,(26:0.01462843,(17:1.0E-8,19:0.00179879):0.00730649,(69:0.00522545,74:0.05915676):0.00872058):0.00835277):0.00972111):0.02492981):7.84E-6):0.01465716):0.18481533):0.11431383):0.264400385);",
    "DISTANCE_MATRIX": [
        [
            0,
            0.85203596,
            0.8041188400000001,
            0.8041188400000001,
            0.78949194,
            0.8040112500000001,
            0.8344094800000001,
            0.8055931900000002,
            0.9244366400000001,
            0.90199772,
            0.9203735,
            0.92873761,
            0.89972041,
            0.9458907300000001,
            0.8950255300000001,
            0.9020428600000001,
            0.9161219700000001,
            0.9087651800000001,
            0.91057849,
            0.92637817,
            0.9098447300000001,
            0.90802282,
            0.91167581,
            0.9116453200000001,
            0.88595321,
            0.8915546000000001,
            0.88974274,
            0.89139714,
            0.8859396100000001,
            0.8859396100000001,
            0.8896233100000002,
            0.88961701,
            0.88961753,
            0.8878142200000001,
            0.912318,
            0.91698162,
            0.8924864300000002,
            0.8931175,
            0.88822625,
            0.8881944100000001,
            0.8880067,
            0.8880491400000001,
            0.8862142400000002,
            0.8916881300000001,
            0.89163401,
            0.89527929,
            0.89163401,
            0.8934494800000001,
            0.89343219,
            0.8827459200000001,
            0.8827865100000001,
            0.8997039100000002,
            0.8899662300000002,
            0.8977447300000001,
            0.89896968,
            0.8920390200000001,
            0.8938426500000001,
            0.8959086600000001,
            0.8957468500000001,
            0.8956913900000001,
            0.89538161,
            0.8934964700000001,
            0.8916618700000001,
            0.88827414,
            0.8882508500000001,
            0.8864515100000001,
            0.89013757,
            0.89194309,
            0.89194309,
            0.90022705,
            0.89290512,
            0.8947039000000001,
            0.89954465,
            0.95347596
        ],
        [
            0.85203596,
            0,
            0.5985532600000001,
            0.5985532600000001,
            0.58392636,
            0.59844567,
            0.6288439,
            0.60002761,
            0.71887106,
            0.69643214,
            0.7148079199999999,
            0.72317203,
            0.69415483,
            0.74032515,
            0.68945995,
            0.6964772800000001,
            0.71055639,
            0.7031996,
            0.70501291,
            0.72081259,
            0.7042791500000001,
            0.70245724,
            0.70611023,
            0.7060797400000001,
            0.68038763,
            0.6859890200000001,
            0.68417716,
            0.68583156,
            0.6803740300000001,
            0.6803740300000001,
            0.68405773,
            0.68405143,
            0.68405195,
            0.6822486400000001,
            0.7067524199999999,
            0.71141604,
            0.68692085,
            0.68755192,
            0.68266067,
            0.6826288300000001,
            0.68244112,
            0.68248356,
            0.68064866,
            0.68612255,
            0.68606843,
            0.6897137099999999,
            0.68606843,
            0.6878839,
            0.6878666099999999,
            0.67718034,
            0.67722093,
            0.69413833,
            0.68440065,
            0.6921791500000001,
            0.6934041,
            0.68647344,
            0.68827707,
            0.69034308,
            0.6901812700000001,
            0.6901258100000001,
            0.68981603,
            0.6879308900000001,
            0.68609629,
            0.68270856,
            0.68268527,
            0.6808859300000001,
            0.68457199,
            0.68637751,
            0.68637751,
            0.69466147,
            0.68733954,
            0.6891383200000001,
            0.6939790699999999,
            0.74791038
        ],
        [
            0.8041188400000001,
            0.5985532600000001,
            0,
            2e-08,
            0.05208684,
            0.06660615,
            0.09700438,
            0.06818809,
            0.44232628,
            0.41988736000000004,
            0.43826314,
            0.44662725000000003,
            0.41761005,
            0.46378037,
            0.41291517,
            0.41993250000000004,
            0.43401161,
            0.42665482,
            0.42846813000000006,
            0.44426781000000004,
            0.42773437000000003,
            0.42591246000000005,
            0.42956545,
            0.42953496,
            0.40384285000000003,
            0.40944424,
            0.40763238,
            0.40928678,
            0.40382925000000003,
            0.40382925000000003,
            0.40751295,
            0.40750665,
            0.40750717000000003,
            0.40570386,
            0.43020764,
            0.43487126000000004,
            0.41037607000000004,
            0.41100714000000005,
            0.40611589000000003,
            0.40608405000000003,
            0.40589634,
            0.40593878000000005,
            0.40410388,
            0.40957777,
            0.40952365,
            0.41316893,
            0.40952365,
            0.41133912,
            0.41132183,
            0.40063556,
            0.40067615,
            0.41759355000000004,
            0.40785587,
            0.41563437000000003,
            0.41685932000000003,
            0.40992866,
            0.41173229,
            0.4137983,
            0.41363649,
            0.41358103,
            0.41327125000000003,
            0.41138611,
            0.40955151,
            0.40616378000000003,
            0.40614049,
            0.40434115000000004,
            0.40802721000000003,
            0.40983273000000003,
            0.40983273000000003,
            0.41811669,
            0.41079476000000004,
            0.41259354000000004,
            0.41743429,
            0.47136560000000005
        ],
        [
            0.8041188400000001,
            0.5985532600000001,
            2e-08,
            0,
            0.05208684,
            0.06660615,
            0.09700438,
            0.06818809,
            0.44232628,
            0.41988736000000004,
            0.43826314,
            0.44662725000000003,
            0.41761005,
            0.46378037,
            0.41291517,
            0.41993250000000004,
            0.43401161,
            0.42665482,
            0.42846813000000006,
            0.44426781000000004,
            0.42773437000000003,
            0.42591246000000005,
            0.42956545,
            0.42953496,
            0.40384285000000003,
            0.40944424,
            0.40763238,
            0.40928678,
            0.40382925000000003,
            0.40382925000000003,
            0.40751295,
            0.40750665,
            0.40750717000000003,
            0.40570386,
            0.43020764,
            0.43487126000000004,
            0.41037607000000004,
            0.41100714000000005,
            0.40611589000000003,
            0.40608405000000003,
            0.40589634,
            0.40593878000000005,
            0.40410388,
            0.40957777,
            0.40952365,
            0.41316893,
            0.40952365,
            0.41133912,
            0.41132183,
            0.40063556,
            0.40067615,
            0.41759355000000004,
            0.40785587,
            0.41563437000000003,
            0.41685932000000003,
            0.40992866,
            0.41173229,
            0.4137983,
            0.41363649,
            0.41358103,
            0.41327125000000003,
            0.41138611,
            0.40955151,
            0.40616378000000003,
            0.40614049,
            0.40434115000000004,
            0.40802721000000003,
            0.40983273000000003,
            0.40983273000000003,
            0.41811669,
            0.41079476000000004,
            0.41259354000000004,
            0.41743429,
            0.47136560000000005
        ],
        [
            0.78949194,
            0.58392636,
            0.05208684,
            0.05208684,
            0,
            0.04337915,
            0.07377738,
            0.04496109,
            0.42769938,
            0.40526046000000004,
            0.42363624,
            0.43200035000000003,
            0.40298315,
            0.44915347,
            0.39828827,
            0.40530560000000004,
            0.41938471,
            0.41202792,
            0.41384123000000006,
            0.42964091000000004,
            0.41310747000000003,
            0.41128556000000005,
            0.41493855,
            0.41490806,
            0.38921595000000003,
            0.39481734,
            0.39300548,
            0.39465988,
            0.38920235000000003,
            0.38920235000000003,
            0.39288605,
            0.39287975,
            0.39288027000000003,
            0.39107696000000003,
            0.41558074,
            0.42024436000000004,
            0.39574917000000004,
            0.39638024000000005,
            0.39148899000000004,
            0.39145715000000003,
            0.39126944,
            0.39131188000000006,
            0.38947698000000003,
            0.39495087,
            0.39489675,
            0.39854203,
            0.39489675,
            0.39671222,
            0.39669493,
            0.38600866,
            0.38604925,
            0.40296665000000004,
            0.39322897,
            0.40100747000000003,
            0.40223242000000003,
            0.39530176,
            0.39710539,
            0.3991714,
            0.39900959,
            0.39895413,
            0.39864435000000004,
            0.39675921000000003,
            0.39492461,
            0.39153688000000003,
            0.39151359,
            0.38971425000000004,
            0.39340031000000003,
            0.39520583000000004,
            0.39520583000000004,
            0.40348979,
            0.39616786000000004,
            0.39796664000000004,
            0.40280739,
            0.45673870000000005
        ],
        [
            0.8040112500000001,
            0.59844567,
            0.06660615,
            0.06660615,
            0.04337915,
            0,
            0.07642697,
            0.04761068,
            0.44221869,
            0.41977977,
            0.43815554999999995,
            0.44651966,
            0.41750246,
            0.46367278,
            0.41280757999999995,
            0.41982491,
            0.43390401999999995,
            0.42654722999999994,
            0.42836054,
            0.44416022,
            0.42762678,
            0.42580487,
            0.42945785999999997,
            0.42942737,
            0.40373526000000004,
            0.40933664999999997,
            0.40752478999999997,
            0.40917919,
            0.40372166,
            0.40372166,
            0.40740536,
            0.40739906000000004,
            0.40739958,
            0.40559627,
            0.43010004999999996,
            0.43476367000000005,
            0.41026848000000005,
            0.41089955,
            0.4060083,
            0.40597646,
            0.40578875000000003,
            0.40583119,
            0.40399629000000004,
            0.40947018,
            0.40941605999999997,
            0.41306133999999994,
            0.40941605999999997,
            0.41123153,
            0.41121423999999995,
            0.40052797,
            0.40056856,
            0.41748596000000004,
            0.40774828,
            0.41552678,
            0.41675173,
            0.40982107,
            0.41162469999999995,
            0.41369071,
            0.4135289,
            0.41347343999999997,
            0.41316366000000004,
            0.41127852,
            0.40944391999999996,
            0.40605619000000004,
            0.40603290000000003,
            0.40423356,
            0.40791962000000004,
            0.40972514000000004,
            0.40972514000000004,
            0.4180091,
            0.41068717,
            0.41248595,
            0.41732669999999994,
            0.47125801
        ],
        [
            0.8344094800000001,
            0.6288439,
            0.09700438,
            0.09700438,
            0.07377738,
            0.07642697,
            0,
            0.06372751,
            0.47261692,
            0.450178,
            0.46855378,
            0.47691789,
            0.44790069,
            0.49407101,
            0.44320581,
            0.45022314,
            0.46430224999999997,
            0.45694545999999997,
            0.45875877000000004,
            0.47455845,
            0.45802501,
            0.45620310000000003,
            0.45985609,
            0.4598256,
            0.43413349,
            0.43973488,
            0.43792302,
            0.43957742,
            0.43411989,
            0.43411989,
            0.43780359,
            0.43779729,
            0.43779781,
            0.4359945,
            0.46049828,
            0.4651619,
            0.44066671,
            0.44129778000000003,
            0.43640653,
            0.43637469,
            0.43618698,
            0.43622942,
            0.43439452,
            0.43986841,
            0.43981429,
            0.44345956999999997,
            0.43981429,
            0.44162976,
            0.44161247,
            0.43092620000000004,
            0.43096679000000004,
            0.44788419,
            0.43814651000000004,
            0.44592501,
            0.44714996,
            0.4402193,
            0.44202293,
            0.44408894,
            0.44392713,
            0.44387167,
            0.44356189,
            0.44167675,
            0.43984215,
            0.43645442,
            0.43643113,
            0.43463179,
            0.43831785,
            0.44012337,
            0.44012337,
            0.44840733,
            0.4410854,
            0.44288418,
            0.44772492999999997,
            0.50165624
        ],
        [
            0.8055931900000002,
            0.60002761,
            0.06818809,
            0.06818809,
            0.04496109,
            0.04761068,
            0.06372751,
            0,
            0.44380063000000003,
            0.42136171,
            0.43973748999999995,
            0.4481016,
            0.4190844,
            0.46525472,
            0.41438951999999996,
            0.42140685,
            0.43548595999999995,
            0.42812916999999995,
            0.42994248,
            0.44574216,
            0.42920872,
            0.42738681,
            0.4310398,
            0.43100931,
            0.40531720000000004,
            0.41091859,
            0.40910673,
            0.41076113000000003,
            0.4053036,
            0.4053036,
            0.4089873,
            0.40898100000000004,
            0.40898152,
            0.40717821,
            0.43168198999999996,
            0.43634561000000005,
            0.41185042000000005,
            0.41248149,
            0.40759024,
            0.4075584,
            0.40737069000000004,
            0.40741313,
            0.40557823000000004,
            0.41105212,
            0.410998,
            0.41464327999999995,
            0.410998,
            0.41281347,
            0.41279617999999996,
            0.40210991,
            0.4021505,
            0.41906790000000005,
            0.40933022,
            0.41710872,
            0.41833367,
            0.41140301,
            0.41320663999999996,
            0.41527265,
            0.41511084,
            0.41505538,
            0.41474560000000005,
            0.41286046,
            0.41102585999999997,
            0.40763813000000004,
            0.40761484000000003,
            0.4058155,
            0.40950156000000004,
            0.41130708000000005,
            0.41130708000000005,
            0.41959104,
            0.41226911,
            0.41406789,
            0.41890863999999994,
            0.47283995
        ],
        [
            0.9244366400000001,
            0.71887106,
            0.44232628,
            0.44232628,
            0.42769938,
            0.44221869,
            0.47261692,
            0.44380063000000003,
            0,
            0.044485899999999995,
            0.13284804,
            0.14121214999999998,
            0.11219494999999999,
            0.15836527,
            0.10750006999999999,
            0.11451739999999999,
            0.12859651,
            0.12123972,
            0.12305303000000001,
            0.13885271,
            0.12231927000000001,
            0.12049736,
            0.12415034999999999,
            0.12411986,
            0.15452999,
            0.16013138,
            0.15831952,
            0.15997392,
            0.15451639,
            0.15451639,
            0.15820009,
            0.15819379,
            0.15819431,
            0.156391,
            0.18089477999999998,
            0.1855584,
            0.16106321,
            0.16169428,
            0.15680303,
            0.15677119,
            0.15658348,
            0.15662592,
            0.15479102,
            0.16026490999999998,
            0.16021079,
            0.16385607,
            0.16021079,
            0.16202625999999998,
            0.16200896999999997,
            0.1513227,
            0.15136329,
            0.16828069,
            0.15854301,
            0.16632151,
            0.16754646,
            0.16061579999999998,
            0.16241942999999998,
            0.16448543999999998,
            0.16432363,
            0.16426817,
            0.16395839,
            0.16207325,
            0.16023864999999998,
            0.15685092,
            0.15682763,
            0.15502829,
            0.15871435,
            0.16051987,
            0.16051987,
            0.16880383,
            0.1614819,
            0.16328068,
            0.16812143,
            0.22205274
        ],
        [
            0.90199772,
            0.69643214,
            0.41988736000000004,
            0.41988736000000004,
            0.40526046000000004,
            0.41977977,
            0.450178,
            0.42136171,
            0.044485899999999995,
            0,
            0.11040912,
            0.11877323,
            0.08975602999999999,
            0.13592634999999997,
            0.08506114999999999,
            0.09207847999999999,
            0.10615759,
            0.0988008,
            0.10061411,
            0.11641379,
            0.09988035,
            0.09805844,
            0.10171142999999999,
            0.10168094,
            0.13209107,
            0.13769246,
            0.1358806,
            0.137535,
            0.13207747,
            0.13207747,
            0.13576117,
            0.13575487,
            0.13575539,
            0.13395208,
            0.15845586,
            0.16311947999999998,
            0.13862428999999998,
            0.13925536,
            0.13436411,
            0.13433227,
            0.13414456,
            0.134187,
            0.1323521,
            0.13782599,
            0.13777187,
            0.14141715,
            0.13777187,
            0.13958734,
            0.13957005,
            0.12888378,
            0.12892437,
            0.14584176999999998,
            0.13610409,
            0.14388258999999998,
            0.14510753999999998,
            0.13817688,
            0.13998051,
            0.14204652,
            0.14188471,
            0.14182925,
            0.14151946999999998,
            0.13963432999999997,
            0.13779973,
            0.134412,
            0.13438871,
            0.13258936999999998,
            0.13627543,
            0.13808094999999998,
            0.13808094999999998,
            0.14636491,
            0.13904297999999998,
            0.14084175999999998,
            0.14568251,
            0.19961382
        ],
        [
            0.9203735,
            0.7148079199999999,
            0.43826314,
            0.43826314,
            0.42363624,
            0.43815554999999995,
            0.46855378,
            0.43973748999999995,
            0.13284804,
            0.11040912,
            0,
            0.030072969999999997,
            0.09775963,
            0.14392994999999997,
            0.09306475,
            0.10008208,
            0.11416119000000001,
            0.10680440000000001,
            0.10861771,
            0.12441739,
            0.10788395,
            0.10606204,
            0.10971503,
            0.10968454,
            0.15046685,
            0.15606824,
            0.15425638,
            0.15591078,
            0.15045325,
            0.15045325,
            0.15413695,
            0.15413065,
            0.15413117,
            0.15232786,
            0.17683164,
            0.18149526,
            0.15700007,
            0.15763114,
            0.15273989000000002,
            0.15270805,
            0.15252034,
            0.15256278,
            0.15072788,
            0.15620177000000002,
            0.15614765,
            0.15979293,
            0.15614765,
            0.15796312,
            0.15794583,
            0.14725956,
            0.14730015000000002,
            0.16421755,
            0.15447987000000002,
            0.16225836999999999,
            0.16348332,
            0.15655266,
            0.15835629,
            0.16042230000000002,
            0.16026049,
            0.16020503,
            0.15989525,
            0.15801010999999998,
            0.15617551000000002,
            0.15278778,
            0.15276449,
            0.15096515,
            0.15465121,
            0.15645673,
            0.15645673,
            0.16474069,
            0.15741876,
            0.15921754,
            0.16405829,
            0.2179896
        ],
        [
            0.92873761,
            0.72317203,
            0.44662725000000003,
            0.44662725000000003,
            0.43200035000000003,
            0.44651966,
            0.47691789,
            0.4481016,
            0.14121214999999998,
            0.11877323,
            0.030072969999999997,
            0,
            0.10612374,
            0.15229405999999998,
            0.10142885999999998,
            0.10844619,
            0.1225253,
            0.11516851,
            0.11698182,
            0.1327815,
            0.11624806,
            0.11442614999999999,
            0.11807914,
            0.11804864999999999,
            0.15883096,
            0.16443235,
            0.16262049,
            0.16427489,
            0.15881736,
            0.15881736,
            0.16250106,
            0.16249476000000002,
            0.16249528,
            0.16069197,
            0.18519575,
            0.18985937,
            0.16536418,
            0.16599524999999998,
            0.161104,
            0.16107216,
            0.16088445,
            0.16092689,
            0.15909199,
            0.16456588,
            0.16451176,
            0.16815703999999998,
            0.16451176,
            0.16632723,
            0.16630994,
            0.15562367,
            0.15566426,
            0.17258166,
            0.16284398,
            0.17062248,
            0.17184743,
            0.16491677,
            0.1667204,
            0.16878641,
            0.1686246,
            0.16856914,
            0.16825936,
            0.16637422,
            0.16453962,
            0.16115189,
            0.1611286,
            0.15932926,
            0.16301532,
            0.16482084,
            0.16482084,
            0.1731048,
            0.16578287,
            0.16758165,
            0.17242239999999998,
            0.22635370999999999
        ],
        [
            0.89972041,
            0.69415483,
            0.41761005,
            0.41761005,
            0.40298315,
            0.41750246,
            0.44790069,
            0.4190844,
            0.11219494999999999,
            0.08975602999999999,
            0.09775963,
            0.10612374,
            0,
            0.10127459999999999,
            0.05040939999999999,
            0.07180849,
            0.08588760000000001,
            0.07853081,
            0.08034412,
            0.0961438,
            0.07961036,
            0.07778845,
            0.08144144,
            0.08141095,
            0.12981376,
            0.13541514999999998,
            0.13360328999999999,
            0.13525768999999999,
            0.12980016,
            0.12980016,
            0.13348385999999998,
            0.13347756,
            0.13347808,
            0.13167477,
            0.15617854999999997,
            0.16084217,
            0.13634698,
            0.13697805,
            0.1320868,
            0.13205496,
            0.13186725,
            0.13190969,
            0.13007479,
            0.13554867999999998,
            0.13549455999999999,
            0.13913984,
            0.13549455999999999,
            0.13731002999999997,
            0.13729273999999997,
            0.12660647,
            0.12664706,
            0.14356446,
            0.13382678,
            0.14160528,
            0.14283023,
            0.13589956999999997,
            0.13770319999999997,
            0.13976920999999998,
            0.1396074,
            0.13955193999999999,
            0.13924216,
            0.13735702,
            0.13552241999999998,
            0.13213469,
            0.1321114,
            0.13031206,
            0.13399812,
            0.13580364,
            0.13580364,
            0.14408759999999998,
            0.13676567,
            0.13856445,
            0.14340519999999998,
            0.19733651
        ],
        [
            0.9458907300000001,
            0.74032515,
            0.46378037,
            0.46378037,
            0.44915347,
            0.46367278,
            0.49407101,
            0.46525472,
            0.15836527,
            0.13592634999999997,
            0.14392994999999997,
            0.15229405999999998,
            0.10127459999999999,
            0,
            0.08504181999999999,
            0.11797880999999999,
            0.13205792,
            0.12470113,
            0.12651444,
            0.14231412,
            0.12578067999999998,
            0.12395876999999998,
            0.12761176,
            0.12758126999999997,
            0.17598408,
            0.18158546999999997,
            0.17977361,
            0.18142800999999997,
            0.17597047999999998,
            0.17597047999999998,
            0.17965418,
            0.17964787999999998,
            0.17964839999999999,
            0.17784508999999998,
            0.20234887,
            0.20701249,
            0.1825173,
            0.18314837,
            0.17825712,
            0.17822527999999999,
            0.17803757,
            0.17808000999999998,
            0.17624510999999998,
            0.181719,
            0.18166487999999997,
            0.18531016,
            0.18166487999999997,
            0.18348035,
            0.18346305999999998,
            0.17277678999999999,
            0.17281738,
            0.18973478,
            0.1799971,
            0.1877756,
            0.18900055,
            0.18206988999999998,
            0.18387351999999998,
            0.18593953,
            0.18577771999999998,
            0.18572225999999997,
            0.18541248,
            0.18352733999999998,
            0.18169274,
            0.17830500999999999,
            0.17828172,
            0.17648238,
            0.18016843999999999,
            0.18197396,
            0.18197396,
            0.19025791999999997,
            0.18293599,
            0.18473477,
            0.18957552,
            0.24350683
        ],
        [
            0.8950255300000001,
            0.68945995,
            0.41291517,
            0.41291517,
            0.39828827,
            0.41280757999999995,
            0.44320581,
            0.41438951999999996,
            0.10750006999999999,
            0.08506114999999999,
            0.09306475,
            0.10142885999999998,
            0.05040939999999999,
            0.08504181999999999,
            0,
            0.06711361,
            0.08119272000000001,
            0.07383593000000001,
            0.07564924,
            0.09144892,
            0.07491548,
            0.07309357,
            0.07674656,
            0.07671607,
            0.12511888,
            0.13072026999999997,
            0.12890841,
            0.13056280999999997,
            0.12510527999999999,
            0.12510527999999999,
            0.12878898,
            0.12878267999999998,
            0.1287832,
            0.12697988999999998,
            0.15148367,
            0.15614729,
            0.1316521,
            0.13228317,
            0.12739192,
            0.12736008,
            0.12717237,
            0.12721480999999998,
            0.12537990999999998,
            0.1308538,
            0.13079967999999997,
            0.13444496,
            0.13079967999999997,
            0.13261515,
            0.13259785999999998,
            0.12191158999999999,
            0.12195218,
            0.13886958,
            0.1291319,
            0.1369104,
            0.13813535,
            0.13120468999999998,
            0.13300831999999999,
            0.13507433,
            0.13491251999999998,
            0.13485705999999997,
            0.13454728,
            0.13266213999999998,
            0.13082754,
            0.12743981,
            0.12741652,
            0.12561718,
            0.12930323999999999,
            0.13110876,
            0.13110876,
            0.13939271999999997,
            0.13207079,
            0.13386957,
            0.13871032,
            0.19264163
        ],
        [
            0.9020428600000001,
            0.6964772800000001,
            0.41993250000000004,
            0.41993250000000004,
            0.40530560000000004,
            0.41982491,
            0.45022314,
            0.42140685,
            0.11451739999999999,
            0.09207847999999999,
            0.10008208,
            0.10844619,
            0.07180849,
            0.11797880999999999,
            0.06711361,
            0,
            0.054785070000000005,
            0.04742828,
            0.04924159,
            0.06504127,
            0.04850783,
            0.04668592,
            0.05033891,
            0.05030842,
            0.13213621,
            0.1377376,
            0.13592574,
            0.13758014,
            0.13212261,
            0.13212261,
            0.13580630999999999,
            0.13580001,
            0.13580053,
            0.13399722,
            0.158501,
            0.16316461999999998,
            0.13866942999999998,
            0.1393005,
            0.13440925,
            0.13437741,
            0.1341897,
            0.13423214,
            0.13239724,
            0.13787113,
            0.13781701,
            0.14146229,
            0.13781701,
            0.13963248,
            0.13961519,
            0.12892892,
            0.12896951,
            0.14588690999999998,
            0.13614923,
            0.14392772999999998,
            0.14515267999999998,
            0.13822202,
            0.14002565,
            0.14209166,
            0.14192985,
            0.14187439,
            0.14156460999999998,
            0.13967946999999997,
            0.13784487,
            0.13445714,
            0.13443385,
            0.13263450999999998,
            0.13632057,
            0.13812608999999998,
            0.13812608999999998,
            0.14641004999999999,
            0.13908811999999998,
            0.14088689999999998,
            0.14572765,
            0.19965896
        ],
        [
            0.9161219700000001,
            0.71055639,
            0.43401161,
            0.43401161,
            0.41938471,
            0.43390401999999995,
            0.46430224999999997,
            0.43548595999999995,
            0.12859651,
            0.10615759,
            0.11416119000000001,
            0.1225253,
            0.08588760000000001,
            0.13205792,
            0.08119272000000001,
            0.054785070000000005,
            0,
            0.01095317,
            0.01276648,
            0.07332542,
            0.056791980000000006,
            0.05497007,
            0.058623060000000005,
            0.058592570000000004,
            0.14621532,
            0.15181671,
            0.15000485,
            0.15165925,
            0.14620172,
            0.14620172,
            0.14988542,
            0.14987912,
            0.14987964,
            0.14807633,
            0.17258011,
            0.17724373,
            0.15274854,
            0.15337961,
            0.14848836,
            0.14845652,
            0.14826881,
            0.14831125,
            0.14647635,
            0.15195024000000001,
            0.15189612,
            0.1555414,
            0.15189612,
            0.15371159,
            0.1536943,
            0.14300803,
            0.14304862000000002,
            0.15996602,
            0.15022834000000002,
            0.15800683999999998,
            0.15923178999999998,
            0.15230113,
            0.15410476,
            0.15617077000000001,
            0.15600896,
            0.1559535,
            0.15564371999999999,
            0.15375857999999998,
            0.15192398000000001,
            0.14853625,
            0.14851296,
            0.14671362,
            0.15039968,
            0.15220519999999998,
            0.15220519999999998,
            0.16048916,
            0.15316723,
            0.15496601,
            0.15980676,
            0.21373807
        ],
        [
            0.9087651800000001,
            0.7031996,
            0.42665482,
            0.42665482,
            0.41202792,
            0.42654722999999994,
            0.45694545999999997,
            0.42812916999999995,
            0.12123972,
            0.0988008,
            0.10680440000000001,
            0.11516851,
            0.07853081,
            0.12470113,
            0.07383593000000001,
            0.04742828,
            0.01095317,
            0,
            0.00540969,
            0.06596863,
            0.049435190000000004,
            0.04761328,
            0.05126627,
            0.05123578,
            0.13885853,
            0.14445992,
            0.14264806,
            0.14430246,
            0.13884493,
            0.13884493,
            0.14252863,
            0.14252233,
            0.14252285,
            0.14071954,
            0.16522332,
            0.16988694,
            0.14539175,
            0.14602282,
            0.14113157,
            0.14109973,
            0.14091202,
            0.14095446,
            0.13911956,
            0.14459345,
            0.14453933,
            0.14818461,
            0.14453933,
            0.1463548,
            0.14633751,
            0.13565124,
            0.13569183,
            0.15260922999999998,
            0.14287155,
            0.15065004999999998,
            0.15187499999999998,
            0.14494434,
            0.14674797,
            0.14881398,
            0.14865217,
            0.14859671,
            0.14828692999999998,
            0.14640178999999998,
            0.14456719,
            0.14117946,
            0.14115617,
            0.13935683,
            0.14304289,
            0.14484840999999998,
            0.14484840999999998,
            0.15313237,
            0.14581043999999999,
            0.14760921999999999,
            0.15244997,
            0.20638128
        ],
        [
            0.91057849,
            0.70501291,
            0.42846813000000006,
            0.42846813000000006,
            0.41384123000000006,
            0.42836054,
            0.45875877000000004,
            0.42994248,
            0.12305303000000001,
            0.10061411,
            0.10861771,
            0.11698182,
            0.08034412,
            0.12651444,
            0.07564924,
            0.04924159,
            0.01276648,
            0.00540969,
            0,
            0.06778194,
            0.0512485,
            0.04942659,
            0.05307958,
            0.05304909,
            0.14067184000000002,
            0.14627323,
            0.14446137,
            0.14611577,
            0.14065824000000002,
            0.14065824000000002,
            0.14434194,
            0.14433564000000002,
            0.14433616000000002,
            0.14253285000000002,
            0.16703663000000002,
            0.17170025,
            0.14720506,
            0.14783613,
            0.14294488000000002,
            0.14291304000000002,
            0.14272533,
            0.14276777000000002,
            0.14093287000000002,
            0.14640676000000002,
            0.14635264,
            0.14999792,
            0.14635264,
            0.14816811000000002,
            0.14815082000000002,
            0.13746455000000002,
            0.13750514000000003,
            0.15442254,
            0.14468486000000003,
            0.15246336,
            0.15368831,
            0.14675765000000002,
            0.14856128000000002,
            0.15062729000000002,
            0.15046548,
            0.15041002,
            0.15010024,
            0.1482151,
            0.14638050000000002,
            0.14299277000000002,
            0.14296948,
            0.14117014,
            0.14485620000000002,
            0.14666172,
            0.14666172,
            0.15494568,
            0.14762375,
            0.14942253,
            0.15426328,
            0.20819459
        ],
        [
            0.92637817,
            0.72081259,
            0.44426781000000004,
            0.44426781000000004,
            0.42964091000000004,
            0.44416022,
            0.47455845,
            0.44574216,
            0.13885271,
            0.11641379,
            0.12441739,
            0.1327815,
