{
    "NEXUS_FILE_URL": "http://purl.org/phylo/treebase/phylows/study/TB2:S15442",
    "NEWICK_TREE": "((22:0.0013155208978676057,((13:0.00464155430997667,((((39:0.0013291014196486343,(((((5:0.01220613043452066,1:0.20958968156906768):0.02054733906505229,(24:0.0026739305255366725,((28:0.0074806790411816254,34:0.004572439392923672):0.001307019222280306,12:0.004421979287868937):8.470676947681553E-4):0.0014920073850095013):0.0019856044966437103,38:0.006479081863614238):0.001347571919870282,18:0.004516913395797411):0.004145894968377742,(25:0.005967856063996787,37:0.0033147290833078205):1.44208285309148E-6):6.548939487631955E-4):0.0013084083464457014,(40:0.0013090270616322587,(14:0.00808375964096399,42:0.002647799623376416):0.0019966470468270143):0.0039890313515194):1.44208285309148E-6,(27:0.00941995334715138,(9:0.005332076457207224,(6:0.003298355388245718,17:0.0046337744046097105):1.44208285309148E-6):0.001980899203903791):1.44208285309148E-6):0.0019776164740619843,((11:0.0046538143579782695,30:0.004637659405165518):1.44208285309148E-6,21:1.44208285309148E-6):1.44208285309148E-6):6.559271963937785E-4):1.44208285309148E-6,((((8:0.005306801311494994,(((41:0.0074539763329439426,10:0.0054398392014463745):0.0012508405489033427,7:0.006046706277593623):0.0012653790382744431,32:0.0019782861369056267):1.44208285309148E-6):6.556765429822468E-4,15:0.004651557442741262):6.548554050832121E-4,(36:0.007389208773317873,29:0.004008197610175727):0.001967543418912414):0.0013213796271231194,((33:0.003980336693085515,19:0.0026542202111303963):0.0019837529097765268,(((31:0.009848097804690752,35:0.0029826793606718763):0.0019460200977184706,(16:0.002648342203866011,20:0.0019934596562160233):3.487217686618811E-4):9.5559523475145E-4,((4:6.559695691654688E-4,3:0.0013157580142226088):1.44208285309148E-6,2:1.44208285309148E-6):6.57498365435298E-4):6.556538573112071E-4):1.44208285309148E-6):1.44208285309148E-6):6.595865364280978E-4):0.0030896076672503455,23:0.0022438518334960147,26:0.002608122116471343);",
    "DISTANCE_MATRIX": [
        [
            0.0,
            0.006618103827125465,
            0.0072490450365519845,
            0.046807378450131235,
            0.24419092958467825,
            0.01821984686110445,
            0.025180682293797867,
            0.022272442645539917,
            0.02081496331820487,
            0.018547386317528804,
            0.015237645929841698,
            0.012544135712516424,
            0.00989100873182746,
            0.009909593683609308,
            0.01868097330976805,
            0.013245013292180481,
            0.01403148861760903,
            0.011924510931568665,
            0.00989223194546025,
            0.011227650961824242,
            0.0072891752372270255,
            0.007273020284414274,
            0.002635360879248756,
            0.009915262403832368,
            0.014580099095312195,
            0.012565961963814628,
            0.011921988491058532,
            0.006588189312096091,
            0.008604341992096387,
            0.012654681336502202,
            0.009273670173360055,
            0.007942081202863929,
            0.006615964720908809,
            0.015383358594473765,
            0.00851794015045489,
            0.006586304664592435,
            0.0059314221169424475,
            0.003948555474766952,
            0.004608343919824092,
            0.0032925859056014833,
            0.006648980398613965,
            0.007013250681589294
        ],
        [
            0.006618103827125465,
            0.0,
            0.009914049829379861,
            0.049472383242959106,
            0.24685593437750614,
            0.020884851653932328,
            0.027845687086625742,
            0.024937447438367795,
            0.02347996811103275,
            0.02121239111035668,
            0.017902650722669573,
            0.015209140505344299,
            0.012556013524655334,
            0.012574598476437182,
            0.021345978102595926,
            0.015910018085008356,
            0.016696493410436906,
            0.01458951572439654,
            0.012557236738288124,
            0.013892655754652117,
            0.009954180030054901,
            0.00993802507724215,
            0.005300365672076632,
            0.012583151362366426,
            0.017247988053846253,
            0.015233850922348685,
            0.01458987744959259,
            0.00925607827063015,
            0.011272230950630447,
            0.01532257029503626,
            0.011941559131894113,
            0.010609970161397987,
            0.009283853679442868,
            0.018051247553007823,
            0.011185829108988948,
            0.009254193623126494,
            0.008599311075476505,
            0.0066164444333010105,
            0.007276232878358151,
            0.005960474864135541,
            0.01063604243000422,
            0.011000312712979549
        ],
        [
            0.0072490450365519845,
            0.009914049829379861,
            0.0,
            0.04221653625287652,
            0.23960008738742353,
            0.013629004663849737,
            0.020589840096543154,
            0.017681600448285203,
            0.016224121120950157,
            0.013956544120274092,
            0.010646803732586982,
            0.007953293515261708,
            0.005300166534572742,
            0.007935568179245994,
            0.016706947805404743,
            0.011270987787817167,
            0.012060347278951899,
            0.009953369592911534,
            0.007921090606803119,
            0.009256509623167111,
            0.009273266846693863,
            0.009257111893881113,
            0.0046194524887155945,
            0.013214092571792947,
            0.017878929263272773,
            0.015864792131775204,
            0.01522081865901911,
            0.009887019480056668,
            0.011903172160056966,
            0.01595351150446278,
            0.012572500341320632,
            0.011240911370824506,
            0.009914794888869389,
            0.018682188762434344,
            0.011816770318415468,
            0.009885134832553013,
            0.009230252284903026,
            0.0072473856427275295,
            0.00790717408778467,
            0.006591416073562061,
            0.01126698363943074,
            0.01163125392240607
        ],
        [
            0.046807378450131235,
            0.049472383242959106,
            0.04221653625287652,
            0.0,
            0.22179581200358833,
            0.03691940741011913,
            0.04388024284281254,
            0.04097200319455459,
            0.03951452386721955,
            0.0412181558598309,
            0.040603559311884356,
            0.046201839031314564,
            0.0435487120506256,
            0.047493901592825245,
            0.05626528121898399,
            0.05082932120139642,
            0.051618680692531144,
            0.049511703006490784,
            0.04747942402038237,
            0.04881484303674636,
            0.04883160026027311,
            0.04881544530746036,
            0.04417778590229484,
            0.05277242598537219,
            0.05743726267685202,
            0.05542312554535445,
            0.054779152072598356,
            0.04944535289363591,
            0.05146150557363621,
            0.05551184491804202,
            0.05213083375489988,
            0.05079924478440375,
            0.049473128302448634,
            0.05824052217601359,
            0.05137510373199471,
            0.04944346824613226,
            0.048788585698482274,
            0.046805719056306774,
            0.04746550750136391,
            0.0461497494871413,
            0.05082531705300999,
            0.05118958733598532
        ],
        [
            0.24419092958467825,
            0.24685593437750614,
            0.23960008738742353,
            0.22179581200358833,
            0.0,
            0.23430295854466615,
            0.24126379397735956,
            0.2383555543291016,
            0.23689807500176657,
            0.2386017069943779,
            0.23798711044643137,
            0.2435853901658616,
            0.24093226318517263,
            0.24487745272737224,
            0.253648832353531,
            0.2482128723359434,
            0.24900223182707817,
            0.2468952541410378,
            0.24486297515492939,
            0.24619839417129338,
            0.24621515139482011,
            0.24619899644200738,
            0.24156133703684185,
            0.2501559771199192,
            0.25482081381139904,
            0.2528066766799015,
            0.2521627032071454,
            0.24682890402818294,
            0.24884505670818324,
            0.25289539605258904,
            0.2495143848894469,
            0.2481827959189508,
            0.24685667943699569,
            0.25562407331056064,
            0.24875865486654175,
            0.2468270193806793,
            0.2461721368330293,
            0.24418927019085382,
            0.24484905863591094,
            0.24353330062168835,
            0.248208868187557,
            0.24857313847053233
        ],
        [
            0.01821984686110445,
            0.020884851653932328,
            0.013629004663849737,
            0.03691940741011913,
            0.23430295854466615,
            0.0,
            0.012308696483766758,
            0.009400456835508806,
            0.007942977508173766,
            0.012630624270804122,
            0.012016027722857578,
            0.017614307442287785,
            0.01496118046159882,
            0.01890637000379846,
            0.02767774962995721,
            0.022241789612369636,
            0.023031149103504366,
            0.020924171417464003,
            0.018891892431355587,
            0.02022731144771958,
            0.020244068671246333,
            0.02022791371843358,
            0.015590254313268062,
            0.02418489439634541,
            0.028849731087825237,
            0.026835593956327668,
            0.026191620483571574,
            0.020857821304609135,
            0.02287397398460943,
            0.026924313329015244,
            0.023543302165873095,
            0.022211713195376973,
            0.020885596713421852,
            0.029652990586986807,
            0.02278757214296793,
            0.02085593665710548,
            0.02020105410945549,
            0.018218187467279993,
            0.018877975912337135,
            0.017562217898114525,
            0.022237785463983202,
            0.022602055746958533
        ],
        [
            0.025180682293797867,
            0.027845687086625742,
            0.020589840096543154,
            0.04388024284281254,
            0.24126379397735956,
            0.012308696483766758,
            0.0,
            0.012053118434105298,
            0.01320967755133087,
            0.019591459703497537,
            0.018976863155550992,
            0.0245751428749812,
            0.021922015894292234,
            0.02586720543649188,
            0.03463858506265063,
            0.029202625045063053,
            0.029991984536197783,
            0.027885006850157417,
            0.025852727864049005,
            0.027188146880412996,
            0.027204904103939748,
            0.027188749151126998,
            0.02255108974596148,
            0.031145729829038828,
            0.03581056652051866,
            0.03379642938902109,
            0.03315245591626499,
            0.02781865673730255,
            0.02983480941730285,
            0.03388514876170866,
            0.030504137598566516,
            0.029172548628070387,
            0.02784643214611527,
            0.036613826019680225,
            0.02974840757566135,
            0.027816772089798894,
            0.027161889542148907,
            0.02517902289997341,
            0.025838811345030552,
            0.024523053330807943,
            0.02919862089667662,
            0.02956289117965195
        ],
        [
            0.022272442645539917,
            0.024937447438367795,
            0.017681600448285203,
            0.04097200319455459,
            0.2383555543291016,
            0.009400456835508806,
            0.012053118434105298,
            0.0,
            0.010301437903072915,
            0.016683220055239582,
            0.016068623507293038,
            0.02166690322672325,
            0.019013776246034283,
            0.022958965788233927,
            0.03173034541439268,
            0.026294385396805103,
            0.027083744887939833,
            0.024976767201899466,
            0.02294448821579105,
            0.024279907232155045,
            0.0242966644556818,
            0.024280509502869047,
            0.01964285009770353,
            0.028237490180780877,
            0.032902326872260704,
            0.030888189740763135,
            0.03024421626800704,
            0.024910417089044602,
            0.026926569769044898,
            0.03097690911345071,
            0.027595897950308562,
            0.02626430897981244,
            0.02493819249785732,
            0.03370558637142228,
            0.0268401679274034,
            0.024908532441540947,
            0.024253649893890956,
            0.02227078325171546,
            0.0229305716967726,
            0.021614813682549992,
            0.02629038124841867,
            0.026654651531394
        ],
        [
            0.02081496331820487,
            0.02347996811103275,
            0.016224121120950157,
            0.03951452386721955,
            0.23689807500176657,
            0.007942977508173766,
            0.01320967755133087,
            0.010301437903072915,
            0.0,
            0.015225740727904544,
            0.014611144179957998,
            0.020209423899388207,
            0.01755629691869924,
            0.021501486460898882,
            0.03027286608705763,
            0.024836906069470057,
            0.025626265560604787,
            0.02351928787456442,
            0.021487008888456005,
            0.02282242790482,
            0.022839185128346755,
            0.022823030175534,
            0.018185370770368484,
            0.02678001085344583,
            0.03144484754492566,
            0.02943071041342809,
            0.028786736940671995,
            0.023452937761709557,
            0.025469090441709853,
            0.029519429786115665,
            0.026138418622973517,
            0.024806829652477394,
            0.023480713170522274,
            0.03224810704408723,
            0.025382688600068353,
            0.0234510531142059,
            0.02279617056655591,
            0.020813303924380414,
            0.021473092369437556,
            0.020157334355214947,
            0.024832901921083624,
            0.025197172204058954
        ],
        [
            0.018547386317528804,
            0.02121239111035668,
            0.013956544120274092,
            0.0412181558598309,
            0.2386017069943779,
            0.012630624270804122,
            0.019591459703497537,
            0.016683220055239582,
            0.015225740727904544,
            0.0,
            0.012343567179281931,
            0.01794184689871214,
            0.015288719918023174,
            0.01923390946022282,
            0.028005289086381564,
            0.02256932906879399,
            0.023358688559928724,
            0.021251710873888358,
            0.019219431887779942,
            0.020554850904143933,
            0.020571608127670685,
            0.020555453174857935,
            0.015917793769692417,
            0.024512433852769765,
            0.02917727054424959,
            0.027163133412752026,
            0.02651915993999593,
            0.021185360761033487,
            0.023201513441033786,
            0.0272518527854396,
            0.023870841622297453,
            0.022539252651801324,
            0.021213136169846207,
            0.029980530043411162,
            0.023115111599392286,
            0.02118347611352983,
            0.020528593565879844,
            0.018545726923704348,
            0.01920551536876149,
            0.01788975735453888,
            0.022565324920407557,
            0.022929595203382887
        ],
        [
            0.015237645929841698,
            0.017902650722669573,
            0.010646803732586982,
            0.040603559311884356,
            0.23798711044643137,
            0.012016027722857578,
            0.018976863155550992,
            0.016068623507293038,
            0.014611144179957998,
            0.012343567179281931,
            0.0,
            0.01463210651102503,
            0.011978979530336064,
            0.01592416907253571,
            0.024695548698694454,
            0.01925958868110688,
            0.020048948172241614,
            0.017941970486201247,
            0.015909691500092832,
            0.017245110516456823,
            0.017261867739983575,
            0.017245712787170825,
            0.012608053382005307,
            0.021202693465082658,
            0.025867530156562485,
            0.023853393025064916,
            0.023209419552308822,
            0.017875620373346383,
            0.01989177305334668,
            0.023942112397752492,
            0.020561101234610343,
            0.01922951226411422,
            0.0179033957821591,
            0.026670789655724055,
            0.01980537121170518,
            0.017873735725842728,
            0.017218853178192738,
            0.015235986536017243,
            0.015895774981074383,
            0.014580016966851773,
            0.01925558453272045,
            0.01961985481569578
        ],
        [
            0.012544135712516424,
            0.015209140505344299,
            0.007953293515261708,
            0.046201839031314564,
            0.2435853901658616,
            0.017614307442287785,
            0.0245751428749812,
            0.02166690322672325,
            0.020209423899388207,
            0.01794184689871214,
            0.01463210651102503,
            0.0,
            0.009282585147304607,
            0.013230658855210433,
            0.022002038481369182,
            0.01656607846378161,
            0.01735543795491634,
            0.015248460268875972,
            0.013216181282767558,
            0.01455160029913155,
            0.014568357522658303,
            0.014552202569845551,
            0.009914543164680033,
            0.018509183247757383,
            0.023174019939237213,
            0.021159882807739644,
            0.020515909334983547,
            0.015182110156021108,
            0.017198262836021404,
            0.02124860218042722,
            0.01786759101728507,
            0.016536002046788945,
            0.015209885564833827,
            0.02397727943839878,
            0.017111860994379908,
            0.015180225508517452,
            0.014525342960867466,
            0.012542476318691969,
            0.013202264763749109,
            0.0118865067495265,
            0.01656207431539518,
            0.01692634459837051
        ],
        [
            0.00989100873182746,
            0.012556013524655334,
            0.005300166534572742,
            0.0435487120506256,
            0.24093226318517263,
            0.01496118046159882,
            0.021922015894292234,
            0.019013776246034283,
            0.01755629691869924,
            0.015288719918023174,
            0.011978979530336064,
            0.009282585147304607,
            0.0,
            0.010577531874521467,
            0.019348911500680216,
            0.013912951483092642,
            0.014702310974227372,
            0.012595333288187007,
            0.010563054302078594,
            0.011898473318442584,
            0.011915230541969338,
            0.011899075589156587,
            0.007261416183991069,
            0.01585605626706842,
            0.020520892958548247,
            0.018506755827050678,
            0.017862782354294584,
            0.012528983175332143,
            0.014545135855332441,
            0.018595475199738254,
            0.015214464036596107,
            0.01388287506609998,
            0.012556758584144862,
            0.021324152457709817,
            0.014458734013690942,
            0.012527098527828488,
            0.0118722159801785,
            0.009889349338003004,
            0.010549137783060145,
            0.009233379768837535,
            0.013908947334706214,
            0.014273217617681543
        ],
        [
            0.009909593683609308,
            0.012574598476437182,
            0.007935568179245994,
            0.047493901592825245,
            0.24487745272737224,
            0.01890637000379846,
            0.02586720543649188,
            0.022958965788233927,
            0.021501486460898882,
            0.01923390946022282,
            0.01592416907253571,
            0.013230658855210433,
            0.010577531874521467,
            0.0,
            0.011389433749423264,
            0.00595347373183569,
            0.014720895926009222,
            0.012613918239968856,
            0.010581639253860442,
            0.011917058270224434,
            0.011933815493751186,
            0.011917660540938435,
            0.007280001135772917,
            0.015874641218850266,
            0.020539477910330096,
            0.018525340778832527,
            0.01788136730607643,
            0.012547568127113991,
            0.014563720807114287,
            0.018614060151520104,
            0.015233048988377955,
            0.013901460017881829,
            0.01257534353592671,
            0.021342737409491663,
            0.014477318965472791,
            0.012545683479610336,
            0.01189080093196035,
            0.009907934289784853,
            0.010567722734841993,
            0.009251964720619383,
            0.013927532286488064,
            0.014291802569463392
        ],
        [
            0.01868097330976805,
            0.021345978102595926,
            0.016706947805404743,
            0.05626528121898399,
            0.253648832353531,
            0.02767774962995721,
            0.03463858506265063,
            0.03173034541439268,
            0.03027286608705763,
            0.028005289086381564,
            0.024695548698694454,
            0.022002038481369182,
            0.019348911500680216,
            0.011389433749423264,
            0.0,
            0.010731559264340405,
            0.02349227555216797,
            0.021385297866127605,
            0.01935301888001919,
            0.02068843789638318,
            0.020705195119909932,
            0.020689040167097182,
            0.016051380761931664,
            0.024646020845009012,
            0.02931085753648884,
            0.027296720404991273,
            0.026652746932235176,
            0.021318947753272734,
            0.023335100433273033,
            0.027385439777678846,
            0.0240044286145367,
            0.02267283964404057,
            0.021346723162085454,
            0.03011411703565041,
            0.023248698591631534,
            0.021317063105769078,
            0.02066218055811909,
            0.018679313915943595,
            0.019339102361000737,
            0.018023344346778127,
            0.022698911912646804,
            0.023063182195622135
        ],
        [
            0.013245013292180481,
            0.015910018085008356,
            0.011270987787817167,
            0.05082932120139642,
            0.2482128723359434,
            0.022241789612369636,
            0.029202625045063053,
            0.026294385396805103,
            0.024836906069470057,
            0.02256932906879399,
            0.01925958868110688,
            0.01656607846378161,
            0.013912951483092642,
            0.00595347373183569,
            0.010731559264340405,
            0.0,
            0.018056315534580397,
            0.01594933784854003,
            0.013917058862431615,
            0.015252477878795608,
            0.01526923510232236,
            0.015253080149509608,
            0.01061542074434409,
            0.01921006082742144,
            0.02387489751890127,
            0.0218607603874037,
            0.021216786914647606,
            0.015882987735685167,
            0.017899140415685463,
            0.021949479760091276,
            0.018568468596949127,
            0.017236879626453004,
            0.015910763144497884,
            0.02467815701806284,
            0.017812738574043963,
            0.01588110308818151,
            0.015226220540531521,
            0.013243353898356026,
            0.013903142343413166,
            0.012587384329190557,
            0.017262951895059234,
            0.017627222178034564
        ],
        [
            0.01403148861760903,
            0.016696493410436906,
            0.012060347278951899,
            0.051618680692531144,
            0.24900223182707817,
            0.023031149103504366,
            0.029991984536197783,
            0.027083744887939833,
            0.025626265560604787,
            0.023358688559928724,
            0.020048948172241614,
            0.01735543795491634,
            0.014702310974227372,
            0.014720895926009222,
            0.02349227555216797,
            0.018056315534580397,
            0.0,
            0.016732929008262395,
            0.014700650022153981,
            0.016036069038517974,
            0.01605571042775091,
            0.016039555474938155,
            0.011401896069772639,
            0.019996536152849992,
            0.024661372844329815,
            0.02264723571283225,
            0.022003262240076156,
            0.016669463061113714,
            0.01868561574111401,
            0.022735955085519823,
            0.019354943922377677,
            0.01802335495188155,
            0.016697238469926434,
            0.02546463234349139,
            0.018599213899472514,
            0.016667578413610058,
            0.01601269586596007,
            0.014029829223784575,
            0.014689617668841715,
            0.013373859654619106,
            0.018049427220487784,
            0.018413697503463115
        ],
        [
            0.011924510931568665,
            0.01458951572439654,
            0.009953369592911534,
            0.049511703006490784,
            0.2468952541410378,
            0.020924171417464003,
            0.027885006850157417,
            0.024976767201899466,
            0.02351928787456442,
            0.021251710873888358,
            0.017941970486201247,
            0.015248460268875972,
            0.012595333288187007,
            0.012613918239968856,
            0.021385297866127605,
            0.01594933784854003,
            0.016732929008262395,
            0.0,
            0.008631873928306034,
            0.009967292944670025,
            0.013948732741710544,
            0.013932577788897792,
            0.009294918383732274,
            0.017889558466809626,
            0.022554395158289452,
            0.020540258026791887,
            0.01989628455403579,
            0.014562485375073349,
            0.016578638055073647,
            0.02062897739947946,
            0.017247966236337314,
            0.015916377265841185,
            0.014590260783886068,
            0.023357654657451023,
            0.016492236213432147,
            0.014560600727569694,
            0.013905718179919705,
            0.01192285153774421,
            0.01258263998280135,
            0.011266881968578741,
            0.015942449534447418,
            0.01630671981742275
        ],
        [
            0.00989223194546025,
            0.012557236738288124,
            0.007921090606803119,
            0.04747942402038237,
            0.24486297515492939,
            0.018891892431355587,
            0.025852727864049005,
            0.02294448821579105,
            0.021487008888456005,
            0.019219431887779942,
            0.015909691500092832,
            0.013216181282767558,
            0.010563054302078594,
            0.010581639253860442,
            0.01935301888001919,
            0.013917058862431615,
            0.014700650022153981,
            0.008631873928306034,
            0.0,
            0.007932129792855428,
            0.011916453755602128,
            0.011900298802789377,
            0.007262639397623859,
            0.01585727948070121,
            0.020522116172181037,
            0.01850797904068347,
            0.017864005567927374,
            0.012530206388964934,
            0.014546359068965231,
            0.018596698413371044,
            0.015215687250228897,
            0.013884098279732771,
            0.012557981797777652,
            0.021325375671342607,
            0.014459957227323732,
            0.012528321741461278,
            0.01187343919381129,
            0.009890572551635795,
            0.010550360996692935,
            0.009234602982470325,
            0.013910170548339004,
            0.014274440831314333
        ],
        [
            0.011227650961824242,
            0.013892655754652117,
            0.009256509623167111,
            0.04881484303674636,
            0.24619839417129338,
            0.02022731144771958,
            0.027188146880412996,
            0.024279907232155045,
            0.02282242790482,
            0.020554850904143933,
            0.017245110516456823,
            0.01455160029913155,
            0.011898473318442584,
            0.011917058270224434,
            0.02068843789638318,
            0.015252477878795608,
            0.016036069038517974,
            0.009967292944670025,
            0.007932129792855428,
            0.0,
            0.01325187277196612,
            0.01323571781915337,
            0.008598058413987851,
            0.0171926984970652,
            0.02185753518854503,
            0.019843398057047462,
            0.019199424584291365,
            0.013865625405328926,
            0.015881778085329222,
            0.01993211742973504,
            0.01655110626659289,
            0.015219517296096764,
            0.013893400814141645,
            0.022660794687706598,
            0.015795376243687726,
            0.01386374075782527,
            0.013208858210175284,
            0.011225991567999787,
            0.011885780013056927,
            0.010570021998834318,
            0.015245589564702998,
            0.015609859847678327
        ],
        [
            0.0072891752372270255,
            0.009954180030054901,
            0.009273266846693863,
            0.04883160026027311,
            0.24621515139482011,
            0.020244068671246333,
            0.027204904103939748,
            0.0242966644556818,
            0.022839185128346755,
            0.020571608127670685,
            0.017261867739983575,
            0.014568357522658303,
            0.011915230541969338,
            0.011933815493751186,
            0.020705195119909932,
            0.01526923510232236,
            0.01605571042775091,
            0.013948732741710544,
            0.011916453755602128,
            0.01325187277196612,
            0.0,
            0.009291473763143787,
            0.0046566985236844525,
            0.013254222772467987,
            0.017919059463947812,
            0.015904922332450246,
            0.01526094885969415,
            0.00992714968073171,
            0.011943302360732006,
            0.01599364170513782,
            0.012612630541995674,
            0.011281041571499548,
            0.009954925089544429,
            0.018722318963109386,
            0.01185690051909051,
            0.009925265033228055,
            0.009270382485578068,
            0.007287515843402571,
            0.007947304288459711,
            0.006631546274237102,
            0.01130711384010578,
            0.011671384123081108
        ],
        [
            0.007273020284414274,
            0.00993802507724215,
            0.009257111893881113,
            0.04881544530746036,
            0.24619899644200738,
            0.02022791371843358,
            0.027188749151126998,
            0.024280509502869047,
            0.022823030175534,
            0.020555453174857935,
            0.017245712787170825,
            0.014552202569845551,
            0.011899075589156587,
            0.011917660540938435,
            0.020689040167097182,
            0.015253080149509608,
            0.016039555474938155,
            0.013932577788897792,
            0.011900298802789377,
            0.01323571781915337,
            0.009291473763143787,
            0.0,
            0.004640543570871701,
            0.013238067819655235,
            0.017902904511135062,
            0.015888767379637493,
            0.0152447939068814,
            0.009910994727918959,
            0.011927147407919256,
            0.01597748675232507,
            0.012596475589182922,
            0.011264886618686796,
            0.009938770136731678,
            0.018706164010296632,
            0.011840745566277757,
            0.009909110080415303,
            0.009254227532765315,
            0.00727136089058982,
            0.00793114933564696,
            0.006615391321424351,
            0.01129095888729303,
            0.011655229170268358
        ],
        [
            0.002635360879248756,
            0.005300365672076632,
            0.0046194524887155945,
            0.04417778590229484,
            0.24156133703684185,
            0.015590254313268062,
            0.02255108974596148,
            0.01964285009770353,
            0.018185370770368484,
            0.015917793769692417,
            0.012608053382005307,
            0.009914543164680033,
            0.007261416183991069,
            0.007280001135772917,
            0.016051380761931664,
            0.01061542074434409,
            0.011401896069772639,
            0.009294918383732274,
            0.007262639397623859,
            0.008598058413987851,
            0.0046566985236844525,
            0.004640543570871701,
            0.0,
            0.008600408414489717,
            0.013265245105969544,
            0.011251107974471977,
            0.010607134501715881,
            0.005273335322753441,
            0.0072894880027537376,
            0.011339827347159551,
            0.007958816184017404,
            0.006627227213521278,
            0.00530111073156616,
            0.014068504605131114,
            0.00720308616111224,
            0.005271450675249785,
            0.004616568127599798,
            0.002633701485424301,
            0.003293489930481441,
            0.0019777319162588326,
            0.006653299482127511,
            0.007017569765102839
        ],
        [
            0.009915262403832368,
            0.012583151362366426,
            0.013214092571792947,
            0.05277242598537219,
            0.2501559771199192,
            0.02418489439634541,
            0.031145729829038828,
            0.028237490180780877,
            0.02678001085344583,
            0.024512433852769765,
            0.021202693465082658,
            0.018509183247757383,
            0.01585605626706842,
            0.015874641218850266,
            0.024646020845009012,
            0.01921006082742144,
            0.019996536152849992,
            0.017889558466809626,
            0.01585727948070121,
            0.0171926984970652,
            0.013254222772467987,
            0.013238067819655235,
            0.008600408414489717,
            0.0,
            0.015278439314469813,
            0.013264302182972247,
            0.012620328710216152,
            0.007286529531253712,
            0.010614035297218502,
            0.01597408545179074,
            0.012593074288648594,
            0.013904244572398706,
            0.012578128090443588,
            0.021345521964008542,
            0.014480103519989667,
            0.012548468034127213,
            0.011893585486477225,
            0.00991071884430173,
            0.01057050728935887,
            0.00925474927513626,
            0.013933201006711122,
            0.014297471289686451
        ],
        [
            0.014580099095312195,
            0.017247988053846253,
            0.017878929263272773,
            0.05743726267685202,
            0.25482081381139904,
            0.028849731087825237,
            0.03581056652051866,
            0.032902326872260704,
            0.03144484754492566,
            0.02917727054424959,
            0.025867530156562485,
            0.023174019939237213,
            0.020520892958548247,
            0.020539477910330096,
            0.02931085753648884,
            0.02387489751890127,
            0.024661372844329815,
            0.022554395158289452,
            0.020522116172181037,
            0.02185753518854503,
            0.017919059463947812,
            0.017902904511135062,
            0.013265245105969544,
            0.015278439314469813,
            0.0,
            0.012893815534390316,
            0.014751523159440907,
            0.011948482057027355,
            0.015278871988698327,
            0.020638922143270566,
            0.01725791098012842,
            0.01856908126387853,
            0.017242964781923414,
            0.02601035865548837,
            0.019144940211469494,
            0.01721330472560704,
            0.01655842217795705,
            0.014575555535781557,
            0.015235343980838697,
            0.013919585966616087,
            0.018598037698190947,
            0.018962307981166278
        ],
        [
            0.012565961963814628,
            0.015233850922348685,
            0.015864792131775204,
            0.05542312554535445,
            0.2528066766799015,
            0.026835593956327668,
            0.03379642938902109,
            0.030888189740763135,
            0.02943071041342809,
            0.027163133412752026,
            0.023853393025064916,
            0.021159882807739644,
            0.018506755827050678,
            0.018525340778832527,
            0.027296720404991273,
            0.0218607603874037,
            0.02264723571283225,
            0.020540258026791887,
            0.01850797904068347,
            0.019843398057047462,
            0.015904922332450246,
            0.015888767379637493,
            0.011251107974471977,
            0.013264302182972247,
            0.012893815534390316,
            0.0,
            0.01273738602794334,
            0.009934344925529788,
            0.013264734857200762,
            0.018624785011772997,
            0.015243773848630852,
            0.016554944132380966,
            0.015228827650425847,
            0.0239962215239908,
            0.01713080307997193,
            0.015199167594109473,
            0.014544285046459486,
            0.01256141840428399,
            0.01322120684934113,
            0.01190544883511852,
            0.016583900566693382,
            0.016948170849668712
        ],
        [
            0.011921988491058532,
            0.01458987744959259,
            0.01522081865901911,
            0.054779152072598356,
            0.2521627032071454,
            0.026191620483571574,
            0.03315245591626499,
            0.03024421626800704,
            0.028786736940671995,
            0.02651915993999593,
            0.023209419552308822,
            0.020515909334983547,
            0.017862782354294584,
            0.01788136730607643,
            0.026652746932235176,
            0.021216786914647606,
            0.022003262240076156,
            0.01989628455403579,
            0.017864005567927374,
            0.019199424584291365,
            0.01526094885969415,
            0.0152447939068814,
            0.010607134501715881,
            0.012620328710216152,
            0.014751523159440907,
            0.01273738602794334,
            0.0,
            0.009290371452773692,
            0.012620761384444665,
            0.017980811539016903,
            0.014599800375874758,
            0.015910970659624872,
            0.014584854177669752,
            0.023352248051234707,
