{
    "NEXUS_FILE_URL": "http://purl.org/phylo/treebase/phylows/study/TB2:S11709",
    "NEWICK_TREE": "(19:0.0126875,(16:0.012117,(((9:0.003466,14:0.004802):0.003725,(11:0.002628,((10:0.004336,18:0.003772):6.37E-4,(6:0.00354,(7:0.001156,12:0.002484):2.29E-4):0.0):3.75E-4):0.003926):0.002433,((4:0.005201,(5:0.003012,(3:0.001531,8:0.001105):0.00152):0.002046):0.001372,(1:0.003714,(13:0.002766,(15:0.004137,(2:0.001628,17:0.001343):0.003329):0.001348):0.003186):0.001549):0.003061):0.006987):0.0126875);",
    "DISTANCE_MATRIX": [
        [
            0.0,
            0.037492,
            0.041986,
            0.043322,
            0.041349000000000004,
            0.04406900000000001,
            0.043505,
            0.042636,
            0.040481,
            0.041809,
            0.041996000000000006,
            0.041853,
            0.041892,
            0.041466,
            0.040686,
            0.042924000000000004,
            0.045643,
            0.046463000000000004,
            0.04617800000000001
        ],
        [
            0.037492,
            0.0,
            0.028728,
            0.030063999999999997,
            0.028091,
            0.030811,
            0.030247,
            0.029377999999999998,
            0.027222999999999997,
            0.028550999999999997,
            0.028738,
            0.028595,
            0.028634,
            0.028208,
            0.027428,
            0.029666,
            0.032385,
            0.033205,
            0.032920000000000005
        ],
        [
            0.041986,
            0.028728,
            0.0,
            0.008268,
            0.013745,
            0.016465,
            0.015901,
            0.015032,
            0.012877,
            0.014204999999999999,
            0.019257999999999997,
            0.019115,
            0.019153999999999997,
            0.018727999999999998,
            0.017948,
            0.020186,
            0.022905,
            0.023724999999999996,
            0.02344
        ],
        [
            0.043322,
            0.030063999999999997,
            0.008268,
            0.0,
            0.015081,
            0.017801,
            0.017237,
            0.016368,
            0.014213,
            0.015541,
            0.020594,
            0.020450999999999997,
            0.02049,
            0.020064,
            0.019284,
            0.021522,
            0.024241,
            0.025061,
            0.024776
        ],
        [
            0.041349000000000004,
            0.028091,
            0.013745,
            0.015081,
            0.0,
            0.007976,
            0.007412,
            0.006543,
            0.0043879999999999995,
            0.005716000000000001,
            0.018621,
            0.018478,
            0.018517,
            0.018091,
            0.017311,
            0.019549,
            0.022268,
            0.023087999999999997,
            0.022803
        ],
        [
            0.04406900000000001,
            0.030811,
            0.016465,
            0.017801,
            0.007976,
            0.0,
            0.008108,
            0.008513,
            0.006358,
            0.007686,
            0.021341,
            0.021198,
            0.021237,
            0.020811,
            0.020031,
            0.022269,
            0.024988,
            0.025807999999999998,
            0.025523
        ],
        [
            0.043505,
            0.030247,
            0.015901,
            0.017237,
            0.007412,
            0.008108,
            0.0,
            0.007949,
            0.005794,
            0.007122,
            0.020776999999999997,
            0.020634,
            0.020672999999999997,
            0.020246999999999998,
            0.019466999999999998,
            0.021705,
            0.024423999999999998,
            0.025243999999999996,
            0.024959
        ],
        [
            0.042636,
            0.029377999999999998,
            0.015032,
            0.016368,
            0.006543,
            0.008513,
            0.007949,
            0.0,
            0.0049250000000000006,
            0.006253,
            0.019908000000000002,
            0.019764999999999998,
            0.019804000000000002,
            0.019378,
            0.018598,
            0.020836,
            0.023555,
            0.024375,
            0.02409
        ],
        [
            0.040481,
            0.027222999999999997,
            0.012877,
            0.014213,
            0.0043879999999999995,
            0.006358,
            0.005794,
            0.0049250000000000006,
            0.0,
            0.00364,
            0.017752999999999998,
            0.01761,
            0.017648999999999998,
            0.017223,
            0.016443,
            0.018681,
            0.0214,
            0.022219999999999997,
            0.021935
        ],
        [
            0.041809,
            0.028550999999999997,
            0.014204999999999999,
            0.015541,
            0.005716000000000001,
            0.007686,
            0.007122,
            0.006253,
            0.00364,
            0.0,
            0.019081,
            0.018937999999999997,
            0.018977,
            0.018550999999999998,
            0.017771,
            0.020009,
            0.022727999999999998,
            0.023548,
            0.023263
        ],
        [
            0.041996000000000006,
            0.028738,
            0.019257999999999997,
            0.020594,
            0.018621,
            0.021341,
            0.020776999999999997,
            0.019908000000000002,
            0.017752999999999998,
            0.019081,
            0.0,
            0.010259,
            0.010298,
            0.009871999999999999,
            0.011836,
            0.014074,
            0.016793,
            0.017613,
            0.017328
        ],
        [
            0.041853,
            0.028595,
            0.019115,
            0.020450999999999997,
            0.018478,
            0.021198,
            0.020634,
            0.019764999999999998,
            0.01761,
            0.018937999999999997,
            0.010259,
            0.0,
            0.006063,
            0.005637,
            0.011693,
            0.013930999999999999,
            0.016649999999999998,
            0.01747,
            0.017185
        ],
        [
            0.041892,
            0.028634,
            0.019153999999999997,
            0.02049,
            0.018517,
            0.021237,
            0.020672999999999997,
            0.019804000000000002,
            0.017648999999999998,
            0.018977,
            0.010298,
            0.006063,
            0.0,
            0.0026360000000000003,
            0.011732,
            0.01397,
            0.016689,
            0.017509,
            0.017224
        ],
        [
            0.041466,
            0.028208,
            0.018727999999999998,
            0.020064,
            0.018091,
            0.020811,
            0.020246999999999998,
            0.019378,
            0.017223,
            0.018550999999999998,
            0.009871999999999999,
            0.005637,
            0.0026360000000000003,
            0.0,
            0.011306,
            0.013544,
            0.016263,
            0.017083,
            0.016798
        ],
        [
            0.040686,
            0.027428,
            0.017948,
            0.019284,
            0.017311,
            0.020031,
            0.019466999999999998,
            0.018598,
            0.016443,
            0.017771,
            0.011836,
            0.011693,
            0.011732,
            0.011306,
            0.0,
            0.009666,
            0.012385,
            0.013205,
            0.012920000000000001
        ],
        [
            0.042924000000000004,
            0.029666,
            0.020186,
            0.021522,
            0.019549,
            0.022269,
            0.021705,
            0.020836,
            0.018681,
            0.020009,
            0.014074,
            0.013930999999999999,
            0.01397,
            0.013544,
            0.009666,
            0.0,
            0.008251,
            0.009071,
            0.008786
        ],
        [
            0.045643,
            0.032385,
            0.022905,
            0.024241,
            0.022268,
            0.024988,
            0.024423999999999998,
            0.023555,
            0.0214,
            0.022727999999999998,
            0.016793,
            0.016649999999999998,
            0.016689,
            0.016263,
            0.012385,
            0.008251,
            0.0,
            0.009094,
            0.008809
        ],
        [
            0.046463000000000004,
            0.033205,
            0.023724999999999996,
            0.025061,
            0.023087999999999997,
            0.025807999999999998,
            0.025243999999999996,
            0.024375,
            0.022219999999999997,
            0.023548,
            0.017613,
            0.01747,
            0.017509,
            0.017083,
            0.013205,
            0.009071,
            0.009094,
            0.0,
            0.002971
        ],
        [
            0.04617800000000001,
            0.032920000000000005,
            0.02344,
            0.024776,
            0.022803,
            0.025523,
            0.024959,
            0.02409,
            0.021935,
            0.023263,
            0.017328,
            0.017185,
            0.017224,
            0.016798,
            0.012920000000000001,
            0.008786,
            0.008809,
            0.002971,
            0.0
        ]
    ],
    "NODE_MAPPING": {
        "0": "19",
        "1": "16",
        "2": "9",
        "3": "14",
        "4": "11",
        "5": "10",
        "6": "18",
        "7": "6",
        "8": "7",
        "9": "12",
        "10": "4",
        "11": "5",
        "12": "3",
        "13": "8",
        "14": "1",
        "15": "13",
        "16": "15",
        "17": "2",
        "18": "17"
    }
}