{
    "NEXUS_FILE_URL": "http://purl.org/phylo/treebase/phylows/study/TB2:S12553",
    "NEWICK_TREE": "(6:0.005104112241868447,((((1:0.0663475445160699,33:0.04345431952174002):0.047740706287575,(((((2:0.06195385616984891,47:0.003842476717707849):0.009438757160940798,48:0.04259656187223487):0.0356843585890116,(19:0.006026818517001181,32:0.04370284592676638):0.00880873684293643,(31:0.003507282278619736,37:0.003836334533551442):0.00935023607729359,(35:0.004041256653316922,43:0.05397941803897937):0.01465047432723484):0.08254098278157038,((26:0.0986928199355464,40:0.1450626159996356):0.03097401020701922,45:0.1952188475811144):0.03683092503675849,49:0.01970752681490438):0.02745329688116809,((((12:0.05122869808544234,46:0.0663328398209069):0.06354127536163329,(13:0.01974246445106402,24:0.03712711573900857,25:0.009665942242811549):0.08028456589924592):0.06041442136744932,(18:0.07130444675417585,75:0.06118303149589585):0.2086229525410177):0.01784870026368618,21:0.1405202961992768):0.03511749703851116,((16:0.0901611237165707,((68:0.009845136930115758,70:0.004005816286677418):0.009244193262151867,69:0.009819430074020365):0.01334102018210464):0.01411975526925203,27:0.1303422066262864,((59:0.0317621180287043,((62:0.01035918775812087,78:0.03262500048683523):0.01683893799364285,72:0.038365278441973):0.01506600944923194):0.03433193308969911,(60:0.03127420690005121,61:0.02026758227000748,(64:0.003744677409809176,71:0.009527145168152801):0.01097359378547794):0.02032765661873162):0.01608035688780032,80:0.04997848280243085):0.0111935818456265,41:0.15167224654141):0.02389785846069237,(17:0.4112485470909096,((50:0.003907538746562847,83:0.003444173247971509):0.008996577428892953,67:0.003987946128527143):0.01226247098455036,((51:0.003896356846652627,55:0.009289221902607071,56:0.003682589815870989,65:0.003451437416386554,66:0.007911338422350079,73:0.00367895842628291,74:0.003763275265749512,81:0.003597076955705523):0.009635005750714245,63:0.00350558805267812):0.01087796993631066,52:0.01338034755388097,(53:0.009463172354191642,54:0.01478119715425793):0.00899397831910835,58:0.01174976495698298,(76:0.00387077171196905,77:0.003885972327211538):0.02298432545761292,79:0.04673649994716252,(82:0.008925581022680392,84:0.003916497441598606):0.01713375426353048):0.05603743204531274):0.0257758426480887,((((3:0.2206828736229847,(4:0.05075199485080192,5:0.06616530308628128):0.05339972425625635):0.04208780338738104,9:0.1994672894674497):0.03642207658363917,15:0.2612031496105836):0.08452433748039268,((10:0.1065058870488665,11:0.09064525380364288):0.1788468301548637,(29:0.1094543633453705,38:0.1192928314624048):0.1348402900066796):0.02350659463065593):0.04546929093858963,(((14:0.08666302613360677,(42:0.1698172058827853,44:0.159458690573833):0.05359823937110437):0.0708741491510899,(28:0.06719211995150878,34:0.2014573912620336):0.04766012464749776):0.02393775364645124,23:0.1361952915244478,30:0.1171462929692595):0.02482739551589859,20:0.1814966490040452,(22:0.1146077931963547,39:0.193007226073432):0.1189474749900669,36:0.08174339257784417):0.05521616989768619,57:0.3824636134183823):0.3385244577923836,(7:0.008551713013720163,8:0.008346750769959879):0.02731147480821497);",
    "DISTANCE_MATRIX": [
        [
            0.0,
            0.5387088333836718,
            0.5158156083893419,
            0.6655896926232592,
            0.6074783131711181,
            0.6367936411647043,
            0.5733482760633954,
            0.6110243034731606,
            0.5713702390593711,
            0.5716992913143029,
            0.5772044516840096,
            0.627142613069672,
            0.6424694931012116,
            0.6888392891653008,
            0.7080215105397603,
            0.4956792647367918,
            0.6766690331574416,
            0.6917731748929061,
            0.6619260900606759,
            0.6793107413486205,
            0.6518495678524234,
            0.7814120376381102,
            0.7712906223798301,
            0.6241562342785073,
            0.5639929018721686,
            0.5062621285299701,
            0.5004228078865318,
            0.49699222841172286,
            0.5900542295126322,
            0.5418864308925495,
            0.5523884480648409,
            0.5746542607935552,
            0.5635556007550502,
            0.527394243292929,
            0.5163876186628853,
            0.5108383075881648,
            0.5166207753465085,
            0.5096905056887767,
            0.6001906875821293,
            0.8919065617162493,
            0.5058246017853458,
            0.5053612362867546,
            0.4969084317384172,
            0.5050673471590172,
            0.5104602122149717,
            0.5048535801282356,
            0.5046224277287511,
            0.5090823287347147,
            0.5048499487386475,
            0.504934265578114,
            0.5047680672680701,
            0.49504157261432846,
            0.4940383621792207,
            0.4991151652986397,
            0.504433190098706,
            0.4924077795823227,
            0.5075131117949216,
            0.5075283124101642,
            0.5273945145725022,
            0.5067173499115506,
            0.5017082663304687,
            0.8280311219449255,
            0.711499967428999,
            0.7269132756644784,
            0.7647277344020095,
            0.7900415179615041,
            0.753173342704914,
            0.7373127094596903,
            0.7121152788532339,
            0.7219537469702682,
            0.6051470643789847,
            0.7418994834992676,
            0.7315409681903153,
            0.5624621336932947,
            0.6967274050038195,
            0.5598674269722846,
            0.5408184284170964,
            0.5803413889359834,
            0.6324000081183598,
            0.7107994409954371,
            0.48058813250978244,
            0.7260921834526344,
            0.040967300063803586,
            0.0407623378200433
        ],
        [
            0.5387088333836718,
            0.0,
            0.10980186403780992,
            0.35505736084687706,
            0.296945981394736,
            0.3262613093883222,
            0.2628159442870134,
            0.30049197169677855,
            0.26083790728298906,
            0.2611669595379208,
            0.2666721199076275,
            0.31661028129328994,
            0.33193716132482953,
            0.37830695738891873,
            0.3974891787633783,
            0.18514693296040974,
            0.3661367013810596,
            0.3812408431165242,
            0.35139375828429387,
            0.3687784095722384,
            0.34131723607604136,
            0.4708797058617281,
            0.4607582906034482,
            0.31362390250212524,
            0.2534605700957865,
            0.19572979675358806,
            0.18989047611014973,
            0.1864598966353408,
            0.27952189773625014,
            0.2313540991161675,
            0.24185611628845885,
            0.26412192901717324,
            0.2530232689786681,
            0.21686191151654693,
            0.2058552868865032,
            0.20030597581178283,
            0.20608844357012646,
            0.19915817391239463,
            0.2896583558057473,
            0.5813742299398672,
            0.1952922700089638,
            0.19482890451037246,
            0.18637609996203514,
            0.19453501538263518,
            0.1999278804385896,
            0.19432124835185355,
            0.1940900959523691,
            0.19854999695833264,
            0.19431761696226546,
            0.19440193380173204,
            0.19423573549168807,
            0.18450924083794643,
            0.1835060304028386,
            0.18858283352225763,
            0.19390085832232393,
            0.18187544780594062,
            0.1969807800185396,
            0.1969959806337821,
            0.21686218279612016,
            0.1961850181351685,
            0.1911759345540867,
            0.5690504754647208,
            0.4525193209487944,
            0.46793262918427375,
            0.5057470879218049,
            0.5310608714812995,
            0.49419269622470935,
            0.4783320629794857,
            0.45313463237302926,
            0.46297310049006357,
            0.3461664178987801,
            0.48291883701906296,
            0.4725603217101107,
            0.30348148721309,
            0.4377467585236148,
            0.30088678049208,
            0.2818377819368917,
            0.32136074245577884,
            0.3734193616381552,
            0.4518187945152325,
            0.2216074860295778,
            0.5775438767678021,
            0.5694679089637384,
            0.5692629467199782
        ],
        [
            0.5158156083893419,
            0.10980186403780992,
            0.0,
            0.33216413585254717,
            0.2740527564004061,
            0.3033680843939923,
            0.23992271929268347,
            0.27759874670244866,
            0.23794468228865917,
            0.23827373454359088,
            0.24377889491329763,
            0.29371705629896006,
            0.30904393633049965,
            0.35541373239458884,
            0.3745959537690484,
            0.16225370796607985,
            0.3432434763867297,
            0.3583476181221943,
            0.328500533289964,
            0.3458851845779085,
            0.3184240110817115,
            0.44798648086739823,
            0.4378650656091183,
            0.29073067750779535,
            0.23056734510145663,
            0.17283657175925818,
            0.16699725111581984,
            0.1635666716410109,
            0.25662867274192025,
            0.2084608741218376,
            0.21896289129412896,
            0.24122870402284333,
            0.23013004398433826,
            0.19396868652221705,
            0.18296206189217332,
            0.17741275081745295,
            0.18319521857579657,
            0.17626494891806474,
            0.2667651308114174,
            0.5584810049455373,
            0.1723990450146339,
            0.17193567951604258,
            0.16348287496770525,
            0.1716417903883053,
            0.17703465544425973,
            0.17142802335752366,
            0.1711968709580392,
            0.17565677196400276,
            0.17142439196793557,
            0.17150870880740215,
            0.17134251049735819,
            0.16161601584361654,
            0.16061280540850872,
            0.16568960852792775,
            0.17100763332799404,
            0.15898222281161073,
            0.17408755502420972,
            0.1741027556394522,
            0.19396895780179027,
            0.17329179314083862,
            0.16828270955975683,
            0.5461572504703909,
            0.4296260959544645,
            0.44503940418994387,
            0.48285386292747495,
            0.5081676464869697,
            0.47129947123037946,
            0.45543883798515583,
            0.43024140737869937,
            0.4400798754957337,
            0.3232731929044502,
            0.4600256120247331,
            0.4496670967157808,
            0.2805882622187601,
            0.4148535335292849,
            0.2779935554977501,
            0.2589445569425618,
            0.2984675174614489,
            0.3505261366438253,
            0.4289255695209026,
            0.1987142610352479,
            0.5546506517734722,
            0.5465746839694086,
            0.5463697217256483
        ],
        [
            0.6655896926232592,
            0.35505736084687706,
            0.33216413585254717,
            0.0,
            0.06579633288755676,
            0.11398917520302458,
            0.12191252727973892,
            0.15958855468950411,
            0.11993449027571464,
            0.12026354253064635,
            0.12576870290035308,
            0.1757068642860155,
            0.35611570988069585,
            0.40248550594478505,
            0.4216677273192446,
            0.20932548151627606,
            0.4452218436992621,
            0.46032598543472664,
            0.4304789006024964,
            0.4478635518904409,
            0.4204023783942439,
            0.5499648481799306,
            0.5398434329216507,
            0.39270904482032776,
            0.332545712413989,
            0.27481493907179055,
            0.26897561842835227,
            0.2655450389535433,
            0.35860704005445265,
            0.31043924143437,
            0.32094125860666134,
            0.34320707133537576,
            0.33210841129687063,
            0.29594705383474945,
            0.28494042920470575,
            0.27939111812998535,
            0.285173585888329,
            0.2782433162305971,
            0.3687434981239498,
            0.7082550891794545,
            0.322173129248551,
            0.32170976374995974,
            0.3132569592016224,
            0.32141587462222243,
            0.32680873967817686,
            0.3212021075914408,
            0.32097095519195634,
            0.3254308561979199,
            0.3211984762018527,
            0.3212827930413193,
            0.3211165947312753,
            0.31139010007753365,
            0.3103868896424259,
            0.3154636927618449,
            0.3207817175619112,
            0.30875630704552787,
            0.32386163925812683,
            0.32387683987336935,
            0.3437430420357074,
            0.3230658773747558,
            0.31805679379367396,
            0.6959313347043081,
            0.5794001801883817,
            0.594813488423861,
            0.632627947161392,
            0.6579417307208868,
            0.6210735554642965,
            0.605212922219073,
            0.5800154916126166,
            0.5898539597296508,
            0.47304727713836736,
            0.6097996962586503,
            0.599441180949698,
            0.43036234645267724,
            0.564627617763202,
            0.42776763973166726,
            0.40871864117647894,
            0.4482416016953661,
            0.5003002208777425,
            0.5786996537548197,
            0.34848834526916506,
            0.7044247360073894,
            0.6963487682033258,
            0.6961438059595656
        ],
        [
            0.6074783131711181,
            0.296945981394736,
            0.2740527564004061,
            0.06579633288755676,
            0.0,
            0.055877795750883516,
            0.06380114782759785,
            0.10147717523736306,
            0.06182311082357357,
            0.06215216307850528,
            0.06765732344821201,
            0.11759548483387446,
            0.2980043304285548,
            0.344374126492644,
            0.36355634786710356,
            0.151214102064135,
            0.38711046424712103,
            0.40221460598258557,
            0.3723675211503553,
            0.38975217243829985,
            0.3622909989421028,
            0.49185346872778957,
            0.48173205346950965,
            0.3345976653681867,
            0.27443433296184794,
            0.21670355961964952,
            0.21086423897621118,
            0.20743365950140225,
            0.3004956606023116,
            0.25232786198222895,
            0.2628298791545203,
            0.2850956918832347,
            0.27399703184472957,
            0.2378356743826084,
            0.22682904975256465,
            0.22127973867784428,
            0.2270622064361879,
            0.22013193677845608,
            0.31063211867180873,
            0.6501437097273134,
            0.26406174979640995,
            0.2635983842978187,
            0.2551455797494813,
            0.26330449517008137,
            0.2686973602260358,
            0.26309072813929973,
            0.2628595757398153,
            0.26731947674577883,
            0.26308709674971165,
            0.2631714135891782,
            0.26300521527913423,
            0.2532787206253926,
            0.2522755101902848,
            0.2573523133097038,
            0.26267033810977014,
            0.2506449275933868,
            0.26575025980598577,
            0.2657654604212283,
            0.2856316625835663,
            0.2649544979226147,
            0.2599454143415329,
            0.6378199552521671,
            0.5212888007362406,
            0.5367021089717199,
            0.574516567709251,
            0.5998303512687457,
            0.5629621760121555,
            0.5471015427669319,
            0.5219041121604755,
            0.5317425802775098,
            0.4149358976862263,
            0.5516883168065092,
            0.5413298014975569,
            0.37225096700053617,
            0.506516238311061,
            0.3696562602795262,
            0.35060726172433787,
            0.390130222243225,
            0.4421888414256014,
            0.5205882743026786,
            0.290376965817024,
            0.6463133565552484,
            0.6382373887511847,
            0.6380324265074245
        ],
        [
            0.6367936411647043,
            0.3262613093883222,
            0.3033680843939923,
            0.11398917520302458,
            0.055877795750883516,
            0.0,
            0.09311647582118408,
            0.1307925032309493,
            0.0911384388171598,
            0.09146749107209151,
            0.09697265144179823,
            0.14691081282746069,
            0.327319658422141,
            0.3736894544862302,
            0.3928716758606898,
            0.18052943005772124,
            0.41642579224070725,
            0.4315299339761718,
            0.4016828491439416,
            0.4190675004318861,
            0.3916063269356891,
            0.5211687967213758,
            0.5110473814630958,
            0.36391299336177296,
            0.3037496609554342,
            0.24601888761323576,
            0.24017956696979742,
            0.23674898749498852,
            0.32981098859589786,
            0.28164318997581517,
            0.29214520714810654,
            0.3144110198768209,
            0.30331235983831584,
            0.2671510023761946,
            0.2561443777461509,
            0.2505950666714305,
            0.2563775344297742,
            0.24944726477204232,
            0.339947446665395,
            0.6794590377208997,
            0.2933770777899962,
            0.2929137122914049,
            0.28446090774306754,
            0.29261982316366764,
            0.298012688219622,
            0.29240605613288595,
            0.2921749037334015,
            0.29663480473936504,
            0.2924024247432979,
            0.2924867415827645,
            0.2923205432727205,
            0.28259404861897885,
            0.28159083818387104,
            0.28666764130329003,
            0.29198566610335636,
            0.279960255586973,
            0.29506558779957204,
            0.29508078841481455,
            0.3149469905771526,
            0.29426982591620093,
            0.28926074233511917,
            0.6671352832457532,
            0.5506041287298268,
            0.5660174369653062,
            0.6038318957028372,
            0.629145679262332,
            0.5922775040057418,
            0.5764168707605182,
            0.5512194401540617,
            0.561057908271096,
            0.4442512256798125,
            0.5810036448000954,
            0.5706451294911431,
            0.4015662949941224,
            0.5358315663046471,
            0.3989715882731124,
            0.37992258971792414,
            0.4194455502368112,
            0.4715041694191876,
            0.5499036022962649,
            0.3196922938106102,
            0.6756286845488345,
            0.6675527167447709,
            0.6673477545010107
        ],
        [
            0.5733482760633954,
            0.2628159442870134,
            0.23992271929268347,
            0.12191252727973892,
            0.06380114782759785,
            0.09311647582118408,
            0.0,
            0.049729664443767564,
            0.027693073715850936,
            0.028022125970782644,
            0.033527286340489376,
            0.08346544772615182,
            0.2638742933208321,
            0.3102440893849213,
            0.3294263107593809,
            0.11708406495641237,
            0.35298042713939837,
            0.3680845688748629,
            0.33823748404263265,
            0.35562213533057724,
            0.3281609618343802,
            0.45772343162006696,
            0.447602016361787,
            0.300467628260464,
            0.24030429585412533,
            0.18257352251192688,
            0.17673420186848854,
            0.1733036223936796,
            0.266365623494589,
            0.21819782487450629,
            0.22869984204679766,
            0.250965654775512,
            0.23986699473700696,
            0.20370563727488572,
            0.19269901264484202,
            0.18714970157012162,
            0.19293216932846524,
            0.1860018996707334,
            0.27650208156408607,
            0.6160136726195908,
            0.22993171268868734,
            0.229468347190096,
            0.22101554264175868,
            0.22917445806235873,
            0.23456732311831316,
            0.22896069103157707,
            0.22872953863209264,
            0.23318943963805616,
            0.228957059641989,
            0.22904137648145562,
            0.22887517817141162,
            0.21914868351766997,
            0.21814547308256216,
            0.22322227620198118,
            0.22854030100204747,
            0.21651489048566416,
            0.23162022269826316,
            0.23163542331350565,
            0.2515016254758437,
            0.23082446081489205,
            0.2258153772338103,
            0.6036899181444444,
            0.4871587636285179,
            0.5025720718639972,
            0.5403865306015283,
            0.5657003141610231,
            0.5288321389044328,
            0.5129715056592092,
            0.4877740750527528,
            0.4976125431697871,
            0.38080586057850363,
            0.5175582796987865,
            0.5071997643898343,
            0.3381209298928135,
            0.4723862012033383,
            0.33552622317180353,
            0.3164772246166152,
            0.35600018513550236,
            0.4080588043178787,
            0.486458237194956,
            0.2562469287093013,
            0.6121833194475257,
            0.6041073516434621,
            0.6039023893997019
        ],
        [
            0.6110243034731606,
            0.30049197169677855,
            0.27759874670244866,
            0.15958855468950411,
            0.10147717523736306,
            0.1307925032309493,
            0.049729664443767564,
            0.0,
            0.06536910112561614,
            0.06569815338054785,
            0.07120331375025457,
            0.12114147513591703,
            0.30155032073059734,
            0.34792011679468654,
            0.3671023381691461,
            0.15476009236617758,
            0.3906564545491636,
            0.40576059628462813,
            0.37591351145239793,
            0.39329816274034246,
            0.3658369892441454,
            0.4953994590298322,
            0.4852780437715522,
            0.3381436556702293,
            0.27798032326389055,
            0.2202495499216921,
            0.21441022927825376,
            0.21097964980344486,
            0.3040416509043542,
            0.2558738522842715,
            0.2663758694565629,
            0.28864168218527725,
            0.2775430221467722,
            0.24138166468465097,
            0.23037504005460724,
            0.22482572897988687,
            0.2306081967382305,
            0.22367792708049866,
            0.31417810897385134,
            0.653689700029356,
            0.26760774009845256,
            0.26714437459986123,
            0.2586915700515239,
            0.266850485472124,
            0.27224335052807835,
            0.2666367184413423,
            0.26640556604185783,
            0.2708654670478214,
            0.26663308705175426,
            0.26671740389122084,
            0.26655120558117684,
            0.2568247109274352,
            0.2558215004923274,
            0.2608983036117464,
            0.2662163284118127,
            0.25419091789542936,
            0.2692962501080284,
            0.2693114507232709,
            0.2891776528856089,
            0.2685004882246573,
            0.2634914046435755,
            0.6413659455542096,
            0.5248347910382831,
            0.5402480992737625,
            0.5780625580112936,
            0.6033763415707882,
            0.5665081663141981,
            0.5506475330689744,
            0.525450102462518,
            0.5352885705795523,
            0.41848188798826885,
            0.5552343071085517,
            0.5448757917995994,
            0.3757969573025787,
            0.5100622286131036,
            0.37320225058156875,
            0.3541532520263805,
            0.3936762125452675,
            0.44573483172764394,
            0.5241342646047212,
            0.29392295611906655,
            0.6498593468572909,
            0.6417833790532272,
            0.641578416809467
        ],
        [
            0.5713702390593711,
            0.26083790728298906,
            0.23794468228865917,
            0.11993449027571464,
            0.06182311082357357,
            0.0911384388171598,
            0.027693073715850936,
            0.06536910112561614,
            0.0,
            0.007343616812171178,
            0.031549249336465086,
            0.08148741072212753,
            0.26189625631680785,
            0.30826605238089705,
            0.3274482737553566,
            0.11510602795238808,
            0.35100239013537404,
            0.36610653187083864,
            0.3362594470386084,
            0.35364409832655297,
            0.32618292483035594,
            0.4557453946160427,
            0.44562397935776266,
            0.29848959125643976,
            0.23832625885010103,
            0.18059548550790258,
            0.17475616486446424,
            0.1713255853896553,
            0.2643875864905647,
            0.21621978787048202,
            0.22672180504277337,
            0.24898761777148773,
            0.23788895773298266,
            0.20172760027086145,
            0.19072097564081772,
            0.18517166456609735,
            0.19095413232444097,
            0.18402386266670914,
            0.2745240445600618,
            0.6140356356155665,
            0.22795367568466304,
            0.22749031018607171,
            0.2190375056377344,
            0.22719642105833443,
            0.23258928611428886,
            0.2269826540275528,
            0.22675150162806834,
            0.2312114026340319,
            0.2269790226379647,
            0.2270633394774313,
            0.22689714116738732,
            0.21717064651364568,
            0.21616743607853786,
            0.22124423919795688,
            0.22656226399802318,
            0.21453685348163987,
            0.22964218569423886,
            0.22965738630948135,
            0.2495235884718194,
            0.22884642381086776,
            0.22383734022978596,
            0.6017118811404201,
            0.48518072662449363,
            0.500594034859973,
            0.5384084935975041,
            0.5637222771569987,
            0.5268541019004086,
            0.5109934686551849,
            0.4857960380487285,
            0.4956345061657628,
            0.37882782357447936,
            0.5155802426947622,
            0.50522172738581,
            0.33614289288878924,
            0.470408164199314,
            0.33354818616777926,
            0.314499187612591,
            0.35402214813147803,
            0.40608076731385445,
            0.48448020019093174,
            0.25426889170527706,
            0.6102052824435014,
            0.6021293146394378,
            0.6019243523956775
        ],
        [
            0.5716992913143029,
            0.2611669595379208,
            0.23827373454359088,
            0.12026354253064635,
            0.06215216307850528,
            0.09146749107209151,
            0.028022125970782644,
            0.06569815338054785,
            0.007343616812171178,
            0.0,
            0.03187830159139679,
            0.08181646297705925,
            0.26222530857173953,
            0.30859510463582873,
            0.3277773260102883,
            0.1154350802073198,
            0.3513314423903058,
            0.3664355841257704,
            0.33658849929354007,
            0.35397315058148465,
            0.3265119770852876,
            0.45607444687097437,
            0.4459530316126944,
            0.29881864351137144,
            0.23865531110503274,
            0.1809245377628343,
            0.17508521711939595,
            0.17165463764458705,
            0.2647166387454964,
            0.21654884012541373,
            0.22705085729770508,
            0.24931667002641944,
            0.23821800998791437,
            0.20205665252579316,
            0.19105002789574943,
            0.18550071682102906,
            0.19128318457937268,
            0.18435291492164085,
            0.2748530968149935,
            0.6143646878704982,
            0.22828272793959475,
            0.22781936244100343,
            0.2193665578926661,
            0.22752547331326614,
            0.23291833836922057,
            0.22731170628248448,
            0.22708055388300005,
            0.23154045488896358,
            0.22730807489289642,
            0.22739239173236303,
            0.22722619342231903,
            0.2174996987685774,
            0.21649648833346957,
            0.2215732914528886,
            0.2268913162529549,
            0.21486590573657158,
            0.22997123794917057,
            0.22998643856441306,
            0.24985264072675112,
            0.22917547606579947,
            0.2241663924847177,
            0.6020409333953518,
            0.4855097788794253,
            0.5009230871149046,
            0.5387375458524357,
            0.5640513294119305,
            0.5271831541553402,
            0.5113225209101167,
            0.4861250903036602,
            0.4959635584206945,
            0.37915687582941104,
            0.515909294949694,
            0.5055507796407417,
            0.3364719451437209,
            0.4707372164542457,
            0.33387723842271094,
            0.3148282398675226,
            0.35435120038640977,
            0.40640981956878613,
            0.4848092524458634,
            0.25459794396020874,
            0.6105343346984331,
            0.6024583668943695,
            0.6022534046506093
        ],
        [
            0.5772044516840096,
            0.2666721199076275,
            0.24377889491329763,
            0.12576870290035308,
            0.06765732344821201,
            0.09697265144179823,
            0.033527286340489376,
            0.07120331375025457,
            0.031549249336465086,
            0.03187830159139679,
            0.0,
            0.05802067469229629,
            0.26773046894144625,
            0.31410026500553545,
            0.333282486379995,
            0.12094024057702653,
            0.3568366027600125,
            0.3719407444954771,
            0.34209365966324684,
            0.3594783109511914,
            0.3320171374549944,
            0.46157960724068114,
            0.4514581919824011,
            0.3043238038810782,
            0.2441604714747395,
            0.18642969813254104,
            0.1805903774891027,
            0.17715979801429377,
            0.27022179911520317,
            0.22205400049512047,
            0.23255601766741182,
            0.25482183039612616,
            0.24372317035762112,
            0.2075618128954999,
            0.19655518826545618,
            0.1910058771907358,
            0.19678834494907943,
            0.1898580752913476,
            0.28035825718470025,
            0.619869848240205,
            0.2337878883093015,
            0.23332452281071017,
            0.22487171826237284,
            0.2330306336829729,
            0.23842349873892732,
            0.23281686665219126,
            0.2325857142527068,
            0.23704561525867035,
            0.23281323526260317,
            0.23289755210206975,
            0.23273135379202578,
            0.22300485913828413,
            0.22200164870317632,
            0.22707845182259534,
            0.23239647662266164,
            0.22037106610627832,
            0.23547639831887732,
            0.2354915989341198,
            0.2553578010964579,
            0.2346806364355062,
            0.22967155285442442,
            0.6075460937650585,
            0.4910149392491321,
            0.5064282474846115,
            0.5442427062221425,
            0.5695564897816372,
            0.5326883145250471,
            0.5168276812798234,
            0.49163025067336696,
            0.5014687187904012,
            0.3846620361991178,
            0.5214144553194007,
            0.5110559400104484,
            0.3419771055134277,
            0.4762423768239525,
            0.3393823987924177,
            0.32033340023722945,
            0.3598563607561165,
            0.4119149799384929,
            0.4903144128155702,
            0.2601031043299155,
            0.6160394950681398,
            0.6079635272640762,
            0.607758565020316
        ],
        [
            0.627142613069672,
            0.31661028129328994,
            0.29371705629896006,
            0.1757068642860155,
            0.11759548483387446,
            0.14691081282746069,
            0.08346544772615182,
            0.12114147513591703,
            0.08148741072212753,
            0.08181646297705925,
            0.05802067469229629,
            0.0,
            0.31766863032710874,
            0.36403842639119793,
            0.3832206477656575,
            0.17087840196268897,
            0.406774764145675,
            0.4218789058811395,
            0.3920318210489093,
            0.40941647233685385,
            0.3819552988406568,
            0.5115177686263436,
            0.5013963533680637,
            0.3542619652667407,
            0.29409863286040194,
            0.2363678595182035,
            0.23052853887476515,
            0.22709795939995625,
            0.3201599605008656,
            0.2719921618807829,
            0.2824941790530743,
            0.30475999178178864,
            0.29366133174328357,
            0.25749997428116234,
            0.24649334965111863,
            0.24094403857639826,
            0.24672650633474189,
            0.23979623667701006,
            0.33029641857036274,
            0.6698080096258674,
            0.28372604969496396,
            0.2832626841963726,
            0.27480987964803527,
            0.28296879506863537,
            0.28836166012458975,
            0.2827550280378537,
            0.2825238756383692,
            0.2869837766443328,
            0.28275139664826565,
            0.28283571348773223,
            0.28266951517768824,
            0.2729430205239466,
            0.2719398100888388,
            0.27701661320825777,
            0.2823346380083241,
            0.27030922749194075,
            0.28541455970453977,
            0.2854297603197823,
            0.3052959624821203,
            0.28461879782116867,
            0.2796097142400869,
            0.657484255150721,
            0.5409531006347945,
            0.5563664088702739,
            0.594180867607805,
            0.6194946511672996,
            0.5826264759107095,
            0.5667658426654858,
            0.5415684120590294,
            0.5514068801760637,
            0.43460019758478025,
            0.5713526167050631,
            0.5609941013961108,
            0.3919152668990901,
            0.526180538209615,
            0.38932056017808014,
            0.3702715616228919,
            0.4097945221417789,
            0.46185314132415534,
            0.5402525742012326,
            0.31004126571557794,
            0.6659776564538022,
            0.6579016886497386,
            0.6576967264059784
        ],
        [
            0.6424694931012116,
            0.33193716132482953,
            0.30904393633049965,
            0.35611570988069585,
            0.2980043304285548,
            0.327319658422141,
            0.2638742933208321,
            0.30155032073059734,
            0.26189625631680785,
            0.26222530857173953,
            0.26773046894144625,
            0.31766863032710874,
            0.0,
            0.243755435935182,
            0.32488567772368004,
            0.1862052819942285,
            0.4221016441772145,
            0.4372057859126791,
            0.4073587010804488,
            0.4247433523683934,
            0.39728217887219636,
            0.526844648657883,
            0.5167232333996031,
            0.3695888452982802,
            0.3094255128919415,
            0.25169473954974303,
            0.2458554189063047,
            0.2424248394314958,
            0.33548684053240513,
            0.2873190419123225,
            0.2978210590846138,
            0.3200868718133282,
            0.3089882117748231,
            0.2728268543127019,
            0.26182022968265817,
            0.25627091860793777,
            0.2620533863662814,
            0.2551231167085496,
            0.3456232986019022,
            0.685134889657407,
            0.2990529297265035,
            0.29858956422791216,
            0.29013675967957486,
            0.29829567510017485,
            0.30368854015612934,
            0.2980819080693932,
            0.2978507556699088,
            0.3023106566758723,
            0.29807827667980513,
            0.29816259351927177,
            0.29799639520922777,
            0.2882699005554861,
            0.2872666901203783,
            0.29234349323979736,
            0.2976615180398636,
            0.28563610752348034,
            0.3007414397360793,
            0.30075664035132177,
            0.32062284251365986,
            0.2999456778527082,
            0.29493659427162644,
            0.6728111351822605,
            0.5562799806663341,
            0.5716932889018134,
            0.6095077476393445,
            0.6348215311988392,
            0.597953355942249,
            0.5820927226970254,
            0.556895292090569,
            0.5667337602076032,
            0.4499270776163198,
            0.5866794967366027,
            0.5763209814276504,
            0.40724214693062966,
            0.5415074182411544,
            0.4046474402096197,
            0.38559844165443136,
            0.4251214021733185,
            0.47718002135569487,
            0.5555794542327721,
            0.3253681457471175,
            0.6813045364853418,
            0.6732285686812782,
            0.673023606437518
        ],
        [
            0.6888392891653008,
            0.37830695738891873,
            0.35541373239458884,
            0.40248550594478505,
            0.344374126492644,
            0.3736894544862302,
            0.3102440893849213,
            0.34792011679468654,
            0.30826605238089705,
            0.30859510463582873,
            0.31410026500553545,
            0.36403842639119793,
            0.243755435935182,
            0.0,
            0.37125547378776924,
            0.2325750780583177,
            0.4684714402413037,
            0.4835755819767683,
            0.453728497144538,
            0.4711131484324826,
            0.44365197493628555,
            0.5732144447219722,
            0.5630930294636923,
            0.4159586413623694,
            0.3557953089560307,
            0.2980645356138322,
            0.2922252149703939,
            0.288794635495585,
            0.3818566365964943,
            0.3336888379764117,
            0.344190855148703,
            0.3664566678774174,
            0.3553580078389123,
            0.3191966503767911,
            0.30819002574674736,
            0.30264071467202697,
            0.3084231824303706,
            0.3014929127726388,
            0.3919930946659914,
            0.7315046857214962,
            0.3454227257905927,
            0.34495936029200136,
