{
    "NEXUS_FILE_URL": "http://purl.org/phylo/treebase/phylows/study/TB2:S12668",
    "NEWICK_TREE": "((77:0.03061657,(76:0.02800642,(74:0.02555516,75:0.04042942):0.00777083):0.00270769):0.00827932,(((1:0.04876377,5:0.0320598):0.00763475,(39:0.02004567,71:0.03408621):0.00793824):0.01983516,(78:0.04989313,(((62:0.02595595,(63:0.01304103,64:0.0195266):0.00485201):0.00432698,(65:0.01933612,(52:0.03539293,(51:0.01636608,((49:0.0341388,50:0.02528009,(6:0.00745147,7:0.01676535):0.0138895):0.00335855,((60:0.01547276,61:0.01250395):0.01392535,(67:0.03687247,68:0.01776931):0.00570595):0.00805624):9.1038E-4):0.00186453):0.00198337):0.00292769):0.00660828,(((28:0.04086918,48:0.03501084):0.0104496,(69:0.01937109,70:0.02286339):0.01793613,(66:0.02662754,(37:0.00912653,38:0.03468387):0.0095102):0.00384989):0.00930268,((35:0.01790614,(34:0.00641121,36:0.00465272):0.01124432):0.01489197,((3:0.01492038,4:0.0239736,8:0.02547427,(59:0.02508523,(72:0.01827448,73:0.01384232):0.0079557):0.00360502):0.01411744,((56:0.0154293,((9:0.04540364,11:0.02754657):0.00986618,(10:0.02400822,(53:0.01627132,(54:0.02511834,55:0.00836965):0.00100446):0.00565298):0.00382153):0.00363804):0.01012308,((27:0.01799895,(25:0.00969503,26:0.01336015):0.00691647):0.0033526,((23:0.01370414,24:0.01544896):0.00729625,(57:0.02033716,((14:0.00715437,((17:0.01290728,21:0.01311765):9.2697E-4,((16:0.01455376,22:0.03308469):0.00139135,(18:0.00634707,19:0.01753345,20:0.02214731,(13:0.02929094,(12:0.00896613,15:0.05411506):0.007164):0.00129838):0.00122):0.00355308):0.00131563):0.00450908,((58:0.03391548,(30:0.01795452,(32:0.0271752,33:0.01615663,(29:0.0316325,31:0.02312462):0.00608942):0.00239608):0.00213271):0.00138579,(2:0.01520806,((40:0.0124996,42:0.00948):0.00134976,(41:0.01997394,((43:0.01099244,46:0.01724453):2.5935E-4,(44:0.01777233,(45:0.01701468,47:0.02237123):0.00441297):0.00126446):5.8555E-4):0.00109879):0.00198154):6.2465E-4):2.8119E-4):0.00321341):0.00358671):0.00261054):0.00294808):0.0010674):0.00310039):0.00934637):0.00244084):0.00927001):0.0012822):0.00827932);",
    "DISTANCE_MATRIX": [
        [
            0,
            0.06133068,
            0.06665025,
            0.08152451,
            0.12340889000000001,
            0.10670492,
            0.09499428000000001,
            0.10903481999999999,
            0.09835054,
            0.09461863000000001,
            0.08655572,
            0.09304129,
            0.08659950999999999,
            0.10463969,
            0.08747737,
            0.10951902000000001,
            0.10066031,
            0.09672119000000001,
            0.10603507,
            0.10947602,
            0.10650721,
            0.12265633,
            0.10355317000000001,
            0.12078972,
            0.11493138000000001,
            0.10677816,
            0.11027046,
            0.09994837000000001,
            0.09195756,
            0.11751489999999999,
            0.10231274,
            0.10206213,
            0.10030364,
            0.10165284000000001,
            0.11070606000000001,
            0.11220672999999999,
            0.11542271,
            0.11656766,
            0.11213550000000001,
            0.0992348,
            0.14271336,
            0.12485629,
            0.11527329000000001,
            0.11318937,
            0.12304085,
            0.10629216000000001,
            0.09798205,
            0.0965946,
            0.10025972,
            0.10024143,
            0.10198625,
            0.10316491,
            0.09770461,
            0.10570012000000001,
            0.10591049000000001,
            0.11136406,
            0.12989499,
            0.10298602,
            0.1141724,
            0.11878625999999999,
            0.12722826999999998,
            0.11406746,
            0.15921638999999999,
            0.12162362,
            0.10779537000000002,
            0.11941212999999999,
            0.10839356000000001,
            0.12995885000000001,
            0.12145097,
            0.10215506,
            0.10277789999999999,
            0.09975830000000001,
            0.11000127,
            0.10186467,
            0.10811676,
            0.10964967,
            0.11330499000000001,
            0.11866154
        ],
        [
            0.06133068,
            0,
            0.061332410000000004,
            0.07620667,
            0.12350643,
            0.10680245999999999,
            0.09509182,
            0.10913235999999998,
            0.09844808,
            0.09471616999999999,
            0.08665326,
            0.09313883,
            0.08669705,
            0.10473722999999999,
            0.08757490999999999,
            0.10961656,
            0.10075784999999998,
            0.09681872999999999,
            0.10613260999999999,
            0.10957355999999999,
            0.10660475,
            0.12275386999999999,
            0.10365071000000001,
            0.12088726,
            0.11502892,
            0.10687569999999999,
            0.110368,
            0.10004590999999999,
            0.0920551,
            0.11761243999999998,
            0.10241027999999999,
            0.10215967,
            0.10040117999999999,
            0.10175038,
            0.1108036,
            0.11230426999999998,
            0.11552024999999999,
            0.1166652,
            0.11223304,
            0.09933233999999999,
            0.1428109,
            0.12495382999999999,
            0.11537083000000001,
            0.11328690999999999,
            0.12313838999999999,
            0.1063897,
            0.09807959,
            0.09669214,
            0.10035725999999999,
            0.10033897,
            0.10208379,
            0.10326244999999999,
            0.09780214999999999,
            0.10579766,
            0.10600803,
            0.1114616,
            0.12999253,
            0.10308355999999999,
            0.11426993999999999,
            0.11888379999999998,
            0.12732580999999998,
            0.11416499999999999,
            0.15931392999999996,
            0.12172116,
            0.10789291000000001,
            0.11950966999999998,
            0.10849110000000001,
            0.13005639,
            0.12154851,
            0.1022526,
            0.10287543999999998,
            0.09985584,
            0.11009880999999999,
            0.10196221,
            0.1082143,
            0.10974721,
            0.11340253,
            0.11875907999999999
        ],
        [
            0.06665025,
            0.061332410000000004,
            0,
            0.06598458,
            0.128826,
            0.11212202999999998,
            0.10041139,
            0.11445192999999998,
            0.10376764999999999,
            0.10003574,
            0.09197283,
            0.0984584,
            0.09201662,
            0.11005679999999998,
            0.09289448,
            0.11493613,
            0.10607741999999999,
            0.1021383,
            0.11145217999999998,
            0.11489312999999998,
            0.11192432,
            0.12807343999999998,
            0.10897028,
            0.12620683,
            0.12034849,
            0.11219526999999999,
            0.11568756999999999,
            0.10536548,
            0.09737467,
            0.12293200999999998,
            0.10772984999999999,
            0.10747924,
            0.10572075,
            0.10706995,
            0.11612317,
            0.11762383999999998,
            0.12083981999999999,
            0.12198476999999999,
            0.11755261,
            0.10465190999999999,
            0.14813047,
            0.13027339999999998,
            0.1206904,
            0.11860647999999999,
            0.12845795999999998,
            0.11170927,
            0.10339915999999999,
            0.10201171,
            0.10567683,
            0.10565854,
            0.10740336,
            0.10858202,
            0.10312172,
            0.11111723000000001,
            0.1113276,
            0.11678116999999999,
            0.1353121,
            0.10840312999999999,
            0.11958950999999998,
            0.12420336999999998,
            0.13264537999999998,
            0.11948456999999998,
            0.16463349999999996,
            0.12704073,
            0.11321248,
            0.12482923999999998,
            0.11381067,
            0.13537596,
            0.12686808,
            0.10757217,
            0.10819500999999998,
            0.10517541,
            0.11541837999999999,
            0.10728178,
            0.11353387000000001,
            0.11506678000000001,
            0.1187221,
            0.12407864999999998
        ],
        [
            0.08152451,
            0.07620667,
            0.06598458,
            0,
            0.14370026,
            0.12699628999999998,
            0.11528565,
            0.12932618999999998,
            0.11864190999999999,
            0.11491,
            0.10684709,
            0.11333266,
            0.10689088,
            0.12493105999999998,
            0.10776874,
            0.12981039,
            0.12095167999999999,
            0.11701256,
            0.12632643999999998,
            0.12976738999999998,
            0.12679858,
            0.14294769999999998,
            0.12384454,
            0.14108109,
            0.13522275,
            0.12706952999999999,
            0.13056183,
            0.12023974,
            0.11224893,
            0.13780626999999998,
            0.12260410999999999,
            0.1223535,
            0.12059501,
            0.12194421,
            0.13099743,
            0.13249809999999998,
            0.13571408,
            0.13685903,
            0.13242687,
            0.11952616999999999,
            0.16300473,
            0.14514765999999998,
            0.13556466,
            0.13348074,
            0.14333221999999998,
            0.12658353,
            0.11827341999999999,
            0.11688597,
            0.12055109,
            0.1205328,
            0.12227762,
            0.12345628,
            0.11799598,
            0.12599149,
            0.12620186,
            0.13165543,
            0.15018636,
            0.12327738999999999,
            0.13446376999999998,
            0.13907762999999998,
            0.14751963999999998,
            0.13435882999999998,
            0.17950775999999996,
            0.14191499,
            0.12808674,
            0.13970349999999998,
            0.12868493,
            0.15025022,
            0.14174234,
            0.12244643,
            0.12306926999999998,
            0.12004967,
            0.13029264,
            0.12215604,
            0.12840813,
            0.12994104,
            0.13359636,
            0.13895290999999999
        ],
        [
            0.12340889000000001,
            0.12350643,
            0.128826,
            0.14370026,
            0,
            0.08082357,
            0.08438243000000001,
            0.09842297,
            0.12740901,
            0.1236771,
            0.11561419,
            0.12209976,
            0.11565798,
            0.13369816,
            0.11653584,
            0.13857749,
            0.12971877999999998,
            0.12577966000000002,
            0.13509354,
            0.13853449,
            0.13556568,
            0.15171479999999998,
            0.13261164,
            0.14984819,
            0.14398985,
            0.13583663,
            0.13932893000000002,
            0.12900684,
            0.12101603,
            0.14657336999999998,
            0.13137121,
            0.1311206,
            0.12936211,
            0.13071131,
            0.13976453,
            0.14126519999999998,
            0.14448118,
            0.14562613,
            0.14119397,
            0.12829327,
            0.17177183000000001,
            0.15391475999999998,
            0.14433176,
            0.14224784000000001,
            0.15209931999999998,
            0.13535063,
            0.12704052,
            0.12565307,
            0.12931819,
            0.1292999,
            0.13104472,
            0.13222338,
            0.12676308,
            0.13475859,
            0.13496896,
            0.14042253,
            0.15895346,
            0.13204449,
            0.14323087,
            0.14784472999999998,
            0.15628673999999998,
            0.14312593,
            0.18827486,
            0.15068209,
            0.13685384,
            0.1484706,
            0.13745203,
            0.15901732000000002,
            0.15050944,
            0.13121353,
            0.13183636999999998,
            0.12881677,
            0.13905974,
            0.13092314,
            0.13717523,
            0.13870814,
            0.14236346,
            0.14772000999999998
        ],
        [
            0.10670492,
            0.10680245999999999,
            0.11212202999999998,
            0.12699628999999998,
            0.08082357,
            0,
            0.06767846,
            0.081719,
            0.11070504,
            0.10697313,
            0.09891022,
            0.10539579,
            0.09895401,
            0.11699419,
            0.09983186999999999,
            0.12187352,
            0.11301481,
            0.10907569,
            0.11838957,
            0.12183052,
            0.11886171,
            0.13501082999999997,
            0.11590767,
            0.13314421999999998,
            0.12728588000000002,
            0.11913266,
            0.12262496,
            0.11230287,
            0.10431206,
            0.1298694,
            0.11466724,
            0.11441662999999999,
            0.11265813999999999,
            0.11400734,
            0.12306056,
            0.12456123,
            0.12777721,
            0.12892216,
            0.12449,
            0.1115893,
            0.15506786,
            0.13721079,
            0.12762779000000002,
            0.12554387,
            0.13539535,
            0.11864666,
            0.11033655,
            0.1089491,
            0.11261421999999999,
            0.11259593000000001,
            0.11434074999999999,
            0.11551940999999999,
            0.11005910999999999,
            0.11805462,
            0.11826499000000001,
            0.12371856,
            0.14224948999999998,
            0.11534052,
            0.1265269,
            0.13114076,
            0.13958277,
            0.12642196,
            0.17157088999999998,
            0.13397811999999998,
            0.12014987,
            0.13176663,
            0.12074806,
            0.14231335,
            0.13380546999999998,
            0.11450956,
            0.1151324,
            0.11211280000000001,
            0.12235577,
            0.11421917000000001,
            0.12047126,
            0.12200417,
            0.12565948999999998,
            0.13101604
        ],
        [
            0.09499428000000001,
            0.09509182,
            0.10041139,
            0.11528565,
            0.08438243000000001,
            0.06767846,
            0,
            0.05413188,
            0.09899440000000001,
            0.09526249,
            0.08719958,
            0.09368515000000001,
            0.08724337,
            0.10528355,
            0.08812123,
            0.11016288,
            0.10130417,
            0.09736505000000001,
            0.10667893,
            0.11011988,
            0.10715107,
            0.12330018999999999,
            0.10419703000000001,
            0.12143358,
            0.11557524000000001,
            0.10742202000000001,
            0.11091432000000001,
            0.10059223,
            0.09260142,
            0.11815876,
            0.10295660000000001,
            0.10270599,
            0.1009475,
            0.1022967,
            0.11134992,
            0.11285059,
            0.11606657000000001,
            0.11721152,
            0.11277936000000001,
            0.09987866000000001,
            0.14335722,
            0.12550015,
            0.11591715000000001,
            0.11383323000000001,
            0.12368471,
            0.10693602,
            0.09862591000000001,
            0.09723846,
            0.10090357999999999,
            0.10088529000000002,
            0.10263011,
            0.10380877,
            0.09834847,
            0.10634398,
            0.10655435000000002,
            0.11200792000000001,
            0.13053884999999998,
            0.10362988000000001,
            0.11481626,
            0.11943012,
            0.12787213,
            0.11471132,
            0.15986024999999998,
            0.12226748,
            0.10843923000000001,
            0.12005599,
            0.10903742000000001,
            0.13060271,
            0.12209483,
            0.10279892,
            0.10342176,
            0.10040216000000002,
            0.11064513000000001,
            0.10250853000000001,
            0.10876062,
            0.11029353,
            0.11394885,
            0.11930539999999999
        ],
        [
            0.10903481999999999,
            0.10913235999999998,
            0.11445192999999998,
            0.12932618999999998,
            0.09842297,
            0.081719,
            0.05413188,
            0,
            0.11303494,
            0.10930303,
            0.10124011999999999,
            0.10772569,
            0.10128390999999999,
            0.11932409,
            0.10216176999999999,
            0.12420342,
            0.11534470999999999,
            0.11140559,
            0.12071947,
            0.12416042,
            0.12119160999999999,
            0.13734072999999997,
            0.11823757,
            0.13547411999999998,
            0.12961578,
            0.12146256,
            0.12495486,
            0.11463277,
            0.10664196,
            0.1321993,
            0.11699714,
            0.11674652999999999,
            0.11498803999999999,
            0.11633724,
            0.12539045999999998,
            0.12689113,
            0.13010711,
            0.13125206,
            0.12681989999999999,
            0.1139192,
            0.15739776,
            0.13954069,
            0.12995769000000001,
            0.12787377,
            0.13772525,
            0.12097656,
            0.11266645,
            0.11127899999999999,
            0.11494411999999998,
            0.11492583,
            0.11667064999999999,
            0.11784930999999998,
            0.11238900999999998,
            0.12038452,
            0.12059489000000001,
            0.12604846,
            0.14457938999999997,
            0.11767042,
            0.1288568,
            0.13347066,
            0.14191267,
            0.12875186,
            0.17390078999999997,
            0.13630801999999997,
            0.12247977,
            0.13409653,
            0.12307796,
            0.14464325,
            0.13613536999999998,
            0.11683945999999999,
            0.11746229999999999,
            0.11444270000000001,
            0.12468567,
            0.11654907,
            0.12280115999999999,
            0.12433406999999999,
            0.12798938999999998,
            0.13334594
        ],
        [
            0.09835054,
            0.09844808,
            0.10376764999999999,
            0.11864190999999999,
            0.12740901,
            0.11070504,
            0.09899440000000001,
            0.11303494,
            0,
            0.09605435000000001,
            0.08799144,
            0.09447701,
            0.08803522999999999,
            0.10607541000000001,
            0.08891309,
            0.11095474,
            0.10209603,
            0.09815691000000001,
            0.10747079000000001,
            0.11091174000000001,
            0.10794292999999999,
            0.12409204999999998,
            0.10498889,
            0.12222543999999999,
            0.1163671,
            0.10821388000000001,
            0.11170618000000002,
            0.10138409000000001,
            0.09339328,
            0.11895062,
            0.10374846,
            0.10349785,
            0.10173936,
            0.10308856,
            0.11214178,
            0.11364245,
            0.11685843000000001,
            0.11800337999999999,
            0.11357122,
            0.10067052,
            0.14414908,
            0.12629201,
            0.11670901,
            0.11462509000000001,
            0.12447657000000001,
            0.10772788,
            0.09941777,
            0.09803032,
            0.10169544,
            0.10167715000000001,
            0.10342197,
            0.10460063,
            0.09914033,
            0.10713584000000001,
            0.10734621000000001,
            0.11279978000000002,
            0.13133071,
            0.10442174,
            0.11560812000000001,
            0.12022198,
            0.12866399,
            0.11550318000000001,
            0.16065211,
            0.12305933999999999,
            0.10923109,
            0.12084785,
            0.10982928,
            0.13139457000000002,
            0.12288668999999999,
            0.10359078,
            0.10421362,
            0.10119402000000001,
            0.11143699000000001,
            0.10330039,
            0.10955248000000001,
            0.11108539,
            0.11474071,
            0.12009725999999998
        ],
        [
            0.09461863000000001,
            0.09471616999999999,
            0.10003574,
            0.11491,
            0.1236771,
            0.10697313,
            0.09526249,
            0.10930303,
            0.09605435000000001,
            0,
            0.04384899,
            0.05033456,
            0.052546739999999995,
            0.07058692,
            0.0534246,
            0.07546625,
            0.06660753999999999,
            0.06266842,
            0.0719823,
            0.07542325,
            0.07245444,
            0.08860356,
            0.0695004,
            0.09995351,
            0.09409517,
            0.08594195,
            0.08943425,
            0.07911216,
            0.07112135,
            0.09667869000000001,
            0.08147652999999999,
            0.08122592000000001,
            0.07946743,
            0.08081663,
            0.08986985,
            0.09137052000000001,
            0.0945865,
            0.09573145,
            0.09129929,
            0.07839858999999999,
            0.12187715000000002,
            0.10402008000000001,
            0.09443708,
            0.09235316,
            0.10220464000000001,
            0.08545595,
            0.07714584,
            0.07575839000000001,
            0.07942351,
            0.07940522,
            0.08115004,
            0.0823287,
            0.0768684,
            0.08486391000000001,
            0.08507428,
            0.09052785,
            0.10905878,
            0.08214980999999999,
            0.09333619,
            0.09795005000000001,
            0.10639206000000001,
            0.09323125,
            0.13838018,
            0.10078741,
            0.08695916000000001,
            0.09857592000000001,
            0.08755735,
            0.10912264000000002,
            0.10061476,
            0.08131885,
            0.08194169,
            0.07892209,
            0.08916506,
            0.08102846,
            0.08728055000000001,
            0.08881346000000001,
            0.09246878,
            0.09782532999999999
        ],
        [
            0.08655572,
            0.08665326,
            0.09197283,
            0.10684709,
            0.11561419,
            0.09891022,
            0.08719958,
            0.10124011999999999,
            0.08799144,
            0.04384899,
            0,
            0.03256763,
            0.04448383,
            0.06252400999999999,
            0.045361689999999996,
            0.06740334,
            0.05854462999999999,
            0.05460551,
            0.06391938999999999,
            0.06736033999999999,
            0.06439153,
            0.08054064999999999,
            0.061437490000000004,
            0.0918906,
            0.08603226,
            0.07787904000000001,
            0.08137134000000001,
            0.07104925000000001,
            0.06305844,
            0.08861578,
            0.07341362,
            0.07316301,
            0.07140452,
            0.07275372,
            0.08180694,
            0.08330761,
            0.08652359000000001,
            0.08766854,
            0.08323638,
            0.07033568,
            0.11381424000000001,
            0.09595717000000001,
            0.08637417,
            0.08429025000000001,
            0.09414173,
            0.07739304,
            0.06908293,
            0.06769548,
            0.0713606,
            0.07134231,
            0.07308713,
            0.07426579,
            0.06880549,
            0.07680100000000001,
            0.07701137000000001,
            0.08246494000000001,
            0.10099587,
            0.0740869,
            0.08527328,
            0.08988714,
            0.09832915,
            0.08516834000000001,
            0.13031726999999999,
            0.0927245,
            0.07889625,
            0.09051301,
            0.07949444,
            0.10105973000000001,
            0.09255185,
            0.07325593999999999,
            0.07387878,
            0.07085918000000001,
            0.08110215000000001,
            0.07296555,
            0.07921764,
            0.08075055,
            0.08440587,
            0.08976242
        ],
        [
            0.09304129,
            0.09313883,
            0.0984584,
            0.11333266,
            0.12209976,
            0.10539579,
            0.09368515000000001,
            0.10772569,
            0.09447701,
            0.05033456,
            0.03256763,
            0,
            0.0509694,
            0.06900958,
            0.051847260000000006,
            0.07388891,
            0.0650302,
            0.061091080000000006,
            0.07040496,
            0.07384591,
            0.0708771,
            0.08702622,
            0.06792306000000001,
            0.09837617000000001,
            0.09251783000000001,
            0.08436461,
            0.08785691000000001,
            0.07753482,
            0.06954401,
            0.09510135,
            0.07989919000000001,
            0.07964858,
            0.07789009,
            0.07923929,
            0.08829251,
            0.08979318,
            0.09300916000000001,
            0.09415411000000001,
            0.08972195000000001,
            0.07682125000000001,
            0.12029981000000001,
            0.10244274,
            0.09285974000000001,
            0.09077582000000001,
            0.1006273,
            0.08387861,
            0.07556850000000001,
            0.07418105,
            0.07784616999999999,
            0.07782788000000002,
            0.0795727,
            0.08075136,
            0.07529105999999999,
            0.08328657,
            0.08349694000000002,
            0.08895051000000001,
            0.10748144000000001,
            0.08057247000000001,
            0.09175885,
            0.09637271,
            0.10481472,
            0.09165391,
            0.13680283999999998,
            0.09921007000000001,
            0.08538182000000001,
            0.09699858,
            0.08598001000000001,
            0.10754530000000001,
            0.09903742000000001,
            0.07974151,
            0.08036435,
            0.07734475000000002,
            0.08758772000000001,
            0.07945112000000001,
            0.08570321,
            0.08723612,
            0.09089144,
            0.09624799
        ],
        [
            0.08659950999999999,
            0.08669705,
            0.09201662,
            0.10689088,
            0.11565798,
            0.09895401,
            0.08724337,
            0.10128390999999999,
            0.08803522999999999,
            0.052546739999999995,
            0.04448383,
            0.0509694,
            0,
            0.05671242,
            0.0395501,
            0.06159175,
            0.052733039999999995,
            0.04879392,
            0.0581078,
            0.06154875,
            0.05857994,
            0.07472906,
            0.055625900000000006,
            0.09193439,
            0.08607605,
            0.07792283,
            0.08141513,
            0.07109304,
            0.06310223,
            0.08865957000000001,
            0.07345741,
            0.0732068,
            0.07144831,
            0.07279751,
            0.08185073,
            0.0833514,
            0.08656738,
            0.08771233,
            0.08328017,
            0.07037947,
            0.11385803000000001,
            0.09600096000000001,
            0.08641796,
            0.08433404,
            0.09418552000000001,
            0.07743683,
            0.06912672,
            0.06773927,
            0.07140439,
            0.07138610000000001,
            0.07313092,
            0.07430958,
            0.06884928,
            0.07684479000000001,
            0.07705516000000001,
            0.08250873,
            0.10103966,
            0.07413069,
            0.08531707,
            0.08993093,
            0.09837294,
            0.08521213,
            0.13036105999999997,
            0.09276829,
            0.07894004,
            0.0905568,
            0.07953823,
            0.10110352000000002,
            0.09259564,
            0.07329973,
            0.07392256999999999,
            0.07090297000000001,
            0.08114594,
            0.07300934,
            0.07926143000000001,
            0.08079434,
            0.08444966,
            0.08980621
        ],
        [
            0.10463969,
            0.10473722999999999,
            0.11005679999999998,
            0.12493105999999998,
            0.13369816,
            0.11699419,
            0.10528355,
            0.11932409,
            0.10607541000000001,
            0.07058692,
            0.06252400999999999,
            0.06900958,
            0.05671242,
            0,
            0.053623540000000004,
            0.07566519000000001,
            0.06680648,
            0.06286736000000001,
            0.07218124000000001,
            0.07562219,
            0.07265338,
            0.0888025,
            0.06969934000000001,
            0.10997457,
            0.10411623,
            0.09596301,
            0.09945531,
            0.08913322,
            0.08114241,
            0.10669975000000001,
            0.09149758999999999,
            0.09124698,
            0.08948849,
            0.09083769,
            0.09989091,
            0.10139158000000001,
            0.10460756,
            0.10575251,
            0.10132035,
            0.08841964999999999,
            0.13189821000000002,
            0.11404114000000001,
            0.10445814,
            0.10237422,
            0.11222570000000001,
            0.09547701,
            0.08716689999999999,
            0.08577945000000001,
            0.08944457,
            0.08942628,
            0.0911711,
            0.09234976,
            0.08688946,
            0.09488497000000001,
            0.09509534,
            0.10054891,
            0.11907983999999999,
            0.09217086999999999,
            0.10335725,
            0.10797111000000001,
            0.11641312000000001,
            0.10325231,
            0.14840124,
            0.11080846999999999,
            0.09698022,
            0.10859698000000001,
            0.09757841,
            0.11914370000000002,
            0.11063582,
            0.09133991,
            0.09196275,
            0.08894315,
            0.09918612,
            0.09104952,
            0.09730161000000001,
            0.09883452000000001,
            0.10248984,
            0.10784638999999999
        ],
        [
            0.08747737,
            0.08757490999999999,
            0.09289448,
            0.10776874,
            0.11653584,
            0.09983186999999999,
            0.08812123,
            0.10216176999999999,
            0.08891309,
            0.0534246,
            0.045361689999999996,
            0.051847260000000006,
            0.0395501,
            0.053623540000000004,
            0,
            0.054773810000000006,
            0.0459151,
            0.04197598,
            0.05128986000000001,
            0.054730810000000005,
            0.051762,
            0.06791112,
            0.04880796000000001,
            0.09281225,
            0.08695391000000001,
            0.07880069,
            0.08229299000000001,
            0.0719709,
            0.06398009,
            0.08953743,
            0.07433527,
            0.07408466,
            0.07232617,
            0.07367537,
            0.08272859,
            0.08422926,
            0.08744524000000001,
            0.08859019,
            0.08415803000000001,
            0.07125733,
            0.11473589000000001,
            0.09687882,
            0.08729582000000001,
            0.08521190000000001,
            0.09506338,
            0.07831469,
            0.07000458,
            0.06861713,
            0.07228224999999999,
            0.07226396,
            0.07400878,
            0.07518744,
            0.06972713999999999,
            0.07772265,
            0.07793302,
            0.08338659000000001,
            0.10191752,
            0.07500855,
            0.08619493,
            0.09080879,
            0.0992508,
            0.08608999,
            0.13123891999999998,
            0.09364615,
            0.07981790000000001,
            0.09143466,
            0.08041609000000001,
            0.10198138000000001,
            0.0934735,
            0.07417759,
            0.07480043,
            0.07178083,
            0.08202380000000001,
            0.0738872,
            0.08013929,
            0.0816722,
            0.08532752,
            0.09068406999999999
        ],
        [
            0.10951902000000001,
            0.10961656,
            0.11493613,
            0.12981039,
            0.13857749,
            0.12187352,
            0.11016288,
            0.12420342,
            0.11095474,
            0.07546625,
            0.06740334,
            0.07388891,
            0.06159175,
            0.07566519000000001,
            0.054773810000000006,
            0,
            0.05941889,
            0.05547977,
            0.06479365,
            0.0749517,
            0.07198289,
            0.08813201,
            0.06902885,
            0.11485390000000001,
            0.10899556,
            0.10084234,
            0.10433464,
            0.09401255,
            0.08602174,
            0.11157908,
            0.09637692,
            0.09612630999999999,
            0.09436781999999999,
            0.09571702,
            0.10477024,
            0.10627091,
            0.10948689,
            0.11063184000000001,
            0.10619968,
            0.09329898,
            0.13677754,
            0.11892047,
            0.10933747,
            0.10725355,
            0.11710503,
            0.10035634,
            0.09204623,
            0.09065878,
            0.09432389999999999,
            0.09430561000000001,
            0.09605042999999999,
            0.09722908999999999,
            0.09176878999999999,
            0.0997643,
            0.09997467000000002,
            0.10542824,
            0.12395917000000001,
            0.0970502,
            0.10823658,
            0.11285044,
            0.12129245,
            0.10813164,
            0.15328056999999998,
            0.11568780000000001,
            0.10185955000000001,
            0.11347631,
            0.10245774,
            0.12402303,
            0.11551515000000001,
            0.09621924,
            0.09684208,
            0.09382248000000001,
            0.10406545,
            0.09592885000000001,
            0.10218094,
            0.10371385,
            0.10736917,
            0.11272572
        ],
        [
            0.10066031,
            0.10075784999999998,
            0.10607741999999999,
            0.12095167999999999,
            0.12971877999999998,
            0.11301481,
            0.10130417,
            0.11534470999999999,
            0.10209603,
            0.06660753999999999,
            0.05854462999999999,
            0.0650302,
            0.052733039999999995,
            0.06680648,
            0.0459151,
            0.05941889,
            0,
            0.046621060000000006,
            0.05593494,
            0.06609298999999999,
            0.06312418,
            0.07927329999999999,
            0.060170140000000004,
            0.10599518999999999,
            0.10013685,
            0.09198363,
            0.09547593,
            0.08515384,
            0.07716303,
            0.10272037,
            0.08751820999999999,
            0.0872676,
            0.08550911,
            0.08685831,
            0.09591153,
            0.0974122,
            0.10062818,
            0.10177312999999999,
            0.09734097,
            0.08444026999999998,
            0.12791883,
            0.11006176000000001,
            0.10047876,
            0.09839484,
            0.10824632000000001,
            0.09149763,
            0.08318751999999999,
            0.08180007,
            0.08546519,
            0.08544689999999999,
            0.08719172,
            0.08837038,
            0.08291008,
            0.09090559000000001,
            0.09111596,
            0.09656953,
            0.11510045999999999,
            0.08819148999999998,
            0.09937787,
            0.10399173,
            0.11243374,
            0.09927293,
            0.14442185999999999,
            0.10682908999999999,
            0.09300084,
            0.1046176,
            0.09359903,
            0.11516432000000001,
            0.10665643999999999,
            0.08736052999999999,
            0.08798336999999999,
            0.08496377,
            0.09520674,
            0.08707013999999999,
            0.09332223,
            0.09485514,
            0.09851046,
            0.10386700999999998
        ],
        [
            0.09672119000000001,
            0.09681872999999999,
            0.1021383,
            0.11701256,
            0.12577966000000002,
            0.10907569,
            0.09736505000000001,
            0.11140559,
            0.09815691000000001,
            0.06266842,
            0.05460551,
            0.061091080000000006,
            0.04879392,
            0.06286736000000001,
            0.04197598,
            0.05547977,
            0.046621060000000006,
            0,
            0.02421682,
            0.06215387,
            0.05918506,
            0.07533418,
            0.05623102000000001,
            0.10205607,
            0.09619773000000001,
            0.08804451,
            0.09153681000000001,
            0.08121472,
            0.07322391,
            0.09878125000000001,
            0.08357909,
            0.08332848000000001,
            0.08156999000000001,
            0.08291919,
            0.09197241,
            0.09347308000000001,
            0.09668906000000001,
            0.09783401,
            0.09340185000000001,
            0.08050115,
            0.12397971000000002,
            0.10612264000000002,
            0.09653964000000001,
            0.09445572,
            0.10430720000000002,
            0.08755851,
            0.0792484,
            0.07786095000000001,
            0.08152607,
            0.08150778,
            0.08325260000000001,
            0.08443126000000001,
            0.07897096,
            0.08696647000000002,
            0.08717684,
            0.09263041000000001,
            0.11116134,
            0.08425237,
            0.09543875,
            0.10005261000000001,
            0.10849462000000001,
            0.09533381,
            0.14048274,
