{
    "NEXUS_FILE_URL": "http://purl.org/phylo/treebase/phylows/study/TB2:S12730",
    "NEWICK_TREE": "((1:0.087501,(((2:0.0063409999999999855,5:0.025076999999999988):0.015899000000000024,3:0.027352000000000015):0.016302999999999984,(4:0.012884000000000007,6:0.006830000000000003):0.03803899999999999):0.008365000000000011):0.012122,(((((7:0.028646000000000005,(((31:0.050616999999999995,(39:0.014899999999999997,40:0.00705900000000001):0.02155499999999999):0.010395999999999989,(41:9.859999999999869E-4,42:0.0014450000000000018,(43:0.0013450000000000129,44:0.0018420000000000103):0.0013809999999999933):0.05527099999999999):0.016409000000000007,36:0.056548000000000015):0.03482199999999999):0.02656799999999998,(((10:0.064077,48:0.045166):0.011651999999999996,(22:0.018164000000000013,(37:0.022737000000000007,47:0.028439999999999993):0.00437700000000002):0.010811999999999988):0.0045449999999999935,(49:0.02784099999999999,52:0.044652999999999984):0.020624000000000003):0.01186899999999999):0.004833000000000004,((13:0.006749000000000005,14:0.006679000000000004):0.04228899999999999,((17:0.042665999999999996,29:0.044405):0.013721999999999998,54:0.06142800000000001):0.017062999999999995):0.016817):0.005580000000000002,(((12:0.005993999999999999,50:0.0018589999999999995):0.029957999999999985,19:0.034741999999999995):0.015270000000000006,(((15:0.037223000000000006,(38:0.058387999999999995,51:0.035463999999999996):0.02523800000000001):0.006022,30:0.056675):0.007432999999999995,58:0.048081999999999986):0.071359):0.008459999999999995):0.003074000000000021,(((((8:0.036451,9:0.013498999999999997):0.010061,((((23:0.027275999999999995,45:0.011822):0.013546000000000002,24:0.013396999999999992):0.016547000000000006,26:0.012766):0.007494999999999988,25:0.012968999999999994):0.017277):0.041356000000000004,((((18:0.014049000000000006,(((27:7.300000000000084E-4,28:0.0010360000000000091):0.008451999999999987,57:0.0036709999999999937):0.004681000000000005,46:0.015806):0.0033949999999999952):0.003494999999999998,55:0.016607999999999998):0.012502,(34:0.02351800000000001,35:0.020390999999999992):0.03654500000000001):0.006872000000000003,56:0.036109):0.023806999999999995):0.018974999999999992,(20:0.02266599999999999,21:0.035024):0.062923):0.015036000000000022,((11:0.023611999999999994,53:0.08742999999999998):0.007355,((16:0.030706999999999998,33:0.031532000000000004):0.007918000000000008,32:0.018901):0.01199699999999998):0.0047980000000000245):0.006384000000000001):0.012121999999999987);",
    "DISTANCE_MATRIX": [
        [
            0.0,
            0.134409,
            0.153145,
            0.139521,
            0.146789,
            0.140735,
            0.180446,
            0.26404399999999995,
            0.24988199999999997,
            0.24204099999999998,
            0.25928799999999996,
            0.25974699999999995,
            0.261028,
            0.261525,
            0.24317,
            0.21737499999999998,
            0.19846399999999997,
            0.170622,
            0.179572,
            0.185275,
            0.18556599999999998,
            0.20237799999999997,
            0.186254,
            0.186184,
            0.210667,
            0.21240599999999998,
            0.215707,
            0.174501,
            0.170366,
            0.173291,
            0.245316,
            0.291719,
            0.268795,
            0.25874600000000003,
            0.24272,
            0.240008,
            0.217056,
            0.275637,
            0.260183,
            0.248212,
            0.231034,
            0.223742,
            0.212865,
            0.216074,
            0.21638,
            0.21056299999999997,
            0.218017,
            0.21192899999999998,
            0.24288200000000001,
            0.239755,
            0.212056,
            0.218754,
            0.231112,
            0.153894,
            0.217712,
            0.17354899999999998,
            0.174374,
            0.153825
        ],
        [
            0.134409,
            0.0,
            0.031417999999999974,
            0.049592000000000025,
            0.08946599999999999,
            0.08341199999999999,
            0.139853,
            0.22345099999999998,
            0.20928899999999998,
            0.201448,
            0.21869499999999997,
            0.219154,
            0.220435,
            0.220932,
            0.202577,
            0.176782,
            0.15787099999999998,
            0.130029,
            0.13897900000000002,
            0.144682,
            0.144973,
            0.16178499999999998,
            0.145661,
            0.145591,
            0.170074,
            0.171813,
            0.17511400000000002,
            0.133908,
            0.129773,
            0.132698,
            0.20472300000000002,
            0.251126,
            0.22820200000000002,
            0.218153,
            0.202127,
            0.199415,
            0.176463,
            0.235044,
            0.21959,
            0.207619,
            0.190441,
            0.183149,
            0.172272,
            0.175481,
            0.175787,
            0.16996999999999998,
            0.177424,
            0.171336,
            0.20228900000000002,
            0.199162,
            0.171463,
            0.178161,
            0.19051900000000002,
            0.11330100000000001,
            0.177119,
            0.132956,
            0.133781,
            0.113232
        ],
        [
            0.153145,
            0.031417999999999974,
            0.0,
            0.06832800000000003,
            0.10820199999999999,
            0.10214799999999999,
            0.158589,
            0.24218699999999999,
            0.22802499999999998,
            0.220184,
            0.23743099999999998,
            0.23789,
            0.239171,
            0.239668,
            0.221313,
            0.195518,
            0.176607,
            0.148765,
            0.15771500000000002,
            0.163418,
            0.163709,
            0.180521,
            0.16439700000000002,
            0.164327,
            0.18881,
            0.190549,
            0.19385000000000002,
            0.152644,
            0.148509,
            0.151434,
            0.22345900000000002,
            0.26986200000000005,
            0.24693800000000002,
            0.23688900000000002,
            0.220863,
            0.218151,
            0.195199,
            0.25378,
            0.238326,
            0.226355,
            0.209177,
            0.201885,
            0.191008,
            0.194217,
            0.194523,
            0.18870599999999998,
            0.19616,
            0.190072,
            0.22102500000000003,
            0.217898,
            0.190199,
            0.19689700000000002,
            0.20925500000000002,
            0.13203700000000002,
            0.195855,
            0.151692,
            0.152517,
            0.131968
        ],
        [
            0.139521,
            0.049592000000000025,
            0.06832800000000003,
            0.0,
            0.094578,
            0.08852399999999999,
            0.144965,
            0.228563,
            0.21440099999999998,
            0.20656,
            0.22380699999999998,
            0.224266,
            0.225547,
            0.226044,
            0.207689,
            0.181894,
            0.162983,
            0.135141,
            0.14409100000000002,
            0.149794,
            0.150085,
            0.166897,
            0.15077300000000002,
            0.150703,
            0.175186,
            0.176925,
            0.18022600000000003,
            0.13902,
            0.134885,
            0.13781000000000002,
            0.20983500000000002,
            0.256238,
            0.23331400000000002,
            0.22326500000000002,
            0.207239,
            0.20452700000000001,
            0.18157500000000001,
            0.240156,
            0.224702,
            0.212731,
            0.195553,
            0.188261,
            0.17738400000000001,
            0.180593,
            0.180899,
            0.175082,
            0.182536,
            0.176448,
            0.20740100000000003,
            0.204274,
            0.176575,
            0.18327300000000002,
            0.19563100000000003,
            0.11841300000000002,
            0.182231,
            0.138068,
            0.13889300000000002,
            0.118344
        ],
        [
            0.146789,
            0.08946599999999999,
            0.10820199999999999,
            0.094578,
            0.0,
            0.01971400000000001,
            0.152233,
            0.23583099999999999,
            0.22166899999999998,
            0.213828,
            0.23107499999999997,
            0.231534,
            0.232815,
            0.233312,
            0.214957,
            0.189162,
            0.17025099999999999,
            0.142409,
            0.15135900000000002,
            0.157062,
            0.157353,
            0.174165,
            0.15804100000000001,
            0.157971,
            0.182454,
            0.184193,
            0.18749400000000002,
            0.146288,
            0.142153,
            0.145078,
            0.21710300000000002,
            0.263506,
            0.24058200000000002,
            0.23053300000000002,
            0.214507,
            0.211795,
            0.188843,
            0.247424,
            0.23197,
            0.219999,
            0.202821,
            0.195529,
            0.184652,
            0.187861,
            0.188167,
            0.18234999999999998,
            0.189804,
            0.183716,
            0.21466900000000003,
            0.211542,
            0.183843,
            0.19054100000000002,
            0.20289900000000002,
            0.12568100000000001,
            0.189499,
            0.145336,
            0.146161,
            0.125612
        ],
        [
            0.140735,
            0.08341199999999999,
            0.10214799999999999,
            0.08852399999999999,
            0.01971400000000001,
            0.0,
            0.146179,
            0.22977699999999998,
            0.21561499999999997,
            0.207774,
            0.22502099999999997,
            0.22547999999999999,
            0.226761,
            0.227258,
            0.208903,
            0.183108,
            0.16419699999999998,
            0.136355,
            0.14530500000000002,
            0.151008,
            0.151299,
            0.16811099999999998,
            0.151987,
            0.151917,
            0.1764,
            0.178139,
            0.18144000000000002,
            0.140234,
            0.136099,
            0.139024,
            0.21104900000000001,
            0.257452,
            0.23452800000000001,
            0.224479,
            0.208453,
            0.205741,
            0.182789,
            0.24137,
            0.225916,
            0.213945,
            0.196767,
            0.189475,
            0.178598,
            0.181807,
            0.182113,
            0.17629599999999998,
            0.18375,
            0.177662,
            0.20861500000000002,
            0.205488,
            0.177789,
            0.184487,
            0.19684500000000002,
            0.11962700000000001,
            0.183445,
            0.139282,
            0.140107,
            0.119558
        ],
        [
            0.180446,
            0.139853,
            0.158589,
            0.144965,
            0.152233,
            0.146179,
            0.0,
            0.14089,
            0.12672799999999998,
            0.11888699999999999,
            0.13613399999999998,
            0.136593,
            0.137874,
            0.138371,
            0.12001600000000001,
            0.14735699999999996,
            0.12844599999999995,
            0.10060399999999997,
            0.10955399999999998,
            0.11525699999999997,
            0.11554799999999997,
            0.13235999999999998,
            0.125902,
            0.125832,
            0.15031499999999998,
            0.15205399999999997,
            0.155355,
            0.12530899999999998,
            0.12117399999999998,
            0.12409899999999999,
            0.196124,
            0.242527,
            0.219603,
            0.209554,
            0.19352799999999998,
            0.19696400000000003,
            0.17401200000000003,
            0.23259300000000002,
            0.21713900000000003,
            0.20516800000000002,
            0.18799000000000002,
            0.18069800000000003,
            0.16982100000000003,
            0.17303000000000002,
            0.17333600000000002,
            0.16751900000000003,
            0.17497300000000002,
            0.168885,
            0.19983800000000004,
            0.19671100000000002,
            0.16901200000000002,
            0.17571000000000003,
            0.18806800000000004,
            0.11085000000000003,
            0.17466800000000002,
            0.13050500000000004,
            0.13133000000000003,
            0.11078100000000002
        ],
        [
            0.26404399999999995,
            0.22345099999999998,
            0.24218699999999999,
            0.228563,
            0.23583099999999999,
            0.22977699999999998,
            0.14089,
            0.0,
            0.08707199999999998,
            0.079231,
            0.11726999999999996,
            0.11772899999999997,
            0.11900999999999998,
            0.11950699999999997,
            0.13397,
            0.23095499999999994,
            0.21204399999999995,
            0.18420199999999995,
            0.19315199999999996,
            0.19885499999999995,
            0.19914599999999993,
            0.21595799999999993,
            0.20949999999999996,
            0.20942999999999995,
            0.23391299999999995,
            0.23565199999999997,
            0.23895299999999997,
            0.20890699999999995,
            0.20477199999999995,
            0.20769699999999996,
            0.27972199999999997,
            0.326125,
            0.30320099999999994,
            0.29315199999999997,
            0.277126,
            0.280562,
            0.25761,
            0.316191,
            0.30073700000000003,
            0.28876599999999997,
            0.271588,
            0.264296,
            0.253419,
            0.25662799999999997,
            0.256934,
            0.251117,
            0.258571,
            0.252483,
            0.283436,
            0.28030900000000003,
            0.25261,
            0.259308,
            0.271666,
            0.194448,
            0.258266,
            0.214103,
            0.214928,
            0.194379
        ],
        [
            0.24988199999999997,
            0.20928899999999998,
            0.22802499999999998,
            0.21440099999999998,
            0.22166899999999998,
            0.21561499999999997,
            0.12672799999999998,
            0.08707199999999998,
            0.0,
            0.021959000000000006,
            0.10310799999999995,
            0.10356699999999996,
            0.10484799999999997,
            0.10534499999999997,
            0.119808,
            0.21679299999999993,
            0.19788199999999995,
            0.17003999999999994,
            0.17898999999999995,
            0.18469299999999994,
            0.18498399999999993,
            0.20179599999999992,
            0.19533799999999996,
            0.19526799999999994,
            0.21975099999999995,
            0.22148999999999996,
            0.22479099999999996,
            0.19474499999999995,
            0.19060999999999995,
            0.19353499999999996,
            0.26555999999999996,
            0.311963,
            0.28903899999999993,
            0.27898999999999996,
            0.262964,
            0.26639999999999997,
            0.243448,
            0.302029,
            0.286575,
            0.27460399999999996,
            0.257426,
            0.25013399999999997,
            0.239257,
            0.242466,
            0.242772,
            0.23695499999999997,
            0.244409,
            0.238321,
            0.269274,
            0.266147,
            0.238448,
            0.245146,
            0.257504,
            0.180286,
            0.244104,
            0.19994099999999998,
            0.200766,
            0.180217
        ],
        [
            0.24204099999999998,
            0.201448,
            0.220184,
            0.20656,
            0.213828,
            0.207774,
            0.11888699999999999,
            0.079231,
            0.021959000000000006,
            0.0,
            0.09526699999999996,
            0.09572599999999998,
            0.09700699999999998,
            0.09750399999999998,
            0.11196700000000001,
            0.20895199999999994,
            0.19004099999999996,
            0.16219899999999995,
            0.17114899999999997,
            0.17685199999999995,
            0.17714299999999994,
            0.19395499999999993,
            0.18749699999999997,
            0.18742699999999995,
            0.21190999999999996,
            0.21364899999999998,
            0.21694999999999998,
            0.18690399999999996,
            0.18276899999999996,
            0.18569399999999997,
            0.257719,
            0.304122,
            0.28119799999999995,
            0.271149,
            0.255123,
            0.258559,
            0.235607,
            0.294188,
            0.27873400000000004,
            0.266763,
            0.249585,
            0.242293,
            0.231416,
            0.234625,
            0.234931,
            0.22911399999999998,
            0.236568,
            0.23048000000000002,
            0.261433,
            0.25830600000000004,
            0.230607,
            0.23730500000000002,
            0.24966300000000002,
            0.17244500000000001,
            0.236263,
            0.1921,
            0.192925,
            0.172376
        ],
        [
            0.25928799999999996,
            0.21869499999999997,
            0.23743099999999998,
            0.22380699999999998,
            0.23107499999999997,
            0.22502099999999997,
            0.13613399999999998,
            0.11726999999999996,
            0.10310799999999995,
            0.09526699999999996,
            0.0,
            0.0024309999999999887,
            0.003711999999999993,
            0.0042089999999999905,
            0.129214,
            0.22619899999999993,
            0.20728799999999992,
            0.17944599999999994,
            0.18839599999999995,
            0.19409899999999994,
            0.19438999999999995,
            0.21120199999999995,
            0.20474399999999995,
            0.20467399999999997,
            0.22915699999999994,
            0.23089599999999993,
            0.23419699999999996,
            0.20415099999999994,
            0.20001599999999994,
            0.20294099999999995,
            0.27496599999999993,
            0.32136899999999996,
            0.29844499999999996,
            0.288396,
            0.27236999999999995,
            0.275806,
            0.252854,
            0.311435,
            0.295981,
            0.28401,
            0.26683199999999996,
            0.25954,
            0.248663,
            0.251872,
            0.252178,
            0.246361,
            0.253815,
            0.24772699999999997,
            0.27868000000000004,
            0.275553,
            0.247854,
            0.254552,
            0.26691,
            0.189692,
            0.25351,
            0.209347,
            0.210172,
            0.18962299999999999
        ],
        [
            0.25974699999999995,
            0.219154,
            0.23789,
            0.224266,
            0.231534,
            0.22547999999999999,
            0.136593,
            0.11772899999999997,
            0.10356699999999996,
            0.09572599999999998,
            0.0024309999999999887,
            0.0,
            0.004171000000000008,
            0.0046680000000000055,
            0.129673,
            0.22665799999999994,
            0.20774699999999996,
            0.17990499999999995,
            0.18885499999999997,
            0.19455799999999995,
            0.19484899999999994,
            0.21166099999999993,
            0.20520299999999997,
            0.20513299999999995,
            0.22961599999999996,
            0.23135499999999998,
            0.23465599999999998,
            0.20460999999999996,
            0.20047499999999996,
            0.20339999999999997,
            0.275425,
            0.321828,
            0.29890399999999995,
            0.288855,
            0.272829,
            0.276265,
            0.253313,
            0.311894,
            0.29644000000000004,
            0.28446899999999997,
            0.267291,
            0.259999,
            0.249122,
            0.25233099999999997,
            0.252637,
            0.24681999999999998,
            0.254274,
            0.24818600000000002,
            0.279139,
            0.27601200000000004,
            0.248313,
            0.255011,
            0.267369,
            0.19015100000000001,
            0.253969,
            0.209806,
            0.210631,
            0.190082
        ],
        [
            0.261028,
            0.220435,
            0.239171,
            0.225547,
            0.232815,
            0.226761,
            0.137874,
            0.11900999999999998,
            0.10484799999999997,
            0.09700699999999998,
            0.003711999999999993,
            0.004171000000000008,
            0.0,
            0.003187000000000023,
            0.13095400000000001,
            0.22793899999999995,
            0.20902799999999994,
            0.18118599999999996,
            0.19013599999999997,
            0.19583899999999996,
            0.19612999999999997,
            0.21294199999999996,
            0.20648399999999997,
            0.206414,
            0.23089699999999996,
            0.23263599999999995,
            0.23593699999999998,
            0.20589099999999996,
            0.20175599999999996,
            0.20468099999999997,
            0.276706,
            0.323109,
            0.300185,
            0.29013599999999995,
            0.27410999999999996,
            0.277546,
            0.254594,
            0.313175,
            0.297721,
            0.28575,
            0.26857200000000003,
            0.26128,
            0.25040300000000004,
            0.253612,
            0.253918,
            0.24810100000000002,
            0.255555,
            0.249467,
            0.28042,
            0.277293,
            0.249594,
            0.256292,
            0.26865000000000006,
            0.19143200000000002,
            0.25525,
            0.21108700000000002,
            0.21191200000000002,
            0.191363
        ],
        [
            0.261525,
            0.220932,
            0.239668,
            0.226044,
            0.233312,
            0.227258,
            0.138371,
            0.11950699999999997,
            0.10534499999999997,
            0.09750399999999998,
            0.0042089999999999905,
            0.0046680000000000055,
            0.003187000000000023,
            0.0,
            0.131451,
            0.22843599999999994,
            0.20952499999999996,
            0.18168299999999996,
            0.19063299999999997,
            0.19633599999999996,
            0.19662699999999994,
            0.21343899999999993,
            0.20698099999999997,
            0.20691099999999996,
            0.23139399999999996,
            0.23313299999999998,
            0.23643399999999998,
            0.20638799999999996,
            0.20225299999999996,
            0.20517799999999997,
            0.277203,
            0.32360599999999995,
            0.300682,
            0.290633,
            0.27460699999999993,
            0.27804300000000004,
            0.255091,
            0.313672,
            0.298218,
            0.28624700000000003,
            0.269069,
            0.26177700000000004,
            0.2509,
            0.25410900000000003,
            0.254415,
            0.24859799999999999,
            0.256052,
            0.24996400000000002,
            0.28091700000000003,
            0.27779,
            0.250091,
            0.25678900000000004,
            0.269147,
            0.19192900000000002,
            0.255747,
            0.211584,
            0.21240900000000001,
            0.19186
        ],
        [
            0.24317,
            0.202577,
            0.221313,
            0.207689,
            0.214957,
            0.208903,
            0.12001600000000001,
            0.13397,
            0.119808,
            0.11196700000000001,
            0.129214,
            0.129673,
            0.13095400000000001,
            0.131451,
            0.0,
            0.21008099999999996,
            0.19116999999999995,
            0.16332799999999997,
            0.172278,
            0.17798099999999997,
            0.17827199999999999,
            0.19508399999999998,
            0.188626,
            0.188556,
            0.21303899999999998,
            0.21477799999999997,
            0.218079,
            0.18803299999999998,
            0.18389799999999998,
            0.186823,
            0.25884799999999997,
            0.305251,
            0.282327,
            0.272278,
            0.256252,
            0.25968800000000003,
            0.23673600000000003,
            0.29531700000000005,
            0.27986300000000003,
            0.267892,
            0.250714,
            0.24342200000000003,
            0.23254500000000003,
            0.23575400000000002,
            0.23606000000000002,
            0.23024300000000003,
            0.23769700000000002,
            0.231609,
            0.2625620000000001,
            0.259435,
            0.23173600000000003,
            0.23843400000000003,
            0.250792,
            0.17357400000000003,
            0.23739200000000002,
            0.19322900000000004,
            0.19405400000000003,
            0.17350500000000002
        ],
        [
            0.21737499999999998,
            0.176782,
            0.195518,
            0.181894,
            0.189162,
            0.183108,
            0.14735699999999996,
            0.23095499999999994,
            0.21679299999999993,
            0.20895199999999994,
            0.22619899999999993,
            0.22665799999999994,
            0.22793899999999995,
            0.22843599999999994,
            0.21008099999999996,
            0.0,
            0.10924299999999999,
            0.10470499999999999,
            0.113655,
            0.11935799999999999,
            0.128739,
            0.14555099999999999,
            0.16283099999999998,
            0.162761,
            0.18724399999999997,
            0.18898299999999996,
            0.19228399999999998,
            0.16223799999999997,
            0.15810299999999997,
            0.16102799999999998,
            0.23305299999999998,
            0.279456,
            0.256532,
            0.24648299999999998,
            0.23045699999999997,
            0.23389300000000002,
            0.21094100000000002,
            0.26952200000000004,
            0.254068,
            0.242097,
            0.224919,
            0.21762700000000001,
            0.20675000000000002,
            0.209959,
            0.210265,
            0.20444800000000002,
            0.211902,
            0.205814,
            0.23676700000000003,
            0.23364000000000001,
            0.205941,
            0.21263900000000002,
            0.22499700000000003,
            0.14777900000000002,
            0.211597,
            0.16743400000000003,
            0.16825900000000002,
            0.14771
        ],
        [
            0.19846399999999997,
            0.15787099999999998,
            0.176607,
            0.162983,
            0.17025099999999999,
            0.16419699999999998,
            0.12844599999999995,
            0.21204399999999995,
            0.19788199999999995,
            0.19004099999999996,
            0.20728799999999992,
            0.20774699999999996,
            0.20902799999999994,
            0.20952499999999996,
            0.19116999999999995,
            0.10924299999999999,
            0.0,
            0.085794,
            0.09474400000000001,
            0.100447,
            0.10982799999999998,
            0.12663999999999997,
            0.14392,
            0.14384999999999998,
            0.16833299999999995,
            0.17007199999999997,
            0.173373,
            0.14332699999999998,
            0.13919199999999998,
            0.142117,
            0.214142,
            0.26054499999999997,
            0.23762099999999997,
            0.227572,
            0.21154599999999996,
            0.214982,
            0.19203000000000003,
            0.25061100000000003,
            0.235157,
            0.223186,
            0.20600800000000002,
            0.198716,
            0.18783900000000003,
            0.191048,
            0.19135400000000002,
            0.185537,
            0.19299100000000002,
            0.186903,
            0.21785600000000005,
            0.214729,
            0.18703000000000003,
            0.193728,
            0.20608600000000005,
            0.12886800000000004,
            0.19268600000000002,
            0.14852300000000002,
            0.14934800000000004,
            0.128799
        ],
        [
            0.170622,
            0.130029,
            0.148765,
            0.135141,
            0.142409,
            0.136355,
            0.10060399999999997,
            0.18420199999999995,
            0.17003999999999994,
            0.16219899999999995,
            0.17944599999999994,
            0.17990499999999995,
            0.18118599999999996,
            0.18168299999999996,
            0.16332799999999997,
            0.10470499999999999,
            0.085794,
            0.0,
            0.04527800000000004,
            0.050981000000000026,
            0.08198599999999999,
            0.09879799999999998,
            0.11607799999999999,
            0.11600799999999999,
            0.14049099999999998,
            0.14222999999999997,
            0.145531,
            0.11548499999999998,
            0.11134999999999998,
            0.11427499999999999,
            0.1863,
            0.232703,
            0.209779,
            0.19973,
            0.18370399999999998,
            0.18714000000000003,
            0.16418800000000003,
            0.22276900000000002,
            0.20731500000000003,
            0.19534400000000002,
            0.17816600000000002,
            0.17087400000000003,
            0.15999700000000003,
            0.16320600000000002,
            0.16351200000000002,
            0.15769500000000003,
            0.16514900000000002,
            0.159061,
            0.19001400000000004,
            0.18688700000000003,
            0.15918800000000002,
            0.16588600000000003,
            0.17824400000000004,
            0.10102600000000003,
            0.16484400000000002,
            0.12068100000000002,
            0.12150600000000003,
            0.10095700000000002
        ],
        [
            0.179572,
            0.13897900000000002,
            0.15771500000000002,
            0.14409100000000002,
            0.15135900000000002,
            0.14530500000000002,
            0.10955399999999998,
            0.19315199999999996,
            0.17898999999999995,
            0.17114899999999997,
            0.18839599999999995,
            0.18885499999999997,
            0.19013599999999997,
            0.19063299999999997,
            0.172278,
            0.113655,
            0.09474400000000001,
            0.04527800000000004,
            0.0,
            0.051177,
            0.090936,
            0.107748,
            0.125028,
            0.124958,
            0.149441,
            0.15117999999999998,
            0.154481,
            0.12443499999999999,
            0.12029999999999999,
            0.123225,
            0.19525,
            0.241653,
            0.218729,
            0.20868,
            0.192654,
            0.19609000000000004,
            0.17313800000000004,
            0.23171900000000004,
            0.21626500000000004,
            0.20429400000000003,
            0.18711600000000003,
            0.17982400000000004,
            0.16894700000000004,
            0.17215600000000003,
            0.17246200000000003,
            0.16664500000000004,
            0.17409900000000003,
            0.16801100000000002,
            0.19896400000000006,
            0.19583700000000004,
            0.16813800000000004,
            0.17483600000000005,
            0.18719400000000005,
            0.10997600000000005,
            0.17379400000000003,
            0.12963100000000005,
            0.13045600000000004,
            0.10990700000000003
        ],
        [
            0.185275,
            0.144682,
            0.163418,
            0.149794,
            0.157062,
            0.151008,
            0.11525699999999997,
            0.19885499999999995,
            0.18469299999999994,
            0.17685199999999995,
            0.19409899999999994,
            0.19455799999999995,
            0.19583899999999996,
            0.19633599999999996,
            0.17798099999999997,
            0.11935799999999999,
            0.100447,
            0.050981000000000026,
            0.051177,
            0.0,
            0.09663899999999999,
            0.11345099999999998,
            0.13073099999999999,
            0.13066099999999997,
            0.15514399999999998,
            0.156883,
            0.160184,
            0.13013799999999998,
            0.12600299999999998,
            0.128928,
            0.200953,
            0.247356,
            0.224432,
            0.214383,
            0.19835699999999998,
            0.20179300000000003,
            0.17884100000000003,
            0.23742200000000002,
            0.22196800000000003,
            0.20999700000000002,
            0.19281900000000002,
            0.18552700000000003,
            0.17465000000000003,
            0.17785900000000002,
            0.17816500000000002,
            0.172348,
            0.17980200000000002,
            0.17371400000000004,
            0.20466700000000004,
            0.20154000000000002,
            0.17384100000000002,
            0.18053900000000003,
            0.19289700000000004,
            0.11567900000000003,
            0.17949700000000002,
            0.135334,
            0.13615900000000003,
            0.11561000000000002
        ],
        [
            0.18556599999999998,
            0.144973,
            0.163709,
            0.150085,
            0.157353,
            0.151299,
            0.11554799999999997,
            0.19914599999999993,
            0.18498399999999993,
            0.17714299999999994,
            0.19438999999999995,
            0.19484899999999994,
            0.19612999999999997,
            0.19662699999999994,
            0.17827199999999999,
            0.128739,
            0.10982799999999998,
            0.08198599999999999,
            0.090936,
            0.09663899999999999,
            0.0,
            0.07249399999999998,
            0.13102199999999997,
            0.13095199999999999,
            0.155435,
            0.15717399999999998,
            0.16047499999999998,
            0.13042899999999996,
            0.12629399999999996,
            0.12921899999999997,
            0.20124399999999998,
            0.247647,
            0.224723,
            0.21467399999999998,
            0.198648,
            0.20208400000000004,
            0.179132,
            0.237713,
            0.22225900000000004,
            0.21028800000000003,
            0.19311,
            0.18581800000000004,
            0.174941,
            0.17815000000000003,
            0.178456,
            0.17263900000000001,
            0.180093,
            0.17400500000000002,
            0.20495800000000003,
            0.20183100000000004,
            0.174132,
            0.18083000000000005,
            0.19318800000000003,
            0.11597000000000003,
            0.179788,
            0.13562500000000002,
            0.13645000000000002,
            0.11590100000000002
        ],
        [
            0.20237799999999997,
            0.16178499999999998,
            0.180521,
            0.166897,
            0.174165,
            0.16811099999999998,
            0.13235999999999998,
            0.21595799999999993,
            0.20179599999999992,
            0.19395499999999993,
            0.21120199999999995,
            0.21166099999999993,
            0.21294199999999996,
            0.21343899999999993,
            0.19508399999999998,
            0.14555099999999999,
            0.12663999999999997,
            0.09879799999999998,
            0.107748,
            0.11345099999999998,
            0.07249399999999998,
            0.0,
            0.14783399999999997,
            0.14776399999999998,
            0.17224699999999998,
            0.17398599999999997,
            0.17728699999999997,
            0.14724099999999996,
            0.14310599999999996,
            0.14603099999999997,
            0.21805599999999997,
            0.264459,
            0.241535,
            0.23148599999999997,
            0.21545999999999998,
            0.21889600000000003,
            0.195944,
            0.254525,
            0.23907100000000003,
            0.22710000000000002,
            0.209922,
            0.20263000000000003,
            0.191753,
            0.19496200000000002,
            0.195268,
            0.189451,
            0.196905,
            0.19081700000000001,
            0.22177000000000002,
            0.21864300000000003,
            0.190944,
            0.19764200000000004,
            0.21000000000000002,
            0.132782,
            0.1966,
            0.15243700000000002,
            0.153262,
            0.13271300000000003
        ],
        [
            0.186254,
            0.145661,
            0.16439700000000002,
            0.15077300000000002,
            0.15804100000000001,
            0.151987,
            0.125902,
            0.20949999999999996,
            0.19533799999999996,
            0.18749699999999997,
            0.20474399999999995,
            0.20520299999999997,
            0.20648399999999997,
            0.20698099999999997,
            0.188626,
            0.16283099999999998,
            0.14392,
            0.11607799999999999,
            0.125028,
            0.13073099999999999,
            0.13102199999999997,
            0.14783399999999997,
            0.0,
            0.01342800000000001,
            0.12248899999999999,
            0.12422799999999999,
            0.127529,
            0.13111699999999998,
            0.12698199999999998,
            0.129907,
            0.201932,
            0.248335,
            0.225411,
            0.215362,
            0.19933599999999999,
            0.20277200000000004,
            0.17982000000000004,
            0.23840100000000003,
            0.22294700000000003,
            0.21097600000000002,
            0.19379800000000003,
            0.18650600000000003,
            0.17562900000000004,
            0.17883800000000002,
            0.17914400000000003,
            0.173327,
            0.18078100000000003,
            0.17469300000000004,
            0.20564600000000005,
            0.20251900000000003,
            0.17482000000000003,
            0.18151800000000004,
