{
    "NEXUS_FILE_URL": "http://purl.org/phylo/treebase/phylows/study/TB2:S12005",
    "NEWICK_TREE": "(58:0.026105335,((55:0.01121701,(54:1.0E-8,56:0.00406732):0.00679307):0.00439602,((1:1.0E-8,2:1.0E-8):0.03977197,(57:0.01785253,(((50:1.0E-8,52:0.00162282):0.00471169,(51:0.00230534,(49:0.00404029,53:0.00166914):0.00272068):0.01064212):4.8274E-4,((46:0.00920883,(36:0.0032422,(37:0.00161394,38:1.0E-8):0.00335584):0.00516815):0.01126283,(((41:1.0E-8,(39:1.0E-8,40:1.0E-8):1.0E-8):0.0,((42:1.0E-8,44:8.0481E-4):1.0E-8,(43:1.0E-8,45:0.00161323):8.044E-4):8.0451E-4):0.01630211,((((22:1.0E-8,23:1.0E-8):1.0E-8,(48:8.0649E-4,(24:1.0E-8,25:1.0E-8):1.0E-8):8.048E-4):1.0E-8,((14:8.0463E-4,(13:1.0E-8,(15:1.0E-8,16:1.0E-8):1.0E-8):1.0E-8):1.0E-8,((17:8.0646E-4,18:1.0E-8):1.0E-8,(20:0.0016261,(19:0.00411656,21:8.1775E-4):7.9802E-4):8.038E-4):8.0421E-4):8.0759E-4):3.705E-7,(((30:0.00161021,31:0.00162959):0.00222154,((26:0.0049309,(27:0.00321732,(28:0.00161563,29:1.0E-8):0.00189108):0.00492864):0.01054533,(35:0.00743752,(34:0.00259215,(32:1.0E-8,33:1.0E-8):0.00310502):0.00168995):0.00316935):0.00187761):0.00306073,(5:8.0411E-4,(47:1.0E-8,(6:1.0E-8,((3:1.0E-8,4:1.0E-8):0.00161215,(12:1.0E-8,(11:1.0E-8,(7:1.0E-8,(10:1.0E-8,(8:1.0E-8,9:1.0E-8):1.0E-8):1.0E-8):1.0E-8):1.0E-8):8.0393E-4):1.0E-8):1.0E-8):1.0E-8):0.0064771):0.00267425):0.0017073):0.00131195):0.0146513):0.01726644):0.01344025):0.00197964):0.026105335);",
    "DISTANCE_MATRIX": [
        [
            0.0,
            0.0678237,
            0.06339977,
            0.06746708000000001,
            0.09396229,
            0.09396229,
            0.08548309,
            0.09009144,
            0.09171425,
            0.0983272,
            0.10278282999999999,
            0.10041168,
            0.12001996000000001,
            0.11922148000000002,
            0.12094906000000002,
            0.11933513000000001,
            0.11716237000000002,
            0.11716238000000001,
            0.11716238000000001,
            0.11796689000000002,
            0.11877169000000001,
            0.11877128,
            0.1203845,
            0.1025679505,
            0.1025679505,
            0.1041792205,
            0.1033727505,
            0.1033727505,
            0.10418015050000001,
            0.1033755405,
            0.1033755505,
            0.1033755505,
            0.10498619049999999,
            0.1041797405,
            0.1066096205,
            0.10989810050000001,
            0.1065992905,
            0.11213428,
            0.11215366000000002,
            0.12565637000000002,
            0.12887143,
            0.12916082,
            0.12754520000000003,
            0.12078701000000003,
            0.11763159000000001,
            0.11814447000000003,
            0.11814447000000003,
            0.11252301,
            0.11171892,
            0.11171893,
            0.11333109,
            0.11333109,
            0.11252287,
            0.11252287999999999,
            0.11252289000000001,
            0.11252290000000001,
            0.11252291,
            0.11252291
        ],
        [
            0.0678237,
            0.0,
            0.01801009,
            0.0220774,
            0.057364649999999996,
            0.057364649999999996,
            0.04888545,
            0.0534938,
            0.05511661,
            0.061729559999999996,
            0.06618519,
            0.06381404,
            0.08342232000000001,
            0.08262384,
            0.08435142000000001,
            0.08273749,
            0.08056473,
            0.08056474000000001,
            0.08056474000000001,
            0.08136925,
            0.08217405,
            0.08217364,
            0.08378686,
            0.06597031049999999,
            0.06597031049999999,
            0.0675815805,
            0.06677511050000001,
            0.06677511050000001,
            0.0675825105,
            0.0667779005,
            0.06677791050000001,
            0.06677791050000001,
            0.0683885505,
            0.06758210049999999,
            0.0700119805,
            0.0733004605,
            0.0700016505,
            0.07553664,
            0.07555602,
            0.08905873,
            0.09227379000000001,
            0.09256318000000001,
            0.09094756000000001,
            0.08418937000000001,
            0.08103395000000001,
            0.08154683000000001,
            0.08154683000000001,
            0.07592536999999999,
            0.07512128,
            0.07512129000000001,
            0.07673345000000001,
            0.07673345000000001,
            0.07592523000000001,
            0.07592524,
            0.07592525,
            0.07592526,
            0.07592527,
            0.07592527
        ],
        [
            0.06339977,
            0.01801009,
            0.0,
            0.00406733,
            0.05294072,
            0.05294072,
            0.04446152,
            0.04906987,
            0.050692680000000004,
            0.057305629999999996,
            0.06176126,
            0.05939011,
            0.07899839,
            0.07819991000000001,
            0.07992749000000002,
            0.07831356,
            0.07614080000000001,
            0.07614081,
            0.07614081,
            0.07694532000000001,
            0.07775012,
            0.07774971,
            0.07936293,
            0.0615463805,
            0.0615463805,
            0.0631576505,
            0.062351180500000006,
            0.062351180500000006,
            0.0631585805,
            0.0623539705,
            0.0623539805,
            0.0623539805,
            0.0639646205,
            0.0631581705,
            0.0655880505,
            0.0688765305,
            0.06557772049999999,
            0.07111271,
            0.07113209000000001,
            0.08463480000000001,
            0.08784986,
            0.08813925,
            0.08652363000000002,
            0.07976544000000002,
            0.07661002,
            0.07712290000000002,
            0.07712290000000002,
            0.07150144,
            0.07069734999999999,
            0.07069736,
            0.07230952,
            0.07230952,
            0.0715013,
            0.07150131,
            0.07150132000000001,
            0.07150133,
            0.07150134,
            0.07150134
        ],
        [
            0.06746708000000001,
            0.0220774,
            0.00406733,
            0.0,
            0.05700803,
            0.05700803,
            0.048528829999999995,
            0.053137180000000006,
            0.05475999000000001,
            0.06137294,
            0.06582857,
            0.06345742,
            0.0830657,
            0.08226722,
            0.08399480000000001,
            0.08238087,
            0.08020811,
            0.08020812000000001,
            0.08020812000000001,
            0.08101263,
            0.08181743,
            0.08181702,
            0.08343024,
            0.0656136905,
            0.0656136905,
            0.0672249605,
            0.06641849050000001,
            0.06641849050000001,
            0.0672258905,
            0.0664212805,
            0.06642129050000001,
            0.06642129050000001,
            0.0680319305,
            0.0672254805,
            0.0696553605,
            0.0729438405,
            0.0696450305,
            0.07518002,
            0.0751994,
            0.08870211,
            0.09191717,
            0.09220656,
            0.09059094000000001,
            0.08383275000000001,
            0.08067733,
            0.08119021000000001,
            0.08119021000000001,
            0.07556875,
            0.07476466,
            0.07476467,
            0.07637683,
            0.07637683,
            0.07556861000000001,
            0.07556862,
            0.07556863,
            0.07556864,
            0.07556865,
            0.07556865
        ],
        [
            0.09396229,
            0.057364649999999996,
            0.05294072,
            0.05700803,
            0.0,
            2e-08,
            0.07106476,
            0.07567311,
            0.07729592,
            0.08390887,
            0.0883645,
            0.08599335,
            0.10560163,
            0.10480315,
            0.10653073,
            0.10491679999999999,
            0.10274404,
            0.10274405,
            0.10274405,
            0.10354856,
            0.10435335999999999,
            0.10435295,
            0.10596617,
            0.0881496205,
            0.0881496205,
            0.0897608905,
            0.0889544205,
            0.0889544205,
            0.0897618205,
            0.0889572105,
            0.0889572205,
            0.0889572205,
            0.0905678605,
            0.0897614105,
            0.0921912905,
            0.0954797705,
            0.09218096049999999,
            0.09771595,
            0.09773533000000001,
            0.11123804,
            0.1144531,
            0.11474249,
            0.11312687,
            0.10636868000000001,
            0.10321326,
            0.10372614000000001,
            0.10372614000000001,
            0.09810468,
            0.09730058999999999,
            0.0973006,
            0.09891276,
            0.09891276,
            0.09810454,
            0.09810455,
            0.09810456000000001,
            0.09810457,
            0.09810458,
            0.09810458
        ],
        [
            0.09396229,
            0.057364649999999996,
            0.05294072,
            0.05700803,
            2e-08,
            0.0,
            0.07106476,
            0.07567311,
            0.07729592,
            0.08390887,
            0.0883645,
            0.08599335,
            0.10560163,
            0.10480315,
            0.10653073,
            0.10491679999999999,
            0.10274404,
            0.10274405,
            0.10274405,
            0.10354856,
            0.10435335999999999,
            0.10435295,
            0.10596617,
            0.0881496205,
            0.0881496205,
            0.0897608905,
            0.0889544205,
            0.0889544205,
            0.0897618205,
            0.0889572105,
            0.0889572205,
            0.0889572205,
            0.0905678605,
            0.0897614105,
            0.0921912905,
            0.0954797705,
            0.09218096049999999,
            0.09771595,
            0.09773533000000001,
            0.11123804,
            0.1144531,
            0.11474249,
            0.11312687,
            0.10636868000000001,
            0.10321326,
            0.10372614000000001,
            0.10372614000000001,
            0.09810468,
            0.09730058999999999,
            0.0973006,
            0.09891276,
            0.09891276,
            0.09810454,
            0.09810455,
            0.09810456000000001,
            0.09810457,
            0.09810458,
            0.09810458
        ],
        [
            0.08548309,
            0.04888545,
            0.04446152,
            0.048528829999999995,
            0.07106476,
            0.07106476,
            0.0,
            0.04031341,
            0.041936219999999996,
            0.04854917,
            0.0530048,
            0.05063365,
            0.07024193000000001,
            0.06944344999999999,
            0.07117103,
            0.0695571,
            0.06738434,
            0.06738435000000001,
            0.06738435000000001,
            0.06818886,
            0.06899366,
            0.06899325,
            0.07060647,
            0.0527899205,
            0.0527899205,
            0.0544011905,
            0.053594720500000005,
            0.053594720500000005,
            0.0544021205,
            0.0535975105,
            0.0535975205,
            0.0535975205,
            0.0552081605,
            0.0544017105,
            0.0568315905,
            0.0601200705,
            0.0568212605,
            0.06235625,
            0.06237563,
            0.07587834,
            0.07909340000000001,
            0.07938279000000001,
            0.07776717,
            0.07100898,
            0.06785356000000001,
            0.06836644,
            0.06836644,
            0.06274498,
            0.06194089,
            0.0619409,
            0.06355306,
            0.06355306,
            0.06274484,
            0.06274484999999999,
            0.06274486,
            0.06274487000000001,
            0.06274488,
            0.06274488
        ],
        [
            0.09009144,
            0.0534938,
            0.04906987,
            0.053137180000000006,
            0.07567311,
            0.07567311,
            0.04031341,
            0.0,
            0.00162283,
            0.01765916,
            0.02211479,
            0.01974364,
            0.0403174,
            0.03951892,
            0.0412465,
            0.03963257,
            0.03745981,
            0.037459820000000005,
            0.037459820000000005,
            0.038264330000000006,
            0.03906913,
            0.03906872,
            0.04068194,
            0.0228653905,
            0.0228653905,
            0.024476660500000004,
            0.0236701905,
            0.0236701905,
            0.0244775905,
            0.023672980500000003,
            0.023672990499999998,
            0.023672990499999998,
            0.0252836305,
            0.0244771805,
            0.026907060500000003,
            0.0301955405,
            0.0268967305,
            0.032431720000000004,
            0.032451100000000004,
            0.045953810000000005,
            0.04916887,
            0.049458260000000004,
            0.047842640000000006,
            0.04108445,
            0.03792903,
            0.03844191,
            0.03844191,
            0.03282045,
            0.03201636,
            0.03201637,
            0.033628530000000004,
            0.033628530000000004,
            0.032820310000000005,
            0.03282032,
            0.03282033,
            0.03282034,
            0.032820350000000005,
            0.032820350000000005
        ],
        [
            0.09171425,
            0.05511661,
            0.050692680000000004,
            0.05475999000000001,
            0.07729592,
            0.07729592,
            0.041936219999999996,
            0.00162283,
            0.0,
            0.01928197,
            0.023737599999999998,
            0.021366450000000002,
            0.04194021,
            0.041141729999999994,
            0.042869309999999994,
            0.041255379999999994,
            0.03908262,
            0.03908263,
            0.03908263,
            0.03988714,
            0.040691939999999996,
            0.04069153,
            0.042304749999999995,
            0.0244882005,
            0.0244882005,
            0.026099470500000003,
            0.025293000500000003,
            0.025293000500000003,
            0.0261004005,
            0.025295790500000002,
            0.0252958005,
            0.0252958005,
            0.0269064405,
            0.0260999905,
            0.028529870500000002,
            0.031818350499999995,
            0.0285195405,
            0.03405453,
            0.03407391,
            0.04757662,
            0.05079168,
            0.05108107,
            0.04946545,
            0.04270726,
            0.03955184,
            0.04006472,
            0.04006472,
            0.034443259999999996,
            0.033639169999999996,
            0.03363918,
            0.03525134,
            0.03525134,
            0.03444312,
            0.034443129999999995,
            0.03444314,
            0.03444315,
            0.03444316,
            0.03444316
        ],
        [
            0.0983272,
            0.061729559999999996,
            0.057305629999999996,
            0.06137294,
            0.08390887,
            0.08390887,
            0.04854917,
            0.01765916,
            0.01928197,
            0.0,
            0.00906631,
            0.00669516,
            0.04855316,
            0.047754679999999994,
            0.04948226,
            0.04786833,
            0.045695570000000005,
            0.04569558,
            0.04569558,
            0.04650009000000001,
            0.04730489,
            0.047304479999999996,
            0.048917699999999995,
            0.0311011505,
            0.0311011505,
            0.032712420500000006,
            0.0319059505,
            0.0319059505,
            0.0327133505,
            0.031908740500000005,
            0.0319087505,
            0.0319087505,
            0.033519390499999996,
            0.032712940499999996,
            0.035142820500000005,
            0.0384313005,
            0.0351324905,
            0.040667480000000006,
            0.040686860000000005,
            0.054189570000000006,
            0.05740463,
            0.05769402,
            0.0560784,
            0.04932021,
            0.04616479,
            0.046677670000000004,
            0.046677670000000004,
            0.041056209999999996,
            0.04025212,
            0.04025213,
            0.04186429,
            0.04186429,
            0.04105607,
            0.041056079999999995,
            0.04105609,
            0.0410561,
            0.04105611000000001,
            0.04105611000000001
        ],
        [
            0.10278282999999999,
            0.06618519,
            0.06176126,
            0.06582857,
            0.0883645,
            0.0883645,
            0.0530048,
            0.02211479,
            0.023737599999999998,
            0.00906631,
            0.0,
            0.00570943,
            0.05300879,
            0.052210309999999996,
            0.053937889999999995,
            0.052323959999999996,
            0.0501512,
            0.05015121,
            0.05015121,
            0.05095572,
            0.05176052,
            0.05176011,
            0.05337333,
            0.035556780499999996,
            0.035556780499999996,
            0.0371680505,
            0.036361580500000004,
            0.036361580500000004,
            0.0371689805,
            0.0363643705,
            0.0363643805,
            0.0363643805,
            0.0379750205,
            0.0371685705,
            0.0395984505,
            0.042886930499999996,
            0.0395881205,
            0.04512311,
            0.04514249,
            0.0586452,
            0.06186026,
            0.06214965,
            0.06053403,
            0.05377584,
            0.05062042,
            0.0511333,
            0.0511333,
            0.04551184,
            0.04470775,
            0.04470776,
            0.04631992,
            0.04631992,
            0.0455117,
            0.04551171,
            0.04551172,
            0.04551173,
            0.04551174,
            0.04551174
        ],
        [
            0.10041168,
            0.06381404,
            0.05939011,
            0.06345742,
            0.08599335,
            0.08599335,
            0.05063365,
            0.01974364,
            0.021366450000000002,
            0.00669516,
            0.00570943,
            0.0,
            0.050637640000000005,
            0.04983916,
            0.05156674,
            0.04995281,
            0.047780050000000004,
            0.047780060000000006,
            0.047780060000000006,
            0.04858457000000001,
            0.04938937,
            0.04938896,
            0.05100218,
            0.0331856305,
            0.0331856305,
            0.034796900500000005,
            0.0339904305,
            0.0339904305,
            0.0347978305,
            0.033993220500000004,
            0.0339932305,
            0.0339932305,
            0.0356038705,
            0.0347974205,
            0.037227300500000005,
            0.0405157805,
            0.0372169705,
            0.042751960000000006,
            0.042771340000000005,
            0.056274050000000006,
            0.059489110000000005,
            0.059778500000000005,
            0.05816288000000001,
            0.05140469,
            0.048249270000000004,
            0.048762150000000004,
            0.048762150000000004,
            0.04314069,
            0.0423366,
            0.042336610000000004,
            0.043948770000000005,
            0.043948770000000005,
            0.04314055000000001,
            0.04314056,
            0.04314057,
            0.043140580000000005,
            0.043140590000000006,
            0.043140590000000006
        ],
        [
            0.12001996000000001,
            0.08342232000000001,
            0.07899839,
            0.0830657,
            0.10560163,
            0.10560163,
            0.07024193000000001,
            0.0403174,
            0.04194021,
            0.04855316,
            0.05300879,
            0.050637640000000005,
            0.0,
            0.017619179999999998,
            0.019346759999999998,
            0.017732829999999998,
            0.03808573,
            0.03808574,
            0.03808574,
            0.03889025,
            0.039695049999999996,
            0.03969464,
            0.04130786,
            0.0234913105,
            0.0234913105,
            0.0251025805,
            0.0242961105,
            0.0242961105,
            0.0251035105,
            0.024298900499999998,
            0.0242989105,
            0.0242989105,
            0.0259095505,
            0.0251031005,
            0.0275329805,
            0.030821460499999998,
            0.0275226505,
            0.03305764,
            0.03307702,
            0.04657973,
            0.04979479,
            0.05008418,
            0.04846856,
            0.04171037,
            0.03855495,
            0.03906783,
            0.03906783,
            0.03344637,
            0.032642279999999996,
            0.032642290000000004,
            0.03425445,
            0.03425445,
            0.03344623,
            0.03344624,
            0.03344625,
            0.03344626,
            0.03344627,
            0.03344627
        ],
        [
            0.11922148000000002,
            0.08262384,
            0.07819991000000001,
            0.08226722,
            0.10480315,
            0.10480315,
            0.06944344999999999,
            0.03951892,
            0.041141729999999994,
            0.047754679999999994,
            0.052210309999999996,
            0.04983916,
            0.017619179999999998,
            0.0,
            0.00821198,
            0.00659805,
            0.03728725,
            0.03728726,
            0.03728726,
            0.03809177,
            0.03889657,
            0.03889616,
            0.04050938,
            0.022692830499999997,
            0.022692830499999997,
            0.0243041005,
            0.023497630499999998,
            0.023497630499999998,
            0.024305030499999998,
            0.023500420499999997,
            0.0235004305,
            0.0235004305,
            0.0251110705,
            0.0243046205,
            0.0267345005,
            0.030022980499999997,
            0.026724170499999998,
            0.032259159999999995,
            0.032278539999999994,
            0.045781249999999996,
            0.04899631,
            0.0492857,
            0.047670080000000004,
            0.04091188999999999,
            0.03775647,
            0.038269349999999994,
            0.038269349999999994,
            0.03264789,
            0.0318438,
            0.03184381,
            0.03345597,
            0.03345597,
            0.03264775,
            0.03264776,
            0.03264777,
            0.03264778,
            0.032647789999999996,
            0.032647789999999996
        ],
        [
            0.12094906000000002,
            0.08435142000000001,
            0.07992749000000002,
            0.08399480000000001,
            0.10653073,
            0.10653073,
            0.07117103,
            0.0412465,
            0.042869309999999994,
            0.04948226,
            0.053937889999999995,
            0.05156674,
            0.019346759999999998,
            0.00821198,
            0.0,
            0.0016139499999999998,
            0.03901483,
            0.039014839999999995,
            0.039014839999999995,
            0.03981935,
            0.04062415,
            0.04062374,
            0.04223696,
            0.024420410499999996,
            0.024420410499999996,
            0.026031680499999998,
            0.025225210499999998,
            0.025225210499999998,
            0.026032610499999997,
            0.025228000499999997,
            0.0252280105,
            0.0252280105,
            0.0268386505,
            0.026032200499999998,
            0.0284620805,
            0.0317505605,
            0.028451750499999998,
            0.03398674,
            0.03400612,
            0.04750883,
            0.050723889999999994,
            0.051013279999999994,
            0.049397659999999996,
            0.04263947,
            0.03948404999999999,
            0.03999693,
            0.03999693,
            0.03437547,
            0.03357138,
            0.03357139,
            0.035183549999999994,
            0.035183549999999994,
            0.034375329999999996,
            0.03437534,
            0.03437535,
            0.034375359999999994,
            0.03437537,
            0.03437537
        ],
        [
            0.11933513000000001,
            0.08273749,
            0.07831356,
            0.08238087,
            0.10491679999999999,
            0.10491679999999999,
            0.0695571,
            0.03963257,
            0.041255379999999994,
            0.04786833,
            0.052323959999999996,
            0.04995281,
            0.017732829999999998,
            0.00659805,
            0.0016139499999999998,
            0.0,
            0.0374009,
            0.037400909999999996,
            0.037400909999999996,
            0.038205420000000004,
            0.03901022,
            0.03900981,
            0.04062303,
            0.022806480499999997,
            0.022806480499999997,
            0.024417750499999998,
            0.023611280499999998,
            0.023611280499999998,
            0.024418680499999998,
            0.023614070499999997,
            0.0236140805,
            0.0236140805,
            0.0252247205,
            0.0244182705,
            0.0268481505,
            0.030136630499999997,
            0.026837820499999998,
            0.03237281,
            0.03239219,
            0.0458949,
            0.049109959999999994,
            0.049399349999999995,
            0.047783729999999996,
            0.04102554,
            0.03787011999999999,
            0.038383,
            0.038383,
            0.03276154,
            0.03195745,
            0.03195746,
            0.033569619999999994,
            0.033569619999999994,
            0.032761399999999996,
            0.03276141,
            0.03276142,
            0.032761429999999994,
            0.03276144,
            0.03276144
        ],
        [
            0.11716237000000002,
            0.08056473,
            0.07614080000000001,
            0.08020811,
            0.10274404,
            0.10274404,
            0.06738434,
            0.03745981,
            0.03908262,
            0.045695570000000005,
            0.0501512,
            0.047780050000000004,
            0.03808573,
            0.03728725,
            0.03901483,
            0.0374009,
            0.0,
            3.0000000000000004e-08,
            3.0000000000000004e-08,
            0.0008045400000000001,
            0.00160934,
            0.0016089300000000002,
            0.00322215,
            0.018009820500000003,
            0.018009820500000003,
            0.019621090500000004,
            0.018814620500000004,
            0.018814620500000004,
            0.019622020500000004,
            0.018817410500000003,
            0.018817420500000005,
            0.018817420500000005,
            0.020428060500000005,
            0.019621610500000004,
            0.022051490500000003,
            0.025339970500000003,
            0.022041160500000004,
            0.02757615,
            0.027595530000000004,
            0.04109824000000001,
            0.0443133,
            0.04460269,
            0.04298707,
            0.036228880000000005,
            0.03307346,
            0.033586340000000006,
            0.033586340000000006,
            0.027964880000000004,
            0.027160790000000004,
            0.027160800000000006,
            0.028772960000000004,
            0.028772960000000004,
            0.027964740000000002,
            0.027964750000000003,
            0.027964760000000005,
            0.027964770000000003,
            0.02796478,
            0.02796478
        ],
        [
            0.11716238000000001,
            0.08056474000000001,
            0.07614081,
            0.08020812000000001,
            0.10274405,
            0.10274405,
            0.06738435000000001,
            0.037459820000000005,
            0.03908263,
            0.04569558,
            0.05015121,
            0.047780060000000006,
            0.03808574,
            0.03728726,
            0.039014839999999995,
            0.037400909999999996,
            3.0000000000000004e-08,
            0.0,
            2e-08,
            0.00080455,
            0.00160935,
            0.0016089400000000003,
            0.00322216,
            0.0180098305,
            0.0180098305,
            0.019621100500000002,
            0.018814630500000002,
            0.018814630500000002,
            0.019622030500000002,
            0.0188174205,
            0.018817430500000003,
            0.018817430500000003,
            0.020428070500000003,
            0.019621620500000003,
            0.0220515005,
            0.0253399805,
            0.022041170500000002,
            0.027576160000000002,
            0.02759554,
            0.04109825,
            0.04431331,
            0.0446027,
            0.042987080000000004,
            0.03622889,
            0.03307347,
            0.03358635,
            0.03358635,
            0.027964890000000003,
            0.027160800000000002,
            0.02716081,
            0.028772970000000002,
            0.028772970000000002,
            0.027964750000000003,
            0.02796476,
            0.02796477,
            0.02796478,
            0.027964790000000003,
            0.027964790000000003
        ],
        [
            0.11716238000000001,
            0.08056474000000001,
            0.07614081,
            0.08020812000000001,
            0.10274405,
            0.10274405,
            0.06738435000000001,
            0.037459820000000005,
            0.03908263,
            0.04569558,
            0.05015121,
            0.047780060000000006,
            0.03808574,
            0.03728726,
            0.039014839999999995,
            0.037400909999999996,
            3.0000000000000004e-08,
            2e-08,
            0.0,
            0.00080455,
            0.00160935,
            0.0016089400000000003,
            0.00322216,
            0.0180098305,
            0.0180098305,
            0.019621100500000002,
            0.018814630500000002,
            0.018814630500000002,
            0.019622030500000002,
            0.0188174205,
            0.018817430500000003,
            0.018817430500000003,
            0.020428070500000003,
            0.019621620500000003,
            0.0220515005,
            0.0253399805,
            0.022041170500000002,
            0.027576160000000002,
            0.02759554,
            0.04109825,
            0.04431331,
            0.0446027,
            0.042987080000000004,
            0.03622889,
            0.03307347,
            0.03358635,
            0.03358635,
            0.027964890000000003,
            0.027160800000000002,
            0.02716081,
            0.028772970000000002,
            0.028772970000000002,
            0.027964750000000003,
            0.02796476,
            0.02796477,
            0.02796478,
            0.027964790000000003,
            0.027964790000000003
        ],
        [
            0.11796689000000002,
            0.08136925,
            0.07694532000000001,
            0.08101263,
            0.10354856,
            0.10354856,
            0.06818886,
            0.038264330000000006,
            0.03988714,
            0.04650009000000001,
            0.05095572,
            0.04858457000000001,
            0.03889025,
            0.03809177,
            0.03981935,
            0.038205420000000004,
            0.0008045400000000001,
            0.00080455,
            0.00080455,
            0.0,
            0.00080482,
            0.0008044300000000001,
            0.00241765,
            0.018814340500000002,
            0.018814340500000002,
            0.020425610500000003,
            0.019619140500000003,
            0.019619140500000003,
            0.020426540500000003,
            0.019621930500000002,
            0.019621940500000004,
            0.019621940500000004,
            0.021232580500000004,
            0.020426130500000004,
            0.022856010500000003,
            0.026144490500000003,
            0.022845680500000003,
            0.028380670000000004,
            0.028400050000000003,
            0.041902760000000004,
            0.04511782,
            0.04540721,
            0.043791590000000005,
            0.0370334,
            0.03387798,
            0.03439086,
            0.03439086,
            0.028769400000000004,
            0.027965310000000004,
            0.027965320000000002,
            0.029577480000000003,
            0.029577480000000003,
            0.028769260000000005,
            0.028769270000000003,
            0.02876928,
            0.028769290000000003,
            0.028769300000000005,
            0.028769300000000005
        ],
        [
            0.11877169000000001,
            0.08217405,
            0.07775012,
            0.08181743,
            0.10435335999999999,
            0.10435335999999999,
            0.06899366,
            0.03906913,
            0.040691939999999996,
            0.04730489,
            0.05176052,
            0.04938937,
            0.039695049999999996,
            0.03889657,
            0.04062415,
            0.03901022,
            0.00160934,
            0.00160935,
            0.00160935,
            0.00080482,
            0.0,
            0.0016092300000000001,
            0.00322245,
            0.0196191405,
            0.0196191405,
            0.0212304105,
            0.0204239405,
            0.0204239405,
            0.0212313405,
            0.0204267305,
            0.020426740500000002,
            0.020426740500000002,
            0.022037380500000002,
            0.021230930500000002,
            0.0236608105,
            0.0269492905,
            0.0236504805,
            0.029185469999999998,
            0.02920485,
            0.042707560000000006,
            0.04592262,
            0.04621201,
            0.04459639,
            0.0378382,
            0.034682779999999996,
            0.035195660000000004,
            0.035195660000000004,
            0.029574200000000002,
            0.02877011,
            0.028770120000000003,
            0.03038228,
            0.03038228,
            0.02957406,
            0.02957407,
            0.029574080000000003,
            0.02957409,
            0.0295741,
            0.0295741
        ],
        [
            0.11877128,
            0.08217364,
            0.07774971,
            0.08181702,
            0.10435295,
            0.10435295,
            0.06899325,
            0.03906872,
            0.04069153,
            0.047304479999999996,
            0.05176011,
            0.04938896,
            0.03969464,
            0.03889616,
            0.04062374,
            0.03900981,
            0.0016089300000000002,
            0.0016089400000000003,
            0.0016089400000000003,
            0.0008044300000000001,
            0.0016092300000000001,
            0.0,
            0.00161324,
            0.0196187305,
            0.0196187305,
            0.021230000500000002,
            0.020423530500000002,
            0.020423530500000002,
            0.021230930500000002,
            0.0204263205,
            0.020426330500000003,
            0.020426330500000003,
            0.022036970500000003,
            0.021230520500000002,
            0.0236604005,
            0.0269488805,
            0.023650070500000002,
            0.02918506,
            0.02920444,
            0.04270715,
            0.045922210000000005,
            0.046211600000000005,
            0.04459598000000001,
            0.037837789999999996,
            0.034682370000000004,
            0.03519525,
            0.03519525,
            0.029573790000000003,
            0.028769700000000002,
            0.028769710000000004,
            0.030381870000000002,
            0.030381870000000002,
            0.02957365,
            0.02957366,
            0.029573670000000003,
            0.02957368,
            0.02957369,
            0.02957369
        ],
        [
            0.1203845,
            0.08378686,
            0.07936293,
            0.08343024,
            0.10596617,
            0.10596617,
            0.07060647,
            0.04068194,
            0.042304749999999995,
            0.048917699999999995,
            0.05337333,
            0.05100218,
            0.04130786,
            0.04050938,
            0.04223696,
            0.04062303,
            0.00322215,
            0.00322216,
            0.00322216,
            0.00241765,
            0.00322245,
            0.00161324,
            0.0,
            0.0212319505,
            0.0212319505,
            0.0228432205,
            0.0220367505,
            0.0220367505,
            0.0228441505,
            0.0220395405,
            0.0220395505,
            0.0220395505,
            0.0236501905,
            0.0228437405,
            0.0252736205,
            0.0285621005,
            0.0252632905,
            0.030798279999999997,
            0.03081766,
            0.04432037,
            0.047535430000000004,
            0.047824820000000004,
            0.046209200000000006,
            0.039451009999999995,
            0.03629559,
            0.036808469999999996,
            0.036808469999999996,
            0.03118701,
            0.03038292,
            0.030382930000000002,
            0.031995090000000004,
            0.031995090000000004,
            0.03118687,
            0.03118688,
            0.031186890000000002,
            0.0311869,
            0.031186909999999998,
            0.031186909999999998
        ],
        [
            0.1025679505,
            0.06597031049999999,
            0.0615463805,
            0.0656136905,
            0.0881496205,
            0.0881496205,
            0.0527899205,
            0.0228653905,
            0.0244882005,
            0.0311011505,
            0.035556780499999996,
            0.0331856305,
            0.0234913105,
            0.022692830499999997,
            0.024420410499999996,
            0.022806480499999997,
            0.018009820500000003,
            0.0180098305,
            0.0180098305,
            0.018814340500000002,
            0.0196191405,
            0.0196187305,
            0.0212319505,
            0.0,
            2e-08,
            0.0016113100000000001,
            0.00080484,
            0.00080484,
            0.0016122600000000001,
            0.00080765,
            0.00080766,
            0.00080766,
            0.0024183,
            0.00161185,
            0.00404173,
            0.00733021,
            0.004031399999999999,
            0.0095671305,
            0.009586510500000001,
            0.023089220500000004,
            0.026304280500000003,
            0.026593670500000003,
