{
    "NEXUS_FILE_URL": "http://purl.org/phylo/treebase/phylows/study/TB2:S11744",
    "NEWICK_TREE": "(4:0.029376,((2:0.031536,(1:0.013233,3:0.032064):0.013749):0.003118,((91:0.0,92:6.07E-4):0.018778,((((12:0.0,15:5.86E-4):0.012328,(30:0.0,33:0.0):0.0097):0.005298,((151:0.003893,(11:0.0,(143:0.001246,144:0.005669):0.0):0.0):0.008636,((49:0.0,45:0.0):0.005976,(115:0.0,(113:0.0,114:0.0):0.0):0.005359):0.004061):0.007174):0.005909,(((168:0.0,169:0.0):0.022398,(((97:0.0,100:0.0):0.006369,(((108:0.0,109:0.001771):0.002648,(132:0.001473,133:0.002673):0.0):0.0,(112:0.0,((103:0.0,111:0.0):0.00322,(105:0.001418,107:0.003044):0.0):0.0):0.002173):0.003816):0.006995,(((139:0.002627,140:0.001606):0.0,((5:0.0,6:0.004191):0.0,(135:0.001751,138:5.25E-4):6.69E-4):0.0):0.005379,((120:0.001007,(117:0.004378,118:0.004075):0.0):0.010169,(((121:0.0,122:5.86E-4):0.0,(126:0.00318,(127:0.00236,129:0.0):0.0):0.0):0.008599,((146:0.001888,147:6.61E-4):0.003279,((34:0.0,42:0.0):0.0,(36:0.0,37:0.0):0.0):0.008038):0.001469):0.001603):9.05E-4):0.004568):0.003802):0.0,((164:8.7E-4,165:3.53E-4):0.016465,(((150:0.001171,(148:0.0,149:0.001347):0.001184):6.79E-4,((23:0.0,26:0.004193):0.0,(16:6.12E-4,(19:0.0,27:0.0):0.0):0.0):0.003609):0.003305,((163:0.0,((155:0.001183,158:0.001782,159:6.4E-4):0.0,((152:0.0,153:5.9E-4):0.0,(160:0.001178,161:0.0):0.001768):0.0):0.0):0.005553,((43:0.0,44:0.0):0.006101,((8:0.003028,10:8.6E-4):0.00479,(89:6.92E-4,(88:0.003278,90:0.004088):0.0):0.003767):0.002981,(81:0.001577,((74:5.87E-4,(70:0.0,(53:8.35E-4,75:0.0):0.001676):0.0):0.0,((67:0.0,78:0.001206):0.0,(83:0.00182,86:0.0):0.001793):0.0,(65:5.88E-4,(58:0.0,(80:0.0,(63:0.001651,84:0.001349):0.0):0.0):0.0):0.0,(51:5.24E-4,(76:0.002403,(57:0.002386,(64:0.001043,(61:6.02E-4,62:5.78E-4):5.34E-4):0.0):0.0):0.0):0.0):0.0):0.002981):0.002837):0.003747):0.003822):0.01029):0.004407):0.002817):0.01338):0.029376);",
    "DISTANCE_MATRIX": [
        [
            0,
            0.093406,
            0.088852,
            0.10768300000000001,
            0.09090999999999999,
            0.091517,
            0.098484,
            0.09907,
            0.095856,
            0.095856,
            0.100561,
            0.09666799999999999,
            0.097914,
            0.102337,
            0.098069,
            0.098069,
            0.097452,
            0.097452,
            0.097452,
            0.101754,
            0.101754,
            0.096522,
            0.096522,
            0.096617,
            0.098388,
            0.095442,
            0.09664199999999999,
            0.09614199999999999,
            0.09936199999999999,
            0.09936199999999999,
            0.09756,
            0.099186,
            0.095732,
            0.094711,
            0.09310500000000001,
            0.09729600000000001,
            0.095525,
            0.094299,
            0.09980699999999999,
            0.103178,
            0.102875,
            0.098833,
            0.099419,
            0.102013,
            0.10119299999999999,
            0.098833,
            0.09687,
            0.09564299999999999,
            0.099741,
            0.099741,
            0.099741,
            0.099741,
            0.10698099999999999,
            0.106464,
            0.098623,
            0.098636,
            0.099983,
            0.100382,
            0.104575,
            0.100994,
            0.100382,
            0.100382,
            0.102768,
            0.103951,
            0.10455,
            0.103408,
            0.102768,
            0.10335799999999999,
            0.105714,
            0.104536,
            0.106153,
            0.106153,
            0.11085099999999999,
            0.108683,
            0.107492,
            0.110078,
            0.110888,
            0.10461000000000001,
            0.10362,
            0.103033,
            0.105544,
            0.104709,
            0.103033,
            0.104239,
            0.106646,
            0.104826,
            0.103621,
            0.103033,
            0.103033,
            0.104684,
            0.104382,
            0.103557,
            0.105436,
            0.105419,
            0.104076,
            0.104169,
            0.104145
        ],
        [
            0.093406,
            0,
            0.058518,
            0.077349,
            0.06681200000000001,
            0.067419,
            0.07438600000000001,
            0.07497200000000001,
            0.071758,
            0.071758,
            0.076463,
            0.07257,
            0.073816,
            0.078239,
            0.07397100000000001,
            0.07397100000000001,
            0.073354,
            0.073354,
            0.073354,
            0.077656,
            0.077656,
            0.072424,
            0.072424,
            0.072519,
            0.07429000000000001,
            0.071344,
            0.072544,
            0.072044,
            0.075264,
            0.075264,
            0.073462,
            0.075088,
            0.071634,
            0.07061300000000001,
            0.06900700000000001,
            0.07319800000000001,
            0.071427,
            0.070201,
            0.075709,
            0.07908000000000001,
            0.078777,
            0.07473500000000001,
            0.075321,
            0.07791500000000001,
            0.077095,
            0.07473500000000001,
            0.072772,
            0.071545,
            0.075643,
            0.075643,
            0.075643,
            0.075643,
            0.082883,
            0.08236600000000001,
            0.07452500000000001,
            0.07453800000000001,
            0.07588500000000001,
            0.076284,
            0.080477,
            0.076896,
            0.076284,
            0.076284,
            0.07867,
            0.07985300000000001,
            0.08045200000000001,
            0.07931,
            0.07867,
            0.07926,
            0.08161600000000001,
            0.08043800000000001,
            0.082055,
            0.082055,
            0.086753,
            0.08458500000000001,
            0.08339400000000001,
            0.08598,
            0.08679,
            0.08051200000000001,
            0.07952200000000001,
            0.078935,
            0.081446,
            0.080611,
            0.078935,
            0.080141,
            0.08254800000000001,
            0.08072800000000001,
            0.07952300000000001,
            0.078935,
            0.078935,
            0.080586,
            0.08028400000000001,
            0.079459,
            0.08133800000000001,
            0.081321,
            0.07997800000000001,
            0.080071,
            0.08004700000000001
        ],
        [
            0.088852,
            0.058518,
            0,
            0.045297000000000004,
            0.062257999999999994,
            0.062865,
            0.069832,
            0.070418,
            0.067204,
            0.067204,
            0.071909,
            0.068016,
            0.069262,
            0.073685,
            0.069417,
            0.069417,
            0.0688,
            0.0688,
            0.0688,
            0.073102,
            0.073102,
            0.06787,
            0.06787,
            0.067965,
            0.069736,
            0.06679,
            0.06799,
            0.06749,
            0.07071,
            0.07071,
            0.068908,
            0.070534,
            0.06708,
            0.066059,
            0.064453,
            0.068644,
            0.066873,
            0.065647,
            0.071155,
            0.074526,
            0.074223,
            0.07018100000000001,
            0.070767,
            0.073361,
            0.072541,
            0.07018100000000001,
            0.068218,
            0.066991,
            0.071089,
            0.071089,
            0.071089,
            0.071089,
            0.078329,
            0.077812,
            0.069971,
            0.069984,
            0.071331,
            0.07173,
            0.075923,
            0.072342,
            0.07173,
            0.07173,
            0.074116,
            0.075299,
            0.07589800000000001,
            0.074756,
            0.074116,
            0.074706,
            0.077062,
            0.07588400000000001,
            0.077501,
            0.077501,
            0.082199,
            0.080031,
            0.07884000000000001,
            0.081426,
            0.082236,
            0.07595800000000001,
            0.074968,
            0.074381,
            0.076892,
            0.076057,
            0.074381,
            0.075587,
            0.07799400000000001,
            0.076174,
            0.07496900000000001,
            0.074381,
            0.074381,
            0.076032,
            0.07573,
            0.074905,
            0.076784,
            0.076767,
            0.075424,
            0.075517,
            0.075493
        ],
        [
            0.10768300000000001,
            0.077349,
            0.045297000000000004,
            0,
            0.08108900000000001,
            0.08169600000000002,
            0.08866300000000002,
            0.08924900000000001,
            0.086035,
            0.086035,
            0.09074000000000002,
            0.08684700000000001,
            0.088093,
            0.09251600000000001,
            0.08824800000000002,
            0.08824800000000002,
            0.08763100000000001,
            0.08763100000000001,
            0.08763100000000001,
            0.09193300000000001,
            0.09193300000000001,
            0.086701,
            0.086701,
            0.08679600000000001,
            0.088567,
            0.085621,
            0.08682100000000001,
            0.08632100000000001,
            0.08954100000000001,
            0.08954100000000001,
            0.08773900000000001,
            0.089365,
            0.08591100000000002,
            0.08489000000000002,
            0.08328400000000001,
            0.08747500000000001,
            0.085704,
            0.084478,
            0.08998600000000001,
            0.09335700000000001,
            0.093054,
            0.08901200000000001,
            0.08959800000000001,
            0.09219200000000001,
            0.09137200000000001,
            0.08901200000000001,
            0.08704900000000002,
            0.08582200000000001,
            0.08992,
            0.08992,
            0.08992,
            0.08992,
            0.09716,
            0.096643,
            0.08880200000000002,
            0.088815,
            0.09016200000000002,
            0.090561,
            0.094754,
            0.091173,
            0.090561,
            0.090561,
            0.092947,
            0.09413000000000002,
            0.09472900000000001,
            0.093587,
            0.092947,
            0.09353700000000001,
            0.095893,
            0.09471500000000002,
            0.096332,
            0.096332,
            0.10103000000000001,
            0.098862,
            0.09767100000000001,
            0.10025700000000001,
            0.10106700000000002,
            0.09478900000000001,
            0.09379900000000002,
            0.09321200000000002,
            0.095723,
            0.094888,
            0.09321200000000002,
            0.094418,
            0.09682500000000002,
            0.095005,
            0.09380000000000002,
            0.09321200000000002,
            0.09321200000000002,
            0.094863,
            0.094561,
            0.09373600000000001,
            0.095615,
            0.09559800000000002,
            0.094255,
            0.09434800000000002,
            0.09432400000000002
        ],
        [
            0.09090999999999999,
            0.06681200000000001,
            0.062257999999999994,
            0.08108900000000001,
            0,
            0.000607,
            0.04513,
            0.045716,
            0.042502,
            0.042502,
            0.047207,
            0.043314,
            0.04456,
            0.048983,
            0.044715000000000005,
            0.044715000000000005,
            0.044098,
            0.044098,
            0.044098,
            0.0484,
            0.0484,
            0.043168,
            0.043168,
            0.043262999999999996,
            0.045034000000000005,
            0.042088,
            0.043288,
            0.042788,
            0.046008,
            0.046008,
            0.044206,
            0.045832,
            0.042378,
            0.041357000000000005,
            0.039751,
            0.043942,
            0.042171,
            0.040944999999999995,
            0.046452999999999994,
            0.049824,
            0.049520999999999996,
            0.045479000000000006,
            0.046065,
            0.048659,
            0.047839,
            0.045479000000000006,
            0.043516,
            0.042289,
            0.046387,
            0.046387,
            0.046387,
            0.046387,
            0.053626999999999994,
            0.053110000000000004,
            0.045269000000000004,
            0.045282,
            0.046629000000000004,
            0.047028,
            0.051221,
            0.04764,
            0.047028,
            0.047028,
            0.049414,
            0.050597,
            0.051196000000000005,
            0.050054,
            0.049414,
            0.050004,
            0.052360000000000004,
            0.051182000000000005,
            0.052799,
            0.052799,
            0.05749699999999999,
            0.055329,
            0.054138000000000006,
            0.056724,
            0.057534,
            0.05125600000000001,
            0.050266000000000005,
            0.049679,
            0.05219,
            0.051355,
            0.049679,
            0.050885,
            0.053292000000000006,
            0.051472000000000004,
            0.050267000000000006,
            0.049679,
            0.049679,
            0.05133,
            0.051028000000000004,
            0.050203,
            0.052082,
            0.052065,
            0.050722,
            0.050815,
            0.050791
        ],
        [
            0.091517,
            0.067419,
            0.062865,
            0.08169600000000002,
            0.000607,
            0,
            0.045737,
            0.046323,
            0.043109,
            0.043109,
            0.047813999999999995,
            0.043921,
            0.045167,
            0.049589999999999995,
            0.045322,
            0.045322,
            0.044705,
            0.044705,
            0.044705,
            0.049007,
            0.049007,
            0.043775,
            0.043775,
            0.04387,
            0.045641,
            0.042695,
            0.043895,
            0.043395,
            0.046615000000000004,
            0.046615000000000004,
            0.044813000000000006,
            0.046439,
            0.042984999999999995,
            0.041964,
            0.040358000000000005,
            0.044549000000000005,
            0.042778,
            0.041552,
            0.04706,
            0.050431000000000004,
            0.050128,
            0.046086,
            0.046672000000000005,
            0.049266000000000004,
            0.048446,
            0.046086,
            0.044122999999999996,
            0.042896000000000004,
            0.046994,
            0.046994,
            0.046994,
            0.046994,
            0.054234,
            0.053717,
            0.045876,
            0.045889,
            0.047236,
            0.047635,
            0.051828,
            0.048247,
            0.047635,
            0.047635,
            0.050020999999999996,
            0.051204,
            0.051803,
            0.050661,
            0.050020999999999996,
            0.050611,
            0.052967,
            0.051789,
            0.053406,
            0.053406,
            0.058103999999999996,
            0.055936,
            0.054745,
            0.057331,
            0.058141,
            0.051863000000000006,
            0.050873,
            0.050286,
            0.052797,
            0.051962,
            0.050286,
            0.051491999999999996,
            0.053899,
            0.052079,
            0.050874,
            0.050286,
            0.050286,
            0.051937,
            0.051635,
            0.05081,
            0.052689,
            0.052672,
            0.051329,
            0.051422,
            0.051398
        ],
        [
            0.098484,
            0.07438600000000001,
            0.069832,
            0.08866300000000002,
            0.04513,
            0.045737,
            0,
            0.000586,
            0.022028,
            0.022028,
            0.037329,
            0.033435999999999994,
            0.034682000000000004,
            0.039105,
            0.034837,
            0.034837,
            0.03422,
            0.03422,
            0.03422,
            0.05034,
            0.05034,
            0.045108,
            0.045108,
            0.045203,
            0.046974,
            0.044028,
            0.045228000000000004,
            0.044728000000000004,
            0.047948000000000005,
            0.047948000000000005,
            0.046146000000000006,
            0.047772,
            0.044317999999999996,
            0.043297,
            0.041691000000000006,
            0.045882000000000006,
            0.044111,
            0.042885,
            0.048393,
            0.051764000000000004,
            0.051461,
            0.047419,
            0.048005000000000006,
            0.050599000000000005,
            0.049779000000000004,
            0.047419,
            0.045455999999999996,
            0.044229000000000004,
            0.048327,
            0.048327,
            0.048327,
            0.048327,
            0.055567,
            0.05505,
            0.047209,
            0.047222,
            0.048569,
            0.048968,
            0.053161,
            0.04958,
            0.048968,
            0.048968,
            0.051354,
            0.052537,
            0.053136,
            0.051994,
            0.051354,
            0.051944000000000004,
            0.0543,
            0.053122,
            0.054739,
            0.054739,
            0.059437,
            0.057269,
            0.056078,
            0.058664,
            0.059474,
            0.05319600000000001,
            0.052206,
            0.051619,
            0.05413,
            0.053295,
            0.051619,
            0.052825,
            0.055232,
            0.053412,
            0.052207,
            0.051619,
            0.051619,
            0.05327,
            0.052968,
            0.052143,
            0.054022,
            0.054005,
            0.052662,
            0.052755,
            0.052731
        ],
        [
            0.09907,
            0.07497200000000001,
            0.070418,
            0.08924900000000001,
            0.045716,
            0.046323,
            0.000586,
            0,
            0.022614000000000002,
            0.022614000000000002,
            0.037915,
            0.034022,
            0.035268,
            0.039691,
            0.035422999999999996,
            0.035422999999999996,
            0.034806000000000004,
            0.034806000000000004,
            0.034806000000000004,
            0.050926,
            0.050926,
            0.045694,
            0.045694,
            0.045788999999999996,
            0.047560000000000005,
            0.044614,
            0.045814,
            0.045314,
            0.048534,
            0.048534,
            0.046732,
            0.048358,
            0.044904,
            0.043883000000000005,
            0.042277,
            0.046468,
            0.044697,
            0.043470999999999996,
            0.048978999999999995,
            0.05235,
            0.052046999999999996,
            0.048005000000000006,
            0.048591,
            0.051185,
            0.050365,
            0.048005000000000006,
            0.046042,
            0.044815,
            0.048913,
            0.048913,
            0.048913,
            0.048913,
            0.056152999999999995,
            0.055636000000000005,
            0.047795000000000004,
            0.047808,
            0.049155000000000004,
            0.049554,
            0.053747,
            0.050166,
            0.049554,
            0.049554,
            0.05194,
            0.053123000000000004,
            0.053722000000000006,
            0.05258,
            0.05194,
            0.05253,
            0.054886000000000004,
            0.053708000000000006,
            0.055325,
            0.055325,
            0.06002299999999999,
            0.057855000000000004,
            0.056664000000000006,
            0.05925,
            0.06006,
            0.053782,
            0.052792000000000006,
            0.052205,
            0.054716,
            0.053881,
            0.052205,
            0.053411,
            0.055818000000000006,
            0.053998000000000004,
            0.05279300000000001,
            0.052205,
            0.052205,
            0.053856,
            0.053554000000000004,
            0.052729,
            0.054608000000000004,
            0.054591,
            0.053248000000000004,
            0.053341,
            0.053317
        ],
        [
            0.095856,
            0.071758,
            0.067204,
            0.086035,
            0.042502,
            0.043109,
            0.022028,
            0.022614000000000002,
            0,
            0.0,
            0.034700999999999996,
            0.030808,
            0.032054,
            0.036476999999999996,
            0.032209,
            0.032209,
            0.031592,
            0.031592,
            0.031592,
            0.047712000000000004,
            0.047712000000000004,
            0.042480000000000004,
            0.042480000000000004,
            0.042575,
            0.044346000000000003,
            0.041400000000000006,
            0.0426,
            0.0421,
            0.04532,
            0.04532,
            0.043518,
            0.045144000000000004,
            0.041690000000000005,
            0.040669000000000004,
            0.039063,
            0.043254,
            0.041483000000000006,
            0.040257,
            0.045765,
            0.049136,
            0.048833,
            0.044791000000000004,
            0.045377,
            0.047971,
            0.047151,
            0.044791000000000004,
            0.042828000000000005,
            0.041601,
            0.045699000000000004,
            0.045699000000000004,
            0.045699000000000004,
            0.045699000000000004,
            0.052939,
            0.052422,
            0.044581,
            0.04459400000000001,
            0.045941,
            0.046340000000000006,
            0.05053300000000001,
            0.04695200000000001,
            0.046340000000000006,
            0.046340000000000006,
            0.048726000000000005,
            0.049909,
            0.050508000000000004,
            0.04936600000000001,
            0.048726000000000005,
            0.049316,
            0.051672,
            0.050494000000000004,
            0.052111000000000005,
            0.052111000000000005,
            0.056809,
            0.054641,
            0.053450000000000004,
            0.056036,
            0.056846,
            0.050568,
            0.049578000000000004,
            0.04899100000000001,
            0.051502000000000006,
            0.050667000000000004,
            0.04899100000000001,
            0.050197000000000006,
            0.052604000000000005,
            0.050784,
            0.049579000000000005,
            0.04899100000000001,
            0.04899100000000001,
            0.050642000000000006,
            0.05034,
            0.049515,
            0.051394,
            0.051377000000000006,
            0.050034,
            0.050127000000000005,
            0.05010300000000001
        ],
        [
            0.095856,
            0.071758,
            0.067204,
            0.086035,
            0.042502,
            0.043109,
            0.022028,
            0.022614000000000002,
            0.0,
            0,
            0.034700999999999996,
            0.030808,
            0.032054,
            0.036476999999999996,
            0.032209,
            0.032209,
            0.031592,
            0.031592,
            0.031592,
            0.047712000000000004,
            0.047712000000000004,
            0.042480000000000004,
            0.042480000000000004,
            0.042575,
            0.044346000000000003,
            0.041400000000000006,
            0.0426,
            0.0421,
            0.04532,
            0.04532,
            0.043518,
            0.045144000000000004,
            0.041690000000000005,
            0.040669000000000004,
            0.039063,
            0.043254,
            0.041483000000000006,
            0.040257,
            0.045765,
            0.049136,
            0.048833,
            0.044791000000000004,
            0.045377,
            0.047971,
            0.047151,
            0.044791000000000004,
            0.042828000000000005,
            0.041601,
            0.045699000000000004,
            0.045699000000000004,
            0.045699000000000004,
            0.045699000000000004,
            0.052939,
            0.052422,
            0.044581,
            0.04459400000000001,
            0.045941,
            0.046340000000000006,
            0.05053300000000001,
            0.04695200000000001,
            0.046340000000000006,
            0.046340000000000006,
            0.048726000000000005,
            0.049909,
            0.050508000000000004,
            0.04936600000000001,
            0.048726000000000005,
            0.049316,
            0.051672,
            0.050494000000000004,
            0.052111000000000005,
            0.052111000000000005,
            0.056809,
            0.054641,
            0.053450000000000004,
            0.056036,
            0.056846,
            0.050568,
            0.049578000000000004,
            0.04899100000000001,
            0.051502000000000006,
            0.050667000000000004,
            0.04899100000000001,
            0.050197000000000006,
            0.052604000000000005,
            0.050784,
            0.049579000000000005,
            0.04899100000000001,
            0.04899100000000001,
            0.050642000000000006,
            0.05034,
            0.049515,
            0.051394,
            0.051377000000000006,
            0.050034,
            0.050127000000000005,
            0.05010300000000001
        ],
        [
            0.100561,
            0.076463,
            0.071909,
            0.09074000000000002,
            0.047207,
            0.047813999999999995,
            0.037329,
            0.037915,
            0.034700999999999996,
            0.034700999999999996,
            0,
            0.003893,
            0.005139,
            0.009562000000000001,
            0.022566000000000003,
            0.022566000000000003,
            0.021949000000000003,
            0.021949000000000003,
            0.021949000000000003,
            0.052417000000000005,
            0.052417000000000005,
            0.047185000000000005,
            0.047185000000000005,
            0.04728,
            0.049051,
            0.046105,
            0.047305,
            0.046805,
            0.050025,
            0.050025,
            0.048223,
            0.049849000000000004,
            0.046395,
            0.045374,
            0.043768,
            0.047959,
            0.046188,
            0.044962,
            0.05047,
            0.053841,
            0.053538,
            0.049496,
            0.050082,
            0.052676,
            0.051856,
            0.049496,
            0.047533,
            0.046306,
            0.050404000000000004,
            0.050404000000000004,
            0.050404000000000004,
            0.050404000000000004,
            0.057644,
            0.057127,
            0.049285999999999996,
            0.049299,
            0.050646,
            0.051045,
            0.055238,
            0.051657,
            0.051045,
            0.051045,
            0.053431,
            0.054613999999999996,
            0.055213,
            0.054071,
            0.053431,
            0.054021,
            0.056377,
            0.055199,
            0.056816000000000005,
            0.056816000000000005,
            0.061514,
            0.059345999999999996,
            0.058155,
            0.060741,
            0.061550999999999995,
            0.055273,
            0.054283,
            0.053696,
            0.056207,
            0.055372000000000005,
            0.053696,
            0.054902,
            0.057309,
            0.055489,
            0.054284,
            0.053696,
            0.053696,
            0.055347,
            0.055045,
            0.054220000000000004,
            0.056098999999999996,
            0.056082,
            0.054738999999999996,
            0.054832000000000006,
            0.054808
        ],
        [
            0.09666799999999999,
            0.07257,
            0.068016,
            0.08684700000000001,
            0.043314,
            0.043921,
            0.033435999999999994,
            0.034022,
            0.030808,
            0.030808,
            0.003893,
            0,
            0.001246,
            0.005669,
            0.018673000000000002,
            0.018673000000000002,
            0.018056000000000003,
            0.018056000000000003,
            0.018056000000000003,
            0.048524,
            0.048524,
            0.043292,
            0.043292,
            0.043386999999999995,
            0.045158000000000004,
            0.042212,
            0.043412,
            0.042912,
            0.046132,
            0.046132,
            0.04433,
            0.045956,
            0.042502,
            0.041481000000000004,
            0.039875,
            0.044066,
            0.042295,
            0.041068999999999994,
            0.04657699999999999,
            0.049948,
            0.049644999999999995,
            0.045603000000000005,
            0.046189,
            0.048783,
            0.047963,
            0.045603000000000005,
            0.04364,
            0.042413,
            0.046511,
            0.046511,
            0.046511,
            0.046511,
            0.05375099999999999,
            0.053234000000000004,
            0.045393,
            0.045406,
            0.046753,
            0.047152,
            0.051345,
            0.047764,
            0.047152,
            0.047152,
            0.049538,
            0.050721,
            0.051320000000000005,
            0.050178,
            0.049538,
            0.050128,
            0.052484,
            0.051306000000000004,
            0.052923,
            0.052923,
            0.05762099999999999,
            0.055453,
            0.054262000000000005,
            0.056847999999999996,
            0.057658,
            0.05138,
            0.050390000000000004,
            0.049803,
            0.052314,
            0.051479,
            0.049803,
            0.051009,
            0.053416000000000005,
            0.051596,
            0.050391000000000005,
            0.049803,
            0.049803,
            0.051454,
            0.051152,
            0.050327,
            0.052206,
            0.052189,
            0.050846,
            0.050939,
            0.050915
        ],
        [
            0.097914,
            0.073816,
            0.069262,
            0.088093,
            0.04456,
            0.045167,
            0.034682000000000004,
            0.035268,
            0.032054,
            0.032054,
            0.005139,
            0.001246,
            0,
            0.006915,
            0.019919,
            0.019919,
            0.019302,
            0.019302,
            0.019302,
            0.04977000000000001,
            0.04977000000000001,
            0.04453800000000001,
            0.04453800000000001,
            0.044633000000000006,
            0.046404,
            0.043458000000000004,
            0.044658,
            0.044158,
            0.047378,
            0.047378,
            0.045576000000000005,
            0.04720200000000001,
            0.043748,
            0.042727,
            0.041121000000000005,
            0.045312000000000005,
            0.043541,
            0.042315000000000005,
            0.047823000000000004,
            0.051194,
            0.050891000000000006,
            0.046849,
            0.047435000000000005,
            0.050029000000000004,
            0.049209,
            0.046849,
            0.044886,
            0.043659,
            0.04775700000000001,
            0.04775700000000001,
            0.04775700000000001,
            0.04775700000000001,
            0.054997000000000004,
            0.05448,
            0.046639,
            0.046652000000000006,
            0.047999,
            0.048398000000000004,
            0.052591000000000006,
            0.049010000000000005,
            0.048398000000000004,
            0.048398000000000004,
            0.050784,
            0.051967,
            0.052566,
            0.051424000000000004,
            0.050784,
            0.051374,
            0.05373,
            0.052552,
            0.05416900000000001,
            0.05416900000000001,
            0.058867,
            0.056699,
            0.055508,
            0.05809400000000001,
            0.058904,
            0.052626000000000006,
            0.051636,
            0.051049000000000004,
            0.05356,
            0.05272500000000001,
            0.051049000000000004,
            0.052255,
            0.054662,
            0.052842,
            0.051637,
            0.051049000000000004,
            0.051049000000000004,
            0.052700000000000004,
            0.052398,
            0.05157300000000001,
            0.053452,
            0.053435,
            0.052092,
            0.05218500000000001,
            0.052161000000000006
        ],
        [
            0.102337,
            0.078239,
            0.073685,
            0.09251600000000001,
            0.048983,
            0.049589999999999995,
            0.039105,
            0.039691,
            0.036476999999999996,
            0.036476999999999996,
            0.009562000000000001,
            0.005669,
            0.006915,
            0,
            0.024342000000000003,
            0.024342000000000003,
            0.023725000000000003,
            0.023725000000000003,
            0.023725000000000003,
            0.054193000000000005,
            0.054193000000000005,
            0.048961000000000005,
            0.048961000000000005,
            0.049056,
            0.050827,
            0.047881,
            0.049081,
            0.048581,
            0.051801,
            0.051801,
            0.049999,
            0.051625000000000004,
            0.048171,
            0.04715,
            0.045544,
            0.049735,
            0.047964,
            0.046738,
            0.052246,
            0.055617,
            0.055314,
            0.051272,
            0.051858,
            0.054452,
            0.053632,
            0.051272,
            0.049309,
            0.048082,
            0.052180000000000004,
            0.052180000000000004,
            0.052180000000000004,
            0.052180000000000004,
            0.05942,
            0.058903,
            0.051061999999999996,
            0.051075,
            0.052421999999999996,
            0.052821,
            0.057014,
            0.053433,
            0.052821,
            0.052821,
            0.055207,
            0.056389999999999996,
            0.056989,
            0.055847,
            0.055207,
            0.055797,
            0.058152999999999996,
            0.056975,
            0.058592000000000005,
            0.058592000000000005,
            0.06329,
            0.061121999999999996,
            0.059931,
            0.062517,
            0.063327,
            0.057049,
            0.056059,
            0.055472,
            0.057983,
            0.057148000000000004,
            0.055472,
            0.056678,
            0.059085,
            0.057264999999999996,
            0.05606,
            0.055472,
            0.055472,
            0.057123,
            0.056820999999999997,
            0.055996000000000004,
            0.057874999999999996,
            0.057858,
            0.056514999999999996,
            0.056608000000000006,
            0.056584
        ],
        [
            0.098069,
            0.07397100000000001,
            0.069417,
            0.08824800000000002,
            0.044715000000000005,
            0.045322,
            0.034837,
            0.035422999999999996,
            0.032209,
            0.032209,
            0.022566000000000003,
            0.018673000000000002,
            0.019919,
            0.024342000000000003,
            0,
            0.0,
            0.011335000000000001,
            0.011335000000000001,
            0.011335000000000001,
            0.049925000000000004,
            0.049925000000000004,
            0.044693000000000004,
            0.044693000000000004,
            0.044788,
            0.046559,
            0.043613,
            0.044813000000000006,
            0.044313000000000005,
            0.047533000000000006,
            0.047533000000000006,
            0.04573100000000001,
            0.047357,
            0.043903,
            0.042882,
            0.04127600000000001,
            0.04546700000000001,
            0.043696,
            0.04247,
            0.047978,
            0.051349000000000006,
            0.051046,
            0.047004000000000004,
            0.04759000000000001,
            0.050184000000000006,
            0.049364000000000005,
            0.047004000000000004,
            0.045041,
            0.043814000000000006,
            0.047912,
            0.047912,
            0.047912,
            0.047912,
            0.055152,
            0.054635,
            0.046794,
            0.046807,
            0.048154,
            0.048553,
            0.052746,
            0.049165,
            0.048553,
            0.048553,
            0.050939,
            0.052122,
            0.052721000000000004,
            0.051579,
            0.050939,
            0.051529000000000005,
            0.053885,
            0.052707000000000004,
            0.054324000000000004,
            0.054324000000000004,
            0.059022,
            0.056854,
            0.055663000000000004,
            0.058249,
            0.059059,
            0.05278100000000001,
            0.051791000000000004,
            0.051204,
            0.053715,
            0.05288,
            0.051204,
            0.05241,
            0.054817000000000005,
            0.052997,
            0.051792000000000005,
            0.051204,
            0.051204,
            0.052855,
            0.052553,
            0.051728,
            0.053607,
            0.05359,
            0.052247,
            0.052340000000000005,
            0.052316
        ],
        [
            0.098069,
            0.07397100000000001,
            0.069417,
            0.08824800000000002,
            0.044715000000000005,
            0.045322,
            0.034837,
            0.035422999999999996,
            0.032209,
            0.032209,
            0.022566000000000003,
            0.018673000000000002,
            0.019919,
