{
    "NEXUS_FILE_URL": "http://purl.org/phylo/treebase/phylows/study/TB2:S14868",
    "NEWICK_TREE": "(51:0.8208902843927376,((26:0.28298090070639104,54:0.4109691965244171):0.24330444968512094,((44:0.5395352693706725,(50:0.17758459486120418,(49:0.19056687490525867,(6:0.1274678131929082,(17:7.9761487687409E-6,48:0.36298406954332313):0.05610808216972828):0.1787176085276423):0.04742624678206004):0.09359506611031253):0.204653706074886,(((5:0.2993229814962873,18:0.25056807480965515):0.07488549752364347,(45:0.040274441020177985,(46:0.07284078134692576,47:0.10502149198793621):0.03776562977307728):0.1572935428851735):0.17059877068099702,(((63:0.8735164757383427,(34:0.29940449262458124,(12:0.013651963521183141,32:0.02436919430761475):0.24276770820281965):0.11729460918852788):0.012305117547560739,((38:0.18319325505194403,40:0.27334182152528747):0.050885185794430084,((3:0.2256695573289309,(8:0.1292101861999046,43:0.10543048287941315):0.1281555410536413):0.06151507947713177,((35:0.25014661429755713,42:0.23075828228801767):0.0684083549807196,(((36:7.9761487687409E-6,58:0.0761658498055769):0.2930275761047259,(16:0.28892937592803103,(30:0.0017959519437730099,31:0.0011586045738603416):0.057596914848986824):0.20889987325068982):0.08861001213882473,((13:0.2077905217950593,(14:0.22652363916317508,33:0.11636526001697185):0.07092649790690923):0.10109562245952038,(37:0.15582253321235934,(39:0.1582604607475171,(4:0.08755745808088035,41:0.15997923426782334):0.0294214807978725):0.04669213547244878):0.0891464784532838):0.031165303120760737):0.025952096088339604):0.02652640297149716):0.0247832914408776):0.044985486060004735):0.050787324628511696,(((7:0.1694544605327254,11:0.1916434309790709):0.15011538911817943,((1:0.2521159379645945,2:0.12994111686943):0.151701989254303,((28:0.2453759725040167,(56:0.019426050739168716,57:0.02495519794709676):0.38637069074843733):0.04352251689174116,(29:0.18222590966314717,(23:0.11469950913653419,(9:0.039348686130651275,(15:6.8621220095265E-4,24:0.00423237616094105):0.04379660738268224):0.014737439947153616):0.10875192098791987):0.08631546230650194):0.05129239334167296):0.04909008556864886):0.05515949423469231,(61:0.8068319563496696,(((10:0.011806341077043984,27:0.021891008466184646):0.1205482641553235,(60:0.8521095718405418,62:0.2670126703107045):0.28084324455463394):0.06447904077177477,((25:0.18240264357363836,59:0.08614030239408518):0.1317875325699367,((55:0.03573139721079328,(52:7.9761487687409E-6,53:7.9761487687409E-6):0.04274948204763847):0.18842526084363131,(21:0.26074877164769317,(22:0.21505758663376956,(19:0.021531420182206863,20:0.02115501940184901):0.17222206561636533):0.02824647328178884):0.024311896567036712):0.10783412736937568):0.026665270237662516):0.04400577069198887):0.08789829936757511):0.04208421960145653):0.10958563665763178):0.16521846351384153):0.6870173378260295):0.8208902843927376);",
    "DISTANCE_MATRIX": [
        [
            0.0,
            2.1680659191769873,
            2.296054214995013,
            3.072986882057063,
            2.8046312736579075,
            2.865039800484022,
            2.980658347299314,
            2.909306592424903,
            3.2722826858194574,
            3.038823619826274,
            2.990068713139642,
            2.8621831247116947,
            2.93251509481152,
            2.9646958054525303,
            3.5402109246973934,
            3.0833935507721595,
            3.040408729871581,
            3.051125960658013,
            2.9334532583178685,
            3.023601824791212,
            3.011342745718435,
            3.04303891564305,
            3.0192592123225586,
            3.069239481162146,
            3.0498511491526066,
            3.1582821723645282,
            3.2344400460213363,
            3.3630758692897547,
            3.1335393601544834,
            3.132902012784571,
            3.116688055347549,
            3.2063476706225744,
            3.096189291476371,
            3.052770922758613,
            3.1019009857662194,
            3.060619463897455,
            3.133041240084398,
            3.020415570270032,
            3.0426045407163773,
            3.153753733406673,
            3.0315789123115087,
            3.090126688925207,
            3.250547457908796,
            3.256076605116724,
            3.069769571499098,
            3.1109950919604046,
            3.0503817089016754,
            3.055515842354659,
            3.0590620063146474,
            3.5404164821016795,
            2.9744239424481407,
            2.9845086098372815,
            3.97502215361095,
            3.389925252081112,
            3.118445742825236,
            3.022183401645683,
            3.1362463521054615,
            3.143272413091075,
            3.143272413091075,
            3.1971503622657664,
            3.179705650533632,
            3.1584015496984343,
            3.158025148918077
        ],
        [
            2.1680659191769873,
            0.0,
            0.6939500972308081,
            1.9574916636631,
            1.689136055263944,
            1.7495445820900586,
            1.8651631289053505,
            1.7938113740309394,
            2.156787467425494,
            1.9233284014323107,
            1.8745734947456785,
            1.7466879063177314,
            1.8170198764175565,
            1.8492005870585668,
            2.42471570630343,
            1.9678983323781962,
            1.9249135114776177,
            1.9356307422640495,
            1.8179580399239053,
            1.9081066063972487,
            1.8958475273244715,
            1.9275436972490865,
            1.903763993928595,
            1.9537442627681827,
            1.934355930758643,
            2.0427869539705648,
            2.118944827627373,
            2.247580650895791,
            2.01804414176052,
            2.0174067943906073,
            2.001192836953586,
            2.090852452228611,
            1.9806940730824076,
            1.9372757043646494,
            1.986405767372256,
            1.9451242455034916,
            2.0175460216904346,
            1.9049203518760685,
            1.9271093223224138,
            2.0382585150127097,
            1.9160836939175454,
            1.9746314705312433,
            2.135052239514833,
            2.1405813867227605,
            1.9542743531051343,
            1.9954998735664413,
            1.934886490507712,
            1.9400206239606956,
            1.943566787920684,
            2.424921263707716,
            1.8589287240541774,
            1.869013391443318,
            2.8595269352169863,
            2.2744300336871484,
            2.002950524431273,
            1.9066881832517195,
            2.020751133711498,
            2.027777194697112,
            2.027777194697112,
            2.081655143871803,
            2.0642104321396686,
            2.0429063313044713,
            2.0425299305241134
        ],
        [
            2.296054214995013,
            0.6939500972308081,
            0.0,
            2.085479959481126,
            1.8171243510819701,
            1.8775328779080847,
            1.9931514247233766,
            1.9217996698489654,
            2.2847757632435197,
            2.0513166972503365,
            2.0025617905637043,
            1.8746762021357575,
            1.9450081722355825,
            1.977188882876593,
            2.552704002121456,
            2.0958866281962223,
            2.052901807295644,
            2.0636190380820754,
            1.9459463357419313,
            2.036094902215275,
            2.0238358231424973,
            2.0555319930671123,
            2.0317522897466214,
            2.081732558586209,
            2.062344226576669,
            2.1707752497885906,
            2.246933123445399,
            2.375568946713817,
            2.146032437578546,
            2.145395090208633,
            2.129181132771612,
            2.2188407480466372,
            2.1086823689004337,
            2.065264000182675,
            2.1143940631902822,
            2.0731125413215175,
            2.145534317508461,
            2.0329086476940947,
            2.05509761814044,
            2.166246810830736,
            2.0440719897355715,
            2.102619766349269,
            2.2630405353328586,
            2.268569682540787,
            2.0822626489231606,
            2.1234881693844674,
            2.062874786325738,
            2.0680089197787215,
            2.0715550837387102,
            2.552909559525742,
            1.9869170198722035,
            1.997001687261344,
            2.9875152310350126,
            2.402418329505174,
            2.1309388202492987,
            2.034676479069746,
            2.148739429529524,
            2.155765490515138,
            2.155765490515138,
            2.2096434396898292,
            2.1921987279576944,
            2.170894627122497,
            2.170518226342139
        ],
        [
            3.072986882057063,
            1.9574916636631,
            2.085479959481126,
            0.0,
            0.8107149303421892,
            0.8711234571683037,
            0.9867420039835957,
            0.9153902491091844,
            1.2783663425037388,
            1.4542146886603278,
            1.4054597819736956,
            1.2775741935457485,
            1.3479061636455736,
            1.380086874286584,
            1.955601993531447,
            1.4987846196062133,
            1.4557997987056348,
            1.4665170294920666,
            1.3488443271519224,
            1.4389928936252658,
            1.4267338145524886,
            1.4584299844771036,
            1.4346502811566122,
            1.4846305499961998,
            1.4652422179866602,
            1.5736732411985819,
            1.6498311148553901,
            1.7784669381238083,
            1.548930428988537,
            1.5482930816186244,
            1.532079124181603,
            1.621738739456628,
            1.5115803603104248,
            1.4681619915926665,
            1.517292054600273,
            1.4760105327315087,
            1.5484323089184517,
            1.4358066391040856,
            1.457995609550431,
            1.569144802240727,
            1.4469699811455625,
            1.5055177577592604,
            1.6659385267428497,
            1.6714676739507777,
            1.4851606403331514,
            1.5263861607944584,
            1.4657727777357292,
            1.4709069111887128,
            1.474453075148701,
            1.955807550935733,
            1.3898150112821945,
            1.3998996786713351,
            2.3904132224450034,
            1.8053163209151655,
            1.5338368116592898,
            1.4375744704797366,
            1.5516374209395152,
            1.558663481925129,
            1.558663481925129,
            1.6125414310998203,
            1.5950967193676857,
            1.5737926185324882,
            1.5734162177521305
        ],
        [
            2.8046312736579075,
            1.689136055263944,
            1.8171243510819701,
            0.8107149303421892,
            0.0,
            0.4155777165485229,
            0.5311962633638148,
            0.4598445084894035,
            0.822820601883958,
            1.185859080261172,
            1.13710417357454,
            1.0092185851465927,
            1.0795505552464177,
            1.1117312658874283,
            1.687246385132291,
            1.2304290112070575,
            1.1874441903064792,
            1.1981614210929106,
            1.0804887187527665,
            1.17063728522611,
            1.1583782061533325,
            1.1900743760779475,
            1.1662946727574561,
            1.216274941597044,
            1.1968866095875046,
            1.305317632799426,
            1.3814755064562343,
            1.5101113297246522,
            1.280574820589381,
            1.2799374732194684,
            1.2637235157824471,
            1.353383131057472,
            1.243224751911269,
            1.1998063831935106,
            1.2489364462011172,
            1.2076549243323529,
            1.2800767005192957,
            1.1674510307049295,
            1.189640001151275,
            1.3007891938415712,
            1.1786143727464067,
            1.2371621493601044,
            1.3975829183436939,
            1.4031120655516218,
            1.2168050319339958,
            1.2580305523953026,
            1.1974171693365734,
            1.202551302789557,
            1.2060974667495454,
            1.6874519425365775,
            1.1214594028830387,
            1.1315440702721795,
            2.1220576140458474,
            1.5369607125160099,
            1.265481203260134,
            1.169218862080581,
            1.2832818125403591,
            1.2903078735259732,
            1.2903078735259732,
            1.3441858227006644,
            1.3267411109685299,
            1.3054370101333324,
            1.3050606093529746
        ],
        [
            2.865039800484022,
            1.7495445820900586,
            1.8775328779080847,
            0.8711234571683037,
            0.4155777165485229,
            0.0,
            0.4967522966258092,
            0.42540054175139796,
            0.7883766351459525,
            1.2462676070872865,
            1.1975127004006545,
            1.0696271119727072,
            1.1399590820725323,
            1.1721397927135428,
            1.7476549119584055,
            1.290837538033172,
            1.2478527171325937,
            1.258569947919025,
            1.140897245578881,
            1.2310458120522245,
            1.218786732979447,
            1.250482902904062,
            1.2267031995835707,
            1.2766834684231585,
            1.2572951364136191,
            1.3657261596255406,
            1.4418840332823488,
            1.5705198565507668,
            1.3409833474154955,
            1.340346000045583,
            1.3241320426085617,
            1.4137916578835865,
            1.3036332787373834,
            1.2602149100196252,
            1.3093449730272317,
            1.2680634511584674,
            1.3404852273454102,
            1.227859557531044,
            1.2500485279773896,
            1.3611977206676857,
            1.2390228995725212,
            1.297570676186219,
            1.4579914451698084,
            1.4635205923777364,
            1.2772135587601103,
            1.3184390792214171,
            1.257825696162688,
            1.2629598296156714,
            1.26650599357566,
            1.747860469362692,
            1.1818679297091532,
            1.191952597098294,
            2.182466140871962,
            1.5973692393421244,
            1.3258897300862484,
            1.2296273889066955,
            1.3436903393664736,
            1.3507164003520877,
            1.3507164003520877,
            1.404594349526779,
            1.3871496377946444,
            1.3658455369594469,
            1.3654691361790892
        ],
        [
            2.980658347299314,
            1.8651631289053505,
            1.9931514247233766,
            0.9867420039835957,
            0.5311962633638148,
            0.4967522966258092,
            0.0,
            0.1835838715114052,
            0.5465599649059596,
            1.3618861539025784,
            1.3131312472159462,
            1.1852456587879991,
            1.2555776288878242,
            1.2877583395288346,
            1.8632734587736977,
            1.406456084848464,
            1.3634712639478854,
            1.3741884947343173,
            1.256515792394173,
            1.3466643588675165,
            1.3344052797947392,
            1.3661014497193542,
            1.3423217463988628,
            1.3923020152384504,
            1.3729136832289108,
            1.4813447064408325,
            1.5575025800976408,
            1.686138403366059,
            1.4566018942307877,
            1.455964546860875,
            1.4397505894238536,
            1.5294102046988787,
            1.4192518255526754,
            1.375833456834917,
            1.4249635198425237,
            1.3836819979737593,
            1.4561037741607024,
            1.3434781043463362,
            1.3656670747926816,
            1.4768162674829777,
            1.3546414463878131,
            1.413189223001511,
            1.5736099919851003,
            1.5791391391930283,
            1.392832105575402,
            1.434057626036709,
            1.3734442429779798,
            1.3785783764309634,
            1.3821245403909517,
            1.8634790161779837,
            1.2974864765244452,
            1.3075711439135858,
            2.298084687687254,
            1.712987786157416,
            1.4415082769015404,
            1.3452459357219873,
            1.4593088861817658,
            1.4663349471673797,
            1.4663349471673797,
            1.520212896342071,
            1.5027681846099363,
            1.4814640837747388,
            1.481087682994381
        ],
        [
            2.909306592424903,
            1.7938113740309394,
            1.9217996698489654,
            0.9153902491091844,
            0.4598445084894035,
            0.42540054175139796,
            0.1835838715114052,
            0.0,
            0.36299204569209187,
            1.290534399028167,
            1.241779492341535,
            1.113893903913588,
            1.1842258740134128,
            1.2164065846544234,
            1.7919217038992863,
            1.3351043299740528,
            1.2921195090734743,
            1.302836739859906,
            1.1851640375197618,
            1.2753126039931053,
            1.2630535249203279,
            1.2947496948449428,
            1.2709699915244514,
            1.320950260364039,
            1.3015619283544997,
            1.4099929515664211,
            1.4861508252232296,
            1.6147866484916475,
            1.3852501393563763,
            1.3846127919864637,
            1.3683988345494424,
            1.4580584498244673,
            1.3479000706782642,
            1.3044817019605057,
            1.3536117649681123,
            1.312330243099348,
            1.384752019286291,
            1.2721263494719248,
            1.2943153199182702,
            1.4054645126085665,
            1.283289691513402,
            1.3418374681270997,
            1.5022582371106892,
            1.507787384318617,
            1.321480350700991,
            1.362705871162298,
            1.3020924881035687,
            1.307226621556552,
            1.3107727855165405,
            1.7921272613035726,
            1.226134721650034,
            1.2362193890391746,
            2.2267329328128427,
            1.641636031283005,
            1.3701565220271292,
            1.273894180847576,
            1.3879571313073544,
            1.3949831922929685,
            1.3949831922929685,
            1.4488611414676598,
            1.431416429735525,
            1.4101123289003277,
            1.4097359281199697
        ],
        [
            3.2722826858194574,
            2.156787467425494,
            2.2847757632435197,
            1.2783663425037388,
            0.822820601883958,
            0.7883766351459525,
            0.5465599649059596,
            0.36299204569209187,
            0.0,
            1.6535104924227215,
            1.6047555857360896,
            1.4768699973081425,
            1.5472019674079673,
            1.579382678048978,
            2.154897797293841,
            1.6980804233686073,
            1.6550956024680288,
            1.6658128332544604,
            1.5481401309143163,
            1.6382886973876598,
            1.6260296183148824,
            1.6577257882394973,
            1.633946084919006,
            1.6839263537585936,
            1.6645380217490542,
            1.7729690449609756,
            1.849126918617784,
            1.977762741886202,
            1.7482262327509308,
            1.7475888853810182,
            1.731374927943997,
            1.8210345432190218,
            1.7108761640728187,
            1.6674577953550602,
            1.7165878583626668,
            1.6753063364939025,
            1.7477281126808455,
            1.6351024428664793,
            1.6572914133128247,
            1.768440606003121,
            1.6462657849079565,
            1.7048135615216542,
            1.8652343305052437,
            1.8707634777131714,
            1.6844564440955454,
            1.7256819645568524,
            1.6650685814981232,
            1.6702027149511065,
            1.673748878911095,
            2.1551033546981273,
            1.5891108150445885,
            1.599195482433729,
            2.589709026207397,
            2.0046121246775597,
            1.7331326154216837,
            1.6368702742421306,
            1.750933224701909,
            1.757959285687523,
            1.757959285687523,
            1.8118372348622143,
            1.7943925231300795,
            1.7730884222948822,
            1.7727120215145242
        ],
        [
            3.038823619826274,
            1.9233284014323107,
            2.0513166972503365,
            1.4542146886603278,
            1.185859080261172,
            1.2462676070872865,
            1.3618861539025784,
            1.290534399028167,
            1.6535104924227215,
            0.0,
            0.5498910563059425,
            0.5717764629252823,
            0.6421084330251072,
            0.6742891436661178,
            1.5910018042729746,
            1.134184430347741,
            1.0911996094471625,
            1.1019168402335944,
            0.9842441378934501,
            1.0743927043667936,
            1.0621336252940163,
            1.0938297952186313,
            1.07005009189814,
            1.1200303607377275,
            1.100642028728188,
            1.2090730519401096,
            1.2852309255969179,
            1.4138667488653358,
            1.1843302397300648,
            1.1836928923601522,
            1.1674789349231307,
            1.2571385501981558,
            1.1469801710519525,
            1.1035618023341942,
            1.1526918653418008,
            1.1114103434730365,
            1.1838321196599795,
            1.0712064498456133,
            1.0933954202919587,
            1.2045446129822548,
            1.0823697918870903,
            1.1409175685007882,
            1.3013383374843774,
            1.3068674846923054,
            1.1205604510746792,
            1.1617859715359862,
            1.101172588477257,
            1.1063067219302405,
            1.1098528858902288,
            1.5912073616772608,
            1.0252148220237223,
            1.0352994894128629,
            2.025813033186531,
            1.4407161316566932,
            1.1692366224008175,
            1.0729742812212644,
            1.187037231681043,
            1.1940632926666568,
            1.1940632926666568,
            1.247941241841348,
            1.2304965301092134,
            1.209192429274016,
            1.2088160284936582
        ],
        [
            2.990068713139642,
            1.8745734947456785,
            2.0025617905637043,
            1.4054597819736956,
            1.13710417357454,
            1.1975127004006545,
            1.3131312472159462,
            1.241779492341535,
            1.6047555857360896,
            0.5498910563059425,
            0.0,
            0.5230215562386501,
            0.5933535263384752,
            0.6255342369794856,
            1.5422468975863426,
            1.0854295236611091,
            1.0424447027605306,
            1.0531619335469622,
            0.9354892312068179,
            1.0256377976801616,
            1.0133787186073842,
            1.0450748885319991,
            1.0212951852115078,
            1.0712754540510954,
            1.051887122041556,
            1.1603181452534774,
            1.236476018910286,
            1.3651118421787038,
            1.1355753330434326,
            1.13493798567352,
            1.1187240282364987,
            1.2083836435115236,
            1.0982252643653205,
            1.054806895647562,
            1.1039369586551686,
            1.0626554367864043,
            1.1350772129733473,
            1.0224515431589811,
            1.0446405136053265,
            1.1557897062956228,
            1.0336148852004583,
            1.092162661814156,
            1.2525834307977455,
            1.2581125780056732,
            1.0718055443880472,
            1.1130310648493542,
            1.052417681790625,
            1.0575518152436083,
            1.0610979792035968,
            1.5424524549906287,
            0.9764599153370902,
            0.9865445827262309,
            1.977058126499899,
            1.391961224970061,
            1.1204817157141855,
            1.0242193745346324,
            1.1382823249944107,
            1.1453083859800248,
            1.1453083859800248,
            1.199186335154716,
            1.1817416234225813,
            1.160437522587384,
            1.160061121807026
        ],
        [
            2.8621831247116947,
            1.7466879063177314,
            1.8746762021357575,
            1.2775741935457485,
            1.0092185851465927,
            1.0696271119727072,
            1.1852456587879991,
            1.113893903913588,
            1.4768699973081425,
            0.5717764629252823,
            0.5230215562386501,
            0.0,
            0.15088085214018102,
            0.18306156278119148,
            1.4143613091583953,
            0.9575439352331618,
            0.9145591143325834,
            0.925276345119015,
            0.8076036427788709,
            0.8977522092522143,
            0.885493130179437,
            0.917189300104052,
            0.8934095967835606,
            0.9433898656231483,
            0.9240015336136088,
            1.0324325568255304,
            1.1085904304823386,
            1.2372262537507566,
            1.0076897446154853,
            1.0070523972455727,
            0.9908384398085515,
            1.0804980550835763,
            0.9703396759373732,
            0.926921307219615,
            0.9760513702272215,
            0.9347698483584572,
            1.0071916245454,
            0.894565954731034,
            0.9167549251773794,
            1.0279041178676755,
            0.905729296772511,
            0.9642770733862088,
            1.1246978423697982,
            1.1302269895777262,
            0.9439199559601,
            0.9851454764214069,
            0.9245320933626777,
            0.9296662268156612,
            0.9332123907756497,
            1.4145668665626816,
            0.848574326909143,
            0.8586589942982836,
            1.8491725380719517,
            1.264075636542114,
            0.9925961272862383,
            0.8963337861066852,
            1.0103967365664634,
            1.0174227975520775,
            1.0174227975520775,
            1.0713007467267688,
            1.0538560349946342,
            1.0325519341594367,
            1.032175533379079
        ],
        [
            2.93251509481152,
            1.8170198764175565,
            1.9450081722355825,
            1.3479061636455736,
            1.0795505552464177,
            1.1399590820725323,
            1.2555776288878242,
            1.1842258740134128,
            1.5472019674079673,
            0.6421084330251072,
            0.5933535263384752,
            0.15088085214018102,
            0.0,
            0.177862273334862,
            1.4846932792582204,
            1.027875905332987,
            0.9848910844324085,
            0.9956083152188401,
            0.8779356128786959,
            0.9680841793520394,
            0.955825100279262,
            0.987521270203877,
            0.9637415668833856,
            1.0137218357229734,
            0.9943335037134339,
            1.1027645269253554,
            1.1789224005821637,
            1.3075582238505816,
            1.0780217147153106,
            1.077384367345398,
            1.0611704099083765,
            1.1508300251834016,
            1.0406716460371983,
            0.99725327731944,
            1.0463833403270466,
            1.0051018184582823,
            1.0775235946452253,
            0.964897924830859,
            0.9870868952772045,
            1.0982360879675006,
            0.9760612668723361,
            1.034609043486034,
            1.1950298124696233,
            1.2005589596775512,
            1.014251926059925,
            1.055477446521232,
            0.9948640634625028,
            0.9999981969154863,
            1.0035443608754746,
            1.4848988366625067,
            0.9189062970089681,
            0.9289909643981087,
            1.9195045081717768,
            1.334407606641939,
            1.0629280973860633,
            0.9666657562065103,
            1.0807287066662887,
            1.0877547676519026,
            1.0877547676519026,
            1.1416327168265938,
            1.1241880050944593,
            1.1028839042592617,
            1.102507503478904
        ],
        [
            2.9646958054525303,
            1.8492005870585668,
            1.977188882876593,
            1.380086874286584,
            1.1117312658874283,
            1.1721397927135428,
            1.2877583395288346,
            1.2164065846544234,
            1.579382678048978,
            0.6742891436661178,
            0.6255342369794856,
            0.18306156278119148,
            0.177862273334862,
            0.0,
            1.516873989899231,
            1.0600566159739975,
            1.017071795073419,
            1.0277890258598505,
            0.9101163235197063,
            1.00026488999305,
            0.9880058109202725,
            1.0197019808448875,
            0.9959222775243961,
            1.0459025463639837,
            1.0265142143544443,
            1.1349452375663658,
            1.2111031112231743,
            1.3397389344915922,
            1.110202425356321,
            1.1095650779864084,
            1.093351120549387,
            1.183010735824412,
            1.0728523566782089,
            1.0294339879604504,
            1.078564050968057,
            1.0372825290992926,
            1.1097043052862356,
            0.9970786354718695,
            1.0192676059182149,
            1.1304167986085112,
            1.0082419775133467,
            1.0667897541270444,
            1.2272105231106338,
            1.2327396703185616,
            1.0464326367009356,
            1.0876581571622426,
            1.0270447741035134,
            1.0321789075564967,
            1.0357250715164852,
            1.517079547303517,
            0.9510870076499786,
            0.9611716750391193,
            1.9516852188127873,
            1.3665883172829494,
            1.0951088080270739,
            0.9988464668475208,
            1.112909417307299,
            1.1199354782929132,
            1.1199354782929132,
            1.1738134274676044,
            1.1563687157354696,
            1.1350646149002723,
            1.1346882141199144
        ],
        [
            3.5402109246973934,
            2.42471570630343,
            2.552704002121456,
            1.955601993531447,
            1.687246385132291,
            1.7476549119584055,
            1.8632734587736977,
            1.7919217038992863,
            2.154897797293841,
            1.5910018042729746,
            1.5422468975863426,
            1.4143613091583953,
            1.4846932792582204,
            1.516873989899231,
            0.0,
            1.2902155775514519,
            1.2472307566508734,
            1.257947987437305,
            1.164885520192282,
            1.2550340866656255,
            1.2427750075928483,
            1.2744711775174633,
            1.250691474196972,
            1.3006717430365597,
            1.2812834110270201,
            1.3897144342389418,
            1.46587230789575,
            1.594508131164168,
            1.364971622028897,
            1.3643342746589842,
            1.348120317221963,
            1.437779932496988,
            1.3276215533507847,
            1.2842031846330264,
            1.333333247640633,
            1.2920517257718687,
            1.3644735019588117,
            1.3534224814014686,
            1.3756114518478142,
            1.4867606445381103,
            1.3645858234429458,
            1.4231336000566435,
            1.583554369040233,
            1.589083516248161,
            1.402776482630535,
            1.4440020030918417,
            1.3833886200331125,
            1.388522753486096,
            1.3920689174460845,
            1.8734233932331164,
            1.3074308535795778,
            1.3175155209687184,
            2.3080290647423864,
            1.7229321632125487,
            1.451452653956673,
            1.3551903127771199,
            1.4692532632368982,
            1.4762793242225123,
            1.4762793242225123,
            1.5301572733972035,
            1.512712561665069,
            1.4914084608298714,
            1.4910320600495137
        ],
        [
            3.0833935507721595,
            1.9678983323781962,
            2.0958866281962223,
            1.4987846196062133,
            1.2304290112070575,
            1.290837538033172,
            1.406456084848464,
            1.3351043299740528,
            1.6980804233686073,
            1.134184430347741,
            1.0854295236611091,
            0.9575439352331618,
            1.027875905332987,
            1.0600566159739975,
            1.2902155775514519,
            0.0,
            0.5558241643485841,
            0.5665413951350157,
            0.7080681462670486,
            0.7982167127403921,
            0.7859576336676148,
            0.8176538035922298,
            0.7938741002717384,
            0.843854369111326,
            0.8244660371017867,
            0.9328970603137083,
            1.0090549339705166,
            1.1376907572389345,
            0.9081542481036633,
            0.9075169007337507,
            0.8913029432967293,
            0.9809625585717543,
            0.8708041794255511,
            0.8273858107077928,
            0.8765158737153993,
            0.8352343518466351,
            0.907656128033578,
            0.8966051074762352,
            0.9187940779225807,
            1.0299432706128768,
            0.9077684495177123,
            0.96631622613141,
            1.1267369951149995,
            1.1322661423229274,
            0.9459591087053013,
            0.9871846291666082,
            0.926571246107879,
            0.9317053795608625,
            0.9352515435208509,
            1.4166060193078829,
            0.8506134796543443,
            0.8606981470434849,
            1.851211690817153,
            1.2661147892873152,
            0.9946352800314395,
            0.8983729388518864,
            1.0124358893116647,
            1.0194619502972788,
            1.0194619502972788,
            1.07333989947197,
            1.0558951877398355,
            1.034591086904638,
            1.0342146861242802
        ],
        [
            3.040408729871581,
            1.9249135114776177,
            2.052901807295644,
            1.4557997987056348,
            1.1874441903064792,
            1.2478527171325937,
            1.3634712639478854,
            1.2921195090734743,
            1.6550956024680288,
            1.0911996094471625,
            1.0424447027605306,
            0.9145591143325834,
            0.9848910844324085,
            1.017071795073419,
            1.2472307566508734,
            0.5558241643485841,
            0.0,
            0.03802115782879789,
            0.6650833253664703,
            0.7552318918398138,
            0.7429728127670364,
            0.7746689826916514,
            0.7508892793711599,
            0.8008695482107477,
            0.7814812162012081,
            0.8899122394131298,
            0.9660701130699381,
            1.094705936338356,
            0.865169427203085,
            0.8645320798331723,
            0.8483181223961509,
            0.937977737671176,
            0.8278193585249727,
            0.7844009898072144,
            0.833531052814821,
            0.7922495309460567,
            0.8646713071329997,
            0.8536202865756568,
            0.8758092570220023,
            0.9869584497122984,
            0.8647836286171338,
            0.9233314052308317,
            1.0837521742144212,
            1.089281321422349,
            0.9029742878047229,
            0.9441998082660298,
            0.8835864252073005,
            0.8887205586602841,
            0.8922667226202725,
            1.3736211984073043,
            0.8076286587537659,
            0.8177133261429066,
            1.8082268699165747,
            1.2231299683867367,
            0.9516504591308611,
            0.8553881179513081,
            0.9694510684110864,
            0.9764771293967004,
            0.9764771293967004,
            1.0303550785713917,
            1.012910366839257,
            0.9916062660040595,
            0.9912298652237018
        ],
        [
            3.051125960658013,
            1.9356307422640495,
            2.0636190380820754,
            1.4665170294920666,
            1.1981614210929106,
            1.258569947919025,
            1.3741884947343173,
            1.302836739859906,
            1.6658128332544604,
            1.1019168402335944,
            1.0531619335469622,
            0.925276345119015,
            0.9956083152188401,
            1.0277890258598505,
            1.257947987437305,
            0.5665413951350157,
            0.03802115782879789,
            0.0,
            0.6758005561529019,
            0.7659491226262454,
            0.753690043553468,
            0.785386213478083,
            0.7616065101575915,
            0.8115867789971793,
            0.7921984469876397,
            0.9006294701995614,
            0.9767873438563697,
            1.1054231671247876,
            0.8758866579895166,
            0.8752493106196039,
            0.8590353531825825,
            0.9486949684576076,
            0.8385365893114043,
            0.795118220593646,
            0.8442482836012526,
            0.8029667617324883,
            0.8753885379194313,
            0.8643375173620884,
            0.8865264878084339,
            0.99767568049873,
            0.8755008594035654,
            0.9340486360172633,
            1.0944694050008525,
            1.0999985522087807,
            0.9136915185911545,
            0.9549170390524614,
            0.8943036559937321,
            0.8994377894467157,
            0.9029839534067041,
            1.3843384291937362,
            0.8183458895401975,
            0.8284305569293382,
            1.818944100703006,
            1.2338471991731685,
            0.9623676899172927,
            0.8661053487377397,
            0.980168299197518,
            0.987194360183132,
            0.987194360183132,
            1.0410723093578231,
            1.0236275976256888,
            1.002323496790491,
            1.0019470960101335
        ],
        [
            2.9334532583178685,
            1.8179580399239053,
            1.9459463357419313,
            1.3488443271519224,
            1.0804887187527665,
            1.140897245578881,
            1.256515792394173,
            1.1851640375197618,
            1.5481401309143163,
            0.9842441378934501,
            0.9354892312068179,
            0.8076036427788709,
            0.8779356128786959,
            0.9101163235197063,
            1.164885520192282,
            0.7080681462670486,
            0.6650833253664703,
            0.6758005561529019,
            0.0,
            0.45653507657723147,
            0.5460463690933144,
            0.5777425390179294,
            0.5539628356974379,
            0.6039431045370256,
            0.5845547725274861,
            0.6929857957394079,
            0.769143669396216,
            0.897779492664634,
            0.6682429835293628,
            0.6676056361594502,
            0.6513916787224289,
            0.7410512939974538,
