{
    "NEXUS_FILE_URL": "http://purl.org/phylo/treebase/phylows/study/TB2:S12730",
    "NEWICK_TREE": "((1:0.09005295669155175,((3:0.028244269479997586,(2:0.006271800347789042,5:0.026196257974763104):0.016079858661073865):0.017958179375936273,(6:0.0070345856624385306,4:0.012773781449695959):0.03881603022948918):0.008526546572092453):0.011822732066827213,(((53:0.09204426321550427,(11:0.02710520933572863,(32:0.019439281730383798,(33:0.032287831798246514,16:0.030955030517131443):0.008020539091195544):0.010911886111357988):0.006414482743906963):0.0021224055536511743,(((56:0.03794339861380425,((34:0.023799116367367867,35:0.02034827912377421):0.03807304100963119,(55:0.016468288214480264,(18:0.014059276481611288,(46:0.01622249515510038,((28:1.405809541304981E-6,27:1.405809541304981E-6):0.008592015483991355,57:0.003537706629667986):0.004418652658437383):0.0028911184221612762):0.0024518579209388547):0.011877446992394985):0.006188106874567362):0.023420677870465784,((9:0.01368920536649515,8:0.037230518928083545):0.009938783387075267,(25:0.011170113280998789,((24:0.013272181679122586,(23:0.02723778959906023,45:0.011417958243874649):0.013134696198075252):0.01677616380185737,26:0.014283833789275169):0.005596302146057969):0.01566435265638652):0.04155972837184033):0.01929511149503957,(21:0.036266541141157765,20:0.023480281646876877):0.06574940617925101):0.015357386913197324):0.006114927969613854,((((58:0.05172362412319173,(30:0.05698084787095101,15:0.03824114449345309):0.007192550480926235):0.006656631821934156,(38:0.060504904567306034,51:0.03815239353571934):0.023657872179882772):0.0720251041493642,(19:0.035858060859129154,(50:0.0015010209084458659,12:0.0058802848256638285):0.03119085543119257):0.01615601309602907):0.008254013871096533,(((((48:0.04537495966555316,10:0.06439757322468947):0.011589524999480266,(22:0.018542536995207887,(37:0.023803728078438252,47:0.028719754566911254):0.004005950389354029):0.011094860070336998):0.004799278982885902,(52:0.04625216131989396,49:0.028006492362468854):0.021133854511805494):0.011738544380131805,(7:0.02987025115169814,(((31:0.05100466969458842,(40:0.006298944091133851,39:0.015438905846316658):0.021968053756017902):0.010384137054852693,(41:7.330456106804384E-4,((43:1.405809541304981E-6,44:0.0014885333994706373):7.433595494498735E-4,42:1.405809541304981E-6):1.405809541304981E-6):0.05700393807454837):0.01613980213864208,36:0.05749380297429468):0.0353002644337119):0.026670882851129313):0.0042454676036931815,((13:0.006422528721480636,14:0.006732753998750729):0.04359123750894947,(54:0.06377518741198444,(29:0.04566811169145929,17:0.044283452243185556):0.013811355610904949):0.016894756971513172):0.017265752740588725):0.005600174552693016):0.0022159729019591012):0.011822732066827213);",
    "DISTANCE_MATRIX": [
        [
            0.0,
            0.14478195211957806,
            0.13888934164844338,
            0.15881379927541744,
            0.1444301191555719,
            0.15016931494282934,
            0.21398001756397547,
            0.1554554464281068,
            0.15870140493411994,
            0.1795704940931782,
            0.17823769281206314,
            0.21582992368732695,
            0.24594678932508912,
            0.24249595208149546,
            0.21242036715496532,
            0.2124632133430352,
            0.21751755043868556,
            0.21430712923555523,
            0.21430712923555523,
            0.20925141457169055,
            0.21965356432846767,
            0.24319487789005606,
            0.22286004151228256,
            0.2473345758583217,
            0.2744348799763346,
            0.25861504862114904,
            0.2315700641666169,
            0.23718668302842613,
            0.22440042353414524,
            0.25457376769275186,
            0.2670235419214374,
            0.24828383854393948,
            0.2803562884948148,
            0.2580037774632281,
            0.17618248155342003,
            0.17301629703392932,
            0.17739556095114728,
            0.1992623439116026,
            0.21828495747073892,
            0.17193525631211407,
            0.18120239778469846,
            0.18611842427317146,
            0.20488459609538273,
            0.18663892713795763,
            0.18230116988637893,
            0.2652597920564759,
            0.2425221202090392,
            0.251662081964222,
            0.2616079689922636,
            0.2616210945501156,
            0.2631082221400449,
            0.26087773500066574,
            0.24522498614268737,
            0.18879408725087712,
            0.18910431252814722,
            0.21945026540394463,
            0.21515454529432443,
            0.2137698858460507
        ],
        [
            0.14478195211957806,
            0.0,
            0.05059592848886049,
            0.07052038611583455,
            0.09205306474786157,
            0.097792260535119,
            0.17865605630045003,
            0.12013148516458136,
            0.12337744367059451,
            0.14424653282965277,
            0.1429137315485377,
            0.1805059624238015,
            0.21062282806156368,
            0.20717199081797003,
            0.17709640589143988,
            0.17713925207950976,
            0.18219358917516013,
            0.1789831679720298,
            0.1789831679720298,
            0.17392745330816511,
            0.18432960306494223,
            0.20787091662653062,
            0.18753608024875712,
            0.21201061459479625,
            0.23911091871280915,
            0.22329108735762357,
            0.19624610290309147,
            0.2018627217649007,
            0.1890764622706198,
            0.21924980642922645,
            0.23169958065791196,
            0.21295987728041404,
            0.24503232723128937,
            0.22267981619970267,
            0.1408585202898946,
            0.13769233577040388,
            0.14207159968762184,
            0.16393838264807717,
            0.18296099620721348,
            0.13661129504858863,
            0.14587843652117302,
            0.15079446300964602,
            0.1695606348318573,
            0.1513149658744322,
            0.1469772086228535,
            0.22993583079295044,
            0.20719815894551377,
            0.21633812070069658,
            0.22628400772873813,
            0.22629713328659018,
            0.2277842608765195,
            0.2255537737371403,
            0.20990102487916193,
            0.15347012598735169,
            0.15378035126462178,
            0.1841263041404192,
            0.179830584030799,
            0.17844592458252526
        ],
        [
            0.13888934164844338,
            0.05059592848886049,
            0.0,
            0.032468058322552146,
            0.08616045427672689,
            0.09189965006398432,
            0.17276344582931535,
            0.11423887469344668,
            0.11748483319945983,
            0.1383539223585181,
            0.13702112107740302,
            0.17461335195266683,
            0.204730217590429,
            0.20127938034683535,
            0.1712037954203052,
            0.17124664160837508,
            0.17630097870402545,
            0.1730905575008951,
            0.1730905575008951,
            0.16803484283703043,
            0.17843699259380755,
            0.20197830615539594,
            0.18164346977762244,
            0.20611800412366157,
            0.23321830824167447,
            0.2173984768864889,
            0.1903534924319568,
            0.19597011129376601,
            0.18318385179948513,
            0.21335719595809177,
            0.22580697018677728,
            0.20706726680927937,
            0.2391397167601547,
            0.216787205728568,
            0.13496590981875992,
            0.1317997252992692,
            0.13617898921648716,
            0.1580457721769425,
            0.1770683857360788,
            0.13071868457745395,
            0.13998582605003834,
            0.14490185253851134,
            0.1636680243607226,
            0.1454223554032975,
            0.1410845981517188,
            0.22404322032181576,
            0.2013055484743791,
            0.2104455102295619,
            0.22039139725760346,
            0.2204045228154555,
            0.22189165040538483,
            0.21966116326600563,
            0.20400841440802725,
            0.147577515516217,
            0.1478877407934871,
            0.17823369366928452,
            0.1739379735596643,
            0.17255331411139058
        ],
        [
            0.15881379927541744,
            0.07052038611583455,
            0.032468058322552146,
            0.0,
            0.10608491190370095,
            0.11182410769095838,
            0.19268790345628942,
            0.13416333232042074,
            0.13740929082643388,
            0.15827837998549216,
            0.1569455787043771,
            0.1945378095796409,
            0.22465467521740307,
            0.2212038379738094,
            0.19112825304727926,
            0.19117109923534914,
            0.1962254363309995,
            0.19301501512786917,
            0.19301501512786917,
            0.1879593004640045,
            0.1983614502207816,
            0.22190276378237,
            0.2015679274045965,
            0.22604246175063564,
            0.25314276586864853,
            0.23732293451346295,
            0.21027795005893085,
            0.21589456892074008,
            0.2031083094264592,
            0.23328165358506583,
            0.24573142781375135,
            0.22699172443625343,
            0.25906417438712875,
            0.23671166335554206,
            0.15489036744573398,
            0.15172418292624326,
            0.15610344684346122,
            0.17797022980391655,
            0.19699284336305287,
            0.150643142204428,
            0.1599102836770124,
            0.1648263101654854,
            0.18359248198769668,
            0.16534681303027157,
            0.16100905577869287,
            0.24396767794878982,
            0.22123000610135315,
            0.23036996785653596,
            0.24031585488457752,
            0.24032898044242956,
            0.2418161080323589,
            0.2395856208929797,
            0.2239328720350013,
            0.16750197314319107,
            0.16781219842046116,
            0.19815815129625858,
            0.19386243118663837,
            0.19247777173836464
        ],
        [
            0.1444301191555719,
            0.09205306474786157,
            0.08616045427672689,
            0.10608491190370095,
            0.0,
            0.01980836711213449,
            0.17830422333644388,
            0.11977965220057521,
            0.12302561070658836,
            0.14389469986564662,
            0.14256189858453155,
            0.18015412945979536,
            0.21027099509755753,
            0.20682015785396388,
            0.17674457292743373,
            0.1767874191155036,
            0.18184175621115398,
            0.17863133500802364,
            0.17863133500802364,
            0.17357562034415897,
            0.18397777010093608,
            0.20751908366252447,
            0.18718424728475097,
            0.2116587816307901,
            0.238759085748803,
            0.22293925439361742,
            0.19589426993908532,
            0.20151088880089454,
            0.18872462930661366,
            0.2188979734652203,
            0.23134774769390581,
            0.2126080443164079,
            0.24468049426728322,
            0.22232798323569652,
            0.14050668732588845,
            0.13734050280639773,
            0.1417197667236157,
            0.16358654968407102,
            0.18260916324320733,
            0.13625946208458248,
            0.14552660355716687,
            0.15044263004563987,
            0.16920880186785114,
            0.15096313291042604,
            0.14662537565884734,
            0.2295839978289443,
            0.20684632598150762,
            0.21598628773669043,
            0.22593217476473199,
            0.22594530032258403,
            0.22743242791251336,
            0.22520194077313416,
            0.20954919191515578,
            0.15311829302334554,
            0.15342851830061563,
            0.18377447117641305,
            0.17947875106679284,
            0.1780940916185191
        ],
        [
            0.15016931494282934,
            0.097792260535119,
            0.09189965006398432,
            0.11182410769095838,
            0.01980836711213449,
            0.0,
            0.1840434191237013,
            0.12551884798783264,
            0.1287648064938458,
            0.14963389565290405,
            0.14830109437178898,
            0.1858933252470528,
            0.21601019088481496,
            0.2125593536412213,
            0.18248376871469116,
            0.18252661490276104,
            0.1875809519984114,
            0.18437053079528107,
            0.18437053079528107,
            0.1793148161314164,
            0.1897169658881935,
            0.2132582794497819,
            0.1929234430720084,
            0.21739797741804753,
            0.24449828153606043,
            0.22867845018087485,
            0.20163346572634275,
            0.20725008458815197,
            0.19446382509387108,
            0.22463716925247773,
            0.23708694348116324,
            0.21834724010366532,
            0.2504196900545407,
            0.22806717902295395,
            0.14624588311314587,
            0.14307969859365516,
            0.14745896251087312,
            0.16932574547132845,
            0.18834835903046476,
            0.1419986578718399,
            0.1512657993444243,
            0.1561818258328973,
            0.17494799765510857,
            0.15670232869768347,
            0.15236457144610477,
            0.23532319361620171,
            0.21258552176876505,
            0.22172548352394786,
            0.23167137055198941,
            0.23168449610984146,
            0.2331716236997708,
            0.23094113656039159,
            0.2152883877024132,
            0.15885748881060296,
            0.15916771408787306,
            0.18951366696367047,
            0.18521794685405027,
            0.18383328740577654
        ],
        [
            0.21398001756397547,
            0.17865605630045003,
            0.17276344582931535,
            0.19268790345628942,
            0.17830422333644388,
            0.1840434191237013,
            0.0,
            0.12556395529513986,
            0.12880991380115303,
            0.14967900296021128,
            0.1483462016790962,
            0.19018324366166237,
            0.22030010929942453,
            0.21684927205583088,
            0.18677368712930073,
            0.1868165333173706,
            0.19187087041302098,
            0.18866044920989064,
            0.18866044920989064,
            0.18360473454602597,
            0.19400688430280308,
            0.21754819786439147,
            0.19721336148661797,
            0.2216878958326571,
            0.24878819995067,
            0.23296836859548442,
            0.20592338414095232,
            0.21154000300276155,
            0.19875374350848066,
            0.241156943606315,
            0.25360671783500055,
            0.2348670144575026,
            0.2669394644083779,
            0.24458695337679123,
            0.16276565746698315,
            0.15959947294749244,
            0.1639787368647104,
            0.18584551982516573,
            0.20486813338430204,
            0.15851843222567719,
            0.16778557369826158,
            0.17270160018673458,
            0.19146777200894585,
            0.17322210305152075,
            0.16888434579994205,
            0.251842967970039,
            0.22910529612260233,
            0.23824525787778514,
            0.2481911449058267,
            0.24820427046367874,
            0.24969139805360807,
            0.24746091091422887,
            0.2318081620562505,
            0.17537726316444024,
            0.17568748844171034,
            0.20603344131750775,
            0.20173772120788755,
            0.20035306175961382
        ],
        [
            0.1554554464281068,
            0.12013148516458136,
            0.11423887469344668,
            0.13416333232042074,
            0.11977965220057521,
            0.12551884798783264,
            0.12556395529513986,
            0.0,
            0.057456377177470416,
            0.07832546633652868,
            0.0769926650554136,
            0.1316586725257937,
            0.16177553816355586,
            0.1583247009199622,
            0.12824911599343206,
            0.12829196218150193,
            0.1333462992771523,
            0.13013587807402197,
            0.13013587807402197,
            0.1250801634101573,
            0.1354823131669344,
            0.1590236267285228,
            0.1386887903507493,
            0.16316332469678843,
            0.19026362881480133,
            0.17444379745961575,
            0.14739881300508365,
            0.15301543186689287,
            0.14022917237261198,
            0.18263237247044634,
            0.19508214669913185,
            0.17634244332163393,
            0.20841489327250926,
            0.18606238224092256,
            0.10424108633111448,
            0.10107490181162376,
            0.10545416572884173,
            0.12732094868929705,
            0.14634356224843337,
            0.09999386108980851,
            0.1092610025623929,
            0.11417702905086591,
            0.13294320087307718,
            0.11469753191565207,
            0.11035977466407337,
            0.19331839683417032,
            0.17058072498673366,
            0.17972068674191646,
            0.18966657376995802,
            0.18967969932781006,
            0.1911668269177394,
            0.1889363397783602,
            0.1732835909203818,
            0.11685269202857157,
            0.11716291730584166,
            0.14750887018163908,
            0.14321315007201887,
            0.14182849062374514
        ],
        [
            0.15870140493411994,
            0.12337744367059451,
            0.11748483319945983,
            0.13740929082643388,
            0.12302561070658836,
            0.1287648064938458,
            0.12880991380115303,
            0.057456377177470416,
            0.0,
            0.059747652619825856,
            0.058414851338710785,
            0.13490463103180683,
            0.165021496669569,
            0.16157065942597537,
            0.1314950744994452,
            0.13153792068751508,
            0.13659225778316547,
            0.1333818365800351,
            0.1333818365800351,
            0.12832612191617043,
            0.13872827167294755,
            0.16226958523453594,
            0.14193474885676244,
            0.16640928320280157,
            0.19350958732081447,
            0.17768975596562891,
            0.1506447715110968,
            0.15626139037290604,
            0.14347513087862512,
            0.1858783309764595,
            0.198328105205145,
            0.17958840182764707,
            0.2116608517785224,
            0.1893083407469357,
            0.10748704483712763,
            0.10432086031763692,
            0.10870012423485488,
            0.13056690719531022,
            0.14958952075444654,
            0.10323981959582167,
            0.11250696106840606,
            0.11742298755687906,
            0.13618915937909032,
            0.11794349042166523,
            0.11360573317008653,
            0.19656435534018346,
            0.17382668349274683,
            0.1829666452479296,
            0.19291253227597116,
            0.1929256578338232,
            0.19441278542375257,
            0.19218229828437333,
            0.17652954942639498,
            0.12009865053458472,
            0.12040887581185482,
            0.15075482868765222,
            0.14645910857803202,
            0.1450744491297583
        ],
        [
            0.1795704940931782,
            0.14424653282965277,
            0.1383539223585181,
            0.15827837998549216,
            0.14389469986564662,
            0.14963389565290405,
            0.14967900296021128,
            0.07832546633652868,
            0.059747652619825856,
            0.0,
            0.06324286231537796,
            0.1557737201908651,
            0.18589058582862727,
            0.18243974858503362,
            0.15236416365850347,
            0.15240700984657335,
            0.15746134694222372,
            0.15425092573909338,
            0.15425092573909338,
            0.1491952110752287,
            0.15959736083200582,
            0.18313867439359421,
            0.1628038380158207,
            0.18727837236185985,
            0.21437867647987274,
            0.19855884512468716,
            0.17151386067015506,
            0.17713047953196429,
            0.1643442200376834,
            0.20674742013551775,
            0.21919719436420326,
            0.20045749098670534,
            0.23252994093758067,
            0.21017742990599397,
            0.1283561339961859,
            0.12518994947669518,
            0.12956921339391314,
            0.15143599635436847,
            0.17045860991350478,
            0.12410890875487993,
            0.13337605022746432,
            0.13829207671593732,
            0.1570582485381486,
            0.1388125795807235,
            0.1344748223291448,
            0.21743344449924173,
            0.19469577265180507,
            0.20383573440698788,
            0.21378162143502943,
            0.21379474699288148,
            0.2152818745828108,
            0.2130513874434316,
            0.19739863858545323,
            0.14096773969364298,
            0.14127796497091308,
            0.1716239178467105,
            0.1673281977370903,
            0.16594353828881656
        ],
        [
            0.17823769281206314,
            0.1429137315485377,
            0.13702112107740302,
            0.1569455787043771,
            0.14256189858453155,
            0.14830109437178898,
            0.1483462016790962,
            0.0769926650554136,
            0.058414851338710785,
            0.06324286231537796,
            0.0,
            0.15444091890975004,
            0.1845577845475122,
            0.18110694730391855,
            0.1510313623773884,
            0.15107420856545828,
            0.15612854566110865,
            0.1529181244579783,
            0.1529181244579783,
            0.14786240979411364,
            0.15826455955089075,
            0.18180587311247914,
            0.16147103673470564,
            0.18594557108074478,
            0.21304587519875767,
            0.1972260438435721,
            0.17018105938904,
            0.17579767825084922,
            0.16301141875656833,
            0.20541461885440268,
            0.2178643930830882,
            0.19912468970559027,
            0.2311971396564656,
            0.2088446286248789,
            0.12702333271507082,
            0.12385714819558011,
            0.12823641211279807,
            0.1501031950732534,
            0.1691258086323897,
            0.12277610747376486,
            0.13204324894634925,
            0.13695927543482225,
            0.15572544725703352,
            0.13747977829960842,
            0.13314202104802972,
            0.21610064321812666,
            0.19336297137069,
            0.2025029331258728,
            0.21244882015391436,
            0.2124619457117664,
            0.21394907330169574,
            0.21171858616231654,
            0.19606583730433816,
            0.13963493841252791,
            0.139945163689798,
            0.17029111656559542,
            0.16599539645597522,
            0.16461073700770149
        ],
        [
            0.21582992368732695,
            0.1805059624238015,
            0.17461335195266683,
            0.1945378095796409,
            0.18015412945979536,
            0.1858933252470528,
            0.19018324366166237,
            0.1316586725257937,
            0.13490463103180683,
            0.1557737201908651,
            0.15444091890975004,
            0.0,
            0.10600366286537066,
            0.102552825621777,
            0.07247724069524686,
            0.07252008688331674,
            0.0775744239789671,
            0.07436400277583677,
            0.07436400277583677,
            0.0693082881119721,
            0.12655179360968077,
            0.15009310717126917,
            0.12975827079349567,
            0.1542328051395348,
            0.1813331092575477,
            0.16551327790236212,
            0.13846829344783002,
            0.18267513529971838,
            0.1698888758054375,
            0.2430068497296665,
            0.255456623958352,
            0.23671692058085408,
            0.2687893705317294,
            0.2464368595001427,
            0.16461556359033463,
            0.16144937907084392,
            0.16582864298806188,
            0.1876954259485172,
            0.20671803950765352,
            0.16036833834902867,
            0.16963547982161306,
            0.17455150631008606,
            0.19331767813229733,
            0.17507200917487223,
            0.17073425192329353,
            0.2536928740933905,
            0.2309552022459538,
            0.24009516400113662,
            0.2500410510291782,
            0.2500541765870302,
            0.2515413041769595,
            0.24931081703758035,
            0.23365806817960197,
            0.17722716928779172,
            0.17753739456506182,
            0.20788334744085923,
            0.20358762733123903,
            0.2022029678829653
        ],
        [
            0.24594678932508912,
            0.21062282806156368,
            0.204730217590429,
            0.22465467521740307,
            0.21027099509755753,
            0.21601019088481496,
            0.22030010929942453,
            0.16177553816355586,
            0.165021496669569,
            0.18589058582862727,
            0.1845577845475122,
            0.10600366286537066,
            0.0,
            0.04414739549114208,
            0.0902178925838743,
            0.09026073877194418,
            0.09531507586759455,
            0.09210465466446421,
            0.09210465466446421,
            0.08704894000059954,
            0.15666865924744294,
            0.18020997280903134,
            0.15987513643125784,
            0.18434967077729697,
            0.21144997489530987,
            0.19563014354012428,
            0.16858515908559218,
            0.21279200093748055,
            0.20000574144319966,
            0.27312371536742863,
            0.28557348959611417,
            0.26683378621861625,
            0.2989062361694916,
            0.2765537251379049,
            0.1947324292280968,
            0.1915662447086061,
            0.19594550862582405,
            0.21781229158627938,
            0.2368349051454157,
            0.19048520398679084,
            0.19975234545937523,
            0.20466837194784823,
            0.2234345437700595,
            0.2051888748126344,
            0.2008511175610557,
            0.28380973973115264,
            0.26107206788371595,
            0.2702120296388988,
            0.28015791666694034,
            0.2801710422247924,
            0.2816581698147217,
            0.2794276826753425,
            0.26377493381736417,
            0.2073440349255539,
            0.207654260202824,
            0.2380002130786214,
            0.2337044929690012,
            0.23231983352072746
        ],
        [
            0.24249595208149546,
            0.20717199081797003,
            0.20127938034683535,
            0.2212038379738094,
            0.20682015785396388,
            0.2125593536412213,
            0.21684927205583088,
            0.1583247009199622,
            0.16157065942597537,
            0.18243974858503362,
            0.18110694730391855,
            0.102552825621777,
            0.04414739549114208,
            0.0,
            0.08676705534028065,
            0.08680990152835052,
            0.0918642386240009,
            0.08865381742087056,
            0.08865381742087056,
            0.08359810275700588,
            0.15321782200384929,
            0.17675913556543768,
            0.15642429918766418,
            0.1808988335337033,
            0.2079991376517162,
            0.19217930629653063,
            0.16513432184199853,
            0.2093411636938869,
            0.196554904199606,
            0.269672878123835,
            0.28212265235252054,
            0.26338294897502257,
            0.2954553989258979,
            0.27310288789431125,
            0.19128159198450315,
            0.18811540746501243,
            0.1924946713822304,
            0.21436145434268572,
            0.23338406790182203,
            0.18703436674319718,
            0.19630150821578157,
            0.20121753470425457,
            0.21998370652646584,
            0.20173803756904074,
            0.19740028031746204,
            0.280358902487559,
            0.2576212306401223,
            0.26676119239530516,
            0.2767070794233467,
            0.27672020498119876,
            0.27820733257112806,
            0.27597684543174883,
            0.2603240965737705,
            0.20389319768196024,
            0.20420342295923033,
            0.23454937583502775,
            0.23025365572540754,
            0.2288689962771338
        ],
        [
            0.21242036715496532,
            0.17709640589143988,
            0.1712037954203052,
            0.19112825304727926,
            0.17674457292743373,
            0.18248376871469116,
            0.18677368712930073,
            0.12824911599343206,
            0.1314950744994452,
            0.15236416365850347,
            0.1510313623773884,
            0.07247724069524686,
            0.0902178925838743,
            0.08676705534028065,
            0.0,
            0.03297942261703041,
            0.038033759712680776,
            0.03482333850955044,
            0.03482333850955044,
            0.029767623845685764,
            0.12314223707731914,
            0.14668355063890753,
            0.12634871426113403,
            0.15082324860717317,
            0.17792355272518606,
            0.16210372137000048,
            0.13505873691546838,
            0.17926557876735674,
            0.16647931927307585,
            0.23959729319730486,
            0.25204706742599037,
            0.23330736404849245,
            0.2653798139993678,
            0.24302730296778108,
            0.161206007057973,
            0.15803982253848228,
            0.16241908645570025,
            0.18428586941615557,
            0.2033084829752919,
            0.15695878181666703,
            0.16622592328925143,
            0.17114194977772443,
            0.1899081215999357,
            0.1716624526425106,
            0.1673246953909319,
            0.25028331756102884,
            0.22754564571359218,
            0.23668560746877498,
            0.24663149449681654,
            0.24664462005466858,
            0.24813174764459792,
            0.2459012605052187,
            0.23024851164724033,
            0.1738176127554301,
            0.17412783803270018,
            0.2044737909084976,
            0.2001780707988774,
            0.19879341135060366
        ],
        [
            0.2124632133430352,
            0.17713925207950976,
            0.17124664160837508,
            0.19117109923534914,
            0.1767874191155036,
            0.18252661490276104,
            0.1868165333173706,
            0.12829196218150193,
            0.13153792068751508,
            0.15240700984657335,
            0.15107420856545828,
            0.07252008688331674,
            0.09026073877194418,
            0.08680990152835052,
            0.03297942261703041,
            0.0,
            0.033172890058872945,
            0.029962468855742608,
            0.029962468855742608,
            0.024906754191877933,
            0.12318508326538902,
            0.1467263968269774,
            0.1263915604492039,
            0.15086609479524304,
            0.17796639891325594,
            0.16214656755807036,
            0.13510158310353826,
            0.17930842495542662,
            0.16652216546114573,
            0.23964013938537473,
            0.25208991361406025,
            0.23335021023656233,
            0.26542266018743765,
            0.24307014915585096,
            0.16124885324604288,
            0.15808266872655216,
            0.16246193264377012,
            0.18432871560422545,
            0.20335132916336177,
            0.1570016280047369,
            0.1662687694773213,
            0.1711847959657943,
            0.18995096778800558,
            0.17170529883058047,
            0.16736754157900177,
            0.2503261637490987,
            0.22758849190166205,
            0.23672845365684486,
            0.24667434068488642,
            0.24668746624273846,
            0.2481745938326678,
            0.2459441066932886,
            0.2302913578353102,
            0.17386045894349997,
            0.17417068422077006,
            0.20451663709656748,
            0.20022091698694727,
            0.19883625753867354
        ],
        [
            0.21751755043868556,
            0.18219358917516013,
            0.17630097870402545,
            0.1962254363309995,
            0.18184175621115398,
            0.1875809519984114,
            0.19187087041302098,
            0.1333462992771523,
            0.13659225778316547,
            0.15746134694222372,
            0.15612854566110865,
            0.0775744239789671,
            0.09531507586759455,
            0.0918642386240009,
            0.038033759712680776,
            0.033172890058872945,
            0.0,
            0.029234569107070424,
            0.029234569107070424,
            0.02417885444320575,
            0.12823942036103939,
            0.15178073392262778,
            0.13144589754485428,
            0.1559204318908934,
            0.1830207360089063,
            0.16720090465372073,
            0.14015592019918863,
            0.184362762051077,
            0.1715765025567961,
            0.2446944764810251,
            0.2571442507097106,
            0.2384045473322127,
            0.27047699728308805,
            0.24812448625150132,
            0.16630319034169325,
            0.16313700582220253,
            0.1675162697394205,
            0.18938305269987582,
            0.20840566625901213,
            0.16205596510038728,
            0.17132310657297167,
            0.17623913306144467,
            0.19500530488365594,
            0.17675963592623084,
            0.17242187867465214,
            0.25538050084474906,
            0.23264282899731242,
            0.24178279075249523,
            0.25172867778053676,
            0.2517418033383888,
            0.25322893092831816,
            0.250998443788939,
            0.23534569493096058,
            0.17891479603915034,
            0.17922502131642043,
            0.20957097419221785,
            0.20527525408259764,
            0.2038905946343239
        ],
        [
            0.21430712923555523,
            0.1789831679720298,
            0.1730905575008951,
            0.19301501512786917,
            0.17863133500802364,
            0.18437053079528107,
            0.18866044920989064,
            0.13013587807402197,
            0.1333818365800351,
            0.15425092573909338,
            0.1529181244579783,
            0.07436400277583677,
            0.09210465466446421,
            0.08865381742087056,
            0.03482333850955044,
            0.029962468855742608,
            0.029234569107070424,
            0.0,
            2.811619082609962e-06,
            0.012131127923200646,
            0.12502899915790905,
            0.14857031271949744,
            0.12823547634172394,
            0.15271001068776308,
            0.17981031480577597,
            0.1639904834505904,
            0.1369454989960583,
            0.18115234084794665,
            0.16836608135366576,
            0.24148405527789477,
            0.2539338295065803,
            0.23519412612908236,
            0.2672665760799577,
            0.244914065048371,
            0.1630927691385629,
            0.1599265846190722,
            0.16430584853629016,
            0.18617263149674548,
            0.2051952450558818,
            0.15884554389725694,
            0.16811268536984134,
            0.17302871185831434,
            0.1917948836805256,
            0.1735492147231005,
            0.1692114574715218,
            0.25217007964161875,
            0.22943240779418209,
            0.2385723695493649,
            0.24851825657740645,
            0.2485313821352585,
            0.2500185097251878,
            0.24778802258580862,
            0.23213527372783024,
            0.17570437483602,
            0.1760146001132901,
            0.2063605529890875,
            0.2020648328794673,
            0.20068017343119357
        ],
        [
            0.21430712923555523,
            0.1789831679720298,
            0.1730905575008951,
            0.19301501512786917,
            0.17863133500802364,
            0.18437053079528107,
            0.18866044920989064,
            0.13013587807402197,
            0.1333818365800351,
            0.15425092573909338,
            0.1529181244579783,
            0.07436400277583677,
            0.09210465466446421,
            0.08865381742087056,
            0.03482333850955044,
            0.029962468855742608,
            0.029234569107070424,
            2.811619082609962e-06,
            0.0,
            0.012131127923200646,
            0.12502899915790905,
            0.14857031271949744,
            0.12823547634172394,
            0.15271001068776308,
            0.17981031480577597,
            0.1639904834505904,
            0.1369454989960583,
            0.18115234084794665,
            0.16836608135366576,
            0.24148405527789477,
            0.2539338295065803,
            0.23519412612908236,
            0.2672665760799577,
            0.244914065048371,
            0.1630927691385629,
            0.1599265846190722,
            0.16430584853629016,
            0.18617263149674548,
            0.2051952450558818,
            0.15884554389725694,
            0.16811268536984134,
            0.17302871185831434,
            0.1917948836805256,
            0.1735492147231005,
            0.1692114574715218,
            0.25217007964161875,
            0.22943240779418209,
            0.2385723695493649,
            0.24851825657740645,
            0.2485313821352585,
            0.2500185097251878,
            0.24778802258580862,
            0.23213527372783024,
            0.17570437483602,
            0.1760146001132901,
            0.2063605529890875,
            0.2020648328794673,
            0.20068017343119357
        ],
        [
            0.20925141457169055,
            0.17392745330816511,
            0.16803484283703043,
            0.1879593004640045,
            0.17357562034415897,
            0.1793148161314164,
            0.18360473454602597,
            0.1250801634101573,
            0.12832612191617043,
            0.1491952110752287,
            0.14786240979411364,
            0.0693082881119721,
            0.08704894000059954,
            0.08359810275700588,
            0.029767623845685764,
            0.024906754191877933,
            0.02417885444320575,
            0.012131127923200646,
            0.012131127923200646,
            0.0,
            0.11997328449404437,
            0.14351459805563277,
            0.12317976167785927,
            0.1476542960238984,
            0.1747546001419113,
            0.15893476878672572,
            0.13188978433219362,
            0.17609662618408198,
            0.1633103666898011,
            0.2364283406140301,
            0.2488781148427156,
            0.23013841146521768,
            0.262210861416093,
