{
    "NEXUS_FILE_URL": "http://purl.org/phylo/treebase/phylows/study/TB2:S12036",
    "NEWICK_TREE": "(((((((((8:0.00102737,9:0.00915505):5.6993E-4,7:0.00147593):0.00796501,15:0.01271809):0.00164419,(10:0.00971847,11:0.00253374):0.01769064):0.00336685,(26:0.02894358,(21:0.01559208,(22:-5.193E-5,(25:-9.775E-5,(23:-1.8464E-4,24:0.0042509):9.775E-5):5.193E-5):0.00718707):0.00628841):0.0089964):0.0038558,(((29:0.0,28:0.0):2.2023E-4,30:0.00180651):0.01387248,((19:0.00235825,20:0.01194069):0.01813274,(4:0.0,(3:0.0,(1:0.0,(5:0.0,(6:0.0,2:0.0):0.0):0.0):0.0):0.0):0.02970862):0.00220872):0.00200467):0.00301364,(18:0.03212055,(32:0.01041344,(27:0.01857434,31:0.00817578):9.4792E-4):0.01844675):0.00338734):0.00137281,(16:-1.4301E-4,17:0.00217176):0.03508714):0.01184205,(13:0.00272957,(14:0.00147471,12:5.5147E-4):0.0095332):0.02445796,(33:0.00913089,34:0.00312133):0.08162351);",
    "DISTANCE_MATRIX": [
        [
            0,
            0.01018242,
            0.00307323,
            0.0222804,
            0.03861561,
            0.03143088,
            0.05251333,
            0.045450239999999996,
            0.0369933,
            0.036999409999999996,
            0.03701027,
            0.04144581,
            0.03452653,
            0.03452653,
            0.036112809999999995,
            0.04313353,
            0.05271597,
            0.05235116,
            0.05235116,
            0.05235116,
            0.05235116,
            0.05235116,
            0.05235116,
            0.056950680000000004,
            0.05369032,
            0.06279914,
            0.05240058,
            0.05775973,
            0.0600745,
            0.06184518,
            0.07012352,
            0.06920028,
            0.12541205,
            0.11940249
        ],
        [
            0.01018242,
            0,
            0.01120091,
            0.030408079999999997,
            0.04674329,
            0.03955856,
            0.060641009999999995,
            0.05357792,
            0.045120980000000005,
            0.045127089999999995,
            0.045137949999999996,
            0.04957349,
            0.04265421,
            0.04265421,
            0.04424049,
            0.05126121,
            0.06084365,
            0.060478840000000006,
            0.060478840000000006,
            0.060478840000000006,
            0.060478840000000006,
            0.060478840000000006,
            0.060478840000000006,
            0.06507836,
            0.061818000000000005,
            0.07092682,
            0.06052826,
            0.06588741000000001,
            0.06820218,
            0.06997286,
            0.07825119999999999,
            0.07732796,
            0.13353973,
            0.12753017
        ],
        [
            0.00307323,
            0.01120091,
            0,
            0.02215903,
            0.03849424,
            0.03130951,
            0.05239196,
            0.04532886999999999,
            0.03687193,
            0.03687804,
            0.0368889,
            0.041324440000000004,
            0.034405160000000004,
            0.034405160000000004,
            0.03599144,
            0.04301216,
            0.052594600000000005,
            0.05222979,
            0.05222979,
            0.05222979,
            0.05222979,
            0.05222979,
            0.05222979,
            0.05682931,
            0.053568950000000004,
            0.06267777000000001,
            0.052279210000000007,
            0.05763836,
            0.05995313000000001,
            0.061723810000000004,
            0.07000215000000001,
            0.06907891000000001,
            0.12529068,
            0.11928112
        ],
        [
            0.0222804,
            0.030408079999999997,
            0.02215903,
            0,
            0.04177139,
            0.03458666,
            0.055669109999999994,
            0.04860602,
            0.040149080000000004,
            0.04015518999999999,
            0.040166049999999995,
            0.044601589999999997,
            0.03768231,
            0.03768231,
            0.03926859,
            0.04628931,
            0.05587175,
            0.055506940000000005,
            0.055506940000000005,
            0.055506940000000005,
            0.055506940000000005,
            0.055506940000000005,
            0.055506940000000005,
            0.06010646,
            0.056846100000000004,
            0.06595492,
            0.05555636,
            0.060915510000000006,
            0.06323028,
            0.06500096,
            0.07327929999999999,
            0.07235606,
            0.12856783,
            0.12255827
        ],
        [
            0.03861561,
            0.04674329,
            0.03849424,
            0.04177139,
            0,
            0.01225221,
            0.06871594,
            0.061652849999999995,
            0.05319591,
            0.05320202,
            0.053212880000000004,
            0.057648420000000006,
            0.050729140000000006,
            0.050729140000000006,
            0.05231542,
            0.05933614000000001,
            0.06891858000000001,
            0.06855377000000001,
            0.06855377000000001,
            0.06855377000000001,
            0.06855377000000001,
            0.06855377000000001,
            0.06855377000000001,
            0.07315329000000001,
            0.06989293,
            0.07900175000000001,
            0.06860319000000001,
            0.07396234000000002,
            0.07627711000000001,
            0.07804779,
            0.08632613,
            0.08540289000000001,
            0.14161466,
            0.1356051
        ],
        [
            0.03143088,
            0.03955856,
            0.03130951,
            0.03458666,
            0.01225221,
            0,
            0.06153121,
            0.054468119999999995,
            0.04601118,
            0.04601729,
            0.046028150000000004,
            0.050463690000000005,
            0.043544410000000006,
            0.043544410000000006,
            0.04513069,
            0.05215141,
            0.06173385000000001,
            0.06136904,
            0.06136904,
            0.06136904,
            0.06136904,
            0.06136904,
            0.06136904,
            0.06596856000000001,
            0.0627082,
            0.07181702000000001,
            0.06141846000000001,
            0.06677761000000002,
            0.06909238000000001,
            0.07086306,
            0.0791414,
            0.07821816000000001,
            0.13442993,
            0.12842037
        ],
        [
            0.05251333,
            0.060641009999999995,
            0.05239196,
            0.055669109999999994,
            0.06871594,
            0.06153121,
            0,
            0.05082407,
            0.04236713,
            0.04237324,
            0.0423841,
            0.04681964,
            0.05789316,
            0.05789316,
            0.059479439999999995,
            0.06650016,
            0.0760826,
            0.07571779000000001,
            0.07571779000000001,
            0.07571779000000001,
            0.07571779000000001,
            0.07571779000000001,
            0.07571779000000001,
            0.08031731,
            0.07705695,
            0.08616577,
            0.07576721,
            0.08112636000000001,
            0.08344113,
            0.08521181,
            0.09349015,
            0.09256691,
            0.14877868,
            0.14276912
        ],
        [
            0.045450239999999996,
            0.05357792,
            0.04532886999999999,
            0.04860602,
            0.061652849999999995,
            0.054468119999999995,
            0.05082407,
            0,
            0.02272722,
            0.02273333,
            0.02274419,
            0.02717973,
            0.05083007,
            0.05083007,
            0.05241635,
            0.059437069999999995,
            0.06901951,
            0.0686547,
            0.0686547,
            0.0686547,
            0.0686547,
            0.0686547,
            0.0686547,
            0.07325422,
            0.06999385999999999,
            0.07910268000000001,
            0.06870412,
            0.07406327,
            0.07637804000000001,
            0.07814872,
            0.08642706,
            0.08550382000000001,
            0.14171559,
            0.13570603
        ],
        [
            0.0369933,
            0.045120980000000005,
            0.03687193,
            0.040149080000000004,
            0.05319591,
            0.04601118,
            0.04236713,
            0.02272722,
            0,
            -9.775e-05,
            -8.688999999999999e-05,
            0.00434865,
            0.04237313,
            0.04237313,
            0.043959410000000004,
            0.05098013,
            0.06056257,
            0.06019776,
            0.06019776,
            0.06019776,
            0.06019776,
            0.06019776,
            0.06019776,
            0.06479728,
            0.06153692000000001,
            0.07064574000000001,
            0.060247180000000004,
            0.06560633,
            0.06792110000000001,
            0.06969178000000001,
            0.07797012,
            0.07704688000000001,
            0.13325865,
            0.12724909
        ],
        [
            0.036999409999999996,
            0.045127089999999995,
            0.03687804,
            0.04015518999999999,
            0.05320202,
            0.04601729,
            0.04237324,
            0.02273333,
            -9.775e-05,
            0,
            -0.00018464,
            0.0042509,
            0.04237924,
            0.04237924,
            0.043965519999999994,
            0.05098624,
            0.06056868,
            0.06020387,
            0.06020387,
            0.06020387,
            0.06020387,
            0.06020387,
            0.06020387,
            0.06480339,
            0.06154303,
            0.07065185,
            0.06025329,
            0.06561244,
            0.06792721,
            0.06969789,
            0.07797623000000001,
            0.07705299,
            0.13326475999999998,
            0.1272552
        ],
        [
            0.03701027,
            0.045137949999999996,
            0.0368889,
            0.040166049999999995,
            0.053212880000000004,
            0.046028150000000004,
            0.0423841,
            0.02274419,
            -8.688999999999999e-05,
            -0.00018464,
            0,
            0.00406626,
            0.0423901,
            0.0423901,
            0.043976379999999995,
            0.050997100000000004,
            0.06057954,
            0.06021473,
            0.06021473,
            0.06021473,
            0.06021473,
            0.06021473,
            0.06021473,
            0.06481425,
            0.06155389,
            0.07066271,
            0.06026415,
            0.0656233,
            0.06793807,
            0.06970875,
            0.07798709000000001,
            0.07706385,
            0.13327561999999998,
            0.12726606000000001
        ],
        [
            0.04144581,
            0.04957349,
            0.041324440000000004,
            0.044601589999999997,
            0.057648420000000006,
            0.050463690000000005,
            0.04681964,
            0.02717973,
            0.00434865,
            0.0042509,
            0.00406626,
            0,
            0.04682564,
            0.04682564,
            0.04841192,
            0.055432640000000005,
            0.06501508,
            0.06465027000000001,
            0.06465027000000001,
            0.06465027000000001,
            0.06465027000000001,
            0.06465027000000001,
            0.06465027000000001,
            0.06924979,
            0.06598943,
            0.07509825,
            0.06469969,
            0.07005884000000001,
            0.07237361,
            0.07414429,
            0.08242263,
            0.08149939,
            0.13771116,
            0.1317016
        ],
        [
            0.03452653,
            0.04265421,
            0.034405160000000004,
            0.03768231,
            0.050729140000000006,
            0.043544410000000006,
            0.05789316,
            0.05083007,
            0.04237313,
            0.04237924,
            0.0423901,
            0.04682564,
            0,
            0.0,
            0.00202674,
            0.03679242,
            0.046374860000000004,
            0.046010050000000004,
            0.046010050000000004,
            0.046010050000000004,
            0.046010050000000004,
            0.046010050000000004,
            0.046010050000000004,
            0.05461891000000001,
            0.05135855,
            0.060467370000000006,
            0.050068810000000005,
            0.055427960000000005,
            0.057742730000000006,
            0.05951341,
            0.06779175000000001,
            0.06686851,
            0.12308028,
            0.11707072
        ],
        [
            0.03452653,
            0.04265421,
            0.034405160000000004,
            0.03768231,
            0.050729140000000006,
            0.043544410000000006,
            0.05789316,
            0.05083007,
            0.04237313,
            0.04237924,
            0.0423901,
            0.04682564,
            0.0,
            0,
            0.00202674,
            0.03679242,
            0.046374860000000004,
            0.046010050000000004,
            0.046010050000000004,
            0.046010050000000004,
            0.046010050000000004,
            0.046010050000000004,
            0.046010050000000004,
            0.05461891000000001,
            0.05135855,
            0.060467370000000006,
            0.050068810000000005,
            0.055427960000000005,
            0.057742730000000006,
            0.05951341,
            0.06779175000000001,
            0.06686851,
            0.12308028,
            0.11707072
        ],
        [
            0.036112809999999995,
            0.04424049,
            0.03599144,
            0.03926859,
            0.05231542,
            0.04513069,
            0.059479439999999995,
            0.05241635,
            0.043959410000000004,
            0.043965519999999994,
            0.043976379999999995,
            0.04841192,
            0.00202674,
            0.00202674,
            0,
            0.0383787,
            0.04796114,
            0.047596330000000006,
            0.047596330000000006,
            0.047596330000000006,
            0.047596330000000006,
            0.047596330000000006,
            0.047596330000000006,
            0.05620519,
            0.052944830000000005,
            0.06205365000000001,
            0.05165509,
            0.05701424000000001,
            0.05932901,
            0.06109969,
            0.06937803000000001,
            0.06845479,
            0.12466656,
            0.118657
        ],
        [
            0.04313353,
            0.05126121,
            0.04301216,
            0.04628931,
            0.05933614000000001,
            0.05215141,
            0.06650016,
            0.059437069999999995,
            0.05098013,
            0.05098624,
            0.050997100000000004,
            0.055432640000000005,
            0.03679242,
            0.03679242,
            0.0383787,
            0,
            0.01429894,
            0.050199610000000006,
            0.050199610000000006,
            0.050199610000000006,
            0.050199610000000006,
            0.050199610000000006,
            0.050199610000000006,
            0.06322591,
            0.059965550000000006,
            0.06907437000000001,
            0.05867581000000001,
            0.06403496,
            0.06634973000000001,
            0.06812041,
            0.07639875000000002,
            0.07547551000000001,
            0.13168728000000002,
            0.12567772
        ],
        [
            0.05271597,
            0.06084365,
            0.052594600000000005,
            0.05587175,
            0.06891858000000001,
            0.06173385000000001,
            0.0760826,
            0.06901951,
            0.06056257,
            0.06056868,
            0.06057954,
            0.06501508,
            0.046374860000000004,
            0.046374860000000004,
            0.04796114,
            0.01429894,
            0,
            0.05978205,
            0.05978205,
            0.05978205,
            0.05978205,
            0.05978205,
            0.05978205,
            0.07280835,
            0.06954799,
            0.07865681000000001,
            0.06825825,
            0.0736174,
            0.07593217000000001,
            0.07770285,
            0.08598119000000001,
            0.08505795000000001,
            0.14126972,
            0.13526016000000002
        ],
        [
            0.05235116,
            0.060478840000000006,
            0.05222979,
            0.055506940000000005,
            0.06855377000000001,
            0.06136904,
            0.07571779000000001,
            0.0686547,
            0.06019776,
            0.06020387,
            0.06021473,
            0.06465027000000001,
            0.046010050000000004,
            0.046010050000000004,
            0.047596330000000006,
            0.050199610000000006,
            0.05978205,
            0,
            0.0,
            0.0,
            0.0,
            0.0,
            0.0,
            0.07244354,
            0.06918318000000001,
            0.078292,
            0.06789344,
            0.07325259,
            0.07556736,
            0.07733804,
            0.08561638,
            0.08469314,
            0.14090491,
            0.13489535
        ],
        [
            0.05235116,
            0.060478840000000006,
            0.05222979,
            0.055506940000000005,
            0.06855377000000001,
            0.06136904,
            0.07571779000000001,
            0.0686547,
            0.06019776,
            0.06020387,
            0.06021473,
            0.06465027000000001,
            0.046010050000000004,
            0.046010050000000004,
            0.047596330000000006,
            0.050199610000000006,
            0.05978205,
            0.0,
            0,
            0.0,
            0.0,
            0.0,
            0.0,
            0.07244354,
            0.06918318000000001,
            0.078292,
            0.06789344,
            0.07325259,
            0.07556736,
            0.07733804,
            0.08561638,
            0.08469314,
            0.14090491,
            0.13489535
        ],
        [
            0.05235116,
            0.060478840000000006,
            0.05222979,
            0.055506940000000005,
            0.06855377000000001,
            0.06136904,
            0.07571779000000001,
            0.0686547,
            0.06019776,
            0.06020387,
            0.06021473,
            0.06465027000000001,
            0.046010050000000004,
            0.046010050000000004,
            0.047596330000000006,
            0.050199610000000006,
            0.05978205,
            0.0,
            0.0,
            0,
            0.0,
            0.0,
            0.0,
            0.07244354,
            0.06918318000000001,
            0.078292,
            0.06789344,
            0.07325259,
            0.07556736,
            0.07733804,
            0.08561638,
            0.08469314,
            0.14090491,
            0.13489535
        ],
        [
            0.05235116,
            0.060478840000000006,
            0.05222979,
            0.055506940000000005,
            0.06855377000000001,
            0.06136904,
            0.07571779000000001,
            0.0686547,
            0.06019776,
            0.06020387,
            0.06021473,
            0.06465027000000001,
            0.046010050000000004,
            0.046010050000000004,
            0.047596330000000006,
            0.050199610000000006,
            0.05978205,
            0.0,
            0.0,
            0.0,
            0,
            0.0,
            0.0,
            0.07244354,
            0.06918318000000001,
            0.078292,
            0.06789344,
            0.07325259,
            0.07556736,
            0.07733804,
            0.08561638,
            0.08469314,
            0.14090491,
            0.13489535
        ],
        [
            0.05235116,
            0.060478840000000006,
            0.05222979,
            0.055506940000000005,
            0.06855377000000001,
            0.06136904,
            0.07571779000000001,
            0.0686547,
            0.06019776,
            0.06020387,
            0.06021473,
            0.06465027000000001,
            0.046010050000000004,
            0.046010050000000004,
            0.047596330000000006,
            0.050199610000000006,
            0.05978205,
            0.0,
            0.0,
            0.0,
            0.0,
            0,
            0.0,
            0.07244354,
            0.06918318000000001,
            0.078292,
            0.06789344,
            0.07325259,
            0.07556736,
            0.07733804,
            0.08561638,
            0.08469314,
            0.14090491,
            0.13489535
        ],
        [
            0.05235116,
            0.060478840000000006,
            0.05222979,
            0.055506940000000005,
            0.06855377000000001,
            0.06136904,
            0.07571779000000001,
            0.0686547,
            0.06019776,
            0.06020387,
            0.06021473,
            0.06465027000000001,
            0.046010050000000004,
            0.046010050000000004,
            0.047596330000000006,
            0.050199610000000006,
            0.05978205,
            0.0,
            0.0,
            0.0,
            0.0,
            0.0,
            0,
            0.07244354,
            0.06918318000000001,
            0.078292,
            0.06789344,
            0.07325259,
            0.07556736,
            0.07733804,
            0.08561638,
            0.08469314,
            0.14090491,
            0.13489535
        ],
        [
            0.056950680000000004,
            0.06507836,
            0.05682931,
            0.06010646,
            0.07315329000000001,
            0.06596856000000001,
            0.08031731,
            0.07325422,
            0.06479728,
            0.06480339,
            0.06481425,
            0.06924979,
            0.05461891000000001,
            0.05461891000000001,
            0.05620519,
            0.06322591,
            0.07280835,
            0.07244354,
            0.07244354,
            0.07244354,
            0.07244354,
            0.07244354,
            0.07244354,
            0,
            0.06098074,
            0.07008956,
            0.059691,
            0.07182483,
            0.0741396,
            0.07591028,
            0.08418862,
            0.08326538,
            0.13947715,
            0.13346759
        ],
        [
            0.05369032,
            0.061818000000000005,
            0.053568950000000004,
            0.056846100000000004,
            0.06989293,
            0.0627082,
            0.07705695,
            0.06999385999999999,
            0.06153692000000001,
            0.06154303,
            0.06155389,
            0.06598943,
            0.05135855,
            0.05135855,
            0.052944830000000005,
            0.059965550000000006,
            0.06954799,
            0.06918318000000001,
            0.06918318000000001,
            0.06918318000000001,
            0.06918318000000001,
            0.06918318000000001,
            0.06918318000000001,
            0.06098074,
            0,
            0.029935700000000003,
            0.01953714,
            0.06856447000000002,
            0.07087924000000001,
            0.07264992,
            0.08092826,
            0.08000502000000001,
            0.13621679,
            0.13020723
        ],
        [
            0.06279914,
            0.07092682,
            0.06267777000000001,
            0.06595492,
            0.07900175000000001,
            0.07181702000000001,
            0.08616577,
            0.07910268000000001,
            0.07064574000000001,
            0.07065185,
            0.07066271,
            0.07509825,
            0.060467370000000006,
            0.060467370000000006,
            0.06205365000000001,
            0.06907437000000001,
            0.07865681000000001,
            0.078292,
            0.078292,
            0.078292,
            0.078292,
            0.078292,
            0.078292,
            0.07008956,
            0.029935700000000003,
            0,
            0.026750120000000002,
            0.07767329,
            0.07998806000000001,
            0.08175874000000001,
            0.09003708000000002,
            0.08911384000000001,
            0.14532561,
            0.13931605000000002
        ],
        [
            0.05240058,
            0.06052826,
            0.052279210000000007,
            0.05555636,
            0.06860319000000001,
            0.06141846000000001,
            0.07576721,
            0.06870412,
            0.060247180000000004,
            0.06025329,
            0.06026415,
            0.06469969,
            0.050068810000000005,
            0.050068810000000005,
            0.05165509,
            0.05867581000000001,
            0.06825825,
            0.06789344,
            0.06789344,
            0.06789344,
            0.06789344,
            0.06789344,
            0.06789344,
            0.059691,
            0.01953714,
            0.026750120000000002,
            0,
            0.06727473,
            0.0695895,
            0.07136018,
            0.07963852,
            0.07871528,
            0.13492705,
            0.12891749
        ],
        [
            0.05775973,
            0.06588741000000001,
            0.05763836,
            0.060915510000000006,
            0.07396234000000002,
            0.06677761000000002,
            0.08112636000000001,
            0.07406327,
            0.06560633,
            0.06561244,
            0.0656233,
            0.07005884000000001,
            0.055427960000000005,
            0.055427960000000005,
            0.05701424000000001,
            0.06403496,
            0.0736174,
            0.07325259,
            0.07325259,
            0.07325259,
            0.07325259,
            0.07325259,
            0.07325259,
            0.07182483,
            0.06856447000000002,
            0.07767329,
            0.06727473,
            0,
            0.00202875,
            0.07397371,
            0.08225205000000001,
            0.08132881,
            0.13754058,
            0.13153102
        ],
        [
            0.0600745,
            0.06820218,
            0.05995313000000001,
            0.06323028,
            0.07627711000000001,
            0.06909238000000001,
            0.08344113,
            0.07637804000000001,
            0.06792110000000001,
            0.06792721,
            0.06793807,
            0.07237361,
            0.057742730000000006,
            0.057742730000000006,
            0.05932901,
            0.06634973000000001,
            0.07593217000000001,
            0.07556736,
            0.07556736,
            0.07556736,
            0.07556736,
            0.07556736,
            0.07556736,
            0.0741396,
            0.07087924000000001,
            0.07998806000000001,
            0.0695895,
            0.00202875,
            0,
            0.07628848,
            0.08456682000000001,
            0.08364358000000001,
            0.13985535,
            0.13384579000000002
        ],
        [
            0.06184518,
            0.06997286,
            0.061723810000000004,
            0.06500096,
            0.07804779,
            0.07086306,
            0.08521181,
            0.07814872,
            0.06969178000000001,
            0.06969789,
            0.06970875,
            0.07414429,
            0.05951341,
            0.05951341,
            0.06109969,
            0.06812041,
            0.07770285,
            0.07733804,
            0.07733804,
            0.07733804,
            0.07733804,
            0.07733804,
            0.07733804,
            0.07591028,
            0.07264992,
            0.08175874000000001,
            0.07136018,
            0.07397371,
            0.07628848,
            0,
            0.013737480000000002,
            0.012814240000000001,
            0.11794193,
            0.11193237
        ],
        [
            0.07012352,
            0.07825119999999999,
            0.07000215000000001,
            0.07327929999999999,
            0.08632613,
            0.0791414,
            0.09349015,
            0.08642706,
            0.07797012,
            0.07797623000000001,
            0.07798709000000001,
            0.08242263,
            0.06779175000000001,
            0.06779175000000001,
            0.06937803000000001,
            0.07639875000000002,
            0.08598119000000001,
            0.08561638,
            0.08561638,
            0.08561638,
            0.08561638,
            0.08561638,
            0.08561638,
            0.08418862,
            0.08092826,
            0.09003708000000002,
            0.07963852,
            0.08225205000000001,
            0.08456682000000001,
            0.013737480000000002,
            0,
            0.00202618,
            0.12622027,
            0.12021071
        ],
        [
            0.06920028,
            0.07732796,
            0.06907891000000001,
            0.07235606,
            0.08540289000000001,
            0.07821816000000001,
            0.09256691,
            0.08550382000000001,
            0.07704688000000001,
            0.07705299,
            0.07706385,
            0.08149939,
            0.06686851,
            0.06686851,
            0.06845479,
            0.07547551000000001,
            0.08505795000000001,
            0.08469314,
            0.08469314,
            0.08469314,
            0.08469314,
            0.08469314,
            0.08469314,
            0.08326538,
            0.08000502000000001,
            0.08911384000000001,
            0.07871528,
            0.08132881,
            0.08364358000000001,
            0.012814240000000001,
            0.00202618,
            0,
            0.12529703,
            0.11928747
        ],
        [
            0.12541205,
            0.13353973,
            0.12529068,
            0.12856783,
            0.14161466,
            0.13442993,
            0.14877868,
            0.14171559,
            0.13325865,
            0.13326475999999998,
            0.13327561999999998,
            0.13771116,
            0.12308028,
            0.12308028,
            0.12466656,
            0.13168728000000002,
            0.14126972,
            0.14090491,
            0.14090491,
            0.14090491,
            0.14090491,
            0.14090491,
            0.14090491,
            0.13947715,
            0.13621679,
            0.14532561,
            0.13492705,
            0.13754058,
            0.13985535,
            0.11794193,
            0.12622027,
            0.12529703,
            0,
            0.01225222
        ],
        [
            0.11940249,
            0.12753017,
            0.11928112,
            0.12255827,
            0.1356051,
            0.12842037,
            0.14276912,
            0.13570603,
            0.12724909,
            0.1272552,
            0.12726606000000001,
            0.1317016,
            0.11707072,
            0.11707072,
            0.118657,
            0.12567772,
            0.13526016000000002,
            0.13489535,
            0.13489535,
            0.13489535,
            0.13489535,
            0.13489535,
            0.13489535,
            0.13346759,
            0.13020723,
            0.13931605000000002,
            0.12891749,
            0.13153102,
            0.13384579000000002,
            0.11193237,
            0.12021071,
            0.11928747,
            0.01225222,
            0
        ]
    ],
    "NODE_MAPPING": {
        "0": "8",
        "1": "9",
        "2": "7",
        "3": "15",
        "4": "10",
        "5": "11",
        "6": "26",
        "7": "21",
        "8": "22",
        "9": "25",
        "10": "23",
        "11": "24",
        "12": "29",
        "13": "28",
        "14": "30",
        "15": "19",
        "16": "20",
        "17": "4",
        "18": "3",
        "19": "1",
        "20": "5",
        "21": "6",
        "22": "2",
        "23": "18",
        "24": "32",
        "25": "27",
        "26": "31",
        "27": "16",
        "28": "17",
        "29": "13",
        "30": "14",
        "31": "12",
        "32": "33",
        "33": "34"
    }
}