{
    "NEXUS_FILE_URL": "http://purl.org/phylo/treebase/phylows/study/TB2:S14096",
    "NEWICK_TREE": "(1:0.264704,2:0.346276,(((((((3:1.256431,(((18:0.201485,(19:0.318879,20:0.144747):0.195217):1.378175,21:1.516948,24:1.329647):0.387689,((22:0.239274,23:0.23721):0.196971,25:0.212108):0.931185):0.48128):0.271518,((((26:0.287176,27:0.53535):0.15165,29:0.413245):0.099438,28:0.49359):0.409918,(30:0.094896,31:0.050672):0.658158):0.52672):0.260549,(((10:0.134754,12:0.118389):0.123118,(15:0.25064,16:0.213829):0.172974):0.358079,((11:0.420518,17:0.529014):0.191835,(13:0.491641,14:0.175625):0.317603):0.39197):0.885043):0.643616,((5:0.077718,9:0.060593):0.052751,8:0.137381):0.560591):0.140512,4:0.666066):0.103216,(6:0.027648,7:0.102763):0.230885):0.200538,32:0.255684):0.255497);",
    "DISTANCE_MATRIX": [
        [
            0.0,
            0.61098,
            3.3965810000000003,
            4.588779000000001,
            4.90139,
            4.727258,
            4.526067000000001,
            4.338766,
            3.9888600000000003,
            3.9867960000000005,
            3.7647230000000005,
            3.3435340000000005,
            3.5917080000000006,
            3.317953,
            3.2988600000000003,
            3.148406,
            3.104182,
            3.1090770000000005,
            3.092712,
            3.2748190000000004,
            3.238008,
            3.4974490000000005,
            3.6059450000000006,
            3.69434,
            3.3783240000000005,
            1.6555270000000002,
            1.6384020000000001,
            1.662439,
            1.490021,
            0.9792719999999999,
            1.054387,
            0.7758849999999999
        ],
        [
            0.61098,
            0.0,
            3.4781530000000003,
            4.670351,
            4.982962,
            4.8088299999999995,
            4.607639000000001,
            4.420337999999999,
            4.070432,
            4.068368,
            3.8462950000000005,
            3.4251060000000004,
            3.6732800000000005,
            3.399525,
            3.3804320000000003,
            3.229978,
            3.185754,
            3.1906490000000005,
            3.174284,
            3.3563910000000003,
            3.31958,
            3.5790210000000005,
            3.6875170000000006,
            3.775912,
            3.4598960000000005,
            1.7370990000000002,
            1.7199740000000001,
            1.744011,
            1.571593,
            1.060844,
            1.135959,
            0.8574569999999999
        ],
        [
            3.3965810000000003,
            3.4781530000000003,
            0.0,
            3.70506,
            4.017671,
            3.843539,
            3.642348,
            3.455047,
            3.105141,
            3.103077,
            2.881004,
            3.0028509999999997,
            3.2510250000000003,
            2.97727,
            2.958177,
            2.807723,
            2.763499,
            3.289492,
            3.2731269999999997,
            3.455234,
            3.4184229999999998,
            3.677864,
            3.78636,
            3.8747549999999995,
            3.558739,
            3.1231739999999997,
            3.1060489999999996,
            3.130086,
            3.2386920000000003,
            2.934375,
            3.0094900000000004,
            3.132064
        ],
        [
            4.588779000000001,
            4.670351,
            3.70506,
            0.0,
            0.715581,
            0.541449,
            3.096608,
            2.909307,
            3.334779,
            3.332715,
            3.110642,
            4.195049,
            4.443223,
            4.169468,
            4.150375,
            3.9999209999999996,
            3.955697,
            4.48169,
            4.465325,
            4.647432,
            4.610621,
            4.870062,
            4.978558,
            5.066953,
            4.750937,
            4.315372,
            4.298247,
            4.322284,
            4.43089,
            4.1265730000000005,
            4.201688,
            4.324262000000001
        ],
        [
            4.90139,
            4.982962,
            4.017671,
            0.715581,
            0.0,
            0.463626,
            3.409219,
            3.221918,
            3.64739,
            3.645326,
            3.423253,
            4.50766,
            4.755834,
            4.482079,
            4.462986,
            4.312532,
            4.268307999999999,
            4.794301,
            4.777936,
            4.960043,
            4.9232320000000005,
            5.182673,
            5.291169,
            5.379564,
            5.063548,
            4.627983,
            4.610858,
            4.634895,
            4.743501,
            4.439184,
            4.514299,
            4.636873
        ],
        [
            4.727258,
            4.8088299999999995,
            3.843539,
            0.541449,
            0.463626,
            0.0,
            3.235087,
            3.047786,
            3.473258,
            3.4711939999999997,
            3.2491209999999997,
            4.333527999999999,
            4.581702,
            4.3079469999999995,
            4.288854,
            4.1384,
            4.094175999999999,
            4.620169,
            4.603804,
            4.785911,
            4.7491,
            5.008541,
            5.117037,
            5.205432,
            4.889416,
            4.453851,
            4.436726,
            4.460763,
            4.569369,
            4.265052,
            4.340167,
            4.462740999999999
        ],
        [
            4.526067000000001,
            4.607639000000001,
            3.642348,
            3.096608,
            3.409219,
            3.235087,
            0.0,
            2.8465949999999998,
            3.272067,
            3.270003,
            3.04793,
            4.132337,
            4.380511,
            4.106756,
            4.087663,
            3.937209,
            3.892985,
            4.418978,
            4.4026130000000006,
            4.58472,
            4.547909000000001,
            4.8073500000000005,
            4.915846,
            5.004241,
            4.688225,
            4.2526600000000006,
            4.2355350000000005,
            4.259572,
            4.368178,
            4.063861000000001,
            4.138976,
            4.2615500000000015
        ],
        [
            4.338766,
            4.420337999999999,
            3.455047,
            2.909307,
            3.221918,
            3.047786,
            2.8465949999999998,
            0.0,
            3.084766,
            3.0827020000000003,
            2.8606290000000003,
            3.945036,
            4.1932100000000005,
            3.9194549999999997,
            3.900362,
            3.7499079999999996,
            3.7056839999999998,
            4.2316769999999995,
            4.215312,
            4.397419,
            4.360608,
            4.620049,
            4.728545,
            4.81694,
            4.5009239999999995,
            4.065359,
            4.048234,
            4.072271,
            4.180877,
            3.87656,
            3.9516750000000003,
            4.074249
        ],
        [
            3.9888600000000003,
            4.070432,
            3.105141,
            3.334779,
            3.64739,
            3.473258,
            3.272067,
            3.084766,
            0.0,
            0.476484,
            0.648353,
            3.59513,
            3.8433040000000003,
            3.569549,
            3.550456,
            3.4000019999999997,
            3.355778,
            3.881771,
            3.865406,
            4.047513,
            4.010702,
            4.270143,
            4.378639,
            4.467034,
            4.1510180000000005,
            3.715453,
            3.698328,
            3.722365,
            3.830971,
            3.526654,
            3.6017690000000004,
            3.724343
        ],
        [
            3.9867960000000005,
            4.068368,
            3.103077,
            3.332715,
            3.645326,
            3.4711939999999997,
            3.270003,
            3.0827020000000003,
            0.476484,
            0.0,
            0.646289,
            3.5930660000000003,
            3.8412400000000004,
            3.567485,
            3.548392,
            3.397938,
            3.353714,
            3.8797070000000002,
            3.8633420000000003,
            4.0454490000000005,
            4.008638,
            4.268079,
            4.376575000000001,
            4.46497,
            4.148954,
            3.7133890000000003,
            3.696264,
            3.720301,
            3.828907,
            3.5245900000000003,
            3.5997050000000006,
            3.7222790000000003
        ],
        [
            3.7647230000000005,
            3.8462950000000005,
            2.881004,
            3.110642,
            3.423253,
            3.2491209999999997,
            3.04793,
            2.8606290000000003,
            0.648353,
            0.646289,
            0.0,
            3.370993,
            3.619167,
            3.3454119999999996,
            3.326319,
            3.175865,
            3.131641,
            3.657634,
            3.641269,
            3.8233759999999997,
            3.786565,
            4.046006,
            4.154502,
            4.242896999999999,
            3.926881,
            3.4913160000000003,
            3.4741910000000003,
            3.498228,
            3.606834,
            3.3025170000000004,
            3.3776320000000006,
            3.5002060000000004
        ],
        [
            3.3435340000000005,
            3.4251060000000004,
            3.0028509999999997,
            4.195049,
            4.50766,
            4.333527999999999,
            4.132337,
            3.945036,
            3.59513,
            3.5930660000000003,
            3.370993,
            0.0,
            0.822526,
            0.852071,
            1.031854,
            1.701236,
            1.657012,
            3.236445,
            3.22008,
            3.4021869999999996,
            3.365376,
            3.624817,
            3.733313,
            3.8217079999999997,
            3.505692,
            3.0701270000000003,
            3.053002,
            3.077039,
            3.185645,
            2.8813280000000003,
            2.9564430000000006,
            3.0790170000000003
        ],
        [
            3.5917080000000006,
            3.6732800000000005,
            3.2510250000000003,
            4.443223,
            4.755834,
            4.581702,
            4.380511,
            4.1932100000000005,
            3.8433040000000003,
            3.8412400000000004,
            3.619167,
            0.822526,
            0.0,
            1.1002450000000001,
            1.2800280000000002,
            1.9494100000000003,
            1.9051860000000003,
            3.4846190000000004,
            3.468254,
            3.650361,
            3.61355,
            3.8729910000000003,
            3.9814870000000004,
            4.069882,
            3.7538660000000004,
            3.318301,
            3.301176,
            3.325213,
            3.4338190000000006,
            3.1295020000000005,
            3.2046170000000007,
            3.3271910000000005
        ],
        [
            3.317953,
            3.399525,
            2.97727,
            4.169468,
            4.482079,
            4.3079469999999995,
            4.106756,
            3.9194549999999997,
            3.569549,
            3.567485,
            3.3454119999999996,
            0.852071,
            1.1002450000000001,
            0.0,
            1.006273,
            1.675655,
            1.631431,
            3.210864,
            3.1944989999999995,
            3.3766059999999998,
            3.3397949999999996,
            3.599236,
            3.707732,
            3.7961269999999994,
            3.480111,
            3.0445459999999995,
            3.0274209999999995,
            3.051458,
            3.160064,
            2.855747,
            2.9308620000000003,
            3.053436
        ],
        [
            3.2988600000000003,
            3.3804320000000003,
            2.958177,
            4.150375,
            4.462986,
            4.288854,
            4.087663,
            3.900362,
            3.550456,
            3.548392,
            3.326319,
            1.031854,
            1.2800280000000002,
            1.006273,
            0.0,
            1.656562,
            1.612338,
            3.191771,
            3.1754059999999997,
            3.357513,
            3.320702,
            3.580143,
            3.6886390000000002,
            3.7770339999999996,
            3.461018,
            3.0254529999999997,
            3.0083279999999997,
            3.032365,
            3.1409710000000004,
            2.8366540000000002,
            2.9117690000000005,
            3.0343430000000002
        ],
        [
            3.148406,
            3.229978,
            2.807723,
            3.9999209999999996,
            4.312532,
            4.1384,
            3.937209,
            3.7499079999999996,
            3.4000019999999997,
            3.397938,
            3.175865,
            1.701236,
            1.9494100000000003,
            1.675655,
            1.656562,
            0.0,
            0.145568,
            3.041317,
            3.024952,
            3.207059,
            3.170248,
            3.4296889999999998,
            3.538185,
            3.6265799999999997,
            3.310564,
            2.874999,
            2.857874,
            2.8819109999999997,
            2.9905169999999996,
            2.6862,
            2.761315,
            2.883889
        ],
        [
            3.104182,
            3.185754,
            2.763499,
            3.955697,
            4.268307999999999,
            4.094175999999999,
            3.892985,
            3.7056839999999998,
            3.355778,
            3.353714,
            3.131641,
            1.657012,
            1.9051860000000003,
            1.631431,
            1.612338,
            0.145568,
            0.0,
            2.9970929999999996,
            2.980728,
            3.162835,
            3.126024,
            3.385465,
            3.4939609999999997,
            3.582356,
            3.2663399999999996,
            2.830775,
            2.81365,
            2.837687,
            2.946293,
            2.641976,
            2.7170910000000004,
            2.839665
        ],
        [
            3.1090770000000005,
            3.1906490000000005,
            3.289492,
            4.48169,
            4.794301,
            4.620169,
            4.418978,
            4.2316769999999995,
            3.881771,
            3.8797070000000002,
            3.657634,
            3.236445,
            3.4846190000000004,
            3.210864,
            3.191771,
            3.041317,
            2.9970929999999996,
            0.0,
            0.253143,
            0.6814859999999999,
            0.644675,
            1.620274,
            1.72877,
            1.817165,
            1.5011489999999998,
            2.8356700000000004,
            2.8185450000000003,
            2.842582,
            2.951188,
            2.6468710000000004,
            2.7219860000000007,
            2.8445600000000004
        ],
        [
            3.092712,
            3.174284,
            3.2731269999999997,
            4.465325,
            4.777936,
            4.603804,
            4.4026130000000006,
            4.215312,
            3.865406,
            3.8633420000000003,
            3.641269,
            3.22008,
            3.468254,
            3.1944989999999995,
            3.1754059999999997,
            3.024952,
            2.980728,
            0.253143,
            0.0,
            0.665121,
            0.62831,
            1.603909,
            1.712405,
            1.8008,
            1.4847839999999999,
            2.819305,
            2.80218,
            2.8262169999999998,
            2.9348229999999997,
            2.630506,
            2.7056210000000003,
            2.828195
        ],
        [
            3.2748190000000004,
            3.3563910000000003,
            3.455234,
            4.647432,
            4.960043,
            4.785911,
            4.58472,
            4.397419,
            4.047513,
            4.0454490000000005,
            3.8233759999999997,
            3.4021869999999996,
            3.650361,
            3.3766059999999998,
            3.357513,
            3.207059,
            3.162835,
            0.6814859999999999,
            0.665121,
            0.0,
            0.46446899999999997,
            1.786016,
            1.894512,
            1.982907,
            1.666891,
            3.001412,
            2.984287,
            3.008324,
            3.11693,
            2.8126130000000003,
            2.8877280000000005,
            3.0103020000000003
        ],
        [
            3.238008,
            3.31958,
            3.4184229999999998,
            4.610621,
            4.9232320000000005,
            4.7491,
            4.547909000000001,
            4.360608,
            4.010702,
            4.008638,
            3.786565,
            3.365376,
            3.61355,
            3.3397949999999996,
            3.320702,
            3.170248,
            3.126024,
            0.644675,
            0.62831,
            0.46446899999999997,
            0.0,
            1.7492050000000001,
            1.857701,
            1.946096,
            1.63008,
            2.964601,
            2.947476,
            2.971513,
            3.080119,
            2.775802,
            2.8509170000000004,
            2.973491
        ],
        [
            3.4974490000000005,
            3.5790210000000005,
            3.677864,
            4.870062,
            5.182673,
            5.008541,
            4.8073500000000005,
            4.620049,
            4.270143,
            4.268079,
            4.046006,
            3.624817,
            3.8729910000000003,
            3.599236,
            3.580143,
            3.4296889999999998,
            3.385465,
            1.620274,
            1.603909,
            1.786016,
            1.7492050000000001,
            0.0,
            0.949532,
            1.4215970000000002,
            1.105581,
            3.224042,
            3.206917,
            3.230954,
            3.3395600000000005,
            3.0352430000000004,
            3.1103580000000006,
            3.2329320000000004
        ],
        [
            3.6059450000000006,
            3.6875170000000006,
            3.78636,
            4.978558,
            5.291169,
            5.117037,
            4.915846,
            4.728545,
            4.378639,
            4.376575000000001,
            4.154502,
            3.733313,
            3.9814870000000004,
            3.707732,
            3.6886390000000002,
            3.538185,
            3.4939609999999997,
            1.72877,
            1.712405,
            1.894512,
            1.857701,
            0.949532,
            0.0,
            1.530093,
            1.214077,
            3.3325380000000004,
            3.3154130000000004,
            3.3394500000000003,
            3.4480560000000002,
            3.1437390000000005,
            3.2188540000000008,
            3.3414280000000005
        ],
        [
            3.69434,
            3.775912,
            3.8747549999999995,
            5.066953,
            5.379564,
            5.205432,
            5.004241,
            4.81694,
            4.467034,
            4.46497,
            4.242896999999999,
            3.8217079999999997,
            4.069882,
            3.7961269999999994,
            3.7770339999999996,
            3.6265799999999997,
            3.582356,
            1.817165,
            1.8008,
            1.982907,
            1.946096,
            1.4215970000000002,
            1.530093,
            0.0,
            0.667266,
            3.420933,
            3.4038079999999997,
            3.4278449999999996,
            3.5364509999999996,
            3.232134,
            3.307249,
            3.429823
        ],
        [
            3.3783240000000005,
            3.4598960000000005,
            3.558739,
            4.750937,
            5.063548,
            4.889416,
            4.688225,
            4.5009239999999995,
            4.1510180000000005,
            4.148954,
            3.926881,
            3.505692,
            3.7538660000000004,
            3.480111,
            3.461018,
            3.310564,
            3.2663399999999996,
            1.5011489999999998,
            1.4847839999999999,
            1.666891,
            1.63008,
            1.105581,
            1.214077,
            0.667266,
            0.0,
            3.1049170000000004,
            3.0877920000000003,
            3.111829,
            3.220435,
            2.9161180000000004,
            2.9912330000000007,
            3.1138070000000004
        ],
        [
            1.6555270000000002,
            1.7370990000000002,
            3.1231739999999997,
            4.315372,
            4.627983,
            4.453851,
            4.2526600000000006,
            4.065359,
            3.715453,
            3.7133890000000003,
            3.4913160000000003,
            3.0701270000000003,
            3.318301,
            3.0445459999999995,
            3.0254529999999997,
            2.874999,
            2.830775,
            2.8356700000000004,
            2.819305,
            3.001412,
            2.964601,
            3.224042,
            3.3325380000000004,
            3.420933,
            3.1049170000000004,
            0.0,
            0.138311,
            0.26785000000000003,
            1.497638,
            1.193321,
            1.268436,
            1.39101
        ],
        [
            1.6384020000000001,
            1.7199740000000001,
            3.1060489999999996,
            4.298247,
            4.610858,
            4.436726,
            4.2355350000000005,
            4.048234,
            3.698328,
            3.696264,
            3.4741910000000003,
            3.053002,
            3.301176,
            3.0274209999999995,
            3.0083279999999997,
            2.857874,
            2.81365,
            2.8185450000000003,
            2.80218,
            2.984287,
            2.947476,
            3.206917,
            3.3154130000000004,
            3.4038079999999997,
            3.0877920000000003,
            0.138311,
            0.0,
            0.250725,
            1.480513,
            1.176196,
            1.2513109999999998,
            1.373885
        ],
        [
            1.662439,
            1.744011,
            3.130086,
            4.322284,
            4.634895,
            4.460763,
            4.259572,
            4.072271,
            3.722365,
            3.720301,
            3.498228,
            3.077039,
            3.325213,
            3.051458,
            3.032365,
            2.8819109999999997,
            2.837687,
            2.842582,
            2.8262169999999998,
            3.008324,
            2.971513,
            3.230954,
            3.3394500000000003,
            3.4278449999999996,
            3.111829,
            0.26785000000000003,
            0.250725,
            0.0,
            1.50455,
            1.2002329999999999,
            1.275348,
            1.3979219999999999
        ],
        [
            1.490021,
            1.571593,
            3.2386920000000003,
            4.43089,
            4.743501,
            4.569369,
            4.368178,
            4.180877,
            3.830971,
            3.828907,
            3.606834,
            3.185645,
            3.4338190000000006,
            3.160064,
            3.1409710000000004,
            2.9905169999999996,
            2.946293,
            2.951188,
            2.9348229999999997,
            3.11693,
            3.080119,
            3.3395600000000005,
            3.4480560000000002,
            3.5364509999999996,
            3.220435,
            1.497638,
            1.480513,
            1.50455,
            0.0,
            1.027815,
            1.10293,
            1.225504
        ],
        [
            0.9792719999999999,
            1.060844,
            2.934375,
            4.1265730000000005,
            4.439184,
            4.265052,
            4.063861000000001,
            3.87656,
            3.526654,
            3.5245900000000003,
            3.3025170000000004,
            2.8813280000000003,
            3.1295020000000005,
            2.855747,
            2.8366540000000002,
            2.6862,
            2.641976,
            2.6468710000000004,
            2.630506,
            2.8126130000000003,
            2.775802,
            3.0352430000000004,
            3.1437390000000005,
            3.232134,
            2.9161180000000004,
            1.193321,
            1.176196,
            1.2002329999999999,
            1.027815,
            0.0,
            0.130411,
            0.714755
        ],
        [
            1.054387,
            1.135959,
            3.0094900000000004,
            4.201688,
            4.514299,
            4.340167,
            4.138976,
            3.9516750000000003,
            3.6017690000000004,
            3.5997050000000006,
            3.3776320000000006,
            2.9564430000000006,
            3.2046170000000007,
            2.9308620000000003,
            2.9117690000000005,
            2.761315,
            2.7170910000000004,
            2.7219860000000007,
            2.7056210000000003,
            2.8877280000000005,
            2.8509170000000004,
            3.1103580000000006,
            3.2188540000000008,
            3.307249,
            2.9912330000000007,
            1.268436,
            1.2513109999999998,
            1.275348,
            1.10293,
            0.130411,
            0.0,
            0.7898700000000001
        ],
        [
            0.7758849999999999,
            0.8574569999999999,
            3.132064,
            4.324262000000001,
            4.636873,
            4.462740999999999,
            4.2615500000000015,
            4.074249,
            3.724343,
            3.7222790000000003,
            3.5002060000000004,
            3.0790170000000003,
            3.3271910000000005,
            3.053436,
            3.0343430000000002,
            2.883889,
            2.839665,
            2.8445600000000004,
            2.828195,
            3.0103020000000003,
            2.973491,
            3.2329320000000004,
            3.3414280000000005,
            3.429823,
            3.1138070000000004,
            1.39101,
            1.373885,
            1.3979219999999999,
            1.225504,
            0.714755,
            0.7898700000000001,
            0.0
        ]
    ],
    "NODE_MAPPING": {
        "0": "1",
        "1": "2",
        "2": "3",
        "3": "18",
        "4": "19",
        "5": "20",
        "6": "21",
        "7": "24",
        "8": "22",
        "9": "23",
        "10": "25",
        "11": "26",
        "12": "27",
        "13": "29",
        "14": "28",
        "15": "30",
        "16": "31",
        "17": "10",
        "18": "12",
        "19": "15",
        "20": "16",
        "21": "11",
        "22": "17",
        "23": "13",
        "24": "14",
        "25": "5",
        "26": "9",
        "27": "8",
        "28": "4",
        "29": "6",
        "30": "7",
        "31": "32"
    }
}