{
    "NEXUS_FILE_URL": "http://purl.org/phylo/treebase/phylows/study/TB2:S15596",
    "NEWICK_TREE": "(31:0.8816948565762596,((33:0.2202071676975798,(32:0.059567799841644765,34:0.06412759431297742):0.04462880013565214):0.7961976555118114,((8:0.2468109652814234,((6:0.1318954819247587,7:0.0630259151035288):0.0407147711904999,(4:0.24868393418051932,((1:0.025122354716262736,3:0.10283571056722039):0.09227801850291606,(5:0.05227531981350252,(2:0.020371265227879878,41:0.04384441166170905):0.018072960606605893):0.07318302024424063):0.039023362492154295):0.12219146737632322):0.09843964393422179):0.14310871361785163,(((9:0.03458717553985119,13:0.07563663943423755):0.0795197099569846,(11:0.08131434388888871,(10:0.01461596534629479,(12:0.00719106022502391,14:0.02456222672265979):0.010615635724901583):0.024580033928456722):0.05373512483055565):0.06054262749744446,((20:0.011375693718057448,(19:0.02967202195158931,(17:0.00825686300426585,40:0.034262788463400404):0.011376934219708434):0.022499439578752275):0.14102707052930882,((23:0.048765659871682576,24:0.04470742785083113):0.025481077780343888,((29:0.08641429391805205,(30:0.050805111512102596,35:0.022191757188969187):0.14403837988334825):0.05179898630874417,(28:0.03555114831948087,((22:0.020420484791496076,((18:0.0630643425269757,37:0.012830551553477657):0.005744688286970434,(21:0.0045794134056493805,38:0.023755460227617375):0.018101294010077124):0.0054487670553353676):0.04719381878178088,(27:0.05507052513444149,36:0.13084293884806059,(39:0.062495134647127464,(15:0.04862847767570726,16:0.02171351071636047):0.027503312325021845,(25:0.028097510117964398,26:0.013741220372802536):0.05259571152114316):0.01141661364563228):0.011370664144233588):0.012099068756958096):0.016439812229557694):0.015385916735957447):0.04701637032477002):0.08001824302295671):0.09501148622565023):0.569198795771194):0.8816948565762596);",
    "DISTANCE_MATRIX": [
        [
            0.0,
            2.7797945363619103,
            2.6637839686416274,
            2.66834376311296,
            2.722508187822988,
            2.746747119591045,
            2.6778775527698153,
            2.945012268032629,
            2.852752069563443,
            2.930465425414401,
            2.8608100364020075,
            2.8469789424229908,
            2.87045208885682,
            2.6022495081436436,
            2.64329897203803,
            2.6231920913662523,
            2.581073746752115,
            2.5842644773557457,
            2.6016356438533816,
            2.6600210024196866,
            2.7008167702319708,
            2.6907785455043554,
            2.71678447096349,
            2.6288813461491167,
            2.624823114128265,
            2.708233805459844,
            2.8166630029372426,
            2.7880496486141095,
            2.622011485782086,
            2.66617370979284,
            2.720011022870626,
            2.6697772318971276,
            2.673882699472406,
            2.693058746294374,
            2.6650005954982383,
            2.740773009211858,
            2.683841818656557,
            2.6974784740101585,
            2.6705635070508116,
            2.7020399056485367,
            2.687683615903375
        ],
        [
            2.7797945363619103,
            0.0,
            0.3244037676748767,
            0.32896356214620937,
            1.9755232978798603,
            1.9997622296479172,
            1.9308926628266874,
            2.1980273780895008,
            2.1057671796203152,
            2.183480535471273,
            2.113825146458879,
            2.099994052479863,
            2.1234671989136915,
            1.8552646182005157,
            1.896314082094902,
            1.8762072014231244,
            1.834088856808987,
            1.8372795874126178,
            1.8546507539102537,
            1.9130361124765585,
            1.9538318802888426,
            1.9437936555612274,
            1.9697995810203621,
            1.8818964562059888,
            1.8778382241851372,
            1.9612489155167159,
            2.0696781129941146,
            2.0410647586709816,
            1.8750265958389583,
            1.9191888198497122,
            1.9730261329274978,
            1.9227923419539996,
            1.9268978095292781,
            1.946073856351246,
            1.9180157055551104,
            1.9937881192687297,
            1.9368569287134287,
            1.9504935840670306,
            1.9235786171076836,
            1.9550550157054087,
            1.9406987259602468
        ],
        [
            2.6637839686416274,
            0.3244037676748767,
            0.0,
            0.12369539415462219,
            1.8595127301595773,
            1.8837516619276344,
            1.8148820951064044,
            2.0820168103692183,
            1.9897566119000323,
            2.06746996775099,
            1.9978145787385966,
            1.9839834847595799,
            2.007456631193409,
            1.7392540504802327,
            1.7803035143746193,
            1.7601966337028414,
            1.7180782890887043,
            1.7212690196923348,
            1.7386401861899707,
            1.7970255447562757,
            1.8378213125685599,
            1.8277830878409447,
            1.8537890133000792,
            1.7658858884857058,
            1.7618276564648543,
            1.8452383477964331,
            1.9536675452738317,
            1.9250541909506986,
            1.7590160281186753,
            1.8031782521294295,
            1.857015565207215,
            1.8067817742337169,
            1.8108872418089952,
            1.8300632886309633,
            1.8020051378348276,
            1.877777551548447,
            1.820846360993146,
            1.8344830163467476,
            1.8075680493874007,
            1.839044447985126,
            1.824688158239964
        ],
        [
            2.66834376311296,
            0.32896356214620937,
            0.12369539415462219,
            0.0,
            1.86407252463091,
            1.888311456398967,
            1.8194418895777371,
            2.086576604840551,
            1.9943164063713648,
            2.0720297622223223,
            2.0023743732099293,
            1.9885432792309123,
            2.0120164256647417,
            1.7438138449515654,
            1.7848633088459518,
            1.764756428174174,
            1.7226380835600368,
            1.7258288141636675,
            1.7431999806613034,
            1.8015853392276082,
            1.8423811070398923,
            1.8323428823122772,
            1.8583488077714119,
            1.7704456829570385,
            1.766387450936187,
            1.8497981422677656,
            1.9582273397451644,
            1.929613985422031,
            1.763575822590008,
            1.807738046600762,
            1.8615753596785476,
            1.8113415687050494,
            1.8154470362803279,
            1.8346230831022958,
            1.80656493230616,
            1.8823373460197794,
            1.8254061554644785,
            1.8390428108180803,
            1.8121278438587334,
            1.8436042424564585,
            1.8292479527112966
        ],
        [
            2.722508187822988,
            1.9755232978798603,
            1.8595127301595773,
            1.86407252463091,
            0.0,
            0.5178608623309038,
            0.44899129550967387,
            0.7161260107724877,
            0.6238658123033015,
            0.7015791681542591,
            0.6319237791418658,
            0.6180926851628491,
            0.6415658315966782,
            0.6595806781192055,
            0.7006301420135919,
            0.6805232613418141,
            0.6384049167276769,
            0.6415956473313076,
            0.6589668138289435,
            0.7173521723952483,
            0.7581479402075324,
            0.7481097154799173,
            0.7741156409390519,
            0.6862125161246785,
            0.6821542841038271,
            0.7655649754354057,
            0.8739941729128045,
            0.8453808185896711,
            0.679342655757648,
            0.7235048797684022,
            0.7773421928461877,
            0.7271084018726895,
            0.731213869447968,
            0.750389916269936,
            0.7223317654738003,
            0.7981041791874195,
            0.7411729886321186,
            0.7548096439857203,
            0.7278946770263734,
            0.7593710756240987,
            0.7450147858789368
        ],
        [
            2.746747119591045,
            1.9997622296479172,
            1.8837516619276344,
            1.888311456398967,
            0.5178608623309038,
            0.0,
            0.19492139702828748,
            0.5434856546721011,
            0.4512254562029149,
            0.5289388120538726,
            0.4592834230414793,
            0.44545232906246246,
            0.4689254754962917,
            0.6838196098872625,
            0.7248690737816489,
            0.7047621931098711,
            0.6626438484957339,
            0.6658345790993646,
            0.6832057455970005,
            0.7415911041633052,
            0.7823868719755894,
            0.7723486472479744,
            0.798354572707109,
            0.7104514478927355,
            0.706393215871884,
            0.7898039072034627,
            0.8982331046808615,
            0.8696197503577281,
            0.703581587525705,
            0.7477438115364592,
            0.8015811246142447,
            0.7513473336407466,
            0.755452801216025,
            0.774628848037993,
            0.7465706972418573,
            0.8223431109554765,
            0.7654119204001756,
            0.7790485757537773,
            0.7521336087944304,
            0.7836100073921557,
            0.7692537176469938
        ],
        [
            2.6778775527698153,
            1.9308926628266874,
            1.8148820951064044,
            1.8194418895777371,
            0.44899129550967387,
            0.19492139702828748,
            0.0,
            0.47461608785087117,
            0.38235588938168497,
            0.4600692452326427,
            0.3904138562202494,
            0.37658276224123255,
            0.4000559086750618,
            0.6149500430660326,
            0.655999506960419,
            0.6358926262886412,
            0.593774281674504,
            0.5969650122781347,
            0.6143361787757706,
            0.6727215373420754,
            0.7135173051543595,
            0.7034790804267445,
            0.7294850058858791,
            0.6415818810715056,
            0.6375236490506542,
            0.7209343403822328,
            0.8293635378596316,
            0.8007501835364982,
            0.6347120207044751,
            0.6788742447152293,
            0.7327115577930148,
            0.6824777668195167,
            0.6865832343947951,
            0.7057592812167631,
            0.6777011304206274,
            0.7534735441342466,
            0.6965423535789457,
            0.7101790089325474,
            0.6832640419732006,
            0.7147404405709258,
            0.7003841508257639
        ],
        [
            2.945012268032629,
            2.1980273780895008,
            2.0820168103692183,
            2.086576604840551,
            0.7161260107724877,
            0.5434856546721011,
            0.47461608785087117,
            0.0,
            0.40510766989185243,
            0.48282102574281005,
            0.41316563673041673,
            0.3993345427514,
            0.42280768918522915,
            0.8820847583288464,
            0.9231342222232327,
            0.9030273415514549,
            0.8609089969373177,
            0.8640997275409484,
            0.8814708940385844,
            0.939856252604889,
            0.9806520204171733,
            0.9706137956895582,
            0.9966197211486928,
            0.9087165963343193,
            0.9046583643134678,
            0.9880690556450465,
            1.0964982531224452,
            1.067884898799312,
            0.9018467359672888,
            0.946008959978043,
            0.9998462730558285,
            0.9496124820823304,
            0.9537179496576088,
            0.9728939964795769,
            0.9448358456834411,
            1.0206082593970605,
            0.9636770688417594,
            0.9773137241953611,
            0.9503987572360142,
            0.9818751558337395,
            0.9675188660885776
        ],
        [
            2.852752069563443,
            2.1057671796203152,
            1.9897566119000323,
            1.9943164063713648,
            0.6238658123033015,
            0.4512254562029149,
            0.38235588938168497,
            0.40510766989185243,
            0.0,
            0.12795806528348314,
            0.24285871327692193,
            0.2290276192979052,
            0.25250076573173436,
            0.7898245598596602,
            0.8308740237540465,
            0.8107671430822687,
            0.7686487984681315,
            0.7718395290717622,
            0.7892106955693982,
            0.8475960541357028,
            0.888391821947987,
            0.878353597220372,
            0.9043595226795066,
            0.8164563978651331,
            0.8123981658442816,
            0.8958088571758603,
            1.0042380546532592,
            0.9756247003301257,
            0.8095865374981026,
            0.8537487615088568,
            0.9075860745866423,
            0.8573522836131442,
            0.8614577511884226,
            0.8806337980103907,
            0.8525756472142549,
            0.9283480609278741,
            0.8714168703725732,
            0.8850535257261749,
            0.858138558766828,
            0.8896149573645533,
            0.8752586676193914
        ],
        [
            2.930465425414401,
            2.183480535471273,
            2.06746996775099,
            2.0720297622223223,
            0.7015791681542591,
            0.5289388120538726,
            0.4600692452326427,
            0.48282102574281005,
            0.12795806528348314,
            0.0,
            0.3205720691278796,
            0.3067409751488629,
            0.33021412158269203,
            0.8675379157106179,
            0.9085873796050042,
            0.8884804989332264,
            0.8463621543190892,
            0.84955288492272,
            0.8669240514203559,
            0.9253094099866606,
            0.9661051777989448,
            0.9560669530713297,
            0.9820728785304643,
            0.8941697537160909,
            0.8901115216952393,
            0.9735222130268181,
            1.081951410504217,
            1.0533380561810834,
            0.8872998933490603,
            0.9314621173598145,
            0.9852994304376,
            0.9350656394641019,
            0.9391711070393803,
            0.9583471538613484,
            0.9302890030652127,
            1.0060614167788318,
            0.9491302262235309,
            0.9627668815771326,
            0.9358519146177857,
            0.967328313215511,
            0.9529720234703491
        ],
        [
            2.8608100364020075,
            2.113825146458879,
            1.9978145787385966,
            2.0023743732099293,
            0.6319237791418658,
            0.4592834230414793,
            0.3904138562202494,
            0.41316563673041673,
            0.24285871327692193,
            0.3205720691278796,
            0.0,
            0.09071954564798829,
            0.11419269208181745,
            0.7978825266982246,
            0.8389319905926109,
            0.8188251099208331,
            0.7767067653066959,
            0.7798974959103266,
            0.7972686624079626,
            0.8556540209742673,
            0.8964497887865515,
            0.8864115640589364,
            0.912417489518071,
            0.8245143647036975,
            0.8204561326828461,
            0.9038668240144248,
            1.0122960214918235,
            0.9836826671686901,
            0.817644504336667,
            0.8618067283474212,
            0.9156440414252067,
            0.8654102504517086,
            0.869515718026987,
            0.8886917648489551,
            0.8606336140528194,
            0.9364060277664386,
            0.8794748372111376,
            0.8931114925647393,
            0.8661965256053925,
            0.8976729242031177,
            0.8833166344579558
        ],
        [
            2.8469789424229908,
            2.099994052479863,
            1.9839834847595799,
            1.9885432792309123,
            0.6180926851628491,
            0.44545232906246246,
            0.37658276224123255,
            0.3993345427514,
            0.2290276192979052,
            0.3067409751488629,
            0.09071954564798829,
            0.0,
            0.06421567688958893,
            0.7840514327192077,
            0.8251008966135941,
            0.8049940159418163,
            0.7628756713276791,
            0.7660664019313098,
            0.7834375684289457,
            0.8418229269952504,
            0.8826186948075346,
            0.8725804700799196,
            0.8985863955390542,
            0.8106832707246807,
            0.8066250387038292,
            0.8900357300354079,
            0.9984649275128067,
            0.9698515731896733,
            0.8038134103576502,
            0.8479756343684044,
            0.9018129474461899,
            0.8515791564726918,
            0.8556846240479702,
            0.8748606708699382,
            0.8468025200738025,
            0.9225749337874217,
            0.8656437432321208,
            0.8792803985857225,
            0.8523654316263756,
            0.8838418302241009,
            0.869485540478939
        ],
        [
            2.87045208885682,
            2.1234671989136915,
            2.007456631193409,
            2.0120164256647417,
            0.6415658315966782,
            0.4689254754962917,
            0.4000559086750618,
            0.42280768918522915,
            0.25250076573173436,
            0.33021412158269203,
            0.11419269208181745,
            0.06421567688958893,
            0.0,
            0.807524579153037,
            0.8485740430474233,
            0.8284671623756455,
            0.7863488177615083,
            0.7895395483651391,
            0.806910714862775,
            0.8652960734290798,
            0.9060918412413639,
            0.8960536165137488,
            0.9220595419728834,
            0.83415641715851,
            0.8300981851376585,
            0.9135088764692372,
            1.021938073946636,
            0.9933247196235026,
            0.8272865567914794,
            0.8714487808022336,
            0.9252860938800191,
            0.875052302906521,
            0.8791577704817994,
            0.8983338173037675,
            0.8702756665076318,
            0.946048080221251,
            0.88911688966595,
            0.9027535450195517,
            0.8758385780602049,
            0.9073149766579302,
            0.8929586869127683
        ],
        [
            2.6022495081436436,
            1.8552646182005157,
            1.7392540504802327,
            1.7438138449515654,
            0.6595806781192055,
            0.6838196098872625,
            0.6149500430660326,
            0.8820847583288464,
            0.7898245598596602,
            0.8675379157106179,
            0.7978825266982246,
            0.7840514327192077,
            0.807524579153037,
            0.0,
            0.11022381497408874,
            0.24915635421628013,
            0.20703800960214294,
            0.21022874020577365,
            0.22759990670340952,
            0.4070705202646032,
            0.44786628807688733,
            0.43782806334927227,
            0.46383398880840687,
            0.3759308639940334,
            0.371872631973182,
            0.4552833233047606,
            0.5637125207821594,
            0.535099166459026,
            0.369061003627003,
            0.41322322763775715,
            0.4670605407155426,
            0.41682674974204453,
            0.420932217317323,
            0.44010826413929094,
            0.4120501133431553,
            0.4878225270567744,
            0.4308913365014735,
            0.4445279918550752,
            0.4176130248957284,
            0.4490894234934536,
            0.4347331337482917
        ],
        [
            2.64329897203803,
            1.896314082094902,
            1.7803035143746193,
            1.7848633088459518,
            0.7006301420135919,
            0.7248690737816489,
            0.655999506960419,
            0.9231342222232327,
            0.8308740237540465,
            0.9085873796050042,
            0.8389319905926109,
            0.8251008966135941,
            0.8485740430474233,
            0.11022381497408874,
            0.0,
            0.2902058181106665,
            0.2480874734965293,
            0.25127820410016,
            0.26864937059779587,
            0.44811998415898957,
            0.4889157519712737,
            0.4788775272436586,
            0.5048834527027932,
            0.41698032788841977,
            0.41292209586756834,
            0.496332787199147,
            0.6047619846765457,
            0.5761486303534123,
            0.41011046752138935,
            0.4542726915321435,
            0.508110004609929,
            0.4578762136364309,
            0.46198168121170935,
            0.4811577280336773,
            0.45309957723754163,
            0.5288719909511608,
            0.47194080039585984,
            0.48557745574946154,
            0.45866248879011473,
            0.49013888738783995,
            0.47578259764267805
        ],
        [
            2.6231920913662523,
            1.8762072014231244,
            1.7601966337028414,
            1.764756428174174,
            0.6805232613418141,
            0.7047621931098711,
            0.6358926262886412,
            0.9030273415514549,
            0.8107671430822687,
            0.8884804989332264,
            0.8188251099208331,
            0.8049940159418163,
            0.8284671623756455,
            0.24915635421628013,
            0.2902058181106665,
            0.0,
            0.12051034316364022,
            0.12370107376727092,
            0.1410722402649068,
            0.4280131034872118,
            0.4688088712994959,
            0.4587706465718808,
            0.48477657203101543,
            0.396873447216642,
            0.39281521519579055,
            0.4762259065273692,
            0.584655104004768,
            0.5560417496816346,
            0.39000358684961156,
            0.4341658108603657,
            0.48800312393815115,
            0.4377693329646531,
            0.44187480053993156,
            0.4610508473618995,
            0.43299269656576383,
            0.508765110279383,
            0.45183391972408204,
            0.46547057507768375,
            0.43855560811833694,
            0.47003200671606216,
            0.45567571697090026
        ],
        [
            2.581073746752115,
            1.834088856808987,
            1.7180782890887043,
            1.7226380835600368,
            0.6384049167276769,
            0.6626438484957339,
            0.593774281674504,
            0.8609089969373177,
            0.7686487984681315,
            0.8463621543190892,
            0.7767067653066959,
            0.7628756713276791,
            0.7863488177615083,
            0.20703800960214294,
            0.2480874734965293,
            0.12051034316364022,
            0.0,
            0.03242266129622028,
            0.04979382779385616,
            0.38589475887307456,
            0.42669052668535873,
            0.41665230195774366,
            0.44265822741687827,
            0.3547551026025048,
            0.35069687058165333,
            0.434107561913232,
            0.5425367593906307,
            0.5139234050674975,
            0.34788524223547435,
            0.39204746624622855,
            0.445884779324014,
            0.39565098835051593,
            0.39975645592579434,
            0.41893250274776234,
            0.3908743519516267,
            0.4666467656652458,
            0.4097155751099449,
            0.4233522304635466,
            0.3964372635041997,
            0.427913662101925,
            0.4135573723567631
        ],
        [
            2.5842644773557457,
            1.8372795874126178,
            1.7212690196923348,
            1.7258288141636675,
            0.6415956473313076,
            0.6658345790993646,
            0.5969650122781347,
            0.8640997275409484,
            0.7718395290717622,
            0.84955288492272,
            0.7798974959103266,
            0.7660664019313098,
            0.7895395483651391,
            0.21022874020577365,
            0.25127820410016,
            0.12370107376727092,
            0.03242266129622028,
            0.0,
            0.0317532869476837,
            0.3890854894767053,
            0.4298812572889894,
            0.41984303256137434,
            0.44584895802050895,
            0.3579458332061355,
            0.35388760118528406,
            0.4372982925168627,
            0.5457274899942615,
            0.5171141356711281,
            0.3510759728391051,
            0.3952381968498592,
            0.44907550992764467,
            0.3988417189541466,
            0.40294718652942507,
            0.422123233351393,
            0.39406508255525735,
            0.4698374962688765,
            0.41290630571357556,
            0.42654296106717726,
            0.39962799410783045,
            0.4311043927055557,
            0.4167481029603938
        ],
        [
            2.6016356438533816,
            1.8546507539102537,
            1.7386401861899707,
            1.7431999806613034,
            0.6589668138289435,
            0.6832057455970005,
            0.6143361787757706,
            0.8814708940385844,
            0.7892106955693982,
            0.8669240514203559,
            0.7972686624079626,
            0.7834375684289457,
            0.806910714862775,
            0.22759990670340952,
            0.26864937059779587,
            0.1410722402649068,
            0.04979382779385616,
            0.0317532869476837,
            0.0,
            0.4064566559743412,
            0.44725242378662533,
            0.43721419905901027,
            0.46322012451814487,
            0.3753169997037714,
            0.37125876768292,
            0.4546694590144986,
            0.5630986564918974,
            0.534485302168764,
            0.36844713933674095,
            0.4126093633474951,
            0.4664466764252806,
            0.4162128854517825,
            0.42031835302706094,
            0.43949439984902894,
            0.4114362490528932,
            0.4872086627665124,
            0.4302774722112115,
            0.4439141275648132,
            0.4169991606054664,
            0.4484755592031916,
            0.4341192694580297
        ],
        [
            2.6600210024196866,
            1.9130361124765585,
            1.7970255447562757,
            1.8015853392276082,
            0.7173521723952483,
            0.7415911041633052,
            0.6727215373420754,
            0.939856252604889,
            0.8475960541357028,
            0.9253094099866606,
            0.8556540209742673,
            0.8418229269952504,
            0.8652960734290798,
            0.4070705202646032,
            0.44811998415898957,
            0.4280131034872118,
            0.38589475887307456,
            0.3890854894767053,
            0.4064566559743412,
            0.0,
            0.06354715524839903,
            0.053508930520784,
            0.07951485597991857,
            0.2736658722241627,
            0.2696076402033113,
            0.35301833153488993,
            0.46144752901228875,
            0.4328341746891553,
            0.2667960118571323,
            0.31095823586788646,
            0.3647955489456719,
            0.31456175797217384,
            0.3186672255474523,
            0.33784327236942024,
            0.3097851215732846,
            0.38555753528690373,
            0.32862634473160285,
            0.3422630000852045,
            0.3153480331258577,
            0.34682443172358296,
            0.33246814197842106
        ],
        [
            2.7008167702319708,
            1.9538318802888426,
            1.8378213125685599,
            1.8423811070398923,
            0.7581479402075324,
            0.7823868719755894,
            0.7135173051543595,
            0.9806520204171733,
            0.888391821947987,
            0.9661051777989448,
            0.8964497887865515,
            0.8826186948075346,
            0.9060918412413639,
            0.44786628807688733,
            0.4889157519712737,
            0.4688088712994959,
            0.42669052668535873,
            0.4298812572889894,
            0.44725242378662533,
            0.06354715524839903,
            0.0,
            0.04930581917556359,
            0.07531174463469816,
            0.3144616400364469,
            0.3104034080155954,
            0.39381409934717404,
            0.5022432968245729,
            0.4736299425014394,
            0.3075917796694164,
            0.3517540036801706,
            0.405591316757956,
            0.355357525784458,
            0.3594629933597364,
            0.3786390401817044,
            0.35058088938556875,
            0.42635330309918784,
            0.369422112543887,
            0.3830587678974886,
            0.3561438009381418,
            0.3876201995358671,
            0.37326390979070523
        ],
        [
            2.6907785455043554,
            1.9437936555612274,
            1.8277830878409447,
            1.8323428823122772,
            0.7481097154799173,
            0.7723486472479744,
            0.7034790804267445,
            0.9706137956895582,
            0.878353597220372,
            0.9560669530713297,
            0.8864115640589364,
            0.8725804700799196,
            0.8960536165137488,
            0.43782806334927227,
            0.4788775272436586,
            0.4587706465718808,
            0.41665230195774366,
            0.41984303256137434,
            0.43721419905901027,
            0.053508930520784,
            0.04930581917556359,
            0.0,
            0.04251965146766625,
            0.3044234153088319,
            0.3003651832879804,
            0.38377587461955903,
            0.49220507209695785,
            0.4635917177738244,
            0.2975535549418014,
            0.34171577895255556,
            0.395553092030341,
            0.34531930105684294,
            0.34942476863212135,
            0.3686008154540894,
            0.3405426646579537,
            0.41631507837157283,
            0.35938388781627195,
            0.3730205431698736,
            0.3461055762105268,
            0.37758197480825206,
            0.36322568506309016
        ],
        [
            2.71678447096349,
            1.9697995810203621,
            1.8537890133000792,
            1.8583488077714119,
            0.7741156409390519,
            0.798354572707109,
            0.7294850058858791,
            0.9966197211486928,
            0.9043595226795066,
            0.9820728785304643,
            0.912417489518071,
            0.8985863955390542,
            0.9220595419728834,
            0.46383398880840687,
            0.5048834527027932,
            0.48477657203101543,
            0.44265822741687827,
            0.44584895802050895,
            0.46322012451814487,
            0.07951485597991857,
            0.07531174463469816,
            0.04251965146766625,
            0.0,
            0.33042934076796643,
            0.32637110874711495,
            0.4097818000786936,
            0.5182109975560925,
            0.48959764323295896,
            0.32355948040093596,
            0.36772170441169016,
            0.42155901748947555,
            0.37132522651597755,
            0.37543069409125596,
            0.39460674091322395,
            0.3665485901170883,
            0.4423210038307074,
            0.38538981327540656,
            0.39902646862900815,
            0.37211150166966134,
            0.40358790026738667,
            0.38923161052222477
        ],
        [
            2.6288813461491167,
            1.8818964562059888,
            1.7658858884857058,
            1.7704456829570385,
            0.6862125161246785,
            0.7104514478927355,
            0.6415818810715056,
            0.9087165963343193,
            0.8164563978651331,
            0.8941697537160909,
            0.8245143647036975,
            0.8106832707246807,
            0.83415641715851,
            0.3759308639940334,
            0.41698032788841977,
            0.396873447216642,
            0.3547551026025048,
            0.3579458332061355,
            0.3753169997037714,
            0.2736658722241627,
            0.3144616400364469,
            0.3044234153088319,
            0.33042934076796643,
            0.0,
            0.0934730877225137,
            0.22784593461478012,
            0.33627513209217896,
            0.30766177776904546,
            0.14162361493702247,
            0.18578583894777667,
            0.2396231520255621,
            0.18938936105206405,
            0.19349482862734246,
            0.21267087544931046,
            0.1846127246531748,
            0.2603851383667939,
            0.20345394781149304,
            0.21709060316509468,
            0.1901756362057479,
            0.22165203480347315,
            0.20729574505831125
        ],
        [
            2.624823114128265,
            1.8778382241851372,
            1.7618276564648543,
            1.766387450936187,
            0.6821542841038271,
            0.706393215871884,
            0.6375236490506542,
            0.9046583643134678,
            0.8123981658442816,
            0.8901115216952393,
            0.8204561326828461,
            0.8066250387038292,
            0.8300981851376585,
            0.371872631973182,
            0.41292209586756834,
            0.39281521519579055,
            0.35069687058165333,
            0.35388760118528406,
            0.37125876768292,
            0.2696076402033113,
            0.3104034080155954,
            0.3003651832879804,
            0.32637110874711495,
            0.0934730877225137,
            0.0,
            0.22378770259392866,
            0.3322169000713275,
            0.30360354574819404,
            0.13756538291617104,
            0.1817276069269252,
            0.23556492000471063,
            0.18533112903121257,
            0.189436596606491,
            0.208612643428459,
            0.18055449263232332,
            0.25632690634594246,
            0.19939571579064158,
            0.21303237114424323,
            0.18611740418489642,
            0.2175938027826217,
            0.2032375130374598
        ],
        [
            2.708233805459844,
            1.9612489155167159,
            1.8452383477964331,
            1.8497981422677656,
            0.7655649754354057,
            0.7898039072034627,
            0.7209343403822328,
            0.9880690556450465,
            0.8958088571758603,
            0.9735222130268181,
            0.9038668240144248,
            0.8900357300354079,
            0.9135088764692372,
            0.4552833233047606,
            0.496332787199147,
            0.4762259065273692,
            0.434107561913232,
            0.4372982925168627,
            0.4546694590144986,
            0.35301833153488993,
            0.39381409934717404,
            0.38377587461955903,
            0.4097818000786936,
            0.22784593461478012,
            0.22378770259392866,
            0.0,
            0.2812577853135029,
            0.2526444309903695,
            0.19020424077583478,
            0.23436646478658896,
            0.2882037778643744,
            0.23796998689087634,
            0.24207545446615475,
            0.26125150128812274,
            0.23319335049198708,
            0.3089657642056062,
            0.25203457365030535,
            0.26567122900390694,
            0.23875626204456019,
            0.27023266064228546,
            0.25587637089712356
        ],
        [
            2.8166630029372426,
            2.0696781129941146,
            1.9536675452738317,
            1.9582273397451644,
            0.8739941729128045,
            0.8982331046808615,
            0.8293635378596316,
            1.0964982531224452,
            1.0042380546532592,
            1.081951410504217,
            1.0122960214918235,
            0.9984649275128067,
            1.021938073946636,
            0.5637125207821594,
            0.6047619846765457,
            0.584655104004768,
            0.5425367593906307,
            0.5457274899942615,
            0.5630986564918974,
            0.46144752901228875,
            0.5022432968245729,
            0.49220507209695785,
            0.5182109975560925,
            0.33627513209217896,
            0.3322169000713275,
            0.2812577853135029,
            0.0,
            0.07299686870107178,
            0.2986334382532336,
            0.3427956622639877,
            0.3966329753417732,
            0.3463991843682751,
            0.35050465194355357,
            0.36968069876552156,
            0.34162254796938585,
            0.417394961683005,
            0.3604637711277041,
            0.37410042648130576,
            0.347185459521959,
            0.3786618581196842,
            0.3643055683745223
        ],
        [
            2.7880496486141095,
            2.0410647586709816,
            1.9250541909506986,
            1.929613985422031,
            0.8453808185896711,
            0.8696197503577281,
            0.8007501835364982,
            1.067884898799312,
            0.9756247003301257,
            1.0533380561810834,
            0.9836826671686901,
            0.9698515731896733,
            0.9933247196235026,
            0.535099166459026,
            0.5761486303534123,
            0.5560417496816346,
            0.5139234050674975,
            0.5171141356711281,
            0.534485302168764,
            0.4328341746891553,
            0.4736299425014394,
            0.4635917177738244,
            0.48959764323295896,
            0.30766177776904546,
            0.30360354574819404,
            0.2526444309903695,
            0.07299686870107178,
            0.0,
            0.27002008393010013,
            0.31418230794085433,
            0.3680196210186398,
            0.3177858300451417,
            0.3218912976204201,
            0.3410673444423881,
            0.31300919364625246,
            0.38878160735987155,
            0.3318504168045707,
            0.3454870721581723,
            0.31857210519882556,
            0.35004850379655084,
            0.33569221405138894
        ],
        [
            2.622011485782086,
            1.8750265958389583,
            1.7590160281186753,
            1.763575822590008,
            0.679342655757648,
            0.703581587525705,
            0.6347120207044751,
            0.9018467359672888,
            0.8095865374981026,
            0.8872998933490603,
            0.817644504336667,
            0.8038134103576502,
            0.8272865567914794,
            0.369061003627003,
            0.41011046752138935,
            0.39000358684961156,
            0.34788524223547435,
            0.3510759728391051,
            0.36844713933674095,
            0.2667960118571323,
            0.3075917796694164,
            0.2975535549418014,
            0.32355948040093596,
            0.14162361493702247,
            0.13756538291617104,
            0.19020424077583478,
            0.2986334382532336,
            0.27002008393010013,
            0.0,
            0.11526452064971593,
            0.16910183372750134,
            0.11886804275400331,
            0.12297351032928172,
            0.14214955715124972,
            0.11409140635511406,
            0.18986382006873315,
