{
    "NEXUS_FILE_URL": "http://purl.org/phylo/treebase/phylows/study/TB2:S14971",
    "NEWICK_TREE": "(2:0.027268694694367546,1:0.024615476831681384,(3:0.025089283608716033,((6:0.020394276787737156,(8:0.032751253990377496,((7:0.02384634222619939,9:0.030930318729182116):0.006320406529213952,(4:0.014135735250094822,5:0.014538035593265062):0.02242132732850059):0.0037275977385828):0.004621877878685436):0.01831639046273713,(((10:0.030373952103965467,11:0.022138848699659545):0.01493083524257365,(14:0.04040730324599445,(12:0.02344158921621155,13:0.025886292499467067):0.011685866298756366):0.010993114549342415):0.004767793721415694,((16:0.0011269339504878981,((18:1.07298029867279E-6,19:0.0017335422042892524):0.001645592591535056,(15:4.2972660665501183E-4,17:1.07298029867279E-6):0.001908179014660287):5.253054334508223E-4):0.009034926799377707,((((43:0.009748515139738938,46:0.00749419576852166):0.0013481624584525502,(48:0.01531168131305469,(47:0.012050796982342498,(44:0.01953250175036374,45:0.010124607917538808):0.004882409484851564):0.0016924785792441458):0.0034155536803726423):0.005251168072596802,(49:0.008857075185768708,(50:0.009767377442562005,((55:0.01231823902588824,54:0.005899054426335108):0.011619454570715221,(57:0.009859520985433367,((51:0.010352962088821211,(52:0.007322645755700112,53:0.005542788507002752):0.002998116728544735):0.0026267516165176755,(56:0.006469581485163455,((62:0.003543584996484666,61:5.1345098649778E-4):0.0018702923141387117,(58:8.957745926117551E-4,(60:4.5598340435894403E-4,59:4.590213661951611E-4):1.07298029867279E-6):5.480626977997885E-4):0.005156367861179103):0.009806521909595549):0.001038400531744205):4.686228097298726E-4):0.005342510331752163):0.00399257580856509):0.004361909851139462):0.0013698945983015114,((42:0.008217907610351613,41:0.0064567397320820005):0.012258263120753284,((((35:0.0024120763176347466,33:0.009008224619993878):0.009186258763155219,(32:0.028514542061042904,31:0.006617896360149414):0.011195168188136203):0.0013845383382970252,(34:0.023125767953747038,(36:0.006177295957337177,(37:0.004508701461509933,(38:0.0028980069184685914,(40:0.0017860775109294616,39:0.0021093129907526344):0.0024808569257349163):0.0045081467424078975):0.0024174784171034536):0.007543504807592414):0.0029887502070907145):0.006642468356000228,((29:0.02317382090308669,28:0.012169375458524628):0.005505366290594516,((26:0.0018221330898508322,25:0.004509179496533329):0.009489890418801288,((27:0.0251567039577981,(21:0.014850884517727982,20:0.008962083294129328):0.01507273917572337):0.005201573037086248,(22:0.011258743756409692,(23:0.012995824415447749,(30:0.003980296138020077,24:0.001325991364577822):0.014435769163940593):0.0026038706102918282):0.004517068576086632):4.200607676194464E-5):0.021146854588292328):0.004895739554992485):0.01442821536552235):9.545112991194135E-4):0.014205596661165543):0.023589137267385145):0.01181450120679126):0.15156216934999656):0.014923184631263325);",
    "DISTANCE_MATRIX": [
        [
            0,
            0.05188417152604893,
            0.06728116293434691,
            0.2324647159261017,
            0.2494435710074275,
            0.25058666351104614,
            0.25767064001402884,
            0.2569769773342282,
            0.25737927767739843,
            0.2556411309503735,
            0.24740602754606758,
            0.26173676139917124,
            0.2564569136681447,
            0.25890161695140024,
            0.23931954789966944,
            0.24036458495446608,
            0.24209705417845667,
            0.24105582500394765,
            0.24062717137759132,
            0.2610810240800592,
            0.2588267047088419,
            0.26871158147529506,
            0.26714317572382695,
            0.27950728997669977,
            0.27009939614387485,
            0.25795216344617905,
            0.2628550415115375,
            0.28236786799733105,
            0.2759486833977779,
            0.2687583181958908,
            0.2729169114475406,
            0.2728847118429642,
            0.2711048545942668,
            0.2762133011369607,
            0.2803139648235997,
            0.27728383081361285,
            0.2763439248033879,
            0.2759052065954337,
            0.2759082445572699,
            0.2647939658411937,
            0.2630327979629241,
            0.27837135225069837,
            0.2849675005530575,
            0.30648272741908744,
            0.284586081718194,
            0.2915029969924491,
            0.28209802980363163,
            0.2828469137249079,
            0.28574436592427443,
            0.2871132934424702,
            0.2874365289222934,
            0.29232093722428476,
            0.28131649177972273,
            0.296100628127548,
            0.2987876745342305,
            0.3151888876905422,
            0.31995580742619545,
            0.31406700620259687,
            0.3006064230281542,
            0.3049473742974841,
            0.310367615183997,
            0.3077133104105547
        ],
        [
            0.05188417152604893,
            0,
            0.06462794507166074,
            0.22981149806341555,
            0.24679035314474135,
            0.24793344564835998,
            0.2550174221513427,
            0.254323759471542,
            0.2547260598147123,
            0.2529879130876873,
            0.24475280968338142,
            0.2590835435364851,
            0.25380369580545853,
            0.25624839908871405,
            0.23666633003698329,
            0.23771136709177992,
            0.23944383631577051,
            0.2384026071412615,
            0.23797395351490516,
            0.258427806217373,
            0.2561734868461557,
            0.2660583636126089,
            0.2644899578611408,
            0.2768540721140136,
            0.26744617828118866,
            0.25529894558349286,
            0.2602018236488513,
            0.27971465013464486,
            0.27329546553509176,
            0.26610510033320467,
            0.2702636935848544,
            0.270231493980278,
            0.2684516367315807,
            0.2735600832742745,
            0.27766074696091353,
            0.27463061295092667,
            0.2736907069407017,
            0.27325198873274753,
            0.2732550266945838,
            0.2621407479785075,
            0.26037958010023793,
            0.2757181343880122,
            0.2823142826903713,
            0.30382950955640126,
            0.2819328638555078,
            0.2888497791297629,
            0.27944481194094545,
            0.2801936958622217,
            0.28309114806158825,
            0.28446007557978403,
            0.2847833110596072,
            0.2896677193615986,
            0.27866327391703655,
            0.2934474102648618,
            0.2961344566715443,
            0.312535669827856,
            0.31730258956350926,
            0.3114137883399107,
            0.297953205165468,
            0.3022941564347979,
            0.30771439732131084,
            0.30506009254786853
        ],
        [
            0.06728116293434691,
            0.06462794507166074,
            0,
            0.21536212020918688,
            0.23234097529051267,
            0.2334840677941313,
            0.24056804429711404,
            0.23987438161731336,
            0.24027668196048363,
            0.23853853523345867,
            0.23030343182915275,
            0.24463416568225643,
            0.23935431795122988,
            0.24179902123448538,
            0.2222169521827546,
            0.22326198923755125,
            0.22499445846154184,
            0.22395322928703282,
            0.2235245756606765,
            0.24397842836314435,
            0.24172410899192706,
            0.2516089857583802,
            0.25004058000691215,
            0.2624046942597849,
            0.25299680042696,
            0.24084956772926422,
            0.24575244579462263,
            0.2652652722804162,
            0.2588460876808631,
            0.251655722478976,
            0.25581431573062574,
            0.25578211612604934,
            0.254002258877352,
            0.25911070542004583,
            0.26321136910668486,
            0.260181235096698,
            0.259241329086473,
            0.25880261087851886,
            0.2588056488403551,
            0.24769137012427886,
            0.24593020224600926,
            0.2612687565337835,
            0.2678649048361426,
            0.28938013170217264,
            0.26748348600127914,
            0.2744004012755343,
            0.26499543408671683,
            0.26574431800799303,
            0.2686417702073596,
            0.27001069772555536,
            0.2703339332053785,
            0.27521834150736996,
            0.26421389606280793,
            0.2789980324106332,
            0.2816850788173157,
            0.2980862919736274,
            0.30285321170928065,
            0.296964410485682,
            0.2835038273112394,
            0.2878447785805693,
            0.2932650194670822,
            0.2906107146936399
        ],
        [
            0.2324647159261017,
            0.22981149806341555,
            0.21536212020918688,
            0,
            0.057767408656800086,
            0.05891050116041873,
            0.06599447766340145,
            0.0653008149836008,
            0.06570311532677103,
            0.10059774952522035,
            0.09236264612091442,
            0.10669337997401811,
            0.10141353224299157,
            0.10385823552624708,
            0.08427616647451629,
            0.08532120352931294,
            0.08705367275330353,
            0.08601244357879452,
            0.08558378995243818,
            0.10603764265490603,
            0.10378332328368875,
            0.11366820005014187,
            0.11209979429867384,
            0.12446390855154663,
            0.1150560147187217,
            0.10290878202102591,
            0.1078116600863843,
            0.1273244865721779,
            0.12090530197262478,
            0.11371493677073768,
            0.11787353002238742,
            0.11784133041781106,
            0.1160614731691137,
            0.12116991971180754,
            0.12527058339844657,
            0.12224044938845968,
            0.12130054337823473,
            0.12086182517028057,
            0.1208648631321168,
            0.10975058441604055,
            0.10798941653777093,
            0.12332797082554522,
            0.12992411912790433,
            0.15143934599393435,
            0.12954270029304085,
            0.13645961556729597,
            0.12705464837847852,
            0.12780353229975475,
            0.1307009844991213,
            0.13206991201731708,
            0.13239314749714023,
            0.13727755579913167,
            0.12627311035456962,
            0.14105724670239492,
            0.1437442931090774,
            0.1601455062653891,
            0.16491242600104233,
            0.1590236247774437,
            0.14556304160300107,
            0.14990399287233097,
            0.15532423375884388,
            0.15266992898540163
        ],
        [
            0.2494435710074275,
            0.24679035314474135,
            0.23234097529051267,
            0.057767408656800086,
            0,
            0.06664560048437364,
            0.07372957698735635,
            0.07303591430755571,
            0.07343821465072595,
            0.11757660460654613,
            0.1093415012022402,
            0.12367223505534389,
            0.11839238732431735,
            0.12083709060757286,
            0.10125502155584207,
            0.10230005861063872,
            0.10403252783462931,
            0.1029912986601203,
            0.10256264503376396,
            0.12301649773623181,
            0.12076217836501453,
            0.13064705513146765,
            0.12907864937999963,
            0.1414427636328724,
            0.13203486980004747,
            0.11988763710235169,
            0.12479051516771009,
            0.14430334165350367,
            0.13788415705395057,
            0.13069379185206348,
            0.1348523851037132,
            0.13482018549913682,
            0.1330403282504395,
            0.1381487747931333,
            0.14224943847977234,
            0.13921930446978548,
            0.1382793984595605,
            0.13784068025160634,
            0.1378437182134426,
            0.12672943949736631,
            0.12496827161909671,
            0.140306825906871,
            0.1469029742092301,
            0.16841820107526012,
            0.14652155537436662,
            0.15343847064862176,
            0.1440335034598043,
            0.1447823873810805,
            0.14767983958044706,
            0.14904876709864284,
            0.149372002578466,
            0.15425641088045744,
            0.1432519654358954,
            0.15803610178372068,
            0.16072314819040318,
            0.1771243613467149,
            0.18189128108236813,
            0.1760024798587695,
            0.16254189668432684,
            0.16688284795365677,
            0.17230308884016965,
            0.1696487840667274
        ],
        [
            0.25058666351104614,
            0.24793344564835998,
            0.2334840677941313,
            0.05891050116041873,
            0.06664560048437364,
            0,
            0.0547766609553815,
            0.06672381133400875,
            0.067126111677179,
            0.11871969711016478,
            0.11048459370585885,
            0.12481532755896253,
            0.119535479827936,
            0.1219801831111915,
            0.10239811405946071,
            0.10344315111425736,
            0.10517562033824795,
            0.10413439116373895,
            0.1037057375373826,
            0.12415959023985046,
            0.12190527086863318,
            0.13179014763508629,
            0.13022174188361826,
            0.14258585613649105,
            0.13317796230366613,
            0.12103072960597033,
            0.12593360767132872,
            0.14544643415712233,
            0.1390272495575692,
            0.1318368843556821,
            0.13599547760733183,
            0.13596327800275548,
            0.13418342075405812,
            0.13929186729675197,
            0.143392530983391,
            0.1403623969734041,
            0.13942249096317916,
            0.138983772755225,
            0.13898681071706123,
            0.12787253200098497,
            0.12611136412271534,
            0.14144991841048965,
            0.14804606671284876,
            0.16956129357887878,
            0.14766464787798528,
            0.1545815631522404,
            0.14517659596342294,
            0.14592547988469917,
            0.14882293208406572,
            0.1501918596022615,
            0.15051509508208466,
            0.1553995033840761,
            0.14439505793951404,
            0.15917919428733934,
            0.16186624069402183,
            0.17826745385033352,
            0.18303437358598676,
            0.17714557236238812,
            0.1636849891879455,
            0.1680259404572754,
            0.1734461813437883,
            0.17079187657034606
        ],
        [
            0.25767064001402884,
            0.2550174221513427,
            0.24056804429711404,
            0.06599447766340145,
            0.07372957698735635,
            0.0547766609553815,
            0,
            0.07380778783699148,
            0.07421008818016173,
            0.12580367361314748,
            0.11756857020884157,
            0.13189930406194525,
            0.1266194563309187,
            0.12906415961417422,
            0.10948209056244343,
            0.11052712761724008,
            0.11225959684123067,
            0.11121836766672166,
            0.11078971404036532,
            0.13124356674283316,
            0.12898924737161588,
            0.13887412413806902,
            0.137305718386601,
            0.14966983263947375,
            0.14026193880664883,
            0.12811470610895304,
            0.13301758417431145,
            0.15253041066010503,
            0.14611122606055194,
            0.13892086085866484,
            0.14307945411031456,
            0.1430472545057382,
            0.14126739725704085,
            0.14637584379973467,
            0.1504765074863737,
            0.14744637347638684,
            0.14650646746616186,
            0.1460677492582077,
            0.14607078722004396,
            0.13495650850396768,
            0.13319534062569807,
            0.14853389491347235,
            0.15513004321583146,
            0.17664527008186148,
            0.15474862438096798,
            0.16166553965522312,
            0.15226057246640567,
            0.15300945638768187,
            0.15590690858704842,
            0.1572758361052442,
            0.15759907158506736,
            0.1624834798870588,
            0.15147903444249677,
            0.16626317079032205,
            0.16895021719700454,
            0.18535143035331625,
            0.1901183500889695,
            0.18422954886537085,
            0.1707689656909282,
            0.17510991696025813,
            0.180530157846771,
            0.17787585307332876
        ],
        [
            0.2569769773342282,
            0.254323759471542,
            0.23987438161731336,
            0.0653008149836008,
            0.07303591430755571,
            0.06672381133400875,
            0.07380778783699148,
            0,
            0.028673770843359883,
            0.12511001093334684,
            0.11687490752904091,
            0.13120564138214458,
            0.12592579365111806,
            0.12837049693437358,
            0.10878842788264277,
            0.10983346493743942,
            0.11156593416143001,
            0.110524704986921,
            0.11009605136056466,
            0.13054990406303252,
            0.12829558469181523,
            0.13818046145826834,
            0.13661205570680032,
            0.1489761699596731,
            0.1395682761268482,
            0.1274210434291524,
            0.13232392149451078,
            0.1518367479803044,
            0.14541756338075126,
            0.13822719817886417,
            0.14238579143051389,
            0.14235359182593754,
            0.14057373457724018,
            0.14568218111993403,
            0.14978284480657306,
            0.14675271079658617,
            0.14581280478636122,
            0.14537408657840706,
            0.1453771245402433,
            0.13426284582416703,
            0.1325016779458974,
            0.1478402322336717,
            0.15443638053603082,
            0.17595160740206084,
            0.15405496170116734,
            0.16097187697542245,
            0.151566909786605,
            0.15231579370788123,
            0.15521324590724778,
            0.15658217342544356,
            0.15690540890526672,
            0.16178981720725816,
            0.1507853717626961,
            0.1655695081105214,
            0.1682565545172039,
            0.18465776767351558,
            0.18942468740916882,
            0.18353588618557018,
            0.17007530301112755,
            0.17441625428045746,
            0.17983649516697037,
            0.17718219039352812
        ],
        [
            0.25737927767739843,
            0.2547260598147123,
            0.24027668196048363,
            0.06570311532677103,
            0.07343821465072595,
            0.067126111677179,
            0.07421008818016173,
            0.028673770843359883,
            0,
            0.12551231127651707,
            0.11727720787221116,
            0.13160794172531484,
            0.1263280939942883,
            0.12877279727754382,
            0.10919072822581302,
            0.11023576528060967,
            0.11196823450460026,
            0.11092700533009126,
            0.11049835170373491,
            0.13095220440620275,
            0.12869788503498547,
            0.1385827618014386,
            0.1370143560499706,
            0.14937847030284335,
            0.13997057647001843,
            0.12782334377232263,
            0.13272622183768104,
            0.15223904832347462,
            0.14581986372392153,
            0.13862949852203443,
            0.14278809177368415,
            0.14275589216910778,
            0.14097603492041044,
            0.14608448146310427,
            0.1501851451497433,
            0.14715501113975643,
            0.14621510512953145,
            0.1457763869215773,
            0.14577942488341356,
            0.13466514616733727,
            0.13290397828906766,
            0.14824253257684195,
            0.15483868087920105,
            0.17635390774523108,
            0.15445726204433757,
            0.16137417731859272,
            0.15196921012977527,
            0.15271809405105147,
            0.155615546250418,
            0.1569844737686138,
            0.15730770924843696,
            0.1621921175504284,
            0.15118767210586637,
            0.16597180845369164,
            0.16865885486037413,
            0.18506006801668584,
            0.18982698775233908,
            0.18393818652874044,
            0.1704776033542978,
            0.17481855462362772,
            0.1802387955101406,
            0.17758449073669835
        ],
        [
            0.2556411309503735,
            0.2529879130876873,
            0.23853853523345867,
            0.10059774952522035,
            0.11757660460654613,
            0.11871969711016478,
            0.12580367361314748,
            0.12511001093334684,
            0.12551231127651707,
            0,
            0.05251280080362501,
            0.09670520514187599,
            0.09142535741084945,
            0.09387006069410497,
            0.08382357908520556,
            0.08486861614000221,
            0.0866010853639928,
            0.08555985618948378,
            0.08513120256312745,
            0.1055850552655953,
            0.10333073589437802,
            0.11321561266083115,
            0.11164720690936311,
            0.1240113211622359,
            0.11460342732941098,
            0.10245619463171518,
            0.10735907269707357,
            0.12687189918286718,
            0.12045271458331405,
            0.11326234938142696,
            0.11742094263307669,
            0.11738874302850033,
            0.11560888577980297,
            0.12071733232249682,
            0.12481799600913585,
            0.12178786199914896,
            0.120847955988924,
            0.12040923778096985,
            0.12041227574280608,
            0.10929799702672982,
            0.10753682914846019,
            0.1228753834362345,
            0.1294715317385936,
            0.15098675860462363,
            0.12909011290373013,
            0.13600702817798524,
            0.1266020609891678,
            0.12735094491044402,
            0.13024839710981057,
            0.13161732462800635,
            0.1319405601078295,
            0.13682496840982095,
            0.1258205229652589,
            0.1406046593130842,
            0.14329170571976668,
            0.15969291887607837,
            0.1644598386117316,
            0.15857103738813297,
            0.14511045421369034,
            0.14945140548302024,
            0.15487164636953316,
            0.1522173415960909
        ],
        [
            0.24740602754606758,
            0.24475280968338142,
            0.23030343182915275,
            0.09236264612091442,
            0.1093415012022402,
            0.11048459370585885,
            0.11756857020884157,
            0.11687490752904091,
            0.11727720787221116,
            0.05251280080362501,
            0,
            0.08847010173757006,
            0.08319025400654353,
            0.08563495728979904,
            0.07558847568089963,
            0.07663351273569628,
            0.07836598195968686,
            0.07732475278517786,
            0.07689609915882152,
            0.09734995186128938,
            0.0950956324900721,
            0.10498050925652522,
            0.10341210350505717,
            0.11577621775792997,
            0.10636832392510505,
            0.09422109122740925,
            0.09912396929276765,
            0.11863679577856125,
            0.11221761117900812,
            0.10502724597712103,
            0.10918583922877076,
            0.1091536396241944,
            0.10737378237549704,
            0.11248222891819089,
            0.11658289260482992,
            0.11355275859484303,
            0.11261285258461808,
            0.11217413437666392,
            0.11217717233850015,
            0.10106289362242388,
            0.09930172574415427,
            0.11464028003192857,
            0.12123642833428767,
            0.14275165520031768,
            0.1208550094994242,
            0.12777192477367932,
            0.11836695758486186,
            0.11911584150613809,
            0.12201329370550464,
            0.12338222122370042,
            0.12370545670352358,
            0.128589865005515,
            0.11758541956095296,
            0.13236955590877825,
            0.13505660231546074,
            0.15145781547177245,
            0.1562247352074257,
            0.15033593398382705,
            0.1368753508093844,
            0.14121630207871433,
            0.1466365429652272,
            0.14398223819178496
        ],
        [
            0.26173676139917124,
            0.2590835435364851,
            0.24463416568225643,
            0.10669337997401811,
            0.12367223505534389,
            0.12481532755896253,
            0.13189930406194525,
            0.13120564138214458,
            0.13160794172531484,
            0.09670520514187599,
            0.08847010173757006,
            0,
            0.07553475876096237,
            0.07797946204421788,
            0.08991920953400331,
            0.09096424658879997,
            0.09269671581279054,
            0.09165548663828155,
            0.0912268330119252,
            0.11168068571439306,
            0.10942636634317578,
            0.1193112431096289,
            0.11774283735816085,
            0.13010695161103364,
            0.12069905777820873,
            0.10855182508051293,
            0.11345470314587133,
            0.13296752963166492,
            0.12654834503211182,
            0.11935797983022471,
            0.12351657308187444,
            0.12348437347729808,
            0.12170451622860072,
            0.12681296277129456,
            0.13091362645793359,
            0.12788349244794672,
            0.12694358643772174,
            0.1265048682297676,
            0.12650790619160385,
            0.11539362747552756,
            0.11363245959725796,
            0.12897101388503224,
            0.13556716218739134,
            0.15708238905342137,
            0.13518574335252787,
            0.142102658626783,
            0.13269769143796556,
            0.13344657535924176,
            0.1363440275586083,
            0.1377129550768041,
            0.13803619055662725,
            0.14292059885861869,
            0.13191615341405666,
            0.14670028976188193,
            0.14938733616856442,
            0.16578854932487613,
            0.17055546906052937,
            0.16466666783693074,
            0.15120608466248808,
            0.155547035931818,
            0.1609672768183309,
            0.15831297204488864
        ],
        [
            0.2564569136681447,
            0.25380369580545853,
            0.23935431795122988,
            0.10141353224299157,
            0.11839238732431735,
            0.119535479827936,
            0.1266194563309187,
            0.12592579365111806,
            0.1263280939942883,
            0.09142535741084945,
            0.08319025400654353,
            0.07553475876096237,
            0,
            0.04932788171567862,
            0.08463936180297678,
            0.08568439885777343,
            0.08741686808176402,
            0.086375638907255,
            0.08594698528089867,
            0.10640083798336653,
            0.10414651861214924,
            0.11403139537860237,
            0.11246298962713433,
            0.12482710388000712,
            0.1154192100471822,
            0.1032719773494864,
            0.10817485541484478,
            0.1276876819006384,
            0.12126849730108527,
            0.11407813209919818,
            0.11823672535084791,
            0.11820452574627155,
            0.11642466849757419,
            0.12153311504026804,
            0.12563377872690706,
            0.12260364471692017,
            0.12166373870669522,
            0.12122502049874107,
            0.1212280584605773,
            0.11011377974450104,
            0.10835261186623141,
            0.12369116615400572,
            0.13028731445636482,
            0.15180254132239485,
            0.12990589562150134,
            0.13682281089575646,
            0.127417843706939,
            0.12816672762821524,
            0.13106417982758178,
            0.13243310734577757,
            0.13275634282560073,
            0.13764075112759216,
            0.1266363056830301,
            0.1414204420308554,
            0.1441074884375379,
            0.16050870159384958,
            0.16527562132950283,
            0.1593868201059042,
            0.14592623693146156,
            0.15026718820079146,
            0.15568742908730437,
            0.15303312431386212
        ],
        [
            0.25890161695140024,
            0.25624839908871405,
            0.24179902123448538,
            0.10385823552624708,
            0.12083709060757286,
            0.1219801831111915,
            0.12906415961417422,
            0.12837049693437358,
            0.12877279727754382,
            0.09387006069410497,
            0.08563495728979904,
            0.07797946204421788,
            0.04932788171567862,
            0,
            0.08708406508623229,
            0.08812910214102894,
            0.08986157136501952,
            0.08882034219051052,
            0.08839168856415418,
            0.10884554126662203,
            0.10659122189540475,
            0.11647609866185787,
            0.11490769291038982,
            0.12727180716326264,
            0.1178639133304377,
            0.10571668063274191,
            0.1106195586981003,
            0.13013238518389392,
            0.12371320058434078,
            0.11652283538245368,
            0.12068142863410342,
            0.12064922902952706,
            0.1188693717808297,
            0.12397781832352354,
            0.1280784820101626,
            0.12504834800017567,
            0.12410844198995073,
            0.12366972378199657,
            0.12367276174383281,
            0.11255848302775653,
            0.11079731514948693,
            0.12613586943726124,
            0.13273201773962034,
            0.15424724460565037,
            0.13235059890475687,
            0.13926751417901195,
            0.1298625469901945,
            0.13061143091147076,
            0.1335088831108373,
            0.1348778106290331,
            0.13520104610885625,
            0.1400854544108477,
            0.1290810089662856,
            0.14386514531411093,
            0.14655219172079342,
            0.16295340487710508,
            0.16772032461275832,
            0.16183152338915968,
            0.14837094021471708,
            0.15271189148404696,
            0.1581321323705599,
            0.15547782759711765
        ],
        [
            0.23931954789966944,
            0.23666633003698329,
            0.2222169521827546,
            0.08427616647451629,
            0.10125502155584207,
            0.10239811405946071,
            0.10948209056244343,
            0.10878842788264277,
            0.10919072822581302,
            0.08382357908520556,
            0.07558847568089963,
            0.08991920953400331,
            0.08463936180297678,
            0.08708406508623229,
            0,
            0.003298904955772449,
            0.005031374179763029,
            0.003990145005254019,
            0.00356149137889768,
            0.04208519768012095,
            0.03983087830890367,
            0.04971575507535679,
            0.048147349323888755,
            0.06051146357676156,
            0.05110356974393662,
            0.038956337046240824,
            0.04385921511159922,
            0.06337204159739283,
            0.05695285699783971,
            0.049762491795952615,
            0.05392108504760233,
            0.053888885443025974,
            0.05210902819432861,
            0.05721747473702246,
            0.06131813842366149,
            0.0582880044136746,
            0.05734809840344965,
            0.056909380195495504,
            0.05691241815733172,
            0.045798139441255464,
            0.04403697156298585,
            0.05937552585076014,
            0.06597167415311926,
            0.08748690101914927,
            0.06559025531825578,
            0.0725071705925109,
            0.06310220340369345,
            0.06385108732496966,
            0.06674853952433621,
            0.06811746704253199,
            0.06844070252235517,
            0.0733251108243466,
            0.06232066537978455,
            0.07710480172760985,
            0.07979184813429234,
            0.09619306129060402,
            0.10095998102625726,
            0.09507117980265861,
            0.081610596628216,
            0.08595154789754589,
            0.0913717887840588,
            0.08871748401061655
        ],
        [
            0.24036458495446608,
            0.23771136709177992,
            0.22326198923755125,
            0.08532120352931294,
            0.10230005861063872,
            0.10344315111425736,
            0.11052712761724008,
            0.10983346493743942,
            0.11023576528060967,
            0.08486861614000221,
            0.07663351273569628,
            0.09096424658879997,
            0.08568439885777343,
            0.08812910214102894,
            0.003298904955772449,
            0,
            0.0017346151845879251,
            0.003984571193149027,
            0.0035559175667926883,
            0.0431302347349176,
            0.04087591536370032,
            0.05076079213015344,
            0.04919238637868541,
            0.06155650063155821,
            0.052148606798733274,
            0.040001374101037476,
            0.044904252166395875,
            0.06441707865218949,
            0.05799789405263636,
            0.05080752885074927,
            0.054966122102398984,
            0.054933922497822626,
            0.05315406524912526,
            0.05826251179181911,
            0.06236317547845814,
            0.05933304146847125,
            0.0583931354582463,
            0.057954417250292156,
            0.057957455212128375,
            0.046843176496052116,
            0.0450820086177825,
            0.06042056290555679,
            0.06701671120791591,
            0.08853193807394592,
            0.06663529237305243,
            0.07355220764730755,
            0.0641472404584901,
            0.06489612437976632,
            0.06779357657913286,
            0.06916250409732864,
            0.06948573957715182,
            0.07437014787914326,
            0.0633657024345812,
            0.0781498387824065,
            0.08083688518908899,
            0.09723809834540068,
            0.10200501808105392,
            0.09611621685745526,
            0.08265563368301265,
            0.08699658495234254,
            0.09241682583885545,
            0.0897625210654132
        ],
        [
            0.24209705417845667,
            0.23944383631577051,
            0.22499445846154184,
            0.08705367275330353,
            0.10403252783462931,
            0.10517562033824795,
            0.11225959684123067,
            0.11156593416143001,
            0.11196823450460026,
            0.0866010853639928,
            0.07836598195968686,
            0.09269671581279054,
            0.08741686808176402,
            0.08986157136501952,
            0.005031374179763029,
            0.0017346151845879251,
            0,
            0.005717040417139607,
            0.005288386790783268,
            0.044862703958908186,
            0.0426083845876909,
            0.052493261354144026,
            0.050924855602675984,
            0.06328896985554879,
            0.05388107602272386,
            0.04173384332502806,
            0.04663672139038645,
            0.06614954787618006,
            0.05973036327662694,
            0.052539998074739844,
            0.05669859132638957,
            0.0566663917218132,
            0.054886534473115846,
            0.05999498101580969,
            0.06409564470244872,
            0.06106551069246183,
            0.06012560468223688,
            0.05968688647428273,
            0.05968992443611895,
            0.04857564572004269,
            0.046814477841773075,
            0.06215303212954737,
            0.06874918043190649,
            0.0902644072979365,
            0.06836776159704301,
            0.07528467687129813,
            0.06587970968248068,
            0.06662859360375689,
            0.06952604580312344,
            0.07089497332131922,
            0.0712182088011424,
            0.07610261710313383,
            0.06509817165857178,
            0.07988230800639708,
            0.08256935441307957,
            0.09897056756939125,
            0.10373748730504449,
            0.09784868608144584,
            0.08438810290700323,
            0.08872905417633312,
            0.09414929506284603,
            0.09149499028940378
        ],
        [
            0.24105582500394765,
            0.2384026071412615,
            0.22395322928703282,
            0.08601244357879452,
            0.1029912986601203,
            0.10413439116373895,
            0.11121836766672166,
            0.110524704986921,
            0.11092700533009126,
            0.08555985618948378,
            0.07732475278517786,
            0.09165548663828155,
            0.086375638907255,
            0.08882034219051052,
            0.003990145005254019,
            0.003984571193149027,
            0.005717040417139607,
            0,
            0.0004307995869536846,
            0.04382147478439918,
            0.04156715541318189,
            0.05145203217963502,
            0.049883626428166974,
            0.062247740681039776,
            0.05283984684821485,
            0.04069261415051905,
            0.04559549221587744,
            0.06510831870167105,
            0.05868913410211793,
            0.051498768900230835,
            0.05565736215188056,
            0.055625162547304194,
            0.05384530529860684,
            0.05895375184130068,
            0.06305441552793971,
            0.06002428151795282,
            0.05908437550772787,
            0.058645657299773724,
            0.05864869526160994,
            0.047534416545533684,
            0.045773248667264066,
            0.06111180295503836,
            0.06770795125739748,
            0.08922317812342749,
            0.067326532422534,
            0.07424344769678912,
            0.06483848050797167,
            0.06558736442924788,
            0.06848481662861443,
            0.06985374414681021,
            0.07017697962663338,
            0.07506138792862482,
            0.06405694248406277,
            0.07884107883188807,
            0.08152812523857056,
            0.09792933839488224,
            0.10269625813053548,
            0.09680745690693683,
            0.08334687373249422,
            0.08768782500182411,
            0.09310806588833702,
            0.09045376111489477
        ],
        [
            0.24062717137759132,
            0.23797395351490516,
            0.2235245756606765,
            0.08558378995243818,
            0.10256264503376396,
            0.1037057375373826,
            0.11078971404036532,
            0.11009605136056466,
            0.11049835170373491,
            0.08513120256312745,
            0.07689609915882152,
            0.0912268330119252,
