{
    "NEXUS_FILE_URL": "http://purl.org/phylo/treebase/phylows/study/TB2:S14752",
    "NEWICK_TREE": "((21:0.059539,(19:0.002234,20:-0.002234):0.036188):0.050388,(((5:0.003664,6:9.94E-4):0.019944,(12:0.002093,13:-5.52E-4):0.032842):0.035306,(((14:-0.003989,15:0.011825):0.121743,(3:0.008716,(1:0.004824,(2:0.001487,4:0.001599):0.004586):0.046087):0.0154):0.005877,(11:0.282167,((18:0.04171,(16:0.026857,17:0.0299):0.013321):0.009994,((7:-0.002216,8:0.00844):0.02725,(9:0.002034,10:-5.01E-4):0.036822):0.011903):0.010499):0.011625):0.00817):0.050388);",
    "DISTANCE_MATRIX": [
        [
            0.0,
            0.09796099999999999,
            0.09349299999999999,
            0.219229,
            0.216559,
            0.23055599999999998,
            0.227911,
            0.292116,
            0.30793,
            0.198478,
            0.240673,
            0.241922,
            0.242034,
            0.462277,
            0.242313,
            0.240781,
            0.24382399999999999,
            0.227546,
            0.238202,
            0.241368,
            0.23883300000000002
        ],
        [
            0.09796099999999999,
            0.0,
            0.0,
            0.198112,
            0.195442,
            0.209439,
            0.206794,
            0.270999,
            0.286813,
            0.177361,
            0.219556,
            0.220805,
            0.220917,
            0.44116,
            0.221196,
            0.219664,
            0.222707,
            0.206429,
            0.217085,
            0.220251,
            0.21771600000000002
        ],
        [
            0.09349299999999999,
            0.0,
            0.0,
            0.19364399999999998,
            0.190974,
            0.20497100000000001,
            0.202326,
            0.26653099999999996,
            0.28234499999999996,
            0.17289300000000002,
            0.215088,
            0.216337,
            0.216449,
            0.43669199999999997,
            0.216728,
            0.215196,
            0.218239,
            0.201961,
            0.212617,
            0.215783,
            0.21324800000000002
        ],
        [
            0.219229,
            0.198112,
            0.19364399999999998,
            0.0,
            0.004658000000000001,
            0.058543,
            0.055898,
            0.190715,
            0.206529,
            0.097077,
            0.139272,
            0.140521,
            0.140633,
            0.360876,
            0.14091199999999998,
            0.13938,
            0.14242299999999997,
            0.126145,
            0.136801,
            0.139967,
            0.137432
        ],
        [
            0.216559,
            0.195442,
            0.190974,
            0.004658000000000001,
            0.0,
            0.055873,
            0.053228000000000004,
            0.188045,
            0.20385899999999998,
            0.09440699999999999,
            0.136602,
            0.137851,
            0.137963,
            0.358206,
            0.138242,
            0.13671,
            0.139753,
            0.123475,
            0.134131,
            0.137297,
            0.134762
        ],
        [
            0.23055599999999998,
            0.209439,
            0.20497100000000001,
            0.058543,
            0.055873,
            0.0,
            0.0015409999999999998,
            0.202042,
            0.217856,
            0.108404,
            0.15059899999999998,
            0.15184799999999998,
            0.15195999999999998,
            0.372203,
            0.152239,
            0.15070699999999998,
            0.15375,
            0.13747199999999998,
            0.14812799999999998,
            0.15129399999999998,
            0.148759
        ],
        [
            0.227911,
            0.206794,
            0.202326,
            0.055898,
            0.053228000000000004,
            0.0015409999999999998,
            0.0,
            0.199397,
            0.21521099999999999,
            0.105759,
            0.147954,
            0.149203,
            0.149315,
            0.369558,
            0.149594,
            0.148062,
            0.151105,
            0.134827,
            0.145483,
            0.148649,
            0.14611400000000002
        ],
        [
            0.292116,
            0.270999,
            0.26653099999999996,
            0.190715,
            0.188045,
            0.202042,
            0.199397,
            0.0,
            0.007836,
            0.14187,
            0.184065,
            0.185314,
            0.18542599999999998,
            0.417423,
            0.197459,
            0.195927,
            0.19896999999999998,
            0.182692,
            0.193348,
            0.196514,
            0.193979
        ],
        [
            0.30793,
            0.286813,
            0.28234499999999996,
            0.206529,
            0.20385899999999998,
            0.217856,
            0.21521099999999999,
            0.007836,
            0.0,
            0.157684,
            0.199879,
            0.201128,
            0.20123999999999997,
            0.433237,
            0.213273,
            0.21174099999999998,
            0.21478399999999997,
            0.198506,
            0.209162,
            0.212328,
            0.209793
        ],
        [
            0.198478,
            0.177361,
            0.17289300000000002,
            0.097077,
            0.09440699999999999,
            0.108404,
            0.105759,
            0.14187,
            0.157684,
            0.0,
            0.059627000000000006,
            0.060876000000000006,
            0.060988,
            0.323785,
            0.103821,
            0.10228899999999999,
            0.10533199999999998,
            0.089054,
            0.09971,
            0.102876,
            0.10034100000000001
        ],
        [
            0.240673,
            0.219556,
            0.215088,
            0.139272,
            0.136602,
            0.15059899999999998,
            0.147954,
            0.184065,
            0.199879,
            0.059627000000000006,
            0.0,
            0.010897,
            0.011009,
            0.36597999999999997,
            0.146016,
            0.144484,
            0.147527,
            0.131249,
            0.141905,
            0.145071,
            0.142536
        ],
        [
            0.241922,
            0.220805,
            0.216337,
            0.140521,
            0.137851,
            0.15184799999999998,
            0.149203,
            0.185314,
            0.201128,
            0.060876000000000006,
            0.010897,
            0.0,
            0.003086,
            0.367229,
            0.147265,
            0.145733,
            0.148776,
            0.132498,
            0.143154,
            0.14632,
            0.143785
        ],
        [
            0.242034,
            0.220917,
            0.216449,
            0.140633,
            0.137963,
            0.15195999999999998,
            0.149315,
            0.18542599999999998,
            0.20123999999999997,
            0.060988,
            0.011009,
            0.003086,
            0.0,
            0.36734100000000003,
            0.147377,
            0.145845,
            0.148888,
            0.13261,
            0.143266,
            0.146432,
            0.143897
        ],
        [
            0.462277,
            0.44116,
            0.43669199999999997,
            0.360876,
            0.358206,
            0.372203,
            0.369558,
            0.417423,
            0.433237,
            0.323785,
            0.36597999999999997,
            0.367229,
            0.36734100000000003,
            0.0,
            0.34437,
            0.342838,
            0.345881,
            0.329603,
            0.340259,
            0.343425,
            0.34089
        ],
        [
            0.242313,
            0.221196,
            0.216728,
            0.14091199999999998,
            0.138242,
            0.152239,
            0.149594,
            0.197459,
            0.213273,
            0.103821,
            0.146016,
            0.147265,
            0.147377,
            0.34437,
            0.0,
            0.08188799999999999,
            0.08493099999999999,
            0.088641,
            0.099297,
            0.102463,
            0.099928
        ],
        [
            0.240781,
            0.219664,
            0.215196,
            0.13938,
            0.13671,
            0.15070699999999998,
            0.148062,
            0.195927,
            0.21174099999999998,
            0.10228899999999999,
            0.144484,
            0.145733,
            0.145845,
            0.342838,
            0.08188799999999999,
            0.0,
            0.056757,
            0.08710899999999999,
            0.09776499999999999,
            0.10093099999999999,
            0.098396
        ],
        [
            0.24382399999999999,
            0.222707,
            0.218239,
            0.14242299999999997,
            0.139753,
            0.15375,
            0.151105,
            0.19896999999999998,
            0.21478399999999997,
            0.10533199999999998,
            0.147527,
            0.148776,
            0.148888,
            0.345881,
            0.08493099999999999,
            0.056757,
            0.0,
            0.090152,
            0.100808,
            0.103974,
            0.101439
        ],
        [
            0.227546,
            0.206429,
            0.201961,
            0.126145,
            0.123475,
            0.13747199999999998,
            0.134827,
            0.182692,
            0.198506,
            0.089054,
            0.131249,
            0.132498,
            0.13261,
            0.329603,
            0.088641,
            0.08710899999999999,
            0.090152,
            0.0,
            0.0062239999999999995,
            0.06389,
            0.061355
        ],
        [
            0.238202,
            0.217085,
            0.212617,
            0.136801,
            0.134131,
            0.14812799999999998,
            0.145483,
            0.193348,
            0.209162,
            0.09971,
            0.141905,
            0.143154,
            0.143266,
            0.340259,
            0.099297,
            0.09776499999999999,
            0.100808,
            0.0062239999999999995,
            0.0,
            0.074546,
            0.07201099999999999
        ],
        [
            0.241368,
            0.220251,
            0.215783,
            0.139967,
            0.137297,
            0.15129399999999998,
            0.148649,
            0.196514,
            0.212328,
            0.102876,
            0.145071,
            0.14632,
            0.146432,
            0.343425,
            0.102463,
            0.10093099999999999,
            0.103974,
            0.06389,
            0.074546,
            0.0,
            0.0015329999999999996
        ],
        [
            0.23883300000000002,
            0.21771600000000002,
            0.21324800000000002,
            0.137432,
            0.134762,
            0.148759,
            0.14611400000000002,
            0.193979,
            0.209793,
            0.10034100000000001,
            0.142536,
            0.143785,
            0.143897,
            0.34089,
            0.099928,
            0.098396,
            0.101439,
            0.061355,
            0.07201099999999999,
            0.0015329999999999996,
            0.0
        ]
    ],
    "NODE_MAPPING": {
        "0": "21",
        "1": "19",
        "2": "20",
        "3": "5",
        "4": "6",
        "5": "12",
        "6": "13",
        "7": "14",
        "8": "15",
        "9": "3",
        "10": "1",
        "11": "2",
        "12": "4",
        "13": "11",
        "14": "18",
        "15": "16",
        "16": "17",
        "17": "7",
        "18": "8",
        "19": "9",
        "20": "10"
    }
}