{
    "NEXUS_FILE_URL": "http://purl.org/phylo/treebase/phylows/study/TB2:S11088",
    "NEWICK_TREE": "(1:0.49042,(2:0.045393,(3:0.030647,4:0.014486):0.041846):0.530723,(5:0.241139,((6:0.746437,((7:0.104378,(((9:0.015016,(10:0.024229,11:0.037459):0.007996):0.048499,12:0.366097):0.010281,(((13:0.080083,(14:0.0,15:0.0):0.008708):0.056465,16:0.124535):0.024994,(17:0.134044,(18:0.095829,19:0.091684):0.029972):0.004824):0.025268):0.025537):0.00959,8:0.299259):0.181587):0.077203,((((((20:0.088011,21:0.0,(22:0.074351,(23:0.050795,24:0.051856):0.030465):0.041797):0.156008,39:0.092077):0.022993,(((25:0.250438,(((35:0.061364,36:0.053608):0.054935,(((37:0.15591,49:0.115845):0.080408,46:0.123036):0.017022,50:0.121137):0.021678):0.011964,38:0.129899):0.029249):0.00636,((26:0.174889,(27:0.0,28:0.0):0.061409):0.189135,(33:0.057782,34:0.070438):0.112659):0.04835):0.018285,(((40:0.04147,(44:0.067516,45:0.061479):0.015261):0.029851,41:0.161152):0.020552,(42:0.059499,43:0.034385):0.030138,47:0.111209):0.022146):0.007223):0.005415,48:0.137908):0.00797,(29:0.146372,(30:0.029357,(31:0.056982,32:0.036759):0.044614):0.300931):0.104806):0.032974,(51:0.33129,((((52:0.134515,(53:0.132236,(((54:0.015069,55:0.007679):0.0101,56:0.019096):0.039361,57:0.04896):0.04906):0.126314):0.060764,(((58:0.030471,59:0.043476):0.150535,((60:0.0,61:0.015337):0.083642,62:0.066597):0.083064):0.018778,((63:0.093089,64:0.04789):0.040088,65:0.099653):0.037616):0.022689):0.026209,((71:0.0,72:0.003314):0.005825,73:0.003531):0.102319):0.007214,(((66:0.0,(67:0.039721,70:0.079834):0.021258):0.029018,69:0.090482):0.018976,(68:0.017557,(74:0.048441,75:0.0):0.035738):0.111309):0.057748):0.126466):0.088427):0.077312):0.133193):0.204103);",
    "DISTANCE_MATRIX": [
        [
            0.0,
            1.066536,
            1.093636,
            1.077475,
            0.935662,
            1.651356,
            1.200474,
            1.195429,
            1.212638,
            1.225868,
            1.498011,
            1.308443,
            1.237068,
            1.237068,
            1.29643,
            1.2857690000000002,
            1.2775260000000002,
            1.273381,
            1.3857650000000001,
            1.218399,
            1.1303880000000002,
            1.246536,
            1.253445,
            1.254506,
            1.066457,
            1.233693,
            1.140767,
            1.133011,
            1.299486,
            1.259421,
            1.186204,
            1.167283,
            1.142403,
            1.389269,
            1.275789,
            1.275789,
            1.195686,
            1.208342,
            1.072629,
            1.113936,
            1.107899,
            1.16246,
            1.0703930000000001,
            1.045279,
            1.091965,
            1.08388,
            1.1891800000000001,
            1.373096,
            1.445335,
            1.4251120000000002,
            1.324745,
            1.3486230000000001,
            1.472658,
            1.454012,
            1.446622,
            1.447939,
            1.4384420000000002,
            1.375817,
            1.388822,
            1.361517,
            1.3768540000000002,
            1.3444720000000001,
            1.346826,
            1.301627,
            1.313302,
            1.235279,
            1.238593,
            1.232985,
            1.225663,
            1.286642,
            1.326755,
            1.287127,
            1.306535,
            1.3731570000000002,
            1.324716
        ],
        [
            1.066536,
            0.0,
            0.117886,
            0.10172500000000001,
            1.021358,
            1.7370519999999998,
            1.28617,
            1.2811249999999998,
            1.298334,
            1.311564,
            1.583707,
            1.394139,
            1.322764,
            1.322764,
            1.382126,
            1.3714650000000002,
            1.363222,
            1.359077,
            1.4714610000000001,
            1.304095,
            1.216084,
            1.3322319999999999,
            1.339141,
            1.340202,
            1.152153,
            1.319389,
            1.2264629999999999,
            1.218707,
            1.385182,
            1.345117,
            1.2719,
            1.2529789999999998,
            1.2280989999999998,
            1.474965,
            1.361485,
            1.361485,
            1.281382,
            1.294038,
            1.158325,
            1.199632,
            1.193595,
            1.2481559999999998,
            1.1560890000000001,
            1.1309749999999998,
            1.177661,
            1.169576,
            1.274876,
            1.458792,
            1.531031,
            1.510808,
            1.410441,
            1.434319,
            1.558354,
            1.539708,
            1.532318,
            1.533635,
            1.5241380000000002,
            1.461513,
            1.474518,
            1.447213,
            1.4625500000000002,
            1.430168,
            1.432522,
            1.387323,
            1.398998,
            1.320975,
            1.324289,
            1.318681,
            1.311359,
            1.372338,
            1.412451,
            1.372823,
            1.392231,
            1.458853,
            1.410412
        ],
        [
            1.093636,
            0.117886,
            0.0,
            0.045133,
            1.0484580000000001,
            1.764152,
            1.3132700000000002,
            1.308225,
            1.325434,
            1.338664,
            1.6108069999999999,
            1.421239,
            1.3498640000000002,
            1.3498640000000002,
            1.4092259999999999,
            1.398565,
            1.390322,
            1.386177,
            1.498561,
            1.3311950000000001,
            1.243184,
            1.359332,
            1.366241,
            1.367302,
            1.179253,
            1.346489,
            1.253563,
            1.245807,
            1.4122819999999998,
            1.372217,
            1.299,
            1.280079,
            1.255199,
            1.502065,
            1.388585,
            1.388585,
            1.3084820000000001,
            1.321138,
            1.185425,
            1.2267320000000002,
            1.220695,
            1.275256,
            1.183189,
            1.158075,
            1.204761,
            1.196676,
            1.301976,
            1.4858920000000002,
            1.558131,
            1.537908,
            1.437541,
            1.461419,
            1.585454,
            1.566808,
            1.559418,
            1.5607350000000002,
            1.5512380000000001,
            1.488613,
            1.5016180000000001,
            1.474313,
            1.4896500000000001,
            1.457268,
            1.459622,
            1.4144230000000002,
            1.426098,
            1.3480750000000001,
            1.3513890000000002,
            1.3457810000000001,
            1.3384589999999998,
            1.399438,
            1.4395509999999998,
            1.3999229999999998,
            1.4193310000000001,
            1.485953,
            1.437512
        ],
        [
            1.077475,
            0.10172500000000001,
            0.045133,
            0.0,
            1.032297,
            1.7479909999999999,
            1.297109,
            1.2920639999999999,
            1.3092730000000001,
            1.322503,
            1.594646,
            1.405078,
            1.333703,
            1.333703,
            1.393065,
            1.3824040000000002,
            1.374161,
            1.3700160000000001,
            1.4824000000000002,
            1.315034,
            1.227023,
            1.343171,
            1.35008,
            1.351141,
            1.163092,
            1.330328,
            1.237402,
            1.229646,
            1.396121,
            1.356056,
            1.282839,
            1.2639179999999999,
            1.2390379999999999,
            1.4859040000000001,
            1.372424,
            1.372424,
            1.292321,
            1.304977,
            1.169264,
            1.210571,
            1.204534,
            1.2590949999999999,
            1.1670280000000002,
            1.1419139999999999,
            1.1886,
            1.180515,
            1.285815,
            1.4697310000000001,
            1.54197,
            1.521747,
            1.42138,
            1.445258,
            1.569293,
            1.550647,
            1.543257,
            1.5445740000000001,
            1.5350770000000002,
            1.472452,
            1.485457,
            1.4581520000000001,
            1.4734890000000003,
            1.4411070000000001,
            1.443461,
            1.3982620000000001,
            1.409937,
            1.331914,
            1.335228,
            1.32962,
            1.322298,
            1.383277,
            1.42339,
            1.383762,
            1.40317,
            1.469792,
            1.421351
        ],
        [
            0.935662,
            1.021358,
            1.0484580000000001,
            1.032297,
            0.0,
            1.197972,
            0.74709,
            0.742045,
            0.759254,
            0.772484,
            1.044627,
            0.855059,
            0.783684,
            0.783684,
            0.843046,
            0.832385,
            0.824142,
            0.819997,
            0.932381,
            0.765015,
            0.677004,
            0.793152,
            0.8000609999999999,
            0.8011219999999999,
            0.613073,
            0.7803089999999999,
            0.6873830000000001,
            0.679627,
            0.8461019999999999,
            0.8060369999999999,
            0.73282,
            0.7138990000000001,
            0.689019,
            0.935885,
            0.8224049999999999,
            0.8224049999999999,
            0.742302,
            0.754958,
            0.619245,
            0.660552,
            0.654515,
            0.709076,
            0.617009,
            0.5918950000000001,
            0.6385810000000001,
            0.630496,
            0.735796,
            0.9197120000000001,
            0.9919509999999999,
            0.971728,
            0.871361,
            0.895239,
            1.019274,
            1.000628,
            0.9932380000000001,
            0.9945550000000001,
            0.9850580000000001,
            0.9224330000000001,
            0.935438,
            0.9081330000000001,
            0.9234700000000001,
            0.891088,
            0.8934420000000001,
            0.8482430000000001,
            0.859918,
            0.781895,
            0.785209,
            0.779601,
            0.7722789999999999,
            0.833258,
            0.8733709999999999,
            0.8337429999999999,
            0.853151,
            0.9197730000000001,
            0.871332
        ],
        [
            1.651356,
            1.7370519999999998,
            1.764152,
            1.7479909999999999,
            1.197972,
            0.0,
            1.041992,
            1.036947,
            1.0541559999999999,
            1.067386,
            1.339529,
            1.149961,
            1.078586,
            1.078586,
            1.137948,
            1.127287,
            1.1190440000000001,
            1.1148989999999999,
            1.227283,
            1.214323,
            1.126312,
            1.24246,
            1.249369,
            1.25043,
            1.062381,
            1.229617,
            1.1366910000000001,
            1.128935,
            1.29541,
            1.255345,
            1.182128,
            1.163207,
            1.138327,
            1.3851930000000001,
            1.271713,
            1.271713,
            1.19161,
            1.204266,
            1.068553,
            1.10986,
            1.103823,
            1.158384,
            1.0663170000000002,
            1.041203,
            1.087889,
            1.079804,
            1.185104,
            1.3690200000000001,
            1.441259,
            1.421036,
            1.320669,
            1.344547,
            1.468582,
            1.4499360000000001,
            1.442546,
            1.4438630000000001,
            1.4343660000000003,
            1.371741,
            1.384746,
            1.3574410000000001,
            1.3727780000000003,
            1.3403960000000001,
            1.34275,
            1.2975510000000001,
            1.309226,
            1.231203,
            1.234517,
            1.228909,
            1.221587,
            1.282566,
            1.322679,
            1.283051,
            1.302459,
            1.369081,
            1.32064
        ],
        [
            1.200474,
            1.28617,
            1.3132700000000002,
            1.297109,
            0.74709,
            1.041992,
            0.0,
            0.203711,
            0.22092,
            0.23415,
            0.506293,
            0.316725,
            0.24535,
            0.24535,
            0.304712,
            0.294051,
            0.285808,
            0.281663,
            0.413227,
            0.763441,
            0.6754300000000001,
            0.791578,
            0.798487,
            0.7995479999999999,
            0.611499,
            0.778735,
            0.6858090000000001,
            0.678053,
            0.844528,
            0.8044629999999999,
            0.7312460000000001,
            0.7123250000000001,
            0.6874450000000001,
            0.934311,
            0.820831,
            0.820831,
            0.740728,
            0.753384,
            0.6176710000000001,
            0.6589780000000001,
            0.652941,
            0.7075020000000001,
            0.6154350000000001,
            0.5903210000000001,
            0.6370070000000001,
            0.628922,
            0.734222,
            0.9181380000000001,
            0.990377,
            0.9701540000000001,
            0.8697870000000001,
            0.893665,
            1.0177,
            0.9990540000000001,
            0.9916640000000001,
            0.9929810000000001,
            0.9834840000000001,
            0.9208590000000001,
            0.933864,
            0.9065590000000001,
            0.9218960000000002,
            0.889514,
            0.8918680000000001,
            0.8466690000000001,
            0.858344,
            0.780321,
            0.7836350000000001,
            0.778027,
            0.770705,
            0.8316840000000001,
            0.8717969999999999,
            0.8321689999999999,
            0.851577,
            0.9181990000000001,
            0.869758
        ],
        [
            1.195429,
            1.2811249999999998,
            1.308225,
            1.2920639999999999,
            0.742045,
            1.036947,
            0.203711,
            0.0,
            0.047241000000000005,
            0.060471,
            0.429612,
            0.260606,
            0.189231,
            0.189231,
            0.24859299999999998,
            0.237932,
            0.229689,
            0.225544,
            0.408182,
            0.758396,
            0.670385,
            0.7865329999999999,
            0.793442,
            0.794503,
            0.606454,
            0.7736899999999999,
            0.6807639999999999,
            0.673008,
            0.8394829999999998,
            0.799418,
            0.726201,
            0.7072799999999999,
            0.6823999999999999,
            0.9292659999999999,
            0.8157859999999999,
            0.8157859999999999,
            0.735683,
            0.7483389999999999,
            0.6126259999999999,
            0.653933,
            0.647896,
            0.7024569999999999,
            0.61039,
            0.5852759999999999,
            0.6319619999999999,
            0.623877,
            0.729177,
            0.913093,
            0.9853319999999999,
            0.965109,
            0.8647419999999999,
            0.88862,
            1.012655,
            0.994009,
            0.986619,
            0.987936,
            0.9784390000000001,
            0.915814,
            0.928819,
            0.901514,
            0.9168510000000001,
            0.884469,
            0.886823,
            0.8416239999999999,
            0.853299,
            0.7752759999999999,
            0.7785899999999999,
            0.772982,
            0.76566,
            0.8266389999999999,
            0.866752,
            0.827124,
            0.8465320000000001,
            0.913154,
            0.8647130000000001
        ],
        [
            1.212638,
            1.298334,
            1.325434,
            1.3092730000000001,
            0.759254,
            1.0541559999999999,
            0.22092,
            0.047241000000000005,
            0.0,
            0.061688,
            0.446821,
            0.277815,
            0.20644,
            0.20644,
            0.265802,
            0.255141,
            0.246898,
            0.242753,
            0.42539099999999996,
            0.775605,
            0.687594,
            0.803742,
            0.810651,
            0.811712,
            0.6236630000000001,
            0.7908989999999999,
            0.697973,
            0.6902170000000001,
            0.8566919999999998,
            0.816627,
            0.74341,
            0.7244889999999999,
            0.6996089999999999,
            0.946475,
            0.8329949999999999,
            0.8329949999999999,
            0.752892,
            0.7655479999999999,
            0.6298349999999999,
            0.671142,
            0.6651050000000001,
            0.7196659999999999,
            0.627599,
            0.6024849999999999,
            0.6491709999999999,
            0.641086,
            0.746386,
            0.9303020000000001,
            1.002541,
            0.982318,
            0.8819509999999999,
            0.905829,
            1.029864,
            1.011218,
            1.003828,
            1.0051450000000002,
            0.9956480000000001,
            0.933023,
            0.946028,
            0.9187230000000001,
            0.9340600000000001,
            0.901678,
            0.9040320000000001,
            0.858833,
            0.8705080000000001,
            0.7924849999999999,
            0.7957989999999999,
            0.790191,
            0.782869,
            0.8438479999999999,
            0.883961,
            0.844333,
            0.8637410000000001,
            0.930363,
            0.8819220000000001
        ],
        [
            1.225868,
            1.311564,
            1.338664,
            1.322503,
            0.772484,
            1.067386,
            0.23415,
            0.060471,
            0.061688,
            0.0,
            0.460051,
            0.291045,
            0.21967,
            0.21967,
            0.27903199999999995,
            0.268371,
            0.260128,
            0.25598299999999996,
            0.438621,
            0.788835,
            0.700824,
            0.8169719999999999,
            0.8238809999999999,
            0.8249419999999998,
            0.6368929999999999,
            0.8041289999999999,
            0.711203,
            0.7034469999999999,
            0.8699219999999999,
            0.8298569999999998,
            0.75664,
            0.737719,
            0.712839,
            0.9597049999999999,
            0.8462249999999999,
            0.8462249999999999,
            0.766122,
            0.778778,
            0.643065,
            0.684372,
            0.6783349999999999,
            0.732896,
            0.640829,
            0.615715,
            0.662401,
            0.6543159999999999,
            0.759616,
            0.943532,
            1.015771,
            0.995548,
            0.895181,
            0.919059,
            1.043094,
            1.024448,
            1.017058,
            1.018375,
            1.0088780000000002,
            0.946253,
            0.9592579999999999,
            0.931953,
            0.9472900000000001,
            0.9149079999999999,
            0.917262,
            0.872063,
            0.8837379999999999,
            0.805715,
            0.809029,
            0.8034209999999999,
            0.7960989999999999,
            0.857078,
            0.8971909999999998,
            0.8575629999999999,
            0.876971,
            0.943593,
            0.895152
        ],
        [
            1.498011,
            1.583707,
            1.6108069999999999,
            1.594646,
            1.044627,
            1.339529,
            0.506293,
            0.429612,
            0.446821,
            0.460051,
            0.0,
            0.563188,
            0.491813,
            0.491813,
            0.551175,
            0.5405139999999999,
            0.5322709999999999,
            0.528126,
            0.710764,
            1.060978,
            0.972967,
            1.089115,
            1.0960239999999999,
            1.0970849999999999,
            0.909036,
            1.076272,
            0.983346,
            0.97559,
            1.1420649999999999,
            1.1019999999999999,
            1.028783,
            1.009862,
            0.984982,
            1.2318479999999998,
            1.1183679999999998,
            1.1183679999999998,
            1.038265,
            1.050921,
            0.915208,
            0.956515,
            0.9504779999999999,
            1.005039,
            0.912972,
            0.887858,
            0.934544,
            0.9264589999999999,
            1.031759,
            1.215675,
            1.2879139999999998,
            1.2676910000000001,
            1.167324,
            1.191202,
            1.315237,
            1.296591,
            1.289201,
            1.290518,
            1.281021,
            1.218396,
            1.231401,
            1.204096,
            1.219433,
            1.1870509999999999,
            1.189405,
            1.144206,
            1.155881,
            1.077858,
            1.081172,
            1.075564,
            1.068242,
            1.129221,
            1.1693339999999999,
            1.1297059999999999,
            1.149114,
            1.2157360000000001,
            1.167295
        ],
        [
            1.308443,
            1.394139,
            1.421239,
            1.405078,
            0.855059,
            1.149961,
            0.316725,
            0.260606,
            0.277815,
            0.291045,
            0.563188,
            0.0,
            0.08879100000000001,
            0.08879100000000001,
            0.261083,
            0.30040999999999995,
            0.29216699999999995,
            0.288022,
            0.521196,
            0.87141,
            0.7833990000000001,
            0.899547,
            0.9064559999999999,
            0.9075169999999999,
            0.719468,
            0.8867039999999999,
            0.7937780000000001,
            0.786022,
            0.9524969999999999,
            0.9124319999999999,
            0.839215,
            0.8202940000000001,
            0.7954140000000001,
            1.0422799999999999,
            0.9288,
            0.9288,
            0.848697,
            0.861353,
            0.7256400000000001,
            0.766947,
            0.76091,
            0.8154710000000001,
            0.723404,
            0.6982900000000001,
            0.7449760000000001,
            0.736891,
            0.842191,
            1.026107,
            1.0983459999999998,
            1.0781230000000002,
            0.9777560000000001,
            1.0016340000000001,
            1.125669,
            1.107023,
            1.099633,
            1.10095,
            1.091453,
            1.028828,
            1.041833,
            1.014528,
            1.029865,
            0.997483,
            0.9998370000000001,
            0.9546380000000001,
            0.966313,
            0.88829,
            0.8916040000000001,
            0.885996,
            0.878674,
            0.9396530000000001,
            0.9797659999999999,
            0.9401379999999999,
            0.959546,
            1.0261680000000002,
            0.977727
        ],
        [
            1.237068,
            1.322764,
            1.3498640000000002,
            1.333703,
            0.783684,
            1.078586,
            0.24535,
            0.189231,
            0.20644,
            0.21967,
            0.491813,
            0.08879100000000001,
            0.0,
            0.0,
            0.18970800000000002,
            0.229035,
            0.220792,
            0.21664700000000003,
            0.449821,
            0.800035,
            0.7120240000000001,
            0.828172,
            0.835081,
            0.8361419999999999,
            0.648093,
            0.815329,
            0.7224030000000001,
            0.714647,
            0.881122,
            0.8410569999999999,
            0.7678400000000001,
            0.7489190000000001,
            0.7240390000000001,
            0.970905,
            0.857425,
            0.857425,
            0.7773220000000001,
            0.7899780000000001,
            0.6542650000000001,
            0.6955720000000001,
            0.689535,
            0.7440960000000001,
            0.6520290000000001,
            0.6269150000000001,
            0.6736010000000001,
            0.665516,
            0.7708160000000001,
            0.9547320000000001,
            1.026971,
            1.006748,
            0.9063810000000001,
            0.9302590000000001,
            1.054294,
            1.0356480000000001,
            1.0282580000000001,
            1.0295750000000001,
            1.0200780000000003,
            0.9574530000000001,
            0.970458,
            0.9431530000000001,
            0.9584900000000002,
            0.926108,
            0.9284620000000001,
            0.8832630000000001,
            0.894938,
            0.8169150000000001,
            0.8202290000000001,
            0.814621,
            0.807299,
            0.8682780000000001,
            0.908391,
            0.868763,
            0.888171,
            0.9547930000000001,
            0.906352
        ],
        [
            1.237068,
            1.322764,
            1.3498640000000002,
            1.333703,
            0.783684,
            1.078586,
            0.24535,
            0.189231,
            0.20644,
            0.21967,
            0.491813,
            0.08879100000000001,
            0.0,
            0.0,
            0.18970800000000002,
            0.229035,
            0.220792,
            0.21664700000000003,
            0.449821,
            0.800035,
            0.7120240000000001,
            0.828172,
            0.835081,
            0.8361419999999999,
            0.648093,
            0.815329,
            0.7224030000000001,
            0.714647,
            0.881122,
            0.8410569999999999,
            0.7678400000000001,
            0.7489190000000001,
            0.7240390000000001,
            0.970905,
            0.857425,
            0.857425,
            0.7773220000000001,
            0.7899780000000001,
            0.6542650000000001,
            0.6955720000000001,
            0.689535,
            0.7440960000000001,
            0.6520290000000001,
            0.6269150000000001,
            0.6736010000000001,
            0.665516,
            0.7708160000000001,
            0.9547320000000001,
            1.026971,
            1.006748,
            0.9063810000000001,
            0.9302590000000001,
            1.054294,
            1.0356480000000001,
            1.0282580000000001,
            1.0295750000000001,
            1.0200780000000003,
            0.9574530000000001,
            0.970458,
            0.9431530000000001,
            0.9584900000000002,
            0.926108,
            0.9284620000000001,
            0.8832630000000001,
            0.894938,
            0.8169150000000001,
            0.8202290000000001,
            0.814621,
            0.807299,
            0.8682780000000001,
            0.908391,
            0.868763,
            0.888171,
            0.9547930000000001,
            0.906352
        ],
        [
            1.29643,
            1.382126,
            1.4092259999999999,
            1.393065,
            0.843046,
            1.137948,
            0.304712,
            0.24859299999999998,
            0.265802,
            0.27903199999999995,
            0.551175,
            0.261083,
            0.18970800000000002,
            0.18970800000000002,
            0.0,
            0.288397,
            0.280154,
            0.276009,
            0.5091829999999999,
            0.859397,
            0.771386,
            0.8875339999999999,
            0.8944429999999999,
            0.8955039999999999,
            0.707455,
            0.8746909999999999,
            0.781765,
            0.774009,
            0.9404839999999999,
            0.9004189999999999,
            0.827202,
            0.808281,
            0.783401,
            1.0302669999999998,
            0.9167869999999999,
            0.9167869999999999,
            0.836684,
            0.84934,
            0.713627,
            0.754934,
            0.7488969999999999,
            0.803458,
            0.711391,
            0.686277,
            0.732963,
            0.7248779999999999,
            0.830178,
            1.014094,
            1.0863329999999998,
            1.0661100000000001,
            0.965743,
            0.989621,
            1.113656,
            1.09501,
            1.08762,
            1.088937,
            1.07944,
            1.016815,
            1.02982,
            1.002515,
            1.017852,
            0.98547,
            0.987824,
            0.942625,
            0.9542999999999999,
            0.876277,
            0.879591,
            0.873983,
            0.8666609999999999,
            0.92764,
            0.9677529999999999,
            0.9281249999999999,
            0.947533,
            1.0141550000000001,
            0.965714
        ],
        [
            1.2857690000000002,
            1.3714650000000002,
            1.398565,
            1.3824040000000002,
            0.832385,
            1.127287,
            0.294051,
            0.237932,
            0.255141,
            0.268371,
            0.5405139999999999,
            0.30040999999999995,
            0.229035,
            0.229035,
            0.288397,
            0.0,
            0.259845,
            0.2557,
            0.498522,
            0.848736,
            0.7607250000000001,
            0.876873,
            0.8837820000000001,
            0.884843,
            0.6967940000000001,
            0.86403,
            0.771104,
            0.7633480000000001,
            0.9298229999999998,
            0.889758,
            0.8165410000000001,
            0.79762,
            0.77274,
            1.019606,
            0.906126,
            0.906126,
            0.8260230000000001,
            0.838679,
            0.702966,
            0.7442730000000001,
            0.7382360000000001,
            0.792797,
            0.7007300000000001,
            0.675616,
            0.722302,
            0.7142170000000001,
            0.819517,
            1.0034330000000002,
            1.075672,
            1.055449,
            0.955082,
            0.97896,
            1.102995,
            1.084349,
            1.076959,
            1.0782760000000002,
            1.0687790000000001,
            1.006154,
            1.0191590000000001,
            0.9918540000000001,
            1.0071910000000002,
            0.974809,
            0.9771630000000001,
            0.931964,
            0.9436390000000001,
            0.8656159999999999,
            0.86893,
            0.863322,
            0.8560000000000001,
            0.916979,
            0.957092,
            0.9174640000000001,
            0.9368720000000001,
            1.003494,
            0.9550530000000002
        ],
        [
            1.2775260000000002,
            1.363222,
            1.390322,
            1.374161,
            0.824142,
            1.1190440000000001,
            0.285808,
            0.229689,
            0.246898,
            0.260128,
            0.5322709999999999,
            0.29216699999999995,
            0.220792,
            0.220792,
            0.280154,
            0.259845,
            0.0,
            0.18751299999999999,
            0.490279,
            0.840493,
            0.7524820000000001,
            0.86863,
            0.8755390000000001,
            0.8766,
            0.6885510000000001,
            0.855787,
            0.762861,
            0.7551050000000001,
            0.9215799999999998,
            0.881515,
            0.8082980000000001,
            0.789377,
            0.764497,
            1.011363,
            0.897883,
            0.897883,
            0.8177800000000001,
            0.830436,
            0.694723,
            0.7360300000000001,
            0.7299930000000001,
            0.784554,
            0.6924870000000001,
            0.667373,
            0.714059,
            0.7059740000000001,
            0.811274,
            0.9951900000000001,
            1.067429,
            1.047206,
            0.946839,
            0.970717,
            1.0947520000000002,
            1.0761060000000002,
            1.0687160000000002,
            1.070033,
            1.0605360000000001,
            0.9979110000000001,
            1.010916,
            0.9836110000000001,
            0.9989480000000002,
            0.966566,
            0.9689200000000001,
            0.923721,
            0.9353960000000001,
            0.8573729999999999,
            0.860687,
            0.855079,
            0.8477570000000001,
            0.908736,
            0.948849,
            0.9092210000000001,
            0.9286290000000001,
            0.9952510000000001,
            0.9468100000000002
        ],
        [
            1.273381,
            1.359077,
            1.386177,
            1.3700160000000001,
            0.819997,
            1.1148989999999999,
            0.281663,
            0.225544,
            0.242753,
            0.25598299999999996,
            0.528126,
            0.288022,
            0.21664700000000003,
            0.21664700000000003,
            0.276009,
            0.2557,
            0.18751299999999999,
            0.0,
            0.48613399999999996,
            0.836348,
            0.748337,
            0.864485,
            0.871394,
            0.872455,
            0.6844060000000001,
            0.8516419999999999,
            0.758716,
            0.7509600000000001,
            0.9174349999999998,
            0.87737,
            0.804153,
            0.7852319999999999,
            0.7603519999999999,
            1.007218,
            0.8937379999999999,
            0.8937379999999999,
            0.813635,
            0.8262909999999999,
            0.6905779999999999,
            0.731885,
            0.725848,
            0.7804089999999999,
            0.688342,
            0.6632279999999999,
            0.7099139999999999,
            0.701829,
            0.807129,
            0.9910450000000001,
            1.063284,
            1.043061,
            0.9426939999999999,
            0.966572,
            1.0906069999999999,
            1.071961,
            1.064571,
            1.0658880000000002,
            1.056391,
            0.993766,
            1.006771,
            0.9794660000000001,
            0.9948030000000001,
            0.962421,
            0.964775,
            0.919576,
            0.931251,
            0.8532279999999999,
            0.8565419999999999,
            0.850934,
            0.843612,
            0.9045909999999999,
            0.944704,
            0.905076,
            0.9244840000000001,
            0.991106,
            0.9426650000000001
        ],
        [
            1.3857650000000001,
            1.4714610000000001,
            1.498561,
            1.4824000000000002,
            0.932381,
            1.227283,
            0.413227,
            0.408182,
            0.42539099999999996,
            0.438621,
            0.710764,
            0.521196,
            0.449821,
            0.449821,
            0.5091829999999999,
            0.498522,
            0.490279,
            0.48613399999999996,
            0.0,
            0.948732,
            0.8607210000000001,
            0.976869,
            0.983778,
            0.984839,
            0.7967900000000001,
            0.9640259999999999,
            0.8711,
            0.8633440000000001,
            1.0298189999999998,
            0.989754,
            0.916537,
            0.897616,
            0.872736,
            1.119602,
            1.006122,
            1.006122,
            0.926019,
            0.9386749999999999,
            0.802962,
            0.844269,
            0.8382320000000001,
            0.892793,
            0.800726,
            0.775612,
            0.822298,
            0.8142130000000001,
            0.919513,
            1.1034290000000002,
            1.175668,
            1.155445,
            1.055078,
            1.078956,
            1.202991,
            1.184345,
            1.176955,
            1.1782720000000002,
            1.1687750000000001,
            1.10615,
            1.1191550000000001,
            1.09185,
            1.1071870000000001,
            1.074805,
            1.077159,
            1.03196,
            1.043635,
            0.9656119999999999,
            0.968926,
            0.963318,
            0.9559960000000001,
            1.016975,
            1.057088,
            1.01746,
            1.0368680000000001,
            1.10349,
            1.0550490000000001
        ],
        [
            1.218399,
            1.304095,
            1.3311950000000001,
            1.315034,
            0.765015,
            1.214323,
            0.763441,
            0.758396,
            0.775605,
            0.788835,
            1.060978,
            0.87141,
            0.800035,
            0.800035,
            0.859397,
            0.848736,
            0.840493,
            0.836348,
            0.948732,
            0.0,
            0.088011,
            0.204159,
            0.211068,
            0.212129,
            0.336096,
            0.549318,
            0.456392,
            0.44863600000000003,
            0.615111,
            0.575046,
            0.5018290000000001,
            0.482908,
            0.458028,
            0.704894,
            0.591414,
            0.591414,
            0.5113110000000001,
            0.5239670000000001,
            0.388254,
            0.4295610000000001,
            0.423524,
            0.478085,
            0.38601800000000003,
            0.360904,
            0.40759,
            0.410335,
            0.531575,
            0.7154910000000001,
            0.7877299999999999,
            0.7675069999999999,
            0.733088,
            0.756966,
            0.8810009999999999,
            0.862355,
            0.854965,
            0.856282,
            0.8467850000000001,
            0.78416,
            0.7971649999999999,
            0.76986,
            0.7851970000000001,
            0.752815,
            0.755169,
            0.70997,
            0.7216450000000001,
            0.6436219999999999,
            0.646936,
            0.641328,
            0.6340060000000001,
            0.694985,
            0.735098,
            0.69547,
            0.7148780000000001,
            0.7815000000000001,
            0.7330590000000001
        ],
