{
    "NEXUS_FILE_URL": "http://purl.org/phylo/treebase/phylows/study/TB2:S14911",
    "NEWICK_TREE": "(((14:0.69092196,(15:0.09445217,16:0.032704525):0.2883823):0.36795288,(17:0.095053464,(19:0.099542074,((26:0.05898812,(28:0.03404981,(27:0.03576933,25:0.08949306):0.004626909):0.033975575):0.041197438,(((24:0.029087132,18:0.15686427):0.02776071,(22:0.033541795,23:0.04000804):0.0055317027):0.017289687,(21:0.012476142,20:0.020393932):0.051968217):0.012954204):0.031719916):0.06884004):0.22139719):0.55056375,((1:0.31799605,2:0.33890563):0.184902,(((3:0.52701986,7:0.34767953):0.09683569,((12:0.25649935,5:0.34929433):0.04159807,13:0.25650424):0.03889807):0.024014747,(11:0.3272512,(((9:0.20676933,6:0.38803723):0.042747773,(10:0.38270828,8:0.19949777):0.068521775):0.07420973,4:0.4703359):0.10803991):0.048505317):0.12712966):0.47715527);",
    "DISTANCE_MATRIX": [
        [
            0.0,
            1.07375643,
            1.012008785,
            1.375325494,
            1.4486541439999998,
            1.4810175439999997,
            1.4900548089999999,
            1.4964012379999998,
            1.550124968,
            1.4679237189999998,
            1.5957008569999998,
            1.4501493746999998,
            1.4566156197,
            1.4582305489999998,
            1.4661483389999999,
            2.58949191,
            2.61040149,
            2.861593817,
            2.6822534869999997,
            2.5747337569999997,
            2.667528737,
            2.533140577,
            2.589480037,
            2.69399558,
            2.87526348,
            2.895708532,
            2.712498022,
            2.840604647
        ],
        [
            1.07375643,
            0.0,
            0.127156695,
            1.067238004,
            1.140566654,
            1.172930054,
            1.181967319,
            1.1883137480000001,
            1.2420374779999999,
            1.159836229,
            1.287613367,
            1.1420618847,
            1.1485281296999998,
            1.150143059,
            1.158060849,
            2.28140442,
            2.302314,
            2.553506327,
            2.374165997,
            2.266646267,
            2.3594412470000004,
            2.225053087,
            2.2813925470000003,
            2.38590809,
            2.56717599,
            2.5876210420000003,
            2.404410532,
            2.532517157
        ],
        [
            1.012008785,
            0.127156695,
            0.0,
            1.005490359,
            1.0788190089999998,
            1.111182409,
            1.1202196739999999,
            1.126566103,
            1.1802898329999998,
            1.0980885839999999,
            1.225865722,
            1.0803142396999998,
            1.0867804846999998,
            1.0883954139999998,
            1.0963132039999999,
            2.219656775,
            2.2405663550000003,
            2.491758682,
            2.312418352,
            2.204898622,
            2.297693602,
            2.163305442,
            2.2196449019999998,
            2.324160445,
            2.5054283450000003,
            2.525873397,
            2.342662887,
            2.470769512
        ],
        [
            1.375325494,
            1.067238004,
            1.005490359,
            0.0,
            0.263435578,
            0.295798978,
            0.304836243,
            0.31118267200000005,
            0.364906402,
            0.282705153,
            0.410482291,
            0.26493080869999996,
            0.2713970537,
            0.27301198299999996,
            0.280929773,
            1.847067724,
            1.8679773040000003,
            2.119169631,
            1.939829301,
            1.8323095710000001,
            1.9251045510000002,
            1.7907163910000001,
            1.8470558510000001,
            1.9515713940000001,
            2.132839294,
            2.1532843460000004,
            1.970073836,
            2.098180461
        ],
        [
            1.4486541439999998,
            1.140566654,
            1.0788190089999998,
            0.263435578,
            0.0,
            0.231447548,
            0.24048481299999996,
            0.246831242,
            0.300554972,
            0.218353723,
            0.34613086099999996,
            0.20057937869999998,
            0.20704562370000001,
            0.20866055299999997,
            0.216578343,
            1.920396374,
            1.9413059540000002,
            2.1924982809999998,
            2.013157951,
            1.905638221,
            1.998433201,
            1.864045041,
            1.920384501,
            2.024900044,
            2.206167944,
            2.226612996,
            2.0434024859999997,
            2.1715091109999998
        ],
        [
            1.4810175439999997,
            1.172930054,
            1.111182409,
            0.295798978,
            0.231447548,
            0.0,
            0.127013505,
            0.133359934,
            0.187083664,
            0.187277291,
            0.315054429,
            0.1695029467,
            0.17596919170000003,
            0.17758412099999998,
            0.18550191100000002,
            1.952759774,
            1.973669354,
            2.224861681,
            2.045521351,
            1.9380016210000002,
            2.030796601,
            1.8964084410000002,
            1.952747901,
            2.057263444,
            2.238531344,
            2.258976396,
            2.075765886,
            2.203872511
        ],
        [
            1.4900548089999999,
            1.181967319,
            1.1202196739999999,
            0.304836243,
            0.24048481299999996,
            0.127013505,
            0.0,
            0.074446049,
            0.12816977899999998,
            0.196314556,
            0.324091694,
            0.1785402117,
            0.1850064567,
            0.186621386,
            0.19453917599999998,
            1.961797039,
            1.9827066190000002,
            2.233898946,
            2.054558616,
            1.947038886,
            2.0398338660000004,
            1.905445706,
            1.961785166,
            2.066300709,
            2.247568609,
            2.2680136610000003,
            2.084803151,
            2.212909776
        ],
        [
            1.4964012379999998,
            1.1883137480000001,
            1.126566103,
            0.31118267200000005,
            0.246831242,
            0.133359934,
            0.074446049,
            0.0,
            0.12526239,
            0.20266098500000002,
            0.330438123,
            0.1848866407,
            0.19135288570000003,
            0.192967815,
            0.20088560500000002,
            1.968143468,
            1.9890530480000002,
            2.240245375,
            2.060905045,
            1.9533853150000002,
            2.046180295,
            1.9117921350000002,
            1.968131595,
            2.072647138,
            2.253915038,
            2.27436009,
            2.09114958,
            2.219256205
        ],
        [
            1.550124968,
            1.2420374779999999,
            1.1802898329999998,
            0.364906402,
            0.300554972,
            0.187083664,
            0.12816977899999998,
            0.12526239,
            0.0,
            0.25638471500000004,
            0.384161853,
            0.23861037070000002,
            0.2450766157,
            0.246691545,
            0.254609335,
            2.0218671980000003,
            2.0427767780000003,
            2.2939691050000004,
            2.114628775,
            2.007109045,
            2.0999040250000003,
            1.9655158650000002,
            2.021855325,
            2.1263708680000004,
            2.3076387680000003,
            2.3280838200000002,
            2.1448733100000004,
            2.2729799350000004
        ],
        [
            1.4679237189999998,
            1.159836229,
            1.0980885839999999,
            0.282705153,
            0.218353723,
            0.187277291,
            0.196314556,
            0.20266098500000002,
            0.25638471500000004,
            0.0,
            0.185951402,
            0.0959213397,
            0.1023875847,
            0.138581888,
            0.14649967800000002,
            1.9396659490000001,
            1.9605755290000002,
            2.211767856,
            2.032427526,
            1.924907796,
            2.017702776,
            1.883314616,
            1.939654076,
            2.044169619,
            2.225437519,
            2.245882571,
            2.062672061,
            2.190778686
        ],
        [
            1.5957008569999998,
            1.287613367,
            1.225865722,
            0.410482291,
            0.34613086099999996,
            0.315054429,
            0.324091694,
            0.330438123,
            0.384161853,
            0.185951402,
            0.0,
            0.2236984777,
            0.2301647227,
            0.266359026,
            0.274276816,
            2.067443087,
            2.088352667,
            2.3395449939999997,
            2.160204664,
            2.052684934,
            2.145479914,
            2.0110917539999997,
            2.067431214,
            2.1719467569999997,
            2.353214657,
            2.373659709,
            2.1904491989999997,
            2.3185558239999997
        ],
        [
            1.4501493746999998,
            1.1420618847,
            1.0803142396999998,
            0.26493080869999996,
            0.20057937869999998,
            0.1695029467,
            0.1785402117,
            0.1848866407,
            0.23861037070000002,
            0.0959213397,
            0.2236984777,
            0.0,
            0.07354983500000001,
            0.12080754369999999,
            0.1287253337,
            1.9218916046999999,
            1.9428011847000002,
            2.1939935117,
            2.0146531817,
            1.9071334517,
            1.9999284317000001,
            1.8655402717,
            1.9218797317,
            2.0263952747,
            2.2076631747000004,
            2.2281082267,
            2.0448977167,
            2.1730043417
        ],
        [
            1.4566156197,
            1.1485281296999998,
            1.0867804846999998,
            0.2713970537,
            0.20704562370000001,
            0.17596919170000003,
            0.1850064567,
            0.19135288570000003,
            0.2450766157,
            0.1023875847,
            0.2301647227,
            0.07354983500000001,
            0.0,
            0.1272737887,
            0.1351915787,
            1.9283578497,
            1.9492674297000003,
            2.2004597567,
            2.0211194267,
            1.9135996967,
            2.0063946767000003,
            1.8720065167,
            1.9283459767000002,
            2.0328615197,
            2.2141294197000003,
            2.2345744717000002,
            2.0513639617,
            2.1794705867
        ],
        [
            1.4582305489999998,
            1.150143059,
            1.0883954139999998,
            0.27301198299999996,
            0.20866055299999997,
            0.17758412099999998,
            0.186621386,
            0.192967815,
            0.246691545,
            0.138581888,
            0.266359026,
            0.12080754369999999,
            0.1272737887,
            0.0,
            0.032870074,
            1.9299727789999999,
            1.9508823590000002,
            2.202074686,
            2.022734356,
            1.915214626,
            2.008009606,
            1.873621446,
            1.929960906,
            2.034476449,
            2.2157443490000004,
            2.236189401,
            2.052978891,
            2.181085516
        ],
        [
            1.4661483389999999,
            1.158060849,
            1.0963132039999999,
            0.280929773,
            0.216578343,
            0.18550191100000002,
            0.19453917599999998,
            0.20088560500000002,
            0.254609335,
            0.14649967800000002,
            0.274276816,
            0.1287253337,
            0.1351915787,
            0.032870074,
            0.0,
            1.937890569,
            1.9588001490000002,
            2.209992476,
            2.030652146,
            1.923132416,
            2.0159273960000004,
            1.881539236,
            1.937878696,
            2.042394239,
            2.223662139,
            2.2441071910000003,
            2.060896681,
            2.189003306
        ],
        [
            2.58949191,
            2.28140442,
            2.219656775,
            1.847067724,
            1.920396374,
            1.952759774,
            1.961797039,
            1.968143468,
            2.0218671980000003,
            1.9396659490000001,
            2.067443087,
            1.9218916046999999,
            1.9283578497,
            1.9299727789999999,
            1.937890569,
            0.0,
            0.65690168,
            1.2778980070000001,
            1.098557677,
            0.991037947,
            1.083832927,
            0.949444767,
            1.005784227,
            1.1102997700000001,
            1.29156767,
            1.312012722,
            1.128802212,
            1.2569088370000001
        ],
        [
            2.61040149,
            2.302314,
            2.2405663550000003,
            1.8679773040000003,
            1.9413059540000002,
            1.973669354,
            1.9827066190000002,
            1.9890530480000002,
            2.0427767780000003,
            1.9605755290000002,
            2.088352667,
            1.9428011847000002,
            1.9492674297000003,
            1.9508823590000002,
            1.9588001490000002,
            0.65690168,
            0.0,
            1.2988075870000002,
            1.1194672570000002,
            1.0119475270000002,
            1.104742507,
            0.9703543470000001,
            1.026693807,
            1.1312093500000002,
            1.3124772500000002,
            1.332922302,
            1.1497117920000002,
            1.2778184170000002
        ],
        [
            2.861593817,
            2.553506327,
            2.491758682,
            2.119169631,
            2.1924982809999998,
            2.224861681,
            2.233898946,
            2.240245375,
            2.2939691050000004,
            2.211767856,
            2.3395449939999997,
            2.1939935117,
            2.2004597567,
            2.202074686,
            2.209992476,
            1.2778980070000001,
            1.2988075870000002,
            0.0,
            0.87469939,
            0.9608510400000001,
            1.05364602,
            0.9192578600000001,
            1.023626814,
            1.128142357,
            1.3094102570000001,
            1.329855309,
            1.146644799,
            1.274751424
        ],
        [
            2.6822534869999997,
            2.374165997,
            2.312418352,
            1.939829301,
            2.013157951,
            2.045521351,
            2.054558616,
            2.060905045,
            2.114628775,
            2.032427526,
            2.160204664,
            2.0146531817,
            2.0211194267,
            2.022734356,
            2.030652146,
            1.098557677,
            1.1194672570000002,
            0.87469939,
            0.0,
            0.78151071,
            0.8743056899999999,
            0.73991753,
            0.844286484,
            0.948802027,
            1.130069927,
            1.150514979,
            0.967304469,
            1.095411094
        ],
        [
            2.5747337569999997,
            2.266646267,
            2.204898622,
            1.8323095710000001,
            1.905638221,
            1.9380016210000002,
            1.947038886,
            1.9533853150000002,
            2.007109045,
            1.924907796,
            2.052684934,
            1.9071334517,
            1.9135996967,
            1.915214626,
            1.923132416,
            0.991037947,
            1.0119475270000002,
            0.9608510400000001,
            0.78151071,
            0.0,
            0.60579368,
            0.55460166,
            0.736766754,
            0.841282297,
            1.0225501970000002,
            1.042995249,
            0.859784739,
            0.987891364
        ],
        [
            2.667528737,
            2.3594412470000004,
            2.297693602,
            1.9251045510000002,
            1.998433201,
            2.030796601,
            2.0398338660000004,
            2.046180295,
            2.0999040250000003,
            2.017702776,
            2.145479914,
            1.9999284317000001,
            2.0063946767000003,
            2.008009606,
            2.0159273960000004,
            1.083832927,
            1.104742507,
            1.05364602,
            0.8743056899999999,
            0.60579368,
            0.0,
            0.64739664,
            0.829561734,
            0.9340772770000001,
            1.115345177,
            1.135790229,
            0.952579719,
            1.080686344
        ],
        [
            2.533140577,
            2.225053087,
            2.163305442,
            1.7907163910000001,
            1.864045041,
            1.8964084410000002,
            1.905445706,
            1.9117921350000002,
            1.9655158650000002,
            1.883314616,
            2.0110917539999997,
            1.8655402717,
            1.8720065167,
            1.873621446,
            1.881539236,
            0.949444767,
            0.9703543470000001,
            0.9192578600000001,
            0.73991753,
            0.55460166,
            0.64739664,
            0.0,
            0.695173574,
            0.799689117,
            0.980957017,
            1.001402069,
            0.818191559,
            0.946298184
        ],
        [
            2.589480037,
            2.2813925470000003,
            2.2196449019999998,
            1.8470558510000001,
            1.920384501,
            1.952747901,
            1.961785166,
            1.968131595,
            2.021855325,
            1.939654076,
            2.067431214,
            1.9218797317,
            1.9283459767000002,
            1.929960906,
            1.937878696,
            1.005784227,
            1.026693807,
            1.023626814,
            0.844286484,
            0.736766754,
            0.829561734,
            0.695173574,
            0.0,
            0.7590179430000001,
            0.9402858430000001,
            0.960730895,
            0.7775203850000001,
            0.9056270099999999
        ],
        [
            2.69399558,
            2.38590809,
            2.324160445,
            1.9515713940000001,
            2.024900044,
            2.057263444,
            2.066300709,
            2.072647138,
            2.1263708680000004,
            2.044169619,
            2.1719467569999997,
            2.0263952747,
            2.0328615197,
            2.034476449,
            2.042394239,
            1.1102997700000001,
            1.1312093500000002,
            1.128142357,
            0.948802027,
            0.841282297,
            0.9340772770000001,
            0.799689117,
            0.7590179430000001,
            0.0,
            0.59480656,
            0.700747158,
            0.517536648,
            0.7940627330000001
        ],
        [
            2.87526348,
            2.56717599,
            2.5054283450000003,
            2.132839294,
            2.206167944,
            2.238531344,
            2.247568609,
            2.253915038,
            2.3076387680000003,
            2.225437519,
            2.353214657,
            2.2076631747000004,
            2.2141294197000003,
            2.2157443490000004,
            2.223662139,
            1.29156767,
            1.3124772500000002,
            1.3094102570000001,
            1.130069927,
            1.0225501970000002,
            1.115345177,
            0.980957017,
            0.9402858430000001,
            0.59480656,
            0.0,
            0.882015058,
            0.698804548,
            0.975330633
        ],
        [
            2.895708532,
            2.5876210420000003,
            2.525873397,
            2.1532843460000004,
            2.226612996,
            2.258976396,
            2.2680136610000003,
            2.27436009,
            2.3280838200000002,
            2.245882571,
            2.373659709,
            2.2281082267,
            2.2345744717000002,
            2.236189401,
            2.2441071910000003,
            1.312012722,
            1.332922302,
            1.329855309,
            1.150514979,
            1.042995249,
            1.135790229,
            1.001402069,
            0.960730895,
            0.700747158,
            0.882015058,
            0.0,
            0.58220605,
            0.9957756849999999
        ],
        [
            2.712498022,
            2.404410532,
            2.342662887,
            1.970073836,
            2.0434024859999997,
            2.075765886,
            2.084803151,
            2.09114958,
            2.1448733100000004,
            2.062672061,
            2.1904491989999997,
            2.0448977167,
            2.0513639617,
            2.052978891,
            2.060896681,
            1.128802212,
            1.1497117920000002,
            1.146644799,
            0.967304469,
            0.859784739,
            0.952579719,
            0.818191559,
            0.7775203850000001,
            0.517536648,
            0.698804548,
            0.58220605,
            0.0,
            0.812565175
        ],
        [
            2.840604647,
            2.532517157,
            2.470769512,
            2.098180461,
            2.1715091109999998,
            2.203872511,
            2.212909776,
            2.219256205,
            2.2729799350000004,
            2.190778686,
            2.3185558239999997,
            2.1730043417,
            2.1794705867,
            2.181085516,
            2.189003306,
            1.2569088370000001,
            1.2778184170000002,
            1.274751424,
            1.095411094,
            0.987891364,
            1.080686344,
            0.946298184,
            0.9056270099999999,
            0.7940627330000001,
            0.975330633,
            0.9957756849999999,
            0.812565175,
            0.0
        ]
    ],
    "NODE_MAPPING": {
        "0": "14",
        "1": "15",
        "2": "16",
        "3": "17",
        "4": "19",
        "5": "26",
        "6": "28",
        "7": "27",
        "8": "25",
        "9": "24",
        "10": "18",
        "11": "22",
        "12": "23",
        "13": "21",
        "14": "20",
        "15": "1",
        "16": "2",
        "17": "3",
        "18": "7",
        "19": "12",
        "20": "5",
        "21": "13",
        "22": "11",
        "23": "9",
        "24": "6",
        "25": "10",
        "26": "8",
        "27": "4"
    }
}