{
    "NEXUS_FILE_URL": "http://purl.org/phylo/treebase/phylows/study/TB2:S14026",
    "NEWICK_TREE": "((((4:2.697014077935E-6,2:2.697014077935E-6):0.002160979997604036,(5:0.005728696726622945,(1:0.0056857551750218146,3:0.0034853098041619218):0.0023321145760246947):0.010245490051280351):0.018006887282839352,((((35:5.954810463016378E-4,(33:2.697014077935E-6,34:2.697014077935E-6):2.697014077935E-6):0.013680001729453129,((((30:2.697014077935E-6,32:2.697014077935E-6):2.697014077935E-6,31:2.697014077935E-6):2.697014077935E-6,29:5.962711934256492E-4):0.006485808018699729,(((23:2.697014077935E-6,(24:2.697014077935E-6,25:2.697014077935E-6):2.697014077935E-6):2.697014077935E-6,26:2.697014077935E-6):0.014457345686029934,(38:0.017325729265501043,((28:0.00883514960057626,(40:2.697014077935E-6,39:2.697014077935E-6):0.004236046328236106):0.01806890402875878,(27:0.013299426923496565,(36:2.697014077935E-6,37:0.001191102459367483):0.00963240565727422):0.0022463165452066385):0.004584562170685182):0.00346619572477249):0.00440876604081183):0.0028799711562513546):0.0260414500537254,((((48:2.697014077935E-6,((42:2.697014077935E-6,46:2.697014077935E-6):2.697014077935E-6,47:2.697014077935E-6):2.697014077935E-6):2.697014077935E-6,44:2.697014077935E-6):2.697014077935E-6,(43:2.697014077935E-6,41:2.697014077935E-6):2.697014077935E-6):2.697014077935E-6,45:2.697014077935E-6):0.036148639072347284):0.008459196034694368,(((9:5.963474846422747E-4,10:2.697014077935E-6):0.016876303446520753,((((20:0.01462819088602905,(21:0.015214848818142905,((17:5.944919733168957E-4,16:0.0012021905668360105):0.0022392269304396537,15:0.0025580214356875244):0.006209631508876261):0.0037636574719138354):0.005167062711215559,7:0.0203434636571557):0.003118861791438271,8:0.026902130856781628):0.0025281728377888496,(22:0.028261046319873105,((19:2.697014077935E-6,18:2.697014077935E-6):0.005397990697185777,((13:2.697014077935E-6,12:2.697014077935E-6):2.697014077935E-6,14:2.697014077935E-6):0.0044600623574047645):0.017092520024560066):0.00385699978324341):0.007597080227565162):0.014460137968514593,(6:0.013757717794058042,11:0.007558501058789188):0.018832905809643426):0.020939620923650978):0.026998527250293208):0.026853052995222646,49:0.15744882805101415);",
    "DISTANCE_MATRIX": [
        [
            0,
            5.39402815587e-06,
            0.018137863789585266,
            0.02042703681400883,
            0.018226591443148938,
            0.09594522040898906,
            0.0953551333908433,
            0.0953551333908433,
            0.09104360785041919,
            0.09104360785041919,
            0.09104091083634125,
            0.09163178800161104,
            0.10342121454448329,
            0.10342391155856122,
            0.10342391155856122,
            0.10341851753040535,
            0.10975039982057101,
            0.1239132863550902,
            0.11931688009682799,
            0.11931688009682799,
            0.11255497619445835,
            0.10889065194231395,
            0.1100790573876035,
            0.09178771470816792,
            0.09179310873632379,
            0.09179310873632379,
            0.09179041172224586,
            0.09178501769408999,
            0.09178501769408999,
            0.09178501769408999,
            0.09177962366593412,
            0.10004150136814313,
            0.0994478508975788,
            0.115608218891017,
            0.11995853429504469,
            0.1137870358895346,
            0.1143947344830537,
            0.11351133842146557,
            0.11615642895092809,
            0.11959623435911575,
            0.12228397676766178,
            0.11651613818361246,
            0.11651613818361246,
            0.11558090685790938,
            0.11558090685790938,
            0.11557820984383145,
            0.10069933607216698,
            0.09450011933689813,
            0.20447244534075812
        ],
        [
            5.39402815587e-06,
            0,
            0.018137863789585266,
            0.02042703681400883,
            0.018226591443148938,
            0.09594522040898906,
            0.0953551333908433,
            0.0953551333908433,
            0.09104360785041919,
            0.09104360785041919,
            0.09104091083634125,
            0.09163178800161104,
            0.10342121454448329,
            0.10342391155856122,
            0.10342391155856122,
            0.10341851753040535,
            0.10975039982057101,
            0.1239132863550902,
            0.11931688009682799,
            0.11931688009682799,
            0.11255497619445835,
            0.10889065194231395,
            0.1100790573876035,
            0.09178771470816792,
            0.09179310873632379,
            0.09179310873632379,
            0.09179041172224586,
            0.09178501769408999,
            0.09178501769408999,
            0.09178501769408999,
            0.09177962366593412,
            0.10004150136814313,
            0.0994478508975788,
            0.115608218891017,
            0.11995853429504469,
            0.1137870358895346,
            0.1143947344830537,
            0.11351133842146557,
            0.11615642895092809,
            0.11959623435911575,
            0.12228397676766178,
            0.11651613818361246,
            0.11651613818361246,
            0.11558090685790938,
            0.11558090685790938,
            0.11557820984383145,
            0.10069933607216698,
            0.09450011933689813,
            0.20447244534075812
        ],
        [
            0.018137863789585266,
            0.018137863789585266,
            0,
            0.013746566477669454,
            0.01154612110680956,
            0.10975573017521038,
            0.10916564315706462,
            0.10916564315706462,
            0.10485411761664051,
            0.10485411761664051,
            0.10485142060256257,
            0.10544229776783236,
            0.11723172431070461,
            0.11723442132478254,
            0.11723442132478254,
            0.11722902729662667,
            0.12356090958679233,
            0.13772379612131153,
            0.1331273898630493,
            0.1331273898630493,
            0.12636548596067967,
            0.12270116170853528,
            0.12388956715382482,
            0.10559822447438924,
            0.10560361850254511,
            0.10560361850254511,
            0.10560092148846718,
            0.10559552746031131,
            0.10559552746031131,
            0.10559552746031131,
            0.10559013343215544,
            0.11385201113436445,
            0.11325836066380011,
            0.1294187286572383,
            0.133769044061266,
            0.12759754565575593,
            0.12820524424927504,
            0.12732184818768688,
            0.12996693871714943,
            0.13340674412533707,
            0.13609448653388312,
            0.13032664794983378,
            0.13032664794983378,
            0.1293914166241307,
            0.1293914166241307,
            0.12938871961005277,
            0.1145098458383883,
            0.10831062910311945,
            0.21828295510697943
        ],
        [
            0.02042703681400883,
            0.02042703681400883,
            0.013746566477669454,
            0,
            0.009171064979183737,
            0.11204490319963395,
            0.11145481618148818,
            0.11145481618148818,
            0.10714329064106408,
            0.10714329064106408,
            0.10714059362698614,
            0.10773147079225592,
            0.11952089733512818,
            0.1195235943492061,
            0.1195235943492061,
            0.11951820032105023,
            0.12585008261121589,
            0.14001296914573508,
            0.1354165628874729,
            0.1354165628874729,
            0.12865465898510325,
            0.12499033473295884,
            0.12617874017824837,
            0.1078873974988128,
            0.10789279152696868,
            0.10789279152696868,
            0.10789009451289075,
            0.10788470048473488,
            0.10788470048473488,
            0.10788470048473488,
            0.107879306456579,
            0.11614118415878802,
            0.11554753368822368,
            0.13170790168166188,
            0.13605821708568958,
            0.12988671868017948,
            0.1304944172736986,
            0.12961102121211046,
            0.13225611174157298,
            0.13569591714976065,
            0.13838365955830667,
            0.13261582097425734,
            0.13261582097425734,
            0.13168058964855428,
            0.13168058964855428,
            0.13167789263447632,
            0.11679901886281187,
            0.11059980212754301,
            0.220572128131403
        ],
        [
            0.018226591443148938,
            0.018226591443148938,
            0.01154612110680956,
            0.009171064979183737,
            0,
            0.10984445782877406,
            0.10925437081062829,
            0.10925437081062829,
            0.10494284527020419,
            0.10494284527020419,
            0.10494014825612624,
            0.10553102542139603,
            0.11732045196426828,
            0.11732314897834621,
            0.11732314897834621,
            0.11731775495019034,
            0.123649637240356,
            0.13781252377487518,
            0.133216117516613,
            0.133216117516613,
            0.12645421361424336,
            0.12278988936209895,
            0.12397829480738849,
            0.10568695212795291,
            0.10569234615610879,
            0.10569234615610879,
            0.10568964914203086,
            0.10568425511387498,
            0.10568425511387498,
            0.10568425511387498,
            0.10567886108571911,
            0.11394073878792813,
            0.11334708831736379,
            0.129507456310802,
            0.13385777171482968,
            0.1276862733093196,
            0.1282939719028387,
            0.12741057584125057,
            0.13005566637071309,
            0.13349547177890075,
            0.13618321418744678,
            0.13041537560339744,
            0.13041537560339744,
            0.1294801442776944,
            0.1294801442776944,
            0.12947744726361643,
            0.11459857349195197,
            0.10839935675668312,
            0.2183716827605431
        ],
        [
            0.09594522040898906,
            0.09594522040898906,
            0.10975573017521038,
            0.11204490319963395,
            0.10984445782877406,
            0,
            0.0006008750744575078,
            0.0006008750744575078,
            0.023649352992939656,
            0.023649352992939656,
            0.02364665597886172,
            0.0242375331441315,
            0.03602695968700376,
            0.03602965670108169,
            0.03602965670108169,
            0.03602426267292582,
            0.04235614496309149,
            0.05651903149761066,
            0.051922625239348444,
            0.051922625239348444,
            0.04516072133697883,
            0.041496397084834415,
            0.042684802530123966,
            0.07647635995813919,
            0.07648175398629506,
            0.07648175398629506,
            0.07647905697221713,
            0.07647366294406126,
            0.07647366294406126,
            0.07647366294406126,
            0.07646826891590539,
            0.10164853868750312,
            0.10105488821693878,
            0.11721525621037698,
            0.12156557161440468,
            0.11539407320889458,
            0.1160017718024137,
            0.11511837574082556,
            0.11776346627028808,
            0.12120327167847575,
            0.12389101408702177,
            0.11812317550297247,
            0.11812317550297247,
            0.11718794417726938,
            0.11718794417726938,
            0.11718524716319145,
            0.10230637339152698,
            0.09610715665625813,
            0.26007653716070456
        ],
        [
            0.0953551333908433,
            0.0953551333908433,
            0.10916564315706462,
            0.11145481618148818,
            0.10925437081062829,
            0.0006008750744575078,
            0,
            5.39402815587e-06,
            0.023059265974793887,
            0.023059265974793887,
            0.02305656896071595,
            0.02364744612598573,
            0.03543687266885799,
            0.03543956968293592,
            0.03543956968293592,
            0.03543417565478005,
            0.041766057944945714,
            0.05592894447946489,
            0.05133253822120268,
            0.05133253822120268,
            0.044570634318833055,
            0.04090631006668865,
            0.0420947155119782,
            0.07588627293999342,
            0.0758916669681493,
            0.0758916669681493,
            0.07588896995407135,
            0.07588357592591549,
            0.07588357592591549,
            0.07588357592591549,
            0.07587818189775962,
            0.10105845166935737,
            0.10046480119879303,
            0.11662516919223123,
            0.12097548459625893,
            0.11480398619074883,
            0.11541168478426794,
            0.11452828872267981,
            0.11717337925214233,
            0.12061318466032997,
            0.12330092706887602,
            0.11753308848482669,
            0.11753308848482669,
            0.1165978571591236,
            0.1165978571591236,
            0.11659516014504567,
            0.1017162863733812,
            0.09551706963811235,
            0.2594864501425588
        ],
        [
            0.0953551333908433,
            0.0953551333908433,
            0.10916564315706462,
            0.11145481618148818,
            0.10925437081062829,
            0.0006008750744575078,
            5.39402815587e-06,
            0,
            0.023059265974793887,
            0.023059265974793887,
            0.02305656896071595,
            0.02364744612598573,
            0.03543687266885799,
            0.03543956968293592,
            0.03543956968293592,
            0.03543417565478005,
            0.041766057944945714,
            0.05592894447946489,
            0.05133253822120268,
            0.05133253822120268,
            0.044570634318833055,
            0.04090631006668865,
            0.0420947155119782,
            0.07588627293999342,
            0.0758916669681493,
            0.0758916669681493,
            0.07588896995407135,
            0.07588357592591549,
            0.07588357592591549,
            0.07588357592591549,
            0.07587818189775962,
            0.10105845166935737,
            0.10046480119879303,
            0.11662516919223123,
            0.12097548459625893,
            0.11480398619074883,
            0.11541168478426794,
            0.11452828872267981,
            0.11717337925214233,
            0.12061318466032997,
            0.12330092706887602,
            0.11753308848482669,
            0.11753308848482669,
            0.1165978571591236,
            0.1165978571591236,
            0.11659516014504567,
            0.1017162863733812,
            0.09551706963811235,
            0.2594864501425588
        ],
        [
            0.09104360785041919,
            0.09104360785041919,
            0.10485411761664051,
            0.10714329064106408,
            0.10494284527020419,
            0.023649352992939656,
            0.023059265974793887,
            0.023059265974793887,
            0,
            5.39402815587e-06,
            8.091042233805001e-06,
            0.0006043622356594542,
            0.025365404815931167,
            0.025368101830009104,
            0.025368101830009104,
            0.02536270780185323,
            0.0316945900920189,
            0.04585747662653807,
            0.04126107036827586,
            0.04126107036827586,
            0.03449916646590624,
            0.03083484221376183,
            0.03202324765905138,
            0.07157474739956932,
            0.07158014142772517,
            0.07158014142772517,
            0.07157744441364725,
            0.07157205038549139,
            0.07157205038549139,
            0.07157205038549139,
            0.0715666563573355,
            0.09674692612893325,
            0.09615327565836891,
            0.11231364365180711,
            0.1166639590558348,
            0.11049246065032471,
            0.11110015924384382,
            0.11021676318225569,
            0.11286185371171821,
            0.11630165911990586,
            0.1189894015284519,
            0.11322156294440258,
            0.11322156294440258,
            0.1122863316186995,
            0.1122863316186995,
            0.11228363460462157,
            0.0974047608329571,
            0.09120554409768825,
            0.25517492460213465
        ],
        [
            0.09104360785041919,
            0.09104360785041919,
            0.10485411761664051,
            0.10714329064106408,
            0.10494284527020419,
            0.023649352992939656,
            0.023059265974793887,
            0.023059265974793887,
            5.39402815587e-06,
            0,
            8.091042233805001e-06,
            0.0006043622356594542,
            0.025365404815931167,
            0.025368101830009104,
            0.025368101830009104,
            0.02536270780185323,
            0.0316945900920189,
            0.04585747662653807,
            0.04126107036827586,
            0.04126107036827586,
            0.03449916646590624,
            0.03083484221376183,
            0.03202324765905138,
            0.07157474739956932,
            0.07158014142772517,
            0.07158014142772517,
            0.07157744441364725,
            0.07157205038549139,
            0.07157205038549139,
            0.07157205038549139,
            0.0715666563573355,
            0.09674692612893325,
            0.09615327565836891,
            0.11231364365180711,
            0.1166639590558348,
            0.11049246065032471,
            0.11110015924384382,
            0.11021676318225569,
            0.11286185371171821,
            0.11630165911990586,
            0.1189894015284519,
            0.11322156294440258,
            0.11322156294440258,
            0.1122863316186995,
            0.1122863316186995,
            0.11228363460462157,
            0.0974047608329571,
            0.09120554409768825,
            0.25517492460213465
        ],
        [
            0.09104091083634125,
            0.09104091083634125,
            0.10485142060256257,
            0.10714059362698614,
            0.10494014825612624,
            0.02364665597886172,
            0.02305656896071595,
            0.02305656896071595,
            8.091042233805001e-06,
            8.091042233805001e-06,
            0,
            0.0006016652215815192,
            0.025362707801853235,
            0.02536540481593117,
            0.02536540481593117,
            0.0253600107877753,
            0.031691893077940965,
            0.045854779612460136,
            0.04125837335419792,
            0.04125837335419792,
            0.034496469451828306,
            0.030832145199683893,
            0.032020550644973444,
            0.07157205038549137,
            0.07157744441364725,
            0.07157744441364725,
            0.07157474739956932,
            0.07156935337141344,
            0.07156935337141344,
            0.07156935337141344,
            0.07156395934325757,
            0.0967442291148553,
            0.09615057864429097,
            0.11231094663772917,
            0.11666126204175686,
            0.11048976363624677,
            0.11109746222976588,
            0.11021406616817775,
            0.11285915669764027,
            0.11629896210582794,
            0.11898670451437396,
            0.11321886593032465,
            0.11321886593032465,
            0.11228363460462157,
            0.11228363460462157,
            0.11228093759054364,
            0.09740206381887917,
            0.09120284708361032,
            0.2551722275880567
        ],
        [
            0.09163178800161104,
            0.09163178800161104,
            0.10544229776783236,
            0.10773147079225592,
            0.10553102542139603,
            0.0242375331441315,
            0.02364744612598573,
            0.02364744612598573,
            0.0006043622356594542,
            0.0006043622356594542,
            0.0006016652215815192,
            0,
            0.025953584967123012,
            0.025956281981200948,
            0.025956281981200948,
            0.025950887953045076,
            0.032282770243210746,
            0.04644565677772992,
            0.0418492505194677,
            0.0418492505194677,
            0.035087346617098086,
            0.03142302236495367,
            0.032611427810243225,
            0.07216292755076115,
            0.07216832157891703,
            0.07216832157891703,
            0.07216562456483909,
            0.07216023053668322,
            0.07216023053668322,
            0.07216023053668322,
            0.07215483650852736,
            0.0973351062801251,
            0.09674145580956076,
            0.11290182380299896,
            0.11725213920702665,
            0.11108064080151656,
            0.11168833939503567,
            0.11080494333344754,
            0.11345003386291005,
            0.11688983927109771,
            0.11957758167964375,
            0.11380974309559443,
            0.11380974309559443,
            0.11287451176989134,
            0.11287451176989134,
            0.11287181475581341,
            0.09799294098414894,
            0.09179372424888009,
            0.25576310475332653
        ],
        [
            0.10342121454448329,
            0.10342121454448329,
            0.11723172431070461,
            0.11952089733512818,
            0.11732045196426828,
            0.03602695968700376,
            0.03543687266885799,
            0.03543687266885799,
            0.025365404815931167,
            0.025365404815931167,
            0.025362707801853235,
            0.025953584967123012,
            0,
            8.091042233805001e-06,
            8.091042233805001e-06,
            8.091042233805001e-06,
            0.035254664704459336,
            0.049417551238978515,
            0.0448211449807163,
            0.0448211449807163,
            0.03805924107834668,
            0.03439491682620227,
            0.035583322271491816,
            0.08395235409363341,
            0.08395774812178929,
            0.08395774812178929,
            0.08395505110771134,
            0.08394965707955548,
            0.08394965707955548,
            0.08394965707955548,
            0.08394426305139961,
            0.10912453282299736,
            0.10853088235243302,
            0.12469125034587122,
            0.12904156574989892,
            0.12287006734438882,
            0.12347776593790794,
            0.1225943698763198,
            0.12523946040578232,
            0.12867926581396996,
            0.131367008222516,
            0.12559916963846668,
            0.12559916963846668,
            0.1246639383127636,
            0.1246639383127636,
            0.12466124129868567,
            0.1097823675270212,
            0.10358315079175234,
            0.26755253129619877
        ],
        [
            0.10342391155856122,
            0.10342391155856122,
            0.11723442132478254,
            0.1195235943492061,
            0.11732314897834621,
            0.03602965670108169,
            0.03543956968293592,
            0.03543956968293592,
            0.025368101830009104,
            0.025368101830009104,
            0.02536540481593117,
            0.025956281981200948,
            8.091042233805001e-06,
            0,
            5.39402815587e-06,
            1.078805631174e-05,
            0.03525736171853727,
            0.04942024825305645,
            0.044823841994794236,
            0.044823841994794236,
            0.03806193809242461,
            0.0343976138402802,
            0.03558601928556975,
            0.08395505110771134,
            0.08396044513586721,
            0.08396044513586721,
            0.08395774812178927,
            0.08395235409363341,
            0.08395235409363341,
            0.08395235409363341,
            0.08394696006547754,
            0.10912722983707529,
            0.10853357936651095,
            0.12469394735994915,
            0.12904426276397685,
            0.12287276435846675,
            0.12348046295198586,
            0.12259706689039773,
            0.12524215741986025,
            0.1286819628280479,
            0.13136970523659394,
            0.1256018666525446,
            0.1256018666525446,
            0.12466663532684152,
            0.12466663532684152,
            0.1246639383127636,
            0.10978506454109913,
            0.10358584780583027,
            0.26755522831027667
        ],
        [
            0.10342391155856122,
            0.10342391155856122,
            0.11723442132478254,
            0.1195235943492061,
            0.11732314897834621,
            0.03602965670108169,
            0.03543956968293592,
            0.03543956968293592,
            0.025368101830009104,
            0.025368101830009104,
            0.02536540481593117,
            0.025956281981200948,
            8.091042233805001e-06,
            5.39402815587e-06,
            0,
            1.078805631174e-05,
            0.03525736171853727,
            0.04942024825305645,
            0.044823841994794236,
            0.044823841994794236,
            0.03806193809242461,
            0.0343976138402802,
            0.03558601928556975,
            0.08395505110771134,
            0.08396044513586721,
            0.08396044513586721,
            0.08395774812178927,
            0.08395235409363341,
            0.08395235409363341,
            0.08395235409363341,
            0.08394696006547754,
            0.10912722983707529,
            0.10853357936651095,
            0.12469394735994915,
            0.12904426276397685,
            0.12287276435846675,
            0.12348046295198586,
            0.12259706689039773,
            0.12524215741986025,
            0.1286819628280479,
            0.13136970523659394,
            0.1256018666525446,
            0.1256018666525446,
            0.12466663532684152,
            0.12466663532684152,
            0.1246639383127636,
            0.10978506454109913,
            0.10358584780583027,
            0.26755522831027667
        ],
        [
            0.10341851753040535,
            0.10341851753040535,
            0.11722902729662667,
            0.11951820032105023,
            0.11731775495019034,
            0.03602426267292582,
            0.03543417565478005,
            0.03543417565478005,
            0.02536270780185323,
            0.02536270780185323,
            0.0253600107877753,
            0.025950887953045076,
            8.091042233805001e-06,
            1.078805631174e-05,
            1.078805631174e-05,
            0,
            0.0352519676903814,
            0.04941485422490058,
            0.044818447966638364,
            0.044818447966638364,
            0.03805654406426874,
            0.034392219812124335,
            0.03558062525741388,
            0.08394965707955547,
            0.08395505110771134,
            0.08395505110771134,
            0.08395235409363341,
            0.08394696006547754,
            0.08394696006547754,
            0.08394696006547754,
            0.08394156603732167,
            0.1091218358089194,
            0.10852818533835507,
            0.12468855333179327,
            0.12903886873582096,
            0.12286737033031087,
            0.12347506892382998,
            0.12259167286224185,
            0.12523676339170436,
            0.12867656879989203,
            0.13136431120843806,
            0.12559647262438875,
            0.12559647262438875,
            0.12466124129868567,
            0.12466124129868567,
            0.12465854428460774,
            0.10977967051294327,
            0.10358045377767441,
            0.2675498342821208
        ],
        [
            0.10975039982057101,
            0.10975039982057101,
            0.12356090958679233,
            0.12585008261121589,
            0.123649637240356,
            0.04235614496309149,
            0.041766057944945714,
            0.041766057944945714,
            0.0316945900920189,
            0.0316945900920189,
            0.031691893077940965,
            0.032282770243210746,
            0.035254664704459336,
            0.03525736171853727,
            0.03525736171853727,
            0.0352519676903814,
            0,
            0.048814345065521264,
            0.04421793880725905,
            0.04421793880725905,
            0.037456034904889426,
            0.03379171065274501,
            0.034980116098034565,
            0.09028153936972114,
            0.09028693339787701,
            0.09028693339787701,
            0.09028423638379907,
            0.09027884235564321,
            0.09027884235564321,
            0.09027884235564321,
            0.09027344832748734,
            0.11545371809908507,
            0.11486006762852073,
            0.13102043562195892,
            0.1353707510259866,
            0.12919925262047655,
            0.12980695121399566,
            0.1289235551524075,
            0.13156864568187004,
            0.13500845109005769,
            0.13769619349860374,
            0.1319283549145544,
            0.1319283549145544,
            0.13099312358885132,
            0.13099312358885132,
            0.1309904265747734,
            0.11611155280310892,
            0.10991233606784007,
            0.2738817165722865
        ],
        [
            0.1239132863550902,
            0.1239132863550902,
            0.13772379612131153,
            0.14001296914573508,
            0.13781252377487518,
            0.05651903149761066,
            0.05592894447946489,
            0.05592894447946489,
            0.04585747662653807,
            0.04585747662653807,
            0.045854779612460136,
            0.04644565677772992,
            0.049417551238978515,
            0.04942024825305645,
            0.04942024825305645,
            0.04941485422490058,
            0.048814345065521264,
            0,
            0.0130738929428903,
            0.0130738929428903,
            0.04244979709803824,
            0.03878547284589383,
            0.03997387829118338,
            0.10444442590424032,
            0.10444981993239619,
            0.10444981993239619,
            0.10444712291831826,
            0.10444172889016239,
            0.10444172889016239,
            0.10444172889016239,
            0.10443633486200651,
            0.12961660463360425,
            0.12902295416303994,
            0.1451833221564781,
            0.1495336375605058,
            0.14336213915499574,
            0.14396983774851485,
            0.1430864416869267,
            0.14573153221638924,
            0.14917133762457688,
            0.15185908003312293,
            0.1460912414490736,
            0.1460912414490736,
            0.1451560101233705,
            0.1451560101233705,
            0.14515331310929258,
            0.1302744393376281,
            0.12407522260235926,
            0.2880446031068057
        ],
        [
            0.11931688009682799,
            0.11931688009682799,
            0.1331273898630493,
            0.1354165628874729,
            0.133216117516613,
            0.051922625239348444,
            0.05133253822120268,
            0.05133253822120268,
            0.04126107036827586,
            0.04126107036827586,
            0.04125837335419792,
            0.0418492505194677,
            0.0448211449807163,
            0.044823841994794236,
            0.044823841994794236,
            0.044818447966638364,
            0.04421793880725905,
            0.0130738929428903,
            0,
            5.39402815587e-06,
            0.03785339083977603,
            0.034189066587631614,
            0.03537747203292116,
            0.0998480196459781,
            0.09985341367413397,
            0.09985341367413397,
            0.09985071666005604,
            0.09984532263190017,
            0.09984532263190017,
            0.09984532263190017,
            0.0998399286037443,
            0.12502019837534206,
            0.12442654790477771,
            0.14058691589821593,
            0.14493723130224362,
            0.1387657328967335,
            0.1393734314902526,
            0.1384900354286645,
            0.141135125958127,
            0.14457493136631466,
            0.1472626737748607,
            0.14149483519081138,
            0.14149483519081138,
            0.1405596038651083,
            0.1405596038651083,
            0.14055690685103037,
            0.1256780330793659,
            0.11947881634409704,
            0.2834481968485435
        ],
        [
            0.11931688009682799,
            0.11931688009682799,
            0.1331273898630493,
            0.1354165628874729,
            0.133216117516613,
            0.051922625239348444,
            0.05133253822120268,
            0.05133253822120268,
            0.04126107036827586,
            0.04126107036827586,
            0.04125837335419792,
            0.0418492505194677,
            0.0448211449807163,
            0.044823841994794236,
            0.044823841994794236,
            0.044818447966638364,
            0.04421793880725905,
            0.0130738929428903,
            5.39402815587e-06,
            0,
            0.03785339083977603,
            0.034189066587631614,
            0.03537747203292116,
            0.0998480196459781,
            0.09985341367413397,
            0.09985341367413397,
            0.09985071666005604,
            0.09984532263190017,
            0.09984532263190017,
            0.09984532263190017,
            0.0998399286037443,
            0.12502019837534206,
            0.12442654790477771,
            0.14058691589821593,
            0.14493723130224362,
            0.1387657328967335,
            0.1393734314902526,
            0.1384900354286645,
            0.141135125958127,
            0.14457493136631466,
            0.1472626737748607,
            0.14149483519081138,
            0.14149483519081138,
            0.1405596038651083,
            0.1405596038651083,
            0.14055690685103037,
            0.1256780330793659,
            0.11947881634409704,
            0.2834481968485435
        ],
        [
            0.11255497619445835,
            0.11255497619445835,
            0.12636548596067967,
            0.12865465898510325,
            0.12645421361424336,
            0.04516072133697883,
            0.044570634318833055,
            0.044570634318833055,
            0.03449916646590624,
            0.03449916646590624,
            0.034496469451828306,
            0.035087346617098086,
            0.03805924107834668,
            0.03806193809242461,
            0.03806193809242461,
            0.03805654406426874,
            0.037456034904889426,
            0.04244979709803824,
            0.03785339083977603,
            0.03785339083977603,
            0,
            0.02293452959484872,
            0.024122935040138266,
            0.09308611574360848,
            0.09309150977176435,
            0.09309150977176435,
            0.0930888127576864,
            0.09308341872953055,
            0.09308341872953055,
            0.09308341872953055,
            0.09307802470137468,
            0.11825829447297241,
            0.11766464400240807,
            0.1338250119958463,
            0.13817532739987398,
            0.13200382899436386,
            0.13261152758788297,
            0.13172813152629487,
            0.13437322205575736,
            0.13781302746394503,
            0.14050076987249105,
            0.13473293128844174,
            0.13473293128844174,
            0.13379769996273866,
            0.13379769996273866,
            0.13379500294866073,
            0.11891612917699626,
            0.11271691244172741,
            0.2766862929461738
        ],
        [
            0.10889065194231395,
            0.10889065194231395,
            0.12270116170853528,
            0.12499033473295884,
            0.12278988936209895,
            0.041496397084834415,
            0.04090631006668865,
            0.04090631006668865,
            0.03083484221376183,
            0.03083484221376183,
            0.030832145199683893,
            0.03142302236495367,
            0.03439491682620227,
            0.0343976138402802,
            0.0343976138402802,
            0.034392219812124335,
            0.03379171065274501,
            0.03878547284589383,
            0.034189066587631614,
            0.034189066587631614,
            0.02293452959484872,
            0,
            0.001193799473445418,
            0.08942179149146406,
            0.08942718551961995,
            0.08942718551961995,
            0.08942448850554201,
            0.08941909447738614,
            0.08941909447738614,
            0.08941909447738614,
            0.08941370044923028,
            0.11459397022082801,
            0.11400031975026367,
            0.13016068774370187,
            0.13451100314772957,
            0.12833950474221947,
            0.12894720333573859,
            0.12806380727415045,
            0.13070889780361297,
            0.1341487032118006,
            0.13683644562034666,
            0.13106860703629736,
            0.13106860703629736,
            0.13013337571059425,
            0.13013337571059425,
            0.13013067869651634,
            0.11525180492485186,
            0.10905258818958301,
            0.2730219686940294
        ],
        [
            0.1100790573876035,
            0.1100790573876035,
            0.12388956715382482,
            0.12617874017824837,
            0.12397829480738849,
            0.042684802530123966,
            0.0420947155119782,
            0.0420947155119782,
            0.03202324765905138,
            0.03202324765905138,
            0.032020550644973444,
            0.032611427810243225,
            0.035583322271491816,
            0.03558601928556975,
            0.03558601928556975,
            0.03558062525741388,
            0.034980116098034565,
            0.03997387829118338,
            0.03537747203292116,
            0.03537747203292116,
            0.024122935040138266,
            0.001193799473445418,
            0,
            0.09061019693675362,
            0.0906155909649095,
            0.0906155909649095,
            0.09061289395083155,
            0.0906074999226757,
            0.0906074999226757,
            0.0906074999226757,
            0.09060210589451982,
            0.11578237566611756,
            0.11518872519555322,
            0.1313490931889914,
            0.1356994085930191,
            0.12952791018750903,
            0.13013560878102814,
            0.12925221271943999,
            0.13189730324890253,
            0.13533710865709017,
            0.13802485106563622,
            0.1322570124815869,
            0.1322570124815869,
            0.1313217811558838,
            0.1313217811558838,
            0.13131908414180588,
            0.1164402103701414,
            0.11024099363487255,
            0.274210374139319
        ],
        [
            0.09178771470816792,
            0.09178771470816792,
            0.10559822447438924,
            0.1078873974988128,
            0.10568695212795291,
            0.07647635995813919,
            0.07588627293999342,
            0.07588627293999342,
            0.07157474739956932,
            0.07157474739956932,
            0.07157205038549137,
            0.07216292755076115,
            0.08395235409363341,
            0.08395505110771134,
            0.08395505110771134,
            0.08394965707955547,
            0.09028153936972114,
