{
    "NEXUS_FILE_URL": "http://purl.org/phylo/treebase/phylows/study/TB2:S15442",
    "NEWICK_TREE": "(1:0.3579593,5:0.0178516,((((((3:0.002180624,4:0.001349947,2:5.499134E-4):0.001479593,((((7:0.008293373,(10:0.007708216,41:0.01023728):0.002104695):0.002035893,8:0.00695753,32:0.003019228):0.001362121,15:0.006373755):0.00158142,(29:0.00556596,36:0.009786426):0.003028173):0.002120897,11:0.00632694,13:0.006301577,16:0.004063034,(19:0.004721298,33:0.005273737):0.002985597,20:0.003052346,21:5.970769E-4,(22:0.002492987,(23:0.002684707,26:0.004344103):0.004531803):0.001374492,30:0.006323526,(31:0.01305177,35:0.004359652):0.002665968):0.003021933,(6:0.004641483,9:0.007217592,17:0.006267801):0.002910742,((14:0.01062845,42:0.003889149):0.002988316,40:0.002235625):0.005554374,25:0.007940184,27:0.01260246,37:0.005028754,39:0.002387231):0.004992654,18:0.006320514):0.002480031,38:0.008207169):0.003097258,((12:0.006069511,(28:0.009919523,34:0.00641228):0.002216194):0.001456158,24:0.004177282):0.003203251):0.02653575);",
    "DISTANCE_MATRIX": [
        [
            0.0,
            0.3758109,
            0.401747143,
            0.40091646599999997,
            0.4001164324,
            0.41348062999999996,
            0.415000168,
            0.417529232,
            0.410108894,
            0.406170592,
            0.408162998,
            0.40880195599999997,
            0.413022422,
            0.40441386599999996,
            0.40438850299999995,
            0.40214996,
            0.405793821,
            0.40634625999999996,
            0.401139272,
            0.3986840029,
            0.40195440499999996,
            0.40667792799999997,
            0.408337324,
            0.404410452,
            0.413804664,
            0.40511254599999996,
            0.402617218,
            0.405193327,
            0.40424353599999996,
            0.41423613299999995,
            0.407496832,
            0.40285499199999997,
            0.403005177,
            0.40766745299999996,
            0.400093747,
            0.39745222399999997,
            0.396392853,
            0.39579947699999996,
            0.39522397,
            0.401290176,
            0.397782933,
            0.39187558299999997
        ],
        [
            0.3758109,
            0.0,
            0.061639443,
            0.060808766,
            0.0600087324,
            0.07337293,
            0.074892468,
            0.077421532,
            0.070001194,
            0.066062892,
            0.068055298,
            0.068694256,
            0.072914722,
            0.064306166,
            0.064280803,
            0.06204226,
            0.065686121,
            0.06623856,
            0.06103157199999999,
            0.0585763029,
            0.061846705,
            0.066570228,
            0.06822962399999999,
            0.06430275199999999,
            0.073696964,
            0.06500484599999999,
            0.062509518,
            0.065085627,
            0.064135836,
            0.074128433,
            0.06738913199999999,
            0.062747292,
            0.062897477,
            0.067559753,
            0.059986047,
            0.057344523999999994,
            0.056285153000000004,
            0.055691777,
            0.055116269999999995,
            0.061182476,
            0.05767523299999999,
            0.051767883
        ],
        [
            0.401747143,
            0.061639443,
            0.0,
            0.0035305709999999997,
            0.0027305374,
            0.019053921,
            0.020573459000000002,
            0.023102523,
            0.015682185,
            0.011743883,
            0.013736289,
            0.014375247,
            0.018595713,
            0.009987157,
            0.009961794,
            0.007723251,
            0.011367112,
            0.011919551,
            0.0067125629999999995,
            0.0042572938999999995,
            0.007527696,
            0.012251219,
            0.013910615,
            0.009983743,
            0.019377955000000002,
            0.010685837,
            0.014234375,
            0.016810484,
            0.015860693000000002,
            0.02585329,
            0.019113988999999998,
            0.014472149,
            0.014622333999999999,
            0.01928461,
            0.011710904,
            0.009069381,
            0.017995318,
            0.022362004,
            0.027981013,
            0.034047219000000004,
            0.030539976,
            0.024632625999999998
        ],
        [
            0.40091646599999997,
            0.060808766,
            0.0035305709999999997,
            0.0,
            0.0018998603999999999,
            0.018223244,
            0.019742782,
            0.022271845999999998,
            0.014851508000000001,
            0.010913206,
            0.012905612,
            0.01354457,
            0.017765036,
            0.00915648,
            0.009131117000000001,
            0.006892574,
            0.010536435,
            0.011088874,
            0.005881886,
            0.0034266169000000003,
            0.006697019,
            0.011420542,
            0.013079938,
            0.009153066000000001,
            0.018547278,
            0.00985516,
            0.013403698,
            0.015979807,
            0.015030016,
            0.025022613,
            0.018283312,
            0.013641472000000002,
            0.013791656999999999,
            0.018453933,
            0.010880227,
            0.008238704,
            0.017164641,
            0.021531327000000003,
            0.027150336,
            0.033216542,
            0.029709299,
            0.023801949000000003
        ],
        [
            0.4001164324,
            0.0600087324,
            0.0027305374,
            0.0018998603999999999,
            0.0,
            0.0174232104,
            0.0189427484,
            0.021471812399999998,
            0.014051474400000001,
            0.0101131724,
            0.0121055784,
            0.012744536400000001,
            0.0169650024,
            0.0083564464,
            0.0083310834,
            0.006092540400000001,
            0.0097364014,
            0.0102888404,
            0.0050818524,
            0.0026265833,
            0.0058969854000000006,
            0.0106205084,
            0.0122799044,
            0.0083530324,
            0.0177472444,
            0.0090551264,
            0.012603664399999999,
            0.015179773399999999,
            0.0142299824,
            0.0242225794,
            0.0174832784,
            0.0128414384,
            0.0129916234,
            0.0176538994,
            0.0100801934,
            0.0074386704,
            0.016364607399999998,
            0.0207312934,
            0.026350302399999997,
            0.0324165084,
            0.028909265400000002,
            0.0230019154
        ],
        [
            0.41348062999999996,
            0.07337293,
            0.019053921,
            0.018223244,
            0.0174232104,
            0.0,
            0.018106284,
            0.020635347999999998,
            0.017286796,
            0.013348494,
            0.018065142,
            0.02186694,
            0.026087406,
            0.021720644,
            0.021695281,
            0.019456738,
            0.023100599,
            0.023653038,
            0.018446050000000002,
            0.0159907809,
            0.019261183,
            0.023984706,
            0.025644102000000002,
            0.02171723,
            0.031111442000000003,
            0.022419324,
            0.025967862,
            0.028543971,
            0.027594180000000003,
            0.037586777,
            0.030847476000000002,
            0.026205636000000004,
            0.026355821,
            0.031018097,
            0.023444391000000002,
            0.020802868000000002,
            0.029728805,
            0.034095491000000006,
            0.0397145,
            0.045780706000000004,
            0.042273463,
            0.036366113
        ],
        [
            0.415000168,
            0.074892468,
            0.020573459000000002,
            0.019742782,
            0.0189427484,
            0.018106284,
            0.0,
            0.017945496,
            0.018806334,
            0.014868032000000002,
            0.01958468,
            0.023386478000000002,
            0.027606944,
            0.023240182,
            0.023214819,
            0.020976276000000002,
            0.024620137,
            0.025172576000000002,
            0.019965588000000003,
            0.017510318900000002,
            0.020780721000000002,
            0.025504244000000002,
            0.027163640000000003,
            0.023236768,
            0.032630980000000004,
            0.023938862,
            0.027487400000000002,
            0.030063509000000002,
            0.029113718000000004,
            0.039106315,
            0.032367014,
            0.027725174000000005,
            0.027875359000000002,
            0.032537635,
            0.024963929000000003,
            0.022322406000000003,
            0.031248343,
            0.035615029000000006,
            0.041234038,
            0.047300244000000005,
            0.043793001,
            0.037885651
        ],
        [
            0.417529232,
            0.077421532,
            0.023102523,
            0.022271845999999998,
            0.021471812399999998,
            0.020635347999999998,
            0.017945496,
            0.0,
            0.021335398,
            0.017397096,
            0.022113743999999998,
            0.025915542,
            0.030136008,
            0.025769246,
            0.025743883,
            0.02350534,
            0.027149200999999998,
            0.02770164,
            0.022494652,
            0.0200393829,
            0.023309785,
            0.028033308,
            0.029692704,
            0.025765832,
            0.035160044,
            0.026467926,
            0.030016464,
            0.032592573,
            0.031642782,
            0.041635379,
            0.034896078,
            0.030254238000000003,
            0.030404423,
            0.035066699,
            0.027492993,
            0.02485147,
            0.033777407,
            0.038144093000000004,
            0.043763102,
            0.049829308,
            0.046322065,
            0.040414715000000004
        ],
        [
            0.410108894,
            0.070001194,
            0.015682185,
            0.014851508000000001,
            0.014051474400000001,
            0.017286796,
            0.018806334,
            0.021335398,
            0.0,
            0.009976758,
            0.014693406000000001,
            0.018495204,
            0.02271567,
            0.018348908,
            0.018323545,
            0.016085002,
            0.019728863,
            0.020281302,
            0.015074314000000002,
            0.012619044900000001,
            0.015889447,
            0.02061297,
            0.022272366000000002,
            0.018345494,
            0.027739706000000003,
            0.019047588,
            0.022596126,
            0.025172235,
            0.024222444000000003,
            0.034215041,
            0.027475740000000002,
            0.022833900000000004,
            0.022984085,
            0.027646361,
            0.020072655000000002,
            0.017431132000000002,
            0.026357069,
            0.030723755000000002,
            0.036342764,
            0.042408970000000004,
            0.038901727,
            0.032994377
        ],
        [
            0.406170592,
            0.066062892,
            0.011743883,
            0.010913206,
            0.0101131724,
            0.013348494,
            0.014868032000000002,
            0.017397096,
            0.009976758,
            0.0,
            0.010755104,
            0.014556902,
            0.018777368000000003,
            0.014410606,
            0.014385242999999999,
            0.0121467,
            0.015790561,
            0.016343,
            0.011136012,
            0.0086807429,
            0.011951145,
            0.016674668,
            0.018334063999999997,
            0.014407192,
            0.023801404,
            0.015109286,
            0.018657824,
            0.021233933,
            0.020284142,
            0.030276739,
            0.023537438,
            0.018895598,
            0.019045783,
            0.023708059,
            0.016134353,
            0.01349283,
            0.022418767,
            0.026785453,
            0.032404461999999995,
            0.038470668,
            0.034963425,
            0.029056075
        ],
        [
            0.408162998,
            0.068055298,
            0.013736289,
            0.012905612,
            0.0121055784,
            0.018065142,
            0.01958468,
            0.022113743999999998,
            0.014693406000000001,
            0.010755104,
            0.0,
            0.016549308,
            0.020769774,
            0.016403012,
            0.016377649,
            0.014139106,
            0.017782967,
            0.018335406,
            0.013128418,
            0.0106731489,
            0.013943551,
            0.018667074,
            0.02032647,
            0.016399598,
            0.02579381,
            0.017101692,
            0.02065023,
            0.023226339,
            0.022276548,
            0.032269145,
            0.025529844,
            0.020888004,
            0.021038189,
            0.025700465,
            0.018126759,
            0.015485236,
            0.024411172999999998,
            0.028777859,
            0.034396868,
            0.040463074,
            0.036955830999999995,
            0.031048480999999996
        ],
        [
            0.40880195599999997,
            0.068694256,
            0.014375247,
            0.01354457,
            0.012744536400000001,
            0.02186694,
            0.023386478000000002,
            0.025915542,
            0.018495204,
            0.014556902,
            0.016549308,
            0.0,
            0.015352386,
            0.01704197,
            0.017016607,
            0.014778064,
            0.018421925,
            0.018974364,
            0.013767376000000001,
            0.0113121069,
            0.014582509,
            0.019306032,
            0.020965428,
            0.017038556,
            0.026432768000000002,
            0.01774065,
            0.021289188,
            0.023865297,
            0.022915506000000002,
            0.032908103,
            0.026168802,
            0.021526962000000004,
            0.021677147,
            0.026339423,
            0.018765717,
            0.016124194,
            0.025050131,
            0.029416817,
            0.035035826,
            0.041102032,
            0.037594789,
            0.031687439
        ],
        [
            0.413022422,
            0.072914722,
            0.018595713,
            0.017765036,
            0.0169650024,
            0.026087406,
            0.027606944,
            0.030136008,
            0.02271567,
            0.018777368000000003,
            0.020769774,
            0.015352386,
            0.0,
            0.021262436000000003,
            0.021237073000000002,
            0.01899853,
            0.022642391,
            0.02319483,
            0.017987842,
            0.015532572900000001,
            0.018802975,
            0.023526498,
            0.025185894,
            0.021259022000000002,
            0.030653234,
            0.021961116000000003,
            0.025509654,
            0.028085763,
            0.027135972,
            0.037128569,
            0.030389268,
            0.025747428000000003,
            0.025897613,
            0.030559889,
            0.022986183,
            0.02034466,
            0.029270597,
            0.033637283000000004,
            0.039256292,
            0.045322498,
            0.041815254999999996,
            0.035907905
        ],
        [
            0.40441386599999996,
            0.064306166,
            0.009987157,
            0.00915648,
            0.0083564464,
            0.021720644,
            0.023240182,
            0.025769246,
            0.018348908,
            0.014410606,
            0.016403012,
            0.01704197,
            0.021262436000000003,
            0.0,
            0.012628516999999999,
            0.010389974,
            0.014033835,
            0.014586274,
            0.009379286,
            0.0069240169,
            0.010194419,
            0.014917942,
            0.016577337999999997,
            0.012650465999999999,
            0.022044678,
            0.01335256,
            0.016901098,
            0.019477207,
            0.018527416,
            0.028520013,
            0.021780712,
            0.017138872,
            0.017289057,
            0.021951333,
            0.014377627,
            0.011736104,
            0.020662041,
            0.025028727,
            0.030647736,
            0.036713942,
            0.033206699,
            0.027299349
        ],
        [
            0.40438850299999995,
            0.064280803,
            0.009961794,
            0.009131117000000001,
            0.0083310834,
            0.021695281,
            0.023214819,
            0.025743883,
            0.018323545,
            0.014385242999999999,
            0.016377649,
            0.017016607,
            0.021237073000000002,
            0.012628516999999999,
            0.0,
            0.010364611,
            0.014008472000000001,
            0.014560911,
            0.009353923,
            0.0068986539,
            0.010169056,
            0.014892579,
            0.016551975,
            0.012625103,
            0.022019315,
            0.013327196999999999,
            0.016875735,
            0.019451844,
            0.018502053,
            0.02849465,
            0.021755349,
            0.017113509,
            0.017263694,
            0.02192597,
            0.014352264,
            0.011710741,
            0.020636678,
            0.025003364,
            0.030622372999999998,
            0.036688579,
            0.033181336,
            0.027273986
        ],
        [
            0.40214996,
            0.06204226,
            0.007723251,
            0.006892574,
            0.006092540400000001,
            0.019456738,
            0.020976276000000002,
            0.02350534,
            0.016085002,
            0.0121467,
            0.014139106,
            0.014778064,
            0.01899853,
            0.010389974,
            0.010364611,
            0.0,
            0.011769929,
            0.012322368,
            0.00711538,
            0.0046601109,
            0.007930513,
            0.012654036,
            0.014313432,
            0.01038656,
            0.019780772000000002,
            0.011088654,
            0.014637192,
            0.017213301,
            0.016263510000000002,
            0.026256107,
            0.019516806,
            0.014874966,
            0.015025151,
            0.019687427,
            0.012113721000000001,
            0.009472198000000001,
            0.018398135,
            0.022764821,
            0.02838383,
            0.034450036,
            0.030942793,
            0.025035442999999998
        ],
        [
            0.405793821,
            0.065686121,
            0.011367112,
            0.010536435,
            0.0097364014,
            0.023100599,
            0.024620137,
            0.027149200999999998,
            0.019728863,
            0.015790561,
            0.017782967,
            0.018421925,
            0.022642391,
            0.014033835,
            0.014008472000000001,
            0.011769929,
            0.0,
            0.009995035,
            0.010759241,
            0.0083039719,
            0.011574374,
            0.016297897,
            0.017957293,
            0.014030421000000001,
            0.023424633,
            0.014732515,
            0.018281053,
            0.020857162,
            0.019907371,
            0.029899968,
            0.023160667,
            0.018518827,
            0.018669012,
            0.023331288,
            0.015757582,
            0.013116059,
            0.022041995999999998,
            0.026408682,
            0.032027691,
            0.038093897,
            0.034586653999999994,
            0.028679303999999996
        ],
        [
            0.40634625999999996,
            0.06623856,
            0.011919551,
            0.011088874,
            0.0102888404,
            0.023653038,
            0.025172576000000002,
            0.02770164,
            0.020281302,
            0.016343,
            0.018335406,
            0.018974364,
            0.02319483,
            0.014586274,
            0.014560911,
            0.012322368,
            0.009995035,
            0.0,
            0.011311680000000001,
            0.0088564109,
            0.012126813,
            0.016850336,
            0.018509732,
            0.01458286,
            0.023977072000000002,
            0.015284954,
            0.018833492,
            0.021409601,
            0.020459810000000002,
            0.030452407,
            0.023713106,
            0.019071266000000003,
            0.019221451,
            0.023883727,
            0.016310021,
            0.013668498000000001,
            0.022594435,
            0.026961121,
            0.03258013,
            0.038646336,
            0.035139092999999996,
            0.029231742999999998
        ],
        [
            0.401139272,
            0.06103157199999999,
            0.0067125629999999995,
            0.005881886,
            0.0050818524,
            0.018446050000000002,
            0.019965588000000003,
            0.022494652,
            0.015074314000000002,
            0.011136012,
            0.013128418,
            0.013767376000000001,
            0.017987842,
            0.009379286,
            0.009353923,
            0.00711538,
            0.010759241,
            0.011311680000000001,
            0.0,
            0.0036494229,
            0.006919825,
            0.011643348000000001,
            0.013302743999999998,
            0.009375872,
            0.018770084000000003,
            0.010077966,
            0.013626504000000001,
            0.016202612999999998,
            0.015252822000000001,
            0.025245418999999998,
            0.018506118000000002,
            0.013864278,
            0.014014463,
            0.018676738999999998,
            0.011103033,
            0.00846151,
            0.017387447,
            0.021754133000000002,
            0.027373142,
            0.033439348,
            0.029932105,
            0.024024755000000002
        ],
        [
            0.3986840029,
            0.0585763029,
            0.0042572938999999995,
            0.0034266169000000003,
            0.0026265833,
            0.0159907809,
            0.017510318900000002,
            0.0200393829,
            0.012619044900000001,
            0.0086807429,
            0.0106731489,
            0.0113121069,
            0.015532572900000001,
            0.0069240169,
            0.0068986539,
            0.0046601109,
            0.0083039719,
            0.0088564109,
            0.0036494229,
            0.0,
            0.0044645559,
            0.0091880789,
            0.0108474749,
            0.0069206029,
            0.016314814900000002,
            0.0076226969,
            0.0111712349,
            0.0137473439,
            0.012797552900000002,
            0.0227901499,
            0.0160508489,
            0.0114090089,
            0.0115591939,
            0.0162214699,
            0.008647763900000001,
            0.0060062409,
            0.0149321779,
            0.0192988639,
            0.0249178729,
            0.030984078900000003,
            0.027476835900000003,
            0.0215694859
        ],
        [
            0.40195440499999996,
            0.061846705,
            0.007527696,
            0.006697019,
            0.0058969854000000006,
            0.019261183,
            0.020780721000000002,
            0.023309785,
            0.015889447,
            0.011951145,
            0.013943551,
            0.014582509,
            0.018802975,
            0.010194419,
            0.010169056,
            0.007930513,
            0.011574374,
            0.012126813,
            0.006919825,
            0.0044645559,
            0.0,
            0.009709497000000001,
            0.011368893,
            0.010191005,
            0.019585217000000002,
            0.010893099,
            0.014441637,
            0.017017746,
            0.016067955000000002,
            0.026060552,
            0.019321251,
            0.014679411,
            0.014829596,
            0.019491872,
            0.011918166000000001,
            0.009276643000000001,
            0.01820258,
            0.022569266,
            0.028188275,
            0.034254481,
            0.030747238,
            0.024839887999999997
        ],
        [
            0.40667792799999997,
            0.066570228,
            0.012251219,
            0.011420542,
            0.0106205084,
            0.023984706,
            0.025504244000000002,
            0.028033308,
            0.02061297,
            0.016674668,
            0.018667074,
            0.019306032,
            0.023526498,
            0.014917942,
            0.014892579,
            0.012654036,
            0.016297897,
            0.016850336,
            0.011643348000000001,
            0.0091880789,
            0.009709497000000001,
            0.0,
            0.00702881,
            0.014914528,
            0.024308740000000002,
            0.015616622,
            0.01916516,
            0.021741269,
            0.020791478000000002,
            0.030784075,
            0.024044774,
            0.019402934000000004,
            0.019553119,
            0.024215395,
            0.016641689,
            0.014000166000000001,
            0.022926103,
            0.027292789,
            0.032911798,
            0.038978004,
            0.035470761,
            0.029563410999999998
        ],
        [
            0.408337324,
            0.06822962399999999,
            0.013910615,
            0.013079938,
            0.0122799044,
            0.025644102000000002,
            0.027163640000000003,
            0.029692704,
            0.022272366000000002,
            0.018334063999999997,
            0.02032647,
            0.020965428,
            0.025185894,
            0.016577337999999997,
            0.016551975,
            0.014313432,
            0.017957293,
            0.018509732,
            0.013302743999999998,
            0.0108474749,
            0.011368893,
            0.00702881,
            0.0,
            0.016573924,
            0.025968136000000003,
            0.017276017999999997,
            0.020824555999999998,
            0.023400664999999998,
            0.022450874,
            0.032443471,
            0.02570417,
            0.021062329999999997,
            0.021212514999999998,
            0.025874790999999998,
            0.018301084999999998,
            0.015659562,
            0.024585498999999997,
            0.028952185,
            0.034571194,
            0.0406374,
            0.037130157,
            0.031222806999999998
        ],
        [
            0.404410452,
            0.06430275199999999,
            0.009983743,
            0.009153066000000001,
            0.0083530324,
            0.02171723,
            0.023236768,
            0.025765832,
            0.018345494,
            0.014407192,
            0.016399598,
            0.017038556,
            0.021259022000000002,
            0.012650465999999999,
            0.012625103,
            0.01038656,
            0.014030421000000001,
            0.01458286,
            0.009375872,
            0.0069206029,
            0.010191005,
            0.014914528,
            0.016573924,
            0.0,
            0.022041264,
            0.013349146,
            0.016897684,
            0.019473793,
            0.018524002,
            0.028516599,
            0.021777298,
            0.017135458,
            0.017285643,
            0.021947919,
            0.014374213,
            0.01173269,
            0.020658627,
            0.025025313,
            0.030644321999999998,
            0.036710528,
            0.033203285,
            0.027295935
        ],
        [
            0.413804664,
            0.073696964,
            0.019377955000000002,
            0.018547278,
            0.0177472444,
            0.031111442000000003,
            0.032630980000000004,
            0.035160044,
            0.027739706000000003,
            0.023801404,
            0.02579381,
            0.026432768000000002,
            0.030653234,
            0.022044678,
            0.022019315,
            0.019780772000000002,
            0.023424633,
            0.023977072000000002,
            0.018770084000000003,
            0.016314814900000002,
            0.019585217000000002,
            0.024308740000000002,
            0.025968136000000003,
            0.022041264,
            0.0,
            0.017411422000000003,
            0.026291896000000002,
            0.028868005000000002,
            0.027918214000000004,
            0.037910811,
            0.031171510000000003,
            0.026529670000000005,
            0.026679855000000002,
            0.031342131,
            0.023768425000000003,
            0.021126902000000003,
            0.030052839,
            0.034419525000000006,
            0.040038534,
            0.046104740000000005,
            0.042597497,
            0.036690147
        ],
        [
            0.40511254599999996,
            0.06500484599999999,
            0.010685837,
            0.00985516,
            0.0090551264,
            0.022419324,
            0.023938862,
            0.026467926,
            0.019047588,
            0.015109286,
            0.017101692,
            0.01774065,
            0.021961116000000003,
            0.01335256,
            0.013327196999999999,
            0.011088654,
            0.014732515,
            0.015284954,
            0.010077966,
            0.0076226969,
            0.010893099,
            0.015616622,
            0.017276017999999997,
            0.013349146,
            0.017411422000000003,
            0.0,
            0.017599778,
            0.020175887,
            0.019226096,
            0.029218693,
            0.022479392,
            0.017837552,
            0.017987737,
            0.022650013,
            0.015076307,
            0.012434784,
            0.021360721,
            0.025727407,
            0.031346416,
            0.037412622,
            0.033905379,
            0.027998029
        ],
        [
            0.402617218,
            0.062509518,
            0.014234375,
            0.013403698,
            0.012603664399999999,
            0.025967862,
            0.027487400000000002,
            0.030016464,
            0.022596126,
            0.018657824,
            0.02065023,
            0.021289188,
            0.025509654,
            0.016901098,
            0.016875735,
            0.014637192,
            0.018281053,
            0.018833492,
            0.013626504000000001,
            0.0111712349,
            0.014441637,
            0.01916516,
            0.020824555999999998,
            0.016897684,
            0.026291896000000002,
            0.017599778,
            0.0,
            0.011859075,
            0.010909284,
            0.026723365,
            0.019984064,
            0.015342224000000002,
            0.015492408999999999,
            0.020154685,
            0.012580978999999999,
            0.009939456,
            0.018865393,
            0.023232079000000003,
            0.028851088,
            0.034917294,
            0.031410051,
            0.025502701000000003
        ],
        [
            0.405193327,
            0.065085627,
            0.016810484,
            0.015979807,
            0.015179773399999999,
            0.028543971,
            0.030063509000000002,
            0.032592573,
            0.025172235,
            0.021233933,
            0.023226339,
            0.023865297,
            0.028085763,
            0.019477207,
            0.019451844,
            0.017213301,
            0.020857162,
            0.021409601,
            0.016202612999999998,
            0.0137473439,
            0.017017746,
            0.021741269,
            0.023400664999999998,
            0.019473793,
            0.028868005000000002,
            0.020175887,
            0.011859075,
            0.0,
            0.013485393,
            0.029299474,
            0.022560173,
            0.017918333,
            0.018068518,
            0.022730794,
            0.015157087999999999,
            0.012515565,
            0.021441501999999998,
            0.025808188,
            0.031427197,
            0.037493402999999995,
            0.03398616,
            0.028078809999999996
        ],
        [
            0.40424353599999996,
            0.064135836,
            0.015860693000000002,
            0.015030016,
            0.0142299824,
            0.027594180000000003,
            0.029113718000000004,
            0.031642782,
            0.024222444000000003,
            0.020284142,
            0.022276548,
            0.022915506000000002,
            0.027135972,
            0.018527416,
            0.018502053,
            0.016263510000000002,
            0.019907371,
            0.020459810000000002,
            0.015252822000000001,
            0.012797552900000002,
            0.016067955000000002,
            0.020791478000000002,
            0.022450874,
            0.018524002,
            0.027918214000000004,
            0.019226096,
            0.010909284,
            0.013485393,
            0.0,
            0.028349683,
            0.021610382,
            0.016968542000000003,
            0.017118727,
            0.021781003,
            0.014207297,
            0.011565774000000001,
            0.020491711,
            0.024858397,
            0.030477406,
            0.036543612,
            0.033036368999999996,
            0.027129018999999997
        ],
        [
            0.41423613299999995,
            0.074128433,
            0.02585329,
            0.025022613,
            0.0242225794,
            0.037586777,
            0.039106315,
            0.041635379,
            0.034215041,
            0.030276739,
            0.032269145,
            0.032908103,
            0.037128569,
            0.028520013,
            0.02849465,
            0.026256107,
            0.029899968,
            0.030452407,
            0.025245418999999998,
            0.0227901499,
            0.026060552,
            0.030784075,
            0.032443471,
            0.028516599,
            0.037910811,
            0.029218693,
            0.026723365,
            0.029299474,
            0.028349683,
            0.0,
            0.014517598999999999,
            0.015852391,
            0.027111324,
            0.0317736,
            0.024199894,
            0.021558371,
            0.030484307999999998,
            0.034850993999999996,
            0.040470003,
            0.046536208999999995,
            0.043028966,
            0.037121615999999996
        ],
        [
            0.407496832,
            0.06738913199999999,
            0.019113988999999998,
            0.018283312,
            0.0174832784,
            0.030847476000000002,
            0.032367014,
            0.034896078,
            0.027475740000000002,
            0.023537438,
            0.025529844,
            0.026168802,
            0.030389268,
            0.021780712,
            0.021755349,
            0.019516806,
            0.023160667,
            0.023713106,
            0.018506118000000002,
            0.0160508489,
            0.019321251,
            0.024044774,
            0.02570417,
            0.021777298,
            0.031171510000000003,
            0.022479392,
            0.019984064,
            0.022560173,
            0.021610382,
            0.014517598999999999,
            0.0,
            0.00911309,
            0.020372023,
            0.025034299,
            0.017460593,
            0.01481907,
            0.023745007,
            0.028111693,
            0.033730702,
            0.039796908,
            0.036289665,
            0.030382315
        ],
        [
            0.40285499199999997,
            0.062747292,
            0.014472149,
            0.013641472000000002,
            0.0128414384,
            0.026205636000000004,
            0.027725174000000005,
            0.030254238000000003,
            0.022833900000000004,
            0.018895598,
            0.020888004,
            0.021526962000000004,
            0.025747428000000003,
            0.017138872,
            0.017113509,
            0.014874966,
            0.018518827,
            0.019071266000000003,
            0.013864278,
            0.0114090089,
            0.014679411,
            0.019402934000000004,
            0.021062329999999997,
            0.017135458,
            0.026529670000000005,
            0.017837552,
            0.015342224000000002,
            0.017918333,
            0.016968542000000003,
            0.015852391,
            0.00911309,
            0.0,
            0.015730183000000002,
            0.020392459,
            0.012818753,
            0.01017723,
            0.019103167,
            0.023469853000000002,
            0.029088862,
            0.035155068,
            0.031647825000000004,
            0.025740475
        ],
        [
            0.403005177,
            0.062897477,
            0.014622333999999999,
            0.013791656999999999,
            0.0129916234,
            0.026355821,
            0.027875359000000002,
            0.030404423,
            0.022984085,
            0.019045783,
            0.021038189,
            0.021677147,
            0.025897613,
            0.017289057,
            0.017263694,
            0.015025151,
            0.018669012,
            0.019221451,
            0.014014463,
            0.0115591939,
            0.014829596,
            0.019553119,
            0.021212514999999998,
            0.017285643,
            0.026679855000000002,
            0.017987737,
            0.015492408999999999,
            0.018068518,
            0.017118727,
            0.027111324,
            0.020372023,
            0.015730183000000002,
            0.0,
            0.020542644,
            0.012968938,
            0.010327415,
            0.019253351999999998,
            0.023620038,
            0.029239046999999997,
            0.035305252999999995,
            0.03179801,
            0.025890659999999996
        ],
        [
            0.40766745299999996,
            0.067559753,
            0.01928461,
            0.018453933,
            0.0176538994,
            0.031018097,
            0.032537635,
            0.035066699,
            0.027646361,
            0.023708059,
            0.025700465,
            0.026339423,
            0.030559889,
            0.021951333,
            0.02192597,
            0.019687427,
            0.023331288,
            0.023883727,
            0.018676738999999998,
            0.0162214699,
            0.019491872,
            0.024215395,
            0.025874790999999998,
            0.021947919,
            0.031342131,
            0.022650013,
            0.020154685,
            0.022730794,
            0.021781003,
