{
    "NEXUS_FILE_URL": "http://purl.org/phylo/treebase/phylows/study/TB2:S15442",
    "NEWICK_TREE": "(1:0.18213699258647306,(5:0.027915914285415754,(25:0.00844854206521194,((18:0.004202618468914579,17:0.012770225304521625):1.3118933984132E-6,((37:0.004225835181726306,42:0.004227164564038617):1.3118933984132E-6,(39:1.3118933984132E-6,(40:1.3118933984132E-6,(6:1.3118933984132E-6,(38:1.3118933984132E-6,(27:0.008450828259000537,(9:0.008600453798266688,(4:1.3118933984132E-6,(13:0.00423624825744201,(((35:0.004259998707660913,(33:0.004236134595179891,3:0.008568750633955742):1.3118933984132E-6):1.3118933984132E-6,(30:1.3118933984132E-6,((19:1.3118933984132E-6,31:1.3118933984132E-6):1.3118933984132E-6,(21:1.3118933984132E-6,(2:1.3118933984132E-6,24:1.3118933984132E-6):1.3118933984132E-6):1.3118933984132E-6):1.3118933984132E-6):1.3118933984132E-6):1.3118933984132E-6,(((22:1.3118933984132E-6,20:1.3118933984132E-6):1.3118933984132E-6,(14:0.004251063408811917,(12:1.3118933984132E-6,(26:1.3118933984132E-6,23:1.3118933984132E-6):0.008561782644208739):1.3118933984132E-6):0.00854597877565636):0.0042613631500275796,((11:1.3118933984132E-6,16:1.3118933984132E-6):1.3118933984132E-6,((36:0.004259807176051552,(29:1.3118933984132E-6,34:1.3118933984132E-6):1.3118933984132E-6):0.00861255107090511,(7:0.01736025592311395,((32:0.004285347946002372,8:0.012953498913097094):1.3118933984132E-6,((41:1.3118933984132E-6,10:1.3118933984132E-6):1.3118933984132E-6,(15:0.008601071085570598,28:0.004275219212400681):1.3118933984132E-6):1.3118933984132E-6):1.3118933984132E-6):0.004214530114442121):0.004387788019233324):0.004239028797497128):1.3118933984132E-6):1.3118933984132E-6):0.0042361404866141684):0.004266196351229013):0.0042409923348426404):1.3118933984132E-6):1.3118933984132E-6):1.3118933984132E-6):1.3118933984132E-6):1.3118933984132E-6):1.3118933984132E-6):1.3118933984132E-6):0.03244446324101738):0.05336789513894881);",
    "DISTANCE_MATRIX": [
        [
            0,
            0.2634208020108376,
            0.2763978930316512,
            0.27215459322215063,
            0.2807222000577577,
            0.2721791218283608,
            0.27218045121067314,
            0.2679545985400329,
            0.2679559104334313,
            0.2679572223268297,
            0.26795853422022814,
            0.27640936247922865,
            0.2807999803533375,
            0.2764670347996982,
            0.284938111650356,
            0.28496579778077014,
            0.2849432455616875,
            0.28927586160046337,
            0.28070711096650763,
            0.2807097347533044,
            0.2807097347533044,
            0.2807097347533044,
            0.2807110466467029,
            0.2807110466467029,
            0.2849684741165352,
            0.2849684741165352,
            0.2977628925142066,
            0.2935144528921916,
            0.3020762355364003,
            0.3020762355364003,
            0.28494613976400474,
            0.28494613976400474,
            0.3022036622433979,
            0.29794647885414316,
            0.29794647885414316,
            0.3109060900339973,
            0.2978338058436826,
            0.3065019568107773,
            0.293551081684477,
            0.293551081684477,
            0.30215084087664923,
            0.2978249890034793
        ],
        [
            0.2634208020108376,
            0,
            0.06880891959164506,
            0.06456561978214453,
            0.07313322661775158,
            0.06459014838835467,
            0.06459147777066698,
            0.060365625100026785,
            0.0603669369934252,
            0.060368248886823614,
            0.06036956078022203,
            0.06882038903922255,
            0.07321100691333135,
            0.0688780613596921,
            0.07734913821034986,
            0.07737682434076401,
            0.07735427212168139,
            0.08168688816045724,
            0.07311813752650151,
            0.07312076131329832,
            0.07312076131329832,
            0.07312076131329832,
            0.07312207320669674,
            0.07312207320669674,
            0.0773795006765291,
            0.0773795006765291,
            0.09017391907420054,
            0.08592547945218545,
            0.09448726209639419,
            0.09448726209639419,
            0.07735716632399864,
            0.07735716632399864,
            0.0946146888033918,
            0.09035750541413708,
            0.09035750541413708,
            0.1033171165939912,
            0.09024483240367645,
            0.09891298337077117,
            0.0859621082444709,
            0.0859621082444709,
            0.0945618674366431,
            0.09023601556347319
        ],
        [
            0.2763978930316512,
            0.06880891959164506,
            0,
            0.012653784320923345,
            0.021221391156530392,
            0.012678312927133485,
            0.012679642309445797,
            0.008453789638805593,
            0.008455101532204006,
            0.008456413425602419,
            0.008457725319000832,
            0.01690855357800137,
            0.02129917145211016,
            0.016966225898470896,
            0.025437302749128674,
            0.025464988879542814,
            0.025442436660460206,
            0.029775052699236058,
            0.021206302065280305,
            0.02120892585207713,
            0.02120892585207713,
            0.02120892585207713,
            0.021210237745475542,
            0.021210237745475542,
            0.025467665215307897,
            0.025467665215307897,
            0.03826208361297935,
            0.03401364399096425,
            0.042575426635173,
            0.042575426635173,
            0.025445330862777445,
            0.025445330862777445,
            0.04270285334217061,
            0.03844566995291589,
            0.03844566995291589,
            0.051405281132770014,
            0.03833299694245526,
            0.047001147909549984,
            0.03405027278324971,
            0.03405027278324971,
            0.0426500319754219,
            0.038324180102251984
        ],
        [
            0.27215459322215063,
            0.06456561978214453,
            0.012653784320923345,
            0,
            0.016972843773436205,
            0.008432389330836124,
            0.008433718713148436,
            0.0042078660425082315,
            0.004209177935906644,
            0.004210489829305058,
            0.004211801722703471,
            0.012662629981704006,
            0.017053247855812796,
            0.012720302302173535,
            0.021191379152831313,
            0.02121906528324545,
            0.021196513064162842,
            0.025529129102938697,
            0.016960378468982944,
            0.01696300225577977,
            0.01696300225577977,
            0.01696300225577977,
            0.016964314149178185,
            0.016964314149178185,
            0.021221741619010533,
            0.021221741619010533,
            0.034016160016681986,
            0.029767720394666894,
            0.03832950303887563,
            0.03832950303887563,
            0.021199407266480084,
            0.021199407266480084,
            0.038456929745873246,
            0.03419974635661852,
            0.03419974635661852,
            0.04715935753647265,
            0.0340870733461579,
            0.04275522431325263,
            0.02980434918695235,
            0.02980434918695235,
            0.038404108379124544,
            0.03407825650595463
        ],
        [
            0.2807222000577577,
            0.07313322661775158,
            0.021221391156530392,
            0.016972843773436205,
            0,
            0.016999996166443168,
            0.01700132554875548,
            0.012775472878115278,
            0.01277678477151369,
            0.012778096664912104,
            0.012779408558310517,
            0.02123023681731105,
            0.025620854691419843,
            0.02128790913778058,
            0.029758985988438357,
            0.029786672118852497,
            0.02976411989976989,
            0.034096735938545744,
            0.025527985304589988,
            0.025530609091386817,
            0.025530609091386817,
            0.025530609091386817,
            0.02553192098478523,
            0.02553192098478523,
            0.02978934845461758,
            0.02978934845461758,
            0.042583766852289026,
            0.03833532723027394,
            0.04689710987448267,
            0.04689710987448267,
            0.02976701410208713,
            0.02976701410208713,
            0.047024536581480286,
            0.04276735319222556,
            0.04276735319222556,
            0.05572696437207969,
            0.04265468018176495,
            0.051322831148859674,
            0.0383719560225594,
            0.0383719560225594,
            0.04697171521473159,
            0.042645863341561674
        ],
        [
            0.2721791218283608,
            0.06459014838835467,
            0.012678312927133485,
            0.008432389330836124,
            0.016999996166443168,
            0,
            0.008452999745764923,
            0.004229770861921545,
            0.004231082755319958,
            0.004232394648718371,
            0.004233706542116785,
            0.012684534801117319,
            0.01707515267522611,
            0.01274220712158685,
            0.021213283972244625,
            0.021240970102658765,
            0.021218417883576157,
            0.025551033922352008,
            0.01698228328839626,
            0.016984907075193085,
            0.016984907075193085,
            0.016984907075193085,
            0.016986218968591496,
            0.016986218968591496,
            0.021243646438423847,
            0.021243646438423847,
            0.0340380648360953,
            0.029789625214080205,
            0.038351407858288944,
            0.038351407858288944,
            0.021221312085893396,
            0.021221312085893396,
            0.03847883456528656,
            0.034221651176031834,
            0.034221651176031834,
            0.04718126235588596,
            0.034108978165571215,
            0.04277712913266594,
            0.02982625400636566,
            0.02982625400636566,
            0.038426013198537855,
            0.03410016132536794
        ],
        [
            0.27218045121067314,
            0.06459147777066698,
            0.012679642309445797,
            0.008433718713148436,
            0.01700132554875548,
            0.008452999745764923,
            0,
            0.004231100244233857,
            0.00423241213763227,
            0.004233724031030683,
            0.0042350359244290965,
            0.01268586418342963,
            0.017076482057538422,
            0.012743536503899162,
            0.021214613354556936,
            0.021242299484971076,
            0.021219747265888468,
            0.02555236330466432,
            0.01698361267070857,
            0.016986236457505396,
            0.016986236457505396,
            0.016986236457505396,
            0.016987548350903808,
            0.016987548350903808,
            0.02124497582073616,
            0.02124497582073616,
            0.034039394218407605,
            0.029790954596392517,
            0.03835273724060125,
            0.03835273724060125,
            0.021222641468205707,
            0.021222641468205707,
            0.038480163947598865,
            0.03422298055834414,
            0.03422298055834414,
            0.04718259173819827,
            0.03411030754788352,
            0.042778458514978246,
            0.029827583388677973,
            0.029827583388677973,
            0.03842734258085016,
            0.034101490707680246
        ],
        [
            0.2679545985400329,
            0.060365625100026785,
            0.008453789638805593,
            0.0042078660425082315,
            0.012775472878115278,
            0.004229770861921545,
            0.004231100244233857,
            0,
            3.9356801952396e-06,
            5.2475735936528e-06,
            6.559466992065999e-06,
            0.008457387725992601,
            0.012848005600101393,
            0.00851506004646213,
            0.016986136897119905,
            0.017013823027534045,
            0.016991270808451437,
            0.02132388684722729,
            0.01275513621327154,
            0.012757760000068365,
            0.012757760000068365,
            0.012757760000068365,
            0.012759071893466778,
            0.012759071893466778,
            0.017016499363299128,
            0.017016499363299128,
            0.029810917760970577,
            0.025562478138955486,
            0.034124260783164224,
            0.034124260783164224,
            0.016994165010768676,
            0.016994165010768676,
            0.03425168749016184,
            0.029994504100907114,
            0.029994504100907114,
            0.04295411528076124,
            0.029881831090446495,
            0.03854998205754122,
            0.025599106931240942,
            0.025599106931240942,
            0.034198866123413135,
            0.02987301425024322
        ],
        [
            0.2679559104334313,
            0.0603669369934252,
            0.008455101532204006,
            0.004209177935906644,
            0.01277678477151369,
            0.004231082755319958,
            0.00423241213763227,
            3.9356801952396e-06,
            0,
            3.9356801952396e-06,
            5.2475735936528e-06,
            0.008456075832594188,
            0.01284669370670298,
            0.008513748153063718,
            0.01698482500372149,
            0.01701251113413563,
            0.016989958915053022,
            0.021322574953828874,
            0.012753824319873127,
            0.012756448106669952,
            0.012756448106669952,
            0.012756448106669952,
            0.012757760000068365,
            0.012757760000068365,
            0.017015187469900713,
            0.017015187469900713,
            0.029809605867572163,
            0.02556116624555707,
            0.03412294888976581,
            0.03412294888976581,
            0.01699285311737026,
            0.01699285311737026,
            0.03425037559676342,
            0.0299931922075087,
            0.0299931922075087,
            0.04295280338736283,
            0.02988051919704808,
            0.038548670164142804,
            0.025597795037842527,
            0.025597795037842527,
            0.03419755423001472,
            0.029871702356844804
        ],
        [
            0.2679572223268297,
            0.060368248886823614,
            0.008456413425602419,
            0.004210489829305058,
            0.012778096664912104,
            0.004232394648718371,
            0.004233724031030683,
            5.2475735936528e-06,
            3.9356801952396e-06,
            0,
            3.9356801952396e-06,
            0.008454763939195776,
            0.012845381813304567,
            0.008512436259665305,
            0.016983513110323076,
            0.017011199240737216,
            0.016988647021654608,
            0.02132126306043046,
            0.012752512426474714,
            0.01275513621327154,
            0.01275513621327154,
            0.01275513621327154,
            0.012756448106669952,
            0.012756448106669952,
            0.0170138755765023,
            0.0170138755765023,
            0.029808293974173748,
            0.025559854352158656,
            0.034121636996367395,
            0.034121636996367395,
            0.016991541223971847,
            0.016991541223971847,
            0.03424906370336501,
            0.029991880314110285,
            0.029991880314110285,
            0.04295149149396441,
            0.029879207303649666,
            0.03854735827074439,
            0.025596483144444113,
            0.025596483144444113,
            0.034196242336616306,
            0.02987039046344639
        ],
        [
            0.26795853422022814,
            0.06036956078022203,
            0.008457725319000832,
            0.004211801722703471,
            0.012779408558310517,
            0.004233706542116785,
            0.0042350359244290965,
            6.559466992065999e-06,
            5.2475735936528e-06,
            3.9356801952396e-06,
            0,
            0.008453452045797363,
            0.012844069919906154,
            0.008511124366266892,
            0.01698220121692466,
            0.0170098873473388,
            0.016987335128256193,
            0.021319951167032045,
            0.0127512005330763,
            0.012753824319873127,
            0.012753824319873127,
            0.012753824319873127,
            0.01275513621327154,
            0.01275513621327154,
            0.017012563683103884,
            0.017012563683103884,
            0.029806982080775334,
            0.02555854245876024,
            0.03412032510296898,
            0.03412032510296898,
            0.016990229330573432,
            0.016990229330573432,
            0.034247751809966594,
            0.02999056842071187,
            0.02999056842071187,
            0.042950179600566,
            0.02987789541025125,
            0.038546046377345974,
            0.025595171251045698,
            0.025595171251045698,
            0.03419493044321789,
            0.029869078570047974
        ],
        [
            0.27640936247922865,
            0.06882038903922255,
            0.01690855357800137,
            0.012662629981704006,
            0.02123023681731105,
            0.012684534801117319,
            0.01268586418342963,
            0.008457387725992601,
            0.008456075832594188,
            0.008454763939195776,
            0.008453452045797363,
            0,
            0.021292274392109865,
            0.0169593288384706,
            0.02543040568912837,
            0.02545809181954251,
            0.0254355396004599,
            0.029768155639235752,
            0.02119940500528001,
            0.02120202879207684,
            0.02120202879207684,
            0.02120202879207684,
            0.02120334068547525,
            0.02120334068547525,
            0.02546076815530759,
            0.02546076815530759,
            0.03825518655297904,
            0.03400674693096395,
            0.04256852957517269,
            0.04256852957517269,
            0.02543843380277714,
            0.02543843380277714,
            0.0426959562821703,
            0.03843877289291558,
            0.03843877289291558,
            0.051398384072769705,
            0.03832609988245496,
            0.04699425084954968,
            0.034043375723249406,
            0.034043375723249406,
            0.0426431349154216,
            0.03831728304225168
        ],
        [
            0.2807999803533375,
            0.07321100691333135,
            0.02129917145211016,
            0.017053247855812796,
            0.025620854691419843,
            0.01707515267522611,
            0.017076482057538422,
            0.012848005600101393,
            0.01284669370670298,
            0.012845381813304567,
            0.012844069919906154,
            0.021292274392109865,
            0,
            0.012867962042894114,
            0.02133903889355188,
            0.02136672502396602,
            0.02134417280488341,
            0.025676788843659266,
            0.017108038209703524,
            0.017110661996500347,
            0.017110661996500347,
            0.017110661996500347,
            0.01711197388989876,
            0.01711197388989876,
            0.021369401359731102,
            0.021369401359731102,
            0.034163819757402555,
            0.029915380135387463,
            0.0384771627795962,
            0.0384771627795962,
            0.02134706700720065,
            0.02134706700720065,
            0.038604589486593816,
            0.03434740609733909,
            0.03434740609733909,
            0.04730701727719322,
            0.03423473308687847,
            0.042902884053973196,
            0.02995200892767292,
            0.02995200892767292,
            0.03855176811984511,
            0.034225916246675196
        ],
        [
            0.2764670347996982,
            0.0688780613596921,
            0.016966225898470896,
            0.012720302302173535,
            0.02128790913778058,
            0.01274220712158685,
            0.012743536503899162,
            0.00851506004646213,
            0.008513748153063718,
            0.008512436259665305,
            0.008511124366266892,
            0.0169593288384706,
            0.012867962042894114,
            0,
            0.008473700637454592,
            0.008501386767868732,
            0.008478834548786124,
            0.012811450587561975,
            0.004242699953606234,
            0.0042453237404030605,
            0.0042453237404030605,
            0.0042453237404030605,
            0.0042466356338014735,
            0.0042466356338014735,
            0.008504063103633814,
            0.008504063103633814,
            0.021298481501305266,
            0.017050041879290174,
            0.025611824523498913,
            0.025611824523498913,
            0.008481728751103363,
            0.008481728751103363,
            0.025739251230496526,
            0.021482067841241802,
            0.021482067841241802,
            0.03444167902109593,
            0.021369394830781183,
            0.030037545797875907,
            0.017086670671575634,
            0.017086670671575634,
            0.025686429863747823,
            0.021360577990577907
        ],
        [
            0.284938111650356,
            0.07734913821034986,
            0.025437302749128674,
            0.021191379152831313,
            0.029758985988438357,
            0.021213283972244625,
            0.021214613354556936,
            0.016986136897119905,
            0.01698482500372149,
            0.016983513110323076,
            0.01698220121692466,
            0.02543040568912837,
            0.02133903889355188,
            0.008473700637454592,
            0,
            0.00850018264529816,
            0.008477630426215552,
            0.012810246464991404,
            0.004241495831035663,
            0.004244119617832489,
            0.004244119617832489,
            0.004244119617832489,
            0.004245431511230902,
            0.004245431511230902,
            0.008502858981063243,
            0.008502858981063243,
            0.021297277378734693,
            0.0170488377567196,
            0.02561062040092834,
            0.02561062040092834,
            0.008480524628532791,
            0.008480524628532791,
            0.025738047107925953,
            0.02148086371867123,
            0.02148086371867123,
            0.034440474898525364,
            0.02136819070821061,
            0.030036341675305334,
            0.017085466549005064,
            0.017085466549005064,
            0.02568522574117725,
            0.021359373868007334
        ],
        [
            0.28496579778077014,
            0.07737682434076401,
            0.025464988879542814,
            0.02121906528324545,
            0.029786672118852497,
            0.021240970102658765,
            0.021242299484971076,
            0.017013823027534045,
            0.01701251113413563,
            0.017011199240737216,
            0.0170098873473388,
            0.02545809181954251,
            0.02136672502396602,
            0.008501386767868732,
            0.00850018264529816,
            0,
            0.008497445196239217,
            0.012830061235015067,
            0.004263934387856152,
            0.004266558174652978,
            0.004266558174652978,
            0.004266558174652978,
            0.004267870068051392,
            0.004267870068051392,
            0.008527921324680558,
            0.008527921324680558,
            0.021322339722352007,
            0.017073900100336915,
            0.025635682744545654,
            0.025635682744545654,
            0.008505586972150106,
            0.008505586972150106,
            0.025763109451543267,
            0.021505926062288544,
            0.021505926062288544,
            0.03446553724214268,
            0.021393253051827925,
            0.030061404018922648,
            0.01711052889262238,
            0.01711052889262238,
            0.025710288084794565,
            0.021384436211624648
        ],
        [
            0.2849432455616875,
            0.07735427212168139,
            0.025442436660460206,
            0.021196513064162842,
            0.02976411989976989,
            0.021218417883576157,
            0.021219747265888468,
            0.016991270808451437,
            0.016989958915053022,
            0.016988647021654608,
            0.016987335128256193,
            0.0254355396004599,
            0.02134417280488341,
            0.008478834548786124,
            0.008477630426215552,
            0.008497445196239217,
            0,
            0.012804885229135633,
            0.004241382168773544,
            0.00424400595557037,
            0.00424400595557037,
            0.00424400595557037,
            0.0042453178489687835,
            0.0042453178489687835,
            0.00850536910559795,
            0.00850536910559795,
            0.0212997875032694,
            0.017051347881254307,
            0.025613130525463046,
            0.025613130525463046,
            0.008483034753067498,
            0.008483034753067498,
            0.02574055723246066,
            0.021483373843205936,
            0.021483373843205936,
            0.03444298502306007,
            0.021370700832745317,
            0.03003885179984004,
            0.01708797667353977,
            0.01708797667353977,
            0.025687735865711957,
            0.02136188399254204
        ],
        [
            0.28927586160046337,
            0.08168688816045724,
            0.029775052699236058,
            0.025529129102938697,
            0.034096735938545744,
            0.025551033922352008,
            0.02555236330466432,
            0.02132388684722729,
            0.021322574953828874,
            0.02132126306043046,
            0.021319951167032045,
            0.029768155639235752,
            0.025676788843659266,
            0.012811450587561975,
            0.012810246464991404,
            0.012830061235015067,
            0.012804885229135633,
            0,
            0.008573998207549394,
            0.008576621994346221,
            0.008576621994346221,
            0.008576621994346221,
            0.008577933887744634,
            0.008577933887744634,
            0.0128379851443738,
            0.0128379851443738,
            0.025632403542045247,
            0.02138396392003016,
            0.029945746564238894,
            0.029945746564238894,
            0.01281565079184335,
            0.01281565079184335,
            0.030073173271236507,
            0.025815989881981784,
            0.025815989881981784,
            0.03877560106183592,
            0.025703316871521165,
            0.03437146783861589,
            0.02142059271231562,
            0.02142059271231562,
            0.030020351904487805,
            0.025694500031317888
        ],
        [
            0.28070711096650763,
            0.07311813752650151,
            0.021206302065280305,
            0.016960378468982944,
            0.025527985304589988,
            0.01698228328839626,
            0.01698361267070857,
            0.01275513621327154,
            0.012753824319873127,
            0.012752512426474714,
            0.0127512005330763,
            0.02119940500528001,
            0.017108038209703524,
            0.004242699953606234,
            0.004241495831035663,
            0.004263934387856152,
            0.004241382168773544,
            0.008573998207549394,
            0,
            5.2475735936528e-06,
            5.2475735936528e-06,
            5.2475735936528e-06,
            6.559466992065999e-06,
            6.559466992065999e-06,
            0.004269234510418059,
            0.004269234510418059,
            0.01706365290808951,
            0.012815213286074418,
            0.021376995930283155,
            0.021376995930283155,
            0.004246900157887607,
            0.004246900157887607,
            0.02150442263728077,
            0.017247239248026045,
            0.017247239248026045,
            0.03020685042788018,
            0.017134566237565426,
            0.02580271720466015,
            0.01285184207835988,
            0.01285184207835988,
            0.021451601270532066,
            0.01712574939736215
        ],
        [
            0.2807097347533044,
            0.07312076131329832,
            0.02120892585207713,
            0.01696300225577977,
            0.025530609091386817,
            0.016984907075193085,
            0.016986236457505396,
            0.012757760000068365,
            0.012756448106669952,
            0.01275513621327154,
            0.012753824319873127,
            0.02120202879207684,
            0.017110661996500347,
            0.0042453237404030605,
            0.004244119617832489,
            0.004266558174652978,
            0.00424400595557037,
            0.008576621994346221,
            5.2475735936528e-06,
            0,
            2.6237867968264e-06,
            5.2475735936528e-06,
            6.559466992066e-06,
            6.559466992066e-06,
            0.004271858297214885,
            0.004271858297214885,
            0.017066276694886334,
            0.012817837072871244,
            0.02137961971707998,
            0.02137961971707998,
            0.004249523944684434,
            0.004249523944684434,
            0.021507046424077594,
            0.01724986303482287,
            0.01724986303482287,
            0.030209474214677005,
            0.017137190024362252,
            0.025805340991456975,
            0.012854465865156706,
            0.012854465865156706,
            0.021454225057328892,
            0.017128373184158975
        ],
        [
            0.2807097347533044,
            0.07312076131329832,
            0.02120892585207713,
            0.01696300225577977,
            0.025530609091386817,
            0.016984907075193085,
            0.016986236457505396,
            0.012757760000068365,
            0.012756448106669952,
            0.01275513621327154,
            0.012753824319873127,
            0.02120202879207684,
            0.017110661996500347,
            0.0042453237404030605,
            0.004244119617832489,
            0.004266558174652978,
            0.00424400595557037,
            0.008576621994346221,
            5.2475735936528e-06,
            2.6237867968264e-06,
            0,
            5.2475735936528e-06,
            6.559466992066e-06,
            6.559466992066e-06,
            0.004271858297214885,
            0.004271858297214885,
            0.017066276694886334,
            0.012817837072871244,
            0.02137961971707998,
            0.02137961971707998,
            0.004249523944684434,
            0.004249523944684434,
            0.021507046424077594,
            0.01724986303482287,
            0.01724986303482287,
            0.030209474214677005,
            0.017137190024362252,
            0.025805340991456975,
            0.012854465865156706,
            0.012854465865156706,
            0.021454225057328892,
            0.017128373184158975
        ],
        [
            0.2807097347533044,
            0.07312076131329832,
            0.02120892585207713,
            0.01696300225577977,
            0.025530609091386817,
            0.016984907075193085,
            0.016986236457505396,
            0.012757760000068365,
            0.012756448106669952,
            0.01275513621327154,
            0.012753824319873127,
            0.02120202879207684,
            0.017110661996500347,
            0.0042453237404030605,
            0.004244119617832489,
            0.004266558174652978,
            0.00424400595557037,
            0.008576621994346221,
            5.2475735936528e-06,
            5.2475735936528e-06,
            5.2475735936528e-06,
            0,
            3.9356801952396e-06,
            3.9356801952396e-06,
            0.004271858297214885,
            0.004271858297214885,
            0.017066276694886334,
            0.012817837072871244,
            0.02137961971707998,
            0.02137961971707998,
            0.004249523944684434,
            0.004249523944684434,
            0.021507046424077594,
            0.01724986303482287,
            0.01724986303482287,
            0.030209474214677005,
            0.017137190024362252,
            0.025805340991456975,
            0.012854465865156706,
            0.012854465865156706,
            0.021454225057328892,
            0.017128373184158975
        ],
        [
            0.2807110466467029,
            0.07312207320669674,
            0.021210237745475542,
            0.016964314149178185,
            0.02553192098478523,
            0.016986218968591496,
            0.016987548350903808,
            0.012759071893466778,
            0.012757760000068365,
            0.012756448106669952,
            0.01275513621327154,
            0.02120334068547525,
            0.01711197388989876,
            0.0042466356338014735,
            0.004245431511230902,
            0.004267870068051392,
            0.0042453178489687835,
            0.008577933887744634,
            6.559466992065999e-06,
            6.559466992066e-06,
            6.559466992066e-06,
            3.9356801952396e-06,
            0,
            2.6237867968264e-06,
            0.004273170190613298,
            0.004273170190613298,
            0.01706758858828475,
            0.012819148966269657,
            0.021380931610478396,
            0.021380931610478396,
            0.004250835838082847,
            0.004250835838082847,
            0.02150835831747601,
            0.017251174928221286,
            0.017251174928221286,
            0.03021078610807542,
            0.017138501917760667,
            0.02580665288485539,
            0.012855777758555119,
            0.012855777758555119,
            0.021455536950727307,
            0.01712968507755739
        ],
        [
            0.2807110466467029,
            0.07312207320669674,
            0.021210237745475542,
            0.016964314149178185,
            0.02553192098478523,
            0.016986218968591496,
            0.016987548350903808,
            0.012759071893466778,
            0.012757760000068365,
            0.012756448106669952,
            0.01275513621327154,
            0.02120334068547525,
            0.01711197388989876,
            0.0042466356338014735,
            0.004245431511230902,
            0.004267870068051392,
            0.0042453178489687835,
            0.008577933887744634,
            6.559466992065999e-06,
            6.559466992066e-06,
            6.559466992066e-06,
            3.9356801952396e-06,
            2.6237867968264e-06,
            0,
            0.004273170190613298,
            0.004273170190613298,
            0.01706758858828475,
            0.012819148966269657,
            0.021380931610478396,
            0.021380931610478396,
            0.004250835838082847,
            0.004250835838082847,
            0.02150835831747601,
            0.017251174928221286,
            0.017251174928221286,
            0.03021078610807542,
            0.017138501917760667,
            0.02580665288485539,
            0.012855777758555119,
            0.012855777758555119,
            0.021455536950727307,
            0.01712968507755739
        ],
        [
            0.2849684741165352,
            0.0773795006765291,
            0.025467665215307897,
            0.021221741619010533,
            0.02978934845461758,
            0.021243646438423847,
            0.02124497582073616,
            0.017016499363299128,
            0.017015187469900713,
            0.0170138755765023,
            0.017012563683103884,
            0.02546076815530759,
            0.021369401359731102,
            0.008504063103633814,
            0.008502858981063243,
            0.008527921324680558,
            0.00850536910559795,
            0.0128379851443738,
            0.004269234510418059,
            0.004271858297214885,
            0.004271858297214885,
            0.004271858297214885,
            0.004273170190613298,
            0.004273170190613298,
            0,
            2.6237867968264e-06,
            0.012799665971265101,
            0.008551226349250011,
            0.01711300899345875,
            0.01711300899345875,
            0.008505639521118361,
            0.008505639521118361,
            0.02576316200051152,
            0.021505978611256797,
            0.021505978611256797,
            0.03446558979111093,
            0.021393305600796178,
            0.0300614565678909,
            0.017110581441590632,
            0.017110581441590632,
            0.025710340633762818,
            0.0213844887605929
        ],
        [
            0.2849684741165352,
            0.0773795006765291,
            0.025467665215307897,
            0.021221741619010533,
            0.02978934845461758,
            0.021243646438423847,
            0.02124497582073616,
            0.017016499363299128,
            0.017015187469900713,
            0.0170138755765023,
            0.017012563683103884,
            0.02546076815530759,
            0.021369401359731102,
            0.008504063103633814,
            0.008502858981063243,
            0.008527921324680558,
            0.00850536910559795,
            0.0128379851443738,
            0.004269234510418059,
            0.004271858297214885,
            0.004271858297214885,
            0.004271858297214885,
            0.004273170190613298,
            0.004273170190613298,
            2.6237867968264e-06,
            0,
            0.012799665971265101,
            0.008551226349250011,
            0.01711300899345875,
            0.01711300899345875,
            0.008505639521118361,
            0.008505639521118361,
            0.02576316200051152,
            0.021505978611256797,
            0.021505978611256797,
            0.03446558979111093,
            0.021393305600796178,
            0.0300614565678909,
            0.017110581441590632,
            0.017110581441590632,
            0.025710340633762818,
            0.0213844887605929
        ],
        [
            0.2977628925142066,
            0.09017391907420054,
            0.03826208361297935,
            0.034016160016681986,
            0.042583766852289026,
            0.0340380648360953,
            0.034039394218407605,
            0.029810917760970577,
            0.029809605867572163,
            0.029808293974173748,
            0.029806982080775334,
            0.03825518655297904,
            0.034163819757402555,
            0.021298481501305266,
            0.021297277378734693,
            0.021322339722352007,
            0.0212997875032694,
            0.025632403542045247,
            0.01706365290808951,
            0.017066276694886334,
            0.017066276694886334,
            0.017066276694886334,
            0.01706758858828475,
            0.01706758858828475,
            0.012799665971265101,
            0.012799665971265101,
            0,
            0.0042536871956087435,
            0.012815469839817482,
            0.012815469839817482,
            0.02130005791878981,
            0.02130005791878981,
            0.03855758039818297,
            0.03430039700892824,
            0.03430039700892824,
            0.04726000818878238,
            0.034187723998467624,
            0.04285587496556235,
            0.029904999839262078,
            0.029904999839262078,
            0.038504759031434264,
            0.03417890715826435
        ],
        [
            0.2935144528921916,
