{
    "NEXUS_FILE_URL": "http://purl.org/phylo/treebase/phylows/study/TB2:S12200",
    "NEWICK_TREE": "(1:0.067618,2:0.054593,((((((3:7.67E-4,5:7.55E-4):0.001238,9:0.008788):0.005072,(8:0.00112,35:3.84E-4):0.005943):0.003451,(15:0.011884,39:0.006653):0.006303):0.002561,(((((4:0.001116,45:0.001109):0.006715,(6:0.001918,14:7.45E-4,25:7.33E-4):0.01698,(((((7:0.001136,13:0.001925):0.004931,11:0.005407):0.009207,((30:4.03E-4,47:3.84E-4):0.005354,48:0.002984):0.006172):0.002118,((16:0.003653,27:0.009616):0.001866,40:0.002946):0.0021):9.17E-4,22:0.00656):0.00755):0.005388,((((10:9.89E-4,12:0.003148):0.004582,(24:7.87E-4,44:0.001162):0.007473):0.008305,41:0.009198):0.00375,((21:0.022095,23:0.009417):0.013248,28:0.013052):0.029412):0.005196):0.00453,(((26:9.62E-4,33:0.001459):0.007811,(42:0.009338,43:0.003374):0.003503):0.00924,34:0.02225):0.014251):0.003303,(((17:0.001501,36:0.005941):0.007023,(19:7.77E-4,29:7.54E-4,37:3.87E-4,38:3.84E-4):0.004711):0.008449,((18:3.97E-4,20:3.87E-4):9.04E-4,31:7.84E-4):0.009865):0.008324):0.003452):0.007534,(32:0.001961,46:4.11E-4):0.02904):0.03158);",
    "DISTANCE_MATRIX": [
        [
            0.0,
            0.122211,
            0.119821,
            0.119809,
            0.126604,
            0.119807,
            0.119071,
            0.12747999999999998,
            0.122249,
            0.13123600000000002,
            0.13122899999999998,
            0.14230299999999999,
            0.14112999999999998,
            0.141118,
            0.149264,
            0.150053,
            0.148604,
            0.145919,
            0.1459,
            0.143146,
            0.13949099999999998,
            0.145454,
            0.13691799999999998,
            0.137515,
            0.140839,
            0.142998,
            0.143528,
            0.143903,
            0.13616099999999998,
            0.18796800000000002,
            0.17529,
            0.165677,
            0.145751,
            0.146248,
            0.14981899999999998,
            0.143855,
            0.149988,
            0.13548100000000002,
            0.139921,
            0.13244499999999998,
            0.13242199999999998,
            0.13205499999999998,
            0.132052,
            0.129674,
            0.129664,
            0.129157,
            0.130199,
            0.128649
        ],
        [
            0.122211,
            0.0,
            0.106796,
            0.106784,
            0.113579,
            0.106782,
            0.106046,
            0.114455,
            0.109224,
            0.11821100000000001,
            0.118204,
            0.129278,
            0.128105,
            0.128093,
            0.136239,
            0.137028,
            0.135579,
            0.132894,
            0.13287500000000002,
            0.130121,
            0.126466,
            0.13242900000000002,
            0.123893,
            0.12449,
            0.12781399999999998,
            0.129973,
            0.13050299999999998,
            0.130878,
            0.123136,
            0.17494300000000002,
            0.162265,
            0.152652,
            0.132726,
            0.13322299999999998,
            0.136794,
            0.13083,
            0.136963,
            0.12245600000000001,
            0.126896,
            0.11942,
            0.119397,
            0.11903,
            0.119027,
            0.116649,
            0.11663899999999999,
            0.116132,
            0.117174,
            0.115624
        ],
        [
            0.119821,
            0.106796,
            0.0,
            0.001522,
            0.010793,
            0.01414,
            0.013404,
            0.028715,
            0.023483999999999998,
            0.037593,
            0.037586,
            0.048659999999999995,
            0.047487,
            0.047475,
            0.055621000000000004,
            0.056410000000000016,
            0.05496100000000001,
            0.052276,
            0.05225700000000001,
            0.049503000000000005,
            0.045848,
            0.05181100000000001,
            0.043275,
            0.043872,
            0.047196,
            0.049354999999999996,
            0.049885,
            0.05026,
            0.042518,
            0.09432500000000002,
            0.081647,
            0.072034,
            0.052108,
            0.052605,
            0.056176000000000004,
            0.05021200000000001,
            0.056345000000000006,
            0.041838,
            0.046278,
            0.038802,
            0.038779,
            0.038412,
            0.038409,
            0.036031,
            0.036021,
            0.035514000000000004,
            0.051624,
            0.050074
        ],
        [
            0.119809,
            0.106784,
            0.001522,
            0.0,
            0.010781,
            0.014128,
            0.013392000000000001,
            0.028703000000000003,
            0.023472,
            0.037581,
            0.037574,
            0.048648,
            0.047475,
            0.047463000000000005,
            0.055609000000000006,
            0.05639800000000002,
            0.05494900000000001,
            0.052264000000000005,
            0.052245000000000014,
            0.04949100000000001,
            0.045836,
            0.05179900000000001,
            0.043263,
            0.04386,
            0.047184000000000004,
            0.049343,
            0.049873,
            0.050248,
            0.042506,
            0.09431300000000002,
            0.081635,
            0.072022,
            0.052096,
            0.052593,
            0.056164000000000006,
            0.05020000000000001,
            0.05633300000000001,
            0.041826,
            0.046266,
            0.038790000000000005,
            0.038767,
            0.038400000000000004,
            0.038397,
            0.036019,
            0.036009,
            0.035502000000000006,
            0.051612000000000005,
            0.050062
        ],
        [
            0.126604,
            0.113579,
            0.010793,
            0.010781,
            0.0,
            0.020923,
            0.020187,
            0.035498,
            0.030267,
            0.044376,
            0.044369000000000006,
            0.05544299999999999,
            0.05427,
            0.054258,
            0.062404,
            0.06319300000000001,
            0.06174400000000001,
            0.059059,
            0.05904000000000001,
            0.056286,
            0.052631,
            0.05859400000000001,
            0.050058000000000005,
            0.050655000000000006,
            0.053979,
            0.05613799999999999,
            0.056667999999999996,
            0.057042999999999996,
            0.049301,
            0.10110800000000002,
            0.08843,
            0.078817,
            0.058891,
            0.059387999999999996,
            0.062959,
            0.056995000000000004,
            0.063128,
            0.048621,
            0.053061,
            0.045585,
            0.045562000000000005,
            0.045195,
            0.045191999999999996,
            0.042814000000000005,
            0.042804,
            0.042297,
            0.058407,
            0.056857000000000005
        ],
        [
            0.119807,
            0.106782,
            0.01414,
            0.014128,
            0.020923,
            0.0,
            0.001504,
            0.028701,
            0.023469999999999998,
            0.037579,
            0.037572,
            0.048645999999999995,
            0.047473,
            0.047461,
            0.055607000000000004,
            0.056396000000000016,
            0.05494700000000001,
            0.052262,
            0.05224300000000001,
            0.049489000000000005,
            0.045834,
            0.05179700000000001,
            0.043261,
            0.043858,
            0.047182,
            0.049340999999999996,
            0.049871,
            0.050246,
            0.042504,
            0.09431100000000002,
            0.081633,
            0.07202,
            0.052094,
            0.052591,
            0.056162000000000004,
            0.050198000000000007,
            0.056331000000000006,
            0.041824,
            0.046264,
            0.038788,
            0.038765,
            0.038398,
            0.038395,
            0.036017,
            0.036007,
            0.035500000000000004,
            0.05161,
            0.05006
        ],
        [
            0.119071,
            0.106046,
            0.013404,
            0.013392000000000001,
            0.020187,
            0.001504,
            0.0,
            0.027965000000000004,
            0.022733999999999997,
            0.036843,
            0.036836,
            0.047909999999999994,
            0.046737,
            0.046725,
            0.054871,
            0.055660000000000015,
            0.05421100000000001,
            0.051526,
            0.05150700000000001,
            0.048753000000000005,
            0.045098,
            0.05106100000000001,
            0.042525,
            0.043122,
            0.046446,
            0.048604999999999995,
            0.049135,
            0.04951,
            0.041768,
            0.09357500000000002,
            0.080897,
            0.071284,
            0.051358,
            0.051855,
            0.055426,
            0.049462000000000006,
            0.055595000000000006,
            0.041088,
            0.045528,
            0.038052,
            0.038029,
            0.037662,
            0.037659,
            0.035281,
            0.035271,
            0.034764,
            0.050874,
            0.049324
        ],
        [
            0.12747999999999998,
            0.114455,
            0.028715,
            0.028703000000000003,
            0.035498,
            0.028701,
            0.027965000000000004,
            0.0,
            0.018537,
            0.045252,
            0.04524500000000001,
            0.056318999999999994,
            0.055146,
            0.055134,
            0.06328,
            0.06406900000000001,
            0.06262000000000001,
            0.059935,
            0.05991600000000001,
            0.057162000000000004,
            0.053507,
            0.05947000000000001,
            0.05093400000000001,
            0.05153100000000001,
            0.054855,
            0.057013999999999995,
            0.057544,
            0.057919,
            0.050177,
            0.10198400000000002,
            0.089306,
            0.079693,
            0.059767,
            0.060264,
            0.063835,
            0.057871000000000006,
            0.064004,
            0.049497,
            0.053937,
            0.046461,
            0.04643800000000001,
            0.046071,
            0.046068,
            0.04369000000000001,
            0.043680000000000004,
            0.043173,
            0.059283,
            0.05773300000000001
        ],
        [
            0.122249,
            0.109224,
            0.023483999999999998,
            0.023472,
            0.030267,
            0.023469999999999998,
            0.022733999999999997,
            0.018537,
            0.0,
            0.040021,
            0.040014,
            0.051087999999999995,
            0.049915,
            0.049903,
            0.058049,
            0.058838000000000015,
            0.05738900000000001,
            0.054704,
            0.05468500000000001,
            0.051931000000000005,
            0.048276,
            0.05423900000000001,
            0.045703,
            0.0463,
            0.049624,
            0.051782999999999996,
            0.052313,
            0.052688,
            0.044946,
            0.09675300000000002,
            0.084075,
            0.074462,
            0.054536,
            0.055033,
            0.058604,
            0.052640000000000006,
            0.058773000000000006,
            0.044266,
            0.048706,
            0.04123,
            0.041207,
            0.04084,
            0.040837,
            0.038459,
            0.038449,
            0.037942000000000004,
            0.054052,
            0.052502
        ],
        [
            0.13123600000000002,
            0.11821100000000001,
            0.037593,
            0.037581,
            0.044376,
            0.037579,
            0.036843,
            0.045252,
            0.040021,
            0.0,
            0.002225,
            0.026728999999999996,
            0.025555999999999995,
            0.025543999999999997,
            0.03369,
            0.034479,
            0.033030000000000004,
            0.030344999999999997,
            0.030326,
            0.027572,
            0.023917,
            0.029879999999999997,
            0.021344000000000002,
            0.021941000000000002,
            0.036041,
            0.0382,
            0.03873,
            0.039105,
            0.031363,
            0.08317000000000001,
            0.070492,
            0.060879,
            0.050013,
            0.05051,
            0.054081000000000004,
            0.048117,
            0.05425,
            0.046349,
            0.050789,
            0.043313000000000004,
            0.04329,
            0.042923,
            0.04292,
            0.040542,
            0.040532,
            0.040025000000000005,
            0.06303900000000001,
            0.061489
        ],
        [
            0.13122899999999998,
            0.118204,
            0.037586,
            0.037574,
            0.044369000000000006,
            0.037572,
            0.036836,
            0.04524500000000001,
            0.040014,
            0.002225,
            0.0,
            0.026721999999999996,
            0.025548999999999995,
            0.025536999999999997,
            0.033683,
            0.034472,
            0.033023000000000004,
            0.030337999999999997,
            0.030319,
            0.027565,
            0.02391,
            0.029872999999999997,
            0.021337000000000002,
            0.021934000000000002,
            0.036034,
            0.038193,
            0.038723,
            0.039098,
            0.031356,
            0.08316300000000001,
            0.07048499999999999,
            0.060872,
            0.050006,
            0.050503,
            0.054074000000000004,
            0.04811,
            0.054243,
            0.046342,
            0.050782,
            0.043306,
            0.043283,
            0.042916,
            0.042913,
            0.040535,
            0.040525000000000005,
            0.040018,
            0.063032,
            0.06148200000000001
        ],
        [
            0.14230299999999999,
            0.129278,
            0.048659999999999995,
            0.048648,
            0.05544299999999999,
            0.048645999999999995,
            0.047909999999999994,
            0.056318999999999994,
            0.051087999999999995,
            0.026728999999999996,
            0.026721999999999996,
            0.0,
            0.002663,
            0.002651,
            0.044757,
            0.045546,
            0.044097,
            0.041412,
            0.041393,
            0.038639,
            0.034984,
            0.040947,
            0.032410999999999995,
            0.033007999999999996,
            0.047108,
            0.049267,
            0.049796999999999994,
            0.050171999999999994,
            0.042429999999999995,
            0.09423700000000002,
            0.08155899999999999,
            0.071946,
            0.061079999999999995,
            0.06157699999999999,
            0.065148,
            0.059184,
            0.065317,
            0.057415999999999995,
            0.061855999999999994,
            0.05438,
            0.054356999999999996,
            0.053989999999999996,
            0.05398699999999999,
            0.051608999999999995,
            0.05159899999999999,
            0.051092,
            0.07410599999999999,
            0.072556
        ],
        [
            0.14112999999999998,
            0.128105,
            0.047487,
            0.047475,
            0.05427,
            0.047473,
            0.046737,
            0.055146,
            0.049915,
            0.025555999999999995,
            0.025548999999999995,
            0.002663,
            0.0,
            0.0014780000000000001,
            0.043584,
            0.044373,
            0.042924000000000004,
            0.040239,
            0.04022,
            0.037466,
            0.033810999999999994,
            0.039774,
            0.031238,
            0.031835,
            0.045935,
            0.048094,
            0.048624,
            0.048999,
            0.041257,
            0.09306400000000001,
            0.080386,
            0.070773,
            0.059907,
            0.060404,
            0.063975,
            0.05801099999999999,
            0.06414399999999999,
            0.056243,
            0.060683,
            0.053207,
            0.053183999999999995,
            0.052817,
            0.052814,
            0.050435999999999995,
            0.050426,
            0.049919,
            0.072933,
            0.071383
        ],
        [
            0.141118,
            0.128093,
            0.047475,
            0.047463000000000005,
            0.054258,
            0.047461,
            0.046725,
            0.055134,
            0.049903,
            0.025543999999999997,
            0.025536999999999997,
            0.002651,
            0.0014780000000000001,
            0.0,
            0.043572,
            0.044361000000000005,
            0.042912000000000006,
            0.040227,
            0.040208,
            0.037454,
            0.033798999999999996,
            0.039762,
            0.031226,
            0.031823000000000004,
            0.045923,
            0.048082,
            0.048612,
            0.048987,
            0.041245000000000004,
            0.09305200000000001,
            0.080374,
            0.070761,
            0.059895000000000004,
            0.060392,
            0.063963,
            0.057998999999999995,
            0.064132,
            0.056231,
            0.060671,
            0.053195,
            0.053172,
            0.052805000000000005,
            0.052802,
            0.050424,
            0.050414,
            0.049907,
            0.072921,
            0.071371
        ],
        [
            0.149264,
            0.136239,
            0.055621000000000004,
            0.055609000000000006,
            0.062404,
            0.055607000000000004,
            0.054871,
            0.06328,
            0.058049,
            0.03369,
            0.033683,
            0.044757,
            0.043584,
            0.043572,
            0.0,
            0.0030610000000000004,
            0.011474,
            0.027202999999999998,
            0.027184,
            0.02443,
            0.025011,
            0.030973999999999995,
            0.022438,
            0.024869,
            0.054069,
            0.056228,
            0.056758,
            0.057133,
            0.049391000000000004,
            0.10119800000000001,
            0.08852,
            0.078907,
            0.068041,
            0.068538,
            0.072109,
            0.06614500000000001,
            0.07227800000000001,
            0.064377,
            0.068817,
            0.06134100000000001,
            0.061318000000000004,
            0.060951000000000005,
            0.060948,
            0.058570000000000004,
            0.05856,
            0.05805300000000001,
            0.081067,
            0.079517
        ],
        [
            0.150053,
            0.137028,
            0.056410000000000016,
            0.05639800000000002,
            0.06319300000000001,
            0.056396000000000016,
            0.055660000000000015,
            0.06406900000000001,
            0.058838000000000015,
            0.034479,
            0.034472,
            0.045546,
            0.044373,
            0.044361000000000005,
            0.0030610000000000004,
            0.0,
            0.012263,
            0.027992000000000003,
            0.027973,
            0.025219000000000002,
            0.025800000000000003,
            0.031763,
            0.023227000000000005,
            0.025658000000000004,
            0.054858000000000004,
            0.05701700000000001,
            0.05754700000000001,
            0.05792200000000001,
            0.05018000000000001,
            0.10198700000000002,
            0.089309,
            0.07969600000000002,
            0.06883,
            0.069327,
            0.07289800000000002,
            0.06693400000000001,
            0.07306700000000001,
            0.065166,
            0.069606,
            0.062130000000000005,
            0.06210700000000001,
            0.06174000000000001,
            0.06173700000000001,
            0.05935900000000001,
            0.05934900000000001,
            0.058842000000000005,
            0.08185600000000001,
            0.08030600000000002
        ],
        [
            0.148604,
            0.135579,
            0.05496100000000001,
            0.05494900000000001,
            0.06174400000000001,
            0.05494700000000001,
            0.05421100000000001,
            0.06262000000000001,
            0.05738900000000001,
            0.033030000000000004,
            0.033023000000000004,
            0.044097,
            0.042924000000000004,
            0.042912000000000006,
            0.011474,
            0.012263,
            0.0,
            0.026543,
            0.026524,
            0.02377,
            0.024350999999999998,
            0.030314,
            0.021778,
            0.024209,
            0.053409,
            0.055568000000000006,
            0.056098,
            0.056473,
            0.048731000000000003,
            0.10053800000000002,
            0.08786,
            0.07824700000000001,
            0.067381,
            0.067878,
            0.07144900000000001,
            0.065485,
            0.071618,
            0.063717,
            0.068157,
            0.060681,
            0.060658000000000004,
            0.060291000000000004,
            0.060288,
            0.05791,
            0.05790000000000001,
            0.057393,
            0.080407,
            0.07885700000000001
        ],
        [
            0.145919,
            0.132894,
            0.052276,
            0.052264000000000005,
            0.059059,
            0.052262,
            0.051526,
            0.059935,
            0.054704,
            0.030344999999999997,
            0.030337999999999997,
            0.041412,
            0.040239,
            0.040227,
            0.027202999999999998,
            0.027992000000000003,
            0.026543,
            0.0,
            0.0007869999999999999,
            0.008741,
            0.021665999999999998,
            0.027629,
            0.019093,
            0.021524,
            0.050724,
            0.052883,
            0.053413,
            0.053788,
            0.046046000000000004,
            0.09785300000000001,
            0.085175,
            0.075562,
            0.064696,
            0.065193,
            0.068764,
            0.0628,
            0.068933,
            0.061032,
            0.065472,
            0.057996000000000006,
            0.057973000000000004,
            0.057606000000000004,
            0.057603,
            0.055225,
            0.055215,
            0.05470800000000001,
            0.077722,
            0.076172
        ],
        [
            0.1459,
            0.13287500000000002,
            0.05225700000000001,
            0.052245000000000014,
            0.05904000000000001,
            0.05224300000000001,
            0.05150700000000001,
            0.05991600000000001,
            0.05468500000000001,
            0.030326,
            0.030319,
            0.041393,
            0.04022,
            0.040208,
            0.027184,
            0.027973,
            0.026524,
            0.0007869999999999999,
            0.0,
            0.008722,
            0.021647,
            0.02761,
            0.019074,
            0.021505,
            0.050705,
            0.052864,
            0.053394,
            0.053769,
            0.046027,
            0.09783400000000002,
            0.085156,
            0.075543,
            0.06467700000000001,
            0.06517400000000001,
            0.068745,
            0.062781,
            0.068914,
            0.061013000000000005,
            0.06545300000000001,
            0.057977,
            0.057954000000000006,
            0.057587000000000006,
            0.057584,
            0.055206000000000005,
            0.05519600000000001,
            0.054689,
            0.07770300000000001,
            0.07615300000000001
        ],
        [
            0.143146,
            0.130121,
            0.049503000000000005,
            0.04949100000000001,
            0.056286,
            0.049489000000000005,
            0.048753000000000005,
            0.057162000000000004,
            0.051931000000000005,
            0.027572,
            0.027565,
            0.038639,
            0.037466,
            0.037454,
            0.02443,
            0.025219000000000002,
            0.02377,
            0.008741,
            0.008722,
            0.0,
            0.018893,
            0.024856,
            0.01632,
            0.018751,
            0.047951,
            0.05011,
            0.050640000000000004,
            0.051015000000000005,
            0.043273000000000006,
            0.09508000000000001,
            0.082402,
            0.072789,
            0.061923000000000006,
            0.06242,
            0.06599100000000001,
            0.060027,
            0.06616,
            0.058259,
            0.062699,
            0.055222999999999994,
            0.0552,
            0.054833,
            0.05483,
            0.052452,
            0.052442,
            0.051934999999999995,
            0.074949,
            0.073399
        ],
        [
            0.13949099999999998,
            0.126466,
            0.045848,
            0.045836,
            0.052631,
            0.045834,
            0.045098,
            0.053507,
            0.048276,
            0.023917,
            0.02391,
            0.034984,
            0.033810999999999994,
            0.033798999999999996,
            0.025011,
            0.025800000000000003,
            0.024350999999999998,
            0.021665999999999998,
            0.021647,
            0.018893,
            0.0,
            0.013269,
            0.008465,
            0.015095999999999998,
            0.044296,
            0.046454999999999996,
            0.046985,
            0.04736,
            0.039618,
            0.091425,
            0.078747,
            0.069134,
            0.058268,
            0.058765,
            0.062336,
            0.056372,
            0.062505,
            0.054604,
            0.059044,
            0.051568,
            0.051545,
            0.051178,
            0.051175,
            0.048797,
            0.048787,
            0.04828,
            0.071294,
            0.069744
        ],
        [
            0.145454,
            0.13242900000000002,
            0.05181100000000001,
            0.05179900000000001,
            0.05859400000000001,
            0.05179700000000001,
            0.05106100000000001,
            0.05947000000000001,
            0.05423900000000001,
            0.029879999999999997,
            0.029872999999999997,
            0.040947,
            0.039774,
            0.039762,
            0.030973999999999995,
            0.031763,
            0.030314,
            0.027629,
            0.02761,
            0.024856,
            0.013269,
            0.0,
            0.014428,
            0.021058999999999998,
            0.050259,
            0.052418,
            0.052947999999999995,
            0.053322999999999995,
            0.045580999999999997,
            0.09738800000000002,
            0.08471,
            0.075097,
            0.06423100000000001,
            0.06472800000000001,
            0.068299,
            0.062335,
            0.068468,
            0.060567,
            0.06500700000000001,
            0.057531,
            0.057508000000000004,
            0.057141000000000004,
            0.057138,
            0.05476,
            0.05475000000000001,
            0.054243,
            0.077257,
            0.07570700000000001
        ],
        [
            0.13691799999999998,
            0.123893,
            0.043275,
            0.043263,
            0.050058000000000005,
            0.043261,
            0.042525,
            0.05093400000000001,
            0.045703,
            0.021344000000000002,
            0.021337000000000002,
            0.032410999999999995,
            0.031238,
            0.031226,
            0.022438,
            0.023227000000000005,
            0.021778,
            0.019093,
            0.019074,
            0.01632,
            0.008465,
            0.014428,
            0.0,
            0.012523,
            0.041722999999999996,
            0.043882000000000004,
            0.044412,
            0.044787,
            0.037045,
            0.08885200000000001,
            0.07617399999999999,
            0.06656100000000001,
            0.055695,
            0.056192,
            0.059763000000000004,
            0.053799,
            0.059932,
            0.052031,
            0.056471,
            0.048995,
            0.048972,
            0.048605,
            0.048602,
            0.046224,
            0.046214000000000005,
            0.045707,
            0.068721,
            0.06717100000000001
        ],
        [
            0.137515,
            0.12449,
            0.043872,
            0.04386,
            0.050655000000000006,
            0.043858,
            0.043122,
            0.05153100000000001,
            0.0463,
            0.021941000000000002,
            0.021934000000000002,
            0.033007999999999996,
            0.031835,
            0.031823000000000004,
            0.024869,
            0.025658000000000004,
            0.024209,
            0.021524,
            0.021505,
            0.018751,
            0.015095999999999998,
            0.021058999999999998,
            0.012523,
            0.0,
            0.042319999999999997,
            0.044479000000000005,
            0.045009,
            0.045384,
            0.037642,
            0.08944900000000001,
            0.076771,
            0.067158,
            0.056292,
            0.056789,
            0.060360000000000004,
            0.054396,
            0.060529,
            0.052628,
            0.057068,
            0.049592,
            0.049569,
            0.049202,
            0.049199,
            0.046821,
            0.046811000000000005,
            0.046304,
            0.069318,
            0.06776800000000001
        ],
        [
            0.140839,
            0.12781399999999998,
            0.047196,
            0.047184000000000004,
            0.053979,
            0.047182,
            0.046446,
            0.054855,
            0.049624,
            0.036041,
            0.036034,
            0.047108,
            0.045935,
            0.045923,
            0.054069,
            0.054858000000000004,
            0.053409,
            0.050724,
            0.050705,
            0.047951,
            0.044296,
            0.050259,
            0.041722999999999996,
            0.042319999999999997,
            0.0,
            0.004137,
            0.013831,
            0.014206,
            0.023073999999999997,
            0.08238100000000001,
            0.069703,
            0.060090000000000005,
            0.059616,
            0.060113,
            0.063684,
            0.057719999999999994,
            0.063853,
            0.055952,
            0.060392,
            0.052916,
            0.052892999999999996,
            0.052526,
            0.052523,
            0.050144999999999995,
            0.050135,
            0.049628,
            0.072642,
            0.071092
        ],
        [
            0.142998,
            0.129973,
            0.049354999999999996,
            0.049343,
            0.05613799999999999,
            0.049340999999999996,
            0.048604999999999995,
            0.057013999999999995,
            0.051782999999999996,
            0.0382,
            0.038193,
            0.049267,
            0.048094,
            0.048082,
            0.056228,
            0.05701700000000001,
            0.055568000000000006,
            0.052883,
            0.052864,
            0.05011,
            0.046454999999999996,
            0.052418,
            0.043882000000000004,
            0.044479000000000005,
            0.004137,
            0.0,
            0.01599,
            0.016365,
            0.025233,
            0.08454,
            0.071862,
            0.062249,
            0.061775,
            0.062271999999999994,
            0.065843,
            0.059879,
            0.066012,
            0.058110999999999996,
            0.062551,
            0.055075,
            0.055052,
            0.054685,
            0.054681999999999994,
            0.052303999999999996,
            0.05229399999999999,
            0.051787,
            0.07480099999999999,
            0.073251
        ],
        [
            0.143528,
            0.13050299999999998,
            0.049885,
            0.049873,
            0.056667999999999996,
            0.049871,
            0.049135,
            0.057544,
            0.052313,
            0.03873,
            0.038723,
            0.049796999999999994,
            0.048624,
            0.048612,
            0.056758,
            0.05754700000000001,
            0.056098,
            0.053413,
            0.053394,
            0.050640000000000004,
            0.046985,
            0.052947999999999995,
            0.044412,
            0.045009,
            0.013831,
            0.01599,
            0.0,
            0.0019490000000000002,
            0.025763,
            0.08507,
            0.072392,
            0.062779,
            0.062305,
            0.062802,
            0.066373,
            0.060409,
            0.06654199999999999,
            0.058641,
            0.063081,
            0.055605,
            0.055582,
            0.055215,
            0.055212,
            0.052834,
            0.052823999999999996,
            0.052317,
            0.075331,
            0.073781
        ],
        [
            0.143903,
            0.130878,
            0.05026,
            0.050248,
            0.057042999999999996,
            0.050246,
            0.04951,
            0.057919,
            0.052688,
            0.039105,
            0.039098,
            0.050171999999999994,
            0.048999,
            0.048987,
            0.057133,
            0.05792200000000001,
            0.056473,
            0.053788,
            0.053769,
            0.051015000000000005,
            0.04736,
            0.053322999999999995,
            0.044787,
            0.045384,
            0.014206,
            0.016365,
            0.0019490000000000002,
            0.0,
            0.026138,
            0.08544500000000001,
            0.072767,
            0.063154,
            0.06268,
            0.063177,
            0.066748,
            0.060784,
            0.066917,
            0.059016,
            0.063456,
            0.05598,
            0.055957,
            0.05559,
            0.055587,
            0.053209,
            0.053198999999999996,
            0.052692,
            0.075706,
            0.074156
        ],
        [
            0.13616099999999998,
            0.123136,
            0.042518,
            0.042506,
            0.049301,
            0.042504,
            0.041768,
            0.050177,
            0.044946,
            0.031363,
            0.031356,
            0.042429999999999995,
            0.041257,
            0.041245000000000004,
            0.049391000000000004,
            0.05018000000000001,
            0.048731000000000003,
            0.046046000000000004,
            0.046027,
            0.043273000000000006,
            0.039618,
            0.045580999999999997,
            0.037045,
            0.037642,
            0.023073999999999997,
            0.025233,
            0.025763,
            0.026138,
            0.0,
            0.07770300000000001,
            0.065025,
            0.055412,
            0.054938,
            0.055435,
            0.059006,
            0.053042,
            0.059175,
            0.051274,
            0.055714,
            0.048238,
            0.048215,
            0.047848,
            0.047845,
            0.045467,
            0.045457,
            0.044950000000000004,
            0.067964,
            0.066414
        ],
        [
            0.18796800000000002,
            0.17494300000000002,
            0.09432500000000002,
            0.09431300000000002,
            0.10110800000000002,
            0.09431100000000002,
            0.09357500000000002,
            0.10198400000000002,
            0.09675300000000002,
            0.08317000000000001,
            0.08316300000000001,
            0.09423700000000002,
            0.09306400000000001,
            0.09305200000000001,
            0.10119800000000001,
            0.10198700000000002,
            0.10053800000000002,
            0.09785300000000001,
            0.09783400000000002,
            0.09508000000000001,
            0.091425,
            0.09738800000000002,
            0.08885200000000001,
            0.08944900000000001,
            0.08238100000000001,
            0.08454,
            0.08507,
            0.08544500000000001,
            0.07770300000000001,
            0.0,
            0.031512,
            0.048395,
            0.10674500000000002,
            0.10724200000000002,
            0.11081300000000002,
            0.10484900000000003,
            0.11098200000000003,
            0.10308100000000002,
            0.10752100000000002,
            0.10004500000000002,
            0.10002200000000003,
            0.09965500000000002,
            0.09965200000000002,
            0.09727400000000003,
            0.09726400000000002,
            0.09675700000000002,
            0.11977100000000002,
            0.11822100000000002
        ],
        [
            0.17529,
            0.162265,
            0.081647,
            0.081635,
            0.08843,
            0.081633,
            0.080897,
            0.089306,
            0.084075,
            0.070492,
            0.07048499999999999,
            0.08155899999999999,
            0.080386,
            0.080374,
            0.08852,
            0.089309,
            0.08786,
            0.085175,
            0.085156,
            0.082402,
            0.078747,
            0.08471,
            0.07617399999999999,
            0.076771,
            0.069703,
            0.071862,
            0.072392,
            0.072767,
            0.065025,
            0.031512,
            0.0,
            0.035717,
            0.094067,
            0.094564,
            0.098135,
            0.092171,
            0.098304,
            0.090403,
            0.094843,
            0.087367,
            0.087344,
            0.086977,
            0.086974,
            0.084596,
            0.084586,
            0.084079,
            0.107093,
            0.105543
        ],
        [
            0.165677,
