{
    "NEXUS_FILE_URL": "http://purl.org/phylo/treebase/phylows/study/TB2:S14038",
    "NEWICK_TREE": "(1:0.030825,((2:0.011282,(3:0.011136,4:0.002434):0.012944):0.004801,((5:0.005149,(((6:0.004699,7:0.002332):0.004308,8:0.002469):0.007222,9:0.014535):0.013148):0.004267,10:0.004587,11:0.002285):0.006823,(12:0.007033,13:0.01222):0.00474,(14:0.006568,15:0.009135,16:0.004471):0.008012,17:0.003045,18:0.006205,19:0.017323):0.018455,((((20:0.004074,21:0.007367):0.017823,22:0.021371):0.022952,23:0.018101):0.027847,24:0.075856):0.007963);",
    "DISTANCE_MATRIX": [
        [
            0.0,
            0.065363,
            0.07816100000000001,
            0.069459,
            0.06551900000000001,
            0.08974700000000001,
            0.08738,
            0.083209,
            0.088053,
            0.06069,
            0.058387999999999995,
            0.061052999999999996,
            0.06624000000000001,
            0.06386,
            0.066427,
            0.061763,
            0.052324999999999997,
            0.055485,
            0.06660300000000001,
            0.111484,
            0.114777,
            0.110958,
            0.084736,
            0.11464400000000001
        ],
        [
            0.065363,
            0.0,
            0.035362000000000005,
            0.026660000000000003,
            0.032322000000000004,
            0.05655,
            0.054183,
            0.050012,
            0.054856,
            0.027493,
            0.025190999999999998,
            0.027856,
            0.033043,
            0.030663,
            0.03323,
            0.028566,
            0.019128,
            0.022288,
            0.033406000000000005,
            0.115197,
            0.11849,
            0.114671,
            0.088449,
            0.118357
        ],
        [
            0.07816100000000001,
            0.035362000000000005,
            0.0,
            0.01357,
            0.04512,
            0.069348,
            0.066981,
            0.06281,
            0.067654,
            0.040291,
            0.037989,
            0.040654,
            0.045841,
            0.043461,
            0.046028,
            0.041364,
            0.031926,
            0.035086,
            0.046204,
            0.127995,
            0.13128800000000002,
            0.127469,
            0.101247,
            0.13115500000000002
        ],
        [
            0.069459,
            0.026660000000000003,
            0.01357,
            0.0,
            0.036418000000000006,
            0.060646000000000005,
            0.058279000000000004,
            0.054108,
            0.058952000000000004,
            0.031589000000000006,
            0.029287,
            0.031952,
            0.037139000000000005,
            0.034759,
            0.037326000000000005,
            0.032662000000000004,
            0.023224,
            0.026384,
            0.03750200000000001,
            0.119293,
            0.122586,
            0.118767,
            0.092545,
            0.122453
        ],
        [
            0.06551900000000001,
            0.032322000000000004,
            0.04512,
            0.036418000000000006,
            0.0,
            0.034526,
            0.032159,
            0.027988,
            0.032832,
            0.014003000000000002,
            0.011701000000000001,
            0.028012000000000002,
            0.033199,
            0.030819,
            0.033386,
            0.028722,
            0.019284,
            0.022444,
            0.033562,
            0.115353,
            0.118646,
            0.114827,
            0.088605,
            0.11851300000000001
        ],
        [
            0.08974700000000001,
            0.05655,
            0.069348,
            0.060646000000000005,
            0.034526,
            0.0,
            0.007031,
            0.011476,
            0.030764,
            0.038231,
            0.035929,
            0.05224,
            0.057427000000000006,
            0.055047,
            0.057614000000000005,
            0.052950000000000004,
            0.043512,
            0.046672000000000005,
            0.05779000000000001,
            0.139581,
            0.142874,
            0.13905499999999998,
            0.112833,
            0.142741
        ],
        [
            0.08738,
            0.054183,
            0.066981,
            0.058279000000000004,
            0.032159,
            0.007031,
            0.0,
            0.009108999999999999,
            0.028397,
            0.035864,
            0.033562,
            0.049873,
            0.05506,
            0.052680000000000005,
            0.055247000000000004,
            0.050583,
            0.041145,
            0.044305000000000004,
            0.055423,
            0.137214,
            0.140507,
            0.136688,
            0.11046600000000001,
            0.140374
        ],
        [
            0.083209,
            0.050012,
            0.06281,
            0.054108,
            0.027988,
            0.011476,
            0.009108999999999999,
            0.0,
            0.024225999999999998,
            0.031693,
            0.029390999999999997,
            0.045702,
            0.050889000000000004,
            0.048509,
            0.051076,
            0.046412,
            0.036974,
            0.040134,
            0.051252000000000006,
            0.133043,
            0.136336,
            0.132517,
            0.106295,
            0.13620300000000002
        ],
        [
            0.088053,
            0.054856,
            0.067654,
            0.058952000000000004,
            0.032832,
            0.030764,
            0.028397,
            0.024225999999999998,
            0.0,
            0.036537,
            0.034235,
            0.050546,
            0.055733000000000005,
            0.053353,
            0.055920000000000004,
            0.051256,
            0.041818,
            0.044978000000000004,
            0.05609600000000001,
            0.13788699999999998,
            0.14118,
            0.137361,
            0.111139,
            0.141047
        ],
        [
            0.06069,
            0.027493,
            0.040291,
            0.031589000000000006,
            0.014003000000000002,
            0.038231,
            0.035864,
            0.031693,
            0.036537,
            0.0,
            0.006872,
            0.023183000000000002,
            0.02837,
            0.02599,
            0.028557000000000003,
            0.023893,
            0.014454999999999999,
            0.017615,
            0.028733,
            0.110524,
            0.113817,
            0.109998,
            0.083776,
            0.11368400000000001
        ],
        [
            0.058387999999999995,
            0.025190999999999998,
            0.037989,
            0.029287,
            0.011701000000000001,
            0.035929,
            0.033562,
            0.029390999999999997,
            0.034235,
            0.006872,
            0.0,
            0.020881,
            0.026068,
            0.023688,
            0.026255,
            0.021591,
            0.012153,
            0.015313,
            0.026431000000000003,
            0.10822199999999998,
            0.111515,
            0.10769599999999999,
            0.08147399999999999,
            0.11138200000000001
        ],
        [
            0.061052999999999996,
            0.027856,
            0.040654,
            0.031952,
            0.028012000000000002,
            0.05224,
            0.049873,
            0.045702,
            0.050546,
            0.023183000000000002,
            0.020881,
            0.0,
            0.019253,
            0.026353,
            0.02892,
            0.024256,
            0.014818000000000001,
            0.017978,
            0.029096000000000004,
            0.11088699999999999,
            0.11418,
            0.11036099999999999,
            0.08413899999999999,
            0.11404700000000001
        ],
        [
            0.06624000000000001,
            0.033043,
            0.045841,
            0.037139000000000005,
            0.033199,
            0.057427000000000006,
            0.05506,
            0.050889000000000004,
            0.055733000000000005,
            0.02837,
            0.026068,
            0.019253,
            0.0,
            0.03154,
            0.034107,
            0.029443,
            0.020005,
            0.023164999999999998,
            0.034283,
            0.116074,
            0.119367,
            0.115548,
            0.089326,
            0.119234
        ],
        [
            0.06386,
            0.030663,
            0.043461,
            0.034759,
            0.030819,
            0.055047,
            0.052680000000000005,
            0.048509,
            0.053353,
            0.02599,
            0.023688,
            0.026353,
            0.03154,
            0.0,
            0.015703,
            0.011039,
            0.017625,
            0.020784999999999998,
            0.031903,
            0.11369399999999999,
            0.116987,
            0.11316799999999999,
            0.086946,
            0.116854
        ],
        [
            0.066427,
            0.03323,
            0.046028,
            0.037326000000000005,
            0.033386,
            0.057614000000000005,
            0.055247000000000004,
            0.051076,
            0.055920000000000004,
            0.028557000000000003,
            0.026255,
            0.02892,
            0.034107,
            0.015703,
            0.0,
            0.013606,
            0.020192,
            0.023352,
            0.03447,
            0.116261,
            0.119554,
            0.115735,
            0.08951300000000001,
            0.119421
        ],
        [
            0.061763,
            0.028566,
            0.041364,
            0.032662000000000004,
            0.028722,
            0.052950000000000004,
            0.050583,
            0.046412,
            0.051256,
            0.023893,
            0.021591,
            0.024256,
            0.029443,
            0.011039,
            0.013606,
            0.0,
            0.015528,
            0.018688,
            0.029806000000000003,
            0.111597,
            0.11488999999999999,
            0.111071,
            0.08484900000000001,
            0.114757
        ],
        [
            0.052324999999999997,
            0.019128,
            0.031926,
            0.023224,
            0.019284,
            0.043512,
            0.041145,
            0.036974,
            0.041818,
            0.014454999999999999,
            0.012153,
            0.014818000000000001,
            0.020005,
            0.017625,
            0.020192,
            0.015528,
            0.0,
            0.00925,
            0.020368,
            0.102159,
            0.10545199999999999,
            0.101633,
            0.075411,
            0.105319
        ],
        [
            0.055485,
            0.022288,
            0.035086,
            0.026384,
            0.022444,
            0.046672000000000005,
            0.044305000000000004,
            0.040134,
            0.044978000000000004,
            0.017615,
            0.015313,
            0.017978,
            0.023164999999999998,
            0.020784999999999998,
            0.023352,
            0.018688,
            0.00925,
            0.0,
            0.023528,
            0.105319,
            0.108612,
            0.104793,
            0.078571,
            0.108479
        ],
        [
            0.06660300000000001,
            0.033406000000000005,
            0.046204,
            0.03750200000000001,
            0.033562,
            0.05779000000000001,
            0.055423,
            0.051252000000000006,
            0.05609600000000001,
            0.028733,
            0.026431000000000003,
            0.029096000000000004,
            0.034283,
            0.031903,
            0.03447,
            0.029806000000000003,
            0.020368,
            0.023528,
            0.0,
            0.116437,
            0.11973,
            0.115911,
            0.089689,
            0.11959700000000001
        ],
        [
            0.111484,
            0.115197,
            0.127995,
            0.119293,
            0.115353,
            0.139581,
            0.137214,
            0.133043,
            0.13788699999999998,
            0.110524,
            0.10822199999999998,
            0.11088699999999999,
            0.116074,
            0.11369399999999999,
            0.116261,
            0.111597,
            0.102159,
            0.105319,
            0.116437,
            0.0,
            0.011441,
            0.043268,
            0.06295,
            0.14855200000000002
        ],
        [
            0.114777,
            0.11849,
            0.13128800000000002,
            0.122586,
            0.118646,
            0.142874,
            0.140507,
            0.136336,
            0.14118,
            0.113817,
            0.111515,
            0.11418,
            0.119367,
            0.116987,
            0.119554,
            0.11488999999999999,
            0.10545199999999999,
            0.108612,
            0.11973,
            0.011441,
            0.0,
            0.046561,
            0.066243,
            0.151845
        ],
        [
            0.110958,
            0.114671,
            0.127469,
            0.118767,
            0.114827,
            0.13905499999999998,
            0.136688,
            0.132517,
            0.137361,
            0.109998,
            0.10769599999999999,
            0.11036099999999999,
            0.115548,
            0.11316799999999999,
            0.115735,
            0.111071,
            0.101633,
            0.104793,
            0.115911,
            0.043268,
            0.046561,
            0.0,
            0.062424,
            0.148026
        ],
        [
            0.084736,
            0.088449,
            0.101247,
            0.092545,
            0.088605,
            0.112833,
            0.11046600000000001,
            0.106295,
            0.111139,
            0.083776,
            0.08147399999999999,
            0.08413899999999999,
            0.089326,
            0.086946,
            0.08951300000000001,
            0.08484900000000001,
            0.075411,
            0.078571,
            0.089689,
            0.06295,
            0.066243,
            0.062424,
            0.0,
            0.12180400000000001
        ],
        [
            0.11464400000000001,
            0.118357,
            0.13115500000000002,
            0.122453,
            0.11851300000000001,
            0.142741,
            0.140374,
            0.13620300000000002,
            0.141047,
            0.11368400000000001,
            0.11138200000000001,
            0.11404700000000001,
            0.119234,
            0.116854,
            0.119421,
            0.114757,
            0.105319,
            0.108479,
            0.11959700000000001,
            0.14855200000000002,
            0.151845,
            0.148026,
            0.12180400000000001,
            0.0
        ]
    ],
    "NODE_MAPPING": {
        "0": "1",
        "1": "2",
        "2": "3",
        "3": "4",
        "4": "5",
        "5": "6",
        "6": "7",
        "7": "8",
        "8": "9",
        "9": "10",
        "10": "11",
        "11": "12",
        "12": "13",
        "13": "14",
        "14": "15",
        "15": "16",
        "16": "17",
        "17": "18",
        "18": "19",
        "19": "20",
        "20": "21",
        "21": "22",
        "22": "23",
        "23": "24"
    }
}