{
    "NEXUS_FILE_URL": "http://purl.org/phylo/treebase/phylows/study/TB2:S11508",
    "NEWICK_TREE": "(1:0.200882,2:0.228084,(3:0.210663,(4:0.122921,((5:0.254768,6:0.218863):0.080965,((((((((((((((7:0.023605,((8:0.003716,28:0.005236):0.02509,9:0.02659):0.015199):0.006636,((10:0.028393,16:0.021044):0.007019,(14:0.038645,29:0.029724):0.012881):0.013958):0.005826,(19:0.026353,(25:0.025416,27:0.025737):0.008225):0.013754):0.006499,(((13:0.030917,22:0.040361):0.005554,15:0.027392):0.002669,17:0.037536):0.009747):0.013401,((11:0.02452,21:0.026916):0.020993,(12:0.051831,20:0.026111):0.019499):0.019642):0.003999,24:0.05042):0.009108,((((18:0.030364,26:0.033871):0.010587,31:0.039319):0.006451,23:0.039236):0.012789,30:0.067664):0.00647):0.00631,(((34:0.01742,35:0.022032):0.031733,(37:0.024032,38:0.03085):0.03064):0.011383,(43:0.041041,(((44:0.044766,(46:0.022506,47:0.042731):0.016642):0.010582,((48:0.030018,49:0.042306):0.008928,50:0.03691):0.011473):0.005385,45:0.033723):0.015872):0.003067):0.005181):0.009358,(40:0.043806,41:0.051906):0.019279):0.017127,36:0.054061):0.040428,52:0.106347):0.02642,(39:0.068969,54:0.093587):0.055576):0.028526,55:0.080489):0.031672,(((32:0.080428,(42:0.06875,51:0.041077):0.029841):0.015119,53:0.100646):0.014302,33:0.070248):0.03163):0.091007):0.137451):0.048223):0.0527);",
    "DISTANCE_MATRIX": [
        [
            0,
            0.428966,
            0.464245,
            0.42472600000000005,
            0.7749889999999999,
            0.739084,
            0.759178,
            0.779578,
            0.781098,
            0.777362,
            0.778307,
            0.770958,
            0.7944209999999999,
            0.7855,
            0.763218,
            0.770506,
            0.7708269999999999,
            0.7654989999999999,
            0.7749429999999999,
            0.75642,
            0.763895,
            0.768366,
            0.770762,
            0.794183,
            0.768463,
            0.749632,
            0.756765,
            0.760272,
            0.7551329999999999,
            0.748599,
            0.764238,
            0.749511,
            0.754123,
            0.75503,
            0.761848,
            0.733083,
            0.768647,
            0.763029,
            0.7832539999999999,
            0.763718,
            0.776006,
            0.761682,
            0.741637,
            0.737521,
            0.745621,
            0.71137,
            0.723228,
            0.715006,
            0.739624,
            0.642424,
            0.671742,
            0.689905,
            0.662232,
            0.676841,
            0.632141
        ],
        [
            0.428966,
            0,
            0.491447,
            0.451928,
            0.8021909999999999,
            0.766286,
            0.7863800000000001,
            0.80678,
            0.8083,
            0.8045640000000001,
            0.805509,
            0.79816,
            0.821623,
            0.812702,
            0.7904199999999999,
            0.7977080000000001,
            0.7980289999999999,
            0.7927009999999999,
            0.8021449999999999,
            0.783622,
            0.7910969999999999,
            0.795568,
            0.7979639999999999,
            0.821385,
            0.7956650000000001,
            0.776834,
            0.7839670000000001,
            0.787474,
            0.782335,
            0.775801,
            0.7914399999999999,
            0.776713,
            0.781325,
            0.782232,
            0.78905,
            0.7602850000000001,
            0.795849,
            0.7902309999999999,
            0.8104559999999998,
            0.7909200000000001,
            0.8032079999999999,
            0.7888839999999999,
            0.768839,
            0.764723,
            0.772823,
            0.738572,
            0.7504299999999999,
            0.742208,
            0.766826,
            0.669626,
            0.698944,
            0.7171069999999999,
            0.6894340000000001,
            0.704043,
            0.659343
        ],
        [
            0.464245,
            0.491447,
            0,
            0.381807,
            0.73207,
            0.6961649999999999,
            0.716259,
            0.736659,
            0.7381789999999999,
            0.734443,
            0.7353879999999999,
            0.7280390000000001,
            0.7515019999999999,
            0.7425809999999999,
            0.720299,
            0.727587,
            0.727908,
            0.72258,
            0.732024,
            0.7135009999999999,
            0.7209760000000001,
            0.725447,
            0.727843,
            0.7512639999999999,
            0.725544,
            0.7067129999999999,
            0.713846,
            0.7173529999999999,
            0.7122139999999999,
            0.7056800000000001,
            0.721319,
            0.7065920000000001,
            0.711204,
            0.7121109999999999,
            0.7189289999999999,
            0.690164,
            0.7257279999999999,
            0.72011,
            0.740335,
            0.720799,
            0.733087,
            0.718763,
            0.698718,
            0.6946019999999999,
            0.7027019999999999,
            0.6684509999999999,
            0.680309,
            0.6720870000000001,
            0.6967049999999999,
            0.599505,
            0.6288229999999999,
            0.6469860000000001,
            0.619313,
            0.633922,
            0.5892219999999999
        ],
        [
            0.42472600000000005,
            0.451928,
            0.381807,
            0,
            0.596105,
            0.5602,
            0.5802940000000001,
            0.6006940000000001,
            0.602214,
            0.5984780000000001,
            0.599423,
            0.592074,
            0.615537,
            0.606616,
            0.584334,
            0.5916220000000001,
            0.591943,
            0.586615,
            0.596059,
            0.577536,
            0.585011,
            0.5894820000000001,
            0.591878,
            0.615299,
            0.5895790000000001,
            0.570748,
            0.5778810000000001,
            0.581388,
            0.576249,
            0.569715,
            0.5853539999999999,
            0.570627,
            0.5752390000000001,
            0.576146,
            0.582964,
            0.554199,
            0.589763,
            0.584145,
            0.60437,
            0.5848340000000001,
            0.5971219999999999,
            0.5827979999999999,
            0.5627530000000001,
            0.558637,
            0.566737,
            0.532486,
            0.5443439999999999,
            0.536122,
            0.56074,
            0.46354,
            0.49285799999999996,
            0.511021,
            0.483348,
            0.497957,
            0.45325699999999997
        ],
        [
            0.7749889999999999,
            0.8021909999999999,
            0.73207,
            0.596105,
            0,
            0.473631,
            0.6556550000000001,
            0.6760550000000001,
            0.677575,
            0.6738390000000001,
            0.674784,
            0.667435,
            0.690898,
            0.681977,
            0.659695,
            0.6669830000000001,
            0.667304,
            0.661976,
            0.67142,
            0.6528970000000001,
            0.660372,
            0.6648430000000001,
            0.667239,
            0.69066,
            0.6649400000000001,
            0.646109,
            0.6532420000000001,
            0.656749,
            0.65161,
            0.645076,
            0.6607149999999999,
            0.645988,
            0.6506000000000001,
            0.6515070000000001,
            0.658325,
            0.62956,
            0.665124,
            0.659506,
            0.679731,
            0.6601950000000001,
            0.6724829999999999,
            0.6581589999999999,
            0.6381140000000001,
            0.6339980000000001,
            0.6420980000000001,
            0.607847,
            0.619705,
            0.611483,
            0.636101,
            0.5389010000000001,
            0.568219,
            0.586382,
            0.558709,
            0.573318,
            0.528618
        ],
        [
            0.739084,
            0.766286,
            0.6961649999999999,
            0.5602,
            0.473631,
            0,
            0.61975,
            0.64015,
            0.64167,
            0.637934,
            0.638879,
            0.63153,
            0.6549929999999999,
            0.646072,
            0.6237900000000001,
            0.631078,
            0.631399,
            0.626071,
            0.635515,
            0.616992,
            0.624467,
            0.628938,
            0.6313340000000001,
            0.654755,
            0.629035,
            0.610204,
            0.617337,
            0.620844,
            0.615705,
            0.609171,
            0.62481,
            0.610083,
            0.614695,
            0.615602,
            0.62242,
            0.593655,
            0.629219,
            0.6236010000000001,
            0.643826,
            0.62429,
            0.636578,
            0.622254,
            0.602209,
            0.598093,
            0.606193,
            0.571942,
            0.5838,
            0.575578,
            0.600196,
            0.502996,
            0.532314,
            0.550477,
            0.522804,
            0.5374129999999999,
            0.49271299999999996
        ],
        [
            0.759178,
            0.7863800000000001,
            0.716259,
            0.5802940000000001,
            0.6556550000000001,
            0.61975,
            0,
            0.06761,
            0.06913,
            0.06539400000000001,
            0.079611,
            0.072262,
            0.095725,
            0.086804,
            0.076174,
            0.08346200000000001,
            0.083783,
            0.091453,
            0.10089699999999999,
            0.082374,
            0.089849,
            0.121122,
            0.123518,
            0.146939,
            0.12121900000000001,
            0.11038600000000001,
            0.135735,
            0.139242,
            0.13410300000000003,
            0.12756900000000002,
            0.143208,
            0.14110100000000003,
            0.145713,
            0.14662000000000003,
            0.15343800000000002,
            0.124673,
            0.16023700000000002,
            0.154619,
            0.174844,
            0.155308,
            0.16759600000000002,
            0.15327200000000002,
            0.133227,
            0.14782700000000001,
            0.155927,
            0.15593,
            0.248644,
            0.293262,
            0.31788,
            0.277732,
            0.370394,
            0.38855700000000004,
            0.360884,
            0.37549299999999997,
            0.330793
        ],
        [
            0.779578,
            0.80678,
            0.736659,
            0.6006940000000001,
            0.6760550000000001,
            0.64015,
            0.06761,
            0,
            0.008952,
            0.055396,
            0.100011,
            0.09266200000000001,
            0.116125,
            0.10720400000000001,
            0.09657400000000001,
            0.10386200000000001,
            0.104183,
            0.11185300000000001,
            0.121297,
            0.102774,
            0.11024900000000001,
            0.14152199999999998,
            0.143918,
            0.16733900000000002,
            0.141619,
            0.130786,
            0.15613500000000002,
            0.159642,
            0.154503,
            0.14796900000000002,
            0.16360800000000003,
            0.161501,
            0.166113,
            0.16702,
            0.17383800000000002,
            0.145073,
            0.18063700000000002,
            0.17501900000000004,
            0.195244,
            0.17570800000000003,
            0.187996,
            0.173672,
            0.153627,
            0.16822700000000002,
            0.176327,
            0.17633000000000001,
            0.269044,
            0.313662,
            0.33828,
            0.298132,
            0.390794,
            0.408957,
            0.381284,
            0.395893,
            0.351193
        ],
        [
            0.781098,
            0.8083,
            0.7381789999999999,
            0.602214,
            0.677575,
            0.64167,
            0.06913,
            0.008952,
            0,
            0.056916,
            0.10153100000000001,
            0.09418200000000002,
            0.117645,
            0.10872400000000002,
            0.09809400000000001,
            0.105382,
            0.105703,
            0.113373,
            0.122817,
            0.104294,
            0.11176900000000001,
            0.143042,
            0.145438,
            0.16885899999999998,
            0.14313900000000002,
            0.132306,
            0.157655,
            0.161162,
            0.15602300000000002,
            0.149489,
            0.165128,
            0.16302100000000003,
            0.167633,
            0.16854000000000002,
            0.175358,
            0.146593,
            0.182157,
            0.176539,
            0.196764,
            0.177228,
            0.18951600000000002,
            0.17519200000000001,
            0.155147,
            0.169747,
            0.177847,
            0.17785,
            0.270564,
            0.315182,
            0.3398,
            0.29965200000000003,
            0.39231399999999994,
            0.410477,
            0.382804,
            0.39741299999999996,
            0.35271299999999994
        ],
        [
            0.777362,
            0.8045640000000001,
            0.734443,
            0.5984780000000001,
            0.6738390000000001,
            0.637934,
            0.06539400000000001,
            0.055396,
            0.056916,
            0,
            0.09779499999999999,
            0.090446,
            0.11390900000000001,
            0.104988,
            0.094358,
            0.10164600000000001,
            0.101967,
            0.109637,
            0.11908099999999999,
            0.10055800000000001,
            0.10803299999999999,
            0.13930599999999999,
            0.141702,
            0.165123,
            0.139403,
            0.12857,
            0.153919,
            0.157426,
            0.152287,
            0.14575300000000002,
            0.161392,
            0.159285,
            0.16389700000000001,
            0.164804,
            0.171622,
            0.142857,
            0.178421,
            0.172803,
            0.19302799999999998,
            0.173492,
            0.18578,
            0.171456,
            0.151411,
            0.16601100000000002,
            0.17411100000000002,
            0.174114,
            0.266828,
            0.311446,
            0.33606400000000003,
            0.295916,
            0.388578,
            0.406741,
            0.379068,
            0.393677,
            0.348977
        ],
        [
            0.778307,
            0.805509,
            0.7353879999999999,
            0.599423,
            0.674784,
            0.638879,
            0.079611,
            0.100011,
            0.10153100000000001,
            0.09779499999999999,
            0,
            0.049437,
            0.086938,
            0.078017,
            0.095303,
            0.102591,
            0.102912,
            0.11058199999999999,
            0.120026,
            0.101503,
            0.10897799999999999,
            0.140251,
            0.142647,
            0.166068,
            0.140348,
            0.129515,
            0.154864,
            0.15837099999999998,
            0.153232,
            0.146698,
            0.162337,
            0.16023,
            0.164842,
            0.165749,
            0.17256700000000003,
            0.14380199999999999,
            0.17936600000000003,
            0.173748,
            0.193973,
            0.174437,
            0.186725,
            0.172401,
            0.152356,
            0.166956,
            0.175056,
            0.17505900000000002,
            0.26777300000000004,
            0.31239100000000003,
            0.337009,
            0.29686100000000004,
            0.389523,
            0.407686,
            0.38001300000000005,
            0.39462200000000003,
            0.349922
        ],
        [
            0.770958,
            0.79816,
            0.7280390000000001,
            0.592074,
            0.667435,
            0.63153,
            0.072262,
            0.09266200000000001,
            0.09418200000000002,
            0.090446,
            0.049437,
            0,
            0.07958900000000001,
            0.07066800000000001,
            0.087954,
            0.09524200000000001,
            0.09556300000000001,
            0.10323299999999999,
            0.112677,
            0.094154,
            0.101629,
            0.132902,
            0.135298,
            0.158719,
            0.132999,
            0.122166,
            0.147515,
            0.151022,
            0.145883,
            0.139349,
            0.15498800000000001,
            0.15288100000000002,
            0.157493,
            0.1584,
            0.16521800000000003,
            0.136453,
            0.17201700000000003,
            0.16639900000000002,
            0.186624,
            0.16708800000000001,
            0.179376,
            0.165052,
            0.145007,
            0.159607,
            0.167707,
            0.16771000000000003,
            0.260424,
            0.30504200000000004,
            0.32966,
            0.289512,
            0.382174,
            0.40033700000000005,
            0.372664,
            0.387273,
            0.342573
        ],
        [
            0.7944209999999999,
            0.821623,
            0.7515019999999999,
            0.615537,
            0.690898,
            0.6549929999999999,
            0.095725,
            0.116125,
            0.117645,
            0.11390900000000001,
            0.086938,
            0.07958900000000001,
            0,
            0.068369,
            0.111417,
            0.118705,
            0.11902599999999999,
            0.126696,
            0.13613999999999998,
            0.117617,
            0.125092,
            0.15636499999999998,
            0.15876099999999999,
            0.182182,
            0.156462,
            0.145629,
            0.17097800000000002,
            0.174485,
            0.169346,
            0.162812,
            0.17845100000000003,
            0.176344,
            0.180956,
            0.181863,
            0.18868100000000002,
            0.159916,
            0.19548000000000001,
            0.18986200000000003,
            0.210087,
            0.19055100000000003,
            0.202839,
            0.188515,
            0.16847,
            0.18307,
            0.19117,
            0.191173,
            0.283887,
            0.328505,
            0.35312299999999996,
            0.312975,
            0.405637,
            0.4238,
            0.396127,
            0.410736,
            0.36603600000000003
        ],
        [
            0.7855,
            0.812702,
            0.7425809999999999,
            0.606616,
            0.681977,
            0.646072,
            0.086804,
            0.10720400000000001,
            0.10872400000000002,
            0.104988,
            0.078017,
            0.07066800000000001,
            0.068369,
            0,
            0.102496,
            0.109784,
            0.11010500000000001,
            0.117775,
            0.127219,
            0.10869600000000001,
            0.116171,
            0.147444,
            0.14984,
            0.173261,
            0.147541,
            0.136708,
            0.162057,
            0.165564,
            0.160425,
            0.153891,
            0.16953000000000001,
            0.16742300000000002,
            0.172035,
            0.172942,
            0.17976000000000003,
            0.150995,
            0.18655900000000003,
            0.18094100000000002,
            0.201166,
            0.18163,
            0.193918,
            0.179594,
            0.159549,
            0.174149,
            0.182249,
            0.182252,
            0.274966,
            0.319584,
            0.344202,
            0.304054,
            0.39671599999999996,
            0.414879,
            0.387206,
            0.401815,
            0.35711499999999996
        ],
        [
            0.763218,
            0.7904199999999999,
            0.720299,
            0.584334,
            0.659695,
            0.6237900000000001,
            0.076174,
            0.09657400000000001,
            0.09809400000000001,
            0.094358,
            0.095303,
            0.087954,
            0.111417,
            0.102496,
            0,
            0.059994000000000006,
            0.060315,
            0.095493,
            0.104937,
            0.086414,
            0.093889,
            0.125162,
            0.127558,
            0.150979,
            0.125259,
            0.114426,
            0.139775,
            0.14328200000000002,
            0.13814300000000002,
            0.13160900000000003,
            0.14724800000000002,
            0.14514100000000002,
            0.14975300000000002,
            0.15066000000000002,
            0.157478,
            0.12871300000000002,
            0.164277,
            0.15865900000000002,
            0.178884,
            0.15934800000000002,
            0.171636,
            0.157312,
            0.137267,
            0.15186700000000003,
            0.15996700000000003,
            0.15997,
            0.252684,
            0.297302,
            0.32192,
            0.281772,
            0.37443400000000004,
            0.39259700000000003,
            0.364924,
            0.379533,
            0.33483300000000005
        ],
        [
            0.770506,
            0.7977080000000001,
            0.727587,
            0.5916220000000001,
            0.6669830000000001,
            0.631078,
            0.08346200000000001,
            0.10386200000000001,
            0.105382,
            0.10164600000000001,
            0.102591,
            0.09524200000000001,
            0.118705,
            0.109784,
            0.059994000000000006,
            0,
            0.051153000000000004,
            0.10278100000000001,
            0.11222499999999999,
            0.09370200000000001,
            0.101177,
            0.13245,
            0.13484600000000002,
            0.158267,
            0.13254700000000003,
            0.12171400000000002,
            0.147063,
            0.15057,
            0.14543100000000003,
            0.13889700000000002,
            0.154536,
            0.15242900000000004,
            0.15704100000000001,
            0.15794800000000003,
            0.16476600000000002,
            0.136001,
            0.17156500000000002,
            0.165947,
            0.186172,
            0.166636,
            0.17892400000000003,
            0.16460000000000002,
            0.14455500000000002,
            0.15915500000000002,
            0.16725500000000001,
            0.16725800000000002,
            0.259972,
            0.30459,
            0.329208,
            0.28906,
            0.381722,
            0.39988500000000005,
            0.372212,
            0.38682099999999997,
            0.342121
        ],
        [
            0.7708269999999999,
            0.7980289999999999,
            0.727908,
            0.591943,
            0.667304,
            0.631399,
            0.083783,
            0.104183,
            0.105703,
            0.101967,
            0.102912,
            0.09556300000000001,
            0.11902599999999999,
            0.11010500000000001,
            0.060315,
            0.051153000000000004,
            0,
            0.103102,
            0.112546,
            0.094023,
            0.101498,
            0.13277099999999997,
            0.13516699999999998,
            0.158588,
            0.13286799999999999,
            0.122035,
            0.14738400000000001,
            0.150891,
            0.145752,
            0.139218,
            0.15485700000000002,
            0.15275,
            0.157362,
            0.158269,
            0.165087,
            0.136322,
            0.171886,
            0.16626800000000003,
            0.186493,
            0.16695700000000002,
            0.179245,
            0.16492099999999998,
            0.144876,
            0.159476,
            0.167576,
            0.167579,
            0.260293,
            0.304911,
            0.32952899999999996,
            0.289381,
            0.382043,
            0.400206,
            0.372533,
            0.387142,
            0.342442
        ],
        [
            0.7654989999999999,
            0.7927009999999999,
            0.72258,
            0.586615,
            0.661976,
            0.626071,
            0.091453,
            0.11185300000000001,
            0.113373,
            0.109637,
            0.11058199999999999,
            0.10323299999999999,
            0.126696,
            0.117775,
            0.095493,
            0.10278100000000001,
            0.103102,
            0,
            0.07127800000000001,
            0.063863,
            0.076676,
            0.12744299999999997,
            0.12983899999999998,
            0.15326,
            0.12754,
            0.116707,
            0.14205600000000002,
            0.145563,
            0.140424,
            0.13389,
            0.14952900000000002,
            0.147422,
            0.152034,
            0.152941,
            0.159759,
            0.130994,
            0.166558,
            0.16094000000000003,
            0.181165,
            0.16162900000000002,
            0.173917,
            0.15959299999999998,
            0.139548,
            0.154148,
            0.162248,
            0.162251,
            0.254965,
            0.299583,
            0.32420099999999996,
            0.284053,
            0.376715,
            0.394878,
            0.367205,
            0.381814,
            0.337114
        ],
        [
            0.7749429999999999,
            0.8021449999999999,
            0.732024,
            0.596059,
            0.67142,
            0.635515,
            0.10089699999999999,
            0.121297,
            0.122817,
            0.11908099999999999,
            0.120026,
            0.112677,
            0.13613999999999998,
            0.127219,
            0.104937,
            0.11222499999999999,
            0.112546,
            0.07127800000000001,
            0,
            0.073307,
            0.08612,
            0.13688699999999998,
            0.139283,
            0.162704,
            0.136984,
            0.12615099999999999,
            0.1515,
            0.155007,
            0.149868,
            0.14333400000000002,
            0.158973,
            0.156866,
            0.161478,
            0.162385,
            0.169203,
            0.140438,
            0.176002,
            0.170384,
            0.19060899999999997,
            0.171073,
            0.183361,
            0.169037,
            0.14899199999999999,
            0.16359200000000002,
            0.171692,
            0.171695,
            0.264409,
            0.309027,
            0.33364499999999997,
            0.293497,
            0.38615900000000003,
            0.404322,
            0.376649,
            0.391258,
            0.34655800000000003
        ],
        [
            0.75642,
            0.783622,
            0.7135009999999999,
            0.577536,
            0.6528970000000001,
            0.616992,
            0.082374,
            0.102774,
            0.104294,
            0.10055800000000001,
            0.101503,
            0.094154,
            0.117617,
            0.10869600000000001,
            0.086414,
            0.09370200000000001,
            0.094023,
            0.063863,
            0.073307,
            0,
            0.067597,
            0.118364,
            0.12076,
            0.144181,
            0.11846100000000001,
            0.107628,
            0.132977,
            0.136484,
            0.13134500000000002,
            0.12481100000000002,
            0.14045000000000002,
            0.13834300000000002,
            0.142955,
            0.14386200000000002,
            0.15068000000000004,
            0.12191500000000001,
            0.15747900000000004,
            0.15186100000000002,
            0.17208600000000002,
            0.15255000000000002,
            0.164838,
            0.150514,
            0.130469,
            0.145069,
            0.153169,
            0.15317200000000003,
            0.24588600000000002,
            0.29050400000000004,
            0.315122,
            0.27497400000000005,
            0.367636,
            0.385799,
            0.35812600000000006,
            0.37273500000000004,
            0.328035
        ],
        [
            0.763895,
            0.7910969999999999,
            0.7209760000000001,
            0.585011,
            0.660372,
            0.624467,
            0.089849,
            0.11024900000000001,
            0.11176900000000001,
            0.10803299999999999,
            0.10897799999999999,
            0.101629,
            0.125092,
            0.116171,
            0.093889,
            0.101177,
            0.101498,
            0.076676,
            0.08612,
            0.067597,
            0,
            0.12583899999999998,
            0.128235,
            0.151656,
            0.125936,
            0.11510300000000001,
            0.14045200000000002,
            0.143959,
            0.13882,
            0.13228600000000001,
            0.14792500000000003,
            0.145818,
            0.15043,
            0.151337,
            0.15815500000000002,
            0.12939,
            0.16495400000000002,
            0.15933600000000003,
            0.179561,
            0.16002500000000003,
            0.172313,
            0.157989,
            0.137944,
            0.152544,
            0.160644,
            0.160647,
            0.253361,
            0.297979,
            0.322597,
            0.282449,
            0.37511099999999997,
            0.393274,
            0.365601,
            0.38021,
            0.33551
        ],
        [
            0.768366,
            0.795568,
            0.725447,
            0.5894820000000001,
            0.6648430000000001,
            0.628938,
            0.121122,
            0.14152199999999998,
            0.143042,
            0.13930599999999999,
            0.140251,
            0.132902,
            0.15636499999999998,
            0.147444,
            0.125162,
            0.13245,
            0.13277099999999997,
            0.12744299999999997,
            0.13688699999999998,
            0.118364,
            0.12583899999999998,
            0,
            0.051435999999999996,
            0.116843,
            0.091123,
            0.11957399999999999,
            0.144923,
            0.14843,
            0.143291,
            0.13675700000000002,
            0.152396,
            0.150289,
            0.154901,
            0.155808,
            0.162626,
            0.133861,
            0.169425,
            0.163807,
            0.18403199999999997,
            0.164496,
            0.176784,
            0.16246,
            0.14241499999999999,
            0.15701500000000002,
            0.165115,
            0.165118,
            0.257832,
            0.30245,
            0.327068,
            0.28692,
            0.379582,
            0.397745,
            0.370072,
            0.384681,
            0.339981
        ],
        [
            0.770762,
            0.7979639999999999,
            0.727843,
            0.591878,
            0.667239,
            0.6313340000000001,
            0.123518,
            0.143918,
            0.145438,
            0.141702,
            0.142647,
            0.135298,
            0.15876099999999999,
            0.14984,
            0.127558,
            0.13484600000000002,
            0.13516699999999998,
            0.12983899999999998,
            0.139283,
            0.12076,
            0.128235,
            0.051435999999999996,
            0,
            0.11923900000000001,
            0.09351899999999999,
            0.12197,
            0.147319,
            0.15082600000000002,
            0.145687,
            0.13915300000000003,
            0.154792,
            0.15268500000000002,
            0.15729700000000002,
            0.158204,
            0.165022,
            0.13625700000000002,
            0.171821,
            0.16620300000000002,
            0.18642799999999998,
            0.166892,
            0.17918,
            0.164856,
            0.144811,
            0.15941100000000002,
            0.16751100000000002,
            0.167514,
            0.260228,
            0.304846,
            0.329464,
            0.289316,
            0.38197800000000004,
            0.400141,
            0.372468,
            0.387077,
            0.34237700000000004
        ],
        [
            0.794183,
            0.821385,
            0.7512639999999999,
            0.615299,
            0.69066,
            0.654755,
            0.146939,
            0.16733900000000002,
            0.16885899999999998,
            0.165123,
            0.166068,
            0.158719,
            0.182182,
            0.173261,
            0.150979,
            0.158267,
            0.158588,
            0.15326,
            0.162704,
            0.144181,
            0.151656,
            0.116843,
            0.11923900000000001,
            0,
            0.077942,
            0.145391,
            0.17074,
            0.17424699999999999,
            0.169108,
            0.162574,
            0.178213,
            0.176106,
            0.180718,
            0.181625,
            0.18844300000000003,
            0.159678,
            0.19524200000000003,
            0.18962400000000001,
            0.209849,
            0.190313,
            0.202601,
            0.188277,
            0.168232,
            0.182832,
            0.190932,
            0.190935,
            0.283649,
            0.328267,
            0.352885,
            0.312737,
            0.40539899999999995,
            0.423562,
            0.395889,
            0.410498,
            0.36579799999999996
        ],
        [
            0.768463,
            0.7956650000000001,
            0.725544,
            0.5895790000000001,
            0.6649400000000001,
            0.629035,
            0.12121900000000001,
            0.141619,
            0.14313900000000002,
            0.139403,
            0.140348,
            0.132999,
            0.156462,
            0.147541,
            0.125259,
            0.13254700000000003,
            0.13286799999999999,
            0.12754,
            0.136984,
            0.11846100000000001,
            0.125936,
            0.091123,
            0.09351899999999999,
            0.077942,
            0,
            0.119671,
            0.14502,
            0.14852700000000002,
            0.14338800000000002,
            0.13685400000000003,
            0.15249300000000002,
            0.15038600000000002,
            0.15499800000000002,
            0.15590500000000002,
            0.162723,
            0.13395800000000002,
            0.169522,
            0.16390400000000002,
            0.184129,
            0.16459300000000002,
            0.176881,
            0.162557,
            0.142512,
            0.15711200000000003,
            0.16521200000000003,
            0.165215,
            0.257929,
            0.302547,
            0.32716500000000004,
            0.287017,
            0.379679,
            0.39784200000000003,
            0.370169,
            0.384778,
            0.340078
        ],
        [
            0.749632,
            0.776834,
            0.7067129999999999,
            0.570748,
            0.646109,
            0.610204,
            0.11038600000000001,
            0.130786,
            0.132306,
            0.12857,
            0.129515,
            0.122166,
            0.145629,
            0.136708,
            0.114426,
            0.12171400000000002,
            0.122035,
            0.116707,
            0.12615099999999999,
            0.107628,
            0.11510300000000001,
            0.11957399999999999,
            0.12197,
            0.145391,
            0.119671,
            0,
            0.126189,
            0.12969599999999998,
            0.124557,
            0.118023,
            0.133662,
            0.131555,
            0.13616699999999998,
            0.137074,
            0.14389200000000002,
            0.115127,
            0.15069100000000002,
            0.145073,
            0.165298,
            0.145762,
            0.15805,
            0.143726,
            0.12368099999999999,
            0.138281,
            0.14638099999999998,
            0.14638400000000001,
            0.239098,
            0.283716,
            0.308334,
            0.26818600000000004,
            0.360848,
            0.379011,
            0.35133800000000004,
            0.365947,
            0.321247
        ],
        [
            0.756765,
            0.7839670000000001,
            0.713846,
            0.5778810000000001,
            0.6532420000000001,
            0.617337,
            0.135735,
            0.15613500000000002,
            0.157655,
            0.153919,
            0.154864,
            0.147515,
            0.17097800000000002,
            0.162057,
            0.139775,
            0.147063,
            0.14738400000000001,
            0.14205600000000002,
            0.1515,
            0.132977,
            0.14045200000000002,
            0.144923,
            0.147319,
            0.17074,
            0.14502,
            0.126189,
            0,
            0.064235,
            0.08027000000000001,
            0.08663799999999999,
            0.127855,
            0.138688,
            0.14329999999999998,
            0.144207,
            0.15102500000000002,
            0.12226,
            0.15782400000000002,
            0.152206,
            0.172431,
            0.152895,
            0.165183,
            0.150859,
            0.13081399999999999,
            0.145414,
            0.15351399999999998,
            0.15351700000000001,
            0.246231,
            0.290849,
            0.315467,
            0.275319,
            0.367981,
            0.38614400000000004,
            0.358471,
            0.37307999999999997,
            0.32838
        ],
        [
            0.760272,
            0.787474,
            0.7173529999999999,
            0.581388,
            0.656749,
            0.620844,
            0.139242,
            0.159642,
            0.161162,
            0.157426,
            0.15837099999999998,
            0.151022,
            0.174485,
            0.165564,
            0.14328200000000002,
            0.15057,
            0.150891,
            0.145563,
            0.155007,
            0.136484,
            0.143959,
            0.14843,
            0.15082600000000002,
            0.17424699999999999,
            0.14852700000000002,
            0.12969599999999998,
            0.064235,
            0,
