[
    {
        "NEXUS_FILE_URL": "http://purl.org/phylo/treebase/phylows/study/TB2:S10736"
    },
    {
        "NEXUS_FILE_URL": "http://purl.org/phylo/treebase/phylows/study/TB2:S10736",
        "NEWICK_TREE": "((((31:0.007253499339863294,30:0.011535574090246288):9.567928596944603E-4,(29:0.009836905066612583,28:0.012957563026655242):0.004155291051601945):0.005659526336996244,(((24:0.020235270207810737,(23:0.0017771356925097702,(21:0.0022576470926517424,22:0.006008352181720954):2.2107752604910716E-4):0.0033303175072592023):0.008973365908512113,(27:0.03525784584167289,(25:0.01984684236465071,26:0.031370788577163064):0.005660463663110679):0.0017366013936915604):0.0037128745265210565,((19:0.01178180133776705,20:0.03778511102306612):0.024757539244976676,(18:0.009628175150908448,(((16:0.004370374372576585,15:0.0034162030833963805):2.375993453326282E-4,17:0.0023816051760861883):0.013832032388792572,((14:0.00617723765073979,(13:0.005133923856565882,((11:0.004165530215014775,(9:0.0026245864378270107,10:0.001904397906313218):0.001634952751997669):0.0035276451245962064,12:0.003994731639751005):0.002470250022242989):0.015368973339309722):0.0012685669387355516,((8:0.005307460062514128,7:0.008037234595746783):0.005268632813142499,((5:0.0032684217070588317,6:0.004039434564319258):0.003948504326939785,(3:0.0015786693031096973,(4:0.006025270930143487,(2:0.0020891537063482284,(1:0.0010976920058041327,33:7.722141407362535E-4):6.612904468732076E-4):0.0014805985178150758):4.952447511916746E-4):0.011055526821364434):0.003643351376200672):0.009644787875295081):0.0055757754105256905):0.0015427007065429536):0.0014124538292589887):0.004816134682145996):0.0012113818111496972):0.012277959733806606,32:0.012277959733806606);",
        "DISTANCE_MATRIX": [
            [
                0,
                0.018789073430109583,
                0.02220248831777228,
                0.025323146277814942,
                0.048002710990547606,
                0.03287489398250584,
                0.033576482908696914,
                0.03732718799776613,
                0.055788522109589206,
                0.046037982295677696,
                0.05756192850819006,
                0.056436675612593426,
                0.0824399852978925,
                0.030937964010017128,
                0.04129249567235342,
                0.04033832438317321,
                0.0390661271305304,
                0.035874069565652665,
                0.05019972911078849,
                0.05522923061607657,
                0.055323239590886475,
                0.05460305105937269,
                0.0515307869162166,
                0.04864914572712904,
                0.0513789202603617,
                0.048933330261671695,
                0.049704343118932126,
                0.05435060035214721,
                0.05929244673037268,
                0.0568369280243925,
                0.0565067567707216,
                0.05618127890565372,
                0.03842573800416721
            ],
            [
                0.018789073430109583,
                0,
                0.026484563068155276,
                0.029605221028197938,
                0.052284785740930595,
                0.03715696873288883,
                0.03785855765907992,
                0.04160926274814912,
                0.060070596859972195,
                0.0503200570460607,
                0.06184400325857306,
                0.060718750362976415,
                0.08672206004827548,
                0.03522003876040013,
                0.04557457042273641,
                0.04462039913355621,
                0.04334820188091339,
                0.04015614431603566,
                0.05448180386117148,
                0.05951130536645956,
                0.059605314341269464,
                0.058885125809755676,
                0.055812861666599586,
                0.05293122047751203,
                0.05566099501074469,
                0.0532154050120547,
                0.053986417869315115,
                0.0586326751025302,
                0.06357452148075567,
                0.061119002774775485,
                0.06078883152110459,
                0.06046335365603671,
                0.042707812754550205
            ],
            [
                0.02220248831777228,
                0.026484563068155276,
                0,
                0.022794468093267826,
                0.05378461490920437,
                0.03865679790116261,
                0.039358386827353695,
                0.0431090919164229,
                0.06157042602824597,
                0.051819886214334476,
                0.06334383242684684,
                0.06221857953125019,
                0.08822188921654926,
                0.036719867928673905,
                0.04707439959101019,
                0.04612022830182999,
                0.044848031049187165,
                0.04165597348430944,
                0.055981633029445255,
                0.061011134534733336,
                0.06110514350954324,
                0.060384954978029454,
                0.057312690834873364,
                0.05443104964578581,
                0.057160824179018466,
                0.054715234180328476,
                0.05548624703758889,
                0.06013250427080398,
                0.06507435064902944,
                0.06261883194304926,
                0.06228866068937837,
                0.061963182824310487,
                0.04420764192282398
            ],
            [
                0.025323146277814942,
                0.029605221028197938,
                0.022794468093267826,
                0,
                0.05690527286924704,
                0.04177745586120528,
                0.04247904478739635,
                0.04622974987646557,
                0.06469108398828864,
                0.05494054417437713,
                0.0664644903868895,
                0.06533923749129286,
                0.09134254717659193,
                0.03984052588871656,
                0.05019505755105286,
                0.049240886261872646,
                0.047968689009229834,
                0.0447766314443521,
                0.059102290989487924,
                0.064131792494776,
                0.06422580146958591,
                0.06350561293807212,
                0.060433348794916034,
                0.05755170760582848,
                0.060281482139061135,
                0.05783589214037113,
                0.05860690499763156,
                0.06325316223084665,
                0.06819500860907211,
                0.06573948990309193,
                0.06540931864942104,
                0.06508384078435316,
                0.047328299882866645
            ],
            [
                0.048002710990547606,
                0.052284785740930595,
                0.05378461490920437,
                0.05690527286924704,
                0,
                0.02534272340757971,
                0.02604431233377079,
                0.02979501742284,
                0.0662030833516873,
                0.0564525435377758,
                0.06797648975028817,
                0.07427698590773363,
                0.1002802955930327,
                0.04877827430515734,
                0.059132805967493624,
                0.058178634678313426,
                0.0569064374256706,
                0.053714379860792874,
                0.06804003940592869,
                0.07306954091121677,
                0.07316354988602668,
                0.07244336135451289,
                0.0693710972113568,
                0.06648945602226924,
                0.0692192305555019,
                0.0667736405568119,
                0.06754465341407233,
                0.07219091064728742,
                0.07713275702551288,
                0.0746772383195327,
                0.0743470670658618,
                0.07402158920079392,
                0.05868881192160681
            ],
            [
                0.03287489398250584,
                0.03715696873288883,
                0.03865679790116261,
                0.04177745586120528,
                0.02534272340757971,
                0,
                0.00425586031121062,
                0.008006565400279832,
                0.05107526634364554,
                0.041324726529734034,
                0.052848672742246396,
                0.059149168899691865,
                0.08515247858499093,
                0.03365045729711558,
                0.04400498895945187,
                0.04305081767027166,
                0.041778620417628844,
                0.03858656285275111,
                0.05291222239788693,
                0.05794172390317501,
                0.058035732877984914,
                0.057315544346471126,
                0.054243280203315036,
                0.05136163901422748,
                0.05409141354746014,
                0.05164582354877015,
                0.052416836406030565,
                0.05706309363924565,
                0.062004940017471116,
                0.059549421311490935,
                0.05921925005782004,
                0.05889377219275216,
                0.04356099491356505
            ],
            [
                0.033576482908696914,
                0.03785855765907992,
                0.039358386827353695,
                0.04247904478739635,
                0.02604431233377079,
                0.00425586031121062,
                0,
                0.008265999274372696,
                0.051776855269836615,
                0.04202631545592511,
                0.053550261668437474,
                0.05985075782588295,
                0.08585406751118202,
                0.034352046223306655,
                0.044706577885642945,
                0.04375240659646274,
                0.04248020934381992,
                0.039288151778942196,
                0.05361381132407801,
                0.05864331282936609,
                0.058737321804176,
                0.05801713327266221,
                0.05494486912950612,
                0.052063227940418566,
                0.05479300247365122,
                0.05234741247496122,
                0.05311842533222165,
                0.05776468256543674,
                0.0627065289436622,
                0.06025101023768202,
                0.05992083898401113,
                0.059595361118943244,
                0.04426258383975613
            ],
            [
                0.03732718799776613,
                0.04160926274814912,
                0.0431090919164229,
                0.04622974987646557,
                0.02979501742284,
                0.008006565400279832,
                0.008265999274372696,
                0,
                0.055527560358905825,
                0.04577702054499432,
                0.057300966757506684,
                0.06360146291495215,
                0.08960477260025122,
                0.038102751312375865,
                0.048457282974712156,
                0.04750311168553195,
                0.04623091443288913,
                0.0430388568680114,
                0.057364516413147215,
                0.062394017918435296,
                0.0624880268932452,
                0.061767838361731414,
                0.058695574218575325,
                0.05581393302948777,
                0.058543707562720426,
                0.056098117564030436,
                0.05686913042129085,
                0.06151538765450594,
                0.0664572340327314,
                0.06400171532675122,
                0.06367154407308033,
                0.06334606620801245,
                0.04801328892882534
            ],
            [
                0.055788522109589206,
                0.060070596859972195,
                0.06157042602824597,
                0.06469108398828864,
                0.0662030833516873,
                0.05107526634364554,
                0.051776855269836615,
                0.055527560358905825,
                0,
                0.06076515186943428,
                0.07228909808194664,
                0.08206279702677523,
                0.1080661067120743,
                0.05656408542419894,
                0.06691861708653522,
                0.06596444579735503,
                0.0646922485447122,
                0.061500190979834474,
                0.07582585052497029,
                0.08085535203025837,
                0.08094936100506828,
                0.08022917247355449,
                0.0771569083303984,
                0.07427526714131084,
                0.0770050416745435,
                0.07455945167585351,
                0.07533046453311393,
                0.07997672176632901,
                0.08491856814455448,
                0.0824630494385743,
                0.0821328781849034,
                0.08180740031983552,
                0.06647462304064841
            ],
            [
                0.046037982295677696,
                0.0503200570460607,
                0.051819886214334476,
                0.05494054417437713,
                0.0564525435377758,
                0.041324726529734034,
                0.04202631545592511,
                0.04577702054499432,
                0.06076515186943428,
                0,
                0.05121763094181377,
                0.07231225721286373,
                0.0983155668981628,
                0.04681354561028744,
                0.05716807727262373,
                0.05621390598344352,
                0.054941708730800703,
                0.05174965116592298,
                0.0660753107110588,
                0.07110481221634687,
                0.07119882119115678,
                0.07047863265964299,
                0.0674063685164869,
                0.06452472732739935,
                0.067254501860632,
                0.064808911861942,
                0.06557992471920243,
                0.07022618195241752,
                0.07516802833064298,
                0.0727125096246628,
                0.07238233837099191,
                0.07205686050592403,
                0.05672408322673691
            ],
            [
                0.05756192850819006,
                0.06184400325857306,
                0.06334383242684684,
                0.0664644903868895,
                0.06797648975028817,
                0.052848672742246396,
                0.053550261668437474,
                0.057300966757506684,
                0.07228909808194664,
                0.05121763094181377,
                0,
                0.0838362034253761,
                0.10983951311067516,
                0.05833749182279979,
                0.06869202348513609,
                0.06773785219595588,
                0.06646565494331307,
                0.06327359737843533,
                0.07759925692357114,
                0.08262875842885922,
                0.08272276740366913,
                0.08200257887215534,
                0.07893031472899925,
                0.07604867353991171,
                0.07877844807314435,
                0.07633285807445436,
                0.07710387093171478,
                0.08175012816492988,
                0.08669197454315533,
                0.08423645583717515,
                0.08390628458350427,
                0.08358080671843637,
                0.06824802943924928
            ],
            [
                0.056436675612593426,
                0.060718750362976415,
                0.06221857953125019,
                0.06533923749129286,
                0.07427698590773363,
                0.059149168899691865,
                0.05985075782588295,
                0.06360146291495215,
                0.08206279702677523,
                0.07231225721286373,
                0.0838362034253761,
                0,
                0.049566912360833174,
                0.04757996956291116,
                0.05793450122524745,
                0.05698032993606725,
                0.05570813268342443,
                0.052516075118546696,
                0.06684173466368251,
                0.07187123616897059,
                0.0719652451437805,
                0.07124505661226671,
                0.06817279246911062,
                0.06529115128002307,
                0.06802092581325572,
                0.06557533581456573,
                0.06634634867182615,
                0.07099260590504125,
                0.0759344522832667,
                0.07347893357728652,
                0.07314876232361564,
                0.07282328445854774,
                0.06712277654365263
            ],
            [
                0.0824399852978925,
                0.08672206004827548,
                0.08822188921654926,
                0.09134254717659193,
                0.1002802955930327,
                0.08515247858499093,
                0.08585406751118202,
                0.08960477260025122,
                0.1080661067120743,
                0.0983155668981628,
                0.10983951311067516,
                0.049566912360833174,
                0,
                0.07358327924821023,
                0.08393781091054653,
                0.08298363962136632,
                0.0817114423687235,
                0.07851938480384578,
                0.09284504434898158,
                0.09787454585426968,
                0.09796855482907958,
                0.0972483662975658,
                0.0941761021544097,
                0.09129446096532215,
                0.09402423549855479,
                0.0915786454998648,
                0.09234965835712523,
                0.09699591559034032,
                0.10193776196856578,
                0.0994822432625856,
                0.09915207200891471,
                0.09882659414384683,
                0.0931260862289517
            ],
            [
                0.030937964010017128,
                0.03522003876040013,
                0.036719867928673905,
                0.03984052588871656,
                0.04877827430515734,
                0.03365045729711558,
                0.034352046223306655,
                0.038102751312375865,
                0.05656408542419894,
                0.04681354561028744,
                0.05833749182279979,
                0.04757996956291116,
                0.07358327924821023,
                0,
                0.029610881964153186,
                0.028656710674972982,
                0.027384513422330163,
                0.024192455857452434,
                0.038518115402588246,
                0.043547616907876334,
                0.04364162588268624,
                0.04292143735117245,
                0.03984917320801636,
                0.0369675320189288,
                0.03969730655216146,
                0.03725171655347147,
                0.03802272941073189,
                0.04266898664394698,
                0.04761083302217244,
                0.04515531431619226,
                0.04482514306252137,
                0.044499665197453485,
                0.04162406494107634
            ],
            [
                0.04129249567235342,
                0.04557457042273641,
                0.04707439959101019,
                0.05019505755105286,
                0.059132805967493624,
                0.04400498895945187,
                0.044706577885642945,
                0.048457282974712156,
                0.06691861708653522,
                0.05716807727262373,
                0.06869202348513609,
                0.05793450122524745,
                0.08393781091054653,
                0.029610881964153186,
                0,
                0.007786577455972965,
                0.006989578893995402,
                0.03146158610670281,
                0.04578724565183863,
                0.050816747157126724,
                0.050910756131936616,
                0.05019056760042283,
                0.047118303457266746,
                0.04423666226817918,
                0.04696643680141184,
                0.04452084680272185,
                0.045291859659982274,
                0.049938116893197354,
                0.05487996327142282,
                0.05242444456544264,
                0.05209427331177176,
                0.051768795446703875,
                0.05197859660341263
            ],
            [
                0.04033832438317321,
                0.04462039913355621,
                0.04612022830182999,
                0.049240886261872646,
                0.058178634678313426,
                0.04305081767027166,
                0.04375240659646274,
                0.04750311168553195,
                0.06596444579735503,
                0.05621390598344352,
                0.06773785219595588,
                0.05698032993606725,
                0.08298363962136632,
                0.028656710674972982,
                0.007786577455972965,
                0,
                0.0060354076048151975,
                0.030507414817522612,
                0.044833074362658425,
                0.04986257586794651,
                0.04995658484275642,
                0.04923639631124263,
                0.04616413216808654,
                0.04328249097899898,
                0.046012265512231636,
                0.04356667551354164,
                0.04433768837080207,
                0.04898394560401716,
                0.05392579198224262,
                0.05147027327626244,
                0.051140102022591546,
                0.05081462415752366,
                0.05102442531423242
            ],
            [
                0.0390661271305304,
                0.04334820188091339,
                0.044848031049187165,
                0.047968689009229834,
                0.0569064374256706,
                0.041778620417628844,
                0.04248020934381992,
                0.04623091443288913,
                0.0646922485447122,
                0.054941708730800703,
                0.06646565494331307,
                0.05570813268342443,
                0.0817114423687235,
                0.027384513422330163,
                0.006989578893995402,
                0.0060354076048151975,
                0,
                0.029235217564879793,
                0.043560877110015606,
                0.0485903786153037,
                0.04868438759011359,
                0.047964199058599805,
                0.04489193491544372,
                0.04201029372635616,
                0.04474006825958882,
                0.04229447826089883,
                0.04306549111815925,
                0.04771174835137433,
                0.052653594729599795,
                0.050198076023619614,
                0.049867904769948734,
                0.04954242690488085,
                0.049752228061589604
            ],
            [
                0.035874069565652665,
                0.04015614431603566,
                0.04165597348430944,
                0.0447766314443521,
                0.053714379860792874,
                0.03858656285275111,
                0.039288151778942196,
                0.0430388568680114,
                0.061500190979834474,
                0.05174965116592298,
                0.06327359737843533,
                0.052516075118546696,
                0.07851938480384578,
                0.024192455857452434,
                0.03146158610670281,
                0.030507414817522612,
                0.029235217564879793,
                0,
                0.026680134846615394,
                0.031709636351903485,
                0.031803645326713384,
                0.031083456795199596,
                0.028011192652043507,
                0.027666685340427048,
                0.030396459873659704,
                0.02795086987496971,
                0.02872188273223014,
                0.03336813996544523,
                0.03830998634367069,
                0.035854467637690506,
                0.03552429638401962,
                0.03519881851895174,
                0.04656017049671188
            ],
            [
                0.05019972911078849,
                0.05448180386117148,
                0.055981633029445255,
                0.059102290989487924,
                0.06804003940592869,
                0.05291222239788693,
                0.05361381132407801,
                0.057364516413147215,
                0.07582585052497029,
                0.0660753107110588,
                0.07759925692357114,
                0.06684173466368251,
                0.09284504434898158,
                0.038518115402588246,
                0.04578724565183863,
                0.044833074362658425,
                0.043560877110015606,
                0.026680134846615394,
                0,
                0.015297349218419853,
                0.015391358193229756,
                0.014671169661715965,
                0.011598905518559875,
                0.04199234488556286,
                0.04472211941879552,
                0.04227652942010553,
                0.04304754227736595,
                0.04769379951058104,
                0.0526356458888065,
                0.050180127182826315,
                0.049849955929155434,
                0.04952447806408755,
                0.060885830041847694
            ],
            [
                0.05522923061607657,
                0.05951130536645956,
                0.061011134534733336,
                0.064131792494776,
                0.07306954091121677,
                0.05794172390317501,
                0.05864331282936609,
                0.062394017918435296,
                0.08085535203025837,
                0.07110481221634687,
                0.08262875842885922,
                0.07187123616897059,
                0.09787454585426968,
                0.043547616907876334,
                0.050816747157126724,
                0.04986257586794651,
                0.0485903786153037,
                0.031709636351903485,
                0.015297349218419853,
                0,
                0.008425069404839454,
                0.007704880873325662,
                0.011687906979361987,
                0.047021846390850955,
                0.04975162092408361,
                0.04730603092539362,
                0.048077043782654046,
                0.05272330101586913,
                0.0576651473940946,
                0.05520962868811441,
                0.05487945743444353,
                0.054553979569375646,
                0.06591533154713577
            ],
            [
                0.055323239590886475,
                0.059605314341269464,
                0.06110514350954324,
                0.06422580146958591,
                0.07316354988602668,
                0.058035732877984914,
                0.058737321804176,
                0.0624880268932452,
                0.08094936100506828,
                0.07119882119115678,
                0.08272276740366913,
                0.0719652451437805,
                0.09796855482907958,
                0.04364162588268624,
                0.050910756131936616,
                0.04995658484275642,
                0.04868438759011359,
                0.031803645326713384,
                0.015391358193229756,
                0.008425069404839454,
                0,
                0.004528984344140228,
                0.011781915954171891,
                0.047115855365660854,
                0.04984562989889351,
                0.047400039900203514,
                0.048171052757463945,
                0.05281730999067903,
                0.057759156368904496,
                0.055303637662924315,
                0.05497346640925342,
                0.054647988544185545,
                0.06600934052194568
            ],
            [
                0.05460305105937269,
                0.058885125809755676,
                0.060384954978029454,
                0.06350561293807212,
                0.07244336135451289,
                0.057315544346471126,
                0.05801713327266221,
                0.061767838361731414,
                0.08022917247355449,
                0.07047863265964299,
                0.08200257887215534,
                0.07124505661226671,
                0.0972483662975658,
                0.04292143735117245,
                0.05019056760042283,
                0.04923639631124263,
                0.047964199058599805,
                0.031083456795199596,
                0.014671169661715965,
                0.007704880873325662,
                0.004528984344140228,
                0,
                0.011061727422658098,
                0.046395666834147066,
                0.04912544136737972,
                0.046679851368689726,
                0.04745086422595016,
                0.052097121459165244,
                0.05703896783739071,
                0.05458344913141053,
                0.054253277877739634,
                0.05392780001267176,
                0.06528915199043189
            ],
            [
                0.0515307869162166,
                0.055812861666599586,
                0.057312690834873364,
                0.060433348794916034,
                0.0693710972113568,
                0.054243280203315036,
                0.05494486912950612,
                0.058695574218575325,
                0.0771569083303984,
                0.0674063685164869,
                0.07893031472899925,
                0.06817279246911062,
                0.0941761021544097,
                0.03984917320801636,
                0.047118303457266746,
                0.04616413216808654,
                0.04489193491544372,
                0.028011192652043507,
                0.011598905518559875,
                0.011687906979361987,
                0.011781915954171891,
                0.011061727422658098,
                0,
                0.04332340269099098,
                0.04605317722422363,
                0.04360758722553364,
                0.04437860008279407,
                0.049024857316009154,
                0.05396670369423462,
                0.05151118498825444,
                0.051181013734583544,
                0.05085553586951567,
                0.062216887847275804
            ],
            [
                0.04864914572712904,
                0.05293122047751203,
                0.05443104964578581,
                0.05755170760582848,
                0.06648945602226924,
                0.05136163901422748,
                0.052063227940418566,
                0.05581393302948777,
                0.07427526714131084,
                0.06452472732739935,
                0.07604867353991171,
                0.06529115128002307,
                0.09129446096532215,
                0.0369675320189288,
                0.04423666226817918,
                0.04328249097899898,
                0.04201029372635616,
                0.027666685340427048,
                0.04199234488556286,
                0.047021846390850955,
                0.047115855365660854,
                0.046395666834147066,
                0.04332340269099098,
                0,
                0.013344694658260912,
                0.02143637028585592,
                0.022207383143116342,
                0.02685364037633143,
                0.031795486754556894,
                0.029339968048576713,
                0.029009796794905826,
                0.028684318929837943,
                0.05933524665818825
            ],
            [
                0.0513789202603617,
                0.05566099501074469,
                0.057160824179018466,
                0.060281482139061135,
                0.0692192305555019,
                0.05409141354746014,
                0.05479300247365122,
                0.058543707562720426,
                0.0770050416745435,
                0.067254501860632,
                0.07877844807314435,
                0.06802092581325572,
                0.09402423549855479,
                0.03969730655216146,
                0.04696643680141184,
                0.046012265512231636,
                0.04474006825958882,
                0.030396459873659704,
                0.04472211941879552,
                0.04975162092408361,
                0.04984562989889351,
                0.04912544136737972,
                0.04605317722422363,
                0.013344694658260912,
                0,
                0.024166144819088572,
                0.024937157676349,
                0.029583414909564086,
                0.03452526128778955,
                0.03206974258180936,
                0.03173957132813848,
                0.0314140934630706,
                0.062065021191420905
            ],
            [
                0.048933330261671695,
                0.0532154050120547,
                0.054715234180328476,
                0.05783589214037113,
                0.0667736405568119,
                0.05164582354877015,
                0.05234741247496122,
                0.056098117564030436,
                0.07455945167585351,
                0.064808911861942,
                0.07633285807445436,
                0.06557533581456573,
                0.0915786454998648,
                0.03725171655347147,
                0.04452084680272185,
                0.04356667551354164,
                0.04229447826089883,
                0.02795086987496971,
                0.04227652942010553,
                0.04730603092539362,
                0.047400039900203514,
                0.046679851368689726,
                0.04360758722553364,
                0.02143637028585592,
                0.024166144819088572,
                0,
                0.00730785627137809,
                0.019851122158472748,
                0.024792968536698212,
                0.02233744983071803,
                0.022007278577047144,
                0.02168180071197926,
                0.05961943119273091
            ],
            [
                0.049704343118932126,
                0.053986417869315115,
                0.05548624703758889,
                0.05860690499763156,
                0.06754465341407233,
                0.052416836406030565,
                0.05311842533222165,
                0.05686913042129085,
                0.07533046453311393,
                0.06557992471920243,
                0.07710387093171478,
                0.06634634867182615,
                0.09234965835712523,
                0.03802272941073189,
                0.045291859659982274,
                0.04433768837080207,
                0.04306549111815925,
                0.02872188273223014,
                0.04304754227736595,
                0.048077043782654046,
                0.048171052757463945,
                0.04745086422595016,
                0.04437860008279407,
                0.022207383143116342,
                0.024937157676349,
                0.00730785627137809,
                0,
                0.02062213501573317,
                0.02556398139395864,
                0.023108462687978455,
                0.022778291434307568,
                0.02245281356923969,
                0.06039044404999133
            ],
            [
                0.05435060035214721,
                0.0586326751025302,
                0.06013250427080398,
                0.06325316223084665,
                0.07219091064728742,
                0.05706309363924565,
                0.05776468256543674,
                0.06151538765450594,
                0.07997672176632901,
                0.07022618195241752,
                0.08175012816492988,
                0.07099260590504125,
                0.09699591559034032,
                0.04266898664394698,
                0.049938116893197354,
                0.04898394560401716,
                0.04771174835137433,
                0.03336813996544523,
                0.04769379951058104,
                0.05272330101586913,
                0.05281730999067903,
                0.052097121459165244,
                0.049024857316009154,
                0.02685364037633143,
                0.029583414909564086,
                0.019851122158472748,
                0.02062213501573317,
                0,
                0.008099184984444858,
                0.005643666278464676,
                0.005313495024793788,
                0.004988017159725909,
                0.06503670128320642
            ],
            [
                0.05929244673037268,
                0.06357452148075567,
                0.06507435064902944,
                0.06819500860907211,
                0.07713275702551288,
                0.062004940017471116,
                0.0627065289436622,
                0.0664572340327314,
                0.08491856814455448,
                0.07516802833064298,
                0.08669197454315533,
                0.0759344522832667,
                0.10193776196856578,
                0.04761083302217244,
                0.05487996327142282,
                0.05392579198224262,
                0.052653594729599795,
                0.03830998634367069,
                0.0526356458888065,
                0.0576651473940946,
                0.057759156368904496,
                0.05703896783739071,
                0.05396670369423462,
                0.031795486754556894,
                0.03452526128778955,
                0.024792968536698212,
                0.02556398139395864,
                0.008099184984444858,
                0,
                0.00959502315430679,
                0.009264851900635904,
                0.008939374035568024,
                0.06997854766143188
            ],
            [
                0.0568369280243925,
                0.061119002774775485,
                0.06261883194304926,
                0.06573948990309193,
                0.0746772383195327,
                0.059549421311490935,
                0.06025101023768202,
                0.06400171532675122,
                0.0824630494385743,
                0.0727125096246628,
                0.08423645583717515,
                0.07347893357728652,
                0.0994822432625856,
                0.04515531431619226,
                0.05242444456544264,
                0.05147027327626244,
                0.050198076023619614,
                0.035854467637690506,
                0.050180127182826315,
                0.05520962868811441,
                0.055303637662924315,
                0.05458344913141053,
                0.05151118498825444,
                0.029339968048576713,
                0.03206974258180936,
                0.02233744983071803,
                0.023108462687978455,
                0.005643666278464676,
                0.00959502315430679,
                0,
                0.003848136159025569,
                0.0035226582939576895,
                0.0675230289554517
            ],
            [
                0.0565067567707216,
                0.06078883152110459,
                0.06228866068937837,
                0.06540931864942104,
                0.0743470670658618,
                0.05921925005782004,
                0.05992083898401113,
                0.06367154407308033,
                0.0821328781849034,
                0.07238233837099191,
                0.08390628458350427,
                0.07314876232361564,
                0.09915207200891471,
                0.04482514306252137,
                0.05209427331177176,
                0.051140102022591546,
                0.049867904769948734,
                0.03552429638401962,
                0.049849955929155434,
                0.05487945743444353,
                0.05497346640925342,
                0.054253277877739634,
                0.051181013734583544,
                0.029009796794905826,
                0.03173957132813848,
                0.022007278577047144,
                0.022778291434307568,
                0.005313495024793788,
                0.009264851900635904,
