{
    "NEXUS_FILE_URL": "http://purl.org/phylo/treebase/phylows/study/TB2:S10943",
    "NEWICK_TREE": "(33:0.36194321,((31:1.0E-8,29:1.0E-8):1.0E-8,(((11:1.0E-8,(12:1.0E-8,13:1.0E-8):1.0E-8):0.01361954,(16:1.0E-8,(15:1.0E-8,((18:1.0E-8,19:1.0E-8):0.00203073,((((20:1.0E-8,2:1.0E-8):1.0E-8,21:1.0E-8):1.0E-8,1:1.0E-8):1.0E-8,(32:1.0E-8,((((23:1.0E-8,(28:1.0E-8,(24:1.0E-8,27:1.0E-8):1.0E-8):1.0E-8):1.0E-8,(17:0.00206342,(6:1.0E-8,5:1.0E-8):0.00205626):1.0E-8):1.0E-8,(10:1.0E-8,9:1.0E-8):0.00206461):0.00629711,14:0.00425035):0.00423805):0.00202695):0.01554906):1.0E-8):1.0E-8):0.0020606):0.00421155,((((4:1.0E-8,3:1.0E-8):1.0E-8,22:1.0E-8):1.0E-8,(7:2.0E-8,8:1.0E-8):0.00202844):0.00202689,30:1.0E-8):0.00202795):1.0E-8):0.00203689,(25:1.0E-8,26:1.0E-8):1.0E-8);",
    "DISTANCE_MATRIX": [
        [
            0.0,
            0.36398012,
            0.36398012,
            0.38181121,
            0.38181122,
            0.38181122,
            0.37025227,
            0.37025228,
            0.37228302,
            0.37228302,
            0.38580138,
            0.38580138,
            0.38580137000000003,
            0.38580136000000004,
            0.3878283,
            0.39836348,
            0.39836349000000004,
            0.39836350000000004,
            0.39836350000000004,
            0.40042689000000004,
            0.40041974,
            0.40041974,
            0.40042807,
            0.40042807,
            0.39631669,
            0.36803498,
            0.36803498,
            0.36803497,
            0.37006341000000004,
            0.37006340000000004,
            0.36600807,
            0.36194323,
            0.36194323
        ],
        [
            0.36398012,
            0.0,
            2e-08,
            0.01783113,
            0.01783114,
            0.01783114,
            0.0062721899999999995,
            0.0062721999999999995,
            0.00830294,
            0.00830294,
            0.0218213,
            0.0218213,
            0.021821290000000004,
            0.021821280000000002,
            0.023848220000000007,
            0.03438340000000001,
            0.03438341,
            0.034383420000000005,
            0.034383420000000005,
            0.03644681000000001,
            0.03643966000000001,
            0.03643966000000001,
            0.03644799000000001,
            0.03644799000000001,
            0.03233661000000001,
            0.0040549,
            0.0040549,
            0.00405489,
            0.00608333,
            0.00608332,
            0.00202799,
            0.0020369299999999997,
            0.0020369299999999997
        ],
        [
            0.36398012,
            2e-08,
            0.0,
            0.01783113,
            0.01783114,
            0.01783114,
            0.0062721899999999995,
            0.0062721999999999995,
            0.00830294,
            0.00830294,
            0.0218213,
            0.0218213,
            0.021821290000000004,
            0.021821280000000002,
            0.023848220000000007,
            0.03438340000000001,
            0.03438341,
            0.034383420000000005,
            0.034383420000000005,
            0.03644681000000001,
            0.03643966000000001,
            0.03643966000000001,
            0.03644799000000001,
            0.03644799000000001,
            0.03233661000000001,
            0.0040549,
            0.0040549,
            0.00405489,
            0.00608333,
            0.00608332,
            0.00202799,
            0.0020369299999999997,
            0.0020369299999999997
        ],
        [
            0.38181121,
            0.01783113,
            0.01783113,
            0.0,
            3.0000000000000004e-08,
            3.0000000000000004e-08,
            0.01568016,
            0.01568017,
            0.01771091,
            0.01771091,
            0.031229269999999996,
            0.031229269999999996,
            0.031229260000000002,
            0.03122925,
            0.033256190000000005,
            0.04379137,
            0.04379138,
            0.04379139,
            0.04379139,
            0.045854780000000005,
            0.04584763000000001,
            0.04584763000000001,
            0.04585596000000001,
            0.04585596000000001,
            0.04174458,
            0.021885969999999998,
            0.021885969999999998,
            0.02188596,
            0.0239144,
            0.02391439,
            0.019859059999999998,
            0.01986802,
            0.01986802
        ],
        [
            0.38181122,
            0.01783114,
            0.01783114,
            3.0000000000000004e-08,
            0.0,
            2e-08,
            0.01568017,
            0.01568018,
            0.017710919999999998,
            0.017710919999999998,
            0.031229279999999998,
            0.031229279999999998,
            0.03122927,
            0.03122926,
            0.0332562,
            0.043791380000000005,
            0.04379139,
            0.0437914,
            0.0437914,
            0.045854790000000006,
            0.04584764000000001,
            0.04584764000000001,
            0.04585597000000001,
            0.04585597000000001,
            0.04174459,
            0.02188598,
            0.02188598,
            0.021885969999999998,
            0.023914409999999997,
            0.023914399999999995,
            0.019859069999999996,
            0.01986803,
            0.01986803
        ],
        [
            0.38181122,
            0.01783114,
            0.01783114,
            3.0000000000000004e-08,
            2e-08,
            0.0,
            0.01568017,
            0.01568018,
            0.017710919999999998,
            0.017710919999999998,
            0.031229279999999998,
            0.031229279999999998,
            0.03122927,
            0.03122926,
            0.0332562,
            0.043791380000000005,
            0.04379139,
            0.0437914,
            0.0437914,
            0.045854790000000006,
            0.04584764000000001,
            0.04584764000000001,
            0.04585597000000001,
            0.04585597000000001,
            0.04174459,
            0.02188598,
            0.02188598,
            0.021885969999999998,
            0.023914409999999997,
            0.023914399999999995,
            0.019859069999999996,
            0.01986803,
            0.01986803
        ],
        [
            0.37025227,
            0.0062721899999999995,
            0.0062721899999999995,
            0.01568016,
            0.01568017,
            0.01568017,
            0.0,
            3.0000000000000004e-08,
            0.00203077,
            0.00203077,
            0.01554913,
            0.01554913,
            0.01554912,
            0.01554911,
            0.017576050000000006,
            0.028111230000000004,
            0.028111240000000003,
            0.028111250000000004,
            0.028111250000000004,
            0.030174640000000003,
            0.030167490000000005,
            0.030167490000000005,
            0.030175820000000006,
            0.030175820000000006,
            0.026064440000000005,
            0.010327030000000001,
            0.010327030000000001,
            0.01032702,
            0.012355459999999999,
            0.01235545,
            0.00830012,
            0.00830908,
            0.00830908
        ],
        [
            0.37025228,
            0.0062721999999999995,
            0.0062721999999999995,
            0.01568017,
            0.01568018,
            0.01568018,
            3.0000000000000004e-08,
            0.0,
            0.00203076,
            0.00203076,
            0.01554912,
            0.01554912,
            0.01554911,
            0.0155491,
            0.017576040000000005,
            0.028111220000000003,
            0.02811123,
            0.028111240000000003,
            0.028111240000000003,
            0.03017463,
            0.030167480000000003,
            0.030167480000000003,
            0.030175810000000004,
            0.030175810000000004,
            0.026064430000000003,
            0.01032704,
            0.01032704,
            0.010327030000000001,
            0.01235547,
            0.012355459999999999,
            0.00830013,
            0.00830909,
            0.00830909
        ],
        [
            0.37228302,
            0.00830294,
            0.00830294,
            0.01771091,
            0.017710919999999998,
            0.017710919999999998,
            0.00203077,
            0.00203076,
            0.0,
            2e-08,
            0.01757984,
            0.01757984,
            0.01757983,
            0.01757982,
            0.01960676,
            0.03014194,
            0.030141949999999997,
            0.03014196,
            0.03014196,
            0.03220535,
            0.0321982,
            0.0321982,
            0.032206530000000004,
            0.032206530000000004,
            0.02809515,
            0.01235778,
            0.01235778,
            0.01235777,
            0.01438621,
            0.0143862,
            0.01033087,
            0.01033983,
            0.01033983
        ],
        [
            0.37228302,
            0.00830294,
            0.00830294,
            0.01771091,
            0.017710919999999998,
            0.017710919999999998,
            0.00203077,
            0.00203076,
            2e-08,
            0.0,
            0.01757984,
            0.01757984,
            0.01757983,
            0.01757982,
            0.01960676,
            0.03014194,
            0.030141949999999997,
            0.03014196,
            0.03014196,
            0.03220535,
            0.0321982,
            0.0321982,
            0.032206530000000004,
            0.032206530000000004,
            0.02809515,
            0.01235778,
            0.01235778,
            0.01235777,
            0.01438621,
            0.0143862,
            0.01033087,
            0.01033983,
            0.01033983
        ],
        [
            0.38580138,
            0.0218213,
            0.0218213,
            0.031229269999999996,
            0.031229279999999998,
            0.031229279999999998,
            0.01554913,
            0.01554912,
            0.01757984,
            0.01757984,
            0.0,
            2e-08,
            3.0000000000000004e-08,
            4e-08,
            0.002027,
            0.01256218,
            0.012562189999999999,
            0.012562199999999999,
            0.012562199999999999,
            0.014625589999999999,
            0.01461844,
            0.01461844,
            0.014626769999999999,
            0.014626769999999999,
            0.01051539,
            0.02587614,
            0.02587614,
            0.025876129999999997,
            0.027904569999999997,
            0.027904559999999995,
            0.023849229999999996,
            0.023858189999999998,
            0.023858189999999998
        ],
        [
            0.38580138,
            0.0218213,
            0.0218213,
            0.031229269999999996,
            0.031229279999999998,
            0.031229279999999998,
            0.01554913,
            0.01554912,
            0.01757984,
            0.01757984,
            2e-08,
            0.0,
            3.0000000000000004e-08,
            4e-08,
            0.002027,
            0.01256218,
            0.012562189999999999,
            0.012562199999999999,
            0.012562199999999999,
            0.014625589999999999,
            0.01461844,
            0.01461844,
            0.014626769999999999,
            0.014626769999999999,
            0.01051539,
            0.02587614,
            0.02587614,
            0.025876129999999997,
            0.027904569999999997,
            0.027904559999999995,
            0.023849229999999996,
            0.023858189999999998,
            0.023858189999999998
        ],
        [
            0.38580137000000003,
            0.021821290000000004,
            0.021821290000000004,
            0.031229260000000002,
            0.03122927,
            0.03122927,
            0.01554912,
            0.01554911,
            0.01757983,
            0.01757983,
            3.0000000000000004e-08,
            3.0000000000000004e-08,
            0.0,
            3.0000000000000004e-08,
            0.0020269899999999998,
            0.01256217,
            0.01256218,
            0.012562189999999999,
            0.012562189999999999,
            0.01462558,
            0.01461843,
            0.01461843,
            0.014626759999999999,
            0.014626759999999999,
            0.01051538,
            0.025876130000000004,
            0.025876130000000004,
            0.025876120000000002,
            0.027904560000000002,
            0.02790455,
            0.02384922,
            0.023858180000000003,
            0.023858180000000003
        ],
        [
            0.38580136000000004,
            0.021821280000000002,
            0.021821280000000002,
            0.03122925,
            0.03122926,
            0.03122926,
            0.01554911,
            0.0155491,
            0.01757982,
            0.01757982,
            4e-08,
            4e-08,
            3.0000000000000004e-08,
            0.0,
            0.00202698,
            0.01256216,
            0.01256217,
            0.01256218,
            0.01256218,
            0.01462557,
            0.01461842,
            0.01461842,
            0.014626749999999999,
            0.014626749999999999,
            0.01051537,
            0.025876120000000002,
            0.025876120000000002,
            0.02587611,
            0.02790455,
            0.02790454,
            0.02384921,
            0.02385817,
            0.02385817
        ],
        [
            0.3878283,
            0.023848220000000007,
            0.023848220000000007,
            0.033256190000000005,
            0.0332562,
            0.0332562,
            0.017576050000000006,
            0.017576040000000005,
            0.01960676,
            0.01960676,
            0.002027,
            0.002027,
            0.0020269899999999998,
            0.00202698,
            0.0,
            0.0105352,
            0.01053521,
            0.01053522,
            0.01053522,
            0.01259861,
            0.01259146,
            0.01259146,
            0.01259979,
            0.01259979,
            0.00848841,
            0.027903060000000007,
            0.027903060000000007,
            0.027903050000000006,
            0.029931490000000005,
            0.029931480000000003,
            0.025876150000000004,
            0.025885110000000006,
            0.025885110000000006
        ],
        [
            0.39836348,
            0.03438340000000001,
            0.03438340000000001,
            0.04379137,
            0.043791380000000005,
            0.043791380000000005,
            0.028111230000000004,
            0.028111220000000003,
            0.03014194,
            0.03014194,
            0.01256218,
            0.01256218,
            0.01256217,
            0.01256216,
            0.0105352,
            0.0,
            3.0000000000000004e-08,
            4e-08,
            4e-08,
            0.0020634499999999997,
            0.0020562999999999996,
            0.0020562999999999996,
            0.00206465,
            0.00206465,
            0.01054749,
            0.038438240000000005,
            0.038438240000000005,
            0.038438230000000004,
            0.04046667,
            0.04046666,
            0.036411330000000006,
            0.03642029000000001,
            0.03642029000000001
        ],
        [
            0.39836349000000004,
            0.03438341,
            0.03438341,
            0.04379138,
            0.04379139,
            0.04379139,
            0.028111240000000003,
            0.02811123,
            0.030141949999999997,
            0.030141949999999997,
            0.012562189999999999,
            0.012562189999999999,
            0.01256218,
            0.01256217,
            0.01053521,
            3.0000000000000004e-08,
            0.0,
            3.0000000000000004e-08,
            3.0000000000000004e-08,
            0.0020634599999999996,
            0.0020563099999999996,
            0.0020563099999999996,
            0.0020646600000000003,
            0.0020646600000000003,
            0.0105475,
            0.03843825,
            0.03843825,
            0.03843824,
            0.04046668,
            0.040466669999999996,
            0.03641134,
            0.0364203,
            0.0364203
        ],
        [
            0.39836350000000004,
            0.034383420000000005,
            0.034383420000000005,
            0.04379139,
            0.0437914,
            0.0437914,
            0.028111250000000004,
            0.028111240000000003,
            0.03014196,
            0.03014196,
            0.012562199999999999,
            0.012562199999999999,
            0.012562189999999999,
            0.01256218,
            0.01053522,
            4e-08,
            3.0000000000000004e-08,
            0.0,
            2e-08,
            0.00206347,
            0.00205632,
            0.00205632,
            0.0020646700000000002,
            0.0020646700000000002,
            0.01054751,
            0.03843826,
            0.03843826,
            0.03843825,
            0.04046669,
            0.04046668,
            0.03641135,
            0.036420310000000004,
            0.036420310000000004
        ],
        [
            0.39836350000000004,
            0.034383420000000005,
            0.034383420000000005,
            0.04379139,
            0.0437914,
            0.0437914,
            0.028111250000000004,
            0.028111240000000003,
            0.03014196,
            0.03014196,
            0.012562199999999999,
            0.012562199999999999,
            0.012562189999999999,
            0.01256218,
            0.01053522,
            4e-08,
            3.0000000000000004e-08,
            2e-08,
            0.0,
            0.00206347,
            0.00205632,
            0.00205632,
            0.0020646700000000002,
            0.0020646700000000002,
            0.01054751,
            0.03843826,
            0.03843826,
            0.03843825,
            0.04046669,
            0.04046668,
            0.03641135,
            0.036420310000000004,
            0.036420310000000004
        ],
        [
            0.40042689000000004,
            0.03644681000000001,
            0.03644681000000001,
            0.045854780000000005,
            0.045854790000000006,
            0.045854790000000006,
            0.030174640000000003,
            0.03017463,
            0.03220535,
            0.03220535,
            0.014625589999999999,
            0.014625589999999999,
            0.01462558,
            0.01462557,
            0.01259861,
            0.0020634499999999997,
            0.0020634599999999996,
            0.00206347,
            0.00206347,
            0.0,
            0.00411969,
            0.00411969,
            0.004128059999999999,
            0.004128059999999999,
            0.0126109,
            0.04050165000000001,
            0.04050165000000001,
            0.040501640000000005,
            0.042530080000000005,
            0.04253007,
            0.03847474000000001,
            0.03848370000000001,
            0.03848370000000001
        ],
        [
            0.40041974,
            0.03643966000000001,
            0.03643966000000001,
            0.04584763000000001,
            0.04584764000000001,
            0.04584764000000001,
            0.030167490000000005,
            0.030167480000000003,
            0.0321982,
            0.0321982,
            0.01461844,
            0.01461844,
            0.01461843,
            0.01461842,
            0.01259146,
            0.0020562999999999996,
            0.0020563099999999996,
            0.00205632,
            0.00205632,
            0.00411969,
            0.0,
            2e-08,
            0.00412091,
            0.00412091,
            0.01260375,
            0.04049450000000001,
            0.04049450000000001,
            0.04049449000000001,
            0.04252293000000001,
            0.042522920000000006,
            0.03846759000000001,
            0.03847655000000001,
            0.03847655000000001
        ],
        [
            0.40041974,
            0.03643966000000001,
            0.03643966000000001,
            0.04584763000000001,
            0.04584764000000001,
            0.04584764000000001,
            0.030167490000000005,
            0.030167480000000003,
            0.0321982,
            0.0321982,
            0.01461844,
            0.01461844,
            0.01461843,
            0.01461842,
            0.01259146,
            0.0020562999999999996,
            0.0020563099999999996,
            0.00205632,
            0.00205632,
            0.00411969,
            2e-08,
            0.0,
            0.00412091,
            0.00412091,
            0.01260375,
            0.04049450000000001,
            0.04049450000000001,
            0.04049449000000001,
            0.04252293000000001,
            0.042522920000000006,
            0.03846759000000001,
            0.03847655000000001,
            0.03847655000000001
        ],
        [
            0.40042807,
            0.03644799000000001,
            0.03644799000000001,
            0.04585596000000001,
            0.04585597000000001,
            0.04585597000000001,
            0.030175820000000006,
            0.030175810000000004,
            0.032206530000000004,
            0.032206530000000004,
            0.014626769999999999,
            0.014626769999999999,
            0.014626759999999999,
            0.014626749999999999,
            0.01259979,
            0.00206465,
            0.0020646600000000003,
            0.0020646700000000002,
            0.0020646700000000002,
            0.004128059999999999,
            0.00412091,
            0.00412091,
            0.0,
            2e-08,
            0.01261208,
            0.04050283000000001,
            0.04050283000000001,
            0.04050282000000001,
            0.04253126000000001,
            0.04253125000000001,
            0.03847592000000001,
            0.03848488000000001,
            0.03848488000000001
        ],
        [
            0.40042807,
            0.03644799000000001,
            0.03644799000000001,
            0.04585596000000001,
            0.04585597000000001,
            0.04585597000000001,
            0.030175820000000006,
            0.030175810000000004,
            0.032206530000000004,
            0.032206530000000004,
            0.014626769999999999,
            0.014626769999999999,
            0.014626759999999999,
            0.014626749999999999,
            0.01259979,
            0.00206465,
            0.0020646600000000003,
            0.0020646700000000002,
            0.0020646700000000002,
            0.004128059999999999,
            0.00412091,
            0.00412091,
            2e-08,
            0.0,
            0.01261208,
            0.04050283000000001,
            0.04050283000000001,
            0.04050282000000001,
            0.04253126000000001,
            0.04253125000000001,
            0.03847592000000001,
            0.03848488000000001,
            0.03848488000000001
        ],
        [
            0.39631669,
            0.03233661000000001,
            0.03233661000000001,
            0.04174458,
            0.04174459,
            0.04174459,
            0.026064440000000005,
            0.026064430000000003,
            0.02809515,
            0.02809515,
            0.01051539,
            0.01051539,
            0.01051538,
            0.01051537,
            0.00848841,
            0.01054749,
            0.0105475,
            0.01054751,
            0.01054751,
            0.0126109,
            0.01260375,
            0.01260375,
            0.01261208,
            0.01261208,
            0.0,
            0.036391450000000006,
            0.036391450000000006,
            0.036391440000000004,
            0.038419880000000003,
            0.03841987,
            0.034364540000000006,
            0.03437350000000001,
            0.03437350000000001
        ],
        [
            0.36803498,
            0.0040549,
            0.0040549,
            0.021885969999999998,
            0.02188598,
            0.02188598,
            0.010327030000000001,
            0.01032704,
            0.01235778,
            0.01235778,
            0.02587614,
            0.02587614,
            0.025876130000000004,
            0.025876120000000002,
            0.027903060000000007,
            0.038438240000000005,
            0.03843825,
            0.03843826,
            0.03843826,
            0.04050165000000001,
            0.04049450000000001,
            0.04049450000000001,
            0.04050283000000001,
            0.04050283000000001,
            0.036391450000000006,
            0.0,
            2e-08,
            3.0000000000000004e-08,
            0.0020284899999999995,
            0.0020284799999999996,
            0.0020269299999999997,
            0.00609179,
            0.00609179
        ],
        [
            0.36803498,
            0.0040549,
            0.0040549,
            0.021885969999999998,
            0.02188598,
            0.02188598,
            0.010327030000000001,
            0.01032704,
            0.01235778,
            0.01235778,
            0.02587614,
            0.02587614,
            0.025876130000000004,
            0.025876120000000002,
            0.027903060000000007,
            0.038438240000000005,
            0.03843825,
            0.03843826,
            0.03843826,
            0.04050165000000001,
            0.04049450000000001,
            0.04049450000000001,
            0.04050283000000001,
            0.04050283000000001,
            0.036391450000000006,
            2e-08,
            0.0,
            3.0000000000000004e-08,
            0.0020284899999999995,
            0.0020284799999999996,
            0.0020269299999999997,
            0.00609179,
            0.00609179
        ],
        [
            0.36803497,
            0.00405489,
            0.00405489,
            0.02188596,
            0.021885969999999998,
            0.021885969999999998,
            0.01032702,
            0.010327030000000001,
            0.01235777,
            0.01235777,
            0.025876129999999997,
            0.025876129999999997,
            0.025876120000000002,
            0.02587611,
            0.027903050000000006,
            0.038438230000000004,
            0.03843824,
            0.03843825,
            0.03843825,
            0.040501640000000005,
            0.04049449000000001,
            0.04049449000000001,
            0.04050282000000001,
            0.04050282000000001,
            0.036391440000000004,
            3.0000000000000004e-08,
            3.0000000000000004e-08,
            0.0,
            0.0020284799999999996,
            0.0020284699999999997,
            0.0020269199999999998,
            0.00609178,
            0.00609178
        ],
        [
            0.37006341000000004,
            0.00608333,
            0.00608333,
            0.0239144,
            0.023914409999999997,
            0.023914409999999997,
            0.012355459999999999,
            0.01235547,
            0.01438621,
            0.01438621,
            0.027904569999999997,
            0.027904569999999997,
            0.027904560000000002,
            0.02790455,
            0.029931490000000005,
            0.04046667,
            0.04046668,
            0.04046669,
            0.04046669,
            0.042530080000000005,
            0.04252293000000001,
            0.04252293000000001,
            0.04253126000000001,
            0.04253126000000001,
            0.038419880000000003,
            0.0020284899999999995,
            0.0020284899999999995,
            0.0020284799999999996,
            0.0,
            3.0000000000000004e-08,
            0.004055359999999999,
            0.00812022,
            0.00812022
        ],
        [
            0.37006340000000004,
            0.00608332,
            0.00608332,
            0.02391439,
            0.023914399999999995,
            0.023914399999999995,
            0.01235545,
            0.012355459999999999,
            0.0143862,
            0.0143862,
            0.027904559999999995,
            0.027904559999999995,
            0.02790455,
            0.02790454,
            0.029931480000000003,
            0.04046666,
            0.040466669999999996,
            0.04046668,
            0.04046668,
            0.04253007,
            0.042522920000000006,
            0.042522920000000006,
            0.04253125000000001,
            0.04253125000000001,
            0.03841987,
            0.0020284799999999996,
            0.0020284799999999996,
            0.0020284699999999997,
            3.0000000000000004e-08,
            0.0,
            0.004055349999999999,
            0.00812021,
            0.00812021
        ],
        [
            0.36600807,
            0.00202799,
            0.00202799,
            0.019859059999999998,
            0.019859069999999996,
            0.019859069999999996,
            0.00830012,
            0.00830013,
            0.01033087,
            0.01033087,
            0.023849229999999996,
            0.023849229999999996,
            0.02384922,
            0.02384921,
            0.025876150000000004,
            0.036411330000000006,
            0.03641134,
            0.03641135,
            0.03641135,
            0.03847474000000001,
            0.03846759000000001,
            0.03846759000000001,
            0.03847592000000001,
            0.03847592000000001,
            0.034364540000000006,
            0.0020269299999999997,
            0.0020269299999999997,
            0.0020269199999999998,
            0.004055359999999999,
            0.004055349999999999,
            0.0,
            0.00406488,
            0.00406488
        ],
        [
            0.36194323,
            0.0020369299999999997,
            0.0020369299999999997,
            0.01986802,
            0.01986803,
            0.01986803,
            0.00830908,
            0.00830909,
            0.01033983,
            0.01033983,
            0.023858189999999998,
            0.023858189999999998,
            0.023858180000000003,
            0.02385817,
            0.025885110000000006,
            0.03642029000000001,
            0.0364203,
            0.036420310000000004,
            0.036420310000000004,
            0.03848370000000001,
            0.03847655000000001,
            0.03847655000000001,
            0.03848488000000001,
            0.03848488000000001,
            0.03437350000000001,
            0.00609179,
            0.00609179,
            0.00609178,
            0.00812022,
            0.00812021,
            0.00406488,
            0.0,
            2e-08
        ],
        [
            0.36194323,
            0.0020369299999999997,
            0.0020369299999999997,
            0.01986802,
            0.01986803,
            0.01986803,
            0.00830908,
            0.00830909,
            0.01033983,
            0.01033983,
            0.023858189999999998,
            0.023858189999999998,
            0.023858180000000003,
            0.02385817,
            0.025885110000000006,
            0.03642029000000001,
            0.0364203,
            0.036420310000000004,
            0.036420310000000004,
            0.03848370000000001,
            0.03847655000000001,
            0.03847655000000001,
            0.03848488000000001,
            0.03848488000000001,
            0.03437350000000001,
            0.00609179,
            0.00609179,
            0.00609178,
            0.00812022,
            0.00812021,
            0.00406488,
            2e-08,
            0.0
        ]
    ],
    "NODE_MAPPING": {
        "0": "33",
        "1": "31",
        "2": "29",
        "3": "11",
        "4": "12",
        "5": "13",
        "6": "16",
        "7": "15",
        "8": "18",
        "9": "19",
        "10": "20",
        "11": "2",
        "12": "21",
        "13": "1",
        "14": "32",
        "15": "23",
        "16": "28",
        "17": "24",
        "18": "27",
        "19": "17",
        "20": "6",
        "21": "5",
        "22": "10",
        "23": "9",
        "24": "14",
        "25": "4",
        "26": "3",
        "27": "22",
        "28": "7",
        "29": "8",
        "30": "30",
        "31": "25",
        "32": "26"
    }
}