{
    "NEXUS_FILE_URL": "http://purl.org/phylo/treebase/phylows/study/TB2:S12067",
    "NEWICK_TREE": "(29:0.00104646,((((((54:1.0E-8,52:1.0E-8):1.0E-8,53:0.00326824):0.00204797,(((22:0.00131423,(24:0.00136153,((48:0.00244865,((((((40:0.00144514,16:0.00746119):1.0E-8,(62:0.00260067,57:0.00855315):0.00388718):0.00235394,36:0.00267187):0.00111496,(32:0.0038905,(49:0.00111397,50:1.0E-8):0.00214263):7.7875E-4):6.8325E-4,(67:0.00199601,((9:0.0068217,((12:0.00514626,33:0.00198237):0.00260109,((20:0.0019244,(28:1.0E-8,59:1.0E-8):0.00124326):0.00125073,(68:1.0E-8,51:1.0E-8):0.00322068):1.0E-8):1.0E-8):5.0679E-4,((6:0.00463958,((((37:1.0E-8,(((56:1.0E-8,(71:0.00304752,38:1.0E-8):0.00140793):1.0E-8,39:1.0E-8):1.0E-8,72:0.00111283):1.0E-8):1.0E-8,70:1.0E-8):4.4819E-4,23:0.00357825):1.0E-8,55:0.00610068):4.6232E-4):4.4969E-4,(7:0.00376557,(((((1:0.01661492,(2:0.02215455,(4:0.09596923,3:0.04009561):0.02179602):0.01707256):0.01001724,((35:0.00667134,26:0.00467376):0.01550904,((41:0.00988365,74:0.01433615):0.00621109,(((63:0.0048522,11:0.0102088):0.00231607,(15:0.00678076,25:0.00687083):0.00633968):0.00174448,(69:0.00208343,5:0.00108529):0.0067643):0.00194181):0.00331034):0.0016715):0.00274648,(34:0.01078915,10:0.01567755):0.00526261):0.00174505,((((65:0.00106259,66:0.00267536):1.0E-8,64:1.0E-8):0.01037575,44:0.00437982):0.00381594,(45:0.0231058,(18:0.0028306,(8:0.00189858,(21:0.00213261,27:0.00159216):0.00151714):6.1386E-4):0.01230209):2.4034E-4):0.00407571):0.0036519,19:0.00599841):0.00425226):0.00112983):4.7508E-4):1.0E-8):1.0E-8):9.5768E-4,(43:0.00110987,17:0.0010457):0.00211818):1.0E-8):1.0E-8,(14:0.0078227,47:0.00609428):1.0E-8):0.00139178):1.0E-8):0.00138913,46:0.0017801):1.0E-8,13:0.00547246):1.0E-8):1.0E-8,(42:0.00756312,((73:0.00115927,58:9.889E-4):0.00209609,31:0.0015437):5.7728E-4):0.00101722):6.4833E-4,60:0.00132404):1.0E-8,61:1.0E-8):0.00174764,30:8.9236E-4);",
    "DISTANCE_MATRIX": [
        [
            0.0,
            0.00549044,
            0.00549044,
            0.00875866,
            0.00614583,
            0.006193139999999999,
            0.00867205,
            0.01277839,
            0.018794440000000003,
            0.01782109,
            0.023773570000000008,
            0.011651169999999999,
            0.01253359,
            0.011899690000000001,
            0.01078573,
            0.009177109999999999,
            0.014509600000000001,
            0.015435260000000003,
            0.01227137,
            0.010863049999999999,
            0.010181919999999997,
            0.010181919999999997,
            0.01090861,
            0.01090861,
            0.01274546,
            0.00901642,
            0.009016449999999999,
            0.01347189,
            0.010424379999999997,
            0.00901644,
            0.01012925,
            0.009016409999999999,
            0.012146460000000001,
            0.014668880000000002,
            0.012551590000000001,
            0.04781387000000003,
            0.07042605999999994,
            0.16603675999999995,
            0.11016313999999992,
            0.045033590000000026,
            0.04303601000000003,
            0.042258290000000025,
            0.04671079000000003,
            0.03701811000000002,
            0.042374710000000024,
            0.04297028000000003,
            0.043060350000000025,
            0.03695309000000002,
            0.03595495000000001,
            0.034486990000000016,
            0.03937539000000003,
            0.03602018000000001,
            0.03763295000000002,
            0.03495759000000001,
            0.028961650000000005,
            0.044112030000000024,
            0.03613892000000002,
            0.035820760000000014,
            0.03757193000000002,
            0.03703148000000002,
            0.019036690000000002,
            0.009451459999999998,
            0.00938729,
            0.014046100000000002,
            0.012317680000000001,
            0.00522257,
            0.00891492,
            0.01202278,
            0.008292299999999999,
            0.00812193,
            0.00658064,
            0.00411815,
            0.00279411,
            0.00193882
        ],
        [
            0.00549044,
            0.0,
            2e-08,
            0.00326826,
            0.0047513699999999996,
            0.00479868,
            0.0072775900000000004,
            0.011383929999999999,
            0.017399980000000002,
            0.01642663,
            0.022379110000000008,
            0.010256709999999999,
            0.011139129999999999,
            0.010505229999999999,
            0.00939127,
            0.00778265,
            0.01311514,
            0.0140408,
            0.010876909999999998,
            0.009468589999999999,
            0.008787459999999999,
            0.008787459999999999,
            0.009514149999999999,
            0.009514149999999999,
            0.011351,
            0.0076219600000000005,
            0.00762199,
            0.012077429999999998,
            0.009029919999999999,
            0.00762198,
            0.00873479,
            0.007621950000000001,
            0.010752,
            0.01327442,
            0.01115713,
            0.04641941000000002,
            0.06903159999999996,
            0.16464229999999996,
            0.10876867999999994,
            0.04363913000000002,
            0.04164155000000002,
            0.04086383000000002,
            0.04531633000000002,
            0.035623650000000014,
            0.04098025000000002,
            0.04157582000000002,
            0.04166589000000002,
            0.035558630000000015,
            0.034560490000000006,
            0.03309253000000001,
            0.037980930000000024,
            0.034625720000000006,
            0.03623849000000001,
            0.033563130000000004,
            0.027567190000000005,
            0.04271757000000002,
            0.03474446000000001,
            0.03442630000000001,
            0.03617747000000001,
            0.03563702000000001,
            0.017642230000000002,
            0.008057,
            0.00799283,
            0.01265164,
            0.010923219999999999,
            0.00382811,
            0.00752046,
            0.01062834,
            0.0068978600000000004,
            0.006727489999999999,
            0.0051862,
            0.00402037,
            0.0026963499999999997,
            0.00533634
        ],
        [
            0.00549044,
            2e-08,
            0.0,
            0.00326826,
            0.0047513699999999996,
            0.00479868,
            0.0072775900000000004,
            0.011383929999999999,
            0.017399980000000002,
            0.01642663,
            0.022379110000000008,
            0.010256709999999999,
            0.011139129999999999,
            0.010505229999999999,
            0.00939127,
            0.00778265,
            0.01311514,
            0.0140408,
            0.010876909999999998,
            0.009468589999999999,
            0.008787459999999999,
            0.008787459999999999,
            0.009514149999999999,
            0.009514149999999999,
            0.011351,
            0.0076219600000000005,
            0.00762199,
            0.012077429999999998,
            0.009029919999999999,
            0.00762198,
            0.00873479,
            0.007621950000000001,
            0.010752,
            0.01327442,
            0.01115713,
            0.04641941000000002,
            0.06903159999999996,
            0.16464229999999996,
            0.10876867999999994,
            0.04363913000000002,
            0.04164155000000002,
            0.04086383000000002,
            0.04531633000000002,
            0.035623650000000014,
            0.04098025000000002,
            0.04157582000000002,
            0.04166589000000002,
            0.035558630000000015,
            0.034560490000000006,
            0.03309253000000001,
            0.037980930000000024,
            0.034625720000000006,
            0.03623849000000001,
            0.033563130000000004,
            0.027567190000000005,
            0.04271757000000002,
            0.03474446000000001,
            0.03442630000000001,
            0.03617747000000001,
            0.03563702000000001,
            0.017642230000000002,
            0.008057,
            0.00799283,
            0.01265164,
            0.010923219999999999,
            0.00382811,
            0.00752046,
            0.01062834,
            0.0068978600000000004,
            0.006727489999999999,
            0.0051862,
            0.00402037,
            0.0026963499999999997,
            0.00533634
        ],
        [
            0.00875866,
            0.00326826,
            0.00326826,
            0.0,
            0.00801959,
            0.0080669,
            0.01054581,
            0.01465215,
            0.0206682,
            0.01969485,
            0.02564733000000001,
            0.01352493,
            0.01440735,
            0.01377345,
            0.012659489999999999,
            0.01105087,
            0.01638336,
            0.01730902,
            0.014145129999999999,
            0.012736809999999998,
            0.01205568,
            0.01205568,
            0.012782369999999998,
            0.012782369999999998,
            0.01461922,
            0.01089018,
            0.01089021,
            0.015345649999999999,
            0.012298139999999999,
            0.0108902,
            0.012003009999999998,
            0.010890170000000001,
            0.01402022,
            0.01654264,
            0.01442535,
            0.049687630000000024,
            0.07229981999999996,
            0.16791051999999995,
            0.11203689999999994,
            0.04690735000000002,
            0.04490977000000002,
            0.04413205000000002,
            0.048584550000000025,
            0.038891870000000016,
            0.04424847000000002,
            0.04484404000000002,
            0.04493411000000002,
            0.03882685000000002,
            0.03782871000000001,
            0.03636075000000001,
            0.041249150000000026,
            0.03789394000000001,
            0.039506710000000014,
            0.036831350000000006,
            0.030835410000000008,
            0.04598579000000002,
            0.038012680000000014,
            0.03769452000000001,
            0.03944569000000001,
            0.038905240000000015,
            0.02091045,
            0.01132522,
            0.011261049999999998,
            0.01591986,
            0.01419144,
            0.00709633,
            0.01078868,
            0.01389656,
            0.010166080000000001,
            0.00999571,
            0.00845442,
            0.00728859,
            0.00596457,
            0.00860456
        ],
        [
            0.00614583,
            0.0047513699999999996,
            0.0047513699999999996,
            0.00801959,
            0.0,
            0.00267577,
            0.00515468,
            0.009261019999999998,
            0.01527707,
            0.01430372,
            0.020256200000000005,
            0.008133799999999998,
            0.009016219999999998,
            0.008382319999999999,
            0.00726836,
            0.00565974,
            0.01099223,
            0.01191789,
            0.008753999999999998,
            0.0073456799999999985,
            0.006664549999999998,
            0.006664549999999998,
            0.007391239999999999,
            0.007391239999999999,
            0.00922809,
            0.00549905,
            0.00549908,
            0.009954519999999998,
            0.006907009999999998,
            0.00549907,
            0.006611879999999999,
            0.00549904,
            0.008629089999999999,
            0.01115151,
            0.009034219999999999,
            0.044296500000000016,
            0.06690868999999997,
            0.16251938999999999,
            0.10664576999999995,
            0.04151622000000001,
            0.039518640000000015,
            0.03874092000000001,
            0.04319342000000002,
            0.03350074000000001,
            0.03885734000000001,
            0.039452910000000015,
            0.03954298000000001,
            0.03343572000000001,
            0.03243758000000001,
            0.030969620000000007,
            0.03585802000000002,
            0.03250281000000001,
            0.034115580000000006,
            0.031440220000000005,
            0.025444280000000003,
            0.04059466000000001,
            0.032621550000000006,
            0.03230339000000001,
            0.034054560000000005,
            0.03351411000000001,
            0.01551932,
            0.0059340899999999995,
            0.005869919999999999,
            0.01052873,
            0.008800309999999999,
            0.00448346,
            0.00817583,
            0.01128373,
            0.00755325,
            0.00738288,
            0.005841590000000001,
            0.00467576,
            0.0033517399999999998,
            0.00599173
        ],
        [
            0.006193139999999999,
            0.00479868,
            0.00479868,
            0.0080669,
            0.00267577,
            0.0,
            0.00520197,
            0.009308309999999998,
            0.01532436,
            0.01435101,
            0.020303490000000004,
            0.008181089999999999,
            0.009063509999999999,
            0.008429609999999999,
            0.00731565,
            0.00570703,
            0.01103952,
            0.01196518,
            0.008801289999999998,
            0.007392969999999999,
            0.006711839999999998,
            0.006711839999999998,
            0.007438529999999999,
            0.007438529999999999,
            0.00927538,
            0.00554634,
            0.00554637,
            0.010001809999999998,
            0.006954299999999998,
            0.00554636,
            0.006659169999999999,
            0.00554633,
            0.00867638,
            0.0111988,
            0.00908151,
            0.044343790000000015,
            0.06695597999999997,
            0.16256668,
            0.10669305999999995,
            0.04156351000000001,
            0.03956593000000001,
            0.03878821000000001,
            0.043240710000000016,
            0.033548030000000006,
            0.03890463000000001,
            0.03950020000000001,
            0.03959027000000001,
            0.03348301000000001,
            0.032484870000000006,
            0.031016910000000005,
            0.03590531000000002,
            0.032550100000000005,
            0.034162870000000005,
            0.03148751,
            0.02549157,
            0.04064195000000001,
            0.032668840000000005,
            0.03235068000000001,
            0.03410185,
            0.033561400000000005,
            0.01556661,
            0.00598138,
            0.005917209999999999,
            0.01057602,
            0.008847599999999999,
            0.00453077,
            0.00822314,
            0.01133104,
            0.007600559999999999,
            0.00743019,
            0.0058889,
            0.004723069999999999,
            0.0033990499999999994,
            0.006039039999999999
        ],
        [
            0.00867205,
            0.0072775900000000004,
            0.0072775900000000004,
            0.01054581,
            0.00515468,
            0.00520197,
            0.0,
            0.00900364,
            0.01501969,
            0.014046340000000001,
            0.019998820000000004,
            0.007876419999999999,
            0.00875884,
            0.00812494,
            0.00701098,
            0.00540236,
            0.01073485,
            0.01166051,
            0.00849662,
            0.0070883,
            0.006407169999999999,
            0.006407169999999999,
            0.00713386,
            0.00713386,
            0.00897071,
            0.00524167,
            0.0052417,
            0.00969714,
            0.006649629999999999,
            0.00524169,
            0.0063545,
            0.00524166,
            0.008371710000000001,
            0.01089413,
            0.008776840000000001,
            0.044039120000000015,
            0.06665130999999998,
            0.16226200999999998,
            0.10638838999999996,
            0.041258840000000005,
            0.039261260000000006,
            0.03848354000000001,
            0.04293604000000001,
            0.03324336,
            0.03859996,
            0.039195530000000006,
            0.039285600000000004,
            0.03317834,
            0.032180200000000006,
            0.030712240000000005,
            0.03560064000000002,
            0.032245430000000005,
            0.033858200000000005,
            0.03118284,
            0.0251869,
            0.04033728,
            0.03236417,
            0.03204601,
            0.033797179999999996,
            0.03325673,
            0.01526194,
            0.00567671,
            0.00561254,
            0.01027137,
            0.00854295,
            0.00700968,
            0.010702050000000001,
            0.013809950000000001,
            0.01007947,
            0.0099091,
            0.00836781,
            0.00720198,
            0.00587796,
            0.00851795
        ],
        [
            0.01277839,
            0.011383929999999999,
            0.011383929999999999,
            0.01465215,
            0.009261019999999998,
            0.009308309999999998,
            0.00900364,
            0.0,
            0.00890633,
            0.007932999999999999,
            0.01388548,
            0.0064709599999999996,
            0.0095833,
            0.0089494,
            0.007835439999999999,
            0.007593319999999999,
            0.01292581,
            0.01385147,
            0.010687579999999999,
            0.00927926,
            0.008598129999999999,
            0.008598129999999999,
            0.00932482,
            0.00932482,
            0.011161669999999999,
            0.007432629999999999,
            0.007432659999999999,
            0.011888099999999999,
            0.008840589999999999,
            0.007432649999999999,
            0.00854546,
            0.007432619999999999,
            0.01056267,
            0.013085089999999999,
            0.0109678,
            0.04623008000000001,
            0.06884226999999998,
            0.16445297,
            0.10857934999999996,
            0.043449800000000004,
            0.041452220000000005,
            0.0406745,
            0.04512700000000001,
            0.035434320000000005,
            0.04079092,
            0.041386490000000005,
            0.04147656,
            0.035369300000000006,
            0.03437116,
            0.03290320000000001,
            0.03779160000000001,
            0.03443639,
            0.03604916,
            0.033373799999999995,
            0.02737786,
            0.04252824,
            0.03455513,
            0.034236970000000005,
            0.03598814,
            0.035447690000000004,
            0.0174529,
            0.009783029999999998,
            0.00971886,
            0.014377709999999998,
            0.012649289999999999,
            0.011116019999999999,
            0.01480839,
            0.01791629,
            0.01418581,
            0.014015439999999999,
            0.01247415,
            0.01130832,
            0.0099843,
            0.01262429
        ],
        [
            0.018794440000000003,
            0.017399980000000002,
            0.017399980000000002,
            0.0206682,
            0.01527707,
            0.01532436,
            0.01501969,
            0.00890633,
            0.0,
            0.013949050000000001,
            0.01990153,
            0.01248701,
            0.01559935,
            0.01496545,
            0.01385149,
            0.013609369999999999,
            0.018941859999999998,
            0.01986752,
            0.016703629999999997,
            0.01529531,
            0.01461418,
            0.01461418,
            0.01534087,
            0.01534087,
            0.01717772,
            0.01344868,
            0.01344871,
            0.01790415,
            0.014856639999999999,
            0.0134487,
            0.01456151,
            0.01344867,
            0.016578719999999998,
            0.01910114,
            0.01698385,
            0.05224613000000001,
            0.07485831999999998,
            0.17046902,
            0.11459539999999996,
            0.049465850000000006,
            0.04746827000000001,
            0.046690550000000004,
            0.05114305000000001,
            0.04145037,
            0.04680697,
            0.04740254000000001,
            0.047492610000000005,
            0.04138535,
            0.04038721,
            0.03891925,
            0.04380765000000001,
            0.04045244,
            0.04206521,
            0.03938985,
            0.03339391,
            0.048544290000000004,
            0.04057118,
            0.04025302,
            0.04200419,
            0.04146374,
            0.02346895,
            0.01579908,
            0.01573491,
            0.02039376,
            0.01866534,
            0.017132070000000003,
            0.02082444,
            0.023932340000000003,
            0.020201860000000002,
            0.02003149,
            0.018490200000000002,
            0.01732437,
            0.016000350000000003,
            0.018640340000000005
        ],
        [
            0.01782109,
            0.01642663,
            0.01642663,
            0.01969485,
            0.01430372,
            0.01435101,
            0.014046340000000001,
            0.007932999999999999,
            0.013949050000000001,
            0.0,
            0.01115382,
            0.01151366,
            0.014626,
            0.0139921,
            0.01287814,
            0.01263602,
            0.01796851,
            0.018894170000000002,
            0.01573028,
            0.01432196,
            0.01364083,
            0.01364083,
            0.01436752,
            0.01436752,
            0.01620437,
            0.01247533,
            0.01247536,
            0.0169308,
            0.01388329,
            0.01247535,
            0.01358816,
            0.01247532,
            0.01560537,
            0.018127789999999998,
            0.0160105,
            0.051272780000000004,
            0.07388496999999998,
            0.16949567000000001,
            0.11362204999999996,
            0.04849250000000001,
            0.04649492000000001,
            0.0457172,
            0.05016970000000001,
            0.04047702,
            0.045833620000000005,
            0.04642919000000001,
            0.04651926000000001,
            0.040412000000000003,
            0.03941386,
            0.037945900000000005,
            0.042834300000000006,
            0.03947909,
            0.04109186,
            0.0384165,
            0.03242056,
            0.047570940000000006,
            0.03959783,
            0.03927967,
            0.04103084,
            0.04049039,
            0.022495599999999998,
            0.01482573,
            0.01476156,
            0.01942041,
            0.01769199,
            0.01615872,
            0.019851090000000002,
            0.022958990000000002,
            0.01922851,
            0.01905814,
            0.01751685,
            0.01635102,
            0.015027000000000002,
            0.01766699
        ],
        [
            0.023773570000000008,
            0.022379110000000008,
            0.022379110000000008,
            0.02564733000000001,
            0.020256200000000005,
            0.020303490000000004,
            0.019998820000000004,
            0.01388548,
            0.01990153,
            0.01115382,
            0.0,
            0.01746614,
            0.020578480000000003,
            0.019944580000000003,
            0.018830620000000003,
            0.018588500000000004,
            0.023920990000000003,
            0.024846650000000005,
            0.021682760000000002,
            0.020274440000000005,
            0.019593310000000003,
            0.019593310000000003,
            0.020320000000000005,
            0.020320000000000005,
            0.022156850000000002,
            0.018427810000000003,
            0.018427840000000004,
            0.022883280000000002,
            0.019835770000000003,
            0.018427830000000003,
            0.019540640000000005,
            0.018427800000000005,
            0.021557850000000003,
            0.02408027,
            0.021962980000000003,
            0.057225260000000014,
            0.07983744999999999,
            0.17544815,
            0.11957452999999997,
            0.054444980000000004,
            0.052447400000000005,
            0.05166968000000001,
            0.05612218000000001,
            0.046429500000000005,
            0.0517861,
            0.052381670000000005,
            0.05247174,
            0.046364480000000007,
            0.045366340000000005,
            0.04389838000000001,
            0.048786780000000016,
            0.045431570000000004,
            0.047044340000000004,
            0.04436898,
            0.038373040000000004,
            0.05352342,
            0.045550310000000004,
            0.045232150000000006,
            0.04698332,
            0.046442870000000004,
            0.02844808,
            0.020778210000000002,
            0.020714040000000003,
            0.025372890000000006,
            0.023644470000000004,
            0.022111200000000004,
            0.025803570000000005,
            0.02891147000000001,
            0.02518099000000001,
            0.02501062000000001,
            0.02346933000000001,
            0.022303500000000007,
            0.020979480000000012,
            0.02361947000000001
        ],
        [
            0.011651169999999999,
            0.010256709999999999,
            0.010256709999999999,
            0.01352493,
            0.008133799999999998,
            0.008181089999999999,
            0.007876419999999999,
            0.0064709599999999996,
            0.01248701,
            0.01151366,
            0.01746614,
            0.0,
            0.00845608,
            0.00782218,
            0.006708219999999999,
            0.006466099999999999,
            0.01179859,
            0.01272425,
            0.009560359999999999,
            0.00815204,
            0.007470909999999999,
            0.007470909999999999,
            0.0081976,
            0.0081976,
            0.01003445,
            0.006305409999999999,
            0.006305439999999999,
            0.010760879999999999,
            0.007713369999999999,
            0.006305429999999999,
            0.0074182399999999996,
            0.006305399999999999,
            0.00943545,
            0.011957869999999999,
            0.00984058,
            0.04510286000000001,
            0.06771504999999998,
            0.16332575,
            0.10745212999999997,
            0.042322580000000005,
            0.04032500000000001,
            0.039547280000000004,
            0.04399978000000001,
            0.0343071,
            0.0396637,
            0.04025927000000001,
            0.040349340000000004,
            0.03424208,
            0.03324394,
            0.03177598,
            0.03666438000000001,
            0.03330917,
            0.03492194,
            0.03224658,
            0.02625064,
            0.041401020000000004,
            0.03342791,
            0.03310975,
            0.03486092,
            0.03432047,
            0.01632568,
            0.00865581,
            0.00859164,
            0.01325049,
            0.011522069999999999,
            0.009988799999999999,
            0.01368117,
            0.01678907,
            0.013058589999999998,
            0.012888219999999999,
            0.01134693,
            0.0101811,
            0.00885708,
            0.01149707
        ],
        [
            0.01253359,
            0.011139129999999999,
            0.011139129999999999,
            0.01440735,
            0.009016219999999998,
            0.009063509999999999,
            0.00875884,
            0.0095833,
            0.01559935,
            0.014626,
            0.020578480000000003,
            0.00845608,
            0.0,
            0.0071471,
            0.006033139999999999,
            0.007348519999999999,
            0.01268101,
            0.01360667,
            0.010442779999999999,
            0.00903446,
            0.008353329999999999,
            0.008353329999999999,
            0.00908002,
            0.00908002,
            0.010916869999999999,
            0.007187829999999999,
            0.007187859999999999,
            0.011643299999999999,
            0.008595789999999999,
            0.007187849999999999,
            0.00830066,
            0.007187819999999999,
            0.01031787,
            0.012840289999999999,
            0.010723,
            0.04598528,
            0.06859746999999998,
            0.16420817000000001,
            0.10833454999999996,
            0.04320500000000001,
            0.04120742000000001,
            0.0404297,
            0.04488220000000001,
            0.03518952,
            0.040546120000000005,
            0.04114169000000001,
            0.041231760000000006,
            0.0351245,
            0.03412636,
            0.032658400000000004,
            0.037546800000000005,
            0.03419159,
            0.03580436,
            0.033129,
            0.02713306,
            0.042283440000000005,
            0.03431033,
            0.03399217,
            0.03574334,
            0.03520289,
            0.017208099999999997,
            0.009538229999999998,
            0.00947406,
            0.014132909999999999,
            0.012404489999999999,
            0.01087122,
            0.01456359,
            0.017671489999999998,
            0.01394101,
            0.013770639999999999,
            0.01222935,
            0.01106352,
            0.0097395,
            0.01237949
        ],
        [
            0.011899690000000001,
            0.010505229999999999,
            0.010505229999999999,
            0.01377345,
            0.008382319999999999,
            0.008429609999999999,
            0.00812494,
            0.0089494,
            0.01496545,
            0.0139921,
            0.019944580000000003,
            0.00782218,
            0.0071471,
            0.0,
            0.0011139799999999999,
            0.006714619999999999,
            0.01204711,
            0.01297277,
            0.009808879999999999,
            0.00840056,
            0.007719429999999999,
            0.007719429999999999,
            0.00844612,
            0.00844612,
            0.010282969999999999,
            0.0065539299999999995,
            0.006553959999999999,
            0.011009399999999999,
            0.00796189,
            0.006553949999999999,
            0.00766676,
            0.0065539199999999995,
            0.00968397,
            0.01220639,
            0.0100891,
            0.04535138000000001,
            0.06796356999999999,
            0.16357427,
            0.10770064999999997,
            0.0425711,
            0.04057352,
            0.039795800000000006,
            0.044248300000000004,
            0.03455562,
            0.03991222,
            0.04050779,
            0.04059786,
            0.0344906,
            0.03349246,
            0.032024500000000004,
            0.03691290000000001,
            0.03355769,
            0.03517046,
            0.0324951,
            0.02649916,
            0.04164954,
            0.03367643,
            0.03335827,
            0.03510944,
            0.03456899,
            0.016574199999999997,
            0.008904329999999998,
            0.00884016,
            0.013499009999999999,
            0.01177059,
            0.01023732,
            0.01392969,
            0.01703759,
            0.01330711,
            0.01313674,
            0.01159545,
            0.01042962,
            0.0091056,
            0.01174559
        ],
        [
            0.01078573,
            0.00939127,
            0.00939127,
            0.012659489999999999,
            0.00726836,
            0.00731565,
            0.00701098,
            0.007835439999999999,
            0.01385149,
            0.01287814,
            0.018830620000000003,
            0.006708219999999999,
            0.006033139999999999,
            0.0011139799999999999,
            0.0,
            0.00560066,
            0.010933149999999999,
            0.011858810000000001,
            0.008694919999999998,
            0.0072866,
            0.00660547,
            0.00660547,
            0.00733216,
            0.00733216,
            0.00916901,
            0.005439970000000001,
            0.00544,
            0.009895439999999998,
            0.0068479299999999995,
            0.0054399900000000005,
            0.0065528,
            0.005439960000000001,
            0.00857001,
            0.01109243,
            0.00897514,
            0.044237420000000006,
            0.06684960999999999,
            0.16246031,
            0.10658668999999997,
            0.04145714,
            0.039459560000000005,
            0.03868184,
            0.04313434000000001,
            0.033441660000000005,
            0.03879826,
            0.039393830000000005,
            0.0394839,
            0.033376640000000006,
            0.032378500000000004,
            0.030910540000000004,
            0.03579894000000001,
            0.032443730000000004,
            0.0340565,
            0.03138114,
            0.0253852,
            0.04053558,
            0.03256247,
            0.032244310000000005,
            0.03399548,
            0.033455030000000004,
            0.01546024,
            0.00779037,
            0.0077262,
            0.01238505,
            0.01065663,
            0.00912336,
            0.012815730000000001,
            0.01592363,
            0.01219315,
            0.01202278,
            0.01048149,
            0.00931566,
            0.00799164,
            0.01063163
        ],
        [
            0.009177109999999999,
            0.00778265,
            0.00778265,
            0.01105087,
            0.00565974,
            0.00570703,
            0.00540236,
            0.007593319999999999,
            0.013609369999999999,
            0.01263602,
            0.018588500000000004,
            0.006466099999999999,
            0.007348519999999999,
            0.006714619999999999,
            0.00560066,
            0.0,
            0.00932451,
            0.01025017,
            0.007086279999999999,
            0.005677959999999999,
            0.004996829999999999,
            0.004996829999999999,
            0.005723519999999999,
            0.005723519999999999,
            0.00756037,
            0.00383133,
            0.00383136,
            0.008286799999999999,
            0.005239289999999999,
            0.00383135,
            0.0049441599999999995,
            0.00383132,
            0.00696137,
            0.009483789999999999,
            0.0073665,
            0.042628780000000005,
            0.06524097,
            0.16085167,
            0.10497804999999998,
            0.0398485,
            0.03785092,
            0.0370732,
            0.041525700000000006,
            0.031833020000000004,
            0.03718962,
            0.03778519,
            0.03787526,
            0.031768000000000005,
            0.03076986,
            0.029301900000000002,
            0.03419030000000001,
            0.03083509,
            0.03244786,
            0.029772499999999997,
            0.02377656,
            0.03892694,
            0.030953829999999998,
            0.03063567,
            0.03238684,
            0.03184639,
            0.013851599999999999,
            0.00618175,
            0.00611758,
            0.01077643,
            0.009048009999999999,
            0.00751474,
            0.01120711,
            0.01431501,
            0.01058453,
            0.010414159999999999,
            0.00887287,
            0.00770704,
            0.00638302,
            0.00902301
        ],
        [
            0.014509600000000001,
            0.01311514,
            0.01311514,
            0.01638336,
            0.01099223,
            0.01103952,
            0.01073485,
            0.01292581,
            0.018941859999999998,
            0.01796851,
            0.023920990000000003,
            0.01179859,
            0.01268101,
            0.01204711,
            0.010933149999999999,
            0.00932451,
            0.0,
            0.01456906,
            0.01140517,
            0.00999685,
            0.00931572,
            0.00931572,
            0.01004241,
            0.01004241,
            0.01289284,
            0.0091638,
            0.00916383,
            0.01361927,
            0.01057176,
            0.00916382,
            0.01027663,
            0.00916379,
            0.01229384,
            0.01481626,
            0.01269897,
            0.047961250000000004,
            0.07057343999999999,
            0.16618414,
            0.11031051999999997,
            0.04518097,
            0.04318339,
            0.04240567,
            0.046858170000000005,
            0.037165489999999995,
            0.04252209,
            0.04311766,
            0.04320773,
            0.037100469999999997,
            0.03610233,
            0.03463437,
            0.039522770000000006,
            0.03616756,
            0.03778033,
            0.03510497,
            0.029109029999999998,
            0.04425941,
            0.036286299999999994,
            0.035968139999999996,
            0.03771930999999999,
            0.037178859999999994,
            0.019184069999999998,
            0.01151424,
            0.01145007,
            0.01610892,
            0.014380500000000001,
            0.012847230000000001,
            0.0165396,
            0.019647500000000002,
            0.01591702,
            0.01574665,
            0.014205360000000002,
            0.013039530000000002,
            0.011715510000000002,
            0.014355500000000002
        ],
        [
            0.015435260000000003,
            0.0140408,
            0.0140408,
            0.01730902,
            0.01191789,
            0.01196518,
            0.01166051,
            0.01385147,
            0.01986752,
            0.018894170000000002,
            0.024846650000000005,
            0.01272425,
            0.01360667,
            0.01297277,
            0.011858810000000001,
            0.01025017,
            0.01456906,
            0.0,
            0.0071286299999999995,
            0.01092249,
            0.01024136,
            0.01024136,
            0.01096805,
            0.01096805,
            0.013818500000000001,
            0.01008946,
            0.01008949,
            0.01454493,
            0.01149742,
            0.01008948,
            0.01120229,
            0.01008945,
            0.0132195,
            0.01574192,
            0.01362463,
            0.048886910000000006,
            0.0714991,
            0.1671098,
            0.11123617999999998,
            0.04610663,
            0.044109050000000004,
            0.04333133,
            0.047783830000000006,
            0.03809115,
            0.04344775,
            0.044043320000000004,
            0.04413339,
            0.03802613,
            0.03702799,
            0.03556003,
            0.04044843000000001,
            0.037093219999999996,
            0.038705989999999996,
            0.036030629999999994,
            0.030034689999999996,
            0.04518507,
            0.037211959999999995,
            0.0368938,
            0.038644969999999994,
            0.038104519999999996,
