{
    "NEXUS_FILE_URL": "http://purl.org/phylo/treebase/phylows/study/TB2:S10876",
    "NEWICK_TREE": "(62:100.0,((((((((25:100.0,(26:100.0,27:100.0):75.748398):99.937477,((((((10:100.0,11:100.0):71.431931,12:100.0):42.279343,13:100.0):5.697961,14:100.0):47.471043,9:100.0):98.821342,(((38:100.0,(37:100.0,42:100.0):83.107964):62.441235,39:100.0):65.732567,(43:100.0,(41:100.0,40:100.0):17.154911):60.898968):40.149776):80.851395):87.21447,1:100.0):17.16679,((((19:100.0,(20:100.0,21:100.0):85.512589):94.481598,23:100.0):19.90518,(24:100.0,22:100.0):43.652802):99.971931,(7:100.0,8:100.0):99.319031):83.286125):14.32054,((((57:100.0,((60:100.0,58:100.0):54.012402,59:100.0,56:100.0):0.489818):50.333599,61:100.0):48.785774,(54:100.0,55:100.0):92.284927):89.997826,(33:100.0,(((29:100.0,(32:100.0,31:100.0):51.504871):49.018204,30:100.0):92.459328,28:100.0):99.880768):66.393417):98.455994):12.472616,((((48:100.0,47:100.0):99.362915,49:100.0):96.800278,(((15:100.0,17:100.0):76.350441,(16:100.0,18:100.0):45.36742):38.401119,((34:100.0,35:100.0):46.519367,36:100.0):97.800812):96.941887):29.673466,((51:100.0,50:100.0):95.465744,(52:100.0,53:100.0):99.030991):100.0):17.207754):30.147926,((44:100.0,45:100.0):98.318245,46:100.0):99.836166):50.831074,(((2:100.0,(5:100.0,6:100.0):61.599998):6.304549,3:100.0):58.688019,4:100.0):100.0):99.006973,(64:100.0,63:100.0):100.0);",
    "DISTANCE_MATRIX": [
        [
            0.0,
            611.0978660000001,
            686.846264,
            686.846264,
            857.7134040000001,
            857.7134040000001,
            786.281473,
            744.00213,
            738.304169,
            690.833126,
            760.335362,
            843.4433260000001,
            843.4433260000001,
            697.894127,
            693.060528,
            710.215439,
            710.215439,
            423.945919,
            704.4239630000001,
            789.9365520000001,
            789.9365520000001,
            609.942365,
            633.689987,
            633.689987,
            589.384285,
            589.384285,
            680.031782,
            734.5340020000001,
            734.5340020000001,
            680.5216,
            680.5216,
            629.698183,
            673.197336,
            673.197336,
            557.308,
            798.6663000000001,
            850.171171,
            850.171171,
            749.6480960000001,
            657.188768,
            623.030386,
            623.030386,
            523.667471,
            638.56064,
            638.56064,
            607.577619,
            607.577619,
            668.129259,
            668.129259,
            621.6098920000001,
            592.6594709999999,
            592.6594709999999,
            596.2247179999999,
            596.2247179999999,
            547.9924579999999,
            547.9924579999999,
            449.674213,
            463.999541,
            525.599539,
            525.599539,
            457.694992,
            399.006973,
            300.0,
            300.0
        ],
        [
            611.0978660000001,
            0.0,
            275.748398,
            275.748398,
            646.4904919999999,
            646.4904919999999,
            575.058561,
            532.7792179999999,
            527.081257,
            479.610214,
            549.1124500000001,
            632.2204140000001,
            632.2204140000001,
            486.671215,
            481.83761599999997,
            498.992527,
            498.992527,
            387.151947,
            701.963571,
            787.4761599999999,
            787.4761599999999,
            607.4819729999999,
            631.229595,
            631.229595,
            586.9238929999999,
            586.9238929999999,
            706.21247,
            760.71469,
            760.71469,
            706.7022880000001,
            706.7022880000001,
            655.878871,
            699.378024,
            699.378024,
            583.488688,
            824.846988,
            876.351859,
            876.351859,
            775.828784,
            683.369456,
            674.1563060000001,
            674.1563060000001,
            574.7933909999999,
            689.6865600000001,
            689.6865600000001,
            658.7035390000001,
            658.7035390000001,
            719.255179,
            719.255179,
            672.7358120000001,
            643.785391,
            643.785391,
            647.350638,
            647.350638,
            659.41423,
            659.41423,
            561.0959849999999,
            677.0834609999999,
            738.6834590000001,
            738.6834590000001,
            670.778912,
            612.090893,
            711.0978660000001,
            711.0978660000001
        ],
        [
            686.846264,
            275.748398,
            0.0,
            200.0,
            722.23889,
            722.23889,
            650.806959,
            608.527616,
            602.829655,
            555.358612,
            624.860848,
            707.9688120000001,
            707.9688120000001,
            562.419613,
            557.586014,
            574.7409250000001,
            574.7409250000001,
            462.900345,
            777.7119690000001,
            863.224558,
            863.224558,
            683.230371,
            706.977993,
            706.977993,
            662.672291,
            662.672291,
            781.9608680000001,
            836.463088,
            836.463088,
            782.4506860000001,
            782.4506860000001,
            731.6272690000001,
            775.126422,
            775.126422,
            659.2370860000001,
            900.595386,
            952.100257,
            952.100257,
            851.577182,
            759.1178540000001,
            749.904704,
            749.904704,
            650.541789,
            765.434958,
            765.434958,
            734.451937,
            734.451937,
            795.0035770000001,
            795.0035770000001,
            748.4842100000001,
            719.5337890000001,
            719.5337890000001,
            723.0990360000001,
            723.0990360000001,
            735.162628,
            735.162628,
            636.844383,
            752.831859,
            814.431857,
            814.431857,
            746.5273099999999,
            687.839291,
            786.846264,
            786.846264
        ],
        [
            686.846264,
            275.748398,
            200.0,
            0.0,
            722.23889,
            722.23889,
            650.806959,
            608.527616,
            602.829655,
            555.358612,
            624.860848,
            707.9688120000001,
            707.9688120000001,
            562.419613,
            557.586014,
            574.7409250000001,
            574.7409250000001,
            462.900345,
            777.7119690000001,
            863.224558,
            863.224558,
            683.230371,
            706.977993,
            706.977993,
            662.672291,
            662.672291,
            781.9608680000001,
            836.463088,
            836.463088,
            782.4506860000001,
            782.4506860000001,
            731.6272690000001,
            775.126422,
            775.126422,
            659.2370860000001,
            900.595386,
            952.100257,
            952.100257,
            851.577182,
            759.1178540000001,
            749.904704,
            749.904704,
            650.541789,
            765.434958,
            765.434958,
            734.451937,
            734.451937,
            795.0035770000001,
            795.0035770000001,
            748.4842100000001,
            719.5337890000001,
            719.5337890000001,
            723.0990360000001,
            723.0990360000001,
            735.162628,
            735.162628,
            636.844383,
            752.831859,
            814.431857,
            814.431857,
            746.5273099999999,
            687.839291,
            786.846264,
            786.846264
        ],
        [
            857.7134040000001,
            646.4904919999999,
            722.23889,
            722.23889,
            0.0,
            200.0,
            271.431931,
            313.711274,
            319.40923499999997,
            366.880278,
            634.025198,
            717.1331620000001,
            717.1331620000001,
            571.583963,
            566.750364,
            583.905275,
            583.905275,
            633.767485,
            948.579109,
            1034.091698,
            1034.091698,
            854.0975109999999,
            877.8451329999999,
            877.8451329999999,
            833.5394309999999,
            833.5394309999999,
            952.8280080000001,
            1007.330228,
            1007.330228,
            953.3178260000001,
            953.3178260000001,
            902.494409,
            945.993562,
            945.993562,
            830.104226,
            1071.462526,
            1122.967397,
            1122.967397,
            1022.444322,
            929.984994,
            920.7718440000001,
            920.7718440000001,
            821.408929,
            936.3020980000001,
            936.3020980000001,
            905.3190770000001,
            905.3190770000001,
            965.870717,
            965.870717,
            919.3513500000001,
            890.400929,
            890.400929,
            893.966176,
            893.966176,
            906.029768,
            906.029768,
            807.7115229999999,
            923.6989990000001,
            985.2989970000001,
            985.2989970000001,
            917.39445,
            858.7064310000001,
            957.7134040000001,
            957.7134040000001
        ],
        [
            857.7134040000001,
            646.4904919999999,
            722.23889,
            722.23889,
            200.0,
            0.0,
            271.431931,
            313.711274,
            319.40923499999997,
            366.880278,
            634.025198,
            717.1331620000001,
            717.1331620000001,
            571.583963,
            566.750364,
            583.905275,
            583.905275,
            633.767485,
            948.579109,
            1034.091698,
            1034.091698,
            854.0975109999999,
            877.8451329999999,
            877.8451329999999,
            833.5394309999999,
            833.5394309999999,
            952.8280080000001,
            1007.330228,
            1007.330228,
            953.3178260000001,
            953.3178260000001,
            902.494409,
            945.993562,
            945.993562,
            830.104226,
            1071.462526,
            1122.967397,
            1122.967397,
            1022.444322,
            929.984994,
            920.7718440000001,
            920.7718440000001,
            821.408929,
            936.3020980000001,
            936.3020980000001,
            905.3190770000001,
            905.3190770000001,
            965.870717,
            965.870717,
            919.3513500000001,
            890.400929,
            890.400929,
            893.966176,
            893.966176,
            906.029768,
            906.029768,
            807.7115229999999,
            923.6989990000001,
            985.2989970000001,
            985.2989970000001,
            917.39445,
            858.7064310000001,
            957.7134040000001,
            957.7134040000001
        ],
        [
            786.281473,
            575.058561,
            650.806959,
            650.806959,
            271.431931,
            271.431931,
            0.0,
            242.27934299999998,
            247.97730399999998,
            295.448347,
            562.593267,
            645.701231,
            645.701231,
            500.15203199999996,
            495.31843299999997,
            512.473344,
            512.473344,
            562.335554,
            877.147178,
            962.659767,
            962.659767,
            782.66558,
            806.413202,
            806.413202,
            762.1075,
            762.1075,
            881.3960770000001,
            935.898297,
            935.898297,
            881.8858950000001,
            881.8858950000001,
            831.062478,
            874.561631,
            874.561631,
            758.6722950000001,
            1000.030595,
            1051.535466,
            1051.535466,
            951.012391,
            858.5530630000001,
            849.339913,
            849.339913,
            749.976998,
            864.870167,
            864.870167,
            833.887146,
            833.887146,
            894.438786,
            894.438786,
            847.9194190000001,
            818.968998,
            818.968998,
            822.534245,
            822.534245,
            834.597837,
            834.597837,
            736.2795920000001,
            852.267068,
            913.867066,
            913.867066,
            845.9625189999999,
            787.2745,
            886.281473,
            886.281473
        ],
        [
            744.00213,
            532.7792179999999,
            608.527616,
            608.527616,
            313.711274,
            313.711274,
            242.27934299999998,
            0.0,
            205.69796100000002,
            253.169004,
            520.313924,
            603.4218880000001,
            603.4218880000001,
            457.87268900000004,
            453.03909,
            470.19400099999996,
            470.19400099999996,
            520.056211,
            834.867835,
            920.380424,
            920.380424,
            740.3862369999999,
            764.1338589999999,
            764.1338589999999,
            719.8281569999999,
            719.8281569999999,
            839.116734,
            893.618954,
            893.618954,
            839.606552,
            839.606552,
            788.7831349999999,
            832.2822879999999,
            832.2822879999999,
            716.3929519999999,
            957.751252,
            1009.2561229999999,
            1009.2561229999999,
            908.733048,
            816.2737199999999,
            807.06057,
            807.06057,
            707.6976549999999,
            822.590824,
            822.590824,
            791.607803,
            791.607803,
            852.159443,
            852.159443,
            805.640076,
            776.6896549999999,
            776.6896549999999,
            780.2549019999999,
            780.2549019999999,
            792.3184939999999,
            792.3184939999999,
            694.0002489999999,
            809.987725,
            871.587723,
            871.587723,
            803.683176,
            744.995157,
            844.00213,
            844.00213
        ],
        [
            738.304169,
            527.081257,
            602.829655,
            602.829655,
            319.40923499999997,
            319.40923499999997,
            247.97730399999998,
            205.69796100000002,
            0.0,
            247.471043,
            514.615963,
            597.723927,
            597.723927,
            452.1747280000001,
            447.341129,
            464.49604,
            464.49604,
            514.35825,
            829.169874,
            914.682463,
            914.682463,
            734.688276,
            758.435898,
            758.435898,
            714.130196,
            714.130196,
            833.4187730000001,
            887.920993,
            887.920993,
            833.9085910000001,
            833.9085910000001,
            783.085174,
            826.584327,
            826.584327,
            710.6949910000001,
            952.053291,
            1003.558162,
            1003.558162,
            903.035087,
            810.5757590000001,
            801.362609,
            801.362609,
            701.999694,
            816.892863,
            816.892863,
            785.909842,
            785.909842,
            846.461482,
            846.461482,
            799.9421150000001,
            770.991694,
            770.991694,
            774.556941,
            774.556941,
            786.620533,
            786.620533,
            688.302288,
            804.289764,
            865.889762,
            865.889762,
            797.9852149999999,
            739.297196,
            838.304169,
            838.304169
        ],
        [
            690.833126,
            479.610214,
            555.358612,
            555.358612,
            366.880278,
            366.880278,
            295.448347,
            253.169004,
            247.471043,
            0.0,
            467.14492,
            550.252884,
            550.252884,
            404.70368500000006,
            399.870086,
            417.024997,
            417.024997,
            466.887207,
            781.698831,
            867.21142,
            867.21142,
            687.217233,
            710.964855,
            710.964855,
            666.659153,
            666.659153,
            785.9477300000001,
            840.44995,
            840.44995,
            786.4375480000001,
            786.4375480000001,
            735.614131,
            779.113284,
            779.113284,
            663.2239480000001,
            904.5822479999999,
            956.087119,
            956.087119,
            855.564044,
            763.104716,
            753.891566,
            753.891566,
            654.528651,
            769.42182,
            769.42182,
            738.438799,
            738.438799,
            798.990439,
            798.990439,
            752.471072,
            723.520651,
            723.520651,
            727.085898,
            727.085898,
            739.14949,
            739.14949,
            640.831245,
            756.818721,
            818.418719,
            818.418719,
            750.5141719999999,
            691.826153,
            790.833126,
            790.833126
        ],
        [
            760.335362,
            549.1124500000001,
            624.860848,
            624.860848,
            634.025198,
            634.025198,
            562.593267,
            520.313924,
            514.615963,
            467.14492,
            0.0,
            283.107964,
            283.107964,
            262.441235,
            389.07277,
            406.227681,
            406.227681,
            536.389443,
            851.2010670000001,
            936.713656,
            936.713656,
            756.719469,
            780.467091,
            780.467091,
            736.161389,
            736.161389,
            855.4499660000001,
            909.952186,
            909.952186,
            855.9397840000001,
            855.9397840000001,
            805.1163670000001,
            848.6155200000001,
            848.6155200000001,
            732.7261840000001,
            974.084484,
            1025.589355,
            1025.589355,
            925.06628,
            832.6069520000001,
            823.393802,
            823.393802,
            724.030887,
            838.9240560000001,
            838.9240560000001,
            807.941035,
            807.941035,
            868.4926750000001,
            868.4926750000001,
            821.9733080000001,
            793.0228870000001,
            793.0228870000001,
            796.5881340000001,
            796.5881340000001,
            808.651726,
            808.651726,
            710.333481,
            826.320957,
            887.920955,
            887.920955,
            820.016408,
            761.328389,
            860.335362,
            860.335362
        ],
        [
            843.4433260000001,
            632.2204140000001,
            707.9688120000001,
            707.9688120000001,
            717.1331620000001,
            717.1331620000001,
            645.701231,
            603.4218880000001,
            597.723927,
            550.252884,
            283.107964,
            0.0,
            200.0,
            345.549199,
            472.18073400000003,
            489.335645,
            489.335645,
            619.4974070000001,
            934.3090310000001,
            1019.82162,
            1019.82162,
            839.827433,
            863.575055,
            863.575055,
            819.269353,
            819.269353,
            938.5579300000002,
            993.0601500000001,
            993.0601500000001,
            939.0477480000002,
            939.0477480000002,
            888.2243310000001,
            931.7234840000001,
            931.7234840000001,
            815.8341480000001,
            1057.1924480000002,
            1108.697319,
            1108.697319,
            1008.1742440000002,
            915.7149160000001,
            906.5017660000001,
            906.5017660000001,
            807.1388510000002,
            922.0320200000001,
            922.0320200000001,
            891.0489990000001,
            891.0489990000001,
            951.6006390000002,
            951.6006390000002,
            905.0812720000001,
            876.1308510000001,
            876.1308510000001,
            879.6960980000001,
            879.6960980000001,
            891.7596900000001,
            891.7596900000001,
            793.4414450000002,
            909.4289210000001,
            971.0289190000001,
            971.0289190000001,
            903.124372,
            844.436353,
            943.4433260000001,
            943.4433260000001
        ],
        [
            843.4433260000001,
            632.2204140000001,
            707.9688120000001,
            707.9688120000001,
            717.1331620000001,
            717.1331620000001,
            645.701231,
            603.4218880000001,
            597.723927,
            550.252884,
            283.107964,
            200.0,
            0.0,
            345.549199,
            472.18073400000003,
            489.335645,
            489.335645,
            619.4974070000001,
            934.3090310000001,
            1019.82162,
            1019.82162,
            839.827433,
            863.575055,
            863.575055,
            819.269353,
            819.269353,
            938.5579300000002,
            993.0601500000001,
            993.0601500000001,
            939.0477480000002,
            939.0477480000002,
            888.2243310000001,
            931.7234840000001,
            931.7234840000001,
            815.8341480000001,
            1057.1924480000002,
            1108.697319,
            1108.697319,
            1008.1742440000002,
            915.7149160000001,
            906.5017660000001,
            906.5017660000001,
            807.1388510000002,
            922.0320200000001,
            922.0320200000001,
            891.0489990000001,
            891.0489990000001,
            951.6006390000002,
            951.6006390000002,
            905.0812720000001,
            876.1308510000001,
            876.1308510000001,
            879.6960980000001,
            879.6960980000001,
            891.7596900000001,
            891.7596900000001,
            793.4414450000002,
            909.4289210000001,
            971.0289190000001,
            971.0289190000001,
            903.124372,
            844.436353,
            943.4433260000001,
            943.4433260000001
        ],
        [
            697.894127,
            486.671215,
            562.419613,
            562.419613,
            571.583963,
            571.583963,
            500.15203199999996,
            457.87268900000004,
            452.1747280000001,
            404.70368500000006,
            262.441235,
            345.549199,
            345.549199,
            0.0,
            326.631535,
            343.786446,
            343.786446,
            473.948208,
            788.7598320000001,
            874.272421,
            874.272421,
            694.278234,
            718.025856,
            718.025856,
            673.720154,
            673.720154,
            793.0087310000001,
            847.510951,
            847.510951,
            793.4985490000001,
            793.4985490000001,
            742.6751320000001,
            786.174285,
            786.174285,
            670.2849490000001,
            911.643249,
            963.1481200000001,
            963.1481200000001,
            862.625045,
            770.1657170000001,
            760.952567,
            760.952567,
            661.589652,
            776.4828210000001,
            776.4828210000001,
            745.4998,
            745.4998,
            806.0514400000001,
            806.0514400000001,
            759.5320730000001,
            730.5816520000001,
            730.5816520000001,
            734.1468990000001,
            734.1468990000001,
            746.210491,
            746.210491,
            647.892246,
            763.879722,
            825.47972,
            825.47972,
            757.575173,
            698.887154,
            797.894127,
            797.894127
        ],
        [
            693.060528,
            481.83761599999997,
            557.586014,
            557.586014,
            566.750364,
            566.750364,
            495.31843299999997,
            453.03909,
            447.341129,
            399.870086,
            389.07277,
            472.18073400000003,
            472.18073400000003,
            326.631535,
            0.0,
            217.154911,
            217.154911,
            469.114609,
            783.926233,
            869.438822,
            869.438822,
            689.444635,
            713.1922569999999,
            713.1922569999999,
            668.8865549999999,
            668.8865549999999,
            788.1751320000001,
            842.6773519999999,
            842.6773519999999,
            788.6649500000001,
            788.6649500000001,
            737.841533,
            781.340686,
            781.340686,
            665.45135,
            906.8096499999999,
            958.314521,
            958.314521,
            857.791446,
            765.332118,
            756.118968,
            756.118968,
            656.756053,
            771.649222,
            771.649222,
            740.666201,
            740.666201,
            801.217841,
            801.217841,
            754.698474,
            725.748053,
            725.748053,
            729.3133,
            729.3133,
            741.376892,
            741.376892,
            643.058647,
            759.046123,
            820.646121,
            820.646121,
            752.7415739999999,
            694.053555,
            793.060528,
            793.060528
        ],
        [
            710.215439,
            498.992527,
            574.7409250000001,
            574.7409250000001,
            583.905275,
            583.905275,
            512.473344,
            470.19400099999996,
            464.49604,
            417.024997,
            406.227681,
            489.335645,
            489.335645,
            343.786446,
            217.154911,
            0.0,
            200.0,
            486.26952,
            801.081144,
            886.5937329999999,
            886.5937329999999,
            706.5995459999999,
            730.347168,
            730.347168,
            686.0414659999999,
            686.0414659999999,
            805.330043,
            859.832263,
            859.832263,
            805.8198610000001,
            805.8198610000001,
            754.996444,
            798.495597,
            798.495597,
            682.606261,
            923.964561,
            975.469432,
            975.469432,
            874.946357,
            782.487029,
            773.2738790000001,
            773.2738790000001,
            673.9109639999999,
            788.8041330000001,
            788.8041330000001,
            757.8211120000001,
            757.8211120000001,
            818.372752,
            818.372752,
            771.8533850000001,
            742.902964,
            742.902964,
            746.468211,
            746.468211,
            758.531803,
            758.531803,
            660.2135579999999,
            776.2010339999999,
            837.8010320000001,
            837.8010320000001,
            769.896485,
            711.208466,
            810.215439,
            810.215439
        ],
        [
            710.215439,
            498.992527,
            574.7409250000001,
            574.7409250000001,
            583.905275,
            583.905275,
            512.473344,
            470.19400099999996,
            464.49604,
            417.024997,
            406.227681,
            489.335645,
            489.335645,
            343.786446,
            217.154911,
            200.0,
            0.0,
            486.26952,
            801.081144,
            886.5937329999999,
            886.5937329999999,
            706.5995459999999,
            730.347168,
            730.347168,
            686.0414659999999,
            686.0414659999999,
            805.330043,
            859.832263,
            859.832263,
            805.8198610000001,
            805.8198610000001,
            754.996444,
            798.495597,
            798.495597,
            682.606261,
            923.964561,
            975.469432,
            975.469432,
            874.946357,
            782.487029,
            773.2738790000001,
            773.2738790000001,
            673.9109639999999,
            788.8041330000001,
            788.8041330000001,
            757.8211120000001,
            757.8211120000001,
            818.372752,
            818.372752,
            771.8533850000001,
            742.902964,
            742.902964,
            746.468211,
            746.468211,
            758.531803,
            758.531803,
            660.2135579999999,
            776.2010339999999,
            837.8010320000001,
            837.8010320000001,
            769.896485,
            711.208466,
            810.215439,
            810.215439
        ],
        [
            423.945919,
            387.151947,
            462.900345,
            462.900345,
            633.767485,
            633.767485,
            562.335554,
            520.056211,
            514.35825,
            466.887207,
            536.389443,
            619.4974070000001,
            619.4974070000001,
            473.948208,
            469.114609,
            486.26952,
            486.26952,
            0.0,
            514.811624,
            600.324213,
            600.324213,
            420.330026,
            444.07764799999995,
            444.07764799999995,
            399.77194599999996,
            399.77194599999996,
            519.0605230000001,
            573.562743,
            573.562743,
            519.5503410000001,
            519.5503410000001,
            468.726924,
            512.226077,
            512.226077,
            396.336741,
            637.695041,
            689.199912,
            689.199912,
            588.676837,
            496.217509,
            487.004359,
            487.004359,
            387.641444,
            502.53461300000004,
            502.53461300000004,
            471.551592,
            471.551592,
            532.103232,
            532.103232,
            485.58386500000006,
            456.63344399999994,
            456.63344399999994,
            460.19869099999994,
            460.19869099999994,
            472.26228299999997,
            472.26228299999997,
            373.944038,
            489.931514,
            551.531512,
            551.531512,
            483.626965,
            424.938946,
            523.945919,
            523.945919
        ],
        [
            704.4239630000001,
            701.963571,
            777.7119690000001,
            777.7119690000001,
            948.579109,
            948.579109,
            877.147178,
            834.867835,
            829.169874,
            781.698831,
            851.2010670000001,
            934.3090310000001,
            934.3090310000001,
            788.7598320000001,
            783.926233,
            801.081144,
            801.081144,
            514.811624,
            0.0,
            285.512589,
            285.512589,
            294.481598,
            358.03958,
            358.03958,
            513.6777400000001,
            513.6777400000001,
            799.5385670000001,
            854.0407870000001,
            854.0407870000001,
            800.0283850000001,
            800.0283850000001,
            749.204968,
            792.704121,
            792.704121,
            676.814785,
            918.1730850000001,
            969.677956,
            969.677956,
            869.1548810000002,
            776.695553,
            767.4824030000001,
            767.4824030000001,
            668.119488,
            783.0126570000001,
            783.0126570000001,
            752.0296360000001,
            752.0296360000001,
            812.5812760000001,
            812.5812760000001,
            766.0619090000001,
            737.111488,
            737.111488,
            740.676735,
            740.676735,
            752.740327,
            752.740327,
            654.422082,
            770.4095580000001,
            832.0095560000001,
            832.0095560000001,
            764.1050090000001,
            705.41699,
            804.4239630000001,
            804.4239630000001
        ],
        [
            789.9365520000001,
            787.4761599999999,
            863.224558,
            863.224558,
            1034.091698,
            1034.091698,
            962.659767,
            920.380424,
            914.682463,
            867.21142,
            936.713656,
            1019.82162,
            1019.82162,
            874.272421,
            869.438822,
            886.5937329999999,
            886.5937329999999,
            600.324213,
            285.512589,
            0.0,
            200.0,
            379.994187,
            443.552169,
            443.552169,
            599.190329,
            599.190329,
            885.051156,
            939.5533760000001,
            939.5533760000001,
            885.540974,
            885.540974,
            834.7175569999999,
            878.2167099999999,
            878.2167099999999,
            762.327374,
            1003.6856740000001,
            1055.190545,
            1055.190545,
            954.6674700000001,
            862.208142,
            852.994992,
            852.994992,
            753.632077,
            868.525246,
            868.525246,
            837.542225,
            837.542225,
            898.093865,
            898.093865,
            851.5744980000001,
            822.6240769999999,
            822.6240769999999,
            826.1893239999999,
            826.1893239999999,
            838.252916,
            838.252916,
            739.934671,
            855.9221470000001,
            917.5221450000001,
            917.5221450000001,
            849.617598,
            790.9295790000001,
            889.9365520000001,
            889.9365520000001
        ],
        [
            789.9365520000001,
            787.4761599999999,
            863.224558,
            863.224558,
            1034.091698,
            1034.091698,
            962.659767,
            920.380424,
            914.682463,
            867.21142,
            936.713656,
            1019.82162,
            1019.82162,
            874.272421,
            869.438822,
            886.5937329999999,
            886.5937329999999,
            600.324213,
            285.512589,
            200.0,
            0.0,
            379.994187,
            443.552169,
            443.552169,
            599.190329,
            599.190329,
            885.051156,
            939.5533760000001,
            939.5533760000001,
            885.540974,
            885.540974,
            834.7175569999999,
            878.2167099999999,
            878.2167099999999,
            762.327374,
            1003.6856740000001,
            1055.190545,
            1055.190545,
            954.6674700000001,
            862.208142,
            852.994992,
            852.994992,
            753.632077,
            868.525246,
            868.525246,
            837.542225,
            837.542225,
            898.093865,
            898.093865,
            851.5744980000001,
            822.6240769999999,
            822.6240769999999,
            826.1893239999999,
            826.1893239999999,
            838.252916,
            838.252916,
            739.934671,
            855.9221470000001,
            917.5221450000001,
            917.5221450000001,
            849.617598,
            790.9295790000001,
            889.9365520000001,
            889.9365520000001
        ],
        [
            609.942365,
            607.4819729999999,
            683.230371,
            683.230371,
            854.0975109999999,
            854.0975109999999,
            782.66558,
            740.3862369999999,
            734.688276,
            687.217233,
            756.719469,
            839.827433,
            839.827433,
            694.278234,
            689.444635,
            706.5995459999999,
            706.5995459999999,
            420.330026,
            294.481598,
            379.994187,
            379.994187,
            0.0,
            263.55798200000004,
            263.55798200000004,
            419.196142,
            419.196142,
            705.056969,
            759.5591890000001,
            759.5591890000001,
            705.546787,
            705.546787,
            654.7233699999999,
            698.2225229999999,
            698.2225229999999,
            582.333187,
            823.691487,
            875.1963579999999,
            875.1963579999999,
            774.6732830000001,
            682.2139549999999,
            673.000805,
            673.000805,
            573.63789,
            688.531059,
            688.531059,
            657.548038,
            657.548038,
            718.099678,
            718.099678,
            671.580311,
            642.6298899999999,
            642.6298899999999,
            646.1951369999999,
            646.1951369999999,
            658.2587289999999,
            658.2587289999999,
            559.940484,
            675.92796,
            737.527958,
            737.527958,
            669.623411,
            610.935392,
            709.942365,
            709.942365
        ],
        [
            633.689987,
            631.229595,
            706.977993,
            706.977993,
            877.8451329999999,
            877.8451329999999,
            806.413202,
            764.1338589999999,
            758.435898,
            710.964855,
            780.467091,
            863.575055,
            863.575055,
            718.025856,
            713.1922569999999,
            730.347168,
            730.347168,
            444.07764799999995,
            358.03958,
            443.552169,
            443.552169,
            263.55798200000004,
            0.0,
            200.0,
            442.943764,
            442.943764,
            728.8045910000001,
            783.3068109999999,
            783.3068109999999,
            729.2944090000001,
            729.2944090000001,
            678.470992,
            721.970145,
            721.970145,
            606.080809,
            847.4391089999999,
            898.94398,
            898.94398,
            798.420905,
            705.961577,
