{
    "NEXUS_FILE_URL": "http://purl.org/phylo/treebase/phylows/study/TB2:S14772",
    "NEWICK_TREE": "((50:2.28563205293396E-6,46:5.4438550737421E-4):2.28563205293396E-6,((47:5.400639879830221E-4,49:2.28563205293396E-6):2.28563205293396E-6,(((59:0.012575315552113399,((82:0.013342194334397026,(81:0.00705165812007705,((((3:0.07960516893956616,((20:0.0638497312660966,19:0.04776944386786145):0.02498247209543555,(1:0.030288844737253504,14:0.08712046418104813):0.009941059016768259):0.013641706325992892):0.010705279788374374,(2:0.061478599394634015,((60:0.006977770610713566,52:0.00617159275526586):0.024646176010927598,((61:0.008301916784254742,44:0.013051911134793195):0.009159593767370397,(55:0.004535169497270455,(56:0.0012694858501774882,54:2.28563205293396E-6):0.008549396212150274):0.006381594932321472):0.025083945387202208):0.01965627443495211):0.00952210074949431):0.03723279233321702,((21:0.11993711783584636,70:0.08277858858658549):0.023947710763943992,(62:0.16840145316201577,(79:0.03749505511885042,(80:0.018352801441022325,78:0.00957825022945247):0.039556519241182954):0.05305827474871223):0.039660343060731656):0.018173210618585046):0.04360272602369812,(((4:0.041467013321482615,((73:0.004570633953549086,72:0.009755174046401882):0.01269474811878486,74:0.02945611310838393):0.007225959989995404):0.011148455244530947,((75:0.08451964184057686,(77:0.0130187561961062,76:0.02618976183153167):0.029073938832972563):0.015299334460058057,(((22:0.01857366703283784,(34:0.012639485789194237,(23:0.008902396116577449,(42:2.28563205293396E-6,30:2.28563205293396E-6):0.008809153869010366):0.009188880463231304):6.975734871803008E-4):0.0025128078451974283,((41:0.008335636578534526,(((28:0.0038563419489214723,(33:4.062231592335206E-4,(31:4.091614079249227E-4,32:2.28563205293396E-6):2.28563205293396E-6):0.002795279911362023):0.0028841194655138225,(26:0.005869395910852831,29:0.00168526364617654):0.002342352642065677):0.0024426017959663024,27:0.008445351143335058):0.0045851364293238404):0.02172439530284336,(((36:0.0025725515728191434,24:2.28563205293396E-6):0.00189072731152194,(38:0.006150980288704348,(37:0.005189594696261809,39:0.005982396314038901):4.177919618039666E-4):0.0012509686026963747):0.003897892483454815,(35:2.28563205293396E-6,43:0.0021761381911196425):0.014020730560817185):0.007722578800112673):0.001044968856282356):0.011274538568137324,25:0.02011941148126904):0.02224471973893125):0.00365013557083493):0.004576034649838487,((18:0.02095000392417015,((71:0.03805222878221196,((10:0.006553810572267821,7:0.005113298811783221):0.013960278751038136,((12:0.0024266627387973774,(6:0.004341783244157282,11:0.0011688419329824377):2.61488759341581E-6):0.00224609999409969,(5:0.004838933345892492,((15:0.0038126904377920774,(8:0.004047258872904283,9:0.003026052411558262):0.0012559367588484357):0.0017895785889274663,(16:2.28563205293396E-6,17:4.4986434313843435E-4):0.0035070473611404814):5.161558062357325E-4):0.002828738870771999):0.010374313315332766):0.01811429688211093):0.00216198735425178,53:0.029771868722334206):0.003032178446147938):0.0038248425335646007,13:0.06354160123801847):0.01729703241158213):0.012156564872398789):0.006787896896896122):0.0040368798700176674):0.07998366996542008,((((66:6.44938773175614E-4,65:2.28563205293396E-6):0.030487374415683652,(69:0.009900245616656653,68:0.00377558725358863):0.006844264240022936):0.007093611423714447,(45:0.05528966817351026,(67:2.28563205293396E-6,(64:0.027399041739777377,63:0.01646361767303372):0.013030340131855072):0.009869569035994443):0.004086496891241442):0.005112408708737776,40:0.019415035657767837):0.001657898710109287):0.007581045271306235):0.02110778971889075,51:0.014997681584487069):0.005650304194754701,(57:2.28563205293396E-6,58:2.28563205293396E-6):0.006638860484412296):0.00950131807435176):2.28563205293396E-6,48:2.28563205293396E-6);",
    "DISTANCE_MATRIX": [
        [
            0.0,
            0.000546671139427144,
            0.0005492065161947579,
            1.14281602646698e-05,
            0.04884158443626942,
            0.13717317845527935,
            0.13491952211097702,
            0.3058017279726518,
            0.3286704687206107,
            0.3125901813223756,
            0.28006816911310034,
            0.33689978855689495,
            0.28649197938883963,
            0.2762936010507989,
            0.2754874231953512,
            0.2872151103679851,
            0.29196510471852355,
            0.2806703642459519,
            0.2859540768110092,
            0.2846868765928846,
            0.3403165261298696,
            0.30315799688060885,
            0.4044934937528267,
            0.3266453704583736,
            0.3470596360217285,
            0.3382850848101586,
            0.20400382897604694,
            0.18702815771689368,
            0.19221269780974648,
            0.19921888875294366,
            0.25485747228150324,
            0.21243052547000513,
            0.22560153110543057,
            0.20964422916597214,
            0.20440762140950886,
            0.20985941220012336,
            0.20976845558460921,
            0.20976845558460921,
            0.21966275502559712,
            0.225095318086788,
            0.2244404792084621,
            0.22444570308920642,
            0.22403882731333447,
            0.22656660522527122,
            0.22238247296059493,
            0.2243576060197215,
            0.2056864733121278,
            0.2031162073713616,
            0.20862514331918747,
            0.2080815496885489,
            0.20887435130632598,
            0.211348318137202,
            0.21352217069626872,
            0.1974026272010686,
            0.18888420462951178,
            0.2111805952879533,
            0.21175675271115824,
            0.21031624095067364,
            0.2062897394360821,
            0.20820747482903543,
            0.20503453351786058,
            0.20928464891984955,
            0.21056414040691232,
            0.21205464560087295,
            0.21103343913952693,
            0.20847120437338618,
            0.2089187830844717,
            0.20073824787382377,
            0.2276509594097955,
            0.08884354618688303,
            0.08820089304576034,
            0.07445574285470336,
            0.06833108449163533,
            0.10999378663906102,
            0.06457597313359813,
            0.10500306937317765,
            0.094067645306434,
            0.06492024852333937,
            0.030156160749752334,
            0.016149321086975792,
            0.016149321086975792,
            6.85689615880188e-06
        ],
        [
            0.000546671139427144,
            0.0,
            0.001091306391516034,
            0.0005535280355859458,
            0.04938368431159069,
            0.13771527833060063,
            0.1354616219862983,
            0.3063438278479731,
            0.32921256859593195,
            0.31313228119769687,
            0.2806102689884216,
            0.33744188843221623,
            0.2870340792641609,
            0.2768357009261202,
            0.27602952307067247,
            0.28775721024330636,
            0.2925072045938448,
            0.28121246412127315,
            0.2864961766863305,
            0.2852289764682059,
            0.3408586260051909,
            0.3037000967559301,
            0.405035593628148,
            0.3271874703336949,
            0.3476017358970498,
            0.3388271846854799,
            0.20454592885136821,
            0.18757025759221496,
            0.19275479768506776,
            0.19976098862826494,
            0.2553995721568245,
            0.2129726253453264,
            0.22614363098075185,
            0.21018632904129342,
            0.20494972128483013,
            0.21040151207544464,
            0.2103105554599305,
            0.2103105554599305,
            0.2202048549009184,
            0.2256374179621093,
            0.22498257908378338,
            0.2249878029645277,
            0.22458092718865574,
            0.2271087051005925,
            0.2229245728359162,
            0.22489970589504277,
            0.20622857318744908,
            0.20365830724668288,
            0.20916724319450875,
            0.20862364956387017,
            0.20941645118164726,
            0.21189041801252329,
            0.21406427057159,
            0.19794472707638988,
            0.18942630450483305,
            0.21172269516327458,
            0.21229885258647951,
            0.21085834082599492,
            0.20683183931140336,
            0.2087495747043567,
            0.20557663339318186,
            0.20982674879517083,
            0.2111062402822336,
            0.21259674547619423,
            0.2115755390148482,
            0.20901330424870745,
            0.20946088295979298,
            0.20128034774914505,
            0.22819305928511677,
            0.08938564606220431,
            0.08874299292108162,
            0.07499784273002463,
            0.06887318436695661,
            0.1105358865143823,
            0.0651180730089194,
            0.10554516924849892,
            0.09460974518175527,
            0.06546234839866065,
            0.030698260625073612,
            0.01669142096229707,
            0.01669142096229707,
            0.0005489567714800779
        ],
        [
            0.0005492065161947579,
            0.001091306391516034,
            0.0,
            0.0005423496200359561,
            0.04937707716014657,
            0.13770867117915653,
            0.1354550148348542,
            0.30633722069652897,
            0.3292059614444878,
            0.31312567404625274,
            0.2806036618369775,
            0.3374352812807721,
            0.2870274721127168,
            0.27682909377467607,
            0.27602291591922834,
            0.28775060309186223,
            0.2925005974424007,
            0.281205856969829,
            0.28648956953488636,
            0.28522236931676176,
            0.3408520188537468,
            0.303693489604486,
            0.4050289864767039,
            0.32718086318225076,
            0.34759512874560566,
            0.33882057753403577,
            0.20453932169992411,
            0.18756365044077086,
            0.19274819053362366,
            0.19975438147682084,
            0.2553929650053804,
            0.2129660181938823,
            0.22613702382930775,
            0.21017972188984932,
            0.20494311413338603,
            0.21039490492400054,
            0.2103039483084864,
            0.2103039483084864,
            0.2201982477494743,
            0.2256308108106652,
            0.22497597193233929,
            0.2249811958130836,
            0.22457432003721164,
            0.2271020979491484,
            0.2229179656844721,
            0.22489309874359867,
            0.20622196603600498,
            0.20365170009523878,
            0.20916063604306465,
            0.20861704241242607,
            0.20940984403020316,
            0.21188381086107919,
            0.2140576634201459,
            0.19793811992494578,
            0.18941969735338895,
            0.21171608801183048,
            0.21229224543503541,
            0.21085173367455082,
            0.20682523215995927,
            0.2087429675529126,
            0.20557002624173776,
            0.20982014164372673,
            0.2110996331307895,
            0.21259013832475013,
            0.2115689318634041,
            0.20900669709726336,
            0.20945427580834888,
            0.20127374059770095,
            0.22818645213367267,
            0.08937903891076018,
            0.0887363857696375,
            0.0749912355785805,
            0.06886657721551248,
            0.11052927936293817,
            0.06511146585747528,
            0.1055385620970548,
            0.09460313803031115,
            0.06545574124721652,
            0.03069165347362949,
            0.016684813810852947,
            0.016684813810852947,
            0.000546920884141824
        ],
        [
            1.14281602646698e-05,
            0.0005535280355859458,
            0.0005423496200359561,
            0.0,
            0.04883929880421648,
            0.13717089282322642,
            0.1349172364789241,
            0.30579944234059886,
            0.3286681830885577,
            0.31258789569032264,
            0.2800658834810474,
            0.336897502924842,
            0.2864896937567867,
            0.27629131541874596,
            0.27548513756329823,
            0.2872128247359321,
            0.2919628190864706,
            0.2806680786138989,
            0.28595179117895625,
            0.28468459096083165,
            0.34031424049781667,
            0.3031557112485559,
            0.40449120812077377,
            0.32664308482632065,
            0.34705735038967556,
            0.33828279917810566,
            0.204001543343994,
            0.18702587208484076,
            0.19221041217769355,
            0.19921660312089073,
            0.2548551866494503,
            0.2124282398379522,
            0.22559924547337765,
            0.2096419435339192,
            0.20440533577745593,
            0.20985712656807043,
            0.2097661699525563,
            0.2097661699525563,
            0.2196604693935442,
            0.22509303245473508,
            0.22443819357640918,
            0.2244434174571535,
            0.22403654168128154,
            0.2265643195932183,
            0.222380187328542,
            0.22435532038766856,
            0.20568418768007488,
            0.20311392173930867,
            0.20862285768713454,
            0.20807926405649596,
            0.20887206567427305,
            0.21134603250514908,
            0.2135198850642158,
            0.19740034156901567,
            0.18888191899745885,
            0.21117830965590037,
            0.2117544670791053,
            0.2103139553186207,
            0.20628745380402916,
            0.2082051891969825,
            0.20503224788580765,
            0.20928236328779662,
            0.2105618547748594,
            0.21205235996882002,
            0.211031153507474,
            0.20846891874133325,
            0.20891649745241878,
            0.20073596224177084,
            0.22764867377774256,
            0.0888412605548301,
            0.08819860741370741,
            0.07445345722265043,
            0.0683287988595824,
            0.1099915010070081,
            0.0645736875015452,
            0.10500078374112472,
            0.09406535967438107,
            0.06491796289128644,
            0.0301538751176994,
            0.016147035454922857,
            0.016147035454922857,
            9.14252821173584e-06
        ],
        [
            0.04884158443626942,
            0.04938368431159069,
            0.04937707716014657,
            0.04883929880421648,
            0.0,
            0.11348222512323675,
            0.11122856877893443,
            0.28211077464060913,
            0.304979515388568,
            0.2888992279903329,
            0.25637721578105765,
            0.31320883522485227,
            0.26280102605679695,
            0.25260264771875623,
            0.2517964698633085,
            0.2635241570359424,
            0.26827415138648086,
            0.2569794109139092,
            0.2622631234789665,
            0.2609959232608419,
            0.31662557279782694,
            0.27946704354856616,
            0.38080254042078404,
            0.3029544171263309,
            0.3233686826896858,
            0.31459413147811593,
            0.18031287564400433,
            0.16333720438485108,
            0.16852174447770388,
            0.17552793542090106,
            0.2311665189494606,
            0.18873957213796252,
            0.20191057777338797,
            0.18595327583392954,
            0.18071666807746625,
            0.18616845886808076,
            0.1860775022525666,
            0.1860775022525666,
            0.19597180169355452,
            0.2014043647547454,
            0.2007495258764195,
            0.20075474975716381,
            0.20034787398129186,
            0.20287565189322862,
            0.19869151962855233,
            0.2006666526876789,
            0.1819955199800852,
            0.179425254039319,
            0.18493418998714486,
            0.1843905963565063,
            0.18518339797428338,
            0.1876573648051594,
            0.18983121736422612,
            0.173711673869026,
            0.16519325129746917,
            0.1874896419559107,
            0.18806579937911563,
            0.18662528761863104,
            0.18259878610403948,
            0.18451652149699282,
            0.18134358018581798,
            0.18559369558780694,
            0.18687318707486972,
            0.18836369226883035,
            0.18734248580748433,
            0.18478025104134357,
            0.1852278297524291,
            0.17704729454178117,
            0.2039600060777529,
            0.06515259285484042,
            0.06450993971371773,
            0.05076478952266074,
            0.044640131159592714,
            0.0863028333070184,
            0.04088501980155552,
            0.08131211604113503,
            0.07037669197439138,
            0.04122929519129676,
            0.048680786855491216,
            0.045974555582224075,
            0.045974555582224075,
            0.04883929880421648
        ],
        [
            0.13717317845527935,
            0.13771527833060063,
            0.13770867117915653,
            0.13717089282322642,
            0.11348222512323675,
            0.0,
            0.024430732324491743,
            0.19531293818616652,
            0.21818167893412538,
            0.20210139153589024,
            0.169579379326615,
            0.2264109987704096,
            0.17600318960235428,
            0.16580481126431357,
            0.16499863340886584,
            0.17672632058149973,
            0.1814763149320382,
            0.17018157445946652,
            0.17546528702452385,
            0.17419808680639925,
            0.22982773634338433,
            0.1926692070941235,
            0.29400470396634143,
            0.2161565806718883,
            0.23657084623524316,
            0.22779629502367327,
            0.09351503918956165,
            0.07653936793040839,
            0.08172390802326118,
            0.08873009896645838,
            0.14436868249501794,
            0.10194173568351984,
            0.1151127413189453,
            0.09915543937948686,
            0.09391883162302357,
            0.09937062241363807,
            0.09927966579812392,
            0.09927966579812392,
            0.10917396523911183,
            0.11460652830030274,
            0.11395168942197681,
            0.11395691330272115,
            0.11355003752684917,
            0.11607781543878595,
            0.11189368317410966,
            0.1138688162332362,
            0.09519768352564253,
            0.09262741758487632,
            0.09813635353270217,
            0.0975927599020636,
            0.0983855615198407,
            0.10085952835071674,
            0.10303338090978345,
            0.08691383741458332,
            0.07839541484302648,
            0.10069180550146802,
            0.10126796292467295,
            0.09982745116418834,
            0.09580094964959682,
            0.09771868504255014,
            0.0945457437313753,
            0.09879585913336425,
            0.10007535062042704,
            0.10156585581438768,
            0.10054464935304165,
            0.0979824145869009,
            0.0984299932979864,
            0.09024945808733849,
            0.1171621696233102,
            0.13832209633123788,
            0.1376794431901152,
            0.12393429299905821,
            0.11780963463599019,
            0.15947233678341588,
            0.11405452327795298,
            0.1544816195175325,
            0.14354619545078884,
            0.11439879866769423,
            0.13701238087450118,
            0.13430614960123405,
            0.13430614960123405,
            0.13717089282322642
        ],
        [
            0.13491952211097702,
            0.1354616219862983,
            0.1354550148348542,
            0.1349172364789241,
            0.11122856877893443,
            0.024430732324491743,
            0.0,
            0.18498552210182886,
            0.20785426284978772,
            0.1917739754515526,
            0.15925196324227733,
            0.21608358268607195,
            0.16567577351801663,
            0.1554773951799759,
            0.15467121732452818,
            0.16639890449716208,
            0.17114889884770054,
            0.15985415837512887,
            0.1651378709401862,
            0.1638706707220616,
            0.21950032025904667,
            0.18234179100978584,
            0.2836772878820038,
            0.20582916458755066,
            0.2262434301509055,
            0.2174688789393356,
            0.08318762310522401,
            0.06621195184607075,
            0.07139649193892354,
            0.07840268288212074,
            0.1340412664106803,
            0.0916143195991822,
            0.10478532523460767,
            0.08882802329514922,
            0.08359141553868593,
            0.08904320632930043,
            0.08895224971378628,
            0.08895224971378628,
            0.09884654915477419,
            0.1042791122159651,
            0.10362427333763917,
            0.1036294972183835,
            0.10322262144251153,
            0.10575039935444831,
            0.10156626708977202,
            0.10354140014889857,
            0.0848702674413049,
            0.08230000150053868,
            0.08780893744836453,
            0.08726534381772597,
            0.08805814543550305,
            0.0905321122663791,
            0.09270596482544581,
            0.07658642133024568,
            0.06806799875868884,
            0.09036438941713038,
            0.09094054684033531,
            0.0895000350798507,
            0.08547353356525918,
            0.0873912689582125,
            0.08421832764703766,
            0.08846844304902661,
            0.0897479345360894,
            0.09123843973005004,
            0.09021723326870401,
            0.08765499850256327,
            0.08810257721364877,
            0.07992204200300085,
            0.10683475353897257,
            0.13606843998693557,
            0.13542578684581288,
            0.1216806366547559,
            0.11555597829168787,
            0.15721868043911358,
            0.11180086693365068,
            0.1522279631732302,
            0.14129253910648654,
            0.11214514232339193,
            0.13475872453019885,
            0.13205249325693172,
            0.13205249325693172,
            0.1349172364789241
        ],
        [
            0.3058017279726518,
            0.3063438278479731,
            0.30633722069652897,
            0.30579944234059886,
            0.28211077464060913,
            0.19531293818616652,
            0.18498552210182886,
            0.0,
            0.18207907862709122,
            0.16599879122885605,
            0.13347677901958083,
            0.19030839846337544,
            0.16131114887206888,
            0.15111277053402813,
            0.15030659267858043,
            0.16203427985121432,
            0.16678427420175274,
            0.15548953372918112,
            0.1607732462942384,
            0.15950604607611385,
            0.2896012802795329,
            0.2524427510302721,
            0.35377824790249,
            0.2759301246080369,
            0.29634439017139175,
            0.2875698389598219,
            0.24049403517310652,
            0.22351836391395324,
            0.22870290400680604,
            0.23570909495000325,
            0.2913476784785628,
            0.24892073166706472,
            0.2620917373024902,
            0.24613443536303173,
            0.24089782760656844,
            0.24634961839718295,
            0.24625866178166878,
            0.24625866178166878,
            0.2561529612226567,
            0.2615855242838476,
            0.26093068540552167,
            0.26093590928626603,
            0.260529033510394,
            0.26305681142233084,
            0.25887267915765455,
            0.2608478122167811,
            0.24217667950918742,
            0.2396064135684212,
            0.24511534951624703,
            0.24457175588560848,
            0.24536455750338557,
            0.24783852433426162,
            0.25001237689332834,
            0.2338928333981282,
            0.22537441082657134,
            0.2476708014850129,
            0.24824695890821782,
            0.2468064471477332,
            0.2427799456331417,
            0.24469768102609502,
            0.24152473971492017,
            0.2457748551169091,
            0.2470543466039719,
            0.24854485179793256,
            0.24752364533658652,
            0.2449614105704458,
            0.24540898928153126,
            0.23722845407088336,
            0.2641411656068551,
            0.3069506458486103,
            0.30630799270748765,
            0.2925628425164306,
            0.28643818415336264,
            0.3281008863007883,
            0.2826830727953254,
            0.3231101690349049,
            0.3121747449681613,
            0.28302734818506664,
            0.30564093039187357,
            0.30293469911860643,
            0.30293469911860643,
            0.3057994423405989
        ],
        [
            0.3286704687206107,
            0.32921256859593195,
            0.3292059614444878,
            0.3286681830885577,
            0.304979515388568,
            0.21818167893412538,
            0.20785426284978772,
            0.18207907862709122,
            0.0,
            0.11161917513395805,
            0.1290621071155539,
            0.18589372655934855,
            0.18417988962002774,
            0.173981511281987,
            0.1731753334265393,
            0.18490302059917318,
            0.18965301494971162,
            0.17835827447713998,
            0.18364198704219728,
            0.1823747868240727,
            0.31247002102749183,
            0.275311491778231,
            0.3766469886504489,
            0.29879886535599576,
            0.31921313091935066,
            0.31043857970778077,
            0.2633627759210654,
            0.2463871046619121,
            0.2515716447547649,
            0.2585778356979621,
            0.31421641922652166,
            0.2717894724150236,
            0.28496047805044905,
            0.26900317611099056,
            0.2637665683545273,
            0.2692183591451418,
            0.26912740252962764,
            0.26912740252962764,
            0.27902170197061554,
            0.2844542650318065,
            0.2837994261534805,
            0.2838046500342249,
            0.2833977742583529,
            0.2859255521702897,
            0.2817414199056134,
            0.28371655296473997,
            0.2650454202571463,
            0.26247515431638,
            0.2679840902642059,
            0.26744049663356734,
            0.26823329825134445,
            0.2707072650822205,
            0.2728811176412872,
            0.256761574146087,
            0.2482431515745302,
            0.2705395422329717,
            0.27111569965617666,
            0.26967518789569206,
            0.26564868638110056,
            0.2675664217740539,
            0.264393480462879,
            0.26864359586486797,
            0.26992308735193077,
            0.2714135925458914,
            0.2703923860845454,
            0.26783015131840465,
            0.2682777300294901,
            0.2600971948188422,
            0.28700990635481394,
            0.3298193865965692,
            0.3291767334554465,
            0.31543158326438947,
            0.3093069249013215,
            0.3509696270487472,
            0.30555181354328426,
            0.3459789097828638,
            0.33504348571612014,
            0.3058960889330255,
            0.3285096711398324,
            0.3258034398665653,
            0.3258034398665653,
            0.3286681830885578
        ],
        [
            0.3125901813223756,
            0.31313228119769687,
            0.31312567404625274,
            0.31258789569032264,
            0.2888992279903329,
            0.20210139153589024,
            0.1917739754515526,
            0.16599879122885605,
            0.11161917513395805,
            0.0,
            0.11298181971731876,
            0.16981343916111338,
            0.1680996022217926,
            0.15790122388375186,
            0.15709504602830415,
            0.16882273320093805,
            0.17357272755147646,
            0.16227798707890484,
            0.16756169964396211,
            0.16629449942583757,
            0.2963897336292567,
            0.2592312043799958,
            0.36056670125221374,
            0.2827185779577606,
            0.30313284352111547,
            0.2943582923095456,
            0.24728248852283025,
            0.23030681726367697,
            0.23549135735652976,
            0.24249754829972697,
            0.2981361318282865,
            0.2557091850167884,
            0.2688801906522139,
            0.2529228887127555,
            0.24768628095629217,
            0.25313807174690667,
            0.2530471151313925,
            0.2530471151313925,
            0.2629414145723804,
            0.26837397763357135,
            0.2677191387552454,
            0.26772436263598975,
            0.26731748686011775,
            0.26984526477205456,
            0.2656611325073783,
            0.26763626556650477,
            0.24896513285891114,
            0.2463948669181449,
            0.25190380286597075,
            0.2513602092353322,
            0.25215301085310926,
            0.25462697768398534,
            0.25680083024305206,
            0.2406812867478519,
            0.23216286417629506,
            0.25445925483473664,
            0.2550354122579416,
            0.2535949004974569,
            0.24956839898286542,
            0.25148613437581874,
            0.2483131930646439,
            0.25256330846663283,
            0.25384279995369563,
            0.2553333051476563,
            0.2543120986863102,
            0.2517498639201695,
            0.252197442631255,
            0.24401690742060708,
            0.2709296189565788,
            0.3137390991983341,
            0.31309644605721143,
            0.2993512958661544,
            0.2932266375030864,
            0.3348893396505121,
            0.2894715261450492,
            0.3298986223846287,
            0.31896319831788505,
            0.2898158015347904,
            0.31242938374159734,
            0.3097231524683302,
            0.3097231524683302,
            0.3125878956903227
        ],
        [
            0.28006816911310034,
            0.2806102689884216,
            0.2806036618369775,
            0.2800658834810474,
            0.25637721578105765,
            0.169579379326615,
            0.15925196324227733,
            0.13347677901958083,
            0.1290621071155539,
            0.11298181971731876,
            0.0,
            0.11740930891830163,
            0.13557759001251735,
            0.1253792116744766,
            0.1245730338190289,
            0.1363007209916628,
            0.14105071534220123,
            0.1297559748696296,
            0.1350396874346869,
            0.13377248721656232,
            0.26386772141998144,
            0.22670919217072058,
            0.3280446890429385,
            0.25019656574848537,
            0.27061083131184027,
            0.2618362801002704,
            0.214760476313555,
            0.1977848050544017,
            0.2029693451472545,
            0.20997553609045172,
            0.26561411961901127,
            0.22318717280751318,
            0.23635817844293866,
            0.2204008765034802,
            0.2151642687470169,
            0.22061605953763141,
            0.22052510292211724,
            0.22052510292211724,
            0.23041940236310515,
            0.2358519654242961,
            0.23519712654597014,
            0.2352023504267145,
            0.2347954746508425,
            0.2373232525627793,
            0.23313912029810302,
            0.23511425335722955,
            0.2164431206496359,
            0.21387285470886966,
            0.2193817906566955,
            0.21883819702605695,
            0.21963099864383404,
            0.2221049654747101,
            0.2242788180337768,
            0.20815927453857666,
            0.1996408519670198,
            0.22193724262546136,
            0.2225134000486663,
            0.22107288828818167,
            0.21704638677359017,
            0.21896412216654348,
            0.21579118085536864,
            0.22004129625735758,
            0.22132078774442038,
            0.22281129293838103,
            0.221790086477035,
            0.21922785171089426,
            0.21967543042197973,
            0.21149489521133183,
            0.23840760674730355,
            0.2812170869890588,
            0.2805744338479361,
            0.26682928365687913,
            0.2607046252938111,
            0.3023673274412368,
            0.2569495139357739,
            0.29737661017535344,
            0.2864411861086098,
            0.25729378932551517,
            0.2799073715323221,
            0.27720114025905496,
            0.27720114025905496,
            0.28006588348104744
        ],
        [
            0.33689978855689495,
            0.33744188843221623,
            0.3374352812807721,
            0.336897502924842,
            0.31320883522485227,
            0.2264109987704096,
            0.21608358268607195,
            0.19030839846337544,
            0.18589372655934855,
            0.16981343916111338,
            0.11740930891830163,
            0.0,
            0.19240920945631196,
            0.18221083111827124,
            0.18140465326282354,
            0.1931323404354574,
            0.19788233478599587,
            0.1865875943134242,
            0.19187130687848153,
            0.19060410666035696,
            0.32069934086377605,
            0.28354081161451516,
            0.38487630848673315,
            0.30702818519228003,
            0.32744245075563483,
            0.318667899544065,
            0.2715920957573496,
            0.2546164244981963,
            0.2598009645910491,
            0.26680715553424633,
            0.3224457390628059,
            0.28001879225130777,
            0.29318979788673327,
            0.27723249594727484,
            0.27199588819081155,
            0.277447678981426,
            0.27735672236591186,
            0.27735672236591186,
            0.28725102180689976,
            0.2926835848680907,
            0.29202874598976475,
            0.2920339698705091,
            0.2916270940946371,
            0.2941548720065739,
            0.28997073974189763,
            0.29194587280102413,
            0.2732747400934305,
            0.2707044741526643,
            0.2762134101004901,
            0.27566981646985156,
            0.2764626180876286,
            0.2789365849185047,
            0.2811104374775714,
            0.2649908939823713,
            0.2564724714108144,
            0.278768862069256,
            0.27934501949246093,
            0.2779045077319763,
            0.2738780062173848,
            0.2757957416103381,
            0.27262280029916325,
            0.2768729157011522,
            0.278152407188215,
            0.27964291238217565,
            0.2786217059208296,
            0.2760594711546889,
            0.27650704986577435,
            0.26832651465512647,
            0.29523922619109816,
            0.33804870643285345,
            0.3374060532917308,
            0.32366090310067375,
            0.3175362447376058,
            0.35919894688503146,
            0.31378113337956853,
            0.35420822961914805,
            0.3432728055524044,
            0.3141254087693098,
            0.3367389909761167,
            0.33403275970284957,
            0.33403275970284957,
            0.33689750292484205
        ],
        [
            0.28649197938883963,
            0.2870340792641609,
            0.2870274721127168,
            0.2864896937567867,
            0.26280102605679695,
            0.17600318960235428,
            0.16567577351801663,
            0.16131114887206888,
            0.18417988962002774,
            0.1680996022217926,
            0.13557759001251735,
            0.19240920945631196,
            0.0,
            0.11275882045122729,
            0.11195264259577958,
            0.12368032976841348,
            0.12843032411895192,
            0.11713558364638027,
            0.12241929621143757,
            0.121152095993313,
            0.27029153169572073,
            0.23313300244645987,
            0.33446849931867784,
            0.2566203760242247,
            0.2770346415875795,
            0.2682600903760097,
            0.2211842865892943,
            0.204208615330141,
            0.2093931554229938,
            0.21639934636619101,
            0.27203792989475056,
            0.22961098308325248,
            0.24278198871867795,
            0.2268246867792195,
            0.2215880790227562,
            0.2270398698133707,
            0.22694891319785654,
            0.22694891319785654,
            0.23684321263884445,
            0.2422757757000354,
            0.24162093682170943,
            0.2416261607024538,
            0.2412192849265818,
            0.2437470628385186,
            0.23956293057384231,
            0.24153806363296884,
            0.22286693092537518,
            0.22029666498460895,
            0.2258056009324348,
            0.22526200730179624,
            0.22605480891957333,
            0.2285287757504494,
            0.2307026283095161,
            0.21458308481431596,
            0.2060646622427591,
            0.22836105290120065,
            0.2289372103244056,
            0.22749669856392096,
            0.22347019704932947,
            0.22538793244228278,
            0.22221499113110793,
            0.22646510653309687,
            0.22774459802015967,
            0.22923510321412033,
            0.2282138967527743,
            0.22565166198663356,
            0.22609924069771903,
            0.21791870548707112,
            0.24483141702304284,
            0.28764089726479813,
            0.2869982441236754,
            0.27325309393261843,
            0.2671284355695504,
            0.3087911377169761,
            0.2633733242115132,
            0.30380042045109273,
            0.29286499638434904,
            0.26371759960125446,
            0.2863311818080614,
            0.28362495053479425,
            0.28362495053479425,
            0.28648969375678673
        ],
        [
            0.2762936010507989,
            0.2768357009261202,
            0.27682909377467607,
            0.27629131541874596,
            0.25260264771875623,
            0.16580481126431357,
            0.1554773951799759,
            0.15111277053402813,
            0.173981511281987,
            0.15790122388375186,
            0.1253792116744766,
            0.18221083111827124,
            0.11275882045122729,
            0.0,
            0.013149363365979426,
            0.0741694025604685,
            0.07891939691100697,
            0.0676246564384353,
            0.0729083690034926,
            0.07164116878536805,
            0.26009315335768,
            0.22293462410841913,
            0.32427012098063707,
            0.24642199768618395,
            0.2668362632495388,
            0.2580617120379689,
            0.21098590825125357,
            0.1940102369921003,
            0.1991947770849531,
            0.2062009680281503,
            0.26183955155670985,
            0.21941260474521176,
            0.23258361038063724,
            0.21662630844117878,
            0.2113897006847155,
            0.21684149147533,
            0.21675053485981582,
            0.21675053485981582,
            0.22664483430080373,
            0.23207739736199468,
