{
    "NEXUS_FILE_URL": "http://purl.org/phylo/treebase/phylows/study/TB2:S10966",
    "NEWICK_TREE": "((((((1:0.004119,48:0.004108):0.003219,((7:0.001115,75:3.67E-4):0.003403,(((24:0.0,33:0.005242,78:3.69E-4):0.001106,74:0.0):0.001846,35:0.004822,68:0.001843):0.002166):0.004473):0.019651,(((((((((5:0.00301,54:0.001118,69:0.002243):3.69E-4,9:0.001493,26:0.0,(46:0.001478,53:0.0,55:0.0):3.69E-4):3.69E-4,21:7.4E-4,52:0.007135):7.36E-4,(19:7.45E-4,(25:0.002969,45:3.69E-4):3.64E-4):0.002231):0.003348,(((((6:0.002232,49:0.001862):3.64E-4,(13:0.003374,(44:0.002242,63:0.001105):0.001109,66:0.002586):7.45E-4):3.69E-4,65:0.003357):7.41E-4,((((((14:7.42E-4,38:7.43E-4):3.71E-4,((((29:0.004125,34:0.002827):0.00227,42:0.004782):0.001843,30:9.22E-4):5.79E-4,39:0.002621):0.001481):3.67E-4,20:0.002628,47:0.003358):0.002235,76:0.003735):9.26E-4,(27:0.001856,32:0.001111,(70:3.67E-4,71:0.001113):0.002228):0.002781):0.001084,((17:0.001855,((31:0.006038,77:7.48E-4):3.58E-4,43:7.41E-4):0.001482,37:0.004533):3.93E-4,(36:0.003401,41:0.011205):0.00294):9.3E-4):9.42E-4):7.4E-4,18:0.003712):0.001119):0.001649,(51:0.006547,(79:9.01E-4,80:0.001129):0.001189):0.001124):0.008529,(50:7.43E-4,(60:7.47E-4,61:7.48E-4,62:3.74E-4,72:0.0):3.75E-4):0.003621):0.003607,((((8:0.001865,10:3.67E-4):0.00111,11:0.001105,((23:0.001477,28:0.005608):7.36E-4,56:0.001111):3.67E-4,64:0.002958):0.002427,73:0.003181):0.003564,40:0.006753):0.00382):0.003766,(12:0.006447,22:0.012881):0.00509):3.57E-4):0.002278,(15:0.003141,((16:0.004273,67:0.001201):0.001971,59:0.004122):0.002425):0.005265):0.019138,((2:0.009332,4:0.003632):0.006041,3:0.017325):0.01725):0.03377,(57:0.014645,58:0.02291):0.0);",
    "DISTANCE_MATRIX": [
        [
            0.0,
            0.008227,
            0.016329000000000003,
            0.015581000000000001,
            0.016929,
            0.022171,
            0.017298,
            0.015823,
            0.018799,
            0.01582,
            0.052729,
            0.05083699999999999,
            0.051961999999999994,
            0.050843,
            0.04935,
            0.05119699999999999,
            0.049719,
            0.049719,
            0.049721,
            0.056116,
            0.051220999999999996,
            0.053808999999999996,
            0.05120899999999999,
            0.05046199999999999,
            0.050092,
            0.051984999999999996,
            0.051961999999999994,
            0.050824999999999995,
            0.05119699999999999,
            0.050853999999999996,
            0.053423,
            0.053424,
            0.062608,
            0.061309999999999996,
            0.060995,
            0.055291999999999994,
            0.05641199999999999,
            0.054570999999999995,
            0.05530099999999999,
            0.05344299999999999,
            0.053418999999999994,
            0.052674,
            0.054158,
            0.054903999999999994,
            0.050876,
            0.05689899999999999,
            0.051609,
            0.051244,
            0.05355399999999999,
            0.05496899999999999,
            0.062773,
            0.049727999999999994,
            0.05091899999999999,
            0.046461999999999996,
            0.046689999999999995,
            0.039083,
            0.039462,
            0.039463,
            0.039089,
            0.038715,
            0.043898,
            0.0424,
            0.042027999999999996,
            0.043503,
            0.047633999999999996,
            0.042401,
            0.043881,
            0.041677,
            0.041685,
            0.038883,
            0.045316999999999996,
            0.037673,
            0.043200999999999996,
            0.040129,
            0.041079,
            0.08102799999999999,
            0.075328,
            0.08298,
            0.09682,
            0.105085
        ],
        [
            0.008227,
            0.0,
            0.016318,
            0.01557,
            0.016918,
            0.02216,
            0.017287,
            0.015812,
            0.018788,
            0.015809,
            0.052717999999999994,
            0.050825999999999996,
            0.051951,
            0.050831999999999995,
            0.049338999999999994,
            0.051185999999999995,
            0.049707999999999995,
            0.049707999999999995,
            0.04971,
            0.056104999999999995,
            0.05120999999999999,
            0.053798,
            0.051197999999999994,
            0.050450999999999996,
            0.050081,
            0.05197399999999999,
            0.051951,
            0.050814,
            0.051185999999999995,
            0.050843,
            0.053411999999999994,
            0.053412999999999995,
            0.062597,
            0.06129899999999999,
            0.060984,
            0.055281,
            0.05640099999999999,
            0.05456,
            0.05528999999999999,
            0.05343199999999999,
            0.053408,
            0.052662999999999995,
            0.054146999999999994,
            0.054893,
            0.050864999999999994,
            0.056887999999999994,
            0.051598,
            0.051233,
            0.05354299999999999,
            0.05495799999999999,
            0.062762,
            0.049717,
            0.050907999999999995,
            0.04645099999999999,
            0.046679,
            0.039071999999999996,
            0.039451,
            0.039452,
            0.039078,
            0.038704,
            0.043886999999999995,
            0.042388999999999996,
            0.042017,
            0.043492,
            0.047623,
            0.04239,
            0.04387,
            0.041665999999999995,
            0.041674,
            0.038872,
            0.045306,
            0.037662,
            0.04318999999999999,
            0.040118,
            0.04106799999999999,
            0.08101699999999999,
            0.075317,
            0.08296899999999999,
            0.09680899999999999,
            0.10507399999999999
        ],
        [
            0.016329000000000003,
            0.016318,
            0.0,
            0.001482,
            0.009635999999999999,
            0.014877999999999999,
            0.010005,
            0.00853,
            0.011505999999999999,
            0.008527,
            0.054382,
            0.052489999999999995,
            0.053614999999999996,
            0.052496,
            0.051003,
            0.052849999999999994,
            0.051372,
            0.051372,
            0.051374,
            0.057769,
            0.052874,
            0.055462,
            0.05286199999999999,
            0.052114999999999995,
            0.051745,
            0.053638,
            0.053614999999999996,
            0.052478,
            0.052849999999999994,
            0.052507,
            0.055076,
            0.055077,
            0.064261,
            0.06296299999999999,
            0.06264800000000001,
            0.056944999999999996,
            0.05806499999999999,
            0.056223999999999996,
            0.05695399999999999,
            0.05509599999999999,
            0.055071999999999996,
            0.054327,
            0.055811,
            0.056556999999999996,
            0.052529,
            0.05855199999999999,
            0.053262000000000004,
            0.052897,
            0.05520699999999999,
            0.05662199999999999,
            0.06442600000000001,
            0.051380999999999996,
            0.052571999999999994,
            0.048115,
            0.048343,
            0.040736,
            0.041115,
            0.041116,
            0.040742,
            0.040368,
            0.045551,
            0.044053,
            0.043681,
            0.045156,
            0.049287,
            0.044054,
            0.045534000000000005,
            0.04333,
            0.043338,
            0.040536,
            0.04697,
            0.039326,
            0.044854,
            0.041782,
            0.042732,
            0.082681,
            0.076981,
            0.084633,
            0.098473,
            0.106738
        ],
        [
            0.015581000000000001,
            0.01557,
            0.001482,
            0.0,
            0.008888,
            0.01413,
            0.009257000000000001,
            0.007782000000000001,
            0.010758,
            0.007779000000000001,
            0.053633999999999994,
            0.051741999999999996,
            0.052867,
            0.051747999999999995,
            0.050254999999999994,
            0.052101999999999996,
            0.050623999999999995,
            0.050623999999999995,
            0.050626,
            0.057020999999999995,
            0.05212599999999999,
            0.054714,
            0.052113999999999994,
            0.051366999999999996,
            0.050997,
            0.05288999999999999,
            0.052867,
            0.05173,
            0.052101999999999996,
            0.051759,
            0.054327999999999994,
            0.054328999999999995,
            0.063513,
            0.06221499999999999,
            0.0619,
            0.056197,
            0.05731699999999999,
            0.055476,
            0.05620599999999999,
            0.054347999999999994,
            0.054324,
            0.053578999999999995,
            0.055062999999999994,
            0.055809,
            0.051780999999999994,
            0.057803999999999994,
            0.052514,
            0.052149,
            0.054458999999999994,
            0.05587399999999999,
            0.063678,
            0.050633,
            0.051823999999999995,
            0.04736699999999999,
            0.047595,
            0.039987999999999996,
            0.040367,
            0.040368,
            0.039994,
            0.03962,
            0.044802999999999996,
            0.043304999999999996,
            0.042933,
            0.044408,
            0.048539,
            0.043306,
            0.044786,
            0.042581999999999995,
            0.04259,
            0.039788,
            0.046222,
            0.038578,
            0.04410599999999999,
            0.041034,
            0.041983999999999994,
            0.08193299999999999,
            0.076233,
            0.08388499999999999,
            0.09772499999999999,
            0.10598999999999999
        ],
        [
            0.016929,
            0.016918,
            0.009635999999999999,
            0.008888,
            0.0,
            0.005242,
            0.000369,
            0.001106,
            0.007774,
            0.004795,
            0.05498199999999999,
            0.05309,
            0.054215,
            0.05309599999999999,
            0.051602999999999996,
            0.05345,
            0.05197199999999999,
            0.05197199999999999,
            0.05197399999999999,
            0.05836899999999999,
            0.053473999999999994,
            0.056061999999999994,
            0.053461999999999996,
            0.052715,
            0.052344999999999996,
            0.054237999999999995,
            0.054215,
            0.053078,
            0.05345,
            0.053106999999999994,
            0.05567599999999999,
            0.05567699999999999,
            0.064861,
            0.063563,
            0.063248,
            0.057545,
            0.058664999999999995,
            0.05682399999999999,
            0.057553999999999994,
            0.055695999999999996,
            0.055672,
            0.05492699999999999,
            0.05641099999999999,
            0.057157,
            0.053128999999999996,
            0.059151999999999996,
            0.05386199999999999,
            0.053496999999999996,
            0.055806999999999995,
            0.057221999999999995,
            0.065026,
            0.051981,
            0.053172,
            0.048714999999999994,
            0.04894299999999999,
            0.041336,
            0.041714999999999995,
            0.041715999999999996,
            0.041342,
            0.040968,
            0.046151,
            0.044653,
            0.044281,
            0.045756,
            0.049886999999999994,
            0.044654,
            0.046133999999999994,
            0.04393,
            0.043938,
            0.04113599999999999,
            0.04757,
            0.039926,
            0.045453999999999994,
            0.042382,
            0.043331999999999996,
            0.083281,
            0.077581,
            0.085233,
            0.09907300000000001,
            0.107338
        ],
        [
            0.022171,
            0.02216,
            0.014877999999999999,
            0.01413,
            0.005242,
            0.0,
            0.0056110000000000005,
            0.006348,
            0.013016,
            0.010037,
            0.060224,
            0.058331999999999995,
            0.059456999999999996,
            0.058338,
            0.056845,
            0.058691999999999994,
            0.057214,
            0.057214,
            0.057216,
            0.063611,
            0.058716,
            0.061304,
            0.05870399999999999,
            0.057956999999999995,
            0.057587,
            0.05948,
            0.059456999999999996,
            0.05832,
            0.058691999999999994,
            0.058349,
            0.060918,
            0.060919,
            0.070103,
            0.068805,
            0.06849,
            0.062787,
            0.06390699999999999,
            0.062065999999999996,
            0.06279599999999999,
            0.06093799999999999,
            0.060913999999999996,
            0.060169,
            0.061653,
            0.062398999999999996,
            0.058371,
            0.06439399999999999,
            0.059104000000000004,
            0.058739,
            0.06104899999999999,
            0.06246399999999999,
            0.070268,
            0.057222999999999996,
            0.058413999999999994,
            0.053957,
            0.054185,
            0.046578,
            0.046957,
            0.046958,
            0.046584,
            0.04621,
            0.051393,
            0.049895,
            0.049523,
            0.050998,
            0.055129,
            0.049896,
            0.051376000000000005,
            0.049172,
            0.04918,
            0.046378,
            0.052812,
            0.045168,
            0.050696000000000005,
            0.047624,
            0.048574000000000006,
            0.088523,
            0.08282300000000001,
            0.090475,
            0.104315,
            0.11258
        ],
        [
            0.017298,
            0.017287,
            0.010005,
            0.009257000000000001,
            0.000369,
            0.0056110000000000005,
            0.0,
            0.001475,
            0.008143000000000001,
            0.005164,
            0.055351,
            0.05345899999999999,
            0.054583999999999994,
            0.053465,
            0.051972,
            0.05381899999999999,
            0.052341,
            0.052341,
            0.052343,
            0.058738,
            0.053842999999999995,
            0.056430999999999995,
            0.05383099999999999,
            0.05308399999999999,
            0.052714,
            0.054606999999999996,
            0.054583999999999994,
            0.053446999999999995,
            0.05381899999999999,
            0.053475999999999996,
            0.056045,
            0.056046,
            0.06523,
            0.06393199999999999,
            0.063617,
            0.05791399999999999,
            0.05903399999999999,
            0.057192999999999994,
            0.05792299999999999,
            0.05606499999999999,
            0.056040999999999994,
            0.055296,
            0.05678,
            0.057525999999999994,
            0.053498,
            0.05952099999999999,
            0.054231,
            0.053866,
            0.05617599999999999,
            0.05759099999999999,
            0.06539500000000001,
            0.052349999999999994,
            0.05354099999999999,
            0.049083999999999996,
            0.049311999999999995,
            0.041705,
            0.042083999999999996,
            0.042085,
            0.041711,
            0.041337,
            0.04652,
            0.045022,
            0.044649999999999995,
            0.046125,
            0.050255999999999995,
            0.045023,
            0.046503,
            0.044299,
            0.044307,
            0.041505,
            0.047938999999999996,
            0.040295,
            0.045823,
            0.042751,
            0.043701000000000004,
            0.08365,
            0.07795,
            0.08560200000000001,
            0.09944200000000002,
            0.10770700000000001
        ],
        [
            0.015823,
            0.015812,
            0.00853,
            0.007782000000000001,
            0.001106,
            0.006348,
            0.001475,
            0.0,
            0.006668,
            0.003689,
            0.05387599999999999,
            0.051983999999999995,
            0.053108999999999996,
            0.051989999999999995,
            0.050497,
            0.052343999999999995,
            0.050865999999999995,
            0.050865999999999995,
            0.050868,
            0.057262999999999994,
            0.052368,
            0.05495599999999999,
            0.05235599999999999,
            0.051608999999999995,
            0.05123899999999999,
            0.053132,
            0.053108999999999996,
            0.051972,
            0.052343999999999995,
            0.05200099999999999,
            0.054569999999999994,
            0.054570999999999995,
            0.06375499999999999,
            0.062457,
            0.062142,
            0.056438999999999996,
            0.05755899999999999,
            0.05571799999999999,
            0.05644799999999999,
            0.05458999999999999,
            0.054565999999999996,
            0.053820999999999994,
            0.05530499999999999,
            0.056051,
            0.052023,
            0.05804599999999999,
            0.052756,
            0.05239099999999999,
            0.05470099999999999,
            0.05611599999999999,
            0.06392,
            0.050875,
            0.052065999999999994,
            0.047609,
            0.04783699999999999,
            0.040229999999999995,
            0.040609,
            0.04061,
            0.040235999999999994,
            0.039861999999999995,
            0.045045,
            0.043546999999999995,
            0.043175,
            0.044649999999999995,
            0.04878099999999999,
            0.043547999999999996,
            0.045028,
            0.042824,
            0.042831999999999995,
            0.040029999999999996,
            0.046464,
            0.03881999999999999,
            0.044348,
            0.04127599999999999,
            0.042226,
            0.082175,
            0.076475,
            0.08412700000000001,
            0.09796700000000001,
            0.10623200000000001
        ],
        [
            0.018799,
            0.018788,
            0.011505999999999999,
            0.010758,
            0.007774,
            0.013016,
            0.008143000000000001,
            0.006668,
            0.0,
            0.006665,
            0.05685199999999999,
            0.054959999999999995,
            0.056084999999999996,
            0.054965999999999994,
            0.05347299999999999,
            0.055319999999999994,
            0.053841999999999994,
            0.053841999999999994,
            0.053843999999999996,
            0.060238999999999994,
            0.05534399999999999,
            0.057932,
            0.05533199999999999,
            0.054584999999999995,
            0.054215,
            0.05610799999999999,
            0.056084999999999996,
            0.054948,
            0.055319999999999994,
            0.054977,
            0.05754599999999999,
            0.057546999999999994,
            0.066731,
            0.06543299999999999,
            0.065118,
            0.059414999999999996,
            0.06053499999999999,
            0.058693999999999996,
            0.05942399999999999,
            0.05756599999999999,
            0.057541999999999996,
            0.05679699999999999,
            0.05828099999999999,
            0.059026999999999996,
            0.05499899999999999,
            0.06102199999999999,
            0.055732,
            0.055367,
            0.05767699999999999,
            0.05909199999999999,
            0.066896,
            0.053850999999999996,
            0.055041999999999994,
            0.05058499999999999,
            0.050813,
            0.043205999999999994,
            0.043585,
            0.043586,
            0.043212,
            0.042838,
            0.048020999999999994,
            0.046522999999999995,
            0.046151,
            0.047626,
            0.051757,
            0.046523999999999996,
            0.048004,
            0.045799999999999993,
            0.045808,
            0.043005999999999996,
            0.04944,
            0.041796,
            0.04732399999999999,
            0.044252,
            0.04520199999999999,
            0.08515099999999999,
            0.079451,
            0.08710299999999999,
            0.10094299999999999,
            0.10920799999999999
        ],
        [
            0.01582,
            0.015809,
            0.008527,
            0.007779000000000001,
            0.004795,
            0.010037,
            0.005164,
            0.003689,
            0.006665,
            0.0,
            0.05387299999999999,
            0.051981,
            0.053106,
            0.05198699999999999,
            0.050494,
            0.052341,
            0.05086299999999999,
            0.05086299999999999,
            0.050864999999999994,
            0.05725999999999999,
            0.052364999999999995,
            0.054952999999999995,
            0.052353,
            0.051606,
            0.051236,
            0.053128999999999996,
            0.053106,
            0.051969,
            0.052341,
            0.051997999999999996,
            0.05456699999999999,
            0.05456799999999999,
            0.063752,
            0.062453999999999996,
            0.062139,
            0.056436,
            0.057555999999999996,
            0.055714999999999994,
            0.056444999999999995,
            0.054587,
            0.054563,
            0.05381799999999999,
            0.05530199999999999,
            0.056048,
            0.05202,
            0.058043,
            0.052752999999999994,
            0.052388,
            0.054698,
            0.056112999999999996,
            0.063917,
            0.050872,
            0.052063,
            0.047605999999999996,
            0.047833999999999995,
            0.040227,
            0.040605999999999996,
            0.040607,
            0.040233,
            0.039859,
            0.045042,
            0.043544,
            0.043172,
            0.044647,
            0.048777999999999995,
            0.043545,
            0.045024999999999996,
            0.042821,
            0.042829,
            0.04002699999999999,
            0.046461,
            0.038817,
            0.044344999999999996,
            0.041273,
            0.042223,
            0.082172,
            0.076472,
            0.084124,
            0.09796400000000001,
            0.106229
        ],
        [
            0.052729,
            0.052717999999999994,
            0.054382,
            0.053633999999999994,
            0.05498199999999999,
            0.060224,
            0.055351,
            0.05387599999999999,
            0.05685199999999999,
            0.05387299999999999,
            0.0,
            0.004128,
            0.005253000000000001,
            0.004872,
            0.003379,
            0.005226,
            0.003748,
            0.003748,
            0.004488,
            0.010883,
            0.00746,
            0.010048,
            0.007448,
            0.013397000000000001,
            0.013027,
            0.014920000000000001,
            0.014897,
            0.013760000000000001,
            0.014132000000000002,
            0.013789000000000001,
            0.016358,
            0.016359,
            0.025542999999999996,
            0.024244999999999996,
            0.02393,
            0.018227,
            0.019347,
            0.017506,
            0.018236,
            0.016378,
            0.016354,
            0.015609000000000001,
            0.017093,
            0.017839,
            0.013811,
            0.019833999999999997,
            0.014544000000000001,
            0.014179,
            0.016489,
            0.017904,
            0.025708,
            0.012663,
            0.017152,
            0.012695,
            0.012923,
            0.022373999999999998,
            0.022753,
            0.022753999999999996,
            0.022379999999999997,
            0.022005999999999998,
            0.034402999999999996,
            0.032905,
            0.032533,
            0.034008,
            0.03813899999999999,
            0.032906,
            0.034386,
            0.032181999999999995,
            0.032189999999999996,
            0.036919999999999994,
            0.043354,
            0.036424,
            0.04195199999999999,
            0.03888,
            0.03982999999999999,
            0.07977899999999999,
            0.07407899999999999,
            0.081731,
            0.095571,
            0.103836
        ],
        [
            0.05083699999999999,
            0.050825999999999996,
            0.052489999999999995,
            0.051741999999999996,
            0.05309,
            0.058331999999999995,
            0.05345899999999999,
            0.051983999999999995,
            0.054959999999999995,
            0.051981,
            0.004128,
            0.0,
            0.0033610000000000003,
            0.00298,
            0.001487,
            0.003334,
            0.001856,
            0.001856,
            0.0025960000000000002,
            0.008990999999999999,
            0.005568,
            0.008156,
            0.005556,
            0.011505000000000001,
            0.011134999999999999,
            0.013028000000000001,
            0.013005000000000001,
            0.011868,
            0.012240000000000001,
            0.011897000000000001,
            0.014466,
            0.014467,
            0.023651,
            0.022352999999999998,
            0.022038,
            0.016335,
            0.017455,
            0.015614,
            0.016343999999999997,
            0.014485999999999999,
            0.014462,
            0.013717,
            0.015201,
            0.015947,
            0.011919,
            0.017942,
            0.012652,
            0.012287000000000001,
            0.014596999999999999,
            0.016012,
            0.023816,
            0.010771,
            0.01526,
            0.010803,
            0.011031,
            0.020482,
            0.020861,
            0.020862,
            0.020488,
            0.020114,
            0.032511,
            0.031013,
            0.030641,
            0.032116,
            0.036247,
            0.031014,
            0.032494,
            0.030289999999999997,
            0.030298,
            0.035028,
            0.041462,
            0.03453199999999999,
            0.04006,
            0.03698799999999999,
            0.037938,
            0.077887,
            0.072187,
            0.079839,
            0.093679,
            0.10194399999999999
        ],
        [
            0.051961999999999994,
            0.051951,
            0.053614999999999996,
            0.052867,
            0.054215,
            0.059456999999999996,
            0.054583999999999994,
            0.053108999999999996,
            0.056084999999999996,
            0.053106,
            0.005253000000000001,
            0.0033610000000000003,
            0.0,
            0.004105,
            0.002612,
            0.004459,
            0.002981,
            0.002981,
            0.0037210000000000003,
            0.010116,
            0.006693,
            0.009281,
            0.006681,
            0.01263,
            0.01226,
            0.014153,
            0.01413,
            0.012993000000000001,
            0.013365000000000002,
            0.013022,
            0.015591,
            0.015592,
            0.024776,
            0.023478,
            0.023162999999999996,
            0.01746,
            0.01858,
            0.016738999999999997,
            0.017469,
            0.015611,
            0.015587,
            0.014842000000000001,
            0.016326,
            0.017072,
            0.013044,
            0.019067,
            0.013777000000000001,
            0.013412,
            0.015722,
            0.017137,
            0.024940999999999998,
            0.011896,
            0.016385,
            0.011928,
            0.012156,
            0.021607,
            0.021986000000000002,
            0.021987,
            0.021613,
            0.021239,
            0.033636,
            0.032138,
            0.031766,
            0.033241,
            0.037372,
            0.032139,
            0.033619,
            0.031415,
            0.031423,
            0.036153,
            0.042587,
            0.035656999999999994,
            0.041185,
            0.038112999999999994,
            0.039063,
            0.079012,
            0.073312,
            0.08096400000000001,
            0.09480400000000001,
            0.10306900000000001
        ],
        [
            0.050843,
            0.050831999999999995,
            0.052496,
            0.051747999999999995,
            0.05309599999999999,
            0.058338,
            0.053465,
            0.051989999999999995,
            0.054965999999999994,
            0.05198699999999999,
            0.004872,
            0.00298,
            0.004105,
            0.0,
            0.001493,
            0.00334,
            0.001862,
            0.001862,
            0.002602,
            0.008997,
            0.005574,
            0.008161999999999999,
            0.005562,
            0.011511,
            0.011141,
            0.013034,
            0.013011000000000002,
            0.011874,
            0.012246,
            0.011903,
            0.014472,
            0.014473,
            0.023656999999999997,
            0.022358999999999997,
            0.022043999999999998,
            0.016341,
            0.017460999999999997,
            0.015619999999999998,
            0.016349999999999996,
            0.014492,
            0.014468,
            0.013722999999999999,
            0.015207,
            0.015953000000000002,
            0.011925000000000002,
            0.017948,
            0.012658,
            0.012293000000000002,
            0.014603,
            0.016017999999999998,
            0.023822,
            0.010777,
            0.015266,
            0.010809,
            0.011037,
            0.020488,
            0.020867,
            0.020867999999999998,
            0.020494,
            0.02012,
            0.032517,
            0.031018999999999998,
            0.030647,
            0.032122,
            0.036252999999999994,
            0.03102,
            0.0325,
            0.030295999999999997,
            0.030303999999999998,
            0.035033999999999996,
            0.041468,
            0.034538,
            0.04006599999999999,
            0.036994,
            0.03794399999999999,
            0.07789299999999999,
            0.072193,
            0.079845,
            0.093685,
            0.10195
        ],
        [
            0.04935,
            0.049338999999999994,
            0.051003,
            0.050254999999999994,
            0.051602999999999996,
            0.056845,
            0.051972,
            0.050497,
            0.05347299999999999,
            0.050494,
            0.003379,
            0.001487,
            0.002612,
            0.001493,
            0.0,
            0.001847,
            0.000369,
            0.000369,
            0.001109,
            0.007504,
            0.0040809999999999996,
            0.006669,
            0.004069,
            0.010018,
            0.009648,
            0.011541000000000001,
            0.011518,
            0.010381000000000001,
            0.010753000000000002,
            0.01041,
            0.012979000000000001,
            0.01298,
            0.022163999999999996,
            0.020865999999999996,
            0.020551,
            0.014848,
            0.015968,
            0.014126999999999999,
            0.014856999999999999,
            0.012999,
            0.012975,
            0.012230000000000001,
            0.013714,
            0.01446,
            0.010432,
            0.016454999999999997,
            0.011165000000000001,
            0.0108,
            0.01311,
            0.014525,
            0.022329,
            0.009284,
            0.013773,
            0.009316000000000001,
            0.009544,
            0.018995,
            0.019374000000000002,
            0.019375000000000003,
            0.019001,
            0.018627,
            0.031024000000000003,
            0.029526,
            0.029154,
            0.030629000000000003,
            0.03476,
            0.029527,
            0.031007,
            0.028803000000000002,
            0.028811000000000003,
            0.033541,
            0.039975,
            0.033045,
            0.038572999999999996,
            0.035501,
            0.036451,
            0.0764,
            0.0707,
            0.078352,
            0.09219200000000001,
            0.100457
        ],
        [
            0.05119699999999999,
            0.051185999999999995,
            0.052849999999999994,
            0.052101999999999996,
            0.05345,
            0.058691999999999994,
            0.05381899999999999,
            0.052343999999999995,
            0.055319999999999994,
            0.052341,
            0.005226,
            0.003334,
            0.004459,
            0.00334,
            0.001847,
            0.0,
            0.001478,
            0.001478,
            0.0029560000000000003,
            0.009351,
            0.005928,
            0.008516,
            0.005916,
            0.011865,
            0.011495,
            0.013388,
            0.013365000000000002,
            0.012228,
            0.0126,
            0.012257,
            0.014826,
            0.014827,
            0.024010999999999998,
            0.022712999999999997,
            0.022397999999999998,
            0.016695,
            0.017814999999999998,
            0.015974,
            0.016703999999999997,
            0.014846,
            0.014822,
            0.014077,
            0.015561,
            0.016307000000000002,
            0.012279000000000002,
            0.018302,
            0.013012000000000001,
            0.012647000000000002,
            0.014957,
            0.016371999999999998,
            0.024176,
            0.011131,
            0.015619999999999998,
            0.011163,
            0.011390999999999998,
            0.020842,
            0.021221,
            0.021221999999999998,
            0.020848,
            0.020474,
            0.032871,
            0.031373,
            0.031001,
            0.032476,
            0.036607,
            0.031374,
            0.032854,
            0.030649999999999997,
            0.030657999999999998,
            0.035387999999999996,
            0.041822,
            0.03489199999999999,
            0.04042,
            0.03734799999999999,
            0.038298,
            0.078247,
            0.072547,
            0.08019899999999999,
            0.094039,
            0.10230399999999999
        ],
        [
            0.049719,
            0.049707999999999995,
            0.051372,
            0.050623999999999995,
            0.05197199999999999,
            0.057214,
            0.052341,
            0.050865999999999995,
            0.053841999999999994,
            0.05086299999999999,
            0.003748,
            0.001856,
            0.002981,
            0.001862,
            0.000369,
            0.001478,
            0.0,
            0.0,
            0.0014780000000000001,
            0.007873,
            0.00445,
            0.007037999999999999,
            0.004438,
            0.010387,
            0.010017,
            0.01191,
            0.011887000000000002,
            0.01075,
            0.011122,
            0.010779,
            0.013348,
            0.013349,
            0.022532999999999997,
            0.021234999999999997,
            0.020919999999999998,
            0.015217,
            0.016336999999999997,
            0.014495999999999998,
            0.015225999999999998,
            0.013368,
            0.013344,
            0.012598999999999999,
            0.014083,
            0.014829,
            0.010801000000000002,
            0.016824,
            0.011534,
            0.011169000000000002,
            0.013479,
            0.014894,
            0.022698,
            0.009653,
            0.014142,
            0.009685,
            0.009913,
            0.019364,
            0.019743,
            0.019743999999999998,
            0.01937,
            0.018996,
            0.031393,
            0.029894999999999998,
            0.029523,
            0.030997999999999998,
            0.035128999999999994,
            0.029896,
            0.031376,
            0.029171999999999997,
            0.029179999999999998,
            0.033909999999999996,
            0.040344,
            0.033414,
            0.03894199999999999,
            0.03587,
            0.03681999999999999,
            0.07676899999999999,
            0.071069,
            0.07872099999999999,
            0.09256099999999999,
            0.10082599999999999
        ],
        [
            0.049719,
            0.049707999999999995,
            0.051372,
            0.050623999999999995,
            0.05197199999999999,
            0.057214,
            0.052341,
            0.050865999999999995,
            0.053841999999999994,
            0.05086299999999999,
            0.003748,
            0.001856,
            0.002981,
            0.001862,
            0.000369,
            0.001478,
            0.0,
            0.0,
            0.0014780000000000001,
            0.007873,
            0.00445,
            0.007037999999999999,
            0.004438,
            0.010387,
            0.010017,
            0.01191,
            0.011887000000000002,
            0.01075,
            0.011122,
            0.010779,
            0.013348,
            0.013349,
            0.022532999999999997,
            0.021234999999999997,
            0.020919999999999998,
            0.015217,
            0.016336999999999997,
            0.014495999999999998,
            0.015225999999999998,
            0.013368,
            0.013344,
            0.012598999999999999,
            0.014083,
            0.014829,
            0.010801000000000002,
            0.016824,
            0.011534,
            0.011169000000000002,
            0.013479,
            0.014894,
            0.022698,
            0.009653,
            0.014142,
            0.009685,
            0.009913,
            0.019364,
            0.019743,
            0.019743999999999998,
            0.01937,
            0.018996,
            0.031393,
            0.029894999999999998,
            0.029523,
            0.030997999999999998,
            0.035128999999999994,
