{
    "NEXUS_FILE_URL": "http://purl.org/phylo/treebase/phylows/study/TB2:S10943",
    "NEWICK_TREE": "(51:0.37206847,(31:0.00250523,(((((((16:1.0E-8,(17:1.0E-8,(50:0.00257122,(39:0.00253621,(37:1.0E-8,38:1.0E-8):0.00510585):1.0E-8):1.0E-8):1.0E-8):1.0E-8,30:0.00255022):0.00256829,6:0.00515367):1.0E-8,18:0.00256484):0.00781732,(15:1.0E-8,14:1.0E-8):0.00252693):1.0E-8,34:1.0E-8):0.00254578,(47:0.00500306,((((26:1.0E-8,27:1.0E-8):0.00249195,(35:0.0024999,25:1.0E-8):1.0E-8):0.00319654,(46:0.01678581,((((2:1.0E-8,1:1.0E-8):1.0E-8,(((10:1.0E-8,9:1.0E-8):1.0E-8,32:0.00244453):0.00752236,49:1.0E-8):0.00246381):0.00236639,48:0.00784788):0.00265115,((43:1.0E-8,42:1.0E-8):0.00505169,((22:1.0E-8,21:1.0E-8):0.00252899,((8:1.0E-8,7:1.0E-8):1.0E-8,36:1.0E-8):1.0E-8):0.00513827):1.0E-8):0.00183973):0.00792048):0.00486212,((23:1.0E-8,24:1.0E-8):0.00328943,((((11:0.00225855,41:0.00447044):1.0E-8,(19:1.0E-8,20:1.0E-8):0.00226255):0.01275879,((45:1.0E-8,44:1.0E-8):0.00216038,(29:1.0E-8,28:1.0E-8):1.0E-8):0.01731237):0.00135712,(40:0.00225178,(((4:1.0E-8,3:1.0E-8):1.0E-8,5:1.0E-8):1.0E-8,(12:1.0E-8,13:1.0E-8):0.00228089):1.0E-8):0.01213778):0.00454052):0.01082109):0.01492516):1.0E-8):1.0E-8):0.00254495,33:1.0E-8);",
    "DISTANCE_MATRIX": [
        [
            0.0,
            0.37711865,
            0.38754486,
            0.38754487,
            0.39011608999999997,
            0.39008108999999996,
            0.39265074,
            0.39265074,
            0.39009506,
            0.39013021999999997,
            0.38754138,
            0.37968616,
            0.37968616,
            0.37715921999999996,
            0.37961649999999997,
            0.40008921999999997,
            0.40008921999999997,
            0.40009717,
            0.39759728,
            0.41910701,
            0.40917849,
            0.40917849,
            0.41916465999999997,
            0.41916465999999997,
            0.42160917,
            0.41164228999999997,
            0.41465996,
            0.40921263999999996,
            0.40921263999999996,
            0.41182821,
            0.41182821,
            0.40929924,
            0.40929924,
            0.40929923,
            0.40364912999999997,
            0.40364912999999997,
            0.42127468,
            0.42348657,
            0.42127868,
            0.42127868,
            0.42573009,
            0.42573009,
            0.42356972,
            0.42356972,
            0.41928977,
            0.41703803,
            0.41703803,
            0.41703802,
            0.4193189,
            0.4193189,
            0.37206848
        ],
        [
            0.37711865,
            0.0,
            0.01543667,
            0.015436679999999998,
            0.0180079,
            0.0179729,
            0.020542550000000003,
            0.020542550000000003,
            0.01798687,
            0.018022029999999998,
            0.01543319,
            0.00757797,
            0.00757797,
            0.00505103,
            0.00750831,
            0.027981030000000004,
            0.027981030000000004,
            0.027988980000000004,
            0.025489090000000002,
            0.046998820000000004,
            0.0370703,
            0.0370703,
            0.04705647,
            0.04705647,
            0.04950098,
            0.0395341,
            0.04255177,
            0.03710445,
            0.03710445,
            0.03972002,
            0.03972002,
            0.03719105,
            0.03719105,
            0.03719104,
            0.03154094,
            0.03154094,
            0.04916649,
            0.05137838,
            0.049170490000000004,
            0.049170490000000004,
            0.0536219,
            0.0536219,
            0.05146153,
            0.05146153,
            0.04718158,
            0.04492984,
            0.04492984,
            0.044929830000000004,
            0.04721071,
            0.04721071,
            0.0050501899999999995
        ],
        [
            0.38754486,
            0.01543667,
            0.0,
            3.0000000000000004e-08,
            0.0025712499999999998,
            0.00253625,
            0.0051059,
            0.0051059,
            0.00255024,
            0.00772198,
            0.0051331599999999995,
            0.012912580000000002,
            0.012912580000000002,
            0.010385660000000001,
            0.0179345,
            0.038407220000000006,
            0.038407220000000006,
            0.03841517,
            0.03591528,
            0.057425010000000005,
            0.04749649,
            0.04749649,
            0.057482660000000005,
            0.057482660000000005,
            0.05992717,
            0.049960290000000004,
            0.052977960000000004,
            0.04753064,
            0.04753064,
            0.050146210000000004,
            0.050146210000000004,
            0.047617240000000005,
            0.047617240000000005,
            0.04761723,
            0.041967130000000005,
            0.041967130000000005,
            0.05959268,
            0.06180457,
            0.059596680000000006,
            0.059596680000000006,
            0.06404809,
            0.06404809,
            0.06188772,
            0.06188772,
            0.05760777,
            0.05535603,
            0.05535603,
            0.055356020000000006,
            0.057636900000000005,
            0.057636900000000005,
            0.0154764
        ],
        [
            0.38754487,
            0.015436679999999998,
            3.0000000000000004e-08,
            0.0,
            0.00257124,
            0.00253624,
            0.00510589,
            0.00510589,
            0.00255025,
            0.00772199,
            0.005133169999999999,
            0.01291259,
            0.01291259,
            0.01038567,
            0.01793451,
            0.03840723,
            0.03840723,
            0.03841518,
            0.03591529,
            0.05742502000000001,
            0.0474965,
            0.0474965,
            0.05748267,
            0.05748267,
            0.05992718,
            0.0499603,
            0.05297797,
            0.047530649999999994,
            0.047530649999999994,
            0.050146220000000005,
            0.050146220000000005,
            0.04761725,
            0.04761725,
            0.047617240000000005,
            0.04196714,
            0.04196714,
            0.059592690000000004,
            0.06180458,
            0.05959669000000001,
            0.05959669000000001,
            0.0640481,
            0.0640481,
            0.06188773,
            0.06188773,
            0.05760778,
            0.055356039999999995,
            0.055356039999999995,
            0.05535603,
            0.05763691,
            0.05763691,
            0.015476409999999998
        ],
        [
            0.39011608999999997,
            0.0180079,
            0.0025712499999999998,
            0.00257124,
            0.0,
            0.0051074399999999995,
            0.00767709,
            0.00767709,
            0.0051214699999999995,
            0.01029321,
            0.00770439,
            0.01548381,
            0.01548381,
            0.01295689,
            0.02050573,
            0.04097845,
            0.04097845,
            0.040986400000000006,
            0.03848651,
            0.059996240000000006,
            0.05006772,
            0.05006772,
            0.060053890000000006,
            0.060053890000000006,
            0.0624984,
            0.052531520000000005,
            0.055549190000000005,
            0.05010187,
            0.05010187,
            0.052717440000000004,
            0.052717440000000004,
            0.050188470000000006,
            0.050188470000000006,
            0.050188460000000004,
            0.04453836,
            0.04453836,
            0.06216391,
            0.06437580000000001,
            0.06216791000000001,
            0.06216791000000001,
            0.06661932000000001,
            0.06661932000000001,
            0.06445895,
            0.06445895,
            0.060179,
            0.05792726,
            0.05792726,
            0.057927250000000007,
            0.060208130000000006,
            0.060208130000000006,
            0.018047630000000002
        ],
        [
            0.39008108999999996,
            0.0179729,
            0.00253625,
            0.00253624,
            0.0051074399999999995,
            0.0,
            0.007642070000000001,
            0.007642070000000001,
            0.00508647,
            0.01025821,
            0.00766939,
            0.01544881,
            0.01544881,
            0.01292189,
            0.02047073,
            0.040943450000000006,
            0.040943450000000006,
            0.0409514,
            0.03845151,
            0.059961240000000006,
            0.05003272,
            0.05003272,
            0.060018890000000005,
            0.060018890000000005,
            0.0624634,
            0.052496520000000005,
            0.055514190000000005,
            0.05006687,
            0.05006687,
            0.052682440000000004,
            0.052682440000000004,
            0.050153470000000006,
            0.050153470000000006,
            0.050153460000000004,
            0.044503360000000006,
            0.044503360000000006,
            0.06212891,
            0.0643408,
            0.062132910000000006,
            0.062132910000000006,
            0.06658432,
            0.06658432,
            0.06442395000000001,
            0.06442395000000001,
            0.060144,
            0.05789226,
            0.05789226,
            0.057892250000000006,
            0.060173130000000005,
            0.060173130000000005,
            0.01801263
        ],
        [
            0.39265074,
            0.020542550000000003,
            0.0051059,
            0.00510589,
            0.00767709,
            0.007642070000000001,
            0.0,
            2e-08,
            0.007656120000000001,
            0.01282786,
            0.01023904,
            0.01801846,
            0.01801846,
            0.015491540000000002,
            0.02304038,
            0.0435131,
            0.0435131,
            0.043521050000000006,
            0.04102116,
            0.06253089,
            0.05260237,
            0.05260237,
            0.06258854,
            0.06258854,
            0.06503305000000001,
            0.055066170000000005,
            0.058083840000000005,
            0.05263652,
            0.05263652,
            0.055252090000000004,
            0.055252090000000004,
            0.052723120000000005,
            0.052723120000000005,
            0.052723110000000004,
            0.04707301,
            0.04707301,
            0.06469856,
            0.06691045000000001,
            0.06470256,
            0.06470256,
            0.06915397000000001,
            0.06915397000000001,
            0.0669936,
            0.0669936,
            0.06271365000000001,
            0.06046191,
            0.06046191,
            0.060461900000000006,
            0.06274278,
            0.06274278,
            0.020582280000000005
        ],
        [
            0.39265074,
            0.020542550000000003,
            0.0051059,
            0.00510589,
            0.00767709,
            0.007642070000000001,
            2e-08,
            0.0,
            0.007656120000000001,
            0.01282786,
            0.01023904,
            0.01801846,
            0.01801846,
            0.015491540000000002,
            0.02304038,
            0.0435131,
            0.0435131,
            0.043521050000000006,
            0.04102116,
            0.06253089,
            0.05260237,
            0.05260237,
            0.06258854,
            0.06258854,
            0.06503305000000001,
            0.055066170000000005,
            0.058083840000000005,
            0.05263652,
            0.05263652,
            0.055252090000000004,
            0.055252090000000004,
            0.052723120000000005,
            0.052723120000000005,
            0.052723110000000004,
            0.04707301,
            0.04707301,
            0.06469856,
            0.06691045000000001,
            0.06470256,
            0.06470256,
            0.06915397000000001,
            0.06915397000000001,
            0.0669936,
            0.0669936,
            0.06271365000000001,
            0.06046191,
            0.06046191,
            0.060461900000000006,
            0.06274278,
            0.06274278,
            0.020582280000000005
        ],
        [
            0.39009506,
            0.01798687,
            0.00255024,
            0.00255025,
            0.0051214699999999995,
            0.00508647,
            0.007656120000000001,
            0.007656120000000001,
            0.0,
            0.010272179999999999,
            0.00768336,
            0.01546278,
            0.01546278,
            0.01293586,
            0.0204847,
            0.04095742,
            0.04095742,
            0.04096537,
            0.038465479999999996,
            0.05997521,
            0.050046690000000005,
            0.050046690000000005,
            0.06003286000000001,
            0.06003286000000001,
            0.062477370000000004,
            0.05251049000000001,
            0.05552816000000001,
            0.05008084,
            0.05008084,
            0.05269641,
            0.05269641,
            0.05016744000000001,
            0.05016744000000001,
            0.05016743,
            0.04451733,
            0.04451733,
            0.06214288,
            0.06435477,
            0.06214688,
            0.06214688,
            0.06659829,
            0.06659829,
            0.06443792,
            0.06443792,
            0.060157970000000005,
            0.05790623,
            0.05790623,
            0.05790622000000001,
            0.06018710000000001,
            0.06018710000000001,
            0.0180266
        ],
        [
            0.39013021999999997,
            0.018022029999999998,
            0.00772198,
            0.00772199,
            0.01029321,
            0.01025821,
            0.01282786,
            0.01282786,
            0.010272179999999999,
            0.0,
            0.0077185199999999995,
            0.01549794,
            0.01549794,
            0.01297102,
            0.02051986,
            0.04099258,
            0.04099258,
            0.04100053,
            0.03850064,
            0.06001037000000001,
            0.05008185,
            0.05008185,
            0.06006802,
            0.06006802,
            0.06251253,
            0.05254565,
            0.05556332,
            0.050115999999999994,
            0.050115999999999994,
            0.052731570000000005,
            0.052731570000000005,
            0.0502026,
            0.0502026,
            0.050202590000000005,
            0.04455249,
            0.04455249,
            0.062178040000000004,
            0.06438993,
            0.06218204000000001,
            0.06218204000000001,
            0.06663345,
            0.06663345,
            0.06447308,
            0.06447308,
            0.06019313,
            0.057941389999999995,
            0.057941389999999995,
            0.05794138,
            0.06022226,
            0.06022226,
            0.01806176
        ],
        [
            0.38754138,
            0.01543319,
            0.0051331599999999995,
            0.005133169999999999,
            0.00770439,
            0.00766939,
            0.01023904,
            0.01023904,
            0.00768336,
            0.0077185199999999995,
            0.0,
            0.012909100000000001,
            0.012909100000000001,
            0.010382180000000001,
            0.01793102,
            0.038403740000000006,
            0.038403740000000006,
            0.03841169,
            0.0359118,
            0.057421530000000005,
            0.04749301,
            0.04749301,
            0.057479180000000005,
            0.057479180000000005,
            0.05992369,
            0.049956810000000004,
            0.052974480000000004,
            0.04752716,
            0.04752716,
            0.05014273,
            0.05014273,
            0.047613760000000005,
            0.047613760000000005,
            0.04761375,
            0.041963650000000005,
            0.041963650000000005,
            0.0595892,
            0.06180109,
            0.059593200000000006,
            0.059593200000000006,
            0.06404461,
            0.06404461,
            0.06188424,
            0.06188424,
            0.05760429,
            0.05535255,
            0.05535255,
            0.055352540000000006,
            0.057633420000000005,
            0.057633420000000005,
            0.01547292
        ],
        [
            0.37968616,
            0.00757797,
            0.012912580000000002,
            0.01291259,
            0.01548381,
            0.01544881,
            0.01801846,
            0.01801846,
            0.01546278,
            0.01549794,
            0.012909100000000001,
            0.0,
            2e-08,
            0.00252696,
            0.0100758,
            0.030548520000000003,
            0.030548520000000003,
            0.030556470000000002,
            0.02805658,
            0.04956631,
            0.03963779,
            0.03963779,
            0.04962396,
            0.04962396,
            0.05206847,
            0.04210159,
            0.04511926,
            0.039671939999999996,
            0.039671939999999996,
            0.04228751,
            0.04228751,
            0.03975854,
            0.03975854,
            0.03975853,
            0.03410843,
            0.03410843,
            0.05173398,
            0.05394587,
            0.05173798,
            0.05173798,
            0.05618939,
            0.05618939,
            0.05402902,
            0.05402902,
            0.04974907,
            0.04749733,
            0.04749733,
            0.04749732,
            0.0497782,
            0.0497782,
            0.0076177
        ],
        [
            0.37968616,
            0.00757797,
            0.012912580000000002,
            0.01291259,
            0.01548381,
            0.01544881,
            0.01801846,
            0.01801846,
            0.01546278,
            0.01549794,
            0.012909100000000001,
            2e-08,
            0.0,
            0.00252696,
            0.0100758,
            0.030548520000000003,
            0.030548520000000003,
            0.030556470000000002,
            0.02805658,
            0.04956631,
            0.03963779,
            0.03963779,
            0.04962396,
            0.04962396,
            0.05206847,
            0.04210159,
            0.04511926,
            0.039671939999999996,
            0.039671939999999996,
            0.04228751,
            0.04228751,
            0.03975854,
            0.03975854,
            0.03975853,
            0.03410843,
            0.03410843,
            0.05173398,
            0.05394587,
            0.05173798,
            0.05173798,
            0.05618939,
            0.05618939,
            0.05402902,
            0.05402902,
            0.04974907,
            0.04749733,
            0.04749733,
            0.04749732,
            0.0497782,
            0.0497782,
            0.0076177
        ],
        [
            0.37715921999999996,
            0.00505103,
            0.010385660000000001,
            0.01038567,
            0.01295689,
            0.01292189,
            0.015491540000000002,
            0.015491540000000002,
            0.01293586,
            0.01297102,
            0.010382180000000001,
            0.00252696,
            0.00252696,
            0.0,
            0.00754886,
            0.02802158,
            0.02802158,
            0.02802953,
            0.02552964,
            0.047039370000000004,
            0.03711085,
            0.03711085,
            0.04709702,
            0.04709702,
            0.04954153,
            0.03957465,
            0.04259232,
            0.037145,
            0.037145,
            0.03976057,
            0.03976057,
            0.037231600000000004,
            0.037231600000000004,
            0.03723159,
            0.031581490000000004,
            0.031581490000000004,
            0.04920704,
            0.05141893,
            0.049211040000000005,
            0.049211040000000005,
            0.05366245,
            0.05366245,
            0.05150208,
            0.05150208,
            0.04722213,
            0.04497039,
            0.04497039,
            0.044970380000000004,
            0.04725126,
            0.04725126,
            0.00509076
        ],
        [
            0.37961649999999997,
            0.00750831,
            0.0179345,
            0.01793451,
            0.02050573,
            0.02047073,
            0.02304038,
            0.02304038,
            0.0204847,
            0.02051986,
            0.01793102,
            0.0100758,
            0.0100758,
            0.00754886,
            0.0,
            0.03047884,
            0.03047884,
            0.03048679,
            0.0279869,
            0.04949663,
            0.039568110000000004,
            0.039568110000000004,
            0.049554280000000006,
            0.049554280000000006,
            0.05199879,
            0.042031910000000006,
            0.045049580000000006,
            0.03960226,
            0.03960226,
            0.04221783,
            0.04221783,
            0.039688860000000006,
            0.039688860000000006,
            0.03968885,
            0.03403875,
            0.03403875,
            0.051664299999999996,
            0.053876190000000004,
            0.0516683,
            0.0516683,
            0.05611971,
            0.05611971,
            0.053959339999999995,
            0.053959339999999995,
            0.049679390000000004,
            0.04742765,
            0.04742765,
            0.04742764000000001,
            0.049708520000000006,
            0.049708520000000006,
            0.00754804
        ],
        [
            0.40008921999999997,
            0.027981030000000004,
            0.038407220000000006,
            0.03840723,
            0.04097845,
            0.040943450000000006,
            0.0435131,
            0.0435131,
            0.04095742,
            0.04099258,
            0.038403740000000006,
            0.030548520000000003,
            0.030548520000000003,
            0.02802158,
            0.03047884,
            0.0,
            2e-08,
            0.004991870000000001,
            0.00249198,
            0.03039479,
            0.02046627,
            0.02046627,
            0.030452439999999997,
            0.030452439999999997,
            0.03289695,
            0.022930069999999997,
            0.025947739999999997,
            0.020500420000000002,
            0.020500420000000002,
            0.02311599,
            0.02311599,
            0.02058702,
            0.02058702,
            0.02058701,
            0.02466115,
            0.02466115,
            0.042286699999999997,
            0.044498590000000005,
            0.0422907,
            0.0422907,
            0.04674211,
            0.04674211,
            0.044581739999999995,
            0.044581739999999995,
            0.040301790000000004,
            0.03805005,
            0.03805005,
            0.03805004000000001,
            0.040330920000000006,
            0.040330920000000006,
            0.028020760000000006
        ],
        [
            0.40008921999999997,
            0.027981030000000004,
            0.038407220000000006,
            0.03840723,
            0.04097845,
            0.040943450000000006,
            0.0435131,
            0.0435131,
            0.04095742,
            0.04099258,
            0.038403740000000006,
            0.030548520000000003,
            0.030548520000000003,
            0.02802158,
            0.03047884,
            2e-08,
            0.0,
            0.004991870000000001,
            0.00249198,
            0.03039479,
            0.02046627,
            0.02046627,
            0.030452439999999997,
            0.030452439999999997,
            0.03289695,
            0.022930069999999997,
            0.025947739999999997,
            0.020500420000000002,
            0.020500420000000002,
            0.02311599,
            0.02311599,
            0.02058702,
            0.02058702,
            0.02058701,
            0.02466115,
            0.02466115,
            0.042286699999999997,
            0.044498590000000005,
            0.0422907,
            0.0422907,
            0.04674211,
            0.04674211,
            0.044581739999999995,
            0.044581739999999995,
            0.040301790000000004,
            0.03805005,
            0.03805005,
            0.03805004000000001,
            0.040330920000000006,
            0.040330920000000006,
            0.028020760000000006
        ],
        [
            0.40009717,
            0.027988980000000004,
            0.03841517,
            0.03841518,
            0.040986400000000006,
            0.0409514,
            0.043521050000000006,
            0.043521050000000006,
            0.04096537,
            0.04100053,
            0.03841169,
            0.030556470000000002,
            0.030556470000000002,
            0.02802953,
            0.03048679,
            0.004991870000000001,
            0.004991870000000001,
            0.0,
            0.00249991,
            0.030402740000000004,
            0.02047422,
            0.02047422,
            0.030460389999999997,
            0.030460389999999997,
            0.0329049,
            0.022938019999999996,
            0.025955689999999997,
            0.02050837,
            0.02050837,
            0.023123940000000003,
            0.023123940000000003,
            0.02059497,
            0.02059497,
            0.020594960000000002,
            0.0246691,
            0.0246691,
            0.04229465,
            0.04450654,
            0.04229865000000001,
            0.04229865000000001,
            0.046750059999999996,
            0.046750059999999996,
            0.04458969,
            0.04458969,
            0.04030974,
            0.038057999999999995,
            0.038057999999999995,
            0.03805799,
            0.04033887,
            0.04033887,
            0.028028710000000005
        ],
        [
            0.39759728,
            0.025489090000000002,
            0.03591528,
            0.03591529,
            0.03848651,
            0.03845151,
            0.04102116,
            0.04102116,
            0.038465479999999996,
            0.03850064,
            0.0359118,
            0.02805658,
            0.02805658,
            0.02552964,
            0.0279869,
            0.00249198,
            0.00249198,
            0.00249991,
            0.0,
            0.027902850000000003,
            0.01797433,
            0.01797433,
            0.0279605,
            0.0279605,
            0.030405010000000003,
            0.02043813,
            0.0234558,
            0.01800848,
            0.01800848,
            0.02062405,
            0.02062405,
            0.01809508,
            0.01809508,
            0.01809507,
            0.02216921,
            0.02216921,
            0.03979476,
            0.04200665,
            0.03979876,
            0.03979876,
            0.04425017,
            0.04425017,
            0.0420898,
            0.0420898,
            0.03780985,
            0.03555811,
            0.03555811,
            0.0355581,
            0.03783898,
            0.03783898,
            0.025528820000000004
        ],
        [
            0.41910701,
            0.046998820000000004,
            0.057425010000000005,
            0.05742502000000001,
            0.059996240000000006,
            0.059961240000000006,
            0.06253089,
            0.06253089,
            0.05997521,
            0.06001037000000001,
            0.057421530000000005,
            0.04956631,
            0.04956631,
            0.047039370000000004,
            0.04949663,
            0.03039479,
            0.03039479,
            0.030402740000000004,
            0.027902850000000003,
            0.0,
            0.0236431,
            0.0236431,
            0.03362927,
            0.03362927,
            0.03607378,
            0.026106900000000002,
            0.029124570000000002,
            0.023677250000000004,
            0.023677250000000004,
            0.02629282,
            0.02629282,
            0.023763850000000003,
            0.023763850000000003,
            0.02376384,
            0.04367894,
            0.04367894,
            0.06130449,
            0.06351638000000001,
            0.06130849000000001,
            0.06130849000000001,
            0.06575990000000001,
            0.06575990000000001,
            0.06359953,
            0.06359953,
            0.059319580000000004,
            0.05706784,
            0.05706784,
            0.05706783000000001,
            0.059348710000000006,
            0.059348710000000006,
            0.047038550000000005
        ],
        [
            0.40917849,
            0.0370703,
            0.04749649,
            0.0474965,
            0.05006772,
            0.05003272,
            0.05260237,
            0.05260237,
            0.050046690000000005,
            0.05008185,
            0.04749301,
            0.03963779,
            0.03963779,
            0.03711085,
            0.039568110000000004,
            0.02046627,
            0.02046627,
            0.02047422,
            0.01797433,
            0.0236431,
            0.0,
            2e-08,
            0.009986209999999999,
            0.009986209999999999,
            0.01243072,
            0.0024638399999999997,
            0.01021429,
            0.01006927,
            0.01006927,
            0.01268484,
            0.01268484,
            0.010155870000000001,
            0.010155870000000001,
            0.01015586,
            0.03375042,
            0.03375042,
            0.05137597,
            0.05358786,
            0.051379970000000004,
            0.051379970000000004,
            0.05583138,
            0.05583138,
            0.05367101,
            0.05367101,
            0.04939106,
            0.04713932,
            0.04713932,
            0.047139310000000004,
            0.04942019,
            0.04942019,
            0.03711003
        ],
        [
            0.40917849,
            0.0370703,
            0.04749649,
            0.0474965,
            0.05006772,
            0.05003272,
            0.05260237,
            0.05260237,
            0.050046690000000005,
            0.05008185,
            0.04749301,
            0.03963779,
            0.03963779,
            0.03711085,
            0.039568110000000004,
            0.02046627,
            0.02046627,
            0.02047422,
            0.01797433,
            0.0236431,
            2e-08,
            0.0,
            0.009986209999999999,
            0.009986209999999999,
            0.01243072,
            0.0024638399999999997,
            0.01021429,
            0.01006927,
            0.01006927,
            0.01268484,
            0.01268484,
            0.010155870000000001,
            0.010155870000000001,
            0.01015586,
            0.03375042,
            0.03375042,
            0.05137597,
            0.05358786,
            0.051379970000000004,
            0.051379970000000004,
            0.05583138,
            0.05583138,
            0.05367101,
            0.05367101,
            0.04939106,
            0.04713932,
            0.04713932,
            0.047139310000000004,
            0.04942019,
            0.04942019,
            0.03711003
        ],
        [
            0.41916465999999997,
            0.04705647,
            0.057482660000000005,
            0.05748267,
            0.060053890000000006,
            0.060018890000000005,
            0.06258854,
            0.06258854,
            0.06003286000000001,
            0.06006802,
            0.057479180000000005,
            0.04962396,
            0.04962396,
            0.04709702,
            0.049554280000000006,
            0.030452439999999997,
            0.030452439999999997,
            0.030460389999999997,
            0.0279605,
            0.03362927,
            0.009986209999999999,
            0.009986209999999999,
            0.0,
            2e-08,
            0.0024445499999999998,
            0.0075223899999999995,
            0.020200459999999996,
            0.020055439999999997,
            0.020055439999999997,
            0.02267101,
            0.02267101,
            0.02014204,
            0.02014204,
            0.02014203,
            0.04373659,
            0.04373659,
            0.061362139999999996,
            0.06357403,
            0.06136614,
            0.06136614,
            0.06581755,
            0.06581755,
            0.06365718,
            0.06365718,
            0.05937723,
            0.05712549,
            0.05712549,
            0.057125480000000006,
            0.059406360000000005,
            0.059406360000000005,
            0.047096200000000005
        ],
        [
            0.41916465999999997,
            0.04705647,
            0.057482660000000005,
            0.05748267,
            0.060053890000000006,
            0.060018890000000005,
            0.06258854,
            0.06258854,
            0.06003286000000001,
            0.06006802,
            0.057479180000000005,
            0.04962396,
            0.04962396,
            0.04709702,
            0.049554280000000006,
            0.030452439999999997,
            0.030452439999999997,
            0.030460389999999997,
            0.0279605,
            0.03362927,
            0.009986209999999999,
            0.009986209999999999,
            2e-08,
            0.0,
            0.0024445499999999998,
            0.0075223899999999995,
            0.020200459999999996,
            0.020055439999999997,
            0.020055439999999997,
            0.02267101,
            0.02267101,
            0.02014204,
            0.02014204,
            0.02014203,
            0.04373659,
            0.04373659,
            0.061362139999999996,
            0.06357403,
            0.06136614,
            0.06136614,
            0.06581755,
            0.06581755,
            0.06365718,
            0.06365718,
            0.05937723,
            0.05712549,
            0.05712549,
            0.057125480000000006,
            0.059406360000000005,
            0.059406360000000005,
            0.047096200000000005
        ],
        [
            0.42160917,
            0.04950098,
            0.05992717,
            0.05992718,
            0.0624984,
            0.0624634,
            0.06503305000000001,
            0.06503305000000001,
            0.062477370000000004,
            0.06251253,
            0.05992369,
            0.05206847,
            0.05206847,
            0.04954153,
            0.05199879,
            0.03289695,
            0.03289695,
            0.0329049,
            0.030405010000000003,
            0.03607378,
            0.01243072,
            0.01243072,
            0.0024445499999999998,
            0.0024445499999999998,
            0.0,
            0.009966899999999999,
            0.02264497,
            0.02249995,
            0.02249995,
            0.025115520000000002,
            0.025115520000000002,
            0.02258655,
            0.02258655,
            0.022586540000000002,
            0.0461811,
            0.0461811,
            0.06380664999999999,
            0.06601854,
            0.06381065,
            0.06381065,
            0.06826206,
            0.06826206,
            0.06610168999999999,
            0.06610168999999999,
            0.06182174,
            0.05957,
            0.05957,
            0.05956999,
            0.06185087,
            0.06185087,
            0.04954071
        ],
        [
            0.41164228999999997,
            0.0395341,
            0.049960290000000004,
            0.0499603,
            0.052531520000000005,
            0.052496520000000005,
            0.055066170000000005,
            0.055066170000000005,
            0.05251049000000001,
            0.05254565,
            0.049956810000000004,
            0.04210159,
            0.04210159,
            0.03957465,
            0.042031910000000006,
            0.022930069999999997,
            0.022930069999999997,
            0.022938019999999996,
            0.02043813,
            0.026106900000000002,
            0.0024638399999999997,
            0.0024638399999999997,
            0.0075223899999999995,
            0.0075223899999999995,
            0.009966899999999999,
            0.0,
            0.01267809,
            0.01253307,
            0.01253307,
            0.01514864,
            0.01514864,
            0.01261967,
            0.01261967,
            0.01261966,
            0.03621422,
            0.03621422,
            0.053839769999999995,
            0.05605166,
            0.05384377,
            0.05384377,
            0.05829518,
            0.05829518,
            0.05613480999999999,
            0.05613480999999999,
            0.05185486,
            0.04960312,
            0.04960312,
            0.049603110000000006,
            0.051883990000000005,
            0.051883990000000005,
            0.039573830000000004
        ],
        [
            0.41465996,
            0.04255177,
            0.052977960000000004,
            0.05297797,
            0.055549190000000005,
            0.055514190000000005,
            0.058083840000000005,
            0.058083840000000005,
            0.05552816000000001,
            0.05556332,
            0.052974480000000004,
            0.04511926,
            0.04511926,
            0.04259232,
            0.045049580000000006,
            0.025947739999999997,
            0.025947739999999997,
            0.025955689999999997,
            0.0234558,
            0.029124570000000002,
            0.01021429,
            0.01021429,
            0.020200459999999996,
            0.020200459999999996,
            0.02264497,
            0.01267809,
            0.0,
            0.01555074,
            0.01555074,
            0.018166309999999998,
            0.018166309999999998,
            0.01563734,
            0.01563734,
            0.015637329999999998,
            0.03923189,
            0.03923189,
            0.056857439999999995,
            0.05906933,
            0.05686144,
            0.05686144,
            0.06131285,
            0.06131285,
            0.05915247999999999,
            0.05915247999999999,
            0.05487253,
            0.05262079,
            0.05262079,
            0.052620780000000006,
            0.054901660000000005,
            0.054901660000000005,
            0.042591500000000004
        ],
        [
            0.40921263999999996,
            0.03710445,
            0.04753064,
            0.047530649999999994,
            0.05010187,
            0.05006687,
            0.05263652,
            0.05263652,
            0.05008084,
            0.050115999999999994,
            0.04752716,
            0.039671939999999996,
            0.039671939999999996,
            0.037145,
            0.03960226,
            0.020500420000000002,
            0.020500420000000002,
            0.02050837,
            0.01800848,
            0.023677250000000004,
            0.01006927,
            0.01006927,
            0.020055439999999997,
            0.020055439999999997,
            0.02249995,
            0.01253307,
            0.01555074,
            0.0,
            2e-08,
