{
    "NEXUS_FILE_URL": "http://purl.org/phylo/treebase/phylows/study/TB2:S11974",
    "NEWICK_TREE": "((1:0.1242733,2:0.22290077):0.104621475,(83:0.17524105,(((47:0.05537871,(44:0.01055085,((42:1.0E-8,46:1.0E-8):0.00999633,(43:0.01268455,45:0.01410061):0.00418963):0.00246986):0.06559445):0.06197187,((41:0.01870945,((35:0.00582442,(39:0.00458841,40:1.0E-8):0.00703017):6.3569E-4,(36:1.0E-8,(37:1.0E-8,38:5.0E-8):0.00242026):0.00649289):0.00650476):0.02546164,((33:0.02262129,(32:0.00246002,34:0.01845558):0.00401897):0.00341596,(31:0.02857789,(30:0.01619965,((28:1.0E-8,(22:1.0E-8,(23:1.0E-8,24:1.0E-8):1.0E-8):0.00179825):0.00549121,(29:0.00181102,(25:1.0E-8,(26:1.0E-8,27:0.00179713):1.0E-8):0.00179094):0.00545531):0.01317972):0.00243321):0.00870668):0.0218573):0.06554223):0.03942255,(((81:0.01634589,82:0.0285374):0.13572037,((77:0.04317682,(75:0.01502922,76:0.00455091):0.01634699):0.06425757,(80:1.0E-8,(78:1.0E-8,79:1.0E-8):1.0E-8):0.07531713):0.04646111):0.01501753,((74:0.16734662,(21:0.07267486,((17:0.01951709,(20:0.00818361,(18:0.0100961,19:0.00533594):0.00264213):0.00207797):0.05991913,((8:1.0E-8,((5:1.0E-8,(3:1.0E-8,4:1.0E-8):1.0E-8):1.0E-8,(9:0.00387332,(6:1.0E-8,7:1.0E-8):1.0E-8):0.00538303):0.00178533):0.03398042,((14:0.00360009,15:0.00175292):0.00438303,(13:0.00356368,(12:0.00539721,(16:1.0E-8,(10:0.0035924,11:0.00721887):1.0E-8):0.0):0.00182289):0.00468668):0.00915811):0.03995876):0.04192873):0.0247833):0.01703363,(((67:0.05899637,(64:0.01903559,(65:1.0E-8,66:1.0E-8):0.02784208):0.00515138):0.02891898,((72:0.0017346,(68:1.0E-8,69:0.00173504):1.0E-8):0.01059265,(71:1.0E-8,(70:1.0E-8,73:1.0E-8):1.0E-8):0.00540468):0.09687966):0.09254213,(56:0.02062129,(((60:0.00582072,61:1.0E-8):9.8223E-4,(62:0.00403428,63:7.07E-6):0.00864165):0.04038461,((57:0.04146653,(58:1.0E-8,59:1.0E-8):0.04505432):0.00928236,((51:0.01474506,(48:0.00576362,(49:0.0018837,50:1.0E-8):0.00376703):0.00458452):0.00197254,(54:0.01360489,(52:0.00573277,(53:1.0E-8,55:1.0E-8):1.0E-8):0.01473527):0.0013606):0.00767404):0.00115507):0.01114873):0.07072878):0.00656118):0.02518451):0.03279355):0.05881377):0.104621475);",
    "DISTANCE_MATRIX": [
        [
            0.0,
            0.34717407,
            0.5087573000000001,
            0.54910315,
            0.56986974,
            0.57178509,
            0.57178509,
            0.57866293,
            0.5800789900000001,
            0.54146589,
            0.53572131,
            0.54151547,
            0.53692707,
            0.5357541,
            0.53817436,
            0.5381743999999999,
            0.54518935,
            0.52904705,
            0.5450426100000001,
            0.5564366700000001,
            0.54649164,
            0.5489629300000001,
            0.5507611800000001,
            0.55076119,
            0.55076119,
            0.55073804,
            0.55071797,
            0.5507179799999999,
            0.5525151,
            0.59220736,
            0.60439887,
            0.5940366,
            0.58223599,
            0.5717576799999999,
            0.5619193499999999,
            0.5619193600000001,
            0.5619193600000001,
            0.63468833,
            0.56479987,
            0.61348996,
            0.6042344500000001,
            0.60878907,
            0.60402891,
            0.60799293,
            0.6097782700000001,
            0.60977828,
            0.60977828,
            0.6190346,
            0.6151613,
            0.6151613,
            0.59115373,
            0.58930656,
            0.5914209699999999,
            0.59507739,
            0.5896801899999999,
            0.59327259,
            0.59689906,
            0.63732674,
            0.60251734,
            0.6113238400000001,
            0.6113238400000001,
            0.6586183,
            0.65688372,
            0.65861875,
            0.6516957400000001,
            0.65169575,
            0.65169575,
            0.54821933,
            0.58593433,
            0.58011362,
            0.5918073100000001,
            0.5877801,
            0.59065073,
            0.59423853,
            0.59423853,
            0.56429348,
            0.5598965600000001,
            0.5597836700000001,
            0.55789998,
            0.56254137,
            0.56940452,
            0.56367177,
            0.56367177
        ],
        [
            0.34717407,
            0.0,
            0.60738477,
            0.6477306199999999,
            0.66849721,
            0.6704125599999999,
            0.6704125599999999,
            0.6772904,
            0.67870646,
            0.6400933600000001,
            0.6343487800000001,
            0.64014294,
            0.63555454,
            0.63438157,
            0.63680183,
            0.63680187,
            0.6438168200000001,
            0.62767452,
            0.64367008,
            0.65506414,
            0.64511911,
            0.6475904,
            0.64938865,
            0.6493886600000001,
            0.6493886600000001,
            0.64936551,
            0.64934544,
            0.64934545,
            0.65114257,
            0.69083483,
            0.7030263400000001,
            0.69266407,
            0.6808634600000001,
            0.67038515,
            0.66054682,
            0.66054683,
            0.66054683,
            0.7333158,
            0.6634273399999999,
            0.7121174299999999,
            0.70286192,
            0.70741654,
            0.7026563800000001,
            0.7066204,
            0.70840574,
            0.7084057500000001,
            0.7084057500000001,
            0.71766207,
            0.7137887700000001,
            0.7137887700000001,
            0.6897812,
            0.6879340300000001,
            0.69004844,
            0.69370486,
            0.68830766,
            0.69190006,
            0.69552653,
            0.73595421,
            0.70114481,
            0.70995131,
            0.70995131,
            0.7572457699999999,
            0.75551119,
            0.75724622,
            0.75032321,
            0.7503232200000001,
            0.7503232200000001,
            0.6468468,
            0.6845618,
            0.6787410899999999,
            0.69043478,
            0.6864075700000001,
            0.6892782,
            0.692866,
            0.692866,
            0.66292095,
            0.65852403,
            0.65841114,
            0.65652745,
            0.66116884,
            0.66803199,
            0.6622992400000001,
            0.6622992400000001
        ],
        [
            0.5087573000000001,
            0.60738477,
            0.0,
            0.39082795,
            0.41159454,
            0.41350989,
            0.41350989,
            0.42038773,
            0.42180379,
            0.38319069,
            0.37744611,
            0.38324027,
            0.37865187,
            0.3774789,
            0.37989916,
            0.3798992,
            0.38691415,
            0.37077185,
            0.38676741000000003,
            0.39816147,
            0.38821644,
            0.39068773,
            0.39248598,
            0.39248599,
            0.39248599,
            0.39246284000000004,
            0.39244277,
            0.39244278,
            0.39423990000000003,
            0.43393216,
            0.44612367,
            0.4357614,
            0.42396079000000003,
            0.41348248,
            0.40364415,
            0.40364416000000003,
            0.40364416000000003,
            0.47641313,
            0.40652467,
            0.45521476,
            0.44595925000000003,
            0.45051387,
            0.44575371,
            0.44971773,
            0.45150307,
            0.45150308,
            0.45150308,
            0.4607594,
            0.4568861,
            0.4568861,
            0.43287853,
            0.43103136000000003,
            0.43314577,
            0.43680219000000003,
            0.43140499,
            0.43499739,
            0.43862386000000003,
            0.47905154,
            0.44424214,
            0.45304864,
            0.45304864,
            0.5003431,
            0.49860852,
            0.50034355,
            0.49342054,
            0.49342055,
            0.49342055,
            0.38994413,
            0.42765913,
            0.42183842,
            0.43353211,
            0.4295049,
            0.43237553,
            0.43596333000000004,
            0.43596333000000004,
            0.40601828,
            0.40162136000000004,
            0.40150847,
            0.39962478,
            0.40426617000000004,
            0.41112932,
            0.40539657,
            0.40539657
        ],
        [
            0.54910315,
            0.6477306199999999,
            0.39082795,
            0.0,
            0.13152401,
            0.13343936,
            0.13343936,
            0.1403172,
            0.14173326,
            0.22706389999999999,
            0.22131931999999999,
            0.22711348,
            0.22252508,
            0.22135211,
            0.22377237,
            0.22377241,
            0.23078736,
            0.21464506,
            0.23064062000000002,
            0.24203468,
            0.23208965,
            0.23456094,
            0.23635919,
            0.2363592,
            0.2363592,
            0.23633605000000002,
            0.23631598,
            0.23631599,
            0.23811311000000002,
            0.35665047,
            0.36884198,
            0.35847971,
            0.3466791,
            0.33620078999999997,
            0.32636245999999997,
            0.32636246999999996,
            0.32636246999999996,
            0.39913144,
            0.32924297999999996,
            0.37793307,
            0.36867755999999996,
            0.37323217999999997,
            0.36847202,
            0.37243603999999997,
            0.37422137999999994,
            0.37422139,
            0.37422139,
            0.38347770999999997,
            0.37960441,
            0.37960441,
            0.35559683999999997,
            0.35374967,
            0.35586407999999997,
            0.3595205,
            0.3541233,
            0.35771569999999997,
            0.36134217,
            0.40176985,
            0.36696045,
            0.37576695,
            0.37576695,
            0.42306140999999997,
            0.42132683,
            0.42306185999999996,
            0.41613885,
            0.41613886,
            0.41613886,
            0.31266244,
            0.35037744,
            0.34455673,
            0.35625041999999996,
            0.35222321,
            0.35509384,
            0.35868164,
            0.35868164,
            0.32873659,
            0.32433966999999997,
            0.32422678,
            0.32234309,
            0.32698448,
            0.33384762999999995,
            0.32811488,
            0.32811488
        ],
        [
            0.56986974,
            0.66849721,
            0.41159454,
            0.13152401,
            0.0,
            0.02301705,
            0.02301705,
            0.02989489,
            0.031310950000000004,
            0.24783049000000001,
            0.24208591000000002,
            0.24788007,
            0.24329167000000002,
            0.24211870000000002,
            0.24453896000000003,
            0.244539,
            0.25155395,
            0.23541165000000003,
            0.25140721,
            0.26280127000000003,
            0.25285624,
            0.25532753,
            0.25712578,
            0.25712579,
            0.25712579,
            0.25710264000000005,
            0.25708257,
            0.25708258,
            0.25887970000000005,
            0.37741706,
            0.38960857000000004,
            0.37924630000000004,
            0.36744569000000005,
            0.35696738,
            0.34712905,
            0.34712906,
            0.34712906,
            0.41989803000000003,
            0.35000957,
            0.39869966,
            0.38944415,
            0.39399877,
            0.38923861000000004,
            0.39320263,
            0.39498796999999997,
            0.39498798,
            0.39498798,
            0.4042443,
            0.40037100000000003,
            0.40037100000000003,
            0.37636343,
            0.37451626000000005,
            0.37663067,
            0.38028709000000005,
            0.37488989,
            0.37848229,
            0.38210876000000005,
            0.42253644,
            0.38772704,
            0.39653354,
            0.39653354,
            0.443828,
            0.44209342,
            0.44382845,
            0.43690544000000003,
            0.43690545000000003,
            0.43690545000000003,
            0.33342903,
            0.37114403,
            0.36532332,
            0.37701701,
            0.37298980000000004,
            0.37586043,
            0.37944823000000005,
            0.37944823000000005,
            0.34950318,
            0.34510626,
            0.34499337,
            0.34310968000000003,
            0.34775107000000005,
            0.35461422,
            0.34888147,
            0.34888147
        ],
        [
            0.57178509,
            0.6704125599999999,
            0.41350989,
            0.13343936,
            0.02301705,
            0.0,
            2e-08,
            0.02687052,
            0.02828658,
            0.24974584,
            0.24400126,
            0.24979542,
            0.24520702,
            0.24403405,
            0.24645431,
            0.24645435,
            0.2534693,
            0.237327,
            0.25332256,
            0.26471662,
            0.25477159,
            0.25724288,
            0.25904113,
            0.25904114,
            0.25904114,
            0.25901799000000003,
            0.25899792,
            0.25899793,
            0.26079505000000003,
            0.37933241,
            0.39152392,
            0.38116165,
            0.36936104000000003,
            0.35888273,
            0.3490444,
            0.34904440999999997,
            0.34904440999999997,
            0.42181338,
            0.35192492,
            0.40061501,
            0.39135949999999997,
            0.39591412,
            0.39115396,
            0.39511798,
            0.39690331999999995,
            0.39690333,
            0.39690333,
            0.40615965,
            0.40228635,
            0.40228635,
            0.37827878,
            0.37643161,
            0.37854602,
            0.38220244000000003,
            0.37680524,
            0.38039764,
            0.38402411000000003,
            0.42445179,
            0.38964239,
            0.39844889,
            0.39844889,
            0.44574335,
            0.44400877,
            0.44574379999999997,
            0.43882079,
            0.4388208,
            0.4388208,
            0.33534438,
            0.37305938,
            0.36723867,
            0.37893235999999997,
            0.37490515,
            0.37777578,
            0.38136358000000004,
            0.38136358000000004,
            0.35141853,
            0.34702161,
            0.34690872,
            0.34502503,
            0.34966642000000003,
            0.35652956999999996,
            0.35079682,
            0.35079682
        ],
        [
            0.57178509,
            0.6704125599999999,
            0.41350989,
            0.13343936,
            0.02301705,
            2e-08,
            0.0,
            0.02687052,
            0.02828658,
            0.24974584,
            0.24400126,
            0.24979542,
            0.24520702,
            0.24403405,
            0.24645431,
            0.24645435,
            0.2534693,
            0.237327,
            0.25332256,
            0.26471662,
            0.25477159,
            0.25724288,
            0.25904113,
            0.25904114,
            0.25904114,
            0.25901799000000003,
            0.25899792,
            0.25899793,
            0.26079505000000003,
            0.37933241,
            0.39152392,
            0.38116165,
            0.36936104000000003,
            0.35888273,
            0.3490444,
            0.34904440999999997,
            0.34904440999999997,
            0.42181338,
            0.35192492,
            0.40061501,
            0.39135949999999997,
            0.39591412,
            0.39115396,
            0.39511798,
            0.39690331999999995,
            0.39690333,
            0.39690333,
            0.40615965,
            0.40228635,
            0.40228635,
            0.37827878,
            0.37643161,
            0.37854602,
            0.38220244000000003,
            0.37680524,
            0.38039764,
            0.38402411000000003,
            0.42445179,
            0.38964239,
            0.39844889,
            0.39844889,
            0.44574335,
            0.44400877,
            0.44574379999999997,
            0.43882079,
            0.4388208,
            0.4388208,
            0.33534438,
            0.37305938,
            0.36723867,
            0.37893235999999997,
            0.37490515,
            0.37777578,
            0.38136358000000004,
            0.38136358000000004,
            0.35141853,
            0.34702161,
            0.34690872,
            0.34502503,
            0.34966642000000003,
            0.35652956999999996,
            0.35079682,
            0.35079682
        ],
        [
            0.57866293,
            0.6772904,
            0.42038773,
            0.1403172,
            0.02989489,
            0.02687052,
            0.02687052,
            0.0,
            0.02678516,
            0.25662368,
            0.2508791,
            0.25667326,
            0.25208486,
            0.25091189,
            0.25333215000000003,
            0.25333219,
            0.26034714000000003,
            0.24420484000000003,
            0.2602004,
            0.27159446000000004,
            0.26164943,
            0.26412072000000003,
            0.26591897000000003,
            0.26591898,
            0.26591898,
            0.26589583000000006,
            0.26587576,
            0.26587577,
            0.26767289000000005,
            0.38621025000000003,
            0.39840176000000005,
            0.38803949000000004,
            0.37623888000000005,
            0.36576057,
            0.35592224,
            0.35592225,
            0.35592225,
            0.42869122000000004,
            0.35880276,
            0.40749285,
            0.39823734,
            0.40279196,
            0.39803180000000005,
            0.40199582,
            0.40378116,
            0.40378117,
            0.40378117,
            0.41303749,
            0.40916419000000004,
            0.40916419000000004,
            0.38515662,
            0.38330945000000005,
            0.38542386,
            0.38908028000000006,
            0.38368308,
            0.38727548,
            0.39090195000000005,
            0.43132963,
            0.39652023000000003,
            0.40532673,
            0.40532673,
            0.45262119,
            0.45088661,
            0.45262164,
            0.44569863000000004,
            0.44569864000000003,
            0.44569864000000003,
            0.34222222,
            0.37993722,
            0.37411651,
            0.3858102,
            0.38178299000000004,
            0.38465362000000003,
            0.38824142000000006,
            0.38824142000000006,
            0.35829637000000003,
            0.35389945,
            0.35378656,
            0.35190287000000003,
            0.35654426000000006,
            0.36340741,
            0.35767466000000003,
            0.35767466000000003
        ],
        [
            0.5800789900000001,
            0.67870646,
            0.42180379,
            0.14173326,
            0.031310950000000004,
            0.02828658,
            0.02828658,
            0.02678516,
            0.0,
            0.25803974,
            0.25229516,
            0.25808932,
            0.25350092,
            0.25232795,
            0.25474821000000003,
            0.25474825,
            0.26176320000000003,
            0.24562090000000003,
            0.26161646000000005,
            0.27301052000000003,
            0.26306549,
            0.26553678000000003,
            0.26733503000000003,
            0.26733504,
            0.26733504,
            0.26731189,
            0.26729182,
            0.26729183,
            0.26908895,
            0.38762631000000003,
            0.39981782,
            0.38945555,
            0.37765494,
            0.36717663,
            0.3573383,
            0.35733831000000005,
            0.35733831000000005,
            0.43010728,
            0.36021882,
            0.40890891,
            0.39965340000000005,
            0.40420802,
            0.39944786,
            0.40341188,
            0.40519722,
            0.40519723,
            0.40519723,
            0.41445355,
            0.41058025,
            0.41058025,
            0.38657268,
            0.38472551,
            0.38683992,
            0.39049634,
            0.38509914,
            0.38869154,
            0.39231801,
            0.43274569,
            0.39793629,
            0.40674279,
            0.40674279,
            0.45403725,
            0.45230267,
            0.4540377,
            0.44711469000000004,
            0.44711470000000003,
            0.44711470000000003,
            0.34363828,
            0.38135328,
            0.37553257,
            0.38722626000000004,
            0.38319905,
            0.38606968,
            0.38965748,
            0.38965748,
            0.35971243,
            0.35531551000000006,
            0.35520262,
            0.35331893000000003,
            0.35796032,
            0.36482347000000004,
            0.35909072000000003,
            0.35909072000000003
        ],
        [
            0.54146589,
            0.6400933600000001,
            0.38319069,
            0.22706389999999999,
            0.24783049000000001,
            0.24974584,
            0.24974584,
            0.25662368,
            0.25803974,
            0.0,
            0.03167432,
            0.03746848,
            0.03288008,
            0.03170711,
            0.03412737,
            0.03412741,
            0.09206563999999999,
            0.07592333999999999,
            0.0919189,
            0.10331296,
            0.09336793,
            0.09583922,
            0.09763746999999999,
            0.09763748,
            0.09763748,
            0.09761433,
            0.09759426,
            0.09759427,
            0.09939139,
            0.34901321,
            0.36120472000000003,
            0.35084245000000003,
            0.33904184000000004,
            0.32856353,
            0.3187252,
            0.31872521,
            0.31872521,
            0.39149418,
            0.32160572,
            0.37029581,
            0.3610403,
            0.36559492,
            0.36083476000000003,
            0.36479878,
            0.36658411999999996,
            0.36658413,
            0.36658413,
            0.37584045,
            0.37196715,
            0.37196715,
            0.34795958,
            0.34611241000000004,
            0.34822682,
            0.35188324000000004,
            0.34648604,
            0.35007844,
            0.35370491000000004,
            0.39413259,
            0.35932319,
            0.36812969,
            0.36812969,
            0.41542415,
            0.41368957,
            0.4154246,
            0.40850159,
            0.4085016,
            0.4085016,
            0.30502518,
            0.34274018,
            0.33691947,
            0.34861316,
            0.34458595000000003,
            0.34745658,
            0.35104438000000004,
            0.35104438000000004,
            0.32109933,
            0.31670241,
            0.31658952,
            0.31470583,
            0.31934722000000004,
            0.32621036999999997,
            0.32047762,
            0.32047762
        ],
        [
            0.53572131,
            0.6343487800000001,
            0.37744611,
            0.22131931999999999,
            0.24208591000000002,
            0.24400126,
            0.24400126,
            0.2508791,
            0.25229516,
            0.03167432,
            0.0,
            0.017443,
            0.0128546,
            0.012953010000000001,
            0.01537327,
            0.01537331,
            0.08632105999999999,
            0.07017875999999999,
            0.08617432,
            0.09756838,
            0.08762335,
            0.09009464,
            0.09189288999999999,
            0.0918929,
            0.0918929,
            0.09186975,
            0.09184968,
            0.09184969,
            0.09364681,
            0.34326863,
            0.35546014000000004,
            0.34509787000000003,
            0.33329726000000004,
            0.32281895,
            0.31298062,
            0.31298063,
            0.31298063,
            0.3857496,
            0.31586114,
            0.36455123,
            0.35529572,
            0.35985034,
            0.35509018000000003,
            0.3590542,
            0.36083953999999996,
            0.36083955,
            0.36083955,
            0.37009587,
            0.36622257,
            0.36622257,
            0.342215,
            0.34036783000000004,
            0.34248224,
            0.34613866000000004,
            0.34074146,
            0.34433386,
            0.34796033000000004,
            0.38838801,
            0.35357861,
            0.36238511,
            0.36238511,
            0.40967957,
            0.40794499,
            0.40968002,
            0.40275701,
            0.40275702,
            0.40275702,
            0.2992806,
            0.3369956,
            0.33117489,
            0.34286858,
            0.33884137000000003,
            0.341712,
            0.34529980000000005,
            0.34529980000000005,
            0.31535475,
            0.31095783,
            0.31084494,
            0.30896125,
            0.31360264000000004,
            0.32046579,
            0.31473304,
            0.31473304
        ],
        [
            0.54151547,
            0.64014294,
            0.38324027,
            0.22711348,
            0.24788007,
            0.24979542,
            0.24979542,
            0.25667326,
            0.25808932,
            0.03746848,
            0.017443,
            0.0,
            0.00458842,
            0.01874717,
            0.02116743,
            0.02116747,
            0.09211522,
            0.07597292,
            0.09196848,
            0.10336254,
            0.09341751000000001,
            0.09588880000000001,
            0.09768705,
            0.09768706,
            0.09768706,
            0.09766391,
            0.09764384000000001,
            0.09764385,
            0.09944097,
            0.34906279,
            0.36125430000000003,
            0.35089203,
            0.33909142000000003,
            0.32861311,
            0.31877478,
            0.31877479,
            0.31877479,
            0.39154376,
            0.3216553,
            0.37034539,
            0.36108988,
            0.3656445,
            0.36088434,
            0.36484836,
            0.36663369999999995,
            0.36663371,
            0.36663371,
            0.37589003,
            0.37201673,
            0.37201673,
            0.34800916,
            0.34616199000000003,
            0.3482764,
            0.35193282000000004,
            0.34653562,
            0.35012802,
            0.35375449000000003,
            0.39418217,
            0.35937277,
            0.36817927,
            0.36817927,
            0.41547373,
            0.41373915,
            0.41547417999999997,
            0.40855117,
            0.40855118,
            0.40855118,
            0.30507476,
            0.34278976,
            0.33696905,
            0.34866273999999997,
            0.34463553,
            0.34750616,
            0.35109396000000004,
            0.35109396000000004,
            0.32114891,
            0.31675199,
            0.3166391,
            0.31475541,
            0.31939680000000004,
            0.32625994999999997,
            0.3205272,
            0.3205272
        ],
        [
            0.53692707,
            0.63555454,
            0.37865187,
            0.22252508,
            0.24329167000000002,
            0.24520702,
            0.24520702,
            0.25208486,
            0.25350092,
            0.03288008,
            0.0128546,
            0.00458842,
            0.0,
            0.014158770000000001,
            0.01657903,
            0.01657907,
            0.08752681999999999,
            0.07138451999999999,
            0.08738008,
            0.09877414,
            0.08882911,
            0.0913004,
            0.09309864999999999,
            0.09309866,
            0.09309866,
            0.09307551,
            0.09305544,
            0.09305545,
            0.09485257,
            0.34447439,
            0.3566659,
            0.34630363,
            0.33450302,
            0.32402471,
            0.31418638,
            0.31418639000000004,
            0.31418639000000004,
            0.38695535999999997,
            0.3170669,
            0.36575699,
            0.35650148000000004,
            0.3610561,
            0.35629594,
            0.36025996,
            0.3620453,
            0.36204531,
            0.36204531,
            0.37130163,
            0.36742832999999997,
            0.36742832999999997,
            0.34342076,
            0.34157359,
            0.343688,
            0.34734442,
            0.34194722,
            0.34553962,
            0.34916609,
            0.38959377,
            0.35478437,
            0.36359087,
            0.36359087,
            0.41088533,
            0.40915075,
            0.41088578,
            0.40396277,
            0.40396278,
            0.40396278,
            0.30048636,
            0.33820136,
            0.33238065,
            0.34407434000000003,
            0.34004713,
            0.34291776,
            0.34650556,
            0.34650556,
            0.31656051,
            0.31216359000000005,
            0.3120507,
            0.31016701,
            0.3148084,
            0.32167155000000003,
            0.3159388,
            0.3159388
        ],
        [
            0.5357541,
            0.63438157,
            0.3774789,
            0.22135211,
            0.24211870000000002,
            0.24403405,
            0.24403405,
            0.25091189,
            0.25232795,
            0.03170711,
            0.012953010000000001,
            0.01874717,
            0.014158770000000001,
            0.0,
            0.00242028,
            0.00242032,
            0.08635385,
            0.07021155,
            0.08620711,
            0.09760117,
            0.08765614000000001,
            0.09012743000000001,
            0.09192568,
            0.09192569,
            0.09192569,
            0.09190254,
            0.09188247000000001,
            0.09188248,
            0.0936796,
            0.34330142,
            0.35549293000000004,
            0.34513066000000003,
            0.33333005000000004,
            0.32285174,
            0.31301341,
            0.31301342,
            0.31301342,
            0.38578239000000003,
            0.31589393,
            0.36458402,
            0.35532851,
            0.35988313,
            0.35512297000000004,
            0.35908699,
            0.36087232999999996,
            0.36087234,
            0.36087234,
            0.37012866,
            0.36625536000000003,
            0.36625536000000003,
            0.34224779,
            0.34040062000000004,
            0.34251503,
            0.34617145000000005,
            0.34077425,
            0.34436665,
            0.34799312000000004,
            0.3884208,
            0.3536114,
            0.3624179,
            0.3624179,
            0.40971236,
            0.40797778,
            0.40971281,
            0.40278980000000003,
            0.40278981,
            0.40278981,
            0.29931339,
            0.33702839,
            0.33120768,
            0.34290137,
            0.33887416000000004,
            0.34174479,
            0.34533259000000005,
            0.34533259000000005,
            0.31538754,
            0.31099062,
            0.31087773,
            0.30899404,
            0.31363543000000005,
            0.32049858,
            0.31476583,
            0.31476583
        ],
        [
            0.53817436,
            0.63680183,
            0.37989916,
            0.22377237,
            0.24453896000000003,
            0.24645431,
            0.24645431,
            0.25333215000000003,
            0.25474821000000003,
            0.03412737,
            0.01537327,
            0.02116743,
            0.01657903,
            0.00242028,
            0.0,
            6e-08,
            0.08877410999999999,
            0.07263180999999999,
            0.08862737000000001,
            0.10002143,
            0.0900764,
            0.09254769000000002,
            0.09434593999999999,
            0.09434595000000001,
            0.09434595000000001,
            0.09432280000000001,
            0.09430273,
            0.09430274,
            0.09609986000000001,
            0.34572168000000003,
            0.35791319,
            0.34755092,
            0.33575031,
            0.325272,
            0.31543367,
            0.31543368000000005,
            0.31543368000000005,
            0.38820265,
            0.31831419,
            0.36700428,
            0.35774877000000005,
            0.36230339,
            0.35754323,
            0.36150725,
            0.36329259,
            0.3632926,
            0.3632926,
            0.37254892,
            0.36867562,
            0.36867562,
            0.34466805,
            0.34282088,
            0.34493529,
            0.34859171,
            0.34319451,
            0.34678691,
            0.35041338,
            0.39084106,
            0.35603166,
            0.36483816,
            0.36483816,
            0.41213262,
            0.41039804,
            0.41213307,
            0.40521006000000004,
            0.40521007000000003,
            0.40521007000000003,
            0.30173365,
            0.33944865,
            0.33362794,
            0.34532163000000005,
            0.34129442,
            0.34416505000000003,
            0.34775285,
            0.34775285,
            0.31780780000000003,
            0.31341088000000006,
            0.31329799,
            0.31141430000000003,
            0.31605569,
            0.32291884000000004,
            0.31718609000000003,
            0.31718609000000003
        ],
        [
            0.5381743999999999,
            0.63680187,
            0.3798992,
            0.22377241,
            0.244539,
            0.24645435,
            0.24645435,
            0.25333219,
            0.25474825,
            0.03412741,
            0.01537331,
            0.02116747,
            0.01657907,
            0.00242032,
            6e-08,
            0.0,
            0.08877415,
            0.07263185,
            0.08862741,
            0.10002147,
            0.09007644000000001,
            0.09254773000000001,
            0.09434598,
            0.09434599,
            0.09434599,
            0.09432284,
            0.09430277000000001,
            0.09430278,
            0.0960999,
            0.34572172,
            0.35791322999999997,
            0.34755095999999996,
            0.33575035,
            0.32527204,
            0.31543371,
            0.31543372000000003,
            0.31543372000000003,
            0.38820268999999996,
            0.31831423,
            0.36700432,
            0.35774881000000003,
            0.36230343,
            0.35754326999999997,
            0.36150729,
            0.36329263,
            0.36329264,
            0.36329264,
            0.37254896,
            0.36867565999999996,
            0.36867565999999996,
            0.34466809,
            0.34282092,
            0.34493533,
            0.34859175,
            0.34319455,
            0.34678695,
            0.35041342,
            0.3908411,
            0.3560317,
            0.3648382,
            0.3648382,
            0.41213266,
            0.41039808,
            0.41213310999999997,
            0.4052101,
            0.40521011,
            0.40521011,
            0.30173369,
            0.33944869,
            0.33362798,
            0.34532167,
            0.34129445999999997,
            0.34416509,
            0.34775289,
            0.34775289,
            0.31780784,
            0.31341092000000004,
            0.31329803,
            0.31141434,
            0.31605573,
            0.32291888,
            0.31718613,
            0.31718613
        ],
        [
            0.54518935,
            0.6438168200000001,
            0.38691415,
            0.23078736,
            0.25155395,
            0.2534693,
            0.2534693,
            0.26034714000000003,
            0.26176320000000003,
            0.09206563999999999,
            0.08632105999999999,
            0.09211522,
            0.08752681999999999,
            0.08635385,
            0.08877410999999999,
            0.08877415,
            0.0,
            0.02910028,
            0.04509584,
            0.06332182,
            0.05337679,
            0.05584808,
            0.057646329999999996,
            0.05764634,
            0.05764634,
            0.05762319,
            0.05760312,
            0.05760313,
            0.05940025,
            0.35273667000000003,
            0.36492818000000005,
            0.35456591000000004,
            0.34276530000000005,
            0.33228699,
            0.32244866,
            0.32244867,
            0.32244867,
            0.39521764000000004,
            0.32532918,
            0.37401927,
            0.36476376,
            0.36931838,
            0.36455822000000004,
            0.36852224,
            0.37030757999999997,
            0.37030759,
            0.37030759,
            0.37956391,
            0.37569061000000004,
            0.37569061000000004,
            0.35168304,
            0.34983587000000005,
            0.35195028,
            0.35560670000000005,
            0.3502095,
            0.3538019,
            0.35742837000000005,
            0.39785605,
            0.36304665,
            0.37185315,
            0.37185315,
            0.41914761,
            0.41741303,
            0.41914806,
            0.41222505000000004,
            0.41222506000000003,
            0.41222506000000003,
            0.30874864,
            0.34646364,
            0.34064293,
            0.35233662,
            0.34830941000000004,
            0.35118004,
            0.35476784000000006,
            0.35476784000000006,
            0.32482279000000003,
            0.32042587,
            0.32031298,
            0.31842929000000003,
            0.32307068000000005,
            0.32993383,
            0.32420108000000003,
            0.32420108000000003
        ],
        [
            0.52904705,
            0.62767452,
            0.37077185,
            0.21464506,
            0.23541165000000003,
            0.237327,
            0.237327,
            0.24420484000000003,
            0.24562090000000003,
            0.07592333999999999,
            0.07017875999999999,
            0.07597292,
            0.07138451999999999,
            0.07021155,
            0.07263180999999999,
            0.07263185,
            0.02910028,
            0.0,
            0.0209156,
            0.04717952,
            0.03723449,
            0.03970578,
            0.04150403,
            0.04150404,
            0.04150404,
            0.04148089,
