{
    "NEXUS_FILE_URL": "http://purl.org/phylo/treebase/phylows/study/TB2:S13960",
    "NEWICK_TREE": "(28:0.02844622,(((3:0.02624731,4:0.02336551):0.05294765,((25:0.09718068,((((24:0.0183549,23:0.02369513):0.07541292,21:0.13805524):0.01127786,((13:0.05572217,27:0.05699107):0.00626586,33:0.05132047):0.03286227):0.00753634,((((18:0.046224,19:0.05461064):0.00870169,17:0.03470155):0.02591212,(31:0.00907743,32:0.01313392):0.07698665):0.00830089,(26:0.04379183,((11:0.02947781,12:0.03973145):0.02822821,((16:0.04841436,15:0.04506868):0.01053174,14:0.05642738):0.03067585):0.0060618):0.02404917):0.01097197):0.00357979):0.00842439,((((7:0.04371519,20:0.06060717):0.0328769,((8:0.0158813,9:0.01627901):0.05423472,6:0.07280186):0.01926577):0.00842674,((1:0.05310878,2:0.03639246):0.04642431,(5:0.09760099,30:0.07125323):0.0087405):0.00857001):0.00595212,10:0.09912681):0.00555027):0.00734859):0.01509992,22:0.10187172):0.09038734,29:0.02980768);",
    "DISTANCE_MATRIX": [
        [
            0.0,
            0.21312844,
            0.21024663999999998,
            0.24688713999999998,
            0.26586827,
            0.27120849999999996,
            0.31015569,
            0.25567289000000004,
            0.25694179,
            0.24500533,
            0.25339692,
            0.26178356,
            0.23317278,
            0.25862319,
            0.26267968,
            0.23209922,
            0.25207521000000005,
            0.26232885,
            0.28399114,
            0.28064546,
            0.28147242,
            0.23780329,
            0.25469527000000003,
            0.25059299,
            0.2509907,
            0.25327883,
            0.26088756,
            0.24417123999999998,
            0.26769596,
            0.24134819999999998,
            0.24595915,
            0.22070527999999998,
            0.0582539
        ],
        [
            0.21312844,
            0.0,
            0.04961282,
            0.19214862,
            0.21112975,
            0.21646997999999995,
            0.25541716999999997,
            0.20093437,
            0.20220327,
            0.19026681,
            0.1986584,
            0.20704504,
            0.17843426,
            0.20388467,
            0.20794116,
            0.17736069999999998,
            0.19733669,
            0.20759033,
            0.22925261999999996,
            0.22590694,
            0.2267339,
            0.18306477,
            0.19995675000000002,
            0.19585447,
            0.19625218,
            0.19854031,
            0.20614904,
            0.18943272,
            0.21295744,
            0.18660968,
            0.19122063,
            0.1961666,
            0.2144899
        ],
        [
            0.21024663999999998,
            0.04961282,
            0.0,
            0.18926682,
            0.20824795,
            0.21358817999999996,
            0.25253537,
            0.19805256999999998,
            0.19932147,
            0.18738501000000002,
            0.1957766,
            0.20416324,
            0.17555246,
            0.20100287,
            0.20505936,
            0.1744789,
            0.19445489,
            0.20470853,
            0.22637081999999997,
            0.22302513999999998,
            0.2238521,
            0.18018297,
            0.19707495,
            0.19297267,
            0.19337038,
            0.19565851,
            0.20326724,
            0.18655092,
            0.21007563999999998,
            0.18372788,
            0.18833882999999998,
            0.19328479999999998,
            0.2116081
        ],
        [
            0.24688713999999998,
            0.19214862,
            0.18926682,
            0.0,
            0.21334249,
            0.21868272,
            0.25762991,
            0.20314711000000002,
            0.20441601,
            0.19247955,
            0.20087114,
            0.20925778,
            0.180647,
            0.20609741,
            0.2101539,
            0.17957344,
            0.19954943000000003,
            0.20980307000000004,
            0.23146536,
            0.22811968,
            0.22894664000000003,
            0.20212629000000001,
            0.21901827000000001,
            0.21491599,
            0.2153137,
            0.21760183,
            0.22521056,
            0.20849424000000003,
            0.23201896,
            0.2056712,
            0.21028215,
            0.2299253,
            0.24824859999999999
        ],
        [
            0.26586827,
            0.21112975,
            0.20824795,
            0.21334249,
            0.0,
            0.04205003,
            0.23182306,
            0.19989598,
            0.20116488,
            0.18922842,
            0.21269269000000002,
            0.22107933000000002,
            0.19246855000000002,
            0.21791896,
            0.22197545000000002,
            0.19139499,
            0.21137098,
            0.22162462000000002,
            0.24328691,
            0.23994123,
            0.24076819000000002,
            0.22110742,
            0.23799940000000003,
            0.23389712000000001,
            0.23429483,
            0.23658296,
            0.24419169000000002,
            0.22747537,
            0.25100009,
            0.22465233,
            0.22926328,
            0.24890642999999998,
            0.26722973
        ],
        [
            0.27120849999999996,
            0.21646997999999995,
            0.21358817999999996,
            0.21868272,
            0.04205003,
            0.0,
            0.23716328999999997,
            0.20523620999999997,
            0.20650511,
            0.19456865,
            0.21803292,
            0.22641956,
            0.19780878,
            0.22325919,
            0.22731568000000002,
            0.19673522,
            0.21671121,
            0.22696485,
            0.24862713999999997,
            0.24528146,
            0.24610842,
            0.22644765,
            0.24333962999999997,
            0.23923735,
            0.23963505999999998,
            0.24192318999999998,
            0.24953192,
            0.2328156,
            0.25634031999999995,
            0.22999255999999998,
            0.23460350999999996,
            0.25424665999999996,
            0.27256995999999994
        ],
        [
            0.31015569,
            0.25541716999999997,
            0.25253537,
            0.25762991,
            0.23182306,
            0.23716328999999997,
            0.0,
            0.2441834,
            0.2454523,
            0.23351584,
            0.25698011,
            0.26536675,
            0.23675596999999998,
            0.26220638,
            0.26626287000000004,
            0.23568241,
            0.2556584,
            0.26591204,
            0.28757433,
            0.28422864999999997,
            0.28505561,
            0.26539484,
            0.28228682,
            0.27818454000000004,
            0.27858225000000003,
            0.28087038,
            0.28847911000000004,
            0.27176279000000003,
            0.29528751,
            0.26893975000000003,
            0.2735507,
            0.29319385,
            0.31151714999999996
        ],
        [
            0.25567289000000004,
            0.20093437,
            0.19805256999999998,
            0.20314711000000002,
            0.19989598,
            0.20523620999999997,
            0.2441834,
            0.0,
            0.11271323999999999,
            0.1133085,
            0.20249730999999999,
            0.21088395,
            0.18227316999999998,
            0.20772358000000002,
            0.21178007000000001,
            0.18119961,
            0.2011756,
            0.21142924000000002,
            0.23309153,
            0.22974585,
            0.23057281000000002,
            0.21091204000000002,
            0.22780402,
            0.22370174,
            0.22409945,
            0.22638758,
            0.23399631,
            0.21727999000000003,
            0.24080471,
            0.21445695,
            0.21906789999999998,
            0.23871105,
            0.25703435
        ],
        [
            0.25694179,
            0.20220327,
            0.19932147,
            0.20441601,
            0.20116488,
            0.20650511,
            0.2454523,
            0.11271323999999999,
            0.0,
            0.1145774,
            0.20376621,
            0.21215285,
            0.18354207,
            0.20899248,
            0.21304897,
            0.18246851,
            0.20244450000000003,
            0.21269814000000004,
            0.23436043,
            0.23101475,
            0.23184171000000003,
            0.21218094,
            0.22907292,
            0.22497064,
            0.22536835,
            0.22765648,
            0.23526521,
            0.21854889000000002,
            0.24207361,
            0.21572585,
            0.2203368,
            0.23997995,
            0.25830325
        ],
        [
            0.24500533,
            0.19026681,
            0.18738501000000002,
            0.19247955,
            0.18922842,
            0.19456865,
            0.23351584,
            0.1133085,
            0.1145774,
            0.0,
            0.19182975000000002,
            0.20021639000000002,
            0.17160561000000002,
            0.19705602,
            0.20111251000000002,
            0.17053205,
            0.19050804000000002,
            0.20076168000000003,
            0.22242397,
            0.21907829,
            0.21990525000000002,
            0.20024448,
            0.21713646000000003,
            0.21303418000000002,
            0.21343189,
            0.21572002,
            0.22332875000000002,
            0.20661243,
            0.23013715,
            0.20378939000000001,
            0.20840034000000002,
            0.22804349000000002,
            0.24636679
        ],
        [
            0.25339692,
            0.1986584,
            0.1957766,
            0.20087114,
            0.21269269000000002,
            0.21803292,
            0.25698011,
            0.20249730999999999,
            0.20376621,
            0.19182975000000002,
            0.0,
            0.10083464,
            0.08962724,
            0.16690189,
            0.17095838000000002,
            0.1569797,
            0.17695569,
            0.18720933,
            0.20887161999999998,
            0.20552594000000002,
            0.2063529,
            0.20863607,
            0.22552805,
            0.22142577000000002,
            0.22182348000000002,
            0.22411161000000002,
            0.23172034000000002,
            0.21500402000000002,
            0.23852874000000002,
            0.21218098000000002,
            0.21679193,
            0.23643508,
            0.25475838
        ],
        [
            0.26178356,
            0.20704504,
            0.20416324,
            0.20925778,
            0.22107933000000002,
            0.22641956,
            0.26536675,
            0.21088395,
            0.21215285,
            0.20021639000000002,
            0.10083464,
            0.0,
            0.09801388,
            0.17528853,
            0.17934502000000002,
            0.16536634,
            0.18534233,
            0.19559597,
            0.21725825999999998,
            0.21391258000000002,
            0.21473954,
            0.21702271,
            0.23391469,
            0.22981241000000002,
            0.23021012000000002,
            0.23249825000000002,
            0.24010698000000003,
            0.22339066000000002,
            0.24691538000000002,
            0.22056762000000002,
            0.22517857,
            0.24482172,
            0.26314502
        ],
        [
            0.23317278,
            0.17843426,
            0.17555246,
            0.180647,
            0.19246855000000002,
            0.19780878,
            0.23675596999999998,
            0.18227316999999998,
            0.18354207,
            0.17160561000000002,
            0.08962724,
            0.09801388,
            0.0,
            0.14667775,
            0.15073424000000002,
            0.13675556,
            0.15673155,
            0.16698519,
            0.18864747999999998,
            0.18530180000000002,
            0.18612876,
            0.18841193,
            0.20530391,
            0.20120163000000002,
            0.20159934000000002,
            0.20388747000000002,
            0.21149620000000002,
            0.19477988000000002,
            0.21830460000000002,
            0.19195684000000002,
            0.19656779,
            0.21621094000000002,
            0.23453424
        ],
        [
            0.25862319,
            0.20388467,
            0.20100287,
            0.20609741,
            0.21791896,
            0.22325919,
            0.26220638,
            0.20772358000000002,
            0.20899248,
            0.19705602,
            0.16690189,
            0.17528853,
            0.14667775,
            0.0,
            0.022211349999999998,
            0.16220597,
            0.18218196000000003,
            0.19243560000000004,
            0.21409789,
            0.21075221,
            0.21157917000000004,
            0.21386234,
            0.23075432,
            0.22665204,
            0.22704975,
            0.22933788,
            0.23694661,
            0.22023029000000002,
            0.24375501,
            0.21740725,
            0.2220182,
            0.24166135,
            0.25998465
        ],
        [
            0.26267968,
            0.20794116,
            0.20505936,
            0.2101539,
            0.22197545000000002,
            0.22731568000000002,
            0.26626287000000004,
            0.21178007000000001,
            0.21304897,
            0.20111251000000002,
            0.17095838000000002,
            0.17934502000000002,
            0.15073424000000002,
            0.022211349999999998,
            0.0,
            0.16626246,
            0.18623845000000003,
            0.19649209000000004,
            0.21815438,
            0.21480870000000002,
            0.21563566000000003,
            0.21791883,
            0.23481081000000004,
            0.23070853000000002,
            0.23110624000000002,
            0.23339437000000002,
            0.24100310000000003,
            0.22428678000000002,
            0.24781150000000002,
            0.22146374000000002,
            0.22607469000000002,
            0.24571784,
            0.26404114
        ],
        [
            0.23209922,
            0.17736069999999998,
            0.1744789,
            0.17957344,
            0.19139499,
            0.19673522,
            0.23568241,
            0.18119961,
            0.18246851,
            0.17053205,
            0.1569797,
            0.16536634,
            0.13675556,
            0.16220597,
            0.16626246,
            0.0,
            0.10755965,
            0.11781329000000001,
            0.13947558,
            0.1361299,
            0.13695686,
            0.18733837,
            0.20423035,
            0.20012807,
            0.20052578,
            0.20281391,
            0.21042264,
            0.19370632000000002,
            0.21723104,
            0.19088328,
            0.19549423,
            0.21513738,
            0.23346068
        ],
        [
            0.25207521000000005,
            0.19733669,
            0.19445489,
            0.19954943000000003,
            0.21137098,
            0.21671121,
            0.2556584,
            0.2011756,
            0.20244450000000003,
            0.19050804000000002,
            0.17695569,
            0.18534233,
            0.15673155,
            0.18218196000000003,
            0.18623845000000003,
            0.10755965,
            0.0,
            0.06920926,
            0.14732796999999997,
            0.14398229,
            0.14480925,
            0.20731436000000003,
            0.22420634,
            0.22010406000000002,
            0.22050177,
            0.2227899,
            0.23039863000000002,
            0.21368231000000004,
            0.23720703,
            0.21085927000000002,
            0.21547022,
            0.23511337000000002,
            0.25343667000000003
        ],
        [
            0.26232885,
            0.20759033,
            0.20470853,
            0.20980307000000004,
            0.22162462000000002,
            0.22696485,
            0.26591204,
            0.21142924000000002,
            0.21269814000000004,
            0.20076168000000003,
            0.18720933,
            0.19559597,
            0.16698519,
            0.19243560000000004,
            0.19649209000000004,
            0.11781329000000001,
            0.06920926,
            0.0,
            0.15758160999999998,
            0.15423593000000002,
            0.15506289,
            0.21756800000000004,
            0.23445998,
            0.23035770000000003,
            0.23075541000000002,
            0.23304354000000002,
            0.24065227000000003,
            0.22393595000000005,
            0.24746067000000002,
            0.22111291000000002,
            0.22572386,
            0.24536701,
            0.26369031
        ],
        [
            0.28399114,
            0.22925261999999996,
            0.22637081999999997,
            0.23146536,
            0.24328691,
            0.24862713999999997,
            0.28757433,
            0.23309153,
            0.23436043,
            0.22242397,
            0.20887161999999998,
            0.21725825999999998,
            0.18864747999999998,
            0.21409789,
            0.21815438,
            0.13947558,
            0.14732796999999997,
            0.15758160999999998,
            0.0,
            0.09348303999999999,
            0.11537348,
            0.23923029,
            0.25612227,
            0.25201998999999997,
            0.25241769999999997,
            0.25470583,
            0.26231456,
            0.24559824000000002,
            0.26912296,
            0.2427752,
            0.24738614999999997,
            0.26702929999999997,
            0.28535259999999996
        ],
        [
            0.28064546,
            0.22590694,
            0.22302513999999998,
            0.22811968,
            0.23994123,
            0.24528146,
            0.28422864999999997,
            0.22974585,
            0.23101475,
            0.21907829,
            0.20552594000000002,
            0.21391258000000002,
            0.18530180000000002,
            0.21075221,
            0.21480870000000002,
            0.1361299,
            0.14398229,
            0.15423593000000002,
            0.09348303999999999,
            0.0,
            0.1120278,
            0.23588461,
            0.25277659,
            0.24867431,
            0.24907202,
            0.25136015,
            0.25896888,
            0.24225256,
            0.26577728,
            0.23942952,
            0.24404047,
            0.26368362,
            0.28200692
        ],
        [
            0.28147242,
            0.2267339,
            0.2238521,
            0.22894664000000003,
            0.24076819000000002,
            0.24610842,
            0.28505561,
            0.23057281000000002,
            0.23184171000000003,
            0.21990525000000002,
            0.2063529,
            0.21473954,
            0.18612876,
            0.21157917000000004,
            0.21563566000000003,
            0.13695686,
            0.14480925,
            0.15506289,
            0.11537348,
            0.1120278,
            0.0,
            0.23671157000000004,
            0.25360355,
            0.24950127000000002,
            0.24989898000000002,
            0.25218711000000005,
            0.25979584,
            0.24307952000000005,
            0.26660424000000005,
            0.24025648000000002,
            0.24486743,
            0.26451058,
            0.28283388
        ],
        [
            0.23780329,
            0.18306477,
            0.18018297,
            0.20212629000000001,
            0.22110742,
            0.22644765,
            0.26539484,
            0.21091204000000002,
            0.21218094,
            0.20024448,
            0.20863607,
            0.21702271,
            0.18841193,
            0.21386234,
            0.21791883,
            0.18733837,
            0.20731436000000003,
            0.21756800000000004,
            0.23923029,
            0.23588461,
            0.23671157000000004,
            0.0,
            0.10432236,
            0.16597388000000002,
            0.16637159,
            0.16865972,
            0.19312193,
            0.17640561000000002,
            0.19993033,
            0.17358257,
            0.19009776,
            0.22084145,
            0.23916475
        ],
        [
            0.25469527000000003,
            0.19995675000000002,
            0.19707495,
            0.21901827000000001,
            0.23799940000000003,
            0.24333962999999997,
            0.28228682,
            0.22780402,
            0.22907292,
            0.21713646000000003,
            0.22552805,
            0.23391469,
            0.20530391,
            0.23075432,
            0.23481081000000004,
            0.20423035,
            0.22420634,
            0.23445998,
            0.25612227,
            0.25277659,
            0.25360355,
            0.10432236,
            0.0,
            0.18286586,
            0.18326357,
            0.18555169999999999,
            0.21001391000000003,
            0.19329759000000002,
            0.21682231000000002,
            0.19047455000000002,
            0.20698974,
            0.23773343,
            0.25605673
        ],
        [
            0.25059299,
            0.19585447,
            0.19297267,
            0.21491599,
            0.23389712000000001,
            0.23923735,
            0.27818454000000004,
            0.22370174,
            0.22497064,
            0.21303418000000002,
            0.22142577000000002,
            0.22981241000000002,
            0.20120163000000002,
            0.22665204,
            0.23070853000000002,
            0.20012807,
            0.22010406000000002,
            0.23035770000000003,
            0.25201998999999997,
            0.24867431,
            0.24950127000000002,
            0.16597388000000002,
            0.18286586,
            0.0,
            0.03216031,
            0.14291788,
            0.20591163,
            0.18919531,
            0.21272003,
            0.18637227,
            0.20288746000000002,
            0.23363115,
            0.25195445
        ],
        [
            0.2509907,
            0.19625218,
            0.19337038,
            0.2153137,
            0.23429483,
            0.23963505999999998,
            0.27858225000000003,
            0.22409945,
            0.22536835,
            0.21343189,
            0.22182348000000002,
            0.23021012000000002,
            0.20159934000000002,
            0.22704975,
            0.23110624000000002,
            0.20052578,
            0.22050177,
            0.23075541000000002,
            0.25241769999999997,
            0.24907202,
            0.24989898000000002,
            0.16637159,
            0.18326357,
            0.03216031,
            0.0,
            0.14331559,
            0.20630934,
            0.18959302,
            0.21311774,
            0.18676998,
            0.20328517000000002,
            0.23402886,
            0.25235216
        ],
        [
            0.25327883,
            0.19854031,
            0.19565851,
            0.21760183,
            0.23658296,
            0.24192318999999998,
            0.28087038,
            0.22638758,
            0.22765648,
            0.21572002,
            0.22411161000000002,
            0.23249825000000002,
            0.20388747000000002,
            0.22933788,
            0.23339437000000002,
            0.20281391,
            0.2227899,
            0.23304354000000002,
            0.25470583,
            0.25136015,
            0.25218711000000005,
            0.16865972,
            0.18555169999999999,
            0.14291788,
            0.14331559,
            0.0,
            0.20859747,
            0.19188115,
            0.21540587,
            0.18905811,
            0.20557330000000001,
            0.23631699,
            0.25464029
        ],
        [
            0.26088756,
            0.20614904,
            0.20326724,
            0.22521056,
            0.24419169000000002,
            0.24953192,
            0.28847911000000004,
            0.23399631,
            0.23526521,
            0.22332875000000002,
            0.23172034000000002,
            0.24010698000000003,
            0.21149620000000002,
            0.23694661,
            0.24100310000000003,
            0.21042264,
            0.23039863000000002,
            0.24065227000000003,
            0.26231456,
            0.25896888,
            0.25979584,
            0.19312193,
            0.21001391000000003,
            0.20591163,
            0.20630934,
            0.20859747,
            0.0,
            0.08950124000000001,
            0.20587458,
            0.17952682,
            0.21318203000000002,
            0.24392571999999998,
            0.26224902
        ],
        [
            0.24417123999999998,
            0.18943272,
            0.18655092,
            0.20849424000000003,
            0.22747537,
            0.2328156,
            0.27176279000000003,
            0.21727999000000003,
            0.21854889000000002,
            0.20661243,
            0.21500402000000002,
            0.22339066000000002,
            0.19477988000000002,
            0.22023029000000002,
            0.22428678000000002,
            0.19370632000000002,
            0.21368231000000004,
            0.22393595000000005,
            0.24559824000000002,
            0.24225256,
            0.24307952000000005,
            0.17640561000000002,
            0.19329759000000002,
            0.18919531,
            0.18959302,
            0.19188115,
            0.08950124000000001,
            0.0,
            0.18915826000000002,
            0.16281050000000002,
            0.19646571000000002,
            0.2272094,
            0.2455327
        ],
        [
            0.26769596,
            0.21295744,
            0.21007563999999998,
            0.23201896,
            0.25100009,
            0.25634031999999995,
            0.29528751,
            0.24080471,
            0.24207361,
            0.23013715,
            0.23852874000000002,
            0.24691538000000002,
            0.21830460000000002,
            0.24375501,
            0.24781150000000002,
            0.21723104,
            0.23720703,
            0.24746067000000002,
            0.26912296,
            0.26577728,
            0.26660424000000005,
            0.19993033,
            0.21682231000000002,
            0.21272003,
            0.21311774,
            0.21540587,
            0.20587458,
            0.18915826000000002,
            0.0,
            0.16885422,
            0.21999043000000001,
            0.25073411999999995,
            0.26905742
        ],
        [
            0.24134819999999998,
            0.18660968,
            0.18372788,
            0.2056712,
            0.22465233,
            0.22999255999999998,
            0.26893975000000003,
            0.21445695,
            0.21572585,
            0.20378939000000001,
            0.21218098000000002,
            0.22056762000000002,
            0.19195684000000002,
            0.21740725,
            0.22146374000000002,
            0.19088328,
            0.21085927000000002,
            0.22111291000000002,
            0.2427752,
            0.23942952,
            0.24025648000000002,
            0.17358257,
            0.19047455000000002,
            0.18637227,
            0.18676998,
            0.18905811,
            0.17952682,
            0.16281050000000002,
            0.16885422,
            0.0,
            0.19364267000000002,
            0.22438636,
            0.24270966
        ],
        [
            0.24595915,
            0.19122063,
            0.18833882999999998,
            0.21028215,
            0.22926328,
            0.23460350999999996,
            0.2735507,
            0.21906789999999998,
            0.2203368,
            0.20840034000000002,
            0.21679193,
            0.22517857,
            0.19656779,
            0.2220182,
            0.22607469000000002,
            0.19549423,
            0.21547022,
            0.22572386,
            0.24738614999999997,
            0.24404047,
            0.24486743,
            0.19009776,
            0.20698974,
            0.20288746000000002,
            0.20328517000000002,
            0.20557330000000001,
            0.21318203000000002,
            0.19646571000000002,
            0.21999043000000001,
            0.19364267000000002,
            0.0,
            0.22899730999999998,
            0.24732061
        ],
        [
            0.22070527999999998,
            0.1961666,
            0.19328479999999998,
            0.2299253,
            0.24890642999999998,
            0.25424665999999996,
            0.29319385,
            0.23871105,
            0.23997995,
            0.22804349000000002,
            0.23643508,
            0.24482172,
            0.21621094000000002,
            0.24166135,
            0.24571784,
            0.21513738,
            0.23511337000000002,
            0.24536701,
            0.26702929999999997,
            0.26368362,
            0.26451058,
            0.22084145,
            0.23773343,
            0.23363115,
            0.23402886,
            0.23631699,
            0.24392571999999998,
            0.2272094,
            0.25073411999999995,
            0.22438636,
            0.22899730999999998,
            0.0,
            0.22206673999999998
        ],
        [
            0.0582539,
            0.2144899,
            0.2116081,
            0.24824859999999999,
            0.26722973,
            0.27256995999999994,
            0.31151714999999996,
            0.25703435,
            0.25830325,
            0.24636679,
            0.25475838,
            0.26314502,
            0.23453424,
            0.25998465,
            0.26404114,
            0.23346068,
            0.25343667000000003,
            0.26369031,
            0.28535259999999996,
            0.28200692,
            0.28283388,
            0.23916475,
            0.25605673,
            0.25195445,
            0.25235216,
            0.25464029,
            0.26224902,
            0.2455327,
            0.26905742,
            0.24270966,
            0.24732061,
            0.22206673999999998,
            0.0
        ]
    ],
    "NODE_MAPPING": {
        "0": "28",
        "1": "3",
        "2": "4",
        "3": "25",
        "4": "24",
        "5": "23",
        "6": "21",
        "7": "13",
        "8": "27",
        "9": "33",
        "10": "18",
        "11": "19",
        "12": "17",
        "13": "31",
        "14": "32",
        "15": "26",
        "16": "11",
        "17": "12",
        "18": "16",
        "19": "15",
        "20": "14",
        "21": "7",
        "22": "20",
        "23": "8",
        "24": "9",
        "25": "6",
        "26": "1",
        "27": "2",
        "28": "5",
        "29": "30",
        "30": "10",
        "31": "22",
        "32": "29"
    }
}