{
    "NEXUS_FILE_URL": "http://purl.org/phylo/treebase/phylows/study/TB2:S13449",
    "NEWICK_TREE": "(1:1.0E-8,(((4:1.0E-8,3:1.0E-8):0.00351622,(((((33:6.1872E-4,(44:1.0E-8,43:0.00206782):5.8114E-4,32:6.5736E-4):0.00164911,(35:1.0E-8,34:1.0E-8):0.00413186):0.00617188,(((((39:1.0E-8,15:1.0E-8):8.5814E-4,((18:0.00389556,20:0.00308725):3.5161E-4,((26:3.9035E-4,((10:8.5954E-4,12:1.0E-8,14:9.824E-4,17:1.0E-8):9.3973E-4,13:0.00220577):0.00143287):1.8564E-4,19:0.00233603,25:0.00242514):0.00199274):0.00113811,(((48:2.8492E-4,41:1.0E-8,24:1.0E-8):5.6453E-4,40:1.0E-8):2.2E-7,21:1.0E-8):2.0E-7):0.00117747,((((16:5.7784E-4,23:1.0E-8):0.00152478,(49:1.0E-8,22:1.0E-8):0.00133484):8.7408E-4,(11:1.0E-8,42:1.0E-8):0.00466847):0.0013385,45:0.00347729,7:0.00235086):5.4482E-4):0.00825877,(38:1.0E-8,(37:1.0E-8,36:1.0E-8):5.7936E-4):0.00926606):0.01273393,(9:3.4162E-4,8:0.00119551,52:1.0E-8,46:1.0E-8,51:1.0E-8,47:1.0E-8,50:1.0E-8):0.00811496):0.00478893):0.00720091,((30:3.4025E-4,29:1.0E-8):0.00441135,(28:1.0E-8,27:1.0E-8,31:1.0E-8):0.00169385):0.01015483):0.01401766,((((80:0.10167973,79:0.07060757):0.00716527,(83:0.07074884,(78:0.06691996,((76:0.01813754,82:0.00725394):0.03344667,(81:0.05961222,77:0.07484268):0.00355149):0.00447001):0.00659163):0.00691592):0.00384272,84:0.09493733):0.03231632,((65:1.0E-8,75:1.0E-8,74:1.0E-8,73:1.0E-8,72:0.00406485):0.00614634,((((54:1.0E-8,53:1.0E-8):0.0014726,(66:1.0E-8,67:1.0E-8):0.00322436):8.97E-4,(71:5.7099E-4,70:1.0E-8,(64:1.0E-8,63:1.0E-8):0.00117409):0.00398305):9.7427E-4,((62:1.0E-8,59:1.0E-8,58:1.0E-8,55:8.6373E-4,61:1.0E-8,60:1.0E-8,56:1.0E-8,57:2.8679E-4):0.00612042,(68:1.0E-8,69:1.0E-8):0.01770177):8.3226E-4):0.00319358):0.03212936):0.03269325):0.00791337):0.00441149,(6:1.0E-8,5:1.0E-8):0.0050763):0.00292111,2:1.0E-8);",
    "DISTANCE_MATRIX": [
        [
            0.0,
            0.01084884,
            0.01084884,
            0.044904259999999994,
            0.044866689999999994,
            0.0469345,
            0.0449429,
            0.04676829999999999,
            0.04676829999999999,
            0.06428179999999999,
            0.06428179999999999,
            0.06880893,
            0.06800062,
            0.06713049,
            0.06997228,
            0.06911275,
            0.07009514,
            0.06911275,
            0.07037878,
            0.06889052999999999,
            0.06897964,
            0.06427351999999999,
            0.06398860999999999,
            0.06398860999999999,
            0.06342408,
            0.06342385999999998,
            0.0671062,
            0.06652837,
            0.06633843,
            0.06633843,
            0.06879798,
            0.06879798,
            0.06626829000000001,
            0.06514186,
            0.06325347999999999,
            0.06383283999999999,
            0.06383283999999999,
            0.04971005999999999,
            0.05056394999999999,
            0.04936845,
            0.04936845,
            0.04936845,
            0.04936845,
            0.04936845,
            0.04417007,
            0.04382982999999999,
            0.041112329999999996,
            0.041112329999999996,
            0.041112329999999996,
            0.19294327,
            0.16187110999999998,
            0.16176303,
            0.16452578,
            0.15366004,
            0.14277644,
            0.16523954,
            0.18047,
            0.17519288,
            0.08621494,
            0.08621494,
            0.08621494,
            0.08621494,
            0.09027978000000002,
            0.08660605,
            0.08660605,
            0.08835781000000001,
            0.08835781000000001,
            0.08879048000000002,
            0.08821950000000002,
            0.08939359000000001,
            0.08939359000000001,
            0.09021486000000001,
            0.09021486000000001,
            0.09021486000000001,
            0.09107858,
            0.09021486000000001,
            0.09021486000000001,
            0.09021486000000001,
            0.09050164000000001,
            0.10179621000000001,
            0.10179621000000001,
            0.00799743,
            0.00799743,
            2e-08
        ],
        [
            0.01084884,
            0.0,
            2e-08,
            0.04108788,
            0.04105031,
            0.04311812,
            0.04112652000000001,
            0.04295192,
            0.04295192,
            0.06046542,
            0.06046542,
            0.06499255,
            0.06418423999999999,
            0.06331410999999999,
            0.06615589999999999,
            0.06529636999999999,
            0.06627875999999999,
            0.06529636999999999,
            0.0665624,
            0.06507414999999998,
            0.06516325999999999,
            0.06045714,
            0.06017223,
            0.06017223,
            0.059607700000000007,
            0.05960748,
            0.06328982,
            0.06271199,
            0.06252205,
            0.06252205,
            0.06498159999999999,
            0.06498159999999999,
            0.062451910000000006,
            0.06132548000000001,
            0.0594371,
            0.06001646,
            0.06001646,
            0.04589368,
            0.046747569999999995,
            0.04555207000000001,
            0.04555207000000001,
            0.04555207000000001,
            0.04555207000000001,
            0.04555207000000001,
            0.040353690000000005,
            0.04001345,
            0.03729595,
            0.03729595,
            0.03729595,
            0.18912689000000002,
            0.15805473,
            0.15794665000000002,
            0.16070940000000003,
            0.14984366000000002,
            0.13896006000000002,
            0.16142316,
            0.17665362,
            0.17137650000000001,
            0.08239856,
            0.08239856,
            0.08239856,
            0.08239856,
            0.08646340000000001,
            0.08278967,
            0.08278967,
            0.08454143,
            0.08454143,
            0.08497410000000001,
            0.08440312000000001,
            0.08557721,
            0.08557721,
            0.08639848,
            0.08639848,
            0.08639848,
            0.0872622,
            0.08639848,
            0.08639848,
            0.08639848,
            0.08668526,
            0.09797983,
            0.09797983,
            0.01300403,
            0.01300403,
            0.01084884
        ],
        [
            0.01084884,
            2e-08,
            0.0,
            0.04108788,
            0.04105031,
            0.04311812,
            0.04112652000000001,
            0.04295192,
            0.04295192,
            0.06046542,
            0.06046542,
            0.06499255,
            0.06418423999999999,
            0.06331410999999999,
            0.06615589999999999,
            0.06529636999999999,
            0.06627875999999999,
            0.06529636999999999,
            0.0665624,
            0.06507414999999998,
            0.06516325999999999,
            0.06045714,
            0.06017223,
            0.06017223,
            0.059607700000000007,
            0.05960748,
            0.06328982,
            0.06271199,
            0.06252205,
            0.06252205,
            0.06498159999999999,
            0.06498159999999999,
            0.062451910000000006,
            0.06132548000000001,
            0.0594371,
            0.06001646,
            0.06001646,
            0.04589368,
            0.046747569999999995,
            0.04555207000000001,
            0.04555207000000001,
            0.04555207000000001,
            0.04555207000000001,
            0.04555207000000001,
            0.040353690000000005,
            0.04001345,
            0.03729595,
            0.03729595,
            0.03729595,
            0.18912689000000002,
            0.15805473,
            0.15794665000000002,
            0.16070940000000003,
            0.14984366000000002,
            0.13896006000000002,
            0.16142316,
            0.17665362,
            0.17137650000000001,
            0.08239856,
            0.08239856,
            0.08239856,
            0.08239856,
            0.08646340000000001,
            0.08278967,
            0.08278967,
            0.08454143,
            0.08454143,
            0.08497410000000001,
            0.08440312000000001,
            0.08557721,
            0.08557721,
            0.08639848,
            0.08639848,
            0.08639848,
            0.0872622,
            0.08639848,
            0.08639848,
            0.08639848,
            0.08668526,
            0.09797983,
            0.09797983,
            0.01300403,
            0.01300403,
            0.01084884
        ],
        [
            0.044904259999999994,
            0.04108788,
            0.04108788,
            0.0,
            0.00119987,
            0.0032676800000000002,
            0.00127608,
            0.0063997,
            0.0063997,
            0.03625696,
            0.03625696,
            0.040784089999999995,
            0.03997578,
            0.03910565,
            0.04194744,
            0.041087910000000005,
            0.042070300000000005,
            0.041087910000000005,
            0.04235394000000001,
            0.040865689999999996,
            0.0409548,
            0.03624868,
            0.03596377,
            0.03596377,
            0.03539924,
            0.03539902,
            0.03908136,
            0.03850353,
            0.03831359,
            0.03831359,
            0.04077314,
            0.04077314,
            0.03824345,
            0.03711702,
            0.03522864,
            0.035808,
            0.035808,
            0.021685219999999998,
            0.02253911,
            0.02134361,
            0.02134361,
            0.02134361,
            0.02134361,
            0.02134361,
            0.03054705,
            0.03020681,
            0.027489310000000003,
            0.027489310000000003,
            0.027489310000000003,
            0.20735557000000002,
            0.17628341,
            0.17617533000000002,
            0.17893808000000003,
            0.16807234000000001,
            0.15718874000000002,
            0.17965184,
            0.1948823,
            0.18960518,
            0.10062724,
            0.10062724,
            0.10062724,
            0.10062724,
            0.10469208000000002,
            0.10101835,
            0.10101835,
            0.10277011,
            0.10277011,
            0.10320278000000002,
            0.10263180000000002,
            0.10380589000000001,
            0.10380589000000001,
            0.10462716,
            0.10462716,
            0.10462716,
            0.10549088000000001,
            0.10462716,
            0.10462716,
            0.10462716,
            0.10491394000000001,
            0.11620851000000001,
            0.11620851000000001,
            0.047059449999999996,
            0.047059449999999996,
            0.044904259999999994
        ],
        [
            0.044866689999999994,
            0.04105031,
            0.04105031,
            0.00119987,
            0.0,
            0.00206783,
            0.00123851,
            0.0063621300000000006,
            0.0063621300000000006,
            0.03621939,
            0.03621939,
            0.04074652,
            0.03993821,
            0.03906808,
            0.04190987,
            0.041050340000000005,
            0.042032730000000004,
            0.041050340000000005,
            0.042316370000000006,
            0.040828119999999996,
            0.04091723,
            0.03621111,
            0.0359262,
            0.0359262,
            0.03536167,
            0.03536145,
            0.03904379,
            0.03846596,
            0.03827602,
            0.03827602,
            0.04073557,
            0.04073557,
            0.03820588,
            0.03707945,
            0.03519107,
            0.03577043,
            0.03577043,
            0.02164765,
            0.02250154,
            0.02130604,
            0.02130604,
            0.02130604,
            0.02130604,
            0.02130604,
            0.03050948,
            0.03016924,
            0.027451740000000002,
            0.027451740000000002,
            0.027451740000000002,
            0.207318,
            0.17624584,
            0.17613776,
            0.17890051,
            0.16803477,
            0.15715117,
            0.17961427,
            0.19484473,
            0.18956761,
            0.10058966999999999,
            0.10058966999999999,
            0.10058966999999999,
            0.10058966999999999,
            0.10465451,
            0.10098077999999999,
            0.10098077999999999,
            0.10273254000000001,
            0.10273254000000001,
            0.10316521000000001,
            0.10259423000000001,
            0.10376832,
            0.10376832,
            0.10458959000000001,
            0.10458959000000001,
            0.10458959000000001,
            0.10545331,
            0.10458959000000001,
            0.10458959000000001,
            0.10458959000000001,
            0.10487637,
            0.11617094,
            0.11617094,
            0.047021879999999995,
            0.047021879999999995,
            0.044866689999999994
        ],
        [
            0.0469345,
            0.04311812,
            0.04311812,
            0.0032676800000000002,
            0.00206783,
            0.0,
            0.00330632,
            0.00842994,
            0.00842994,
            0.0382872,
            0.0382872,
            0.04281433,
            0.04200602,
            0.04113589,
            0.04397768,
            0.04311815,
            0.04410054,
            0.04311815,
            0.04438418,
            0.04289592999999999,
            0.042985039999999995,
            0.03827892,
            0.03799401,
            0.03799401,
            0.03742948,
            0.03742926,
            0.041111600000000005,
            0.040533770000000004,
            0.040343830000000004,
            0.040343830000000004,
            0.042803379999999995,
            0.042803379999999995,
            0.04027369,
            0.03914726,
            0.03725888,
            0.03783824,
            0.03783824,
            0.02371546,
            0.02456935,
            0.02337385,
            0.02337385,
            0.02337385,
            0.02337385,
            0.02337385,
            0.03257729,
            0.03223705,
            0.02951955,
            0.02951955,
            0.02951955,
            0.20938581,
            0.17831365,
            0.17820557,
            0.18096832000000002,
            0.17010258,
            0.15921898,
            0.18168208,
            0.19691254,
            0.19163542,
            0.10265748,
            0.10265748,
            0.10265748,
            0.10265748,
            0.10672232000000001,
            0.10304859,
            0.10304859,
            0.10480035,
            0.10480035,
            0.10523302000000001,
            0.10466204000000001,
            0.10583613,
            0.10583613,
            0.1066574,
            0.1066574,
            0.1066574,
            0.10752112,
            0.1066574,
            0.1066574,
            0.1066574,
            0.10694418,
            0.11823875,
            0.11823875,
            0.04908969,
            0.04908969,
            0.0469345
        ],
        [
            0.0449429,
            0.04112652000000001,
            0.04112652000000001,
            0.00127608,
            0.00123851,
            0.00330632,
            0.0,
            0.006438340000000001,
            0.006438340000000001,
            0.0362956,
            0.0362956,
            0.04082273,
            0.04001442,
            0.03914429,
            0.04198608,
            0.041126550000000005,
            0.042108940000000004,
            0.041126550000000005,
            0.042392580000000006,
            0.040904329999999996,
            0.04099344,
            0.03628732,
            0.03600241,
            0.03600241,
            0.03543788,
            0.03543766,
            0.03912,
            0.03854217,
            0.03835223,
            0.03835223,
            0.04081178,
            0.04081178,
            0.03828209,
            0.03715566,
            0.03526728,
            0.03584664,
            0.03584664,
            0.02172386,
            0.02257775,
            0.02138225,
            0.02138225,
            0.02138225,
            0.02138225,
            0.02138225,
            0.03058569,
            0.03024545,
            0.027527950000000002,
            0.027527950000000002,
            0.027527950000000002,
            0.20739421000000002,
            0.17632205,
            0.17621397,
            0.17897672000000003,
            0.16811098000000002,
            0.15722738000000003,
            0.17969047999999999,
            0.19492094,
            0.18964382000000002,
            0.10066588,
            0.10066588,
            0.10066588,
            0.10066588,
            0.10473072000000001,
            0.10105699,
            0.10105699,
            0.10280875,
            0.10280875,
            0.10324142000000001,
            0.10267044000000002,
            0.10384453,
            0.10384453,
            0.1046658,
            0.1046658,
            0.1046658,
            0.10552952,
            0.1046658,
            0.1046658,
            0.1046658,
            0.10495258,
            0.11624715000000001,
            0.11624715000000001,
            0.04709809,
            0.04709809,
            0.0449429
        ],
        [
            0.04676829999999999,
            0.04295192,
            0.04295192,
            0.0063997,
            0.0063621300000000006,
            0.00842994,
            0.006438340000000001,
            0.0,
            2e-08,
            0.038121,
            0.038121,
            0.04264813,
            0.04183982,
            0.04096969,
            0.04381148,
            0.04295195,
            0.04393434,
            0.04295195,
            0.044217980000000004,
            0.042729729999999994,
            0.04281884,
            0.03811272,
            0.03782781,
            0.03782781,
            0.037263279999999996,
            0.03726306,
            0.04094540000000001,
            0.040367570000000005,
            0.040177630000000006,
            0.040177630000000006,
            0.04263718,
            0.04263718,
            0.040107489999999996,
            0.03898106,
            0.03709268,
            0.037672040000000004,
            0.037672040000000004,
            0.023549260000000002,
            0.02440315,
            0.02320765,
            0.02320765,
            0.02320765,
            0.02320765,
            0.02320765,
            0.03241109,
            0.03207085,
            0.02935335,
            0.02935335,
            0.02935335,
            0.20921961,
            0.17814744999999998,
            0.17803937,
            0.18080212,
            0.16993638,
            0.15905278,
            0.18151588,
            0.19674634,
            0.19146922,
            0.10249127999999999,
            0.10249127999999999,
            0.10249127999999999,
            0.10249127999999999,
            0.10655612,
            0.10288238999999999,
            0.10288238999999999,
            0.10463415000000001,
            0.10463415000000001,
            0.10506682,
            0.10449584,
            0.10566993,
            0.10566993,
            0.10649120000000001,
            0.10649120000000001,
            0.10649120000000001,
            0.10735491999999999,
            0.10649120000000001,
            0.10649120000000001,
            0.10649120000000001,
            0.10677798,
            0.11807255,
            0.11807255,
            0.04892348999999999,
            0.04892348999999999,
            0.04676829999999999
        ],
        [
            0.04676829999999999,
            0.04295192,
            0.04295192,
            0.0063997,
            0.0063621300000000006,
            0.00842994,
            0.006438340000000001,
            2e-08,
            0.0,
            0.038121,
            0.038121,
            0.04264813,
            0.04183982,
            0.04096969,
            0.04381148,
            0.04295195,
            0.04393434,
            0.04295195,
            0.044217980000000004,
            0.042729729999999994,
            0.04281884,
            0.03811272,
            0.03782781,
            0.03782781,
            0.037263279999999996,
            0.03726306,
            0.04094540000000001,
            0.040367570000000005,
            0.040177630000000006,
            0.040177630000000006,
            0.04263718,
            0.04263718,
            0.040107489999999996,
            0.03898106,
            0.03709268,
            0.037672040000000004,
            0.037672040000000004,
            0.023549260000000002,
            0.02440315,
            0.02320765,
            0.02320765,
            0.02320765,
            0.02320765,
            0.02320765,
            0.03241109,
            0.03207085,
            0.02935335,
            0.02935335,
            0.02935335,
            0.20921961,
            0.17814744999999998,
            0.17803937,
            0.18080212,
            0.16993638,
            0.15905278,
            0.18151588,
            0.19674634,
            0.19146922,
            0.10249127999999999,
            0.10249127999999999,
            0.10249127999999999,
            0.10249127999999999,
            0.10655612,
            0.10288238999999999,
            0.10288238999999999,
            0.10463415000000001,
            0.10463415000000001,
            0.10506682,
            0.10449584,
            0.10566993,
            0.10566993,
            0.10649120000000001,
            0.10649120000000001,
            0.10649120000000001,
            0.10735491999999999,
            0.10649120000000001,
            0.10649120000000001,
            0.10649120000000001,
            0.10677798,
            0.11807255,
            0.11807255,
            0.04892348999999999,
            0.04892348999999999,
            0.04676829999999999
        ],
        [
            0.06428179999999999,
            0.06046542,
            0.06046542,
            0.03625696,
            0.03621939,
            0.0382872,
            0.0362956,
            0.038121,
            0.038121,
            0.0,
            2e-08,
            0.0062434299999999995,
            0.00543512,
            0.00456499,
            0.00740678,
            0.006547249999999999,
            0.007529639999999999,
            0.006547249999999999,
            0.00781328,
            0.006325029999999999,
            0.0064141400000000005,
            0.0017080200000000002,
            0.00142311,
            0.00142311,
            0.0008585800000000001,
            0.0008583600000000001,
            0.006895640000000001,
            0.00631781,
            0.00612787,
            0.00612787,
            0.00858742,
            0.00858742,
            0.00605773,
            0.0049313000000000004,
            0.01956046,
            0.02013982,
            0.02013982,
            0.031484899999999996,
            0.03233879,
            0.031143289999999997,
            0.031143289999999997,
            0.031143289999999997,
            0.031143289999999997,
            0.031143289999999997,
            0.04992459,
            0.04958435,
            0.04686685,
            0.04686685,
            0.04686685,
            0.22673311000000002,
            0.19566095,
            0.19555287000000002,
            0.19831562000000003,
            0.18744988,
            0.17656628000000002,
            0.19902938,
            0.21425984,
            0.20898272,
            0.12000478,
            0.12000478,
            0.12000478,
            0.12000478,
            0.12406962000000002,
            0.12039589,
            0.12039589,
            0.12214765,
            0.12214765,
            0.12258032000000002,
            0.12200934000000002,
            0.12318343000000001,
            0.12318343000000001,
            0.1240047,
            0.1240047,
            0.1240047,
            0.12486842000000001,
            0.1240047,
            0.1240047,
            0.1240047,
            0.12429148000000001,
            0.13558605,
            0.13558605,
            0.06643698999999999,
            0.06643698999999999,
            0.06428179999999999
        ],
        [
            0.06428179999999999,
            0.06046542,
            0.06046542,
            0.03625696,
            0.03621939,
            0.0382872,
            0.0362956,
            0.038121,
            0.038121,
            2e-08,
            0.0,
            0.0062434299999999995,
            0.00543512,
            0.00456499,
            0.00740678,
            0.006547249999999999,
            0.007529639999999999,
            0.006547249999999999,
            0.00781328,
            0.006325029999999999,
            0.0064141400000000005,
            0.0017080200000000002,
            0.00142311,
            0.00142311,
            0.0008585800000000001,
            0.0008583600000000001,
            0.006895640000000001,
            0.00631781,
            0.00612787,
            0.00612787,
            0.00858742,
            0.00858742,
            0.00605773,
            0.0049313000000000004,
            0.01956046,
            0.02013982,
            0.02013982,
            0.031484899999999996,
            0.03233879,
            0.031143289999999997,
            0.031143289999999997,
            0.031143289999999997,
            0.031143289999999997,
            0.031143289999999997,
            0.04992459,
            0.04958435,
            0.04686685,
            0.04686685,
            0.04686685,
            0.22673311000000002,
            0.19566095,
            0.19555287000000002,
            0.19831562000000003,
            0.18744988,
            0.17656628000000002,
            0.19902938,
            0.21425984,
            0.20898272,
            0.12000478,
            0.12000478,
            0.12000478,
            0.12000478,
            0.12406962000000002,
            0.12039589,
            0.12039589,
            0.12214765,
            0.12214765,
            0.12258032000000002,
            0.12200934000000002,
            0.12318343000000001,
            0.12318343000000001,
            0.1240047,
            0.1240047,
            0.1240047,
            0.12486842000000001,
            0.1240047,
            0.1240047,
            0.1240047,
            0.12429148000000001,
            0.13558605,
            0.13558605,
            0.06643698999999999,
            0.06643698999999999,
            0.06428179999999999
        ],
        [
            0.06880893,
            0.06499255,
            0.06499255,
            0.040784089999999995,
            0.04074652,
            0.04281433,
            0.04082273,
            0.04264813,
            0.04264813,
            0.0062434299999999995,
            0.0062434299999999995,
            0.0,
            0.006982810000000001,
            0.0068159,
            0.00965769,
            0.00879816,
            0.009780549999999999,
            0.00879816,
            0.01006419,
            0.008575939999999999,
            0.00866505,
            0.006235149999999999,
            0.005950239999999999,
            0.005950239999999999,
            0.005385709999999999,
            0.005385489999999999,
            0.011422769999999999,
            0.010844939999999999,
            0.010654999999999998,
            0.010654999999999998,
            0.013114549999999999,
            0.013114549999999999,
            0.010584859999999998,
            0.00945843,
            0.02408759,
            0.02466695,
            0.02466695,
            0.03601203,
            0.036865919999999996,
            0.035670419999999994,
            0.035670419999999994,
            0.035670419999999994,
            0.035670419999999994,
            0.035670419999999994,
            0.054451719999999995,
            0.054111479999999997,
            0.05139398,
            0.05139398,
            0.05139398,
            0.23126024,
            0.20018808,
            0.20008,
            0.20284275000000002,
            0.19197701,
            0.18109341,
            0.20355651,
            0.21878697,
            0.21350985,
            0.12453191,
            0.12453191,
            0.12453191,
            0.12453191,
            0.12859675,
            0.12492302,
            0.12492302,
            0.12667478,
            0.12667478,
            0.12710745,
            0.12653647,
            0.12771056,
            0.12771056,
            0.12853183,
            0.12853183,
            0.12853183,
            0.12939555,
            0.12853183,
            0.12853183,
            0.12853183,
            0.12881861,
            0.14011318,
            0.14011318,
            0.07096412,
            0.07096412,
            0.06880893
        ],
        [
            0.06800062,
            0.06418423999999999,
            0.06418423999999999,
            0.03997578,
            0.03993821,
            0.04200602,
            0.04001442,
            0.04183982,
            0.04183982,
            0.00543512,
            0.00543512,
            0.006982810000000001,
            0.0,
            0.00600759,
            0.00884938,
            0.00798985,
            0.00897224,
            0.00798985,
            0.009255880000000001,
            0.007767629999999999,
            0.007856740000000001,
            0.00542684,
            0.005141929999999999,
            0.005141929999999999,
            0.0045774,
            0.004577179999999999,
            0.01061446,
            0.01003663,
            0.009846689999999998,
            0.009846689999999998,
            0.01230624,
            0.01230624,
            0.009776549999999998,
            0.00865012,
            0.02327928,
            0.02385864,
            0.02385864,
            0.03520372,
            0.03605761,
            0.03486211,
            0.03486211,
            0.03486211,
            0.03486211,
            0.03486211,
            0.053643409999999996,
            0.05330317,
            0.05058567,
            0.05058567,
            0.05058567,
            0.23045193,
            0.19937976999999998,
            0.19927169,
            0.20203444,
            0.1911687,
            0.1802851,
            0.2027482,
            0.21797866,
            0.21270154,
            0.12372359999999999,
            0.12372359999999999,
            0.12372359999999999,
            0.12372359999999999,
            0.12778844,
            0.12411470999999999,
            0.12411470999999999,
            0.12586647,
            0.12586647,
            0.12629914,
            0.12572816,
            0.12690225,
            0.12690225,
            0.12772352,
            0.12772352,
            0.12772352,
            0.12858724,
            0.12772352,
            0.12772352,
            0.12772352,
            0.1280103,
            0.13930487,
            0.13930487,
            0.07015581,
            0.07015581,
            0.06800062
        ],
        [
            0.06713049,
            0.06331410999999999,
            0.06331410999999999,
            0.03910565,
            0.03906808,
            0.04113589,
            0.03914429,
            0.04096969,
            0.04096969,
            0.00456499,
            0.00456499,
            0.0068159,
            0.00600759,
            0.0,
            0.0036224899999999995,
            0.0027629599999999996,
            0.0037453499999999997,
            0.0027629599999999996,
            0.0040289900000000005,
            0.0029120199999999995,
            0.0030011300000000003,
            0.00455671,
            0.0042718,
            0.0042718,
            0.00370727,
            0.00370705,
            0.009744329999999999,
            0.0091665,
            0.008976559999999998,
            0.008976559999999998,
            0.01143611,
            0.01143611,
            0.008906419999999998,
            0.00777999,
            0.02240915,
            0.022988509999999997,
            0.022988509999999997,
            0.03433359,
            0.03518748,
            0.03399198,
            0.03399198,
            0.03399198,
            0.03399198,
            0.03399198,
            0.05277328,
            0.05243304,
            0.04971554,
            0.04971554,
            0.04971554,
            0.2295818,
            0.19850964,
            0.19840156,
            0.20116431,
            0.19029857,
            0.17941497,
            0.20187807,
            0.21710853,
            0.21183141,
            0.12285346999999999,
            0.12285346999999999,
            0.12285346999999999,
            0.12285346999999999,
            0.12691831,
            0.12324457999999999,
            0.12324457999999999,
            0.12499634000000001,
            0.12499634000000001,
            0.12542901,
            0.12485803000000001,
            0.12603212,
            0.12603212,
            0.12685339,
            0.12685339,
            0.12685339,
            0.12771711,
            0.12685339,
            0.12685339,
            0.12685339,
            0.12714017,
            0.13843474,
            0.13843474,
            0.06928568,
            0.06928568,
            0.06713049
        ],
        [
            0.06997228,
            0.06615589999999999,
            0.06615589999999999,
            0.04194744,
            0.04190987,
            0.04397768,
            0.04198608,
            0.04381148,
            0.04381148,
            0.00740678,
            0.00740678,
            0.00965769,
            0.00884938,
            0.0036224899999999995,
            0.0,
            0.00085955,
            0.00184194,
            0.00085955,
            0.00400504,
            0.00575381,
            0.00584292,
            0.0073985,
            0.0071135899999999995,
            0.0071135899999999995,
            0.00654906,
            0.006548839999999999,
            0.01258612,
            0.01200829,
            0.011818349999999998,
            0.011818349999999998,
            0.0142779,
            0.0142779,
            0.011748209999999999,
            0.01062178,
            0.02525094,
            0.025830299999999997,
            0.025830299999999997,
            0.037175379999999994,
            0.03802927,
            0.036833769999999995,
            0.036833769999999995,
            0.036833769999999995,
            0.036833769999999995,
            0.036833769999999995,
            0.055615069999999996,
            0.05527483,
            0.05255733,
            0.05255733,
            0.05255733,
            0.23242359,
            0.20135143,
            0.20124335000000002,
            0.20400610000000002,
            0.19314036,
            0.18225676000000002,
            0.20471986,
            0.21995032,
            0.2146732,
            0.12569526,
            0.12569526,
            0.12569526,
            0.12569526,
            0.12976010000000002,
            0.12608637,
            0.12608637,
            0.12783813,
            0.12783813,
            0.12827080000000002,
            0.12769982000000002,
            0.12887391,
            0.12887391,
            0.12969518,
            0.12969518,
            0.12969518,
            0.1305589,
            0.12969518,
            0.12969518,
            0.12969518,
            0.12998196,
            0.14127653,
            0.14127653,
            0.07212747,
            0.07212747,
            0.06997228
        ],
        [
            0.06911275,
            0.06529636999999999,
            0.06529636999999999,
            0.041087910000000005,
            0.041050340000000005,
            0.04311815,
            0.041126550000000005,
            0.04295195,
            0.04295195,
            0.006547249999999999,
            0.006547249999999999,
            0.00879816,
            0.00798985,
            0.0027629599999999996,
            0.00085955,
            0.0,
            0.00098241,
            2e-08,
            0.0031455100000000002,
            0.004894279999999999,
            0.00498339,
            0.006538969999999999,
            0.006254059999999999,
            0.006254059999999999,
            0.005689529999999999,
            0.005689309999999999,
            0.011726589999999999,
            0.011148759999999999,
            0.010958819999999998,
            0.010958819999999998,
            0.013418369999999999,
            0.013418369999999999,
            0.010888679999999998,
            0.00976225,
            0.02439141,
            0.024970769999999996,
            0.024970769999999996,
            0.03631585,
            0.03716974,
            0.03597424,
            0.03597424,
            0.03597424,
            0.03597424,
            0.03597424,
            0.05475554,
            0.0544153,
            0.0516978,
            0.0516978,
            0.0516978,
            0.23156406000000002,
            0.2004919,
            0.20038382000000002,
            0.20314657000000003,
            0.19228083,
            0.18139723000000002,
            0.20386033,
            0.21909079,
            0.21381367,
            0.12483573,
            0.12483573,
            0.12483573,
            0.12483573,
            0.12890057000000002,
            0.12522684,
            0.12522684,
            0.1269786,
            0.1269786,
            0.12741127000000002,
            0.12684029000000002,
            0.12801438,
            0.12801438,
            0.12883565,
            0.12883565,
            0.12883565,
            0.12969937,
            0.12883565,
            0.12883565,
            0.12883565,
            0.12912243,
            0.14041700000000001,
            0.14041700000000001,
            0.07126794,
            0.07126794,
            0.06911275
        ],
        [
            0.07009514,
            0.06627875999999999,
            0.06627875999999999,
            0.042070300000000005,
            0.042032730000000004,
            0.04410054,
            0.042108940000000004,
            0.04393434,
            0.04393434,
            0.007529639999999999,
            0.007529639999999999,
            0.009780549999999999,
            0.00897224,
            0.0037453499999999997,
            0.00184194,
            0.00098241,
            0.0,
            0.00098241,
            0.0041279,
            0.00587667,
            0.00596578,
            0.007521359999999999,
            0.0072364499999999984,
            0.0072364499999999984,
            0.006671919999999999,
            0.006671699999999998,
            0.012708979999999998,
            0.012131149999999999,
            0.011941209999999997,
            0.011941209999999997,
            0.014400759999999999,
            0.014400759999999999,
            0.011871069999999997,
            0.01074464,
            0.025373800000000002,
            0.02595316,
            0.02595316,
            0.037298239999999996,
            0.03815213,
            0.03695663,
            0.03695663,
            0.03695663,
            0.03695663,
            0.03695663,
            0.05573793,
            0.05539769,
            0.05268019,
            0.05268019,
            0.05268019,
            0.23254645000000002,
            0.20147429,
            0.20136621000000002,
            0.20412896000000003,
            0.19326322,
