{
    "NEXUS_FILE_URL": "http://purl.org/phylo/treebase/phylows/study/TB2:S14371",
    "NEWICK_TREE": "(1:0.093239,(11:0.113872,((15:0.0,(12:4.81E-4,(13:4.34E-4,14:0.001338):0.004167):0.0):0.02861,((2:0.052504,3:0.044628):0.00911,(5:0.011341,(4:0.016532,(7:0.00529,(9:0.020657,(8:0.0,(6:0.0,10:0.0):0.0):0.0):0.0):0.01477):0.005926):0.022772):0.074142):0.09844):0.093239);",
    "DISTANCE_MATRIX": [
        [
            0,
            0.30035,
            0.31352800000000003,
            0.31400900000000004,
            0.318129,
            0.319033,
            0.420674,
            0.412798,
            0.39317300000000005,
            0.40429000000000004,
            0.407818,
            0.42318500000000003,
            0.402528,
            0.402528,
            0.402528
        ],
        [
            0.30035,
            0,
            0.240922,
            0.241403,
            0.245523,
            0.246427,
            0.348068,
            0.340192,
            0.32056700000000005,
            0.331684,
            0.335212,
            0.350579,
            0.329922,
            0.329922,
            0.329922
        ],
        [
            0.31352800000000003,
            0.240922,
            0,
            0.000481,
            0.004601,
            0.0055049999999999995,
            0.16436599999999998,
            0.15649,
            0.13686500000000001,
            0.147982,
            0.15151,
            0.166877,
            0.14622,
            0.14622,
            0.14622
        ],
        [
            0.31400900000000004,
            0.241403,
            0.000481,
            0,
            0.005082,
            0.005985999999999999,
            0.164847,
            0.156971,
            0.137346,
            0.148463,
            0.15199100000000001,
            0.167358,
            0.146701,
            0.146701,
            0.146701
        ],
        [
            0.318129,
            0.245523,
            0.004601,
            0.005082,
            0,
            0.001772,
            0.16896699999999998,
            0.16109099999999998,
            0.141466,
            0.152583,
            0.156111,
            0.171478,
            0.15082099999999998,
            0.15082099999999998,
            0.15082099999999998
        ],
        [
            0.319033,
            0.246427,
            0.0055049999999999995,
            0.005985999999999999,
            0.001772,
            0,
            0.169871,
            0.161995,
            0.14237,
            0.153487,
            0.15701500000000002,
            0.172382,
            0.151725,
            0.151725,
            0.151725
        ],
        [
            0.420674,
            0.348068,
            0.16436599999999998,
            0.164847,
            0.16896699999999998,
            0.169871,
            0,
            0.097132,
            0.095727,
            0.10684400000000001,
            0.110372,
            0.125739,
            0.10508200000000001,
            0.10508200000000001,
            0.10508200000000001
        ],
        [
            0.412798,
            0.340192,
            0.15649,
            0.156971,
            0.16109099999999998,
            0.161995,
            0.097132,
            0,
            0.08785100000000001,
            0.098968,
            0.102496,
            0.117863,
            0.097206,
            0.097206,
            0.097206
        ],
        [
            0.39317300000000005,
            0.32056700000000005,
            0.13686500000000001,
            0.137346,
            0.141466,
            0.14237,
            0.095727,
            0.08785100000000001,
            0,
            0.033799,
            0.037327,
            0.052694000000000005,
            0.032036999999999996,
            0.032036999999999996,
            0.032036999999999996
        ],
        [
            0.40429000000000004,
            0.331684,
            0.147982,
            0.148463,
            0.152583,
            0.153487,
            0.10684400000000001,
            0.098968,
            0.033799,
            0,
            0.036592,
            0.051959000000000005,
            0.031302,
            0.031302,
            0.031302
        ],
        [
            0.407818,
            0.335212,
            0.15151,
            0.15199100000000001,
            0.156111,
            0.15701500000000002,
            0.110372,
            0.102496,
            0.037327,
            0.036592,
            0,
            0.025946999999999998,
            0.00529,
            0.00529,
            0.00529
        ],
        [
            0.42318500000000003,
            0.350579,
            0.166877,
            0.167358,
            0.171478,
            0.172382,
            0.125739,
            0.117863,
            0.052694000000000005,
            0.051959000000000005,
            0.025946999999999998,
            0,
            0.020657,
            0.020657,
            0.020657
        ],
        [
            0.402528,
            0.329922,
            0.14622,
            0.146701,
            0.15082099999999998,
            0.151725,
            0.10508200000000001,
            0.097206,
            0.032036999999999996,
            0.031302,
            0.00529,
            0.020657,
            0,
            0.0,
            0.0
        ],
        [
            0.402528,
            0.329922,
            0.14622,
            0.146701,
            0.15082099999999998,
            0.151725,
            0.10508200000000001,
            0.097206,
            0.032036999999999996,
            0.031302,
            0.00529,
            0.020657,
            0.0,
            0,
            0.0
        ],
        [
            0.402528,
            0.329922,
            0.14622,
            0.146701,
            0.15082099999999998,
            0.151725,
            0.10508200000000001,
            0.097206,
            0.032036999999999996,
            0.031302,
            0.00529,
            0.020657,
            0.0,
            0.0,
            0
        ]
    ],
    "NODE_MAPPING": {
        "0": "1",
        "1": "11",
        "2": "15",
        "3": "12",
        "4": "13",
        "5": "14",
        "6": "2",
        "7": "3",
        "8": "5",
        "9": "4",
        "10": "7",
        "11": "9",
        "12": "8",
        "13": "6",
        "14": "10"
    }
}