{
    "NEXUS_FILE_URL": "http://purl.org/phylo/treebase/phylows/study/TB2:S13386",
    "NEWICK_TREE": "(1:0.580489,2:0.593785,((3:0.206629,4:0.241809):0.225751,(((((5:0.060133,34:0.060713):0.032892,(38:0.044733,66:0.045786):0.024907):0.059289,(((6:0.174505,((55:0.00643,65:0.006649):0.078888,(67:0.085419,72:0.117353):0.014441,69:0.065192):0.060326):0.016649,(((7:0.04734,(8:0.01264,9:0.013143):0.038705):0.007063,(((11:0.006513,18:0.006362):0.004244,19:0.010554):0.015123,((12:0.001392,13:0.001269):0.010826,((14:0.005073,(15:0.005019,20:0.003848):0.002175):0.003354,17:0.012215):0.007893):0.012624):0.022239):0.014656,(10:6.55E-4,31:7.55E-4):0.0353):0.045247):0.008989,(16:0.083329,(((((21:0.006509,44:0.001812):0.024944,59:0.043607):0.02966,((22:0.067586,47:0.067863):0.008261,(37:0.0256,64:0.046288):0.042006):0.007438):0.01035,(27:0.083332,((((32:0.005465,49:0.006045):0.003802,33:0.007272):0.034026,41:0.025028):0.020717,58:0.03467):0.010477):0.034165):0.049555,43:0.101934):0.008525):0.016194):0.029491):0.045817,(((((23:0.02124,(36:0.009667,68:0.001685):0.018523):0.013518,(40:0.022354,73:0.016539):0.014773):0.035574,45:0.044194):0.015133,53:0.088716):0.044258,(42:0.032265,(46:0.064325,52:0.059385):0.023379):0.012897):0.093485):0.083922,(((((((24:0.043043,70:0.038809):0.019306,28:0.051741):0.018758,61:0.045385):0.06458,(25:0.048743,63:0.084535):0.039454):0.014319,29:0.115784):0.05692,(((30:0.027699,51:0.029965):0.008572,48:0.02278):0.056327,(35:0.079733,60:0.083119):0.01498):0.105124):0.043292,((26:0.127489,62:0.112544):0.066057,(((39:0.115524,56:0.091009):0.039645,(50:0.162034,(54:0.069426,57:0.050268):0.060738):0.011046):0.047574,71:0.212279):0.020367):0.039244):0.052362):0.358831):0.254776);",
    "DISTANCE_MATRIX": [
        [
            0.0,
            1.174274,
            1.267645,
            1.302825,
            1.476149,
            1.4767290000000002,
            1.4527640000000002,
            1.453817,
            1.5534690000000002,
            1.5246080000000002,
            1.5248270000000002,
            1.53915,
            1.571084,
            1.5044819999999999,
            1.4766210000000002,
            1.480626,
            1.4811290000000001,
            1.470337,
            1.470186,
            1.470134,
            1.469299,
            1.469176,
            1.473401,
            1.475522,
            1.474351,
            1.477189,
            1.443517,
            1.4436170000000002,
            1.452849,
            1.499063,
            1.4943659999999999,
            1.511217,
            1.521235,
            1.521512,
            1.512994,
            1.5336820000000002,
            1.5450970000000002,
            1.5362520000000002,
            1.536832,
            1.5342570000000002,
            1.5179870000000002,
            1.506912,
            1.4799790000000002,
            1.501226,
            1.5081760000000002,
            1.500194,
            1.503595,
            1.4977800000000001,
            1.475088,
            1.504477,
            1.416665,
            1.4721039999999999,
            1.467164,
            1.5066760000000001,
            1.502442,
            1.4960680000000002,
            1.4709539999999999,
            1.449186,
            1.484978,
            1.4624540000000001,
            1.487472,
            1.489738,
            1.4739810000000002,
            1.4895870000000002,
            1.492973,
            1.4792480000000001,
            1.4643030000000001,
            1.508812,
            1.4842970000000002,
            1.526723,
            1.494853,
            1.475695,
            1.518348
        ],
        [
            1.174274,
            0.0,
            1.2809409999999999,
            1.3161209999999999,
            1.489445,
            1.4900250000000002,
            1.4660600000000001,
            1.467113,
            1.5667650000000002,
            1.5379040000000002,
            1.5381230000000001,
            1.552446,
            1.58438,
            1.5177779999999998,
            1.4899170000000002,
            1.493922,
            1.4944250000000001,
            1.483633,
            1.483482,
            1.48343,
            1.4825949999999999,
            1.482472,
            1.486697,
            1.488818,
            1.487647,
            1.490485,
            1.456813,
            1.4569130000000001,
            1.466145,
            1.512359,
            1.5076619999999998,
            1.524513,
            1.5345309999999999,
            1.534808,
            1.52629,
            1.5469780000000002,
            1.5583930000000001,
            1.5495480000000001,
            1.550128,
            1.5475530000000002,
            1.5312830000000002,
            1.520208,
            1.4932750000000001,
            1.514522,
            1.5214720000000002,
            1.51349,
            1.516891,
            1.511076,
            1.488384,
            1.517773,
            1.429961,
            1.4853999999999998,
            1.4804599999999999,
            1.519972,
            1.515738,
            1.5093640000000001,
            1.4842499999999998,
            1.462482,
            1.4982739999999999,
            1.4757500000000001,
            1.5007679999999999,
            1.503034,
            1.4872770000000002,
            1.5028830000000002,
            1.506269,
            1.492544,
            1.477599,
            1.522108,
            1.4975930000000002,
            1.540019,
            1.508149,
            1.488991,
            1.531644
        ],
        [
            1.267645,
            1.2809409999999999,
            0.0,
            0.448438,
            1.073264,
            1.073844,
            1.049879,
            1.050932,
            1.150584,
            1.121723,
            1.121942,
            1.1362649999999999,
            1.168199,
            1.101597,
            1.073736,
            1.077741,
            1.078244,
            1.0674519999999998,
            1.067301,
            1.067249,
            1.066414,
            1.066291,
            1.070516,
            1.0726369999999998,
            1.071466,
            1.074304,
            1.040632,
            1.040732,
            1.0499640000000001,
            1.096178,
            1.091481,
            1.1083319999999999,
            1.11835,
            1.118627,
            1.110109,
            1.130797,
            1.142212,
            1.133367,
            1.133947,
            1.131372,
            1.115102,
            1.1040269999999999,
            1.077094,
            1.098341,
            1.105291,
            1.097309,
            1.1007099999999999,
            1.094895,
            1.072203,
            1.1015920000000001,
            1.0137800000000001,
            1.069219,
            1.064279,
            1.103791,
            1.099557,
            1.093183,
            1.068069,
            1.046301,
            1.082093,
            1.059569,
            1.084587,
            1.086853,
            1.071096,
            1.086702,
            1.090088,
            1.076363,
            1.061418,
            1.1059269999999999,
            1.081412,
            1.1238380000000001,
            1.091968,
            1.07281,
            1.115463
        ],
        [
            1.302825,
            1.3161209999999999,
            0.448438,
            0.0,
            1.108444,
            1.109024,
            1.085059,
            1.086112,
            1.185764,
            1.156903,
            1.157122,
            1.1714449999999998,
            1.203379,
            1.136777,
            1.108916,
            1.112921,
            1.113424,
            1.1026319999999998,
            1.102481,
            1.1024289999999999,
            1.101594,
            1.101471,
            1.105696,
            1.1078169999999998,
            1.106646,
            1.109484,
            1.075812,
            1.075912,
            1.085144,
            1.131358,
            1.126661,
            1.1435119999999999,
            1.15353,
            1.153807,
            1.145289,
            1.165977,
            1.177392,
            1.168547,
            1.169127,
            1.166552,
            1.150282,
            1.1392069999999999,
            1.112274,
            1.133521,
            1.140471,
            1.132489,
            1.1358899999999998,
            1.130075,
            1.107383,
            1.1367720000000001,
            1.0489600000000001,
            1.104399,
            1.099459,
            1.138971,
            1.1347369999999999,
            1.128363,
            1.103249,
            1.081481,
            1.117273,
            1.094749,
            1.119767,
            1.122033,
            1.106276,
            1.121882,
            1.125268,
            1.111543,
            1.096598,
            1.1411069999999999,
            1.116592,
            1.159018,
            1.127148,
            1.10799,
            1.150643
        ],
        [
            1.476149,
            1.489445,
            1.073264,
            1.108444,
            0.0,
            0.12084600000000001,
            0.162665,
            0.163718,
            0.38194799999999995,
            0.353087,
            0.353306,
            0.367629,
            0.399563,
            0.33296099999999995,
            0.3051,
            0.30910499999999996,
            0.309608,
            0.29881599999999997,
            0.29866499999999996,
            0.298613,
            0.297778,
            0.297655,
            0.30188,
            0.30400099999999997,
            0.30283,
            0.305668,
            0.271996,
            0.272096,
            0.281328,
            0.327542,
            0.322845,
            0.339696,
            0.34971399999999997,
            0.349991,
            0.34147299999999997,
            0.362161,
            0.373576,
            0.36473099999999997,
            0.365311,
            0.362736,
            0.346466,
            0.335391,
            0.308458,
            0.421339,
            0.428289,
            0.420307,
            0.423708,
            0.417893,
            0.395201,
            0.42459,
            0.336778,
            0.392217,
            0.387277,
            0.594633,
            0.590399,
            0.584025,
            0.5589109999999999,
            0.5371429999999999,
            0.572935,
            0.550411,
            0.575429,
            0.5776950000000001,
            0.561938,
            0.5775440000000001,
            0.58093,
            0.567205,
            0.55226,
            0.596769,
            0.572254,
            0.61468,
            0.58281,
            0.563652,
            0.606305
        ],
        [
            1.4767290000000002,
            1.4900250000000002,
            1.073844,
            1.109024,
            0.12084600000000001,
            0.0,
            0.163245,
            0.164298,
            0.382528,
            0.35366699999999995,
            0.353886,
            0.368209,
            0.40014299999999997,
            0.333541,
            0.30567999999999995,
            0.309685,
            0.310188,
            0.299396,
            0.299245,
            0.299193,
            0.298358,
            0.29823500000000003,
            0.30245999999999995,
            0.304581,
            0.30340999999999996,
            0.30624799999999996,
            0.272576,
            0.27267600000000003,
            0.281908,
            0.328122,
            0.32342499999999996,
            0.340276,
            0.350294,
            0.35057099999999997,
            0.34205299999999994,
            0.362741,
            0.37415600000000004,
            0.36531099999999994,
            0.36589099999999997,
            0.363316,
            0.34704599999999997,
            0.335971,
            0.30903800000000003,
            0.42191900000000004,
            0.42886899999999994,
            0.420887,
            0.424288,
            0.418473,
            0.395781,
            0.42517000000000005,
            0.337358,
            0.39279699999999995,
            0.387857,
            0.595213,
            0.590979,
            0.584605,
            0.559491,
            0.537723,
            0.573515,
            0.550991,
            0.576009,
            0.5782750000000001,
            0.5625180000000001,
            0.5781240000000001,
            0.58151,
            0.567785,
            0.55284,
            0.597349,
            0.5728340000000001,
            0.61526,
            0.5833900000000001,
            0.5642320000000001,
            0.606885
        ],
        [
            1.4527640000000002,
            1.4660600000000001,
            1.049879,
            1.085059,
            0.162665,
            0.163245,
            0.0,
            0.090519,
            0.35856299999999997,
            0.329702,
            0.329921,
            0.344244,
            0.376178,
            0.30957599999999996,
            0.281715,
            0.28572,
            0.286223,
            0.275431,
            0.27527999999999997,
            0.27522800000000003,
            0.274393,
            0.27427,
            0.278495,
            0.280616,
            0.279445,
            0.282283,
            0.24861100000000003,
            0.24871100000000002,
            0.25794300000000003,
            0.304157,
            0.29946,
            0.316311,
            0.326329,
            0.326606,
            0.318088,
            0.338776,
            0.35019100000000003,
            0.341346,
            0.341926,
            0.339351,
            0.323081,
            0.312006,
            0.285073,
            0.39795400000000003,
            0.404904,
            0.396922,
            0.400323,
            0.394508,
            0.37181600000000004,
            0.40120500000000003,
            0.31339300000000003,
            0.368832,
            0.363892,
            0.571248,
            0.567014,
            0.56064,
            0.535526,
            0.5137579999999999,
            0.54955,
            0.527026,
            0.552044,
            0.5543100000000001,
            0.5385530000000001,
            0.5541590000000001,
            0.557545,
            0.54382,
            0.528875,
            0.573384,
            0.548869,
            0.591295,
            0.5594250000000001,
            0.540267,
            0.58292
        ],
        [
            1.453817,
            1.467113,
            1.050932,
            1.086112,
            0.163718,
            0.164298,
            0.090519,
            0.0,
            0.359616,
            0.330755,
            0.330974,
            0.34529699999999997,
            0.377231,
            0.310629,
            0.282768,
            0.286773,
            0.287276,
            0.276484,
            0.276333,
            0.276281,
            0.27544599999999997,
            0.275323,
            0.279548,
            0.281669,
            0.280498,
            0.28333600000000003,
            0.249664,
            0.249764,
            0.258996,
            0.30521,
            0.30051300000000003,
            0.317364,
            0.32738199999999995,
            0.32765900000000003,
            0.319141,
            0.33982900000000005,
            0.351244,
            0.342399,
            0.34297900000000003,
            0.34040400000000004,
            0.32413400000000003,
            0.313059,
            0.286126,
            0.399007,
            0.405957,
            0.39797499999999997,
            0.40137599999999996,
            0.39556100000000005,
            0.372869,
            0.402258,
            0.314446,
            0.369885,
            0.364945,
            0.572301,
            0.568067,
            0.561693,
            0.5365789999999999,
            0.5148109999999999,
            0.550603,
            0.528079,
            0.553097,
            0.555363,
            0.539606,
            0.555212,
            0.5585979999999999,
            0.5448729999999999,
            0.529928,
            0.574437,
            0.549922,
            0.592348,
            0.560478,
            0.54132,
            0.583973
        ],
        [
            1.5534690000000002,
            1.5667650000000002,
            1.150584,
            1.185764,
            0.38194799999999995,
            0.382528,
            0.35856299999999997,
            0.359616,
            0.0,
            0.320149,
            0.320368,
            0.33469099999999996,
            0.366625,
            0.300023,
            0.30545999999999995,
            0.309465,
            0.309968,
            0.299176,
            0.299025,
            0.298973,
            0.298138,
            0.29801500000000003,
            0.30223999999999995,
            0.304361,
            0.30318999999999996,
            0.30602799999999997,
            0.272356,
            0.272456,
            0.299666,
            0.34587999999999997,
            0.341183,
            0.35803399999999996,
            0.36805199999999993,
            0.368329,
            0.359811,
            0.38049900000000003,
            0.391914,
            0.383069,
            0.383649,
            0.381074,
            0.364804,
            0.35372899999999996,
            0.326796,
            0.498659,
            0.505609,
            0.497627,
            0.501028,
            0.495213,
            0.47252099999999997,
            0.5019100000000001,
            0.41409799999999997,
            0.469537,
            0.46459700000000004,
            0.671953,
            0.667719,
            0.6613450000000001,
            0.636231,
            0.614463,
            0.650255,
            0.627731,
            0.652749,
            0.655015,
            0.639258,
            0.654864,
            0.65825,
            0.644525,
            0.62958,
            0.6740889999999999,
            0.649574,
            0.692,
            0.66013,
            0.640972,
            0.6836249999999999
        ],
        [
            1.5246080000000002,
            1.5379040000000002,
            1.121723,
            1.156903,
            0.353087,
            0.35366699999999995,
            0.329702,
            0.330755,
            0.320149,
            0.0,
            0.013079,
            0.185178,
            0.217112,
            0.15051,
            0.276599,
            0.28060399999999996,
            0.281107,
            0.27031499999999997,
            0.27016399999999996,
            0.270112,
            0.269277,
            0.269154,
            0.273379,
            0.27549999999999997,
            0.274329,
            0.277167,
            0.243495,
            0.243595,
            0.27080499999999996,
            0.317019,
            0.312322,
            0.329173,
            0.33919099999999996,
            0.339468,
            0.33094999999999997,
            0.351638,
            0.363053,
            0.35420799999999997,
            0.354788,
            0.352213,
            0.335943,
            0.324868,
            0.297935,
            0.469798,
            0.47674799999999995,
            0.46876599999999996,
            0.47216699999999995,
            0.466352,
            0.44365999999999994,
            0.473049,
            0.38523699999999994,
            0.44067599999999996,
            0.435736,
            0.643092,
            0.6388579999999999,
            0.632484,
            0.60737,
            0.585602,
            0.621394,
            0.59887,
            0.623888,
            0.626154,
            0.610397,
            0.626003,
            0.629389,
            0.615664,
            0.600719,
            0.6452279999999999,
            0.620713,
            0.6631389999999999,
            0.631269,
            0.612111,
            0.6547639999999999
        ],
        [
            1.5248270000000002,
            1.5381230000000001,
            1.121942,
            1.157122,
            0.353306,
            0.353886,
            0.329921,
            0.330974,
            0.320368,
            0.013079,
            0.0,
            0.18539699999999998,
            0.217331,
            0.150729,
            0.276818,
            0.280823,
            0.28132599999999996,
            0.270534,
            0.270383,
            0.270331,
            0.26949599999999996,
            0.269373,
            0.273598,
            0.275719,
            0.274548,
            0.277386,
            0.243714,
            0.24381399999999998,
            0.271024,
            0.317238,
            0.31254099999999996,
            0.329392,
            0.33941,
            0.33968699999999996,
            0.33116899999999994,
            0.351857,
            0.36327200000000004,
            0.35442699999999994,
            0.35500699999999996,
            0.35243199999999997,
            0.33616199999999996,
            0.325087,
            0.29815400000000003,
            0.470017,
            0.4769669999999999,
            0.468985,
            0.472386,
            0.46657099999999996,
            0.44387899999999997,
            0.473268,
            0.38545599999999997,
            0.4408949999999999,
            0.435955,
            0.643311,
            0.639077,
            0.632703,
            0.6075889999999999,
            0.5858209999999999,
            0.621613,
            0.599089,
            0.624107,
            0.6263730000000001,
            0.610616,
            0.6262220000000001,
            0.629608,
            0.615883,
            0.600938,
            0.645447,
            0.620932,
            0.663358,
            0.631488,
            0.61233,
            0.654983
        ],
        [
            1.53915,
            1.552446,
            1.1362649999999999,
            1.1714449999999998,
            0.367629,
            0.368209,
            0.344244,
            0.34529699999999997,
            0.33469099999999996,
            0.185178,
            0.18539699999999998,
            0.0,
            0.202772,
            0.16505199999999998,
            0.291141,
            0.295146,
            0.295649,
            0.284857,
            0.284706,
            0.28465399999999996,
            0.283819,
            0.283696,
            0.287921,
            0.290042,
            0.288871,
            0.291709,
            0.25803699999999996,
            0.258137,
            0.285347,
            0.331561,
            0.326864,
            0.343715,
            0.35373299999999996,
            0.35401,
            0.34549199999999997,
            0.36618,
            0.377595,
            0.36874999999999997,
            0.36933,
            0.366755,
            0.350485,
            0.33941,
            0.312477,
            0.48434,
            0.49128999999999995,
            0.48330799999999996,
            0.48670899999999995,
            0.480894,
            0.458202,
            0.487591,
            0.399779,
            0.45521799999999996,
            0.45027799999999996,
            0.657634,
            0.6534,
            0.647026,
            0.621912,
            0.600144,
            0.6359360000000001,
            0.613412,
            0.63843,
            0.6406959999999999,
            0.6249389999999999,
            0.6405449999999999,
            0.643931,
            0.630206,
            0.6152610000000001,
            0.65977,
            0.6352549999999999,
            0.677681,
            0.6458109999999999,
            0.6266529999999999,
            0.669306
        ],
        [
            1.571084,
            1.58438,
            1.168199,
            1.203379,
            0.399563,
            0.40014299999999997,
            0.376178,
            0.377231,
            0.366625,
            0.217112,
            0.217331,
            0.202772,
            0.0,
            0.196986,
            0.323075,
            0.32708,
            0.32758299999999996,
            0.316791,
            0.31664,
            0.316588,
            0.31575299999999995,
            0.31562999999999997,
            0.319855,
            0.321976,
            0.320805,
            0.323643,
            0.289971,
            0.29007099999999997,
            0.317281,
            0.363495,
            0.35879799999999995,
            0.375649,
            0.385667,
            0.38594399999999995,
            0.37742599999999993,
            0.39811399999999997,
            0.40952900000000003,
            0.40068399999999993,
            0.40126399999999995,
            0.39868899999999996,
            0.38241899999999995,
            0.371344,
            0.344411,
            0.5162739999999999,
            0.5232239999999999,
            0.515242,
            0.518643,
            0.512828,
            0.4901359999999999,
            0.519525,
            0.4317129999999999,
            0.4871519999999999,
            0.482212,
            0.689568,
            0.6853339999999999,
            0.67896,
            0.6538459999999999,
            0.6320779999999999,
            0.66787,
            0.645346,
            0.670364,
            0.67263,
            0.6568729999999999,
            0.6724789999999999,
            0.6758649999999999,
            0.66214,
            0.647195,
            0.6917039999999999,
            0.6671889999999999,
            0.7096149999999999,
            0.6777449999999999,
            0.6585869999999999,
            0.7012399999999999
        ],
        [
            1.5044819999999999,
            1.5177779999999998,
            1.101597,
            1.136777,
            0.33296099999999995,
            0.333541,
            0.30957599999999996,
            0.310629,
            0.300023,
            0.15051,
            0.150729,
            0.16505199999999998,
            0.196986,
            0.0,
            0.25647299999999995,
            0.260478,
            0.260981,
            0.250189,
            0.250038,
            0.24998599999999999,
            0.24915099999999998,
            0.249028,
            0.25325299999999995,
            0.255374,
            0.25420299999999996,
            0.25704099999999996,
            0.22336899999999998,
            0.22346899999999997,
            0.250679,
            0.29689299999999996,
            0.292196,
            0.30904699999999996,
            0.31906499999999993,
            0.319342,
            0.310824,
            0.33151200000000003,
            0.342927,
            0.334082,
            0.334662,
            0.332087,
            0.315817,
            0.30474199999999996,
            0.277809,
            0.44967199999999996,
            0.456622,
            0.4486399999999999,
            0.4520409999999999,
            0.446226,
            0.42353399999999997,
            0.45292299999999996,
            0.36511099999999996,
            0.42055,
            0.41561,
            0.6229659999999999,
            0.618732,
            0.612358,
            0.5872439999999999,
            0.5654759999999999,
            0.6012679999999999,
            0.5787439999999999,
            0.6037619999999999,
            0.606028,
            0.590271,
            0.605877,
            0.6092629999999999,
            0.5955379999999999,
            0.5805929999999999,
            0.6251019999999999,
            0.600587,
            0.643013,
            0.611143,
            0.591985,
            0.6346379999999999
        ],
        [
            1.4766210000000002,
            1.4899170000000002,
            1.073736,
            1.108916,
            0.3051,
            0.30567999999999995,
            0.281715,
            0.282768,
            0.30545999999999995,
            0.276599,
            0.276818,
            0.291141,
            0.323075,
            0.25647299999999995,
            0.0,
            0.098685,
            0.099188,
            0.102522,
            0.10237099999999999,
            0.102319,
            0.10148399999999999,
            0.101361,
            0.105586,
            0.107707,
            0.10653599999999999,
            0.109374,
            0.105014,
            0.10511399999999999,
            0.222818,
            0.269032,
            0.264335,
            0.281186,
            0.29120399999999996,
            0.291481,
            0.28296299999999996,
            0.303651,
            0.315066,
            0.30622099999999997,
            0.306801,
            0.304226,
            0.287956,
            0.276881,
            0.249948,
            0.421811,
            0.42876099999999995,
            0.42077899999999996,
            0.42417999999999995,
            0.418365,
            0.39567299999999994,
            0.425062,
            0.33724999999999994,
            0.39268899999999995,
            0.387749,
            0.595105,
            0.5908709999999999,
            0.584497,
            0.559383,
            0.537615,
            0.573407,
            0.550883,
            0.575901,
            0.578167,
            0.56241,
            0.578016,
            0.581402,
            0.567677,
            0.552732,
            0.5972409999999999,
            0.572726,
            0.6151519999999999,
            0.583282,
            0.564124,
            0.6067769999999999
        ],
        [
            1.480626,
            1.493922,
            1.077741,
            1.112921,
            0.30910499999999996,
            0.309685,
            0.28572,
            0.286773,
            0.309465,
            0.28060399999999996,
            0.280823,
            0.295146,
            0.32708,
            0.260478,
            0.098685,
            0.0,
            0.025783,
            0.106527,
            0.106376,
            0.106324,
            0.105489,
            0.105366,
            0.109591,
            0.111712,
            0.110541,
            0.113379,
            0.109019,
            0.109119,
            0.226823,
            0.273037,
            0.26834,
            0.285191,
            0.29520899999999994,
            0.295486,
            0.286968,
            0.30765600000000004,
            0.319071,
            0.310226,
            0.310806,
            0.30823100000000003,
            0.291961,
            0.28088599999999997,
            0.253953,
            0.425816,
            0.432766,
            0.42478399999999994,
            0.4281849999999999,
            0.42237,
            0.399678,
            0.429067,
            0.341255,
            0.396694,
            0.391754,
            0.59911,
            0.594876,
            0.588502,
            0.563388,
            0.54162,
            0.577412,
            0.5548879999999999,
            0.579906,
            0.5821719999999999,
            0.5664149999999999,
            0.5820209999999999,
            0.585407,
            0.571682,
            0.556737,
            0.601246,
            0.5767309999999999,
            0.619157,
            0.5872869999999999,
            0.5681289999999999,
            0.6107819999999999
        ],
        [
            1.4811290000000001,
            1.4944250000000001,
            1.078244,
            1.113424,
            0.309608,
            0.310188,
            0.286223,
            0.287276,
            0.309968,
            0.281107,
            0.28132599999999996,
            0.295649,
            0.32758299999999996,
            0.260981,
            0.099188,
            0.025783,
            0.0,
            0.10703,
            0.106879,
            0.106827,
            0.105992,
            0.105869,
            0.110094,
            0.11221500000000001,
            0.111044,
            0.113882,
            0.10952200000000001,
            0.109622,
            0.227326,
            0.27354,
            0.268843,
            0.285694,
            0.295712,
            0.295989,
            0.287471,
            0.308159,
            0.319574,
            0.310729,
            0.311309,
            0.308734,
            0.292464,
            0.281389,
            0.254456,
            0.426319,
            0.43326899999999996,
            0.42528699999999997,
            0.42868799999999996,
            0.422873,
            0.400181,
            0.42957,
            0.341758,
            0.39719699999999997,
            0.39225699999999997,
            0.599613,
            0.595379,
            0.589005,
            0.5638909999999999,
            0.5421229999999999,
            0.577915,
            0.555391,
            0.580409,
            0.582675,
            0.566918,
            0.582524,
            0.5859099999999999,
            0.5721849999999999,
            0.55724,
            0.601749,
            0.577234,
            0.61966,
            0.58779,
            0.568632,
            0.611285
        ],
        [
            1.470337,
            1.483633,
            1.0674519999999998,
            1.1026319999999998,
            0.29881599999999997,
            0.299396,
            0.275431,
            0.276484,
            0.299176,
            0.27031499999999997,
            0.270534,
            0.284857,
            0.316791,
            0.250189,
            0.102522,
            0.106527,
            0.10703,
            0.0,
            0.012875,
            0.021310999999999997,
            0.050722,
            0.050599,
            0.054824,
            0.056944999999999996,
            0.055774000000000004,
            0.058612,
            0.09873,
            0.09883,
            0.216534,
            0.262748,
            0.25805100000000003,
            0.274902,
            0.28491999999999995,
            0.28519700000000003,
            0.276679,
            0.29736700000000005,
            0.308782,
            0.299937,
            0.30051700000000003,
            0.29794200000000004,
            0.28167200000000003,
            0.270597,
            0.24366400000000002,
            0.415527,
            0.422477,
            0.41449499999999995,
            0.41789599999999993,
            0.41208100000000003,
            0.389389,
            0.418778,
            0.330966,
            0.386405,
            0.381465,
            0.588821,
            0.584587,
            0.578213,
            0.553099,
            0.531331,
            0.567123,
            0.5445989999999999,
            0.569617,
            0.5718829999999999,
            0.5561259999999999,
            0.5717319999999999,
            0.575118,
            0.561393,
            0.546448,
            0.590957,
            0.5664419999999999,
            0.608868,
            0.5769979999999999,
            0.5578399999999999,
            0.6004929999999999
        ],
        [
            1.470186,
            1.483482,
            1.067301,
            1.102481,
            0.29866499999999996,
            0.299245,
            0.27527999999999997,
            0.276333,
            0.299025,
            0.27016399999999996,
            0.270383,
            0.284706,
            0.31664,
            0.250038,
            0.10237099999999999,
            0.106376,
            0.106879,
            0.012875,
            0.0,
            0.021159999999999998,
            0.050571000000000005,
            0.050448,
            0.054673,
            0.056794,
            0.055623000000000006,
            0.058461,
            0.098579,
            0.09867899999999999,
            0.216383,
            0.26259699999999997,
            0.2579,
            0.27475099999999997,
            0.28476899999999994,
            0.285046,
            0.276528,
            0.29721600000000004,
            0.308631,
            0.299786,
            0.300366,
            0.29779100000000003,
            0.281521,
            0.27044599999999996,
            0.243513,
            0.41537599999999997,
            0.422326,
            0.41434399999999993,
            0.4177449999999999,
            0.41193,
            0.389238,
            0.41862699999999997,
            0.33081499999999997,
            0.386254,
            0.381314,
            0.58867,
            0.584436,
            0.578062,
            0.552948,
            0.53118,
            0.566972,
            0.5444479999999999,
            0.569466,
            0.5717319999999999,
            0.5559749999999999,
            0.5715809999999999,
            0.574967,
            0.561242,
            0.546297,
            0.5908059999999999,
            0.5662909999999999,
            0.608717,
            0.5768469999999999,
            0.5576889999999999,
            0.6003419999999999
        ],
        [
            1.470134,
            1.48343,
            1.067249,
            1.1024289999999999,
            0.298613,
            0.299193,
            0.27522800000000003,
            0.276281,
            0.298973,
            0.270112,
            0.270331,
            0.28465399999999996,
            0.316588,
            0.24998599999999999,
            0.102319,
            0.106324,
            0.106827,
            0.021310999999999997,
            0.021159999999999998,
            0.0,
            0.050518999999999994,
            0.050395999999999996,
            0.054621,
            0.056742,
            0.055570999999999995,
            0.058408999999999996,
            0.098527,
            0.09862699999999999,
            0.216331,
            0.26254500000000003,
            0.25784799999999997,
            0.274699,
            0.284717,
            0.28499399999999997,
            0.27647599999999994,
            0.297164,
            0.30857900000000005,
            0.29973399999999994,
            0.30031399999999997,
            0.297739,
            0.28146899999999997,
            0.270394,
            0.243461,
            0.415324,
            0.4222739999999999,
            0.414292,
            0.417693,
            0.41187799999999997,
            0.389186,
            0.41857500000000003,
            0.330763,
            0.38620199999999993,
            0.381262,
            0.5886180000000001,
            0.584384,
            0.57801,
            0.552896,
            0.531128,
            0.5669200000000001,
            0.544396,
            0.5694140000000001,
            0.57168,
            0.555923,
            0.571529,
            0.5749150000000001,
            0.5611900000000001,
            0.5462450000000001,
            0.590754,
            0.5662389999999999,
            0.608665,
            0.576795,
            0.5576369999999999,
            0.60029
        ],
        [
            1.469299,
            1.4825949999999999,
            1.066414,
            1.101594,
            0.297778,
            0.298358,
            0.274393,
            0.27544599999999997,
            0.298138,
            0.269277,
            0.26949599999999996,
            0.283819,
            0.31575299999999995,
            0.24915099999999998,
            0.10148399999999999,
            0.105489,
            0.105992,
            0.050722,
            0.050571000000000005,
            0.050518999999999994,
            0.0,
            0.002661,
            0.028538,
            0.030659,
            0.029488,
            0.032326,
            0.097692,
            0.09779199999999999,
            0.215496,
            0.26171,
            0.257013,
            0.273864,
            0.28388199999999997,
            0.284159,
            0.27564099999999997,
            0.296329,
            0.307744,
            0.29889899999999997,
            0.299479,
            0.296904,
            0.280634,
            0.269559,
            0.242626,
            0.414489,
