{
    "NEXUS_FILE_URL": "http://purl.org/phylo/treebase/phylows/study/TB2:S14287",
    "NEWICK_TREE": "((51:0.5557997982804999,(1:0.17463064264180006,2:0.14318584971140003):0.2567090804759):0.3644320826644,(((75:0.0018541405279930423,74:0.0017573920236959584):0.2540105346160999,(((10:0.0017296912523621089,12:0.0018841373038829268):0.009418476412722976,11:0.002415592272370981,(13:0.0018209779810249849,15:0.0018768299670890443,14:0.0017772912877920266):0.011873791251969967):0.03154625106358999,((17:0.0019075636450820443,16:0.001869418682014068):0.07324380333632008,((((33:0.0018591585462999216,((28:0.0019275019195690302,25:0.0018073426990299346):0.007338029268660895,19:0.0017872471766280373,26:0.001844254963897951,21:0.0018362895635499754,27:0.0017979560690710716,31:0.0017843078626189612,32:0.0018647863873200166):0.004333120485594977,30:0.0019475697205839637,29:0.0018221395415829456,23:0.0018144332116090123,34:0.0018172946272219104,22:0.0017792101061129273,20:0.0018688389053769239,24:0.004476570968823923):0.00435202692065495,18:0.0030466732500040727):0.01750564030056001,((((7:0.0018373988399769114,3:0.0017806085970810681):0.009454997295814005,4:0.003089145420825945):0.004592741932422095,8:0.010603343637950013,6:0.002094786415226091):0.004677243794966035,5:0.003217826024833892):0.023185071217060038):0.014952656204070047,(9:0.03254624434035991,((50:0.0019308346415949362,48:0.0018056257491909644,42:0.0017773478144360588,47:0.001889773294430075):0.015690867326960012,44:0.0018710607808469781,35:0.0033213288342419656,(46:0.0018281894065239612,45:0.0018489113184900763):0.007081417551799918,(38:0.0018477822882809747,49:0.0017329428166410477,40:0.0018623611854260425):0.0069797143802179384,37:0.0017784773012599064,41:0.0018908769183820784,36:0.0018976909664460972,43:0.0018117914036179794,39:0.0019241237890550433):0.041310372373219995):0.03173950276894):0.024395588040770022):0.0753931935260399):0.18714521912009996):0.5703844084005999,((62:0.0018771665078261002,63:0.0019237179728279763):0.1432632004347001,((((72:0.0018564248699080022,67:0.001819514679544998,69:0.0018921548815500344,71:0.0018051466299620067,68:0.0018672815270979193,64:0.0018206965360541005,70:0.0044922696113480765):0.009026747884862019,65:0.007633348427535047):0.009815221310550903,73:0.006046864578314937,66:0.015486692792749945):0.147091476118,((56:0.001928059832976059,61:0.0018693897029440354,(54:0.0018807518926859945,59:0.004634328185114889):0.004414564603657967,57:0.007368853644510898):0.004334055997806008,58:0.001800826599914096,55:0.0019145077722910742,53:0.0018969333367300223,60:0.0018627234997989905,52:0.004104848022614016):0.1907028954601):0.2962190639279001):0.2765198446542999):0.7288641653288);",
    "DISTANCE_MATRIX": [
        [
            0.0,
            0.9871395213981999,
            0.9556947284677999,
            2.475345129818393,
            2.4752483813140955,
            2.4493200925230747,
            2.449474538574596,
            2.4405875171303606,
            2.4518666940909846,
            2.451922546077049,
            2.451823007397752,
            2.557170234301842,
            2.557132089338774,
            2.5450839373327945,
            2.5568234304603195,
            2.5567032712397806,
            2.549345146448718,
            2.5494021542359877,
            2.54939418883564,
            2.549355855341161,
            2.5493422071347087,
            2.54942268565941,
            2.5451723485070787,
            2.5450469183280777,
            2.5450392119981036,
            2.5450420734137165,
            2.5450039888926077,
            2.5450936176918715,
            2.547701349755319,
            2.541919425115844,
            2.565114564645519,
            2.5650577744026233,
            2.556911313930554,
            2.559832770215256,
            2.551324212992532,
            2.5477700088071735,
            2.5707002024705097,
            2.5970860324719247,
            2.5969608235795207,
            2.5969325456447656,
            2.5970449711247596,
            2.5813353912842167,
            2.5827856593376115,
            2.588373937461694,
            2.5883946593736598,
            2.5882918271718687,
            2.588176987700229,
            2.5883064060690137,
            2.58124280780463,
            2.581355207421752,
            2.5813620214698156,
            2.5812761219069875,
            2.5813884542924246,
            2.070756257870526,
            2.070802809335528,
            2.389624825039221,
            2.3895879148488577,
            2.389660555050863,
            2.3895735467992747,
            2.3896356816964106,
            2.3895890967053672,
            2.392260669780661,
            2.386375000711986,
            2.374973295552215,
            2.3844131237666497,
            2.418799966146782,
            2.41874129601675,
            2.42316722281015,
            2.425920799102579,
            2.424240759958317,
            2.4143386769159143,
            2.4144523580882913,
            2.4144347836527302,
            2.414400573815799,
            2.416642698338614
        ],
        [
            0.9871395213981999,
            0.0,
            0.3178164923532001,
            2.350885054655593,
            2.350788306151296,
            2.324860017360275,
            2.325014463411796,
            2.316127441967561,
            2.327406618928185,
            2.327462470914249,
            2.3273629322349523,
            2.432710159139042,
            2.4326720141759743,
            2.420623862169995,
            2.43236335529752,
            2.432243196076981,
            2.4248850712859182,
            2.4249420790731877,
            2.42493411367284,
            2.4248957801783613,
            2.424882131971909,
            2.42496261049661,
            2.4207122733442787,
            2.420586843165278,
            2.420579136835304,
            2.420581998250917,
            2.4205439137298077,
            2.420633542529072,
            2.423241274592519,
            2.4174593499530443,
            2.440654489482719,
            2.4405976992398233,
            2.4324512387677544,
            2.435372695052456,
            2.426864137829732,
            2.423309933644374,
            2.4462401273077097,
            2.472625957309125,
            2.4725007484167207,
            2.472472470481966,
            2.47258489596196,
            2.456875316121417,
            2.458325584174812,
            2.463913862298894,
            2.46393458421086,
            2.463831752009069,
            2.463716912537429,
            2.4638463309062137,
            2.45678273264183,
            2.456895132258952,
            2.456901946307016,
            2.456816046744188,
            2.456928379129625,
            1.9462961827077263,
            1.9463427341727282,
            2.265164749876421,
            2.265127839686058,
            2.265200479888063,
            2.265113471636475,
            2.265175606533611,
            2.2651290215425672,
            2.267800594617861,
            2.261914925549186,
            2.250513220389415,
            2.25995304860385,
            2.2943398909839825,
            2.29428122085395,
            2.29870714764735,
            2.301460723939779,
            2.2997806847955173,
            2.2898786017531143,
            2.2899922829254913,
            2.2899747084899302,
            2.2899404986529994,
            2.2921826231758144
        ],
        [
            0.9556947284677999,
            0.3178164923532001,
            0.0,
            2.319440261725193,
            2.319343513220896,
            2.293415224429875,
            2.293569670481396,
            2.284682649037161,
            2.295961825997785,
            2.296017677983849,
            2.2959181393045522,
            2.401265366208642,
            2.4012272212455743,
            2.389179069239595,
            2.40091856236712,
            2.400798403146581,
            2.393440278355518,
            2.3934972861427877,
            2.39348932074244,
            2.3934509872479612,
            2.393437339041509,
            2.39351781756621,
            2.3892674804138787,
            2.389142050234878,
            2.389134343904904,
            2.389137205320517,
            2.3890991207994077,
            2.389188749598672,
            2.391796481662119,
            2.3860145570226443,
            2.409209696552319,
            2.4091529063094232,
            2.4010064458373543,
            2.403927902122056,
            2.395419344899332,
            2.391865140713974,
            2.4147953343773096,
            2.441181164378725,
            2.4410559554863207,
            2.441027677551566,
            2.44114010303156,
            2.425430523191017,
            2.426880791244412,
            2.432469069368494,
            2.43248979128046,
            2.432386959078669,
            2.432272119607029,
            2.4324015379758137,
            2.42533793971143,
            2.425450339328552,
            2.425457153376616,
            2.425371253813788,
            2.425483586199225,
            1.9148513897773263,
            1.9148979412423281,
            2.233719956946021,
            2.233683046755658,
            2.233755686957663,
            2.233668678706075,
            2.233730813603211,
            2.233684228612167,
            2.236355801687461,
            2.230470132618786,
            2.219068427459015,
            2.22850825567345,
            2.2628950980535825,
            2.26283642792355,
            2.26726235471695,
            2.270015931009379,
            2.2683358918651173,
            2.2584338088227143,
            2.2585474899950913,
            2.25852991555953,
            2.2584957057225994,
            2.2607378302454144
        ],
        [
            2.475345129818393,
            2.350885054655593,
            2.319440261725193,
            0.0,
            0.0036115325516890007,
            0.485704312992868,
            0.4858587590443888,
            0.4769717376001539,
            0.48825091456077785,
            0.4883067665468419,
            0.4882072278675449,
            0.5935544547716349,
            0.593516309808567,
            0.5814681578025878,
            0.5932076509301127,
            0.5930874917095736,
            0.5857293669185109,
            0.5857863747057808,
            0.5857784093054328,
            0.5857400758109539,
            0.5857264276045018,
            0.5858069061292028,
            0.5815565689768718,
            0.5814311387978708,
            0.5814234324678969,
            0.5814262938835097,
            0.5813882093624008,
            0.5814778381616648,
            0.5840855702251118,
            0.578303645585637,
            0.601498785115312,
            0.6014419948724161,
            0.593295534400347,
            0.596216990685049,
            0.587708433462325,
            0.5841542292769668,
            0.6070844229403027,
            0.6334702529417178,
            0.6333450440493138,
            0.6333167661145589,
            0.6334291915945529,
            0.6177196117540098,
            0.6191698798074048,
            0.6247581579314867,
            0.6247788798434528,
            0.6246760476416617,
            0.6245612081700218,
            0.6246906265388068,
            0.6176270282744227,
            0.6177394278915449,
            0.6177462419396089,
            0.6176603423767808,
            0.6177726747622179,
            1.247909295141519,
            1.2479558466065208,
            1.5667778623102138,
            1.5667409521198508,
            1.5668135923218558,
            1.5667265840702678,
            1.5667887189674037,
            1.5667421339763599,
            1.5694137070516538,
            1.5635280379829788,
            1.5521263328232078,
            1.5615661610376428,
            1.595953003417775,
            1.5958943332877429,
            1.6003202600811428,
            1.6030738363735717,
            1.6013937972293097,
            1.591491714186907,
            1.591605395359284,
            1.5915878209237229,
            1.5915536110867918,
            1.5937957356096069
        ],
        [
            2.4752483813140955,
            2.350788306151296,
            2.319343513220896,
            0.0036115325516890007,
            0.0,
            0.4856075644885709,
            0.4857620105400917,
            0.4768749890958568,
            0.48815416605648076,
            0.4882100180425448,
            0.4881104793632478,
            0.5934577062673378,
            0.5934195613042699,
            0.5813714092982907,
            0.5931109024258157,
            0.5929907432052766,
            0.5856326184142138,
            0.5856896262014837,
            0.5856816608011357,
            0.5856433273066568,
            0.5856296791002047,
            0.5857101576249057,
            0.5814598204725747,
            0.5813343902935737,
            0.5813266839635998,
            0.5813295453792127,
            0.5812914608581037,
            0.5813810896573677,
            0.5839888217208147,
            0.5782068970813399,
            0.6014020366110149,
            0.601345246368119,
            0.5931987858960499,
            0.5961202421807519,
            0.587611684958028,
            0.5840574807726697,
            0.6069876744360057,
            0.6333735044374207,
            0.6332482955450167,
            0.6332200176102618,
            0.6333324430902558,
            0.6176228632497127,
            0.6190731313031077,
            0.6246614094271896,
            0.6246821313391557,
            0.6245792991373647,
            0.6244644596657247,
            0.6245938780345097,
            0.6175302797701256,
            0.6176426793872478,
            0.6176494934353118,
            0.6175635938724837,
            0.6176759262579208,
            1.2478125466372219,
            1.2478590981022237,
            1.5666811138059167,
            1.5666442036155537,
            1.5667168438175587,
            1.5666298355659707,
            1.5666919704631066,
            1.5666453854720628,
            1.5693169585473568,
            1.5634312894786817,
            1.5520295843189107,
            1.5614694125333457,
            1.5958562549134778,
            1.5957975847834458,
            1.6002235115768457,
            1.6029770878692746,
            1.6012970487250127,
            1.5913949656826099,
            1.5915086468549868,
            1.5914910724194258,
            1.5914568625824947,
            1.5936989871053098
        ],
        [
            2.4493200925230747,
            2.324860017360275,
            2.293415224429875,
            0.485704312992868,
            0.4856075644885709,
            0.0,
            0.0036138285562450356,
            0.013563759937456066,
            0.024842936898080037,
            0.024898788884144096,
            0.02479925020484708,
            0.1932389792361171,
            0.19320083427304913,
            0.18115268226706993,
            0.1928921753945949,
            0.19277201617405582,
            0.18541389138299302,
            0.18547089917026294,
            0.18546293376991496,
            0.18542460027543606,
            0.18541095206898395,
            0.185491430593685,
            0.18124109344135397,
            0.18111566326235295,
            0.18110795693237902,
            0.18111081834799192,
            0.18107273382688294,
            0.18116236262614693,
            0.18377009468959393,
            0.17798817005011913,
            0.20118330957979413,
            0.2011265193368983,
            0.19298005886482916,
            0.19590151514953114,
            0.1873929579268072,
            0.18383875374144898,
            0.2067689474047849,
            0.23315477740619994,
            0.23302956851379597,
            0.23300129057904106,
            0.23311371605903508,
            0.21740413621849197,
            0.21885440427188696,
            0.22444268239596887,
            0.224463404307935,
            0.2243605721061439,
            0.22424573263450398,
            0.22437515100328898,
            0.2173115527389049,
            0.21742395235602707,
            0.2174307664040911,
            0.21734486684126297,
            0.21745719922670004,
            1.221884257846201,
            1.221930809311203,
            1.5407528250148959,
            1.5407159148245329,
            1.5407885550265379,
            1.5407015467749499,
            1.5407636816720858,
            1.540717096681042,
            1.543388669756336,
            1.5375030006876609,
            1.5261012955278899,
            1.5355411237423249,
            1.569927966122457,
            1.569869295992425,
            1.574295222785825,
            1.5770487990782538,
            1.5753687599339918,
            1.565466676891589,
            1.565580358063966,
            1.565562783628405,
            1.565528573791474,
            1.567770698314289
        ],
        [
            2.449474538574596,
            2.325014463411796,
            2.293569670481396,
            0.4858587590443888,
            0.4857620105400917,
            0.0036138285562450356,
            0.0,
            0.013718205988976884,
            0.024997382949600855,
            0.025053234935664914,
            0.024953696256367897,
            0.19339342528763792,
            0.19335528032456994,
            0.18130712831859075,
            0.19304662144611573,
            0.19292646222557663,
            0.18556833743451384,
            0.18562534522178376,
            0.18561737982143578,
            0.18557904632695688,
            0.18556539812050477,
            0.18564587664520582,
            0.1813955394928748,
            0.18127010931387377,
            0.18126240298389984,
            0.18126526439951274,
            0.18122717987840375,
            0.18131680867766775,
            0.18392454074111475,
            0.17814261610163995,
            0.20133775563131495,
            0.2012809653884191,
            0.19313450491634998,
            0.19605596120105195,
            0.18754740397832803,
            0.1839931997929698,
            0.20692339345630573,
            0.23330922345772076,
            0.2331840145653168,
            0.23315573663056188,
            0.2332681621105559,
            0.2175585822700128,
            0.21900885032340778,
            0.2245971284474897,
            0.2246178503594558,
            0.22451501815766473,
            0.2244001786860248,
            0.2245295970548098,
            0.21746599879042572,
            0.2175783984075479,
            0.2175852124556119,
            0.2174993128927838,
            0.21761164527822086,
            1.2220387038977218,
            1.2220852553627237,
            1.5409072710664167,
            1.5408703608760537,
            1.5409430010780587,
            1.5408559928264707,
            1.5409181277236066,
            1.5408715427325628,
            1.5435431158078567,
            1.5376574467391817,
            1.5262557415794107,
            1.5356955697938457,
            1.5700824121739778,
            1.5700237420439458,
            1.5744496688373457,
            1.5772032451297746,
            1.5755232059855127,
            1.5656211229431098,
            1.5657348041154868,
            1.5657172296799258,
            1.5656830198429947,
            1.5679251443658098
        ],
        [
            2.4405875171303606,
            2.316127441967561,
            2.284682649037161,
            0.4769717376001539,
            0.4768749890958568,
            0.013563759937456066,
            0.013718205988976884,
            0.0,
            0.016110361505365933,
            0.016166213491429993,
            0.016066674812132975,
            0.184506403843403,
            0.18446825888033502,
            0.17242010687435583,
            0.1841596000018808,
            0.1840394407813417,
            0.17668131599027892,
            0.17673832377754883,
            0.17673035837720086,
            0.17669202488272195,
            0.17667837667626984,
            0.1767588552009709,
            0.17250851804863987,
            0.17238308786963885,
            0.17237538153966492,
            0.17237824295527782,
            0.17234015843416883,
            0.17242978723343283,
            0.17503751929687983,
            0.16925559465740503,
            0.19245073418708003,
            0.1923939439441842,
            0.18424748347211506,
            0.18716893975681703,
            0.1786603825340931,
            0.17510617834873488,
            0.1980363720120708,
            0.22442220201348584,
            0.22429699312108187,
            0.22426871518632696,
            0.22438114066632098,
            0.20867156082577787,
            0.21012182887917286,
            0.21571010700325477,
            0.21573082891522088,
            0.2156279967134298,
            0.21551315724178988,
            0.21564257561057487,
            0.2085789773461908,
            0.20869137696331297,
            0.208698191011377,
            0.20861229144854887,
            0.20872462383398593,
            1.213151682453487,
            1.2131982339184888,
            1.5320202496221818,
            1.5319833394318187,
            1.5320559796338238,
            1.5319689713822358,
            1.5320311062793717,
            1.5319845212883278,
            1.5346560943636218,
            1.5287704252949468,
            1.5173687201351758,
            1.5268085483496108,
            1.561195390729743,
            1.5611367205997109,
            1.5655626473931108,
            1.5683162236855397,
            1.5666361845412777,
            1.556734101498875,
            1.556847782671252,
            1.5568302082356908,
            1.5567959983987598,
            1.5590381229215748
        ],
        [
            2.4518666940909846,
            2.327406618928185,
            2.295961825997785,
            0.48825091456077785,
            0.48815416605648076,
            0.024842936898080037,
            0.024997382949600855,
            0.016110361505365933,
            0.0,
            0.003697807948114029,
            0.0035982692688170115,
            0.19578558080402697,
            0.195747435840959,
            0.1836992838349798,
            0.19543877696250478,
            0.19531861774196568,
            0.1879604929509029,
            0.1880175007381728,
            0.18800953533782483,
            0.18797120184334593,
            0.18795755363689381,
            0.18803803216159487,
            0.18378769500926384,
            0.18366226483026282,
            0.1836545585002889,
            0.1836574199159018,
            0.1836193353947928,
            0.1837089641940568,
            0.1863166962575038,
            0.180534771618029,
            0.203729911147704,
            0.20367312090480816,
            0.19552666043273903,
            0.198448116717441,
            0.18993955949471708,
            0.18638535530935885,
            0.20931554897269478,
            0.2357013789741098,
            0.23557617008170584,
            0.23554789214695093,
            0.23566031762694495,
            0.21995073778640184,
            0.22140100583979683,
            0.22698928396387874,
            0.22701000587584486,
            0.22690717367405377,
            0.22679233420241385,
            0.22692175257119884,
            0.21985815430681477,
            0.21997055392393694,
            0.21997736797200096,
            0.21989146840917284,
            0.2200038007946099,
            1.224430859414111,
            1.2244774108791128,
            1.5432994265828057,
            1.5432625163924427,
            1.5433351565944478,
            1.5432481483428597,
            1.5433102832399956,
            1.5432636982489518,
            1.5459352713242458,
            1.5400496022555707,
            1.5286478970957997,
            1.5380877253102347,
            1.5724745676903669,
            1.5724158975603348,
            1.5768418243537348,
            1.5795954006461637,
            1.5779153615019017,
            1.568013278459499,
            1.5681269596318759,
            1.5681093851963148,
            1.5680751753593838,
            1.5703172998821988
        ],
        [
            2.451922546077049,
            2.327462470914249,
            2.296017677983849,
            0.4883067665468419,
            0.4882100180425448,
            0.024898788884144096,
            0.025053234935664914,
            0.016166213491429993,
            0.003697807948114029,
            0.0,
            0.003654121254881071,
            0.19584143279009103,
            0.19580328782702305,
            0.18375513582104386,
            0.19549462894856884,
            0.19537446972802974,
            0.18801634493696695,
            0.18807335272423686,
            0.1880653873238889,
            0.18802705382940998,
            0.18801340562295787,
            0.18809388414765893,
            0.1838435469953279,
            0.18371811681632688,
            0.18371041048635295,
            0.18371327190196585,
            0.18367518738085686,
            0.18376481618012086,
            0.18637254824356786,
            0.18059062360409306,
            0.20378576313376806,
            0.20372897289087222,
            0.1955825124188031,
            0.19850396870350506,
            0.18999541148078114,
            0.1864412072954229,
            0.20937140095875884,
            0.23575723096017387,
            0.2356320220677699,
            0.235603744133015,
            0.235716169613009,
            0.2200065897724659,
            0.2214568578258609,
            0.2270451359499428,
            0.22706585786190892,
            0.22696302566011783,
            0.2268481861884779,
            0.2269776045572629,
            0.21991400629287883,
            0.220026405910001,
            0.22003321995806502,
            0.2199473203952369,
            0.22005965278067396,
            1.224486711400175,
            1.2245332628651768,
            1.5433552785688698,
            1.5433183683785068,
            1.5433910085805118,
            1.5433040003289238,
            1.5433661352260597,
            1.5433195502350159,
            1.5459911233103099,
            1.5401054542416348,
            1.5287037490818638,
            1.5381435772962988,
            1.572530419676431,
            1.572471749546399,
            1.5768976763397988,
            1.5796512526322277,
            1.5779712134879658,
            1.568069130445563,
            1.56818281161794,
            1.5681652371823789,
            1.5681310273454478,
            1.5703731518682629
        ],
        [
            2.451823007397752,
            2.3273629322349523,
            2.2959181393045522,
            0.4882072278675449,
            0.4881104793632478,
            0.02479925020484708,
            0.024953696256367897,
            0.016066674812132975,
            0.0035982692688170115,
            0.003654121254881071,
            0.0,
            0.195741894110794,
            0.19570374914772604,
            0.18365559714174684,
            0.19539509026927182,
            0.19527493104873273,
            0.18791680625766993,
            0.18797381404493985,
            0.18796584864459187,
            0.18792751515011297,
            0.18791386694366086,
            0.1879943454683619,
            0.18374400831603088,
            0.18361857813702986,
            0.18361087180705593,
            0.18361373322266883,
            0.18357564870155985,
            0.18366527750082384,
            0.18627300956427084,
            0.18049108492479604,
            0.20368622445447104,
            0.2036294342115752,
            0.19548297373950607,
            0.19840443002420804,
            0.18989587280148412,
            0.1863416686161259,
            0.20927186227946182,
            0.23565769228087685,
            0.23553248338847288,
            0.23550420545371797,
            0.235616630933712,
            0.21990705109316888,
            0.22135731914656387,
            0.22694559727064578,
            0.2269663191826119,
            0.22686348698082082,
            0.2267486475091809,
            0.22687806587796588,
            0.2198144676135818,
            0.21992686723070398,
            0.219933681278768,
            0.21984778171593988,
            0.21996011410137695,
            1.224387172720878,
            1.2244337241858798,
            1.5432557398895728,
            1.5432188296992098,
            1.5432914699012148,
            1.5432044616496268,
            1.5432665965467627,
            1.5432200115557189,
            1.5458915846310128,
            1.5400059155623378,
            1.5286042104025668,
            1.5380440386170018,
            1.572430880997134,
            1.5723722108671019,
            1.5767981376605018,
            1.5795517139529307,
            1.5778716748086687,
            1.567969591766266,
            1.568083272938643,
            1.5680656985030819,
            1.5680314886661508,
            1.5702736131889659
        ],
        [
            2.557170234301842,
            2.432710159139042,
            2.401265366208642,
            0.5935544547716349,
            0.5934577062673378,
            0.1932389792361171,
            0.19339342528763792,
            0.184506403843403,
            0.19578558080402697,
            0.19584143279009103,
            0.195741894110794,
            0.0,
            0.0037769823270961123,
            0.13821643699375707,
            0.14995593012128206,
            0.14983577090074296,
            0.14247764610968017,
            0.14253465389695008,
            0.1425266884966021,
            0.1424883550021232,
            0.1424747067956711,
            0.14255518532037215,
            0.13830484816804112,
            0.1381794179890401,
            0.13817171165906617,
            0.13817457307467906,
            0.13813648855357008,
            0.13822611735283408,
            0.14083384941628108,
            0.13505192477680628,
            0.15824706430648128,
            0.15819027406358543,
            0.1500438135915163,
            0.15296526987621828,
            0.14445671265349436,
            0.14090250846813612,
            0.16383270213147205,
            0.19021853213288709,
            0.19009332324048311,
            0.1900650453057282,
            0.19017747078572222,
            0.17446789094517912,
            0.1759181589985741,
            0.18150643712265602,
            0.18152715903462213,
            0.18142432683283105,
            0.18130948736119112,
            0.18143890572997612,
            0.17437530746559204,
            0.17448770708271422,
            0.17449452113077824,
            0.17440862156795012,
            0.17452095395338718,
            1.329734399624968,
            1.3297809510899699,
            1.6486029667936628,
            1.6485660566032998,
            1.6486386968053048,
            1.6485516885537168,
            1.6486138234508527,
            1.648567238459809,
            1.6512388115351029,
            1.6453531424664278,
            1.6339514373066568,
            1.6433912655210918,
            1.677778107901224,
            1.677719437771192,
            1.6821453645645918,
            1.6848989408570207,
            1.6832189017127588,
            1.673316818670356,
            1.673430499842733,
            1.673412925407172,
            1.6733787155702409,
            1.675620840093056
        ],
        [
            2.557132089338774,
            2.4326720141759743,
            2.4012272212455743,
            0.593516309808567,
            0.5934195613042699,
            0.19320083427304913,
            0.19335528032456994,
            0.18446825888033502,
            0.195747435840959,
            0.19580328782702305,
            0.19570374914772604,
            0.0037769823270961123,
            0.0,
            0.1381782920306891,
            0.14991778515821408,
            0.14979762593767498,
            0.1424395011466122,
            0.1424965089338821,
            0.14248854353353413,
            0.14245021003905523,
            0.14243656183260311,
            0.14251704035730417,
            0.13826670320497314,
            0.13814127302597212,
            0.1381335666959982,
            0.1381364281116111,
            0.1380983435905021,
            0.1381879723897661,
            0.1407957044532131,
            0.1350137798137383,
            0.1582089193434133,
            0.15815212910051746,
            0.15000566862844833,
            0.1529271249131503,
            0.14441856769042638,
            0.14086436350506815,
            0.16379455716840408,
            0.1901803871698191,
            0.19005517827741514,
            0.19002690034266023,
            0.19013932582265425,
            0.17442974598211114,
            0.17588001403550613,
            0.18146829215958804,
            0.18148901407155416,
            0.18138618186976307,
            0.18127134239812315,
            0.18140076076690814,
            0.17433716250252407,
            0.17444956211964624,
            0.17445637616771026,
            0.17437047660488214,
            0.1744828089903192,
            1.3296962546619,
            1.3297428061269019,
            1.6485648218305948,
            1.6485279116402318,
            1.6486005518422369,
            1.6485135435906488,
            1.6485756784877847,
            1.648529093496741,
            1.651200666572035,
            1.6453149975033599,
            1.6339132923435888,
            1.6433531205580238,
            1.677739962938156,
            1.677681292808124,
            1.6821072196015239,
            1.6848607958939528,
            1.6831807567496908,
            1.673278673707288,
            1.673392354879665,
            1.673374780444104,
            1.673340570607173,
            1.675582695129988
        ],
        [
            2.5450839373327945,
            2.420623862169995,
            2.389179069239595,
            0.5814681578025878,
            0.5813714092982907,
            0.18115268226706993,
            0.18130712831859075,
            0.17242010687435583,
            0.1836992838349798,
            0.18375513582104386,
            0.18365559714174684,
            0.13821643699375707,
            0.1381782920306891,
            0.0,
            0.015457810220124824,
            0.015337650999585728,
            0.007979526208522936,
            0.00803653399579285,
            0.008028568595444874,
            0.00799023510096597,
            0.00797658689451386,
            0.008057065419214915,
            0.0038067282668838853,
            0.003681298087882867,
            0.003673591757908934,
            0.003676453173521832,
            0.003638368652412849,
            0.0037279974516768455,
            0.006335729515123845,
            0.009257858716958944,
            0.06746427884775397,
            0.06740748860485812,
            0.059261028132788995,
            0.06218248441749097,
            0.053673927194767046,
            0.05011972300940881,
            0.10295522908088484,
            0.12934105908229987,
            0.1292158501898959,
            0.129187572255141,
            0.129299997735135,
            0.1135904178945919,
            0.11504068594798689,
            0.1206289640720688,
            0.12064968598403492,
            0.12054685378224383,
            0.12043201431060391,
            0.1205614326793889,
            0.11349783441500483,
            0.113610234032127,
            0.11361704808019102,
            0.1135311485173629,
            0.11364348090279996,
            1.3176481026559208,
            1.3176946541209227,
            1.6365166698246156,
            1.6364797596342526,
            1.6365523998362577,
            1.6364653915846696,
            1.6365275264818056,
            1.6364809414907617,
            1.6391525145660557,
            1.6332668454973807,
            1.6218651403376096,
            1.6313049685520447,
            1.6656918109321768,
            1.6656331408021448,
            1.6700590675955447,
            1.6728126438879736,
            1.6711326047437116,
            1.6612305217013088,
            1.6613442028736858,
            1.6613266284381247,
            1.6612924186011937,
            1.6635345431240087
        ],
        [
            2.5568234304603195,
            2.43236335529752,
            2.40091856236712,
            0.5932076509301127,
            0.5931109024258157,
            0.1928921753945949,
            0.19304662144611573,
            0.1841596000018808,
            0.19543877696250478,
            0.19549462894856884,
            0.19539509026927182,
            0.14995593012128206,
            0.14991778515821408,
            0.015457810220124824,
            0.0,
            0.0037348446185989648,
            0.011052778364857963,
            0.011109786152127876,
            0.0111018207517799,
            0.011063487257300997,
            0.011049839050848886,
            0.011130317575549942,
            0.015546221394408866,
            0.015420791215407847,
            0.015413084885433914,
            0.015415946301046812,
            0.01537786177993783,
            0.015467490579201826,
            0.018075222642648825,
            0.020997351844483925,
            0.07920377197527895,
            0.0791469817323831,
            0.07100052126031398,
            0.07392197754501595,
            0.06541342032229203,
            0.06185921613693379,
            0.11469472220840982,
            0.14108055220982485,
            0.14095534331742088,
            0.14092706538266597,
            0.14103949086266,
            0.12532991102211688,
            0.12678017907551187,
            0.13236845719959378,
            0.1323891791115599,
            0.13228634690976881,
            0.1321715074381289,
            0.13230092580691388,
            0.1252373275425298,
            0.12534972715965198,
            0.125356541207716,
            0.12527064164488788,
            0.12538297403032495,
            1.3293875957834458,
            1.3294341472484477,
            1.6482561629521406,
            1.6482192527617776,
            1.6482918929637826,
            1.6482048847121946,
            1.6482670196093305,
            1.6482204346182867,
            1.6508920076935807,
            1.6450063386249056,
            1.6336046334651346,
            1.6430444616795696,
            1.6774313040597018,
            1.6773726339296697,
            1.6817985607230697,
            1.6845521370154986,
            1.6828720978712366,
            1.6729700148288338,
            1.6730836960012108,
            1.6730661215656497,
            1.6730319117287187,
            1.6752740362515337
        ],
        [
            2.5567032712397806,
            2.432243196076981,
            2.400798403146581,
            0.5930874917095736,
            0.5929907432052766,
            0.19277201617405582,
            0.19292646222557663,
            0.1840394407813417,
            0.19531861774196568,
            0.19537446972802974,
            0.19527493104873273,
            0.14983577090074296,
            0.14979762593767498,
            0.015337650999585728,
            0.0037348446185989648,
            0.0,
            0.010932619144318867,
            0.01098962693158878,
            0.010981661531240805,
            0.010943328036761901,
            0.01092967983030979,
            0.011010158355010846,
            0.01542606217386977,
            0.015300631994868752,
            0.015292925664894819,
            0.015295787080507717,
            0.015257702559398734,
            0.01534733135866273,
            0.01795506342210973,
            0.02087719262394483,
            0.07908361275473985,
