{
    "NEXUS_FILE_URL": "http://purl.org/phylo/treebase/phylows/study/TB2:S11080",
    "NEWICK_TREE": "(1:0.001997,2:0.005849,(((3:0.003534,((4:0.02982,5:0.032544):0.003562,6:0.009784):0.002424):0.001412,7:0.005781):0.00231,(8:0.004497,9:0.004021,10:0.005532,(11:0.004426,(12:0.004226,13:0.008366):0.003976,(14:0.007519,15:0.00493):0.001541,16:0.006259,((17:0.00269,18:0.003659):8.87E-4,(19:0.001291,20:0.003634):8.8E-4):0.002684,(21:0.00221,22:0.002668):0.007221,((23:0.011875,((((24:0.001763,25:0.002293):0.001031,26:0.004347):0.001335,27:0.003714):0.001167,28:0.003907,(29:0.00179,30:4.56E-4):0.003086):0.00134):9.13E-4,31:0.003345):0.001778,32:0.005146,(((((33:0.001657,34:0.002089):0.002435,35:0.003093):0.001595,(36:0.004452,37:0.003123):8.6E-4):0.001505,38:0.003041):0.001479,(((((39:0.006468,((((40:0.006069,41:0.004232):0.00685,42:0.006451):0.001977,43:0.021935):0.003373,44:0.005695):0.002416):0.001588,(45:0.003951,46:0.007489):0.006548):0.001745,47:0.002816):0.001118,(48:4.99E-4,49:0.002453):0.003318):0.001479,(50:0.004104,(51:0.00543,52:0.001513):0.004863):0.001826):0.002374):0.002555,(53:4.34E-4,54:8.7E-4,55:8.87E-4):0.006729):0.00391):9.81E-4):0.004774);",
    "DISTANCE_MATRIX": [
        [
            0.0,
            0.007846,
            0.014027,
            0.046299,
            0.049023000000000004,
            0.022701,
            0.014861999999999998,
            0.012249000000000001,
            0.011773,
            0.013283999999999999,
            0.016087999999999998,
            0.019864,
            0.024004,
            0.020722,
            0.018133,
            0.017921,
            0.017923,
            0.018892,
            0.016517,
            0.01886,
            0.021093,
            0.021551,
            0.026227999999999998,
            0.020989,
            0.021519,
            0.022542000000000003,
            0.020574,
            0.0196,
            0.020569,
            0.019235,
            0.016784999999999998,
            0.016808,
            0.022888,
            0.02332,
            0.021889,
            0.022513,
            0.021183999999999998,
            0.018737,
            0.028989,
            0.043206,
            0.04136900000000001,
            0.036738,
            0.050245000000000005,
            0.030632,
            0.031431999999999995,
            0.03497,
            0.022004,
            0.021887,
            0.023840999999999998,
            0.022521,
            0.02871,
            0.024793,
            0.018824999999999998,
            0.019261,
            0.019278
        ],
        [
            0.007846,
            0.0,
            0.017879,
            0.050151,
            0.052875000000000005,
            0.026553,
            0.018713999999999998,
            0.016101,
            0.015625,
            0.017136,
            0.01994,
            0.023716,
            0.027856000000000002,
            0.024574000000000002,
            0.021985,
            0.021773,
            0.021775000000000003,
            0.022744,
            0.020369,
            0.022712,
            0.024945000000000002,
            0.025403000000000002,
            0.03008,
            0.024841000000000002,
            0.025371,
            0.026394000000000004,
            0.024426,
            0.023452,
            0.024421,
            0.023087,
            0.020637,
            0.02066,
            0.02674,
            0.027172,
            0.025741,
            0.026365,
            0.025036,
            0.022589,
            0.032841,
            0.047058,
            0.04522100000000001,
            0.04059,
            0.054097000000000006,
            0.034484,
            0.035283999999999996,
            0.038822,
            0.025856,
            0.025739,
            0.027693,
            0.026373,
            0.032562,
            0.028645,
            0.022677,
            0.023113,
            0.02313
        ],
        [
            0.014027,
            0.017879,
            0.0,
            0.03934000000000001,
            0.042064000000000004,
            0.015742,
            0.010727,
            0.012734,
            0.012258000000000002,
            0.013769,
            0.016572999999999997,
            0.020349,
            0.024489000000000004,
            0.021207000000000004,
            0.018618000000000003,
            0.018406,
            0.018408,
            0.019377,
            0.017002000000000003,
            0.019345,
            0.021578,
            0.022036,
            0.026713,
            0.021474,
            0.022004000000000003,
            0.023027000000000006,
            0.021059,
            0.020085,
            0.021054000000000003,
            0.01972,
            0.01727,
            0.017293000000000003,
            0.023372999999999998,
            0.023805,
            0.022373999999999998,
            0.022997999999999998,
            0.021669,
            0.019222000000000003,
            0.029474,
            0.043691,
            0.04185400000000001,
            0.037223,
            0.050730000000000004,
            0.031117,
            0.031916999999999994,
            0.035455,
            0.022489000000000002,
            0.022372000000000003,
            0.024326,
            0.023006,
            0.029195,
            0.025278000000000002,
            0.01931,
            0.019746,
            0.019763000000000003
        ],
        [
            0.046299,
            0.050151,
            0.03934000000000001,
            0.0,
            0.062363999999999996,
            0.043166,
            0.042999,
            0.045006000000000004,
            0.04453,
            0.046041,
            0.048845,
            0.052621,
            0.056761000000000006,
            0.053479,
            0.050890000000000005,
            0.050678,
            0.05068,
            0.051649,
            0.049274,
            0.051616999999999996,
            0.05385,
            0.054308,
            0.058984999999999996,
            0.053746,
            0.054276000000000005,
            0.055299,
            0.053331,
            0.052357,
            0.053326,
            0.051992,
            0.049542,
            0.049565,
            0.055645,
            0.056077,
            0.054646,
            0.05527,
            0.053941,
            0.051494,
            0.061746,
            0.075963,
            0.07412600000000001,
            0.069495,
            0.083002,
            0.063389,
            0.064189,
            0.06772700000000001,
            0.054761000000000004,
            0.054644,
            0.056597999999999996,
            0.055278,
            0.061467,
            0.057550000000000004,
            0.051582,
            0.052018,
            0.052035
        ],
        [
            0.049023000000000004,
            0.052875000000000005,
            0.042064000000000004,
            0.062363999999999996,
            0.0,
            0.04589,
            0.04572300000000001,
            0.04773000000000001,
            0.047254000000000004,
            0.048765,
            0.051569000000000004,
            0.055345000000000005,
            0.05948500000000001,
            0.056203,
            0.05361400000000001,
            0.053402000000000005,
            0.05340400000000001,
            0.054373000000000005,
            0.051998,
            0.054341,
            0.056574000000000006,
            0.057032000000000006,
            0.061709,
            0.056470000000000006,
            0.05700000000000001,
            0.058023000000000005,
            0.05605500000000001,
            0.055081000000000005,
            0.05605,
            0.054716,
            0.05226600000000001,
            0.052289,
            0.058369000000000004,
            0.058801000000000006,
            0.057370000000000004,
            0.057994000000000004,
            0.05666500000000001,
            0.054218,
            0.06447,
            0.078687,
            0.07685000000000002,
            0.072219,
            0.08572600000000001,
            0.066113,
            0.066913,
            0.07045100000000001,
            0.05748500000000001,
            0.057368,
            0.059322,
            0.058002000000000005,
            0.064191,
            0.06027400000000001,
            0.05430600000000001,
            0.054742000000000006,
            0.054759
        ],
        [
            0.022701,
            0.026553,
            0.015742,
            0.043166,
            0.04589,
            0.0,
            0.019401,
            0.021408,
            0.020932,
            0.022442999999999998,
            0.025247,
            0.029023,
            0.033163,
            0.029881,
            0.027292,
            0.02708,
            0.027082000000000002,
            0.028051,
            0.025676,
            0.028019,
            0.030252,
            0.03071,
            0.035387,
            0.030148,
            0.030678,
            0.03170100000000001,
            0.029733,
            0.028759,
            0.029728,
            0.028394,
            0.025944,
            0.025967,
            0.032047,
            0.032479,
            0.031048,
            0.031672,
            0.030343,
            0.027896,
            0.038148,
            0.052365,
            0.05052800000000001,
            0.045897,
            0.059404000000000005,
            0.039791,
            0.040590999999999995,
            0.044129,
            0.031163,
            0.031046,
            0.033,
            0.03168,
            0.037869,
            0.033951999999999996,
            0.027984,
            0.02842,
            0.028437
        ],
        [
            0.014861999999999998,
            0.018713999999999998,
            0.010727,
            0.042999,
            0.04572300000000001,
            0.019401,
            0.0,
            0.013569,
            0.013093,
            0.014603999999999999,
            0.017408,
            0.021184,
            0.025324,
            0.022042,
            0.019452999999999998,
            0.019241,
            0.019243000000000003,
            0.020212,
            0.017837,
            0.020179999999999997,
            0.022413000000000002,
            0.022871000000000002,
            0.027547999999999996,
            0.022309000000000002,
            0.022838999999999998,
            0.023862,
            0.021893999999999997,
            0.02092,
            0.021889,
            0.020554999999999997,
            0.018104999999999996,
            0.018128,
            0.024208,
            0.024640000000000002,
            0.023209,
            0.023833,
            0.022503999999999996,
            0.020057,
            0.030309000000000003,
            0.044526,
            0.04268900000000001,
            0.038058,
            0.05156500000000001,
            0.031952,
            0.032751999999999996,
            0.03629,
            0.023323999999999998,
            0.023207,
            0.025160999999999996,
            0.023841,
            0.03003,
            0.026112999999999997,
            0.020144999999999996,
            0.020581000000000002,
            0.020597999999999998
        ],
        [
            0.012249000000000001,
            0.016101,
            0.012734,
            0.045006000000000004,
            0.04773000000000001,
            0.021408,
            0.013569,
            0.0,
            0.008518000000000001,
            0.010029,
            0.012833,
            0.016609000000000002,
            0.020749000000000004,
            0.017467,
            0.014878000000000002,
            0.014666000000000002,
            0.014668,
            0.015637,
            0.013262,
            0.015605,
            0.017838,
            0.018296,
            0.022973,
            0.017734,
            0.018264,
            0.019287000000000002,
            0.017319,
            0.016345000000000002,
            0.017314,
            0.01598,
            0.01353,
            0.013553000000000003,
            0.019633,
            0.020065,
            0.018634,
            0.019258,
            0.017929,
            0.015482,
            0.025734000000000003,
            0.039951,
            0.03811400000000001,
            0.033483,
            0.046990000000000004,
            0.027377000000000002,
            0.028176999999999997,
            0.031715,
            0.018749000000000002,
            0.018632,
            0.020586,
            0.019266,
            0.025455000000000002,
            0.021538,
            0.01557,
            0.016006,
            0.016023
        ],
        [
            0.011773,
            0.015625,
            0.012258000000000002,
            0.04453,
            0.047254000000000004,
            0.020932,
            0.013093,
            0.008518000000000001,
            0.0,
            0.009552999999999999,
            0.012357,
            0.016133,
            0.020273000000000003,
            0.016991,
            0.014402000000000002,
            0.014190000000000001,
            0.014192000000000001,
            0.015161,
            0.012786,
            0.015129,
            0.017362000000000002,
            0.017820000000000003,
            0.022497,
            0.017258000000000003,
            0.017787999999999998,
            0.018811,
            0.016843,
            0.015869,
            0.016838,
            0.015504,
            0.013054,
            0.013077000000000002,
            0.019157,
            0.019589000000000002,
            0.018158,
            0.018782,
            0.017453,
            0.015006,
            0.025258000000000003,
            0.039474999999999996,
            0.037638000000000005,
            0.033007,
            0.046514,
            0.026901,
            0.027700999999999996,
            0.031239000000000003,
            0.018273,
            0.018156,
            0.02011,
            0.01879,
            0.024979,
            0.021062,
            0.015094,
            0.01553,
            0.015547
        ],
        [
            0.013283999999999999,
            0.017136,
            0.013769,
            0.046041,
            0.048765,
            0.022442999999999998,
            0.014603999999999999,
            0.010029,
            0.009552999999999999,
            0.0,
            0.013867999999999998,
            0.017644,
            0.021784,
            0.018502,
            0.015913,
            0.015701,
            0.015703,
            0.016672,
            0.014297,
            0.01664,
            0.018873,
            0.019331,
            0.024007999999999998,
            0.018769,
            0.019299,
            0.020322000000000003,
            0.018354,
            0.01738,
            0.018349,
            0.017015,
            0.014564999999999998,
            0.014588,
            0.020668,
            0.0211,
            0.019669,
            0.020293,
            0.018963999999999998,
            0.016517,
            0.026769,
            0.040986,
            0.03914900000000001,
            0.034518,
            0.048025000000000005,
            0.028412,
            0.029211999999999995,
            0.03275,
            0.019784,
            0.019667,
            0.021620999999999998,
            0.020301,
            0.02649,
            0.022573,
            0.016604999999999998,
            0.017041,
            0.017058
        ],
        [
            0.016087999999999998,
            0.01994,
            0.016572999999999997,
            0.048845,
            0.051569000000000004,
            0.025247,
            0.017408,
            0.012833,
            0.012357,
            0.013867999999999998,
            0.0,
            0.012628,
            0.016768,
            0.013486000000000001,
            0.010897,
            0.010685,
            0.010687000000000002,
            0.011656,
            0.009281000000000001,
            0.011623999999999999,
            0.013857000000000001,
            0.014315000000000001,
            0.018992000000000002,
            0.013753000000000001,
            0.014283,
            0.015306000000000004,
            0.013338,
            0.012364,
            0.013333000000000001,
            0.011999,
            0.009549,
            0.009572,
            0.015652,
            0.016084,
            0.014653,
            0.015276999999999999,
            0.013947999999999999,
            0.011501,
            0.021753,
            0.03597,
            0.034133000000000004,
            0.029502,
            0.043009000000000006,
            0.023396,
            0.024195999999999995,
            0.027734,
            0.014768,
            0.014651,
            0.016605,
            0.015285,
            0.021474,
            0.017557,
            0.011589,
            0.012025000000000001,
            0.012042
        ],
        [
            0.019864,
            0.023716,
            0.020349,
            0.052621,
            0.055345000000000005,
            0.029023,
            0.021184,
            0.016609000000000002,
            0.016133,
            0.017644,
            0.012628,
            0.0,
            0.012591999999999999,
            0.017262,
            0.014673000000000002,
            0.014461000000000002,
            0.014463000000000002,
            0.015432000000000001,
            0.013057000000000001,
            0.0154,
            0.017633000000000003,
            0.018091000000000003,
            0.022768000000000004,
            0.017529000000000003,
            0.018059,
            0.019082000000000002,
            0.017114,
            0.01614,
            0.017109,
            0.015775,
            0.013325,
            0.013348000000000002,
            0.019428,
            0.019860000000000003,
            0.018429,
            0.019053,
            0.017724,
            0.015277,
            0.025529000000000003,
            0.039746000000000004,
            0.037909000000000005,
            0.033278,
            0.04678500000000001,
            0.027172,
            0.027971999999999997,
            0.03151,
            0.018544,
            0.018427,
            0.020381000000000003,
            0.019061,
            0.02525,
            0.021332999999999998,
            0.015365,
            0.015801000000000003,
            0.015818
        ],
        [
            0.024004,
            0.027856000000000002,
            0.024489000000000004,
            0.056761000000000006,
            0.05948500000000001,
            0.033163,
            0.025324,
            0.020749000000000004,
            0.020273000000000003,
            0.021784,
            0.016768,
            0.012591999999999999,
            0.0,
            0.021402,
            0.018813,
            0.018601,
            0.018603,
            0.019572,
            0.017197,
            0.019540000000000002,
            0.021773,
            0.022231,
            0.026908,
            0.021669,
            0.022199,
            0.023222000000000003,
            0.021254000000000002,
            0.02028,
            0.021249,
            0.019915000000000002,
            0.017465,
            0.017488,
            0.023568,
            0.024,
            0.022569,
            0.023193,
            0.021864,
            0.019417,
            0.029669,
            0.043886,
            0.042049,
            0.037418,
            0.050925000000000005,
            0.031312,
            0.032111999999999995,
            0.03565,
            0.022684000000000003,
            0.022567,
            0.024521,
            0.023201,
            0.02939,
            0.025473,
            0.019505,
            0.019941,
            0.019958
        ],
        [
            0.020722,
            0.024574000000000002,
            0.021207000000000004,
            0.053479,
            0.056203,
            0.029881,
            0.022042,
            0.017467,
            0.016991,
            0.018502,
            0.013486000000000001,
            0.017262,
            0.021402,
            0.0,
            0.012449,
            0.015319,
            0.015321000000000001,
            0.01629,
            0.013915,
            0.016258,
            0.018491,
            0.018949,
            0.023626,
            0.018387,
            0.018917,
            0.019940000000000003,
            0.017972000000000002,
            0.016998,
            0.017967,
            0.016633000000000002,
            0.014183000000000001,
            0.014206,
            0.020286,
            0.020718,
            0.019287,
            0.019910999999999998,
            0.018582,
            0.016135,
            0.026387,
            0.040604,
            0.038767,
            0.034136,
            0.047643000000000005,
            0.02803,
            0.028829999999999995,
            0.032368,
            0.019402000000000003,
            0.019285,
            0.021239,
            0.019919,
            0.026108,
            0.022191,
            0.016223,
            0.016659,
            0.016676
        ],
        [
            0.018133,
            0.021985,
            0.018618000000000003,
            0.050890000000000005,
            0.05361400000000001,
            0.027292,
            0.019452999999999998,
            0.014878000000000002,
            0.014402000000000002,
            0.015913,
            0.010897,
            0.014673000000000002,
            0.018813,
            0.012449,
            0.0,
            0.01273,
            0.012732,
            0.013701000000000001,
            0.011326,
            0.013669,
            0.015902,
            0.01636,
            0.021037,
            0.015798,
            0.016328,
            0.017351000000000002,
            0.015383,
            0.014409000000000002,
            0.015378,
            0.014044000000000001,
            0.011594,
            0.011617,
            0.017697,
            0.018129,
            0.016698,
            0.017322,
            0.015993,
            0.013545999999999999,
            0.023798000000000003,
            0.038015,
            0.036178,
            0.031547,
            0.045054000000000004,
            0.025441000000000002,
            0.026240999999999997,
            0.029779000000000003,
            0.016813,
            0.016696,
            0.01865,
            0.017329999999999998,
            0.023519,
            0.019601999999999998,
            0.013634,
            0.01407,
            0.014086999999999999
        ],
        [
            0.017921,
            0.021773,
            0.018406,
            0.050678,
            0.053402000000000005,
            0.02708,
            0.019241,
            0.014666000000000002,
            0.014190000000000001,
            0.015701,
            0.010685,
            0.014461000000000002,
            0.018601,
            0.015319,
            0.01273,
            0.0,
            0.01252,
            0.013489000000000001,
            0.011113999999999999,
            0.013457,
            0.01569,
            0.016148,
            0.020825,
            0.015586,
            0.016116,
            0.017139,
            0.015171,
            0.014197000000000001,
            0.015165999999999999,
            0.013832,
            0.011382,
            0.011405,
            0.017485,
            0.017917,
            0.016486,
            0.01711,
            0.015781,
            0.013333999999999999,
            0.023586000000000003,
            0.037803,
            0.035966000000000005,
            0.031335,
            0.04484200000000001,
            0.025229,
            0.026028999999999997,
            0.029567000000000003,
            0.016601,
            0.016484,
            0.018438,
            0.017117999999999998,
            0.023307,
            0.019389999999999998,
            0.013422,
            0.013857999999999999,
            0.013874999999999998
        ],
        [
            0.017923,
            0.021775000000000003,
            0.018408,
            0.05068,
            0.05340400000000001,
            0.027082000000000002,
            0.019243000000000003,
            0.014668,
            0.014192000000000001,
            0.015703,
            0.010687000000000002,
            0.014463000000000002,
            0.018603,
            0.015321000000000001,
            0.012732,
            0.01252,
            0.0,
            0.0063490000000000005,
            0.0057480000000000005,
            0.008091000000000001,
            0.015692,
            0.01615,
            0.020827000000000002,
            0.015588000000000001,
            0.016118,
            0.017141000000000003,
            0.015173,
            0.014199000000000002,
            0.015168000000000001,
            0.013834,
            0.011384000000000002,
            0.011407,
            0.017487000000000003,
            0.017919,
            0.016488000000000003,
            0.017112000000000002,
            0.015783,
            0.013336,
            0.023588000000000005,
            0.037805000000000005,
            0.03596800000000001,
            0.031337000000000004,
            0.04484400000000001,
            0.025231000000000003,
            0.026031,
            0.029569000000000005,
            0.016603,
            0.016486,
            0.01844,
            0.01712,
            0.023309000000000003,
            0.019392,
            0.013424000000000002,
            0.01386,
            0.013877
        ],
        [
            0.018892,
            0.022744,
            0.019377,
            0.051649,
            0.054373000000000005,
            0.028051,
            0.020212,
            0.015637,
            0.015161,
            0.016672,
            0.011656,
            0.015432000000000001,
            0.019572,
            0.01629,
            0.013701000000000001,
            0.013489000000000001,
            0.0063490000000000005,
            0.0,
            0.006717,
            0.009059999999999999,
            0.016661000000000002,
            0.017119000000000002,
            0.021796000000000003,
            0.016557000000000002,
            0.017086999999999998,
            0.01811,
            0.016142,
            0.015168000000000001,
            0.016137,
            0.014803,
            0.012353,
            0.012376000000000002,
            0.018456,
            0.018888000000000002,
            0.017457,
            0.018081,
            0.016752,
            0.014305,
            0.024557000000000002,
            0.038774,
            0.036937000000000005,
            0.032306,
            0.045813000000000006,
            0.0262,
            0.026999999999999996,
            0.030538000000000003,
            0.017572,
            0.017455,
            0.019409000000000003,
            0.018089,
            0.024278,
            0.020360999999999997,
            0.014393,
            0.014829,
            0.014846
        ],
        [
            0.016517,
            0.020369,
            0.017002000000000003,
            0.049274,
            0.051998,
            0.025676,
            0.017837,
            0.013262,
            0.012786,
            0.014297,
            0.009281000000000001,
            0.013057000000000001,
            0.017197,
            0.013915,
            0.011326,
            0.011113999999999999,
            0.0057480000000000005,
            0.006717,
            0.0,
            0.0049250000000000006,
            0.014286,
            0.014744,
            0.019421,
            0.014182,
            0.014712,
            0.015735000000000002,
            0.013767,
            0.012793,
            0.013762,
            0.012428,
            0.009978,
            0.010001,
            0.016080999999999998,
            0.016513,
            0.015082,
            0.015705999999999998,
            0.014377,
            0.01193,
            0.022182,
            0.036399,
            0.034562,
            0.029931,
            0.043438000000000004,
            0.023825,
            0.024624999999999994,
            0.028163,
            0.015197,
            0.01508,
            0.017034,
            0.015714,
            0.021903,
            0.017986,
            0.012018000000000001,
            0.012454,
            0.012471
        ],
        [
            0.01886,
            0.022712,
            0.019345,
            0.051616999999999996,
            0.054341,
            0.028019,
            0.020179999999999997,
            0.015605,
            0.015129,
            0.01664,
            0.011623999999999999,
            0.0154,
            0.019540000000000002,
            0.016258,
            0.013669,
            0.013457,
            0.008091000000000001,
            0.009059999999999999,
            0.0049250000000000006,
            0.0,
            0.016628999999999998,
            0.017086999999999998,
            0.021764,
            0.016524999999999998,
            0.017055,
            0.018078000000000004,
            0.01611,
            0.015136,
            0.016105,
            0.014771,
            0.012320999999999999,
            0.012344,
            0.018424,
            0.018855999999999998,
            0.017425,
            0.018049,
            0.01672,
            0.014273,
            0.024525,
            0.038742,
            0.03690500000000001,
            0.032274,
            0.045781,
            0.026168,
            0.026967999999999995,
            0.030506000000000002,
            0.01754,
            0.017423,
            0.019377,
            0.018056999999999997,
            0.024246,
            0.020329,
            0.014360999999999999,
            0.014797,
            0.014813999999999999
        ],
        [
            0.021093,
            0.024945000000000002,
            0.021578,
            0.05385,
            0.056574000000000006,
            0.030252,
            0.022413000000000002,
            0.017838,
            0.017362000000000002,
            0.018873,
            0.013857000000000001,
            0.017633000000000003,
            0.021773,
            0.018491,
            0.015902,
            0.01569,
            0.015692,
            0.016661000000000002,
            0.014286,
            0.016628999999999998,
            0.0,
            0.004878,
            0.023997,
            0.018758,
            0.019288,
            0.020311000000000003,
            0.018342999999999998,
            0.017369000000000002,
            0.018338,
            0.017004,
            0.014554000000000001,
            0.014577,
            0.020657000000000002,
            0.021089,
            0.019658000000000002,
            0.020282,
            0.018952999999999998,
            0.016506,
            0.026758000000000004,
            0.040975000000000004,
            0.039138000000000006,
            0.034507,
            0.04801400000000001,
            0.028401000000000003,
            0.029200999999999998,
            0.032739000000000004,
            0.019773,
            0.019656,
            0.02161,
            0.02029,
            0.026479000000000003,
            0.022562,
            0.016594,
            0.01703,
            0.017047
        ],
        [
            0.021551,
            0.025403000000000002,
            0.022036,
            0.054308,
            0.057032000000000006,
            0.03071,
            0.022871000000000002,
            0.018296,
            0.017820000000000003,
            0.019331,
            0.014315000000000001,
            0.018091000000000003,
            0.022231,
            0.018949,
            0.01636,
            0.016148,
            0.01615,
            0.017119000000000002,
            0.014744,
            0.017086999999999998,
            0.004878,
            0.0,
            0.024455,
            0.019216,
            0.019746,
            0.020769000000000003,
            0.018801,
            0.017827000000000003,
            0.018796,
            0.017462,
            0.015012000000000001,
            0.015035,
            0.021115000000000002,
            0.021547,
            0.020116000000000002,
            0.02074,
            0.019410999999999998,
            0.016964,
            0.027216000000000004,
            0.041433000000000005,
            0.039596000000000006,
            0.034965,
            0.04847200000000001,
            0.028859000000000003,
            0.029658999999999998,
            0.033197000000000004,
            0.020231,
            0.020114,
            0.022068,
            0.020748,
            0.026937000000000003,
            0.02302,
            0.017052,
            0.017488,
            0.017505
        ],
        [
            0.026227999999999998,
            0.03008,
            0.026713,
            0.058984999999999996,
            0.061709,
            0.035387,
            0.027547999999999996,
            0.022973,
            0.022497,
            0.024007999999999998,
            0.018992000000000002,
            0.022768000000000004,
            0.026908,
            0.023626,
            0.021037,
            0.020825,
            0.020827000000000002,
            0.021796000000000003,
            0.019421,
            0.021764,
            0.023997,
            0.024455,
            0.0,
            0.018511,
            0.019041,
            0.020064000000000002,
            0.018096,
            0.017122,
            0.018091,
            0.016757,
            0.016133,
            0.019712,
            0.025792000000000002,
            0.026224,
            0.024793000000000003,
            0.025417000000000002,
            0.024088,
            0.021641,
            0.031893000000000005,
            0.046110000000000005,
            0.04427300000000001,
            0.039642000000000004,
            0.05314900000000001,
            0.033536,
            0.034336,
            0.037874000000000005,
            0.024908,
            0.024791,
            0.026745,
            0.025425,
            0.031614,
            0.027697,
            0.021729000000000002,
            0.022165,
            0.022182
        ],
        [
            0.020989,
            0.024841000000000002,
            0.021474,
            0.053746,
            0.056470000000000006,
            0.030148,
            0.022309000000000002,
            0.017734,
            0.017258000000000003,
            0.018769,
            0.013753000000000001,
            0.017529000000000003,
            0.021669,
            0.018387,
            0.015798,
            0.015586,
            0.015588000000000001,
            0.016557000000000002,
            0.014182,
            0.016524999999999998,
            0.018758,
            0.019216,
            0.018511,
            0.0,
            0.004056,
            0.007141,
            0.007843,
            0.009203,
            0.010172,
            0.008838,
            0.010894000000000001,
            0.014473,
            0.020553000000000002,
            0.020985,
            0.019554000000000002,
            0.020178,
            0.018848999999999998,
            0.016402,
            0.026654000000000004,
            0.040871000000000005,
            0.039034000000000006,
            0.034403,
            0.04791000000000001,
            0.028297000000000003,
            0.029096999999999998,
            0.032635000000000004,
            0.019669,
            0.019552,
            0.021506,
            0.020186,
            0.026375000000000003,
            0.022458,
            0.01649,
            0.016926,
            0.016943
        ],
        [
            0.021519,
            0.025371,
            0.022004000000000003,
            0.054276000000000005,
            0.05700000000000001,
            0.030678,
            0.022838999999999998,
            0.018264,
            0.017787999999999998,
            0.019299,
            0.014283,
            0.018059,
            0.022199,
            0.018917,
            0.016328,
            0.016116,
            0.016118,
            0.017086999999999998,
            0.014712,
            0.017055,
            0.019288,
            0.019746,
            0.019041,
            0.004056,
            0.0,
            0.007671,
            0.008373,
            0.009732999999999999,
            0.010702,
            0.009368,
            0.011424,
            0.015002999999999999,
            0.021082999999999998,
            0.021515,
            0.020083999999999998,
            0.020707999999999997,
            0.019379,
            0.016932,
            0.027184,
            0.041401,
            0.039564,
            0.034933,
            0.048440000000000004,
            0.028827,
            0.029626999999999994,
            0.033165,
            0.020199,
            0.020082,
            0.022036,
            0.020716,
            0.026905,
            0.022987999999999998,
            0.01702,
            0.017456,
            0.017473
        ],
        [
            0.022542000000000003,
            0.026394000000000004,
            0.023027000000000006,
            0.055299,
            0.058023000000000005,
            0.03170100000000001,
            0.023862,
            0.019287000000000002,
            0.018811,
            0.020322000000000003,
            0.015306000000000004,
            0.019082000000000002,
            0.023222000000000003,
            0.019940000000000003,
            0.017351000000000002,
            0.017139,
            0.017141000000000003,
            0.01811,
            0.015735000000000002,
            0.018078000000000004,
            0.020311000000000003,
            0.020769000000000003,
            0.020064000000000002,
            0.007141,
            0.007671,
            0.0,
            0.009396,
            0.010756000000000002,
            0.011725000000000001,
            0.010391000000000001,
            0.012447000000000003,
            0.016026000000000002,
            0.022106,
            0.022538000000000002,
            0.021107,
            0.021731,
            0.020402000000000003,
            0.017955000000000002,
            0.028207000000000003,
            0.042424,
            0.040587000000000005,
            0.035956,
            0.04946300000000001,
            0.02985,
            0.030649999999999997,
            0.034188,
            0.021222000000000005,
            0.021105000000000002,
            0.023059000000000003,
            0.021739,
            0.027928,
            0.024011,
            0.018043000000000003,
            0.018479000000000002,
            0.018496000000000002
        ],
        [
            0.020574,
            0.024426,
            0.021059,
            0.053331,
            0.05605500000000001,
            0.029733,
            0.021893999999999997,
            0.017319,
            0.016843,
            0.018354,
            0.013338,
            0.017114,
            0.021254000000000002,
            0.017972000000000002,
            0.015383,
            0.015171,
            0.015173,
            0.016142,
            0.013767,
            0.01611,
            0.018342999999999998,
            0.018801,
            0.018096,
            0.007843,
            0.008373,
            0.009396,
            0.0,
            0.008788,
            0.009757,
            0.008423,
            0.010478999999999999,
            0.014058000000000001,
            0.020138,
            0.020569999999999998,
            0.019139,
            0.019763,
            0.018434,
            0.015987,
            0.026239000000000002,
            0.040456000000000006,
            0.038619,
