{
    "NEXUS_FILE_URL": "http://purl.org/phylo/treebase/phylows/study/TB2:S13860",
    "NEWICK_TREE": "((1:0.022707829999999984,(2:0.00586006,3:0.005711660000000007):0.04088259999999999):0.11404955,(((25:0.0037502500000000105,26:0.004085880000000014):0.0016440799999999922,(27:0.0052011800000000274,28:0.0020268900000000034):0.0016810099999999828):0.022764740000000006,(((10:0.002770469999999997,11:0.0024369699999999828):7.518700000000156E-4,(12:0.002115089999999986,13:0.002544829999999998):0.0015983400000000036):0.004855100000000001,((21:0.0043578100000000175,23:0.001444479999999998):0.003850429999999988,((4:0.006071909999999986,5:0.0047395699999999985):2.7272000000000407E-4,(24:0.003520430000000019,((16:0.00212341000000002,20:0.0024003900000000022):0.0026950799999999886,((14:4.254999999999953E-4,15:9.999999994736442E-9):0.0032129399999999975,(6:3.0779000000000223E-4,8:9.999999994736442E-9,7:9.999999994736442E-9):0.005662159999999999,(22:0.005349839999999995,(9:0.003073179999999981,(17:0.0013824199999999953,(18:0.001182820000000001,19:4.350300000000029E-4):2.9621999999998594E-4):0.0027811600000000047):0.0011869899999999989):6.091900000000094E-4):5.918000000000034E-4):0.0012099499999999874):2.9510000000002035E-4):5.489999999999939E-4):0.004525749999999995):0.037395209999999984):0.057024775);",
    "DISTANCE_MATRIX": [
        [
            0.0,
            0.06945048999999998,
            0.06930208999999998,
            0.221941225,
            0.222276855,
            0.223429085,
            0.22025479499999998,
            0.23955480499999998,
            0.23922130499999997,
            0.23974589499999996,
            0.24017563499999997,
            0.24391135499999997,
            0.24099802499999995,
            0.24259674499999995,
            0.24126440499999996,
            0.240067645,
            0.24257565499999997,
            0.24285263499999996,
            0.24198740499999996,
            0.24156191499999996,
            0.24431891499999997,
            0.24401113499999996,
            0.24401113499999996,
            0.24430799499999997,
            0.24321832499999996,
            0.24430872499999998,
            0.24440534499999997,
            0.24365755499999997
        ],
        [
            0.06945048999999998,
            0.0,
            0.011571720000000008,
            0.245976055,
            0.246311685,
            0.247463915,
            0.24428962499999998,
            0.263589635,
            0.263256135,
            0.26378072499999994,
            0.264210465,
            0.267946185,
            0.26503285499999996,
            0.26663157499999995,
            0.26529923499999997,
            0.264102475,
            0.26661048499999995,
            0.26688746499999993,
            0.266022235,
            0.26559674499999997,
            0.268353745,
            0.268045965,
            0.268045965,
            0.26834282499999995,
            0.26725315499999996,
            0.26834355499999996,
            0.26844017499999995,
            0.267692385
        ],
        [
            0.06930208999999998,
            0.011571720000000008,
            0.0,
            0.245827655,
            0.246163285,
            0.247315515,
            0.244141225,
            0.263441235,
            0.26310773499999995,
            0.263632325,
            0.26406206499999996,
            0.26779778499999995,
            0.26488445499999996,
            0.26648317499999996,
            0.265150835,
            0.263954075,
            0.266462085,
            0.266739065,
            0.26587383499999995,
            0.265448345,
            0.268205345,
            0.26789756499999995,
            0.26789756499999995,
            0.268194425,
            0.26710475499999997,
            0.268195155,
            0.268291775,
            0.267543985
        ],
        [
            0.221941225,
            0.245976055,
            0.245827655,
            0.0,
            0.007836130000000024,
            0.012276520000000013,
            0.009102229999999989,
            0.07393172,
            0.07359821999999999,
            0.07412280999999998,
            0.07455255,
            0.07828827,
            0.07537493999999997,
            0.07697365999999997,
            0.07564131999999998,
            0.07444456000000002,
            0.07695257,
            0.07722954999999998,
            0.07636431999999999,
            0.07593882999999998,
            0.07869583,
            0.07838804999999999,
            0.07838804999999999,
            0.07868491,
            0.07759523999999998,
            0.07868564,
            0.07878225999999999,
            0.07803447
        ],
        [
            0.222276855,
            0.246311685,
            0.246163285,
            0.007836130000000024,
            0.0,
            0.012612150000000016,
            0.009437859999999992,
            0.07426735000000001,
            0.07393385,
            0.07445843999999999,
            0.07488818,
            0.0786239,
            0.07571056999999998,
            0.07730928999999997,
            0.07597694999999999,
            0.07478019000000002,
            0.0772882,
            0.07756517999999998,
            0.07669994999999999,
            0.07627445999999999,
            0.07903146,
            0.07872367999999999,
            0.07872367999999999,
            0.07902054,
            0.07793086999999999,
            0.07902127,
            0.07911789,
            0.0783701
        ],
        [
            0.223429085,
            0.247463915,
            0.247315515,
            0.012276520000000013,
            0.012612150000000016,
            0.0,
            0.007228070000000031,
            0.07541958000000001,
            0.07508608,
            0.07561066999999999,
            0.07604041,
            0.07977613,
            0.07686279999999998,
            0.07846151999999998,
            0.07712917999999999,
            0.07593242000000003,
            0.07844043,
            0.07871740999999999,
            0.07785217999999999,
            0.07742668999999999,
            0.08018369,
            0.07987591,
            0.07987591,
            0.08017277,
            0.07908309999999999,
            0.08017350000000001,
            0.08027012,
            0.07952233
        ],
        [
            0.22025479499999998,
            0.24428962499999998,
            0.244141225,
            0.009102229999999989,
            0.009437859999999992,
            0.007228070000000031,
            0.0,
            0.07224528999999999,
            0.07191178999999998,
            0.07243637999999997,
            0.07286611999999998,
            0.07660183999999998,
            0.07368850999999996,
            0.07528722999999996,
            0.07395488999999997,
            0.07275813,
            0.07526613999999998,
            0.07554311999999996,
            0.07467788999999997,
            0.07425239999999997,
            0.07700939999999998,
            0.07670161999999997,
            0.07670161999999997,
            0.07699847999999998,
            0.07590880999999997,
            0.07699920999999998,
            0.07709582999999998,
            0.07634803999999998
        ],
        [
            0.23955480499999998,
            0.263589635,
            0.263441235,
            0.07393172,
            0.07426735000000001,
            0.07541958000000001,
            0.07224528999999999,
            0.0,
            0.00520743999999998,
            0.0072357700000000025,
            0.007665510000000014,
            0.021111430000000014,
            0.018198099999999995,
            0.019796819999999993,
            0.018464480000000005,
            0.017267720000000042,
            0.01977573000000002,
            0.02005271,
            0.019187480000000007,
            0.018761990000000006,
            0.021518990000000016,
            0.021211210000000008,
            0.021211210000000008,
            0.021508070000000018,
            0.020418400000000003,
            0.021508800000000022,
            0.021605420000000014,
            0.020857630000000016
        ],
        [
            0.23922130499999997,
            0.263256135,
            0.26310773499999995,
            0.07359821999999999,
            0.07393385,
            0.07508608,
            0.07191178999999998,
            0.00520743999999998,
            0.0,
            0.006902269999999988,
            0.00733201,
            0.02077793,
            0.01786459999999998,
            0.01946331999999998,
            0.01813097999999999,
            0.016934220000000028,
            0.019442230000000005,
            0.019719209999999987,
            0.018853979999999992,
            0.018428489999999992,
            0.02118549,
            0.020877709999999994,
            0.020877709999999994,
            0.021174570000000004,
            0.02008489999999999,
            0.021175300000000008,
            0.02127192,
            0.02052413
        ],
        [
            0.23974589499999996,
            0.26378072499999994,
            0.263632325,
            0.07412280999999998,
            0.07445843999999999,
            0.07561066999999999,
            0.07243637999999997,
            0.0072357700000000025,
            0.006902269999999988,
            0.0,
            0.004659919999999984,
            0.02130251999999999,
            0.018389189999999972,
            0.01998790999999997,
            0.018655569999999982,
            0.01745881000000002,
            0.019966819999999996,
            0.02024379999999998,
            0.019378569999999984,
            0.018953079999999983,
            0.021710079999999993,
            0.021402299999999985,
            0.021402299999999985,
            0.021699159999999995,
            0.02060948999999998,
            0.02169989,
            0.02179650999999999,
            0.021048719999999993
        ],
        [
            0.24017563499999997,
            0.264210465,
            0.26406206499999996,
            0.07455255,
            0.07488818,
            0.07604041,
            0.07286611999999998,
            0.007665510000000014,
            0.00733201,
            0.004659919999999984,
            0.0,
            0.021732260000000003,
            0.018818929999999984,
            0.02041764999999998,
            0.019085309999999994,
            0.01788855000000003,
            0.020396560000000008,
            0.02067353999999999,
            0.019808309999999996,
            0.019382819999999995,
            0.022139820000000004,
            0.021832039999999997,
            0.021832039999999997,
            0.022128900000000007,
            0.021039229999999992,
            0.02212963000000001,
            0.022226250000000003,
            0.021478460000000005
        ],
        [
            0.24391135499999997,
            0.267946185,
            0.26779778499999995,
            0.07828827,
            0.0786239,
            0.07977613,
            0.07660183999999998,
            0.021111430000000014,
            0.02077793,
            0.02130251999999999,
            0.021732260000000003,
            0.0,
            0.0058022900000000155,
            0.01510186999999999,
            0.013769530000000002,
            0.012572770000000039,
            0.015080780000000016,
            0.015357759999999998,
            0.014492530000000003,
            0.014067040000000003,
            0.016824040000000012,
            0.016516260000000005,
            0.016516260000000005,
            0.016813120000000015,
            0.01572345,
            0.01681385000000002,
            0.01691047000000001,
            0.016162680000000013
        ],
        [
            0.24099802499999995,
            0.26503285499999996,
            0.26488445499999996,
            0.07537493999999997,
            0.07571056999999998,
            0.07686279999999998,
            0.07368850999999996,
            0.018198099999999995,
            0.01786459999999998,
            0.018389189999999972,
            0.018818929999999984,
            0.0058022900000000155,
            0.0,
            0.01218853999999997,
            0.010856199999999983,
            0.009659440000000019,
            0.012167449999999996,
            0.012444429999999979,
            0.011579199999999984,
            0.011153709999999983,
            0.013910709999999993,
            0.013602929999999985,
            0.013602929999999985,
            0.013899789999999995,
            0.01281011999999998,
            0.01390052,
            0.013997139999999991,
            0.013249349999999993
        ],
        [
            0.24259674499999995,
            0.26663157499999995,
            0.26648317499999996,
            0.07697365999999997,
            0.07730928999999997,
            0.07846151999999998,
            0.07528722999999996,
            0.019796819999999993,
            0.01946331999999998,
            0.01998790999999997,
            0.02041764999999998,
            0.01510186999999999,
            0.01218853999999997,
            0.0,
            0.010811479999999984,
            0.01016016000000003,
            0.012668170000000006,
            0.012945149999999989,
            0.012079919999999994,
            0.011654429999999993,
            0.014411430000000003,
            0.014103649999999995,
            0.014103649999999995,
            0.014400510000000005,
            0.01331083999999999,
            0.01440124000000001,
            0.014497860000000001,
            0.013750070000000003
        ],
        [
            0.24126440499999996,
            0.26529923499999997,
            0.265150835,
            0.07564131999999998,
            0.07597694999999999,
            0.07712917999999999,
            0.07395488999999997,
            0.018464480000000005,
            0.01813097999999999,
            0.018655569999999982,
            0.019085309999999994,
            0.013769530000000002,
            0.010856199999999983,
            0.010811479999999984,
            0.0,
            0.008827820000000042,
            0.011335830000000019,
            0.011612810000000001,
            0.010747580000000007,
            0.010322090000000006,
            0.013079090000000015,
            0.012771310000000008,
            0.012771310000000008,
            0.013068170000000018,
            0.011978500000000003,
            0.013068900000000022,
            0.013165520000000014,
            0.012417730000000016
        ],
        [
            0.240067645,
            0.264102475,
            0.263954075,
            0.07444456000000002,
            0.07478019000000002,
            0.07593242000000003,
            0.07275813,
            0.017267720000000042,
            0.016934220000000028,
            0.01745881000000002,
            0.01788855000000003,
            0.012572770000000039,
            0.009659440000000019,
            0.01016016000000003,
            0.008827820000000042,
            0.0,
            0.009548870000000015,
            0.009825849999999997,
            0.008960620000000002,
            0.008535130000000002,
            0.011292130000000011,
            0.010984350000000004,
            0.010984350000000004,
            0.011281210000000014,
            0.010191539999999999,
            0.011281940000000018,
            0.01137856000000001,
            0.010630770000000012
        ],
        [
            0.24257565499999997,
            0.26661048499999995,
            0.266462085,
            0.07695257,
            0.0772882,
            0.07844043,
            0.07526613999999998,
            0.01977573000000002,
            0.019442230000000005,
            0.019966819999999996,
            0.020396560000000008,
            0.015080780000000016,
            0.012167449999999996,
            0.012668170000000006,
            0.011335830000000019,
            0.009548870000000015,
            0.0,
            0.004523800000000022,
            0.009048730000000005,
            0.008623240000000004,
            0.011380240000000014,
            0.011072460000000006,
            0.011072460000000006,
            0.011369320000000016,
            0.010279650000000001,
            0.01137005000000002,
            0.011466670000000012,
            0.010718880000000014
        ],
        [
            0.24285263499999996,
            0.26688746499999993,
            0.266739065,
            0.07722954999999998,
            0.07756517999999998,
            0.07871740999999999,
            0.07554311999999996,
            0.02005271,
            0.019719209999999987,
            0.02024379999999998,
            0.02067353999999999,
            0.015357759999999998,
            0.012444429999999979,
            0.012945149999999989,
            0.011612810000000001,
            0.009825849999999997,
            0.004523800000000022,
            0.0,
            0.009325709999999987,
            0.008900219999999986,
            0.011657219999999996,
            0.011349439999999988,
            0.011349439999999988,
            0.011646299999999998,
            0.010556629999999984,
            0.011647030000000003,
            0.011743649999999994,
            0.010995859999999996
        ],
        [
            0.24198740499999996,
            0.266022235,
            0.26587383499999995,
            0.07636431999999999,
            0.07669994999999999,
            0.07785217999999999,
            0.07467788999999997,
            0.019187480000000007,
            0.018853979999999992,
            0.019378569999999984,
            0.019808309999999996,
            0.014492530000000003,
            0.011579199999999984,
            0.012079919999999994,
            0.010747580000000007,
            0.008960620000000002,
            0.009048730000000005,
            0.009325709999999987,
            0.0,
            0.00042550999999999006,
            0.009608389999999994,
            0.009300609999999987,
            0.009300609999999987,
            0.009597469999999997,
            0.008507799999999982,
            0.009598200000000001,
            0.009694819999999993,
            0.008947029999999995
        ],
        [
            0.24156191499999996,
            0.26559674499999997,
            0.265448345,
            0.07593882999999998,
            0.07627445999999999,
            0.07742668999999999,
            0.07425239999999997,
            0.018761990000000006,
            0.018428489999999992,
            0.018953079999999983,
            0.019382819999999995,
            0.014067040000000003,
            0.011153709999999983,
            0.011654429999999993,
            0.010322090000000006,
            0.008535130000000002,
            0.008623240000000004,
            0.008900219999999986,
            0.00042550999999999006,
            0.0,
            0.009182899999999994,
            0.008875119999999986,
            0.008875119999999986,
            0.009171979999999996,
            0.008082309999999981,
            0.00917271,
            0.009269329999999992,
            0.008521539999999994
        ],
        [
            0.24431891499999997,
            0.268353745,
            0.268205345,
            0.07869583,
            0.07903146,
            0.08018369,
            0.07700939999999998,
            0.021518990000000016,
            0.02118549,
            0.021710079999999993,
            0.022139820000000004,
            0.016824040000000012,
            0.013910709999999993,
            0.014411430000000003,
            0.013079090000000015,
            0.011292130000000011,
            0.011380240000000014,
            0.011657219999999996,
            0.009608389999999994,
            0.009182899999999994,
            0.0,
            0.00030779999999999696,
            0.00030779999999999696,
            0.011928980000000006,
            0.010839309999999991,
            0.01192971000000001,
            0.012026330000000002,
            0.011278540000000004
        ],
        [
            0.24401113499999996,
            0.268045965,
            0.26789756499999995,
            0.07838804999999999,
            0.07872367999999999,
            0.07987591,
            0.07670161999999997,
            0.021211210000000008,
            0.020877709999999994,
            0.021402299999999985,
            0.021832039999999997,
            0.016516260000000005,
            0.013602929999999985,
            0.014103649999999995,
            0.012771310000000008,
            0.010984350000000004,
            0.011072460000000006,
            0.011349439999999988,
            0.009300609999999987,
            0.008875119999999986,
            0.00030779999999999696,
            0.0,
            1.9999999989472883e-08,
            0.011621199999999998,
            0.010531529999999983,
            0.011621930000000003,
            0.011718549999999994,
            0.010970759999999996
        ],
        [
            0.24401113499999996,
            0.268045965,
            0.26789756499999995,
            0.07838804999999999,
            0.07872367999999999,
            0.07987591,
            0.07670161999999997,
            0.021211210000000008,
            0.020877709999999994,
            0.021402299999999985,
            0.021832039999999997,
            0.016516260000000005,
            0.013602929999999985,
            0.014103649999999995,
            0.012771310000000008,
            0.010984350000000004,
            0.011072460000000006,
            0.011349439999999988,
            0.009300609999999987,
            0.008875119999999986,
            0.00030779999999999696,
            1.9999999989472883e-08,
            0.0,
            0.011621199999999998,
            0.010531529999999983,
            0.011621930000000003,
            0.011718549999999994,
            0.010970759999999996
        ],
        [
            0.24430799499999997,
            0.26834282499999995,
            0.268194425,
            0.07868491,
            0.07902054,
            0.08017277,
            0.07699847999999998,
            0.021508070000000018,
            0.021174570000000004,
            0.021699159999999995,
            0.022128900000000007,
            0.016813120000000015,
            0.013899789999999995,
            0.014400510000000005,
            0.013068170000000018,
            0.011281210000000014,
            0.011369320000000016,
            0.011646299999999998,
            0.009597469999999997,
            0.009171979999999996,
            0.011928980000000006,
            0.011621199999999998,
            0.011621199999999998,
            0.0,
            0.009610009999999974,
            0.010700409999999994,
            0.010797029999999985,
            0.010049239999999987
        ],
        [
            0.24321832499999996,
            0.26725315499999996,
            0.26710475499999997,
            0.07759523999999998,
            0.07793086999999999,
            0.07908309999999999,
            0.07590880999999997,
            0.020418400000000003,
            0.02008489999999999,
            0.02060948999999998,
            0.021039229999999992,
            0.01572345,
            0.01281011999999998,
            0.01331083999999999,
            0.011978500000000003,
            0.010191539999999999,
            0.010279650000000001,
            0.010556629999999984,
            0.008507799999999982,
            0.008082309999999981,
            0.010839309999999991,
            0.010531529999999983,
            0.010531529999999983,
            0.009610009999999974,
            0.0,
            0.007236759999999981,
            0.007333379999999973,
            0.0065855899999999745
        ],
        [
            0.24430872499999998,
            0.26834355499999996,
            0.268195155,
            0.07868564,
            0.07902127,
            0.08017350000000001,
            0.07699920999999998,
            0.021508800000000022,
            0.021175300000000008,
            0.02169989,
            0.02212963000000001,
            0.01681385000000002,
            0.01390052,
            0.01440124000000001,
            0.013068900000000022,
            0.011281940000000018,
            0.01137005000000002,
            0.011647030000000003,
            0.009598200000000001,
            0.00917271,
            0.01192971000000001,
            0.011621930000000003,
            0.011621930000000003,
            0.010700409999999994,
            0.007236759999999981,
            0.0,
            0.0028614599999999824,
            0.002113669999999984
        ],
        [
            0.24440534499999997,
            0.26844017499999995,
            0.268291775,
            0.07878225999999999,
            0.07911789,
            0.08027012,
            0.07709582999999998,
            0.021605420000000014,
            0.02127192,
            0.02179650999999999,
            0.022226250000000003,
            0.01691047000000001,
            0.013997139999999991,
            0.014497860000000001,
            0.013165520000000014,
            0.01137856000000001,
            0.011466670000000012,
            0.011743649999999994,
            0.009694819999999993,
            0.009269329999999992,
            0.012026330000000002,
            0.011718549999999994,
            0.011718549999999994,
            0.010797029999999985,
            0.007333379999999973,
            0.0028614599999999824,
            0.0,
            0.001617850000000004
        ],
        [
            0.24365755499999997,
            0.267692385,
            0.267543985,
            0.07803447,
            0.0783701,
            0.07952233,
            0.07634803999999998,
            0.020857630000000016,
            0.02052413,
            0.021048719999999993,
            0.021478460000000005,
            0.016162680000000013,
            0.013249349999999993,
            0.013750070000000003,
            0.012417730000000016,
            0.010630770000000012,
            0.010718880000000014,
            0.010995859999999996,
            0.008947029999999995,
            0.008521539999999994,
            0.011278540000000004,
            0.010970759999999996,
            0.010970759999999996,
            0.010049239999999987,
            0.0065855899999999745,
            0.002113669999999984,
            0.001617850000000004,
            0.0
        ]
    ],
    "NODE_MAPPING": {
        "0": "1",
        "1": "2",
        "2": "3",
        "3": "25",
        "4": "26",
        "5": "27",
        "6": "28",
        "7": "10",
        "8": "11",
        "9": "12",
        "10": "13",
        "11": "21",
        "12": "23",
        "13": "4",
        "14": "5",
        "15": "24",
        "16": "16",
        "17": "20",
        "18": "14",
        "19": "15",
        "20": "6",
        "21": "8",
        "22": "7",
        "23": "22",
        "24": "9",
        "25": "17",
        "26": "18",
        "27": "19"
    }
}