{
    "NEXUS_FILE_URL": "http://purl.org/phylo/treebase/phylows/study/TB2:S12205",
    "NEWICK_TREE": "(1:0.108859,(((12:0.0,(20:0.0,(19:0.0,(18:0.0,(17:0.0,(16:0.0,(14:0.0,(13:0.0,15:0.0):0.0):0.0):0.0):0.0):0.0):0.0):0.002153):0.029591,((8:0.003897,(11:0.0,(9:0.0,10:0.0):0.0):0.007303):0.023481,((6:0.004293,7:0.00439):0.007238,(5:0.034023,(3:0.002132,(2:0.006484,4:0.0):0.0):0.003917):0.013965):0.003328):0.009772):0.030339,(((47:0.011622,(44:0.002151,(45:0.0,46:0.0):0.002178):0.003774):0.028419,((51:0.00215,(54:0.0,(52:0.0,53:0.0):0.0):0.0):0.006701,((50:0.0,(48:0.0,49:0.0):0.0):0.006592,(62:0.002206,(57:0.0,(59:0.0,(61:0.0,(63:0.00216,(60:0.0,(58:0.0,(56:0.0,(55:0.0,64:0.0):0.0):0.0):0.0):0.0):0.0):0.0):0.0):0.002183):0.004359):0.001905):0.021823):0.020382,((37:0.004335,(41:0.002164,(43:0.0,(42:0.0,(40:0.0,(39:0.0,(38:0.0,(36:0.0,(35:0.0,(33:0.0,34:0.0):0.0):0.0):0.0):0.0):0.0):0.0):0.0):0.0):0.0):0.016531,(((31:0.0,32:0.006625):0.030298,(21:0.004369,(22:0.0,23:0.0):0.0):0.011999):0.007897,((24:0.0,25:0.0):0.010968,((29:0.002147,30:0.004387):0.004428,(28:0.0,(26:0.0,27:0.0):0.0):0.004386):0.002409):0.00722):0.0):0.0):0.092572):0.108859);",
    "DISTANCE_MATRIX": [
        [
            0,
            0.277648,
            0.27980099999999997,
            0.27980099999999997,
            0.27980099999999997,
            0.27980099999999997,
            0.27980099999999997,
            0.27980099999999997,
            0.27980099999999997,
            0.27980099999999997,
            0.285207,
            0.288613,
            0.288613,
            0.288613,
            0.272688,
            0.272785,
            0.309145,
            0.281171,
            0.28552299999999997,
            0.279039,
            0.37071299999999996,
            0.36501599999999995,
            0.36504299999999995,
            0.36504299999999995,
            0.361346,
            0.35919599999999996,
            0.35919599999999996,
            0.35919599999999996,
            0.360992,
            0.360992,
            0.360992,
            0.360965,
            0.360942,
            0.360942,
            0.360942,
            0.363102,
            0.360942,
            0.360942,
            0.360942,
            0.360942,
            0.360942,
            0.331156,
            0.32898499999999997,
            0.326821,
            0.326821,
            0.326821,
            0.326821,
            0.326821,
            0.326821,
            0.326821,
            0.326821,
            0.326821,
            0.348485,
            0.35511,
            0.334555,
            0.330186,
            0.330186,
            0.328478,
            0.328478,
            0.326494,
            0.32873399999999997,
            0.324305,
            0.324305,
            0.324305
        ],
        [
            0.277648,
            0,
            0.002153,
            0.002153,
            0.002153,
            0.002153,
            0.002153,
            0.002153,
            0.002153,
            0.002153,
            0.066741,
            0.07014699999999999,
            0.07014699999999999,
            0.07014699999999999,
            0.054222,
            0.054319,
            0.09067899999999998,
            0.06270500000000001,
            0.067057,
            0.060573,
            0.21292499999999998,
            0.20722799999999997,
            0.20725499999999997,
            0.20725499999999997,
            0.20355800000000002,
            0.20140799999999998,
            0.20140799999999998,
            0.20140799999999998,
            0.203204,
            0.203204,
            0.203204,
            0.203177,
            0.203154,
            0.203154,
            0.203154,
            0.205314,
            0.203154,
            0.203154,
            0.203154,
            0.203154,
            0.203154,
            0.17336800000000002,
            0.171197,
            0.169033,
            0.169033,
            0.169033,
            0.169033,
            0.169033,
            0.169033,
            0.169033,
            0.169033,
            0.169033,
            0.190697,
            0.197322,
            0.176767,
            0.172398,
            0.172398,
            0.17069,
            0.17069,
            0.168706,
            0.170946,
            0.166517,
            0.166517,
            0.166517
        ],
        [
            0.27980099999999997,
            0.002153,
            0,
            0.0,
            0.0,
            0.0,
            0.0,
            0.0,
            0.0,
            0.0,
            0.06889400000000001,
            0.0723,
            0.0723,
            0.0723,
            0.056375,
            0.056472,
            0.092832,
            0.064858,
            0.06921,
            0.062726,
            0.215078,
            0.20938099999999998,
            0.20940799999999998,
            0.20940799999999998,
            0.205711,
            0.203561,
            0.203561,
            0.203561,
            0.205357,
            0.205357,
            0.205357,
            0.20533,
            0.20530700000000002,
            0.20530700000000002,
            0.20530700000000002,
            0.207467,
            0.20530700000000002,
            0.20530700000000002,
            0.20530700000000002,
            0.20530700000000002,
            0.20530700000000002,
            0.175521,
            0.17335,
            0.171186,
            0.171186,
            0.171186,
            0.171186,
            0.171186,
            0.171186,
            0.171186,
            0.171186,
            0.171186,
            0.19285,
            0.199475,
            0.17892,
            0.174551,
            0.174551,
            0.172843,
            0.172843,
            0.17085899999999998,
            0.173099,
            0.16867,
            0.16867,
            0.16867
        ],
        [
            0.27980099999999997,
            0.002153,
            0.0,
            0,
            0.0,
            0.0,
            0.0,
            0.0,
            0.0,
            0.0,
            0.06889400000000001,
            0.0723,
            0.0723,
            0.0723,
            0.056375,
            0.056472,
            0.092832,
            0.064858,
            0.06921,
            0.062726,
            0.215078,
            0.20938099999999998,
            0.20940799999999998,
            0.20940799999999998,
            0.205711,
            0.203561,
            0.203561,
            0.203561,
            0.205357,
            0.205357,
            0.205357,
            0.20533,
            0.20530700000000002,
            0.20530700000000002,
            0.20530700000000002,
            0.207467,
            0.20530700000000002,
            0.20530700000000002,
            0.20530700000000002,
            0.20530700000000002,
            0.20530700000000002,
            0.175521,
            0.17335,
            0.171186,
            0.171186,
            0.171186,
            0.171186,
            0.171186,
            0.171186,
            0.171186,
            0.171186,
            0.171186,
            0.19285,
            0.199475,
            0.17892,
            0.174551,
            0.174551,
            0.172843,
            0.172843,
            0.17085899999999998,
            0.173099,
            0.16867,
            0.16867,
            0.16867
        ],
        [
            0.27980099999999997,
            0.002153,
            0.0,
            0.0,
            0,
            0.0,
            0.0,
            0.0,
            0.0,
            0.0,
            0.06889400000000001,
            0.0723,
            0.0723,
            0.0723,
            0.056375,
            0.056472,
            0.092832,
            0.064858,
            0.06921,
            0.062726,
            0.215078,
            0.20938099999999998,
            0.20940799999999998,
            0.20940799999999998,
            0.205711,
            0.203561,
            0.203561,
            0.203561,
            0.205357,
            0.205357,
            0.205357,
            0.20533,
            0.20530700000000002,
            0.20530700000000002,
            0.20530700000000002,
            0.207467,
            0.20530700000000002,
            0.20530700000000002,
            0.20530700000000002,
            0.20530700000000002,
            0.20530700000000002,
            0.175521,
            0.17335,
            0.171186,
            0.171186,
            0.171186,
            0.171186,
            0.171186,
            0.171186,
            0.171186,
            0.171186,
            0.171186,
            0.19285,
            0.199475,
            0.17892,
            0.174551,
            0.174551,
            0.172843,
            0.172843,
            0.17085899999999998,
            0.173099,
            0.16867,
            0.16867,
            0.16867
        ],
        [
            0.27980099999999997,
            0.002153,
            0.0,
            0.0,
            0.0,
            0,
            0.0,
            0.0,
            0.0,
            0.0,
            0.06889400000000001,
            0.0723,
            0.0723,
            0.0723,
            0.056375,
            0.056472,
            0.092832,
            0.064858,
            0.06921,
            0.062726,
            0.215078,
            0.20938099999999998,
            0.20940799999999998,
            0.20940799999999998,
            0.205711,
            0.203561,
            0.203561,
            0.203561,
            0.205357,
            0.205357,
            0.205357,
            0.20533,
            0.20530700000000002,
            0.20530700000000002,
            0.20530700000000002,
            0.207467,
            0.20530700000000002,
            0.20530700000000002,
            0.20530700000000002,
            0.20530700000000002,
            0.20530700000000002,
            0.175521,
            0.17335,
            0.171186,
            0.171186,
            0.171186,
            0.171186,
            0.171186,
            0.171186,
            0.171186,
            0.171186,
            0.171186,
            0.19285,
            0.199475,
            0.17892,
            0.174551,
            0.174551,
            0.172843,
            0.172843,
            0.17085899999999998,
            0.173099,
            0.16867,
            0.16867,
            0.16867
        ],
        [
            0.27980099999999997,
            0.002153,
            0.0,
            0.0,
            0.0,
            0.0,
            0,
            0.0,
            0.0,
            0.0,
            0.06889400000000001,
            0.0723,
            0.0723,
            0.0723,
            0.056375,
            0.056472,
            0.092832,
            0.064858,
            0.06921,
            0.062726,
            0.215078,
            0.20938099999999998,
            0.20940799999999998,
            0.20940799999999998,
            0.205711,
            0.203561,
            0.203561,
            0.203561,
            0.205357,
            0.205357,
            0.205357,
            0.20533,
            0.20530700000000002,
            0.20530700000000002,
            0.20530700000000002,
            0.207467,
            0.20530700000000002,
            0.20530700000000002,
            0.20530700000000002,
            0.20530700000000002,
            0.20530700000000002,
            0.175521,
            0.17335,
            0.171186,
            0.171186,
            0.171186,
            0.171186,
            0.171186,
            0.171186,
            0.171186,
            0.171186,
            0.171186,
            0.19285,
            0.199475,
            0.17892,
            0.174551,
            0.174551,
            0.172843,
            0.172843,
            0.17085899999999998,
            0.173099,
            0.16867,
            0.16867,
            0.16867
        ],
        [
            0.27980099999999997,
            0.002153,
            0.0,
            0.0,
            0.0,
            0.0,
            0.0,
            0,
            0.0,
            0.0,
            0.06889400000000001,
            0.0723,
            0.0723,
            0.0723,
            0.056375,
            0.056472,
            0.092832,
            0.064858,
            0.06921,
            0.062726,
            0.215078,
            0.20938099999999998,
            0.20940799999999998,
            0.20940799999999998,
            0.205711,
            0.203561,
            0.203561,
            0.203561,
            0.205357,
            0.205357,
            0.205357,
            0.20533,
            0.20530700000000002,
            0.20530700000000002,
            0.20530700000000002,
            0.207467,
            0.20530700000000002,
            0.20530700000000002,
            0.20530700000000002,
            0.20530700000000002,
            0.20530700000000002,
            0.175521,
            0.17335,
            0.171186,
            0.171186,
            0.171186,
            0.171186,
            0.171186,
            0.171186,
            0.171186,
            0.171186,
            0.171186,
            0.19285,
            0.199475,
            0.17892,
            0.174551,
            0.174551,
            0.172843,
            0.172843,
            0.17085899999999998,
            0.173099,
            0.16867,
            0.16867,
            0.16867
        ],
        [
            0.27980099999999997,
            0.002153,
            0.0,
            0.0,
            0.0,
            0.0,
            0.0,
            0.0,
            0,
            0.0,
            0.06889400000000001,
            0.0723,
            0.0723,
            0.0723,
            0.056375,
            0.056472,
            0.092832,
            0.064858,
            0.06921,
            0.062726,
            0.215078,
            0.20938099999999998,
            0.20940799999999998,
            0.20940799999999998,
            0.205711,
            0.203561,
            0.203561,
            0.203561,
            0.205357,
            0.205357,
            0.205357,
            0.20533,
            0.20530700000000002,
            0.20530700000000002,
            0.20530700000000002,
            0.207467,
            0.20530700000000002,
            0.20530700000000002,
            0.20530700000000002,
            0.20530700000000002,
            0.20530700000000002,
            0.175521,
            0.17335,
            0.171186,
            0.171186,
            0.171186,
            0.171186,
            0.171186,
            0.171186,
            0.171186,
            0.171186,
            0.171186,
            0.19285,
            0.199475,
            0.17892,
            0.174551,
            0.174551,
            0.172843,
            0.172843,
            0.17085899999999998,
            0.173099,
            0.16867,
            0.16867,
            0.16867
        ],
        [
            0.27980099999999997,
            0.002153,
            0.0,
            0.0,
            0.0,
            0.0,
            0.0,
            0.0,
            0.0,
            0,
            0.06889400000000001,
            0.0723,
            0.0723,
            0.0723,
            0.056375,
            0.056472,
            0.092832,
            0.064858,
            0.06921,
            0.062726,
            0.215078,
            0.20938099999999998,
            0.20940799999999998,
            0.20940799999999998,
            0.205711,
            0.203561,
            0.203561,
            0.203561,
            0.205357,
            0.205357,
            0.205357,
            0.20533,
            0.20530700000000002,
            0.20530700000000002,
            0.20530700000000002,
            0.207467,
            0.20530700000000002,
            0.20530700000000002,
            0.20530700000000002,
            0.20530700000000002,
            0.20530700000000002,
            0.175521,
            0.17335,
            0.171186,
            0.171186,
            0.171186,
            0.171186,
            0.171186,
            0.171186,
            0.171186,
            0.171186,
            0.171186,
            0.19285,
            0.199475,
            0.17892,
            0.174551,
            0.174551,
            0.172843,
            0.172843,
            0.17085899999999998,
            0.173099,
            0.16867,
            0.16867,
            0.16867
        ],
        [
            0.285207,
            0.066741,
            0.06889400000000001,
            0.06889400000000001,
            0.06889400000000001,
            0.06889400000000001,
            0.06889400000000001,
            0.06889400000000001,
            0.06889400000000001,
            0.06889400000000001,
            0,
            0.0112,
            0.0112,
            0.0112,
            0.042237,
            0.042334,
            0.07869399999999999,
            0.05072,
            0.055071999999999996,
            0.048588000000000006,
            0.220484,
            0.214787,
            0.214814,
            0.214814,
            0.211117,
            0.208967,
            0.208967,
            0.208967,
            0.21076300000000003,
            0.21076300000000003,
            0.21076300000000003,
            0.21073600000000003,
            0.21071300000000004,
            0.21071300000000004,
            0.21071300000000004,
            0.21287300000000003,
            0.21071300000000004,
            0.21071300000000004,
            0.21071300000000004,
            0.21071300000000004,
            0.21071300000000004,
            0.180927,
            0.17875600000000003,
            0.17659200000000003,
            0.17659200000000003,
            0.17659200000000003,
            0.17659200000000003,
            0.17659200000000003,
            0.17659200000000003,
            0.17659200000000003,
            0.17659200000000003,
            0.17659200000000003,
            0.198256,
            0.20488100000000004,
            0.184326,
            0.179957,
            0.179957,
            0.178249,
            0.178249,
            0.176265,
            0.17850500000000002,
            0.174076,
            0.174076,
            0.174076
        ],
        [
            0.288613,
            0.07014699999999999,
            0.0723,
            0.0723,
            0.0723,
            0.0723,
            0.0723,
            0.0723,
            0.0723,
            0.0723,
            0.0112,
            0,
            0.0,
            0.0,
            0.045642999999999996,
            0.045739999999999996,
            0.08209999999999999,
            0.054126,
            0.058478,
            0.051994,
            0.22388999999999998,
            0.21819299999999997,
            0.21821999999999997,
            0.21821999999999997,
            0.21452300000000002,
            0.21237299999999998,
            0.21237299999999998,
            0.21237299999999998,
            0.214169,
            0.214169,
            0.214169,
            0.214142,
            0.214119,
            0.214119,
            0.214119,
            0.216279,
            0.214119,
            0.214119,
            0.214119,
            0.214119,
            0.214119,
            0.18433300000000002,
            0.182162,
            0.179998,
            0.179998,
            0.179998,
            0.179998,
            0.179998,
            0.179998,
            0.179998,
            0.179998,
            0.179998,
            0.201662,
            0.208287,
            0.187732,
            0.183363,
            0.183363,
            0.181655,
            0.181655,
            0.179671,
            0.181911,
            0.177482,
            0.177482,
            0.177482
        ],
        [
            0.288613,
            0.07014699999999999,
            0.0723,
            0.0723,
            0.0723,
            0.0723,
            0.0723,
            0.0723,
            0.0723,
            0.0723,
            0.0112,
            0.0,
            0,
            0.0,
            0.045642999999999996,
            0.045739999999999996,
            0.08209999999999999,
            0.054126,
            0.058478,
            0.051994,
            0.22388999999999998,
            0.21819299999999997,
            0.21821999999999997,
            0.21821999999999997,
            0.21452300000000002,
            0.21237299999999998,
            0.21237299999999998,
            0.21237299999999998,
            0.214169,
            0.214169,
            0.214169,
            0.214142,
            0.214119,
            0.214119,
            0.214119,
            0.216279,
            0.214119,
            0.214119,
            0.214119,
            0.214119,
            0.214119,
            0.18433300000000002,
            0.182162,
            0.179998,
            0.179998,
            0.179998,
            0.179998,
            0.179998,
            0.179998,
            0.179998,
            0.179998,
            0.179998,
            0.201662,
            0.208287,
            0.187732,
            0.183363,
            0.183363,
            0.181655,
            0.181655,
            0.179671,
            0.181911,
            0.177482,
            0.177482,
            0.177482
        ],
        [
            0.288613,
            0.07014699999999999,
            0.0723,
            0.0723,
            0.0723,
            0.0723,
            0.0723,
            0.0723,
            0.0723,
            0.0723,
            0.0112,
            0.0,
            0.0,
            0,
            0.045642999999999996,
            0.045739999999999996,
            0.08209999999999999,
            0.054126,
            0.058478,
            0.051994,
            0.22388999999999998,
            0.21819299999999997,
            0.21821999999999997,
            0.21821999999999997,
            0.21452300000000002,
            0.21237299999999998,
            0.21237299999999998,
            0.21237299999999998,
            0.214169,
            0.214169,
            0.214169,
            0.214142,
            0.214119,
            0.214119,
            0.214119,
            0.216279,
            0.214119,
            0.214119,
            0.214119,
            0.214119,
            0.214119,
            0.18433300000000002,
            0.182162,
            0.179998,
            0.179998,
            0.179998,
            0.179998,
            0.179998,
            0.179998,
            0.179998,
            0.179998,
            0.179998,
            0.201662,
            0.208287,
            0.187732,
            0.183363,
            0.183363,
            0.181655,
            0.181655,
            0.179671,
            0.181911,
            0.177482,
            0.177482,
            0.177482
        ],
        [
            0.272688,
            0.054222,
            0.056375,
            0.056375,
            0.056375,
            0.056375,
            0.056375,
            0.056375,
            0.056375,
            0.056375,
            0.042237,
            0.045642999999999996,
            0.045642999999999996,
            0.045642999999999996,
            0,
            0.008683,
            0.059518999999999996,
            0.031545000000000004,
            0.035897,
            0.029413,
            0.207965,
            0.202268,
            0.202295,
            0.202295,
            0.198598,
            0.196448,
            0.196448,
            0.196448,
            0.19824400000000003,
            0.19824400000000003,
            0.19824400000000003,
            0.19821700000000003,
            0.19819400000000004,
            0.19819400000000004,
            0.19819400000000004,
            0.20035400000000003,
            0.19819400000000004,
            0.19819400000000004,
            0.19819400000000004,
            0.19819400000000004,
            0.19819400000000004,
            0.168408,
            0.16623700000000002,
            0.16407300000000002,
            0.16407300000000002,
            0.16407300000000002,
            0.16407300000000002,
            0.16407300000000002,
            0.16407300000000002,
            0.16407300000000002,
            0.16407300000000002,
            0.16407300000000002,
            0.18573699999999999,
            0.19236200000000003,
            0.171807,
            0.167438,
            0.167438,
            0.16573,
            0.16573,
            0.163746,
            0.16598600000000002,
            0.161557,
            0.161557,
            0.161557
        ],
        [
            0.272785,
            0.054319,
            0.056472,
            0.056472,
            0.056472,
            0.056472,
            0.056472,
            0.056472,
            0.056472,
            0.056472,
            0.042334,
            0.045739999999999996,
            0.045739999999999996,
            0.045739999999999996,
            0.008683,
            0,
            0.059615999999999995,
            0.031642,
            0.035994,
            0.02951,
            0.208062,
            0.202365,
            0.202392,
            0.202392,
            0.198695,
            0.196545,
            0.196545,
            0.196545,
            0.19834100000000002,
            0.19834100000000002,
            0.19834100000000002,
            0.19831400000000002,
            0.19829100000000002,
            0.19829100000000002,
            0.19829100000000002,
            0.20045100000000002,
            0.19829100000000002,
            0.19829100000000002,
            0.19829100000000002,
            0.19829100000000002,
            0.19829100000000002,
            0.16850500000000002,
            0.166334,
            0.16417,
            0.16417,
            0.16417,
            0.16417,
            0.16417,
            0.16417,
            0.16417,
            0.16417,
            0.16417,
            0.185834,
            0.19245900000000002,
            0.171904,
            0.167535,
            0.167535,
            0.165827,
            0.165827,
            0.16384300000000002,
            0.166083,
            0.16165400000000002,
            0.16165400000000002,
            0.16165400000000002
        ],
        [
            0.309145,
            0.09067899999999998,
            0.092832,
            0.092832,
            0.092832,
            0.092832,
            0.092832,
            0.092832,
            0.092832,
            0.092832,
            0.07869399999999999,
            0.08209999999999999,
            0.08209999999999999,
            0.08209999999999999,
            0.059518999999999996,
            0.059615999999999995,
            0,
            0.040071999999999997,
            0.044424,
            0.03794,
            0.24442199999999997,
            0.23872499999999997,
            0.23875199999999996,
            0.23875199999999996,
            0.23505500000000001,
            0.23290499999999997,
            0.23290499999999997,
            0.23290499999999997,
            0.234701,
            0.234701,
            0.234701,
            0.234674,
            0.234651,
            0.234651,
            0.234651,
            0.236811,
            0.234651,
            0.234651,
            0.234651,
            0.234651,
            0.234651,
            0.20486500000000002,
            0.20269399999999999,
            0.20052999999999999,
            0.20052999999999999,
            0.20052999999999999,
            0.20052999999999999,
            0.20052999999999999,
            0.20052999999999999,
            0.20052999999999999,
            0.20052999999999999,
            0.20052999999999999,
            0.222194,
            0.228819,
            0.208264,
            0.203895,
            0.203895,
            0.202187,
            0.202187,
            0.200203,
            0.20244299999999998,
            0.198014,
            0.198014,
            0.198014
        ],
        [
            0.281171,
            0.06270500000000001,
            0.064858,
            0.064858,
            0.064858,
            0.064858,
            0.064858,
            0.064858,
            0.064858,
            0.064858,
            0.05072,
            0.054126,
            0.054126,
            0.054126,
            0.031545000000000004,
            0.031642,
            0.040071999999999997,
            0,
            0.008616,
            0.002132,
            0.216448,
            0.210751,
            0.210778,
            0.210778,
            0.20708100000000002,
            0.204931,
            0.204931,
            0.204931,
            0.20672700000000002,
            0.20672700000000002,
            0.20672700000000002,
            0.20670000000000002,
            0.20667700000000003,
            0.20667700000000003,
            0.20667700000000003,
            0.20883700000000002,
            0.20667700000000003,
            0.20667700000000003,
            0.20667700000000003,
            0.20667700000000003,
            0.20667700000000003,
            0.17689100000000002,
            0.17472000000000001,
            0.17255600000000001,
            0.17255600000000001,
            0.17255600000000001,
            0.17255600000000001,
            0.17255600000000001,
            0.17255600000000001,
            0.17255600000000001,
            0.17255600000000001,
            0.17255600000000001,
            0.19422,
            0.20084500000000002,
            0.18029,
            0.175921,
            0.175921,
            0.174213,
            0.174213,
            0.17222900000000002,
            0.174469,
            0.17004000000000002,
            0.17004000000000002,
            0.17004000000000002
        ],
        [
            0.28552299999999997,
            0.067057,
            0.06921,
            0.06921,
            0.06921,
            0.06921,
            0.06921,
            0.06921,
            0.06921,
            0.06921,
            0.055071999999999996,
            0.058478,
            0.058478,
            0.058478,
            0.035897,
            0.035994,
            0.044424,
            0.008616,
            0,
            0.006484,
            0.2208,
            0.215103,
            0.21513,
            0.21513,
            0.211433,
            0.209283,
            0.209283,
            0.209283,
            0.21107900000000002,
            0.21107900000000002,
            0.21107900000000002,
            0.21105200000000002,
            0.21102900000000002,
            0.21102900000000002,
            0.21102900000000002,
            0.21318900000000002,
            0.21102900000000002,
            0.21102900000000002,
            0.21102900000000002,
            0.21102900000000002,
            0.21102900000000002,
            0.18124300000000002,
            0.179072,
            0.176908,
            0.176908,
            0.176908,
            0.176908,
            0.176908,
            0.176908,
            0.176908,
            0.176908,
            0.176908,
            0.198572,
            0.20519700000000002,
            0.184642,
            0.18027300000000002,
            0.18027300000000002,
            0.178565,
            0.178565,
            0.176581,
            0.178821,
            0.174392,
            0.174392,
            0.174392
        ],
        [
            0.279039,
            0.060573,
            0.062726,
            0.062726,
            0.062726,
            0.062726,
            0.062726,
            0.062726,
            0.062726,
            0.062726,
            0.048588000000000006,
            0.051994,
            0.051994,
            0.051994,
            0.029413,
            0.02951,
            0.03794,
            0.002132,
            0.006484,
            0,
            0.214316,
            0.208619,
            0.208646,
            0.208646,
            0.204949,
            0.202799,
            0.202799,
            0.202799,
            0.20459500000000003,
            0.20459500000000003,
            0.20459500000000003,
            0.20456800000000003,
            0.20454500000000003,
            0.20454500000000003,
            0.20454500000000003,
            0.20670500000000003,
            0.20454500000000003,
            0.20454500000000003,
            0.20454500000000003,
            0.20454500000000003,
            0.20454500000000003,
            0.174759,
            0.17258800000000002,
            0.17042400000000002,
            0.17042400000000002,
            0.17042400000000002,
            0.17042400000000002,
            0.17042400000000002,
            0.17042400000000002,
            0.17042400000000002,
            0.17042400000000002,
            0.17042400000000002,
            0.19208799999999998,
            0.19871300000000003,
            0.17815799999999998,
            0.173789,
            0.173789,
            0.17208099999999998,
            0.17208099999999998,
            0.170097,
            0.17233700000000002,
            0.167908,
            0.167908,
            0.167908
        ],
        [
            0.37071299999999996,
            0.21292499999999998,
            0.215078,
            0.215078,
            0.215078,
            0.215078,
            0.215078,
            0.215078,
            0.215078,
            0.215078,
            0.220484,
            0.22388999999999998,
            0.22388999999999998,
            0.22388999999999998,
            0.207965,
            0.208062,
            0.24442199999999997,
            0.216448,
            0.2208,
            0.214316,
            0,
            0.017547,
            0.017574,
            0.017574,
            0.070715,
            0.068565,
            0.068565,
            0.068565,
            0.070361,
            0.070361,
            0.070361,
            0.07033400000000001,
            0.070311,
            0.070311,
            0.070311,
            0.07247100000000001,
            0.070311,
            0.070311,
            0.070311,
            0.070311,
            0.070311,
            0.081289,
            0.07911800000000001,
            0.07695400000000001,
            0.07695400000000001,
            0.07695400000000001,
            0.07695400000000001,
            0.07695400000000001,
            0.07695400000000001,
            0.07695400000000001,
            0.07695400000000001,
            0.07695400000000001,
            0.09861800000000001,
            0.105243,
            0.08468800000000001,
            0.080319,
            0.080319,
            0.078611,
            0.078611,
            0.076627,
            0.078867,
            0.074438,
            0.074438,
            0.074438
        ],
        [
            0.36501599999999995,
            0.20722799999999997,
            0.20938099999999998,
            0.20938099999999998,
            0.20938099999999998,
            0.20938099999999998,
            0.20938099999999998,
            0.20938099999999998,
            0.20938099999999998,
            0.20938099999999998,
            0.214787,
            0.21819299999999997,
            0.21819299999999997,
            0.21819299999999997,
            0.202268,
            0.202365,
            0.23872499999999997,
            0.210751,
            0.215103,
            0.208619,
            0.017547,
            0,
            0.0043289999999999995,
            0.0043289999999999995,
            0.06501799999999999,
            0.06286800000000001,
            0.06286800000000001,
            0.06286800000000001,
            0.064664,
            0.064664,
            0.064664,
            0.064637,
            0.064614,
            0.064614,
            0.064614,
            0.066774,
            0.064614,
            0.064614,
            0.064614,
            0.064614,
            0.064614,
            0.07559199999999999,
            0.073421,
            0.071257,
            0.071257,
            0.071257,
            0.071257,
            0.071257,
            0.071257,
            0.071257,
            0.071257,
            0.071257,
            0.092921,
            0.099546,
            0.078991,
            0.074622,
            0.074622,
            0.07291399999999999,
            0.07291399999999999,
            0.07092999999999999,
            0.07317,
            0.068741,
            0.068741,
            0.068741
        ],
        [
            0.36504299999999995,
            0.20725499999999997,
            0.20940799999999998,
            0.20940799999999998,
            0.20940799999999998,
            0.20940799999999998,
            0.20940799999999998,
            0.20940799999999998,
            0.20940799999999998,
            0.20940799999999998,
            0.214814,
            0.21821999999999997,
            0.21821999999999997,
            0.21821999999999997,
            0.202295,
            0.202392,
            0.23875199999999996,
            0.210778,
            0.21513,
            0.208646,
            0.017574,
            0.0043289999999999995,
            0,
            0.0,
            0.06504499999999999,
            0.062895,
            0.062895,
            0.062895,
            0.064691,
            0.064691,
            0.064691,
            0.064664,
            0.064641,
            0.064641,
            0.064641,
            0.066801,
            0.064641,
            0.064641,
            0.064641,
            0.064641,
            0.064641,
            0.07561899999999999,
            0.073448,
            0.071284,
            0.071284,
            0.071284,
            0.071284,
            0.071284,
            0.071284,
            0.071284,
            0.071284,
            0.071284,
            0.092948,
            0.099573,
            0.079018,
            0.074649,
            0.074649,
            0.07294099999999999,
            0.07294099999999999,
            0.07095699999999999,
            0.073197,
            0.068768,
            0.068768,
            0.068768
        ],
        [
            0.36504299999999995,
            0.20725499999999997,
            0.20940799999999998,
            0.20940799999999998,
            0.20940799999999998,
            0.20940799999999998,
            0.20940799999999998,
            0.20940799999999998,
            0.20940799999999998,
            0.20940799999999998,
            0.214814,
            0.21821999999999997,
            0.21821999999999997,
            0.21821999999999997,
            0.202295,
            0.202392,
            0.23875199999999996,
            0.210778,
            0.21513,
            0.208646,
            0.017574,
            0.0043289999999999995,
            0.0,
            0,
            0.06504499999999999,
            0.062895,
            0.062895,
            0.062895,
            0.064691,
            0.064691,
            0.064691,
            0.064664,
            0.064641,
            0.064641,
            0.064641,
            0.066801,
            0.064641,
            0.064641,
            0.064641,
            0.064641,
            0.064641,
            0.07561899999999999,
            0.073448,
            0.071284,
            0.071284,
            0.071284,
            0.071284,
            0.071284,
            0.071284,
            0.071284,
            0.071284,
            0.071284,
            0.092948,
            0.099573,
            0.079018,
            0.074649,
            0.074649,
            0.07294099999999999,
            0.07294099999999999,
            0.07095699999999999,
            0.073197,
            0.068768,
            0.068768,
            0.068768
        ],
        [
            0.361346,
            0.20355800000000002,
