{
    "NEXUS_FILE_URL": "http://purl.org/phylo/treebase/phylows/study/TB2:S12584",
    "NEWICK_TREE": "((((1:0.08117400000000002,(2:0.030839000000000005,3:0.024841000000000002):0.023538999999999977,(4:0.049024999999999985,5:0.023731999999999975):0.026324999999999987):0.042394000000000015,((6:0.005753000000000008,7:0.031557999999999975):0.009923000000000015,(8:0.018977999999999995,9:0.0040140000000000176):0.008473000000000008,10:0.013805000000000012):0.072711):0.024445999999999996,((((((11:0.006203999999999987,12:0.031024999999999997):0.008257999999999988,13:0.008255999999999986):0.010261999999999993,14:0.032521999999999995):0.036101999999999995,((15:0.02703,16:0.022785):0.03622000000000003,17:0.022438999999999987):0.08080800000000002):0.036363000000000006,(18:0.01424700000000001,19:0.038387000000000004):0.026018000000000013):0.03918699999999997,(20:0.087398,((21:0.005804000000000031,22:0.0037020000000000386,23:0.005711000000000022):0.018171999999999966,(24:0.0021280000000000188,25:0.007526000000000033):0.01061799999999996):0.03412900000000002):0.07211400000000001):0.10596299999999997):0.0728635,(26:0.002049000000000023,(27:0.0019959999999999978,28:0.0019460000000000033):0.0070189999999999975,29:0.0032190000000000274):0.0728635);",
    "DISTANCE_MATRIX": [
        [
            0,
            0.135552,
            0.129554,
            0.156524,
            0.131231,
            0.21195500000000006,
            0.23776000000000003,
            0.22373000000000004,
            0.20876600000000006,
            0.21008400000000005,
            0.39035299999999995,
            0.415174,
            0.38414699999999996,
            0.398151,
            0.47358500000000003,
            0.46934000000000003,
            0.432774,
            0.333429,
            0.357569,
            0.41348900000000005,
            0.38419600000000004,
            0.38209400000000004,
            0.384103,
            0.372966,
            0.37836400000000003,
            0.29579000000000005,
            0.302756,
            0.30270600000000003,
            0.29696000000000006
        ],
        [
            0.135552,
            0,
            0.05568000000000001,
            0.12972799999999995,
            0.10443499999999994,
            0.18515900000000002,
            0.21096399999999998,
            0.196934,
            0.18197000000000002,
            0.183288,
            0.3635569999999999,
            0.38837799999999995,
            0.3573509999999999,
            0.37135499999999994,
            0.446789,
            0.442544,
            0.40597799999999995,
            0.30663299999999993,
            0.330773,
            0.386693,
            0.3574,
            0.355298,
            0.357307,
            0.34617,
            0.351568,
            0.268994,
            0.27596,
            0.27591,
            0.270164
        ],
        [
            0.129554,
            0.05568000000000001,
            0,
            0.12372999999999995,
            0.09843699999999994,
            0.17916100000000001,
            0.20496599999999998,
            0.190936,
            0.17597200000000002,
            0.17729,
            0.3575589999999999,
            0.38237999999999994,
            0.3513529999999999,
            0.36535699999999993,
            0.440791,
            0.436546,
            0.39997999999999995,
            0.300635,
            0.3247749999999999,
            0.380695,
            0.351402,
            0.3493,
            0.351309,
            0.340172,
            0.34557,
            0.262996,
            0.269962,
            0.269912,
            0.264166
        ],
        [
            0.156524,
            0.12972799999999995,
            0.12372999999999995,
            0,
            0.07275699999999996,
            0.206131,
            0.23193599999999998,
            0.217906,
            0.202942,
            0.20426,
            0.3845289999999999,
            0.40934999999999994,
            0.3783229999999999,
            0.3923269999999999,
            0.467761,
            0.463516,
            0.42694999999999994,
            0.3276049999999999,
            0.351745,
            0.407665,
            0.378372,
            0.37627,
            0.378279,
            0.36714199999999997,
            0.37254,
            0.289966,
            0.296932,
            0.296882,
            0.291136
        ],
        [
            0.131231,
            0.10443499999999994,
            0.09843699999999994,
            0.07275699999999996,
            0,
            0.180838,
            0.20664299999999997,
            0.19261299999999998,
            0.177649,
            0.178967,
            0.3592359999999999,
            0.3840569999999999,
            0.3530299999999999,
            0.3670339999999999,
            0.442468,
            0.438223,
            0.40165699999999993,
            0.3023119999999999,
            0.32645199999999996,
            0.382372,
            0.353079,
            0.350977,
            0.35298599999999997,
            0.34184899999999996,
            0.347247,
            0.264673,
            0.27163899999999996,
            0.27158899999999997,
            0.265843
        ],
        [
            0.21195500000000006,
            0.18515900000000002,
            0.17916100000000001,
            0.206131,
            0.180838,
            0,
            0.03731099999999998,
            0.043127000000000026,
            0.02816300000000005,
            0.029481000000000035,
            0.35517199999999993,
            0.37999299999999997,
            0.34896599999999994,
            0.36296999999999996,
            0.438404,
            0.434159,
            0.397593,
            0.29824799999999996,
            0.322388,
            0.37830800000000003,
            0.349015,
            0.346913,
            0.348922,
            0.337785,
            0.343183,
            0.26060900000000004,
            0.267575,
            0.267525,
            0.26177900000000004
        ],
        [
            0.23776000000000003,
            0.21096399999999998,
            0.20496599999999998,
            0.23193599999999998,
            0.20664299999999997,
            0.03731099999999998,
            0,
            0.068932,
            0.053968000000000016,
            0.055286,
            0.3809769999999999,
            0.40579799999999994,
            0.3747709999999999,
            0.3887749999999999,
            0.464209,
            0.459964,
            0.42339799999999994,
            0.3240529999999999,
            0.348193,
            0.404113,
            0.37482,
            0.372718,
            0.374727,
            0.36358999999999997,
            0.368988,
            0.286414,
            0.29338,
            0.29333,
            0.287584
        ],
        [
            0.22373000000000004,
            0.196934,
            0.190936,
            0.217906,
            0.19261299999999998,
            0.043127000000000026,
            0.068932,
            0,
            0.022992000000000012,
            0.041256000000000015,
            0.3669469999999999,
            0.39176799999999995,
            0.3607409999999999,
            0.37474499999999994,
            0.450179,
            0.445934,
            0.40936799999999995,
            0.31002299999999994,
            0.334163,
            0.390083,
            0.36079,
            0.358688,
            0.360697,
            0.34956,
            0.354958,
            0.272384,
            0.27935,
            0.2793,
            0.273554
        ],
        [
            0.20876600000000006,
            0.18197000000000002,
            0.17597200000000002,
            0.202942,
            0.177649,
            0.02816300000000005,
            0.053968000000000016,
            0.022992000000000012,
            0,
            0.026292000000000038,
            0.35198299999999993,
            0.376804,
            0.34577699999999995,
            0.35978099999999996,
            0.435215,
            0.43097,
            0.394404,
            0.29505899999999996,
            0.319199,
            0.37511900000000004,
            0.345826,
            0.34372400000000003,
            0.345733,
            0.334596,
            0.339994,
            0.25742000000000004,
            0.264386,
            0.264336,
            0.25859000000000004
        ],
        [
            0.21008400000000005,
            0.183288,
            0.17729,
            0.20426,
            0.178967,
            0.029481000000000035,
            0.055286,
            0.041256000000000015,
            0.026292000000000038,
            0,
            0.3533009999999999,
            0.37812199999999996,
            0.34709499999999993,
            0.36109899999999995,
            0.436533,
            0.432288,
            0.39572199999999996,
            0.296377,
            0.32051699999999994,
            0.376437,
            0.347144,
            0.345042,
            0.347051,
            0.335914,
            0.341312,
            0.258738,
            0.265704,
            0.265654,
            0.25990800000000003
        ],
        [
            0.39035299999999995,
            0.3635569999999999,
            0.3575589999999999,
            0.3845289999999999,
            0.3592359999999999,
            0.35517199999999993,
            0.3809769999999999,
            0.3669469999999999,
            0.35198299999999993,
            0.3533009999999999,
            0,
            0.037228999999999984,
            0.02271799999999996,
            0.057245999999999964,
            0.204884,
            0.200639,
            0.16407299999999997,
            0.137454,
            0.161594,
            0.29588799999999993,
            0.26659499999999997,
            0.264493,
            0.26650199999999996,
            0.25536499999999995,
            0.26076299999999997,
            0.390115,
            0.3970809999999999,
            0.3970309999999999,
            0.391285
        ],
        [
            0.415174,
            0.38837799999999995,
            0.38237999999999994,
            0.40934999999999994,
            0.3840569999999999,
            0.37999299999999997,
            0.40579799999999994,
            0.39176799999999995,
            0.376804,
            0.37812199999999996,
            0.037228999999999984,
            0,
            0.04753899999999997,
            0.08206699999999997,
            0.22970500000000002,
            0.22546000000000002,
            0.18889399999999998,
            0.162275,
            0.186415,
            0.32070899999999997,
            0.291416,
            0.28931399999999996,
            0.291323,
            0.28018599999999994,
            0.28558399999999995,
            0.41493599999999997,
            0.4219019999999999,
            0.4218519999999999,
            0.416106
        ],
        [
            0.38414699999999996,
            0.3573509999999999,
            0.3513529999999999,
            0.3783229999999999,
            0.3530299999999999,
            0.34896599999999994,
            0.3747709999999999,
            0.3607409999999999,
            0.34577699999999995,
            0.34709499999999993,
            0.02271799999999996,
            0.04753899999999997,
            0,
            0.051039999999999974,
            0.19867800000000002,
            0.19443300000000002,
            0.15786699999999998,
            0.131248,
            0.155388,
            0.289682,
            0.260389,
            0.258287,
            0.26029599999999997,
            0.24915899999999996,
            0.254557,
            0.38390899999999994,
            0.39087499999999986,
            0.39082499999999987,
            0.38507899999999995
        ],
        [
            0.398151,
            0.37135499999999994,
            0.36535699999999993,
            0.3923269999999999,
            0.3670339999999999,
            0.36296999999999996,
            0.3887749999999999,
            0.37474499999999994,
            0.35978099999999996,
            0.36109899999999995,
            0.057245999999999964,
            0.08206699999999997,
            0.051039999999999974,
            0,
            0.21268200000000004,
            0.20843700000000004,
            0.171871,
            0.14525200000000002,
            0.16939200000000001,
            0.303686,
            0.274393,
            0.272291,
            0.2743,
            0.263163,
            0.268561,
            0.39791299999999996,
            0.4048789999999999,
            0.4048289999999999,
            0.39908299999999997
        ],
        [
            0.47358500000000003,
            0.446789,
            0.440791,
            0.467761,
            0.442468,
            0.438404,
            0.464209,
            0.450179,
            0.435215,
            0.436533,
            0.204884,
            0.22970500000000002,
            0.19867800000000002,
            0.21268200000000004,
            0,
            0.049815,
            0.08568900000000002,
            0.22068600000000008,
            0.24482600000000007,
            0.37912,
            0.34982700000000005,
            0.34772500000000006,
            0.34973400000000004,
            0.33859700000000004,
            0.34399500000000005,
            0.4733470000000001,
            0.480313,
            0.480263,
            0.4745170000000001
        ],
        [
            0.46934000000000003,
            0.442544,
            0.436546,
            0.463516,
            0.438223,
            0.434159,
            0.459964,
            0.445934,
            0.43097,
            0.432288,
            0.200639,
            0.22546000000000002,
            0.19443300000000002,
            0.20843700000000004,
            0.049815,
            0,
            0.08144400000000002,
            0.21644100000000008,
            0.24058100000000007,
            0.37487500000000007,
            0.34558200000000006,
            0.34348000000000006,
            0.34548900000000005,
            0.33435200000000004,
            0.33975000000000005,
            0.469102,
            0.47606799999999994,
            0.47601799999999994,
            0.470272
        ],
        [
            0.432774,
            0.40597799999999995,
            0.39997999999999995,
            0.42694999999999994,
            0.40165699999999993,
            0.397593,
            0.42339799999999994,
            0.40936799999999995,
            0.394404,
            0.39572199999999996,
            0.16407299999999997,
            0.18889399999999998,
            0.15786699999999998,
            0.171871,
            0.08568900000000002,
            0.08144400000000002,
            0,
            0.17987500000000003,
            0.20401500000000003,
            0.33830899999999997,
            0.309016,
            0.306914,
            0.308923,
            0.297786,
            0.303184,
            0.43253600000000003,
            0.43950199999999995,
            0.43945199999999995,
            0.43370600000000004
        ],
        [
            0.333429,
            0.30663299999999993,
            0.300635,
            0.3276049999999999,
            0.3023119999999999,
            0.29824799999999996,
            0.3240529999999999,
            0.31002299999999994,
            0.29505899999999996,
            0.296377,
            0.137454,
            0.162275,
            0.131248,
            0.14525200000000002,
            0.22068600000000008,
            0.21644100000000008,
            0.17987500000000003,
            0,
            0.052634000000000014,
            0.238964,
            0.20967100000000002,
            0.20756900000000003,
            0.20957800000000001,
            0.198441,
            0.20383900000000002,
            0.333191,
            0.34015699999999993,
            0.34010699999999994,
            0.334361
        ],
        [
            0.357569,
            0.330773,
            0.3247749999999999,
            0.351745,
            0.32645199999999996,
            0.322388,
            0.348193,
            0.334163,
            0.319199,
            0.32051699999999994,
            0.161594,
            0.186415,
            0.155388,
            0.16939200000000001,
            0.24482600000000007,
            0.24058100000000007,
            0.20401500000000003,
            0.052634000000000014,
            0,
            0.263104,
            0.23381100000000002,
            0.23170900000000003,
            0.233718,
            0.222581,
            0.22797900000000001,
            0.35733099999999995,
            0.364297,
            0.364247,
            0.35850099999999996
        ],
        [
            0.41348900000000005,
            0.386693,
            0.380695,
            0.407665,
            0.382372,
            0.37830800000000003,
            0.404113,
            0.390083,
            0.37511900000000004,
            0.376437,
            0.29588799999999993,
            0.32070899999999997,
            0.289682,
            0.303686,
            0.37912,
            0.37487500000000007,
            0.33830899999999997,
            0.238964,
            0.263104,
            0,
            0.14550300000000002,
            0.14340100000000003,
            0.14541,
            0.134273,
            0.13967100000000002,
            0.41325100000000003,
            0.42021699999999995,
            0.42016699999999996,
            0.41442100000000004
        ],
        [
            0.38419600000000004,
            0.3574,
            0.351402,
            0.378372,
            0.353079,
            0.349015,
            0.37482,
            0.36079,
            0.345826,
            0.347144,
            0.26659499999999997,
            0.291416,
            0.260389,
            0.274393,
            0.34982700000000005,
            0.34558200000000006,
            0.309016,
            0.20967100000000002,
            0.23381100000000002,
            0.14550300000000002,
            0,
            0.00950600000000007,
            0.011515000000000053,
            0.03672199999999998,
            0.04211999999999999,
            0.383958,
            0.39092399999999994,
            0.39087399999999994,
            0.385128
        ],
        [
            0.38209400000000004,
            0.355298,
            0.3493,
            0.37627,
            0.350977,
            0.346913,
            0.372718,
            0.358688,
            0.34372400000000003,
            0.345042,
            0.264493,
            0.28931399999999996,
            0.258287,
            0.272291,
            0.34772500000000006,
            0.34348000000000006,
            0.306914,
            0.20756900000000003,
            0.23170900000000003,
            0.14340100000000003,
            0.00950600000000007,
            0,
            0.00941300000000006,
            0.034619999999999984,
            0.040018,
            0.3818560000000001,
            0.388822,
            0.388772,
            0.3830260000000001
        ],
        [
            0.384103,
            0.357307,
            0.351309,
            0.378279,
            0.35298599999999997,
            0.348922,
            0.374727,
            0.360697,
            0.345733,
            0.347051,
            0.26650199999999996,
            0.291323,
            0.26029599999999997,
            0.2743,
            0.34973400000000004,
            0.34548900000000005,
            0.308923,
            0.20957800000000001,
            0.233718,
            0.14541,
            0.011515000000000053,
            0.00941300000000006,
            0,
            0.03662899999999997,
            0.04202699999999998,
            0.383865,
            0.39083099999999993,
            0.39078099999999993,
            0.385035
        ],
        [
            0.372966,
            0.34617,
            0.340172,
            0.36714199999999997,
            0.34184899999999996,
            0.337785,
            0.36358999999999997,
            0.34956,
            0.334596,
            0.335914,
            0.25536499999999995,
            0.28018599999999994,
            0.24915899999999996,
            0.263163,
            0.33859700000000004,
            0.33435200000000004,
            0.297786,
            0.198441,
            0.222581,
            0.134273,
            0.03672199999999998,
            0.034619999999999984,
            0.03662899999999997,
            0,
            0.009654000000000051,
            0.37272800000000006,
            0.379694,
            0.379644,
            0.37389800000000006
        ],
        [
            0.37836400000000003,
            0.351568,
            0.34557,
            0.37254,
            0.347247,
            0.343183,
            0.368988,
            0.354958,
            0.339994,
            0.341312,
            0.26076299999999997,
            0.28558399999999995,
            0.254557,
            0.268561,
            0.34399500000000005,
            0.33975000000000005,
            0.303184,
            0.20383900000000002,
            0.22797900000000001,
            0.13967100000000002,
            0.04211999999999999,
            0.040018,
            0.04202699999999998,
            0.009654000000000051,
            0,
            0.3781260000000001,
            0.385092,
            0.385042,
            0.3792960000000001
        ],
        [
            0.29579000000000005,
            0.268994,
            0.262996,
            0.289966,
            0.264673,
            0.26060900000000004,
            0.286414,
            0.272384,
            0.25742000000000004,
            0.258738,
            0.390115,
            0.41493599999999997,
            0.38390899999999994,
            0.39791299999999996,
            0.4733470000000001,
            0.469102,
            0.43253600000000003,
            0.333191,
            0.35733099999999995,
            0.41325100000000003,
            0.383958,
            0.3818560000000001,
            0.383865,
            0.37272800000000006,
            0.3781260000000001,
            0,
            0.011064000000000018,
            0.011014000000000024,
            0.00526800000000005
        ],
        [
            0.302756,
            0.27596,
            0.269962,
            0.296932,
            0.27163899999999996,
            0.267575,
            0.29338,
            0.27935,
            0.264386,
            0.265704,
            0.3970809999999999,
            0.4219019999999999,
            0.39087499999999986,
            0.4048789999999999,
            0.480313,
            0.47606799999999994,
            0.43950199999999995,
            0.34015699999999993,
            0.364297,
            0.42021699999999995,
            0.39092399999999994,
            0.388822,
            0.39083099999999993,
            0.379694,
            0.385092,
            0.011064000000000018,
            0,
            0.003942000000000001,
            0.012234000000000023
        ],
        [
            0.30270600000000003,
            0.27591,
            0.269912,
            0.296882,
            0.27158899999999997,
            0.267525,
            0.29333,
            0.2793,
            0.264336,
            0.265654,
            0.3970309999999999,
            0.4218519999999999,
            0.39082499999999987,
            0.4048289999999999,
            0.480263,
            0.47601799999999994,
            0.43945199999999995,
            0.34010699999999994,
            0.364247,
            0.42016699999999996,
            0.39087399999999994,
            0.388772,
            0.39078099999999993,
            0.379644,
            0.385042,
            0.011014000000000024,
            0.003942000000000001,
            0,
            0.012184000000000028
        ],
        [
            0.29696000000000006,
            0.270164,
            0.264166,
            0.291136,
            0.265843,
            0.26177900000000004,
            0.287584,
            0.273554,
            0.25859000000000004,
            0.25990800000000003,
            0.391285,
            0.416106,
            0.38507899999999995,
            0.39908299999999997,
            0.4745170000000001,
            0.470272,
            0.43370600000000004,
            0.334361,
            0.35850099999999996,
            0.41442100000000004,
            0.385128,
            0.3830260000000001,
            0.385035,
            0.37389800000000006,
            0.3792960000000001,
            0.00526800000000005,
            0.012234000000000023,
            0.012184000000000028,
            0
        ]
    ],
    "NODE_MAPPING": {
        "0": "1",
        "1": "2",
        "2": "3",
        "3": "4",
        "4": "5",
        "5": "6",
        "6": "7",
        "7": "8",
        "8": "9",
        "9": "10",
        "10": "11",
        "11": "12",
        "12": "13",
        "13": "14",
        "14": "15",
        "15": "16",
        "16": "17",
        "17": "18",
        "18": "19",
        "19": "20",
        "20": "21",
        "21": "22",
        "22": "23",
        "23": "24",
        "24": "25",
        "25": "26",
        "26": "27",
        "27": "28",
        "28": "29"
    }
}