{
    "NEXUS_FILE_URL": "http://purl.org/phylo/treebase/phylows/study/TB2:S15442",
    "NEWICK_TREE": "(1:1.623294,5:0.1070475,(2:0.006551246,4:0.006638059,3:0.006781236,(((6:0.02266057,9:0.01436374,17:0.005915505,(28:0.006448027,36:0.04977395):0.02398198):0.01536489,30:0.02582246):0.02543159,14:0.01717291,19:0.007374844,26:0.01581117,29:0.03642041,38:0.02530583,39:0.01629234):0.0166363,7:0.0448185,8:0.006614083,(10:0.01563577,25:0.01486319):0.02162756,11:0.03554011,(12:0.02480347,32:0.006724413):0.01575598,13:0.01572386,15:0.02461178,16:0.01535947,18:0.01510856,20:0.01527041,21:0.006660062,22:0.02640838,23:0.006022563,24:0.0107993,27:0.02513735,31:0.08015865,33:0.006154729,34:0.0319132,35:0.01587142,37:0.04391774,40:0.006863461,41:0.09299545,42:0.03054894):0.1194071);",
    "DISTANCE_MATRIX": [
        [
            0.0,
            1.7303415,
            1.749252346,
            1.749339159,
            1.749482336,
            1.82279445,
            1.81449762,
            1.8060493850000001,
            1.830563887,
            1.87388981,
            1.81059145,
            1.77651031,
            1.766712244,
            1.77514857,
            1.79575781,
            1.78464323,
            1.77562974,
            1.7875196,
            1.749315183,
            1.77996443,
            1.7791918500000001,
            1.77824121,
            1.78326055,
            1.765181493,
            1.75842496,
            1.76731288,
            1.75806057,
            1.75780966,
            1.75797151,
            1.749361162,
            1.76910948,
            1.748723663,
            1.7535004,
            1.76783845,
            1.8228597500000001,
            1.748855829,
            1.7746143,
            1.75857252,
            1.78661884,
            1.7495645610000001,
            1.83569655,
            1.77325004
        ],
        [
            1.7303415,
            0.0,
            0.23300584600000002,
            0.23309265899999998,
            0.23323583600000003,
            0.30654795,
            0.29825112000000004,
            0.289802885,
            0.314317387,
            0.35764331000000005,
            0.29434495,
            0.26026381,
            0.250465744,
            0.25890207,
            0.27951131,
            0.26839673000000003,
            0.25938324,
            0.2712731,
            0.233068683,
            0.26371793,
            0.26294535,
            0.26199471,
            0.26701405,
            0.248934993,
            0.24217845999999998,
            0.25106638000000003,
            0.24181407,
            0.24156316,
            0.24172501000000002,
            0.23311466200000003,
            0.25286298,
            0.232477163,
            0.23725390000000002,
            0.25159195,
            0.30661325,
            0.23260932900000003,
            0.25836780000000004,
            0.24232602000000003,
            0.27037234,
            0.23331806100000002,
            0.31945005,
            0.25700354000000003
        ],
        [
            1.749252346,
            0.23300584600000002,
            0.0,
            0.013189305,
            0.013332482,
            0.086644596,
            0.078347766,
            0.069899531,
            0.094414033,
            0.13773995600000002,
            0.07444159599999998,
            0.040360456,
            0.03056239,
            0.038998716,
            0.059607956000000004,
            0.048493376000000005,
            0.03947988599999999,
            0.051369745999999994,
            0.013165329,
            0.043814575999999994,
            0.043041996,
            0.042091355999999996,
            0.047110695999999994,
            0.029031639,
            0.022275106,
            0.031163026,
            0.021910716,
            0.021659806,
            0.021821656000000002,
            0.013211308,
            0.032959626,
            0.012573809,
            0.017350546,
            0.031688596,
            0.086709896,
            0.012705975000000001,
            0.038464446,
            0.022422666,
            0.05046898599999999,
            0.013414707000000001,
            0.09954669599999999,
            0.037100186
        ],
        [
            1.749339159,
            0.23309265899999998,
            0.013189305,
            0.0,
            0.013419295000000001,
            0.08673140900000001,
            0.078434579,
            0.069986344,
            0.094500846,
            0.13782676900000002,
            0.07452840899999999,
            0.040447269,
            0.030649203,
            0.039085529,
            0.059694769,
            0.048580189,
            0.039566699,
            0.051456559,
            0.013252142,
            0.043901389,
            0.043128809000000004,
            0.042178169,
            0.047197509,
            0.029118452000000003,
            0.022361919,
            0.031249839,
            0.021997529000000002,
            0.021746619000000002,
            0.021908469,
            0.013298121,
            0.033046439,
            0.012660622,
            0.017437359,
            0.031775409,
            0.086796709,
            0.012792788,
            0.038551259000000004,
            0.022509479,
            0.050555799,
            0.01350152,
            0.099633509,
            0.037186999
        ],
        [
            1.749482336,
            0.23323583600000003,
            0.013332482,
            0.013419295000000001,
            0.0,
            0.086874586,
            0.078577756,
            0.070129521,
            0.094644023,
            0.137969946,
            0.07467158599999998,
            0.040590446,
            0.030792379999999998,
            0.039228706,
            0.059837946,
            0.048723366000000004,
            0.039709876,
            0.051599736,
            0.013395319,
            0.044044566,
            0.043271986000000005,
            0.042321346,
            0.047340686,
            0.029261629,
            0.022505096,
            0.031393016,
            0.022140706,
            0.021889796,
            0.022051646,
            0.013441298,
            0.033189616,
            0.012803799000000001,
            0.017580536,
            0.031918586,
            0.086939886,
            0.012935965,
            0.038694436000000006,
            0.022652656,
            0.050698976,
            0.013644697,
            0.09977668599999999,
            0.037330176
        ],
        [
            1.82279445,
            0.30654795,
            0.086644596,
            0.08673140900000001,
            0.086874586,
            0.0,
            0.037024310000000005,
            0.028576075,
            0.053090577,
            0.0964165,
            0.06384792,
            0.08062996,
            0.070831894,
            0.07926822,
            0.09987746,
            0.08876288,
            0.07974939,
            0.12491185,
            0.086707433,
            0.11735668,
            0.11658410000000001,
            0.11563346000000001,
            0.1206528,
            0.10257374300000001,
            0.09581721000000001,
            0.10470513000000001,
            0.09545282000000001,
            0.09520191,
            0.09536376,
            0.086753412,
            0.10650173,
            0.086115913,
            0.09089265,
            0.10523070000000001,
            0.160252,
            0.086248079,
            0.11200655000000001,
            0.09596477,
            0.12401109,
            0.08695681100000001,
            0.1730888,
            0.11064229
        ],
        [
            1.81449762,
            0.29825112000000004,
            0.078347766,
            0.078434579,
            0.078577756,
            0.037024310000000005,
            0.0,
            0.020279245,
            0.044793747,
            0.08811967,
            0.05555109,
            0.07233313,
            0.062535064,
            0.07097139,
            0.09158063,
            0.08046605,
            0.07145256,
            0.11661502,
            0.078410603,
            0.10905985,
            0.10828727,
            0.10733663,
            0.11235597,
            0.094276913,
            0.08752038000000001,
            0.0964083,
            0.08715599,
            0.08690508,
            0.08706693,
            0.078456582,
            0.0982049,
            0.077819083,
            0.08259582,
            0.09693387,
            0.15195517,
            0.077951249,
            0.10370972,
            0.08766794,
            0.11571426,
            0.078659981,
            0.16479197,
            0.10234546
        ],
        [
            1.8060493850000001,
            0.289802885,
            0.069899531,
            0.069986344,
            0.070129521,
            0.028576075,
            0.020279245,
            0.0,
            0.036345512,
            0.079671435,
            0.047102855,
            0.063884895,
            0.054086828999999996,
            0.062523155,
            0.083132395,
            0.072017815,
            0.063004325,
            0.108166785,
            0.069962368,
            0.100611615,
            0.099839035,
            0.098888395,
            0.103907735,
            0.085828678,
            0.07907214500000001,
            0.087960065,
            0.078707755,
            0.078456845,
            0.078618695,
            0.070008347,
            0.089756665,
            0.069370848,
            0.074147585,
            0.088485635,
            0.143506935,
            0.069503014,
            0.095261485,
            0.079219705,
            0.107266025,
            0.070211746,
            0.15634373499999998,
            0.093897225
        ],
        [
            1.830563887,
            0.314317387,
            0.094414033,
            0.094500846,
            0.094644023,
            0.053090577,
            0.044793747,
            0.036345512,
            0.0,
            0.056221977,
            0.07161735699999999,
            0.088399397,
            0.07860133100000001,
            0.087037657,
            0.107646897,
            0.096532317,
            0.08751882700000001,
            0.13268128699999998,
            0.09447686999999999,
            0.12512611699999998,
            0.124353537,
            0.123402897,
            0.128422237,
            0.11034318,
            0.103586647,
            0.112474567,
            0.103222257,
            0.10297134699999999,
            0.103133197,
            0.09452284899999999,
            0.11427116699999999,
            0.09388534999999999,
            0.098662087,
            0.113000137,
            0.168021437,
            0.094017516,
            0.119775987,
            0.103734207,
            0.13178052699999998,
            0.094726248,
            0.18085823699999998,
            0.118411727
        ],
        [
            1.87388981,
            0.35764331000000005,
            0.13773995600000002,
            0.13782676900000002,
            0.137969946,
            0.0964165,
            0.08811967,
            0.079671435,
            0.056221977,
            0.0,
            0.11494328000000001,
            0.13172532,
            0.12192725400000001,
            0.13036358,
            0.15097282,
            0.13985824000000002,
            0.13084475,
            0.17600721000000003,
            0.137802793,
            0.16845204000000003,
            0.16767946,
            0.16672882,
            0.17174816,
            0.15366910300000003,
            0.14691257000000002,
            0.15580049,
            0.14654818000000003,
            0.14629727,
            0.14645912000000003,
            0.137848772,
            0.15759709000000002,
            0.13721127300000002,
            0.14198801000000003,
            0.15632606000000002,
            0.21134736,
            0.137343439,
            0.16310191000000002,
            0.14706013,
            0.17510645000000002,
            0.138052171,
            0.22418416000000002,
            0.16173765
        ],
        [
            1.81059145,
            0.29434495,
            0.07444159599999998,
            0.07452840899999999,
            0.07467158599999998,
            0.06384792,
            0.05555109,
            0.047102855,
            0.07161735699999999,
            0.11494328000000001,
            0.0,
            0.06842696,
            0.058628893999999994,
            0.06706522,
            0.08767446,
            0.07655988,
            0.06754639,
            0.11270884999999999,
            0.07450443299999998,
            0.10515367999999999,
            0.10438109999999999,
            0.10343045999999999,
            0.10844979999999999,
            0.09037074299999999,
            0.08361421,
            0.09250212999999999,
            0.08324981999999999,
            0.08299890999999998,
            0.08316075999999999,
            0.07455041199999998,
            0.09429872999999998,
            0.07391291299999998,
            0.07868964999999999,
            0.09302769999999999,
            0.148049,
            0.07404507899999999,
            0.09980354999999999,
            0.08376176999999999,
            0.11180808999999998,
            0.07475381099999999,
            0.16088579999999997,
            0.09843928999999998
        ],
        [
            1.77651031,
            0.26026381,
            0.040360456,
            0.040447269,
            0.040590446,
            0.08062996,
            0.07233313,
            0.063884895,
            0.088399397,
            0.13172532,
            0.06842696,
            0.0,
            0.024547753999999998,
            0.03298408,
            0.05359332,
            0.04247874,
            0.03346525,
            0.07862770999999999,
            0.040423293,
            0.07107253999999999,
            0.07029996,
            0.06934931999999999,
            0.07436866,
            0.056289603,
            0.04953307,
            0.05842099,
            0.04916868,
            0.04891777,
            0.04907962,
            0.040469272,
            0.06021759,
            0.039831773,
            0.04460851,
            0.058946559999999995,
            0.11396786,
            0.039963939,
            0.06572241000000001,
            0.04968063,
            0.07772694999999999,
            0.040672671,
            0.12680465999999999,
            0.06435815
        ],
        [
            1.766712244,
            0.250465744,
            0.03056239,
            0.030649203,
            0.030792379999999998,
            0.070831894,
            0.062535064,
            0.054086828999999996,
            0.07860133100000001,
            0.12192725400000001,
            0.058628893999999994,
            0.024547753999999998,
            0.0,
            0.023186013999999998,
            0.043795254,
            0.032680674,
            0.023667184,
            0.068829644,
            0.030625226999999998,
            0.061274473999999995,
            0.060501894,
            0.059551254,
            0.064570594,
            0.046491537,
            0.039735004,
            0.048622924,
            0.039370614,
            0.039119704,
            0.039281553999999996,
            0.030671206,
            0.05041952399999999,
            0.030033707,
            0.034810443999999996,
            0.049148494,
            0.104169794,
            0.030165873,
            0.055924344,
            0.039882563999999995,
            0.067928884,
            0.030874605,
            0.11700659399999999,
            0.054560083999999995
        ],
        [
            1.77514857,
            0.25890207,
            0.038998716,
            0.039085529,
            0.039228706,
            0.07926822,
            0.07097139,
            0.062523155,
            0.087037657,
            0.13036358,
            0.06706522,
            0.03298408,
            0.023186013999999998,
            0.0,
            0.05223158,
            0.041117,
            0.03210351,
            0.07726596999999999,
            0.039061553,
            0.06971079999999999,
            0.06893822,
            0.06798757999999999,
            0.07300692,
            0.054927863,
            0.04817133,
            0.05705925,
            0.04780694,
            0.04755603,
            0.04771788,
            0.039107532,
            0.05885585,
            0.038470033,
            0.04324677,
            0.057584819999999995,
            0.11260612,
            0.038602199,
            0.06436067000000001,
            0.04831889,
            0.07636520999999999,
            0.039310931,
            0.12544291999999999,
            0.06299641
        ],
        [
            1.79575781,
            0.27951131,
            0.059607956000000004,
            0.059694769,
            0.059837946,
            0.09987746,
            0.09158063,
            0.083132395,
            0.107646897,
            0.15097282,
            0.08767446,
            0.05359332,
            0.043795254,
            0.05223158,
            0.0,
            0.06172624,
            0.05271275,
            0.09787520999999999,
            0.059670793,
            0.09032003999999999,
            0.08954746,
            0.08859681999999999,
            0.09361616,
            0.075537103,
            0.06878057,
            0.07766849,
            0.06841618,
            0.06816527,
            0.06832712,
            0.059716772,
            0.07946509,
            0.059079273,
            0.06385601,
            0.07819406,
            0.13321536,
            0.059211439,
            0.08496991000000001,
            0.06892813,
            0.09697444999999999,
            0.059920171,
            0.14605216,
            0.08360565
        ],
        [
            1.78464323,
            0.26839673000000003,
            0.048493376000000005,
            0.048580189,
            0.048723366000000004,
            0.08876288,
            0.08046605,
            0.072017815,
            0.096532317,
            0.13985824000000002,
            0.07655988,
            0.04247874,
            0.032680674,
            0.041117,
            0.06172624,
            0.0,
            0.041598170000000004,
            0.08676063,
            0.048556213,
            0.07920546,
            0.07843288000000001,
            0.07748224000000001,
            0.08250157999999999,
            0.06442252300000001,
            0.05766599,
            0.06655391,
            0.0573016,
            0.05705069,
            0.05721254,
            0.048602192,
            0.06835051,
            0.047964693,
            0.05274143,
            0.06707948,
            0.12210077999999999,
            0.048096859,
            0.07385533,
            0.057813550000000005,
            0.08585987,
            0.048805591,
            0.13493758,
            0.07249107
        ],
        [
            1.77562974,
            0.25938324,
            0.03947988599999999,
            0.039566699,
            0.039709876,
            0.07974939,
            0.07145256,
            0.063004325,
            0.08751882700000001,
            0.13084475,
            0.06754639,
            0.03346525,
            0.023667184,
            0.03210351,
            0.05271275,
            0.041598170000000004,
            0.0,
            0.07774713999999999,
            0.039542722999999995,
            0.07019196999999999,
            0.06941939,
            0.06846875,
            0.07348808999999999,
            0.055409032999999996,
            0.048652499999999994,
            0.057540419999999995,
            0.048288109999999995,
            0.048037199999999995,
            0.04819904999999999,
            0.039588701999999996,
            0.05933701999999999,
            0.038951203,
            0.04372793999999999,
            0.05806599,
            0.11308729,
            0.03908336899999999,
            0.06484184,
            0.04880005999999999,
            0.07684637999999999,
            0.039792100999999996,
            0.12592409,
            0.06347757999999999
        ],
        [
            1.7875196,
            0.2712731,
            0.051369745999999994,
            0.051456559,
            0.051599736,
            0.12491185,
            0.11661502,
            0.108166785,
            0.13268128699999998,
            0.17600721000000003,
            0.11270884999999999,
            0.07862770999999999,
            0.068829644,
            0.07726596999999999,
            0.09787520999999999,
            0.08676063,
            0.07774713999999999,
            0.0,
            0.051432583,
            0.08208183,
            0.08130925,
            0.08035861,
            0.08537795,
            0.067298893,
            0.060542359999999996,
            0.06943028,
            0.06017797,
            0.05992706,
            0.060088909999999995,
            0.051478562,
            0.07122687999999999,
            0.050841063,
            0.055617799999999995,
            0.06995585,
            0.12497715,
            0.050973228999999995,
            0.0767317,
            0.060689919999999994,
            0.08873624,
            0.051681961,
            0.13781395,
            0.07536744
        ],
        [
            1.749315183,
            0.233068683,
            0.013165329,
            0.013252142,
            0.013395319,
            0.086707433,
            0.078410603,
            0.069962368,
            0.09447686999999999,
            0.137802793,
            0.07450443299999998,
            0.040423293,
            0.030625226999999998,
            0.039061553,
            0.059670793,
            0.048556213,
            0.039542722999999995,
            0.051432583,
            0.0,
            0.043877413,
            0.043104833,
            0.042154193,
            0.047173533,
            0.029094476,
            0.022337943,
            0.031225863,
            0.021973553,
            0.021722643,
            0.021884492999999998,
            0.013274145,
            0.033022463,
            0.012636646,
            0.017413382999999998,
            0.031751432999999996,
            0.08677273299999999,
            0.012768812000000001,
            0.038527283,
            0.022485503,
            0.050531823,
            0.013477544000000001,
            0.099609533,
            0.037163023
        ],
        [
            1.77996443,
            0.26371793,
            0.043814575999999994,
            0.043901389,
            0.044044566,
            0.11735668,
            0.10905985,
            0.100611615,
            0.12512611699999998,
            0.16845204000000003,
            0.10515367999999999,
            0.07107253999999999,
            0.061274473999999995,
            0.06971079999999999,
            0.09032003999999999,
            0.07920546,
            0.07019196999999999,
            0.08208183,
            0.043877413,
            0.0,
            0.03049896,
            0.07280344,
            0.07782278,
            0.059743723,
            0.052987189999999997,
            0.06187511,
            0.0526228,
            0.05237189,
            0.052533739999999995,
            0.043923392,
            0.06367170999999999,
            0.043285893,
            0.048062629999999995,
            0.06240068,
            0.11742198,
            0.043418058999999995,
            0.06917653,
            0.053134749999999994,
            0.08118107,
            0.044126791,
            0.13025878,
            0.06781227
        ],
        [
            1.7791918500000001,
            0.26294535,
            0.043041996,
            0.043128809000000004,
            0.043271986000000005,
            0.11658410000000001,
            0.10828727,
            0.099839035,
            0.124353537,
            0.16767946,
            0.10438109999999999,
            0.07029996,
            0.060501894,
            0.06893822,
            0.08954746,
            0.07843288000000001,
            0.06941939,
            0.08130925,
            0.043104833,
            0.03049896,
            0.0,
            0.07203086,
            0.0770502,
            0.058971143000000004,
            0.05221461,
            0.06110253,
            0.05185022,
            0.05159931,
            0.05176116,
            0.043150812000000004,
            0.06289913,
            0.042513313000000004,
            0.04729005,
            0.061628100000000005,
            0.1166494,
            0.042645479,
            0.06840395,
            0.05236217,
            0.08040849,
            0.043354211000000004,
            0.1294862,
            0.06703969
        ],
        [
            1.77824121,
            0.26199471,
            0.042091355999999996,
            0.042178169,
            0.042321346,
            0.11563346000000001,
            0.10733663,
            0.098888395,
            0.123402897,
            0.16672882,
            0.10343045999999999,
            0.06934931999999999,
            0.059551254,
            0.06798757999999999,
            0.08859681999999999,
            0.07748224000000001,
            0.06846875,
            0.08035861,
            0.042154193,
            0.07280344,
            0.07203086,
            0.0,
            0.07609956,
            0.058020503,
            0.05126397,
            0.06015189,
            0.05089958,
            0.05064867,
            0.05081052,
            0.042200172,
            0.061948489999999995,
            0.041562673,
            0.04633941,
            0.06067746,
            0.11569876,
            0.041694839,
            0.06745331,
            0.05141153,
            0.07945785,
            0.042403571,
            0.12853556,
            0.06608905
        ],
        [
            1.78326055,
            0.26701405,
            0.047110695999999994,
            0.047197509,
            0.047340686,
            0.1206528,
            0.11235597,
            0.103907735,
            0.128422237,
            0.17174816,
            0.10844979999999999,
            0.07436866,
            0.064570594,
            0.07300692,
            0.09361616,
            0.08250157999999999,
            0.07348808999999999,
            0.08537795,
            0.047173533,
            0.07782278,
            0.0770502,
            0.07609956,
            0.0,
            0.031527883,
            0.056283309999999996,
            0.06517123,
            0.05591892,
            0.05566801,
            0.055829859999999995,
            0.047219512,
            0.06696782999999999,
            0.046582013,
            0.051358749999999995,
            0.0656968,
            0.1207181,
            0.046714178999999995,
            0.07247265,
            0.056430869999999994,
            0.08447719,
            0.047422911,
            0.13355489999999998,
            0.07110839
        ],
        [
            1.765181493,
            0.248934993,
            0.029031639,
            0.029118452000000003,
            0.029261629,
            0.10257374300000001,
            0.094276913,
            0.085828678,
            0.11034318,
            0.15366910300000003,
            0.09037074299999999,
            0.056289603,
            0.046491537,
            0.054927863,
            0.075537103,
            0.06442252300000001,
            0.055409032999999996,
            0.067298893,
            0.029094476,
            0.059743723,
            0.058971143000000004,
            0.058020503,
            0.031527883,
            0.0,
            0.038204253,
            0.047092173,
            0.037839863,
            0.037588953,
            0.037750803,
            0.029140455000000003,
            0.048888772999999996,
            0.028502956000000003,
            0.033279693,
            0.047617743000000004,
            0.102639043,
            0.028635122000000002,
            0.054393593000000004,
            0.038351813,
            0.066398133,
            0.029343854000000003,
            0.115475843,
            0.053029333
        ],
        [
            1.75842496,
            0.24217845999999998,
            0.022275106,
            0.022361919,
            0.022505096,
            0.09581721000000001,
            0.08752038000000001,
            0.07907214500000001,
            0.103586647,
            0.14691257000000002,
            0.08361421,
            0.04953307,
            0.039735004,
            0.04817133,
            0.06878057,
            0.05766599,
            0.048652499999999994,
            0.060542359999999996,
            0.022337943,
            0.052987189999999997,
            0.05221461,
            0.05126397,
            0.056283309999999996,
            0.038204253,
            0.0,
            0.04033564,
            0.03108333,
            0.03083242,
            0.030994269999999997,
            0.022383922,
            0.04213224,
            0.021746423,
            0.026523159999999997,
            0.040861209999999995,
            0.09588251,
            0.021878589,
            0.04763706,
            0.03159528,
            0.059641599999999996,
            0.022587321,
            0.10871930999999999,
            0.0462728
        ],
        [
            1.76731288,
            0.25106638000000003,
            0.031163026,
            0.031249839,
            0.031393016,
            0.10470513000000001,
            0.0964083,
            0.087960065,
            0.112474567,
            0.15580049,
            0.09250212999999999,
            0.05842099,
            0.048622924,
            0.05705925,
            0.07766849,
            0.06655391,
            0.057540419999999995,
            0.06943028,
            0.031225863,
            0.06187511,
            0.06110253,
            0.06015189,
            0.06517123,
            0.047092173,
            0.04033564,
            0.0,
            0.03997125,
            0.03972034,
            0.03988219,
            0.031271842,
            0.051020159999999995,
            0.030634343,
            0.03541108,
            0.04974913,
            0.10477043,
            0.030766509,
            0.05652498,
            0.0404832,
            0.06852952,
            0.031475241,
            0.11760723,
            0.055160719999999996
        ],
        [
            1.75806057,
            0.24181407,
            0.021910716,
            0.021997529000000002,
            0.022140706,
            0.09545282000000001,
            0.08715599,
            0.078707755,
            0.103222257,
            0.14654818000000003,
            0.08324981999999999,
            0.04916868,
            0.039370614,
            0.04780694,
            0.06841618,
            0.0573016,
            0.048288109999999995,
            0.06017797,
            0.021973553,
            0.0526228,
            0.05185022,
            0.05089958,
            0.05591892,
            0.037839863,
            0.03108333,
            0.03997125,
            0.0,
            0.03046803,
            0.030629879999999998,
            0.022019532,
            0.041767849999999995,
            0.021382033,
            0.026158769999999998,
            0.04049682,
            0.09551812,
            0.021514199,
            0.04727267,
            0.03123089,
            0.05927721,
            0.022222931,
            0.10835492,
            0.04590841
        ],
        [
            1.75780966,
            0.24156316,
            0.021659806,
            0.021746619000000002,
            0.021889796,
            0.09520191,
            0.08690508,
            0.078456845,
            0.10297134699999999,
            0.14629727,
            0.08299890999999998,
            0.04891777,
            0.039119704,
            0.04755603,
            0.06816527,
            0.05705069,
            0.048037199999999995,
            0.05992706,
            0.021722643,
            0.05237189,
            0.05159931,
            0.05064867,
            0.05566801,
            0.037588953,
            0.03083242,
            0.03972034,
            0.03046803,
            0.0,
            0.030378969999999998,
            0.021768622,
            0.04151694,
            0.021131123,
            0.025907859999999998,
            0.040245909999999996,
            0.09526720999999999,
            0.021263289,
            0.04702176,
            0.03097998,
            0.0590263,
            0.021972021,
            0.10810401,
            0.045657500000000004
        ],
        [
            1.75797151,
            0.24172501000000002,
            0.021821656000000002,
            0.021908469,
            0.022051646,
            0.09536376,
            0.08706693,
            0.078618695,
            0.103133197,
            0.14645912000000003,
            0.08316075999999999,
            0.04907962,
            0.039281553999999996,
            0.04771788,
            0.06832712,
            0.05721254,
            0.04819904999999999,
            0.060088909999999995,
            0.021884492999999998,
            0.052533739999999995,
            0.05176116,
            0.05081052,
            0.055829859999999995,
            0.037750803,
            0.030994269999999997,
            0.03988219,
            0.030629879999999998,
            0.030378969999999998,
            0.0,
            0.021930472,
            0.04167879,
            0.021292973,
            0.02606971,
            0.04040776,
            0.09542906,
            0.021425139,
            0.04718361,
            0.031141830000000002,
            0.059188149999999995,
            0.022133871,
            0.10826585999999999,
            0.04581935
        ],
        [
            1.749361162,
            0.23311466200000003,
            0.013211308,
            0.013298121,
            0.013441298,
            0.086753412,
            0.078456582,
            0.070008347,
            0.09452284899999999,
            0.137848772,
            0.07455041199999998,
            0.040469272,
            0.030671206,
            0.039107532,
            0.059716772,
            0.048602192,
            0.039588701999999996,
            0.051478562,
            0.013274145,
            0.043923392,
            0.043150812000000004,
            0.042200172,
            0.047219512,
            0.029140455000000003,
            0.022383922,
            0.031271842,
            0.022019532,
            0.021768622,
            0.021930472,
            0.0,
            0.033068441999999997,
            0.012682625,
            0.017459362,
            0.031797412,
            0.08681871199999999,
            0.012814790999999999,
            0.038573262000000004,
            0.022531482,
            0.050577802,
            0.013523522999999999,
            0.09965551199999999,
            0.037209002
        ],
        [
            1.76910948,
            0.25286298,
            0.032959626,
            0.033046439,
            0.033189616,
            0.10650173,
            0.0982049,
            0.089756665,
            0.11427116699999999,
            0.15759709000000002,
            0.09429872999999998,
            0.06021759,
            0.05041952399999999,
            0.05885585,
            0.07946509,
            0.06835051,
            0.05933701999999999,
            0.07122687999999999,
            0.033022463,
            0.06367170999999999,
            0.06289913,
            0.061948489999999995,
            0.06696782999999999,
            0.048888772999999996,
            0.04213224,
            0.051020159999999995,
            0.041767849999999995,
            0.04151694,
            0.04167879,
            0.033068441999999997,
            0.0,
            0.032430943,
            0.03720768,
            0.05154573,
            0.10656703,
            0.032563109,
            0.05832158,
            0.0422798,
            0.07032611999999999,
            0.033271840999999996,
            0.11940382999999999,
            0.05695732
        ],
        [
            1.748723663,
            0.232477163,
            0.012573809,
            0.012660622,
            0.012803799000000001,
            0.086115913,
            0.077819083,
            0.069370848,
            0.09388534999999999,
            0.13721127300000002,
            0.07391291299999998,
            0.039831773,
            0.030033707,
            0.038470033,
            0.059079273,
            0.047964693,
            0.038951203,
            0.050841063,
            0.012636646,
            0.043285893,
            0.042513313000000004,
            0.041562673,
            0.046582013,
            0.028502956000000003,
            0.021746423,
            0.030634343,
            0.021382033,
            0.021131123,
            0.021292973,
            0.012682625,
            0.032430943,
            0.0,
            0.016821863,
            0.031159912999999997,
            0.08618121299999999,
            0.012177292,
            0.037935763000000004,
            0.021893983,
            0.049940303,
            0.012886024,
            0.09901801299999999,
            0.036571503
        ],
        [
            1.7535004,
            0.23725390000000002,
            0.017350546,
            0.017437359,
            0.017580536,
            0.09089265,
            0.08259582,
            0.074147585,
            0.098662087,
            0.14198801000000003,
            0.07868964999999999,
            0.04460851,
            0.034810443999999996,
            0.04324677,
            0.06385601,
            0.05274143,
            0.04372793999999999,
            0.055617799999999995,
            0.017413382999999998,
            0.048062629999999995,
            0.04729005,
            0.04633941,
            0.051358749999999995,
            0.033279693,
            0.026523159999999997,
            0.03541108,
            0.026158769999999998,
            0.025907859999999998,
            0.02606971,
            0.017459362,
            0.03720768,
            0.016821863,
            0.0,
            0.03593665,
            0.09095795,
            0.016954029,
            0.0427125,
            0.026670720000000002,
            0.054717039999999995,
            0.017662761,
            0.10379474999999999,
            0.04134824
        ],
        [
            1.76783845,
            0.25159195,
            0.031688596,
            0.031775409,
            0.031918586,
            0.10523070000000001,
            0.09693387,
            0.088485635,
            0.113000137,
            0.15632606000000002,
            0.09302769999999999,
            0.058946559999999995,
            0.049148494,
            0.057584819999999995,
            0.07819406,
            0.06707948,
            0.05806599,
            0.06995585,
            0.031751432999999996,
            0.06240068,
            0.061628100000000005,
            0.06067746,
            0.0656968,
            0.047617743000000004,
            0.040861209999999995,
            0.04974913,
            0.04049682,
            0.040245909999999996,
            0.04040776,
            0.031797412,
            0.05154573,
            0.031159912999999997,
            0.03593665,
            0.0,
            0.105296,
            0.031292079,
            0.057050550000000005,
            0.04100877,
            0.06905509,
            0.032000811,
            0.1181328,
            0.05568629
        ],
        [
            1.8228597500000001,
            0.30661325,
            0.086709896,
            0.086796709,
            0.086939886,
            0.160252,
            0.15195517,
            0.143506935,
