{
    "NEXUS_FILE_URL": "http://purl.org/phylo/treebase/phylows/study/TB2:S12410",
    "NEWICK_TREE": "(((((1:17.49081424328761,2:17.49081424328761):21.673543120794093,(3:29.251957747361615,(4:27.12074572300081,(((((((5:1.578948746176465,(6:1.0020042924759025,7:1.0020042924759025):0.5769444537005484):0.9560142589841547,8:2.534963005160712):4.777358966650297,(9:1.5786526935486904,10:1.5786526935486904):5.733669278262312):3.044727328471808,(11:3.766073347390119,12:3.766073347390119):6.590975952892691):4.536614863311883,(((13:2.85096767108962,14:2.85096767108962):6.574046395939192,15:9.425014067028485):3.7581469135063585,(16:10.325121023201355,17:10.325121023201355):2.8580399573331903):1.7105031830594513):3.7030592133605182,(18:6.340002118228,19:6.340002118228):12.256721258726515):3.2378430168624917,((20:3.4471549349350994,(21:1.8027258245549973,22:1.8027258245549973):1.644429110380102):15.12971355990689,(((23:3.211909176131769,(24:1.8401246281834034,25:1.8401246281834034):1.3717845479481952):7.272989736878031,26:10.484898913009019):5.73566321315743,((27:1.25074482553849,28:1.25074482553849):8.167577910769204,(29:3.6611531193765927,30:3.6611531193765927):5.757169616931215):6.802239389859238):2.356306368675554):3.257697898975003):5.286179329184002):2.1312120243610053):9.912399616720094):10.505146941688885,31:49.66950430577008):18.221565967555,32:67.89107027332597):28.375368514220014,(33:68.72788368434412,34:68.72788368434499):27.538555103202);",
    "DISTANCE_MATRIX": [
        [
            0.0,
            34.98162848657522,
            78.32871472816342,
            78.32871472816362,
            78.32871472816441,
            78.32871472816441,
            78.32871472816441,
            78.32871472816451,
            78.3287147281645,
            78.3287147281645,
            78.3287147281645,
            78.3287147281645,
            78.32871472816444,
            78.32871472816444,
            78.3287147281641,
            78.32871472816382,
            78.32871472816382,
            78.32871472816382,
            78.32871472816382,
            78.32871472816379,
            78.32871472816379,
            78.32871472816379,
            78.32871472816458,
            78.32871472816441,
            78.32871472816441,
            78.32871472816382,
            78.3287147281643,
            78.3287147281643,
            78.32871472816441,
            78.32871472816441,
            99.33900861154066,
            135.78214054665156,
            192.53287757509173,
            192.53287757509258
        ],
        [
            34.98162848657522,
            0.0,
            78.32871472816342,
            78.32871472816362,
            78.32871472816441,
            78.32871472816441,
            78.32871472816441,
            78.32871472816451,
            78.3287147281645,
            78.3287147281645,
            78.3287147281645,
            78.3287147281645,
            78.32871472816444,
            78.32871472816444,
            78.3287147281641,
            78.32871472816382,
            78.32871472816382,
            78.32871472816382,
            78.32871472816382,
            78.32871472816379,
            78.32871472816379,
            78.32871472816379,
            78.32871472816458,
            78.32871472816441,
            78.32871472816441,
            78.32871472816382,
            78.3287147281643,
            78.3287147281643,
            78.32871472816441,
            78.32871472816441,
            99.33900861154066,
            135.78214054665156,
            192.53287757509173,
            192.53287757509258
        ],
        [
            78.32871472816342,
            78.32871472816342,
            0.0,
            58.50391549472343,
            58.50391549472424,
            58.503915494724225,
            58.503915494724225,
            58.50391549472433,
            58.503915494724325,
            58.503915494724325,
            58.503915494724325,
            58.503915494724325,
            58.503915494724254,
            58.503915494724254,
            58.50391549472393,
            58.50391549472363,
            58.50391549472363,
            58.50391549472363,
            58.50391549472363,
            58.503915494723614,
            58.503915494723614,
            58.503915494723614,
            58.50391549472441,
            58.50391549472424,
            58.50391549472424,
            58.50391549472363,
            58.50391549472411,
            58.50391549472411,
            58.503915494724225,
            58.503915494724225,
            99.33900861154068,
            135.78214054665156,
            192.53287757509173,
            192.53287757509258
        ],
        [
            78.32871472816362,
            78.32871472816362,
            58.50391549472343,
            0.0,
            54.24149144600243,
            54.241491446002414,
            54.241491446002414,
            54.24149144600252,
            54.24149144600251,
            54.24149144600251,
            54.24149144600251,
            54.24149144600251,
            54.24149144600244,
            54.24149144600244,
            54.241491446002115,
            54.24149144600182,
            54.24149144600182,
            54.24149144600182,
            54.24149144600182,
            54.2414914460018,
            54.2414914460018,
            54.2414914460018,
            54.2414914460026,
            54.24149144600243,
            54.24149144600243,
            54.24149144600182,
            54.2414914460023,
            54.2414914460023,
            54.241491446002414,
            54.241491446002414,
            99.33900861154088,
            135.78214054665176,
            192.53287757509193,
            192.5328775750928
        ],
        [
            78.32871472816441,
            78.32871472816441,
            58.50391549472424,
            54.24149144600243,
            0.0,
            3.157897492352916,
            3.157897492352916,
            5.069926010321332,
            14.624643943621919,
            14.624643943621919,
            20.714098600565535,
            20.714098600565535,
            29.78732832718923,
            29.78732832718923,
            29.787328327188902,
            29.787328327188604,
            29.787328327188604,
            37.19344675390964,
            37.19344675390964,
            43.66913278763461,
            43.66913278763461,
            43.66913278763461,
            43.669132787635405,
            43.669132787635235,
            43.669132787635235,
            43.669132787634624,
            43.66913278763511,
            43.66913278763511,
            43.66913278763522,
            43.66913278763522,
            99.33900861154169,
            135.78214054665256,
            192.53287757509275,
            192.5328775750936
        ],
        [
            78.32871472816441,
            78.32871472816441,
            58.503915494724225,
            54.241491446002414,
            3.157897492352916,
            0.0,
            2.004008584951805,
            5.069926010321318,
            14.624643943621905,
            14.624643943621905,
            20.71409860056552,
            20.71409860056552,
            29.787328327189215,
            29.787328327189215,
            29.787328327188888,
            29.78732832718859,
            29.78732832718859,
            37.193446753909626,
            37.193446753909626,
            43.669132787634595,
            43.669132787634595,
            43.669132787634595,
            43.66913278763539,
            43.66913278763522,
            43.66913278763522,
            43.66913278763461,
            43.66913278763509,
            43.66913278763509,
            43.669132787635206,
            43.669132787635206,
            99.33900861154167,
            135.78214054665256,
            192.53287757509273,
            192.5328775750936
        ],
        [
            78.32871472816441,
            78.32871472816441,
            58.503915494724225,
            54.241491446002414,
            3.157897492352916,
            2.004008584951805,
            0.0,
            5.069926010321318,
            14.624643943621905,
            14.624643943621905,
            20.71409860056552,
            20.71409860056552,
            29.787328327189215,
            29.787328327189215,
            29.787328327188888,
            29.78732832718859,
            29.78732832718859,
            37.193446753909626,
            37.193446753909626,
            43.669132787634595,
            43.669132787634595,
            43.669132787634595,
            43.66913278763539,
            43.66913278763522,
            43.66913278763522,
            43.66913278763461,
            43.66913278763509,
            43.66913278763509,
            43.669132787635206,
            43.669132787635206,
            99.33900861154167,
            135.78214054665256,
            192.53287757509273,
            192.5328775750936
        ],
        [
            78.32871472816451,
            78.32871472816451,
            58.50391549472433,
            54.24149144600252,
            5.069926010321332,
            5.069926010321318,
            5.069926010321318,
            0.0,
            14.624643943622011,
            14.624643943622011,
            20.714098600565627,
            20.714098600565627,
            29.78732832718932,
            29.78732832718932,
            29.787328327188995,
            29.787328327188696,
            29.787328327188696,
            37.19344675390973,
            37.19344675390973,
            43.6691327876347,
            43.6691327876347,
            43.6691327876347,
            43.6691327876355,
            43.66913278763533,
            43.66913278763533,
            43.669132787634716,
            43.6691327876352,
            43.6691327876352,
            43.66913278763531,
            43.66913278763531,
            99.33900861154177,
            135.78214054665267,
            192.53287757509284,
            192.53287757509372
        ],
        [
            78.3287147281645,
            78.3287147281645,
            58.503915494724325,
            54.24149144600251,
            14.624643943621919,
            14.624643943621905,
            14.624643943621905,
            14.624643943622011,
            0.0,
            3.157305387097381,
            20.71409860056562,
            20.71409860056562,
            29.787328327189314,
            29.787328327189314,
            29.787328327188987,
            29.78732832718869,
            29.78732832718869,
            37.193446753909726,
            37.193446753909726,
            43.669132787634695,
            43.669132787634695,
            43.669132787634695,
            43.66913278763549,
            43.66913278763532,
            43.66913278763532,
            43.66913278763471,
            43.66913278763519,
            43.66913278763519,
            43.669132787635306,
            43.669132787635306,
            99.33900861154177,
            135.78214054665267,
            192.5328775750928,
            192.5328775750937
        ],
        [
            78.3287147281645,
            78.3287147281645,
            58.503915494724325,
            54.24149144600251,
            14.624643943621919,
            14.624643943621905,
            14.624643943621905,
            14.624643943622011,
            3.157305387097381,
            0.0,
            20.71409860056562,
            20.71409860056562,
            29.787328327189314,
            29.787328327189314,
            29.787328327188987,
            29.78732832718869,
            29.78732832718869,
            37.193446753909726,
            37.193446753909726,
            43.669132787634695,
            43.669132787634695,
            43.669132787634695,
            43.66913278763549,
            43.66913278763532,
            43.66913278763532,
            43.66913278763471,
            43.66913278763519,
            43.66913278763519,
            43.669132787635306,
            43.669132787635306,
            99.33900861154177,
            135.78214054665267,
            192.5328775750928,
            192.5328775750937
        ],
        [
            78.3287147281645,
            78.3287147281645,
            58.503915494724325,
            54.24149144600251,
            20.714098600565535,
            20.71409860056552,
            20.71409860056552,
            20.714098600565627,
            20.71409860056562,
            20.71409860056562,
            0.0,
            7.532146694780238,
            29.787328327189314,
            29.787328327189314,
            29.787328327188987,
            29.78732832718869,
            29.78732832718869,
            37.193446753909726,
            37.193446753909726,
            43.669132787634695,
            43.669132787634695,
            43.669132787634695,
            43.66913278763549,
            43.66913278763532,
            43.66913278763532,
            43.66913278763471,
            43.66913278763519,
            43.66913278763519,
            43.669132787635306,
            43.669132787635306,
            99.33900861154177,
            135.78214054665267,
            192.5328775750928,
            192.5328775750937
        ],
        [
            78.3287147281645,
            78.3287147281645,
            58.503915494724325,
            54.24149144600251,
            20.714098600565535,
            20.71409860056552,
            20.71409860056552,
            20.714098600565627,
            20.71409860056562,
            20.71409860056562,
            7.532146694780238,
            0.0,
            29.787328327189314,
            29.787328327189314,
            29.787328327188987,
            29.78732832718869,
            29.78732832718869,
            37.193446753909726,
            37.193446753909726,
            43.669132787634695,
            43.669132787634695,
            43.669132787634695,
            43.66913278763549,
            43.66913278763532,
            43.66913278763532,
            43.66913278763471,
            43.66913278763519,
            43.66913278763519,
            43.669132787635306,
            43.669132787635306,
            99.33900861154177,
            135.78214054665267,
            192.5328775750928,
            192.5328775750937
        ],
        [
            78.32871472816444,
            78.32871472816444,
            58.503915494724254,
            54.24149144600244,
            29.78732832718923,
            29.787328327189215,
            29.787328327189215,
            29.78732832718932,
            29.787328327189314,
            29.787328327189314,
            29.787328327189314,
            29.787328327189314,
            0.0,
            5.70193534217924,
            18.850028134057297,
            26.366321961069715,
            26.366321961069715,
            37.193446753909654,
            37.193446753909654,
            43.669132787634624,
            43.669132787634624,
            43.669132787634624,
            43.66913278763542,
            43.66913278763525,
            43.66913278763525,
            43.66913278763464,
            43.66913278763512,
            43.66913278763512,
            43.669132787635235,
            43.669132787635235,
            99.3390086115417,
            135.78214054665258,
            192.53287757509275,
            192.5328775750936
        ],
        [
            78.32871472816444,
            78.32871472816444,
            58.503915494724254,
            54.24149144600244,
            29.78732832718923,
            29.787328327189215,
            29.787328327189215,
            29.78732832718932,
            29.787328327189314,
            29.787328327189314,
            29.787328327189314,
            29.787328327189314,
            5.70193534217924,
            0.0,
            18.850028134057297,
            26.366321961069715,
            26.366321961069715,
            37.193446753909654,
            37.193446753909654,
            43.669132787634624,
            43.669132787634624,
            43.669132787634624,
            43.66913278763542,
            43.66913278763525,
            43.66913278763525,
            43.66913278763464,
            43.66913278763512,
            43.66913278763512,
            43.669132787635235,
            43.669132787635235,
            99.3390086115417,
            135.78214054665258,
            192.53287757509275,
            192.5328775750936
        ],
        [
            78.3287147281641,
            78.3287147281641,
            58.50391549472393,
            54.241491446002115,
            29.787328327188902,
            29.787328327188888,
            29.787328327188888,
            29.787328327188995,
            29.787328327188987,
            29.787328327188987,
            29.787328327188987,
            29.787328327188987,
            18.850028134057297,
            18.850028134057297,
            0.0,
            26.36632196106939,
            26.36632196106939,
            37.19344675390933,
            37.19344675390933,
            43.6691327876343,
            43.6691327876343,
            43.6691327876343,
            43.66913278763509,
            43.66913278763492,
            43.66913278763492,
            43.66913278763431,
            43.669132787634794,
            43.669132787634794,
            43.66913278763491,
            43.66913278763491,
            99.33900861154137,
            135.78214054665227,
            192.5328775750924,
            192.5328775750933
        ],
        [
            78.32871472816382,
            78.32871472816382,
            58.50391549472363,
            54.24149144600182,
            29.787328327188604,
            29.78732832718859,
            29.78732832718859,
            29.787328327188696,
            29.78732832718869,
            29.78732832718869,
            29.78732832718869,
            29.78732832718869,
            26.366321961069715,
            26.366321961069715,
            26.36632196106939,
            0.0,
            20.65024204640271,
            37.19344675390903,
            37.19344675390903,
            43.669132787634,
            43.669132787634,
            43.669132787634,
            43.669132787634794,
            43.669132787634624,
            43.669132787634624,
            43.66913278763401,
            43.669132787634496,
            43.669132787634496,
            43.66913278763461,
            43.66913278763461,
            99.33900861154108,
            135.78214054665196,
            192.53287757509213,
            192.53287757509298
        ],
        [
            78.32871472816382,
            78.32871472816382,
            58.50391549472363,
            54.24149144600182,
            29.787328327188604,
            29.78732832718859,
            29.78732832718859,
            29.787328327188696,
            29.78732832718869,
            29.78732832718869,
            29.78732832718869,
            29.78732832718869,
            26.366321961069715,
            26.366321961069715,
            26.36632196106939,
            20.65024204640271,
            0.0,
            37.19344675390903,
            37.19344675390903,
            43.669132787634,
            43.669132787634,
            43.669132787634,
            43.669132787634794,
            43.669132787634624,
            43.669132787634624,
            43.66913278763401,
            43.669132787634496,
            43.669132787634496,
            43.66913278763461,
            43.66913278763461,
            99.33900861154108,
            135.78214054665196,
            192.53287757509213,
            192.53287757509298
        ],
        [
            78.32871472816382,
            78.32871472816382,
            58.50391549472363,
            54.24149144600182,
            37.19344675390964,
            37.193446753909626,
            37.193446753909626,
            37.19344675390973,
            37.193446753909726,
            37.193446753909726,
            37.193446753909726,
            37.193446753909726,
            37.193446753909654,
            37.193446753909654,
            37.19344675390933,
            37.19344675390903,
            37.19344675390903,
            0.0,
            12.680004236456,
            43.669132787634,
            43.669132787634,
            43.669132787634,
            43.669132787634794,
            43.669132787634624,
            43.669132787634624,
            43.66913278763401,
            43.669132787634496,
            43.669132787634496,
            43.66913278763461,
            43.66913278763461,
            99.33900861154108,
            135.78214054665196,
            192.53287757509213,
            192.53287757509298
        ],
        [
            78.32871472816382,
            78.32871472816382,
            58.50391549472363,
            54.24149144600182,
            37.19344675390964,
            37.193446753909626,
            37.193446753909626,
            37.19344675390973,
            37.193446753909726,
            37.193446753909726,
            37.193446753909726,
            37.193446753909726,
            37.193446753909654,
            37.193446753909654,
            37.19344675390933,
            37.19344675390903,
            37.19344675390903,
            12.680004236456,
            0.0,
            43.669132787634,
            43.669132787634,
            43.669132787634,
            43.669132787634794,
            43.669132787634624,
            43.669132787634624,
            43.66913278763401,
            43.669132787634496,
            43.669132787634496,
            43.66913278763461,
            43.66913278763461,
            99.33900861154108,
            135.78214054665196,
            192.53287757509213,
            192.53287757509298
        ],
        [
            78.32871472816379,
            78.32871472816379,
            58.503915494723614,
            54.2414914460018,
            43.66913278763461,
            43.669132787634595,
            43.669132787634595,
            43.6691327876347,
            43.669132787634695,
            43.669132787634695,
            43.669132787634695,
            43.669132787634695,
            43.669132787634624,
            43.669132787634624,
            43.6691327876343,
            43.669132787634,
            43.669132787634,
            43.669132787634,
            43.669132787634,
            0.0,
            6.894309869870199,
            6.894309869870199,
            37.153736989684774,
            37.1537369896846,
            37.1537369896846,
            37.15373698968399,
            37.153736989684475,
            37.153736989684475,
            37.15373698968459,
            37.15373698968459,
            99.33900861154106,
            135.78214054665193,
            192.53287757509213,
            192.53287757509298
        ],
        [
            78.32871472816379,
            78.32871472816379,
            58.503915494723614,
            54.2414914460018,
            43.66913278763461,
            43.669132787634595,
            43.669132787634595,
            43.6691327876347,
            43.669132787634695,
            43.669132787634695,
            43.669132787634695,
            43.669132787634695,
            43.669132787634624,
            43.669132787634624,
            43.6691327876343,
            43.669132787634,
            43.669132787634,
            43.669132787634,
            43.669132787634,
            6.894309869870199,
            0.0,
            3.6054516491099946,
            37.153736989684774,
            37.1537369896846,
            37.1537369896846,
            37.15373698968399,
            37.153736989684475,
            37.153736989684475,
            37.15373698968459,
            37.15373698968459,
            99.33900861154106,
            135.78214054665193,
            192.53287757509213,
            192.53287757509298
        ],
        [
            78.32871472816379,
            78.32871472816379,
            58.503915494723614,
            54.2414914460018,
            43.66913278763461,
            43.669132787634595,
            43.669132787634595,
            43.6691327876347,
            43.669132787634695,
            43.669132787634695,
            43.669132787634695,
            43.669132787634695,
            43.669132787634624,
            43.669132787634624,
            43.6691327876343,
            43.669132787634,
            43.669132787634,
            43.669132787634,
            43.669132787634,
            6.894309869870199,
            3.6054516491099946,
            0.0,
            37.153736989684774,
            37.1537369896846,
            37.1537369896846,
            37.15373698968399,
            37.153736989684475,
            37.153736989684475,
            37.15373698968459,
            37.15373698968459,
            99.33900861154106,
            135.78214054665193,
            192.53287757509213,
            192.53287757509298
        ],
        [
            78.32871472816458,
            78.32871472816458,
            58.50391549472441,
            54.2414914460026,
            43.669132787635405,
            43.66913278763539,
            43.66913278763539,
            43.6691327876355,
            43.66913278763549,
            43.66913278763549,
            43.66913278763549,
            43.66913278763549,
            43.66913278763542,
            43.66913278763542,
            43.66913278763509,
            43.669132787634794,
            43.669132787634794,
            43.669132787634794,
            43.669132787634794,
            37.153736989684774,
            37.153736989684774,
            37.153736989684774,
            0.0,
            6.423818352263368,
            6.423818352263368,
            20.96979782601882,
            32.44112425233416,
            32.44112425233416,
            32.441124252334276,
            32.441124252334276,
            99.33900861154186,
            135.78214054665273,
            192.53287757509293,
            192.53287757509378
        ],
        [
            78.32871472816441,
            78.32871472816441,
            58.50391549472424,
            54.24149144600243,
            43.669132787635235,
            43.66913278763522,
            43.66913278763522,
            43.66913278763533,
            43.66913278763532,
            43.66913278763532,
            43.66913278763532,
            43.66913278763532,
            43.66913278763525,
            43.66913278763525,
            43.66913278763492,
            43.669132787634624,
            43.669132787634624,
            43.669132787634624,
            43.669132787634624,
            37.1537369896846,
            37.1537369896846,
            37.1537369896846,
            6.423818352263368,
            0.0,
            3.6802492563668068,
            20.96979782601865,
            32.44112425233399,
            32.44112425233399,
            32.441124252334106,
            32.441124252334106,
            99.33900861154169,
            135.78214054665256,
            192.53287757509275,
            192.5328775750936
        ],
        [
            78.32871472816441,
            78.32871472816441,
            58.50391549472424,
            54.24149144600243,
            43.669132787635235,
            43.66913278763522,
            43.66913278763522,
            43.66913278763533,
            43.66913278763532,
            43.66913278763532,
            43.66913278763532,
            43.66913278763532,
            43.66913278763525,
            43.66913278763525,
            43.66913278763492,
            43.669132787634624,
            43.669132787634624,
            43.669132787634624,
            43.669132787634624,
            37.1537369896846,
            37.1537369896846,
            37.1537369896846,
            6.423818352263368,
            3.6802492563668068,
            0.0,
            20.96979782601865,
            32.44112425233399,
            32.44112425233399,
            32.441124252334106,
            32.441124252334106,
            99.33900861154169,
            135.78214054665256,
            192.53287757509275,
            192.5328775750936
        ],
        [
            78.32871472816382,
            78.32871472816382,
            58.50391549472363,
            54.24149144600182,
            43.669132787634624,
            43.66913278763461,
            43.66913278763461,
            43.669132787634716,
            43.66913278763471,
            43.66913278763471,
            43.66913278763471,
            43.66913278763471,
            43.66913278763464,
            43.66913278763464,
            43.66913278763431,
            43.66913278763401,
            43.66913278763401,
            43.66913278763401,
            43.66913278763401,
            37.15373698968399,
            37.15373698968399,
            37.15373698968399,
            20.96979782601882,
            20.96979782601865,
            20.96979782601865,
            0.0,
            32.44112425233338,
            32.44112425233338,
            32.441124252333495,
            32.441124252333495,
            99.33900861154108,
            135.78214054665196,
            192.53287757509213,
            192.53287757509298
        ],
        [
            78.3287147281643,
            78.3287147281643,
            58.50391549472411,
            54.2414914460023,
            43.66913278763511,
            43.66913278763509,
            43.66913278763509,
            43.6691327876352,
            43.66913278763519,
            43.66913278763519,
            43.66913278763519,
            43.66913278763519,
            43.66913278763512,
            43.66913278763512,
            43.669132787634794,
            43.669132787634496,
            43.669132787634496,
            43.669132787634496,
            43.669132787634496,
            37.153736989684475,
            37.153736989684475,
            37.153736989684475,
            32.44112425233416,
            32.44112425233399,
            32.44112425233399,
            32.44112425233338,
            0.0,
            2.50148965107698,
            18.8366454726155,
            18.8366454726155,
            99.33900861154156,
            135.78214054665244,
            192.5328775750926,
            192.5328775750935
        ],
        [
            78.3287147281643,
            78.3287147281643,
            58.50391549472411,
            54.2414914460023,
            43.66913278763511,
            43.66913278763509,
            43.66913278763509,
            43.6691327876352,
            43.66913278763519,
            43.66913278763519,
            43.66913278763519,
            43.66913278763519,
            43.66913278763512,
            43.66913278763512,
            43.669132787634794,
            43.669132787634496,
            43.669132787634496,
            43.669132787634496,
            43.669132787634496,
            37.153736989684475,
            37.153736989684475,
            37.153736989684475,
            32.44112425233416,
            32.44112425233399,
            32.44112425233399,
            32.44112425233338,
            2.50148965107698,
            0.0,
            18.8366454726155,
            18.8366454726155,
            99.33900861154156,
            135.78214054665244,
            192.5328775750926,
            192.5328775750935
        ],
        [
            78.32871472816441,
            78.32871472816441,
            58.503915494724225,
            54.241491446002414,
            43.66913278763522,
            43.669132787635206,
            43.669132787635206,
            43.66913278763531,
            43.669132787635306,
            43.669132787635306,
            43.669132787635306,
            43.669132787635306,
            43.669132787635235,
            43.669132787635235,
            43.66913278763491,
            43.66913278763461,
            43.66913278763461,
            43.66913278763461,
            43.66913278763461,
            37.15373698968459,
            37.15373698968459,
            37.15373698968459,
            32.441124252334276,
            32.441124252334106,
            32.441124252334106,
            32.441124252333495,
            18.8366454726155,
            18.8366454726155,
            0.0,
            7.322306238753185,
            99.33900861154167,
            135.78214054665256,
            192.53287757509273,
            192.5328775750936
        ],
        [
            78.32871472816441,
            78.32871472816441,
            58.503915494724225,
            54.241491446002414,
            43.66913278763522,
            43.669132787635206,
            43.669132787635206,
            43.66913278763531,
            43.669132787635306,
            43.669132787635306,
            43.669132787635306,
            43.669132787635306,
            43.669132787635235,
            43.669132787635235,
            43.66913278763491,
            43.66913278763461,
            43.66913278763461,
            43.66913278763461,
            43.66913278763461,
            37.15373698968459,
            37.15373698968459,
            37.15373698968459,
            32.441124252334276,
            32.441124252334106,
            32.441124252334106,
            32.441124252333495,
            18.8366454726155,
            18.8366454726155,
            7.322306238753185,
            0.0,
            99.33900861154167,
            135.78214054665256,
            192.53287757509273,
            192.5328775750936
        ],
        [
            99.33900861154066,
            99.33900861154066,
            99.33900861154068,
            99.33900861154088,
            99.33900861154169,
            99.33900861154167,
            99.33900861154167,
            99.33900861154177,
            99.33900861154177,
            99.33900861154177,
            99.33900861154177,
            99.33900861154177,
            99.3390086115417,
            99.3390086115417,
            99.33900861154137,
            99.33900861154108,
            99.33900861154108,
            99.33900861154108,
            99.33900861154108,
            99.33900861154106,
            99.33900861154106,
            99.33900861154106,
            99.33900861154186,
            99.33900861154169,
            99.33900861154169,
            99.33900861154108,
            99.33900861154156,
            99.33900861154156,
            99.33900861154167,
            99.33900861154167,
            0.0,
            135.78214054665105,
            192.53287757509122,
            192.53287757509207
        ],
        [
            135.78214054665156,
            135.78214054665156,
            135.78214054665156,
            135.78214054665176,
            135.78214054665256,
            135.78214054665256,
            135.78214054665256,
            135.78214054665267,
            135.78214054665267,
            135.78214054665267,
            135.78214054665267,
            135.78214054665267,
            135.78214054665258,
            135.78214054665258,
            135.78214054665227,
            135.78214054665196,
            135.78214054665196,
            135.78214054665196,
            135.78214054665196,
            135.78214054665193,
            135.78214054665193,
            135.78214054665193,
            135.78214054665273,
            135.78214054665256,
            135.78214054665256,
            135.78214054665196,
            135.78214054665244,
            135.78214054665244,
            135.78214054665256,
            135.78214054665256,
            135.78214054665105,
            0.0,
            192.5328775750921,
            192.53287757509298
        ],
        [
            192.53287757509173,
            192.53287757509173,
            192.53287757509173,
            192.53287757509193,
            192.53287757509275,
            192.53287757509273,
            192.53287757509273,
            192.53287757509284,
            192.5328775750928,
            192.5328775750928,
            192.5328775750928,
            192.5328775750928,
            192.53287757509275,
            192.53287757509275,
            192.5328775750924,
            192.53287757509213,
            192.53287757509213,
            192.53287757509213,
            192.53287757509213,
            192.53287757509213,
            192.53287757509213,
            192.53287757509213,
            192.53287757509293,
            192.53287757509275,
            192.53287757509275,
            192.53287757509213,
            192.5328775750926,
            192.5328775750926,
            192.53287757509273,
            192.53287757509273,
            192.53287757509122,
            192.5328775750921,
            0.0,
            137.45576736868912
        ],
        [
            192.53287757509258,
            192.53287757509258,
            192.53287757509258,
            192.5328775750928,
            192.5328775750936,
            192.5328775750936,
            192.5328775750936,
            192.53287757509372,
            192.5328775750937,
            192.5328775750937,
            192.5328775750937,
            192.5328775750937,
            192.5328775750936,
            192.5328775750936,
            192.5328775750933,
            192.53287757509298,
            192.53287757509298,
            192.53287757509298,
            192.53287757509298,
            192.53287757509298,
            192.53287757509298,
            192.53287757509298,
            192.53287757509378,
            192.5328775750936,
            192.5328775750936,
            192.53287757509298,
            192.5328775750935,
            192.5328775750935,
            192.5328775750936,
            192.5328775750936,
            192.53287757509207,
            192.53287757509298,
            137.45576736868912,
            0.0
        ]
    ],
    "NODE_MAPPING": {
        "0": "1",
        "1": "2",
        "2": "3",
        "3": "4",
        "4": "5",
        "5": "6",
        "6": "7",
        "7": "8",
        "8": "9",
        "9": "10",
        "10": "11",
        "11": "12",
        "12": "13",
        "13": "14",
        "14": "15",
        "15": "16",
        "16": "17",
        "17": "18",
        "18": "19",
        "19": "20",
        "20": "21",
        "21": "22",
        "22": "23",
        "23": "24",
        "24": "25",
        "25": "26",
        "26": "27",
        "27": "28",
        "28": "29",
        "29": "30",
        "30": "31",
        "31": "32",
        "32": "33",
        "33": "34"
    }
}