{
    "NEXUS_FILE_URL": "http://purl.org/phylo/treebase/phylows/study/TB2:S13864",
    "NEWICK_TREE": "((32:0.250756756471548,(28:0.035658820469975,29:0.0789356108895257):0.0748102565808098):0.0685812096484993,((30:0.0570528722257251,31:0.04647738374695):0.111387440381376,(27:0.310178785762828,((23:0.00154829065935,(21:0.00268396635935001,22:0.00669695912885):0.00153250105362069):0.0869000834113505,(((17:0.00787250209499996,26:0.00676649471190003):0.0477745529182525,((9:8.70315966625001E-4,(10:8.60031741325E-4,11:8.51015473725005E-4):0.0024973189589771):0.00266340603365819,(6:0.00178631165499999,(7:0.002481827446475,8:0.00266427393945):0.00173707136620407):0.00345468874107144):0.0611302156389995):0.0274194804317395,((15:0.0020214040999,((16:0.00558289809425001,20:0.00606932919674996):0.00109638799900332,(13:0.00531762192629998,(14:8.46052041275002E-4,18:0.003993449259775):0.00217882457937545):0.00199270597931904):0.00182335213558685):0.0479052971013503,((12:0.011650363755,(24:0.00756994081472501,25:0.00668059630122503):0.00335367703410732):0.038553273764475,(19:0.053595021076875,((2:0.00161454666240001,3:0.0015831444628):0.00160687224181092,(1:9.06915267375E-4,(4:0.001757969353575,5:0.003573628919025):0.001692098094):0.00148313572719892):0.0154364246744682):0.060047559440375):0.0194621180245633):0.0251341299502945):0.0694360128010252):0.0938673031502874):0.0406430071705578):0.0569397548230322);",
    "DISTANCE_MATRIX": [
        [
            0,
            0.3612258335223328,
            0.4045026239418835,
            0.5447180335501806,
            0.5341425450714055,
            0.7270995138764653,
            0.5992364053346252,
            0.6019045820882458,
            0.6059175748577459,
            0.6632905795099419,
            0.6621845721268419,
            0.6723074621359721,
            0.6747944968696491,
            0.6747854806020492,
            0.6740147405317602,
            0.6764473276894394,
            0.6766297741824143,
            0.6552848752164947,
            0.6617661093454348,
            0.6622525404479348,
            0.6623971511578006,
            0.660104405852151,
            0.663251803070651,
            0.6750239295592827,
            0.6742971836531151,
            0.673407839139615,
            0.7384628725570577,
            0.7035256950588618,
            0.7034942928592618,
            0.7026943271492248,
            0.7052374793294248,
            0.7070531388948749
        ],
        [
            0.3612258335223328,
            0,
            0.1145944313595007,
            0.4044303541294174,
            0.3938548656506423,
            0.5868118344557021,
            0.458948725913862,
            0.4616169026674827,
            0.4656298954369827,
            0.5230029000891787,
            0.5218968927060788,
            0.5320197827152089,
            0.534506817448886,
            0.534497801181286,
            0.5337270611109971,
            0.5361596482686761,
            0.5363420947616512,
            0.5149971957957316,
            0.5214784299246716,
            0.5219648610271717,
            0.5221094717370374,
            0.5198167264313878,
            0.5229641236498879,
            0.5347362501385196,
            0.5340095042323518,
            0.5331201597188518,
            0.5981751931362944,
            0.5632380156380986,
            0.5632066134384985,
            0.5624066477284616,
            0.5649497999086617,
            0.5667654594741116
        ],
        [
            0.4045026239418835,
            0.1145944313595007,
            0,
            0.4477071445489681,
            0.437131656070193,
            0.6300886248752529,
            0.5022255163334127,
            0.5048936930870334,
            0.5089066858565334,
            0.5662796905087294,
            0.5651736831256294,
            0.5752965731347597,
            0.5777836078684366,
            0.5777745916008368,
            0.5770038515305478,
            0.5794364386882269,
            0.5796188851812019,
            0.5582739862152822,
            0.5647552203442223,
            0.5652416514467223,
            0.5653862621565882,
            0.5630935168509386,
            0.5662409140694386,
            0.5780130405580702,
            0.5772862946519026,
            0.5763969501384025,
            0.6414519835558452,
            0.6065148060576493,
            0.6064834038580493,
            0.6056834381480123,
            0.6082265903282124,
            0.6100422498936624
        ],
        [
            0.5447180335501806,
            0.4044303541294174,
            0.4477071445489681,
            0,
            0.1035302559726751,
            0.5192621055404869,
            0.3913989969986468,
            0.3940671737522675,
            0.3980801665217675,
            0.45545317117396344,
            0.4543471637908635,
            0.46447005379999373,
            0.4669570885336708,
            0.4669480722660708,
            0.46617733219578195,
            0.46860991935346097,
            0.468792365846436,
            0.4474474668805163,
            0.4539287010094565,
            0.4544151321119564,
            0.4545597428218222,
            0.4522669975161726,
            0.4554143947346726,
            0.4671865212233043,
            0.46645977531713667,
            0.4655704308036367,
            0.5306254642210793,
            0.49568828672288345,
            0.4956568845232834,
            0.49485691881324645,
            0.4974000709934464,
            0.49921573055889645
        ],
        [
            0.5341425450714055,
            0.3938548656506423,
            0.437131656070193,
            0.1035302559726751,
            0,
            0.5086866170617118,
            0.3808235085198717,
            0.3834916852734924,
            0.3875046780429924,
            0.44487768269518835,
            0.4437716753120884,
            0.45389456532121863,
            0.4563816000548957,
            0.4563725837872957,
            0.45560184371700685,
            0.45803443087468587,
            0.4582168773676609,
            0.4368719784017412,
            0.4433532125306814,
            0.4438396436331813,
            0.4439842543430471,
            0.4416915090373975,
            0.4448389062558975,
            0.4566110327445292,
            0.4558842868383616,
            0.4549949423248616,
            0.5200499757423042,
            0.48511279824410836,
            0.4850813960445083,
            0.48428143033447135,
            0.4868245825146713,
            0.48864024208012136
        ],
        [
            0.7270995138764653,
            0.5868118344557021,
            0.6300886248752529,
            0.5192621055404869,
            0.5086866170617118,
            0,
            0.4924944629838159,
            0.49516263973743657,
            0.4991756325069366,
            0.5565486371591326,
            0.5554426297760326,
            0.5655655197851628,
            0.5680525545188398,
            0.5680435382512399,
            0.567272798180951,
            0.56970538533863,
            0.5698878318316051,
            0.5485429328656855,
            0.5550241669946255,
            0.5555105980971256,
            0.5556552088069913,
            0.5533624635013417,
            0.5565098607198418,
            0.5682819872084734,
            0.5675552413023057,
            0.5666658967888057,
            0.6317209302062483,
            0.5967837527080525,
            0.5967523505084524,
            0.5959523847984155,
            0.5984955369786156,
            0.6003111965440655
        ],
        [
            0.5992364053346252,
            0.458948725913862,
            0.5022255163334127,
            0.3913989969986468,
            0.3808235085198717,
            0.4924944629838159,
            0,
            0.0057647580723207,
            0.009777750841820691,
            0.24095092231671766,
            0.2398449149336177,
            0.2499678049427479,
            0.252454839676425,
            0.252445823408825,
            0.2516750833385361,
            0.2541076704962152,
            0.2542901169891902,
            0.2329452180232705,
            0.23942645215221067,
            0.2399128832547106,
            0.24005749396457637,
            0.23776474865892683,
            0.24091214587742682,
            0.2526842723660585,
            0.25195752645989083,
            0.25106818194639086,
            0.3161232153638335,
            0.2811860378656376,
            0.2811546356660376,
            0.2803546699560006,
            0.2828978221362006,
            0.2847134817016506
        ],
        [
            0.6019045820882458,
            0.4616169026674827,
            0.5048936930870334,
            0.3940671737522675,
            0.3834916852734924,
            0.49516263973743657,
            0.0057647580723207,
            0,
            0.00938092548820001,
            0.24361909907033835,
            0.2425130916872384,
            0.2526359816963686,
            0.2551230164300457,
            0.2551140001624457,
            0.2543432600921568,
            0.2567758472498359,
            0.2569582937428109,
            0.2356133947768912,
            0.2420946289058314,
            0.2425810600083313,
            0.24272567071819706,
            0.24043292541254752,
            0.2435803226310475,
            0.2553524491196792,
            0.2546257032135115,
            0.25373635870001154,
            0.31879139211745416,
            0.2838542146192583,
            0.2838228124196583,
            0.2830228467096213,
            0.2855659988898213,
            0.2873816584552713
        ],
        [
            0.6059175748577459,
            0.4656298954369827,
            0.5089066858565334,
            0.3980801665217675,
            0.3875046780429924,
            0.4991756325069366,
            0.009777750841820691,
            0.00938092548820001,
            0,
            0.24763209183983836,
            0.2465260844567384,
            0.2566489744658686,
            0.25913600919954566,
            0.2591269929319457,
            0.2583562528616568,
            0.2607888400193359,
            0.2609712865123109,
            0.2396263875463912,
            0.24610762167533135,
            0.2465940527778313,
            0.24673866348769707,
            0.24444591818204753,
            0.24759331540054752,
            0.2593654418891792,
            0.25863869598301154,
            0.25774935146951156,
            0.3228043848869542,
            0.2878672073887583,
            0.2878358051891583,
            0.2870358394791213,
            0.2895789916593213,
            0.2913946512247713
        ],
        [
            0.6632905795099419,
            0.5230029000891787,
            0.5662796905087294,
            0.45545317117396344,
            0.44487768269518835,
            0.5565486371591326,
            0.24095092231671766,
            0.24361909907033835,
            0.24763209183983836,
            0,
            0.01463899680689999,
            0.12031099265253514,
            0.12279802738621225,
            0.12278901111861225,
            0.12201827104832338,
            0.12445085820600246,
            0.12463330469897746,
            0.15812736659653676,
            0.16460860072547695,
            0.16509503182797688,
            0.16523964253784262,
            0.1629468972321931,
            0.1660942944506931,
            0.17786642093932475,
            0.17713967503315708,
            0.1762503305196571,
            0.24130536393709975,
            0.20636818643890387,
            0.20633678423930388,
            0.20553681852926686,
            0.20807997070946688,
            0.2098956302749169
        ],
        [
            0.6621845721268419,
            0.5218968927060788,
            0.5651736831256294,
            0.4543471637908635,
            0.4437716753120884,
            0.5554426297760326,
            0.2398449149336177,
            0.2425130916872384,
            0.2465260844567384,
            0.01463899680689999,
            0,
            0.11920498526943521,
            0.12169202000311233,
            0.12168300373551233,
            0.12091226366522345,
            0.12334485082290253,
            0.12352729731587753,
            0.15702135921343682,
            0.163502593342377,
            0.16398902444487695,
            0.1641336351547427,
            0.16184088984909317,
            0.16498828706759316,
            0.17676041355622482,
            0.17603366765005715,
            0.17514432313655717,
            0.24019935655399982,
            0.20526217905580396,
            0.20523077685620394,
            0.20443081114616696,
            0.20697396332636694,
            0.20878962289181696
        ],
        [
            0.6723074621359721,
            0.5320197827152089,
            0.5752965731347597,
            0.46447005379999373,
            0.45389456532121863,
            0.5655655197851628,
            0.2499678049427479,
            0.2526359816963686,
            0.2566489744658686,
            0.12031099265253514,
            0.11920498526943521,
            0,
            0.004227666666927101,
            0.004218650399327106,
            0.008774722396354621,
            0.011207309554033701,
            0.011389756047008702,
            0.167144249222567,
            0.17362548335150718,
            0.17411191445400712,
            0.17425652516387286,
            0.17196377985822334,
            0.17511117707672333,
            0.18688330356535499,
            0.18615655765918732,
            0.18526721314568734,
            0.25032224656312996,
            0.2153850690649341,
            0.2153536668653341,
            0.2145537011552971,
            0.2170968533354971,
            0.21891251290094713
        ],
        [
            0.6747944968696491,
            0.534506817448886,
            0.5777836078684366,
            0.4669570885336708,
            0.4563816000548957,
            0.5680525545188398,
            0.252454839676425,
            0.2551230164300457,
            0.25913600919954566,
            0.12279802738621225,
            0.12169202000311233,
            0.004227666666927101,
            0,
            0.001711047215050005,
            0.01126175713003172,
            0.0136943442877108,
            0.0138767907806858,
            0.1696312839562441,
            0.17611251808518427,
            0.1765989491876842,
            0.17674355989754997,
            0.17445081459190043,
            0.17759821181040042,
            0.1893703382990321,
            0.18864359239286443,
            0.18775424787936446,
            0.2528092812968071,
            0.21787210379861122,
            0.2178407015990112,
            0.2170407358889742,
            0.21958388806917423,
            0.22139954763462422
        ],
        [
            0.6747854806020492,
            0.534497801181286,
            0.5777745916008368,
            0.4669480722660708,
            0.4563725837872957,
            0.5680435382512399,
            0.252445823408825,
            0.2551140001624457,
            0.2591269929319457,
            0.12278901111861225,
            0.12168300373551233,
            0.004218650399327106,
            0.001711047215050005,
            0,
            0.011252740862431726,
            0.013685328020110805,
            0.013867774513085806,
            0.16962226768864408,
            0.17610350181758427,
            0.17658993292008424,
            0.17673454362994995,
            0.17444179832430046,
            0.17758919554280045,
            0.18936132203143208,
            0.1886345761252644,
            0.18774523161176443,
            0.2528002650292071,
            0.21786308753101122,
            0.21783168533141123,
            0.21703171962137421,
            0.2195748718015742,
            0.22139053136702425
        ],
        [
            0.6740147405317602,
            0.5337270611109971,
            0.5770038515305478,
            0.46617733219578195,
            0.45560184371700685,
            0.567272798180951,
            0.2516750833385361,
            0.2543432600921568,
            0.2583562528616568,
            0.12201827104832338,
            0.12091226366522345,
            0.008774722396354621,
            0.01126175713003172,
            0.011252740862431726,
            0,
            0.006005210467679061,
            0.0061876569606540595,
            0.16885152761835523,
            0.1753327617472954,
            0.17581919284979536,
            0.1759638035596611,
            0.17367105825401158,
            0.17681845547251157,
            0.18859058196114323,
            0.18786383605497556,
            0.18697449154147558,
            0.2520295249589182,
            0.21709234746072237,
            0.21706094526112235,
            0.21626097955108536,
            0.21880413173128535,
            0.22061979129673537
        ],
        [
            0.6764473276894394,
            0.5361596482686761,
            0.5794364386882269,
            0.46860991935346097,
            0.45803443087468587,
            0.56970538533863,
            0.2541076704962152,
            0.2567758472498359,
            0.2607888400193359,
            0.12445085820600246,
            0.12334485082290253,
            0.011207309554033701,
            0.0136943442877108,
            0.013685328020110805,
            0.006005210467679061,
            0,
            0.0051461013859250004,
            0.1712841147760343,
            0.17776534890497447,
            0.17825178000747444,
            0.17839639071734018,
            0.17610364541169066,
            0.17925104263019065,
            0.1910231691188223,
            0.19029642321265464,
            0.18940707869915466,
            0.2544621121165973,
            0.21952493461840145,
            0.21949353241880143,
            0.21869356670876444,
            0.22123671888896443,
            0.22305237845441445
        ],
        [
            0.6766297741824143,
            0.5363420947616512,
            0.5796188851812019,
            0.468792365846436,
            0.4582168773676609,
            0.5698878318316051,
            0.2542901169891902,
            0.2569582937428109,
            0.2609712865123109,
            0.12463330469897746,
            0.12352729731587753,
            0.011389756047008702,
            0.0138767907806858,
            0.013867774513085806,
            0.0061876569606540595,
            0.0051461013859250004,
            0,
            0.1714665612690093,
            0.17794779539794947,
            0.17843422650044943,
            0.17857883721031517,
            0.17628609190466565,
            0.17943348912316565,
            0.1912056156117973,
            0.19047886970562963,
            0.18958952519212965,
            0.2546445586095723,
            0.21970738111137644,
            0.21967597891177643,
            0.21887601320173944,
            0.22141916538193943,
            0.22323482494738944
        ],
        [
            0.6552848752164947,
            0.5149971957957316,
            0.5582739862152822,
            0.4474474668805163,
            0.4368719784017412,
            0.5485429328656855,
            0.2329452180232705,
            0.2356133947768912,
            0.2396263875463912,
            0.15812736659653676,
            0.15702135921343682,
            0.167144249222567,
            0.1696312839562441,
            0.16962226768864408,
            0.16885152761835523,
            0.1712841147760343,
            0.1714665612690093,
            0,
            0.010524042328740178,
            0.01101047343124013,
            0.01115508414110587,
            0.008862338835456342,
            0.01200973605395634,
            0.1195924567452886,
            0.11886571083912092,
            0.11797636632562095,
            0.18303139974306362,
            0.14809422224486773,
            0.14806282004526772,
            0.14726285433523073,
            0.14980600651543072,
            0.15162166608088073
        ],
        [
            0.6617661093454348,
            0.5214784299246716,
            0.5647552203442223,
            0.4539287010094565,
            0.4433532125306814,
            0.5550241669946255,
            0.23942645215221067,
            0.2420946289058314,
            0.24610762167533135,
            0.16460860072547695,
            0.163502593342377,
            0.17362548335150718,
            0.17611251808518427,
            0.17610350181758427,
            0.1753327617472954,
            0.17776534890497447,
            0.17794779539794947,
            0.010524042328740178,
            0,
            0.01165222729099997,
            0.01398961399887235,
            0.011696868693222822,
            0.01484426591172282,
            0.12607369087422876,
            0.1253469449680611,
            0.12445760045456113,
            0.1895126338720038,
            0.1545754563738079,
            0.1545440541742079,
            0.1537440884641709,
            0.15628724064437088,
            0.1581029002098209
        ],
        [
            0.6622525404479348,
            0.5219648610271717,
            0.5652416514467223,
            0.4544151321119564,
            0.4438396436331813,
            0.5555105980971256,
            0.2399128832547106,
            0.2425810600083313,
            0.2465940527778313,
            0.16509503182797688,
            0.16398902444487695,
            0.17411191445400712,
            0.1765989491876842,
            0.17658993292008424,
            0.17581919284979536,
            0.17825178000747444,
            0.17843422650044943,
            0.01101047343124013,
            0.01165222729099997,
            0,
            0.0144760451013723,
            0.012183299795722772,
            0.01533069701422277,
            0.12656012197672872,
            0.12583337607056105,
            0.12494403155706107,
            0.18999906497450375,
            0.15506188747630786,
            0.15503048527670785,
            0.15423051956667086,
            0.15677367174687085,
            0.15858933131232086
        ],
        [
            0.6623971511578006,
            0.5221094717370374,
            0.5653862621565882,
            0.4545597428218222,
            0.4439842543430471,
            0.5556552088069913,
            0.24005749396457637,
            0.24272567071819706,
            0.24673866348769707,
            0.16523964253784262,
            0.1641336351547427,
            0.17425652516387286,
            0.17674355989754997,
            0.17673454362994995,
            0.1759638035596611,
            0.17839639071734018,
            0.17857883721031517,
            0.01115508414110587,
            0.01398961399887235,
            0.0144760451013723,
            0,
            0.008342498546950433,
            0.011489895765450429,
            0.12670473268659446,
            0.1259779867804268,
            0.1250886422669268,
            0.1901436756843695,
            0.1552064981861736,
            0.15517509598657359,
            0.1543751302765366,
            0.15691828245673659,
            0.1587339420221866
        ],
        [
            0.660104405852151,
            0.5198167264313878,
            0.5630935168509386,
            0.4522669975161726,
            0.4416915090373975,
            0.5533624635013417,
            0.23776474865892683,
            0.24043292541254752,
            0.24444591818204753,
            0.1629468972321931,
            0.16184088984909317,
            0.17196377985822334,
            0.17445081459190043,
            0.17444179832430046,
            0.17367105825401158,
            0.17610364541169066,
            0.17628609190466565,
            0.008862338835456342,
            0.011696868693222822,
            0.012183299795722772,
            0.008342498546950433,
            0,
            0.004839501301050002,
            0.12441198738094494,
            0.12368524147477727,
            0.1227958969612773,
            0.18785093037871997,
            0.15291375288052406,
            0.15288235068092407,
            0.15208238497088705,
            0.15462553715108707,
            0.15644119671653706
        ],
        [
            0.663251803070651,
            0.5229641236498879,
            0.5662409140694386,
            0.4554143947346726,
            0.4448389062558975,
            0.5565098607198418,
            0.24091214587742682,
            0.2435803226310475,
            0.24759331540054752,
            0.1660942944506931,
            0.16498828706759316,
            0.17511117707672333,
            0.17759821181040042,
            0.17758919554280045,
            0.17681845547251157,
            0.17925104263019065,
            0.17943348912316565,
            0.01200973605395634,
            0.01484426591172282,
            0.01533069701422277,
            0.011489895765450429,
            0.004839501301050002,
            0,
            0.12755938459944494,
            0.12683263869327727,
            0.1259432941797773,
            0.19099832759721996,
            0.15606115009902405,
            0.15602974789942406,
            0.15522978218938704,
            0.15777293436958706,
            0.15958859393503705
        ],
        [
            0.6750239295592827,
            0.5347362501385196,
            0.5780130405580702,
            0.4671865212233043,
            0.4566110327445292,
            0.5682819872084734,
            0.2526842723660585,
            0.2553524491196792,
            0.2593654418891792,
            0.17786642093932475,
            0.17676041355622482,
            0.18688330356535499,
            0.1893703382990321,
            0.18936132203143208,
            0.18859058196114323,
            0.1910231691188223,
            0.1912056156117973,
            0.1195924567452886,
            0.12607369087422876,
            0.12656012197672872,
            0.12670473268659446,
            0.12441198738094494,
            0.12755938459944494,
            0,
            0.02257398160383233,
            0.021684637090332352,
            0.163846218036725,
            0.12890904053852914,
            0.12887763833892912,
            0.12807767262889214,
            0.13062082480909212,
            0.13243648437454214
        ],
        [
            0.6742971836531151,
            0.5340095042323518,
            0.5772862946519026,
            0.46645977531713667,
            0.4558842868383616,
            0.5675552413023057,
            0.25195752645989083,
            0.2546257032135115,
            0.25863869598301154,
            0.17713967503315708,
            0.17603366765005715,
            0.18615655765918732,
            0.18864359239286443,
            0.1886345761252644,
            0.18786383605497556,
            0.19029642321265464,
            0.19047886970562963,
            0.11886571083912092,
            0.1253469449680611,
            0.12583337607056105,
            0.1259779867804268,
            0.12368524147477727,
            0.12683263869327727,
            0.02257398160383233,
            0,
            0.01425053711595004,
            0.16311947213055733,
            0.12818229463236147,
            0.12815089243276145,
            0.12735092672272447,
            0.12989407890292445,
            0.13170973846837447
        ],
        [
            0.673407839139615,
            0.5331201597188518,
            0.5763969501384025,
            0.4655704308036367,
            0.4549949423248616,
            0.5666658967888057,
            0.25106818194639086,
            0.25373635870001154,
            0.25774935146951156,
            0.1762503305196571,
            0.17514432313655717,
            0.18526721314568734,
            0.18775424787936446,
            0.18774523161176443,
            0.18697449154147558,
            0.18940707869915466,
            0.18958952519212965,
            0.11797636632562095,
            0.12445760045456113,
            0.12494403155706107,
            0.1250886422669268,
            0.1227958969612773,
            0.1259432941797773,
            0.021684637090332352,
            0.01425053711595004,
            0,
            0.16223012761705735,
            0.1272929501188615,
            0.12726154791926148,
            0.1264615822092245,
            0.12900473438942447,
            0.1308203939548745
        ],
        [
            0.7384628725570577,
            0.5981751931362944,
            0.6414519835558452,
            0.5306254642210793,
            0.5200499757423042,
            0.6317209302062483,
            0.3161232153638335,
            0.31879139211745416,
            0.3228043848869542,
            0.24130536393709975,
            0.24019935655399982,
            0.25032224656312996,
            0.2528092812968071,
            0.2528002650292071,
            0.2520295249589182,
            0.2544621121165973,
            0.2546445586095723,
            0.18303139974306362,
            0.1895126338720038,
            0.18999906497450375,
            0.1901436756843695,
            0.18785093037871997,
            0.19099832759721996,
            0.163846218036725,
            0.16311947213055733,
            0.16223012761705735,
            0,
            0.07225286465555414,
            0.07222146245595412,
            0.07142149674591712,
            0.07396464892611712,
            0.07578030849156711
        ],
        [
            0.7035256950588618,
            0.5632380156380986,
            0.6065148060576493,
            0.49568828672288345,
            0.48511279824410836,
            0.5967837527080525,
            0.2811860378656376,
            0.2838542146192583,
            0.2878672073887583,
            0.20636818643890387,
            0.20526217905580396,
            0.2153850690649341,
            0.21787210379861122,
            0.21786308753101122,
            0.21709234746072237,
            0.21952493461840145,
            0.21970738111137644,
            0.14809422224486773,
            0.1545754563738079,
            0.15506188747630786,
            0.1552064981861736,
            0.15291375288052406,
            0.15606115009902405,
            0.12890904053852914,
            0.12818229463236147,
            0.1272929501188615,
            0.07225286465555414,
            0,
            0.00319769112520001,
            0.00561146989878485,
            0.00815462207898485,
            0.00997028164443485
        ],
        [
            0.7034942928592618,
            0.5632066134384985,
            0.6064834038580493,
            0.4956568845232834,
            0.4850813960445083,
            0.5967523505084524,
            0.2811546356660376,
            0.2838228124196583,
            0.2878358051891583,
            0.20633678423930388,
            0.20523077685620394,
            0.2153536668653341,
            0.2178407015990112,
            0.21783168533141123,
            0.21706094526112235,
            0.21949353241880143,
            0.21967597891177643,
            0.14806282004526772,
            0.1545440541742079,
            0.15503048527670785,
            0.15517509598657359,
            0.15288235068092407,
            0.15602974789942406,
            0.12887763833892912,
            0.12815089243276145,
            0.12726154791926148,
            0.07222146245595412,
            0.00319769112520001,
            0,
            0.00558006769918484,
            0.00812321987938484,
            0.00993887944483484
        ],
        [
            0.7026943271492248,
            0.5624066477284616,
            0.6056834381480123,
            0.49485691881324645,
            0.48428143033447135,
            0.5959523847984155,
            0.2803546699560006,
            0.2830228467096213,
            0.2870358394791213,
            0.20553681852926686,
            0.20443081114616696,
            0.2145537011552971,
            0.2170407358889742,
            0.21703171962137421,
            0.21626097955108536,
            0.21869356670876444,
            0.21887601320173944,
            0.14726285433523073,
            0.1537440884641709,
            0.15423051956667086,
            0.1543751302765366,
            0.15208238497088705,
            0.15522978218938704,
            0.12807767262889214,
            0.12735092672272447,
            0.1264615822092245,
            0.07142149674591712,
            0.00561146989878485,
            0.00558006769918484,
            0,
            0.00435698271495,
            0.0061726422804
        ],
        [
            0.7052374793294248,
            0.5649497999086617,
            0.6082265903282124,
            0.4974000709934464,
            0.4868245825146713,
            0.5984955369786156,
            0.2828978221362006,
            0.2855659988898213,
            0.2895789916593213,
            0.20807997070946688,
            0.20697396332636694,
            0.2170968533354971,
            0.21958388806917423,
            0.2195748718015742,
            0.21880413173128535,
            0.22123671888896443,
            0.22141916538193943,
            0.14980600651543072,
            0.15628724064437088,
            0.15677367174687085,
            0.15691828245673659,
            0.15462553715108707,
            0.15777293436958706,
            0.13062082480909212,
            0.12989407890292445,
            0.12900473438942447,
            0.07396464892611712,
            0.00815462207898485,
            0.00812321987938484,
            0.00435698271495,
            0,
            0.0053315982726
        ],
        [
            0.7070531388948749,
            0.5667654594741116,
            0.6100422498936624,
            0.49921573055889645,
            0.48864024208012136,
            0.6003111965440655,
            0.2847134817016506,
            0.2873816584552713,
            0.2913946512247713,
            0.2098956302749169,
            0.20878962289181696,
            0.21891251290094713,
            0.22139954763462422,
            0.22139053136702425,
            0.22061979129673537,
            0.22305237845441445,
            0.22323482494738944,
            0.15162166608088073,
            0.1581029002098209,
            0.15858933131232086,
            0.1587339420221866,
            0.15644119671653706,
            0.15958859393503705,
            0.13243648437454214,
            0.13170973846837447,
            0.1308203939548745,
            0.07578030849156711,
            0.00997028164443485,
            0.00993887944483484,
            0.0061726422804,
            0.0053315982726,
            0
        ]
    ],
    "NODE_MAPPING": {
        "0": "32",
        "1": "28",
        "2": "29",
        "3": "30",
        "4": "31",
        "5": "27",
        "6": "23",
        "7": "21",
        "8": "22",
        "9": "17",
        "10": "26",
        "11": "9",
        "12": "10",
        "13": "11",
        "14": "6",
        "15": "7",
        "16": "8",
        "17": "15",
        "18": "16",
        "19": "20",
        "20": "13",
        "21": "14",
        "22": "18",
        "23": "12",
        "24": "24",
        "25": "25",
        "26": "19",
        "27": "2",
        "28": "3",
        "29": "1",
        "30": "4",
        "31": "5"
    }
}