{
    "NEXUS_FILE_URL": "http://purl.org/phylo/treebase/phylows/study/TB2:S14752",
    "NEWICK_TREE": "(25:0.0224595,((24:0.049027,(22:0.002645,23:0.002631):0.003827):0.01128,(17:0.009755,((5:0.0,20:0.0):0.015643,(6:0.048752,(15:0.019382,(21:0.008705,(19:0.008718,(4:0.0,(16:0.005456,(7:0.0,18:0.0):0.002671):0.002687,((3:0.0,8:0.0):0.005353,(10:0.002664,14:0.0):0.008065,(11:0.0,13:0.0):0.025317,(12:0.0,(1:0.0,2:0.0,9:0.0):0.00422):0.017618):0.005353):0.002052):0.002819):0.005191):0.002425):0.007003):0.004895):0.017252):0.0224595);",
    "DISTANCE_MATRIX": [
        [
            0.0,
            0.10522599999999999,
            0.062671,
            0.06265699999999999,
            0.07192599999999999,
            0.082709,
            0.082709,
            0.12282099999999999,
            0.09587599999999999,
            0.09039,
            0.093222,
            0.086556,
            0.094699,
            0.091914,
            0.091914,
            0.09726199999999999,
            0.09726199999999999,
            0.10263800000000001,
            0.09997400000000001,
            0.117226,
            0.117226,
            0.10952700000000001,
            0.11374700000000001,
            0.11374700000000001,
            0.11374700000000001
        ],
        [
            0.10522599999999999,
            0.0,
            0.055499,
            0.055485,
            0.087314,
            0.098097,
            0.098097,
            0.138209,
            0.111264,
            0.105778,
            0.10861,
            0.101944,
            0.110087,
            0.107302,
            0.107302,
            0.11265,
            0.11265,
            0.118026,
            0.115362,
            0.132614,
            0.132614,
            0.12491500000000001,
            0.129135,
            0.129135,
            0.129135
        ],
        [
            0.062671,
            0.055499,
            0.0,
            0.005276,
            0.044759,
            0.05554200000000001,
            0.05554200000000001,
            0.095654,
            0.068709,
            0.063223,
            0.066055,
            0.059389,
            0.06753200000000001,
            0.064747,
            0.064747,
            0.070095,
            0.070095,
            0.07547100000000001,
            0.07280700000000001,
            0.09005900000000001,
            0.09005900000000001,
            0.08236000000000002,
            0.08658000000000002,
            0.08658000000000002,
            0.08658000000000002
        ],
        [
            0.06265699999999999,
            0.055485,
            0.005276,
            0.0,
            0.044745,
            0.05552800000000001,
            0.05552800000000001,
            0.09564,
            0.068695,
            0.063209,
            0.066041,
            0.059375,
            0.06751800000000001,
            0.064733,
            0.064733,
            0.070081,
            0.070081,
            0.07545700000000001,
            0.07279300000000001,
            0.09004500000000001,
            0.09004500000000001,
            0.08234600000000002,
            0.08656600000000002,
            0.08656600000000002,
            0.08656600000000002
        ],
        [
            0.07192599999999999,
            0.087314,
            0.044759,
            0.044745,
            0.0,
            0.030293,
            0.030293,
            0.070405,
            0.04346,
            0.037973999999999994,
            0.040805999999999995,
            0.034140000000000004,
            0.042283,
            0.039498,
            0.039498,
            0.044846,
            0.044846,
            0.050222,
            0.047558,
            0.06481,
            0.06481,
            0.05711100000000001,
            0.06133100000000001,
            0.06133100000000001,
            0.06133100000000001
        ],
        [
            0.082709,
            0.098097,
            0.05554200000000001,
            0.05552800000000001,
            0.030293,
            0.0,
            0.0,
            0.071398,
            0.044453,
            0.038967,
            0.041799,
            0.035133,
            0.043276,
            0.040491,
            0.040491,
            0.045839000000000005,
            0.045839000000000005,
            0.051215,
            0.048551,
            0.065803,
            0.065803,
            0.058104,
            0.062324000000000004,
            0.062324000000000004,
            0.062324000000000004
        ],
        [
            0.082709,
            0.098097,
            0.05554200000000001,
            0.05552800000000001,
            0.030293,
            0.0,
            0.0,
            0.071398,
            0.044453,
            0.038967,
            0.041799,
            0.035133,
            0.043276,
            0.040491,
            0.040491,
            0.045839000000000005,
            0.045839000000000005,
            0.051215,
            0.048551,
            0.065803,
            0.065803,
            0.058104,
            0.062324000000000004,
            0.062324000000000004,
            0.062324000000000004
        ],
        [
            0.12282099999999999,
            0.138209,
            0.095654,
            0.09564,
            0.070405,
            0.071398,
            0.071398,
            0.0,
            0.070559,
            0.06507299999999999,
            0.067905,
            0.061239,
            0.069382,
            0.06659699999999999,
            0.06659699999999999,
            0.071945,
            0.071945,
            0.077321,
            0.074657,
            0.09190899999999999,
            0.09190899999999999,
            0.08421000000000001,
            0.08843000000000001,
            0.08843000000000001,
            0.08843000000000001
        ],
        [
            0.09587599999999999,
            0.111264,
            0.068709,
            0.068695,
            0.04346,
            0.044453,
            0.044453,
            0.070559,
            0.0,
            0.033278,
            0.03611,
            0.029444,
            0.037587,
            0.034802,
            0.034802,
            0.040150000000000005,
            0.040150000000000005,
            0.045526,
            0.042862,
            0.060114,
            0.060114,
            0.052415,
            0.056635000000000005,
            0.056635000000000005,
            0.056635000000000005
        ],
        [
            0.09039,
            0.105778,
            0.063223,
            0.063209,
            0.037973999999999994,
            0.038967,
            0.038967,
            0.06507299999999999,
            0.033278,
            0.0,
            0.020242,
            0.013576,
            0.021719000000000002,
            0.018934,
            0.018934,
            0.024281999999999998,
            0.024281999999999998,
            0.029657999999999997,
            0.026993999999999997,
            0.044246,
            0.044246,
            0.036547,
            0.040767000000000005,
            0.040767000000000005,
            0.040767000000000005
        ],
        [
            0.093222,
            0.10861,
            0.066055,
            0.066041,
            0.040805999999999995,
            0.041799,
            0.041799,
            0.067905,
            0.03611,
            0.020242,
            0.0,
            0.01077,
            0.018913,
            0.016128,
            0.016128,
            0.021476000000000002,
            0.021476000000000002,
            0.026851999999999997,
            0.024188,
            0.041440000000000005,
            0.041440000000000005,
            0.03374100000000001,
            0.03796100000000001,
            0.03796100000000001,
            0.03796100000000001
        ],
        [
            0.086556,
            0.101944,
            0.059389,
            0.059375,
            0.034140000000000004,
            0.035133,
            0.035133,
            0.061239,
            0.029444,
            0.013576,
            0.01077,
            0.0,
            0.008143000000000001,
            0.005358,
            0.005358,
            0.010706,
            0.010706,
            0.016082,
            0.013418,
            0.03067,
            0.03067,
            0.022971000000000002,
            0.027191000000000003,
            0.027191000000000003,
            0.027191000000000003
        ],
        [
            0.094699,
            0.110087,
            0.06753200000000001,
            0.06751800000000001,
            0.042283,
            0.043276,
            0.043276,
            0.069382,
            0.037587,
            0.021719000000000002,
            0.018913,
            0.008143000000000001,
            0.0,
            0.008127,
            0.008127,
            0.018849,
            0.018849,
            0.024225,
            0.021561,
            0.038813,
            0.038813,
            0.031114000000000003,
            0.035334000000000004,
            0.035334000000000004,
            0.035334000000000004
        ],
        [
            0.091914,
            0.107302,
            0.064747,
            0.064733,
            0.039498,
            0.040491,
            0.040491,
            0.06659699999999999,
            0.034802,
            0.018934,
            0.016128,
            0.005358,
            0.008127,
            0.0,
            0.0,
            0.016064000000000002,
            0.016064000000000002,
            0.02144,
            0.018776,
            0.036028,
            0.036028,
            0.028329,
            0.032549,
            0.032549,
            0.032549
        ],
        [
            0.091914,
            0.107302,
            0.064747,
            0.064733,
            0.039498,
            0.040491,
            0.040491,
            0.06659699999999999,
            0.034802,
            0.018934,
            0.016128,
            0.005358,
            0.008127,
            0.0,
            0.0,
            0.016064000000000002,
            0.016064000000000002,
            0.02144,
            0.018776,
            0.036028,
            0.036028,
            0.028329,
            0.032549,
            0.032549,
            0.032549
        ],
        [
            0.09726199999999999,
            0.11265,
            0.070095,
            0.070081,
            0.044846,
            0.045839000000000005,
            0.045839000000000005,
            0.071945,
            0.040150000000000005,
            0.024281999999999998,
            0.021476000000000002,
            0.010706,
            0.018849,
            0.016064000000000002,
            0.016064000000000002,
            0.0,
            0.0,
            0.016082,
            0.013418,
            0.03067,
            0.03067,
            0.022971000000000002,
            0.027191000000000003,
            0.027191000000000003,
            0.027191000000000003
        ],
        [
            0.09726199999999999,
            0.11265,
            0.070095,
            0.070081,
            0.044846,
            0.045839000000000005,
            0.045839000000000005,
            0.071945,
            0.040150000000000005,
            0.024281999999999998,
            0.021476000000000002,
            0.010706,
            0.018849,
            0.016064000000000002,
            0.016064000000000002,
            0.0,
            0.0,
            0.016082,
            0.013418,
            0.03067,
            0.03067,
            0.022971000000000002,
            0.027191000000000003,
            0.027191000000000003,
            0.027191000000000003
        ],
        [
            0.10263800000000001,
            0.118026,
            0.07547100000000001,
            0.07545700000000001,
            0.050222,
            0.051215,
            0.051215,
            0.077321,
            0.045526,
            0.029657999999999997,
            0.026851999999999997,
            0.016082,
            0.024225,
            0.02144,
            0.02144,
            0.016082,
            0.016082,
            0.0,
            0.002664,
            0.036045999999999995,
            0.036045999999999995,
            0.028347,
            0.032567,
            0.032567,
            0.032567
        ],
        [
            0.09997400000000001,
            0.115362,
            0.07280700000000001,
            0.07279300000000001,
            0.047558,
            0.048551,
            0.048551,
            0.074657,
            0.042862,
            0.026993999999999997,
            0.024188,
            0.013418,
            0.021561,
            0.018776,
            0.018776,
            0.013418,
            0.013418,
            0.002664,
            0.0,
            0.033381999999999995,
            0.033381999999999995,
            0.025683,
            0.029903000000000002,
            0.029903000000000002,
            0.029903000000000002
        ],
        [
            0.117226,
            0.132614,
            0.09005900000000001,
            0.09004500000000001,
            0.06481,
            0.065803,
            0.065803,
            0.09190899999999999,
            0.060114,
            0.044246,
            0.041440000000000005,
            0.03067,
            0.038813,
            0.036028,
            0.036028,
            0.03067,
            0.03067,
            0.036045999999999995,
            0.033381999999999995,
            0.0,
            0.0,
            0.042935,
            0.047155,
            0.047155,
            0.047155
        ],
        [
            0.117226,
            0.132614,
            0.09005900000000001,
            0.09004500000000001,
            0.06481,
            0.065803,
            0.065803,
            0.09190899999999999,
            0.060114,
            0.044246,
            0.041440000000000005,
            0.03067,
            0.038813,
            0.036028,
            0.036028,
            0.03067,
            0.03067,
            0.036045999999999995,
            0.033381999999999995,
            0.0,
            0.0,
            0.042935,
            0.047155,
            0.047155,
            0.047155
        ],
        [
            0.10952700000000001,
            0.12491500000000001,
            0.08236000000000002,
            0.08234600000000002,
            0.05711100000000001,
            0.058104,
            0.058104,
            0.08421000000000001,
            0.052415,
            0.036547,
            0.03374100000000001,
            0.022971000000000002,
            0.031114000000000003,
            0.028329,
            0.028329,
            0.022971000000000002,
            0.022971000000000002,
            0.028347,
            0.025683,
            0.042935,
            0.042935,
            0.0,
            0.00422,
            0.00422,
            0.00422
        ],
        [
            0.11374700000000001,
            0.129135,
            0.08658000000000002,
            0.08656600000000002,
            0.06133100000000001,
            0.062324000000000004,
            0.062324000000000004,
            0.08843000000000001,
            0.056635000000000005,
            0.040767000000000005,
            0.03796100000000001,
            0.027191000000000003,
            0.035334000000000004,
            0.032549,
            0.032549,
            0.027191000000000003,
            0.027191000000000003,
            0.032567,
            0.029903000000000002,
            0.047155,
            0.047155,
            0.00422,
            0.0,
            0.0,
            0.0
        ],
        [
            0.11374700000000001,
            0.129135,
            0.08658000000000002,
            0.08656600000000002,
            0.06133100000000001,
            0.062324000000000004,
            0.062324000000000004,
            0.08843000000000001,
            0.056635000000000005,
            0.040767000000000005,
            0.03796100000000001,
            0.027191000000000003,
            0.035334000000000004,
            0.032549,
            0.032549,
            0.027191000000000003,
            0.027191000000000003,
            0.032567,
            0.029903000000000002,
            0.047155,
            0.047155,
            0.00422,
            0.0,
            0.0,
            0.0
        ],
        [
            0.11374700000000001,
            0.129135,
            0.08658000000000002,
            0.08656600000000002,
            0.06133100000000001,
            0.062324000000000004,
            0.062324000000000004,
            0.08843000000000001,
            0.056635000000000005,
            0.040767000000000005,
            0.03796100000000001,
            0.027191000000000003,
            0.035334000000000004,
            0.032549,
            0.032549,
            0.027191000000000003,
            0.027191000000000003,
            0.032567,
            0.029903000000000002,
            0.047155,
            0.047155,
            0.00422,
            0.0,
            0.0,
            0.0
        ]
    ],
    "NODE_MAPPING": {
        "0": "25",
        "1": "24",
        "2": "22",
        "3": "23",
        "4": "17",
        "5": "5",
        "6": "20",
        "7": "6",
        "8": "15",
        "9": "21",
        "10": "19",
        "11": "4",
        "12": "16",
        "13": "7",
        "14": "18",
        "15": "3",
        "16": "8",
        "17": "10",
        "18": "14",
        "19": "11",
        "20": "13",
        "21": "12",
        "22": "1",
        "23": "2",
        "24": "9"
    }
}