{
    "NEXUS_FILE_URL": "http://purl.org/phylo/treebase/phylows/study/TB2:S14602",
    "NEWICK_TREE": "(16:0.27588826,((15:0.24684364,(13:0.09410277,14:0.08588034):0.13118061):0.07929414,(((6:0.06630387,7:0.07927661):0.07188636,(1:0.12255286,(3:0.07245335,(2:0.04837421,(4:0.03275371,5:0.05233046):0.00783383):0.03185774):0.04587595):0.07322782):0.0274152,((17:0.0594016,(10:0.05725011,18:0.0552127):0.01331759):0.16453028,(8:0.1486651,(11:0.14477089,(19:0.13813302,(9:0.0789954,12:0.0934072):0.01325516):0.04410958):0.04125564):0.01969447):0.02963223):0.06625766):0.27588826);",
    "DISTANCE_MATRIX": [
        [
            0.0,
            0.8779142999999999,
            0.8563540399999999,
            0.8481316099999999,
            0.7836396099999999,
            0.79661235,
            0.84123006,
            0.8370065,
            0.8447851,
            0.83699843,
            0.85657518,
            0.87159829,
            0.88276439,
            0.88072698,
            0.8160259799999999,
            0.85338741,
            0.89085912,
            0.84497666,
            0.85938846
        ],
        [
            0.8779142999999999,
            0.0,
            0.47212702,
            0.46390459,
            0.55800087,
            0.57097361,
            0.61559132,
            0.61136776,
            0.61914636,
            0.61135969,
            0.6309364399999999,
            0.6459595499999999,
            0.65712565,
            0.65508824,
            0.59038724,
            0.62774867,
            0.6652203800000001,
            0.61933792,
            0.63374972
        ],
        [
            0.8563540399999999,
            0.47212702,
            0.0,
            0.17998311,
            0.53644061,
            0.54941335,
            0.59403106,
            0.5898075,
            0.5975861,
            0.58979943,
            0.6093761799999999,
            0.6243992899999999,
            0.63556539,
            0.63352798,
            0.56882698,
            0.60618841,
            0.6436601200000001,
            0.59777766,
            0.61218946
        ],
        [
            0.8481316099999999,
            0.46390459,
            0.17998311,
            0.0,
            0.52821818,
            0.54119092,
            0.58580863,
            0.58158507,
            0.58936367,
            0.581577,
            0.6011537499999999,
            0.6161768599999999,
            0.62734296,
            0.62530555,
            0.56060455,
            0.59796598,
            0.63543769,
            0.58955523,
            0.60396703
        ],
        [
            0.7836396099999999,
            0.55800087,
            0.53644061,
            0.52821818,
            0.0,
            0.14558048,
            0.33397091,
            0.32974735,
            0.33752594999999996,
            0.32973927999999997,
            0.34931603,
            0.41916954,
            0.43033563999999996,
            0.42829823,
            0.36359723,
            0.40095866,
            0.43843037,
            0.39254791,
            0.40695971
        ],
        [
            0.79661235,
            0.57097361,
            0.54941335,
            0.54119092,
            0.14558048,
            0.0,
            0.34694365,
            0.34272009000000003,
            0.35049869,
            0.34271202,
            0.36228877000000004,
            0.43214228,
            0.44330837999999995,
            0.44127097000000004,
            0.37656997000000003,
            0.41393140000000006,
            0.45140311,
            0.40552065000000004,
            0.41993245
        ],
        [
            0.84123006,
            0.61559132,
            0.59403106,
            0.58580863,
            0.33397091,
            0.34694365,
            0.0,
            0.24088216,
            0.24866075999999998,
            0.24087408999999999,
            0.26045084,
            0.47675999,
            0.48792609,
            0.48588867999999996,
            0.42118767999999995,
            0.45854911,
            0.49602082000000003,
            0.45013835999999996,
            0.46455016
        ],
        [
            0.8370065,
            0.61136776,
            0.5898075,
            0.58158507,
            0.32974735,
            0.34272009000000003,
            0.24088216,
            0.0,
            0.1526853,
            0.14489863,
            0.16447538,
            0.47253643,
            0.48370252999999996,
            0.48166512,
            0.41696412,
            0.45432555,
            0.49179726,
            0.4459148,
            0.46032660000000003
        ],
        [
            0.8447851,
            0.61914636,
            0.5975861,
            0.58936367,
            0.33752594999999996,
            0.35049869,
            0.24866075999999998,
            0.1526853,
            0.0,
            0.08896175,
            0.10853850000000001,
            0.48031503,
            0.49148112999999993,
            0.48944372,
            0.42474272,
            0.46210415000000005,
            0.49957586,
            0.4536934,
            0.4681052
        ],
        [
            0.83699843,
            0.61135969,
            0.58979943,
            0.581577,
            0.32973927999999997,
            0.34271202,
            0.24087408999999999,
            0.14489863,
            0.08896175,
            0.0,
            0.08508417,
            0.47252836,
            0.48369445999999994,
            0.48165705000000003,
            0.41695605,
            0.45431748000000005,
            0.49178919,
            0.44590673000000003,
            0.46031853
        ],
        [
            0.85657518,
            0.6309364399999999,
            0.6093761799999999,
            0.6011537499999999,
            0.34931603,
            0.36228877000000004,
            0.26045084,
            0.16447538,
            0.10853850000000001,
            0.08508417,
            0.0,
            0.49210511,
            0.50327121,
            0.5012338000000001,
            0.4365328,
            0.47389423,
            0.51136594,
            0.46548348,
            0.47989528000000004
        ],
        [
            0.87159829,
            0.6459595499999999,
            0.6243992899999999,
            0.6161768599999999,
            0.41916954,
            0.43214228,
            0.47675999,
            0.47253643,
            0.48031503,
            0.47252836,
            0.49210511,
            0.0,
            0.1299693,
            0.12793189,
            0.39229145,
            0.42965288,
            0.46712459,
            0.42124213,
            0.43565392999999997
        ],
        [
            0.88276439,
            0.65712565,
            0.63556539,
            0.62734296,
            0.43033563999999996,
            0.44330837999999995,
            0.48792609,
            0.48370252999999996,
            0.49148112999999993,
            0.48369445999999994,
            0.50327121,
            0.1299693,
            0.0,
            0.11246281,
            0.40345754999999994,
            0.44081897999999997,
            0.47829069,
            0.43240822999999995,
            0.44682003
        ],
        [
            0.88072698,
            0.65508824,
            0.63352798,
            0.62530555,
            0.42829823,
            0.44127097000000004,
            0.48588867999999996,
            0.48166512,
            0.48944372,
            0.48165705000000003,
            0.5012338000000001,
            0.12793189,
            0.11246281,
            0.0,
            0.40142014000000004,
            0.43878157000000007,
            0.47625328,
            0.43037082000000004,
            0.44478262
        ],
        [
            0.8160259799999999,
            0.59038724,
            0.56882698,
            0.56060455,
            0.36359723,
            0.37656997000000003,
            0.42118767999999995,
            0.41696412,
            0.42474272,
            0.41695605,
            0.4365328,
            0.39229145,
            0.40345754999999994,
            0.40142014000000004,
            0.0,
            0.33469163,
            0.37216334,
            0.32628088,
            0.34069267999999997
        ],
        [
            0.85338741,
            0.62774867,
            0.60618841,
            0.59796598,
            0.40095866,
            0.41393140000000006,
            0.45854911,
            0.45432555,
            0.46210415000000005,
            0.45431748000000005,
            0.47389423,
            0.42965288,
            0.44081897999999997,
            0.43878157000000007,
            0.33469163,
            0.0,
            0.32701349,
            0.28113103,
            0.29554283000000003
        ],
        [
            0.89085912,
            0.6652203800000001,
            0.6436601200000001,
            0.63543769,
            0.43843037,
            0.45140311,
            0.49602082000000003,
            0.49179726,
            0.49957586,
            0.49178919,
            0.51136594,
            0.46712459,
            0.47829069,
            0.47625328,
            0.37216334,
            0.32701349,
            0.0,
            0.23038357999999998,
            0.24479538
        ],
        [
            0.84497666,
            0.61933792,
            0.59777766,
            0.58955523,
            0.39254791,
            0.40552065000000004,
            0.45013835999999996,
            0.4459148,
            0.4536934,
            0.44590673000000003,
            0.46548348,
            0.42124213,
            0.43240822999999995,
            0.43037082000000004,
            0.32628088,
            0.28113103,
            0.23038357999999998,
            0.0,
            0.1724026
        ],
        [
            0.85938846,
            0.63374972,
            0.61218946,
            0.60396703,
            0.40695971,
            0.41993245,
            0.46455016,
            0.46032660000000003,
            0.4681052,
            0.46031853,
            0.47989528000000004,
            0.43565392999999997,
            0.44682003,
            0.44478262,
            0.34069267999999997,
            0.29554283000000003,
            0.24479538,
            0.1724026,
            0.0
        ]
    ],
    "NODE_MAPPING": {
        "0": "16",
        "1": "15",
        "2": "13",
        "3": "14",
        "4": "6",
        "5": "7",
        "6": "1",
        "7": "3",
        "8": "2",
        "9": "4",
        "10": "5",
        "11": "17",
        "12": "10",
        "13": "18",
        "14": "8",
        "15": "11",
        "16": "19",
        "17": "9",
        "18": "12"
    }
}