{
    "NEXUS_FILE_URL": "http://purl.org/phylo/treebase/phylows/study/TB2:S15970",
    "NEWICK_TREE": "((((((((((5:0.01785476759999982,(4:0.10412292220000019,3:0.022153581300000003):0.017765966099999808):0.015689729700000044,(2:0.0401879259000002,1:0.06583305020000019):0.042679658499999995):0.029727542799999895,6:0.11541216289999978):0.06795737990000017,7:0.07917762870000011):0.02646509340000014,((10:0.2516668901000001,9:0.13299656680000016):0.0926848161999998,8:0.05571501430000003):0.0428651577000001):0.0503264134000001,11:0.09645228579999987):0.14077548340000012,((17:0.1244364351999998,(((16:0.5925309883000001,(13:0.12610093860000005,12:0.14482319109999997):0.14472248369999985):0.07461886219999991,14:0.16700996849999994):0.02049766799999997,15:0.06412020520000006):0.24346172160000012):0.041720836500000136,((((25:0.3179426379999999,19:0.546213287):0.05653259430000013,(21:0.13650447500000018,20:0.2399499613999998):0.16535307580000014):0.08142909469999982,(22:0.2838728614999999,(24:0.16617065249999996,23:0.14814666209999983):0.16517666649999985):0.047342904000000186):0.07269933280000007,18:0.10382221189999985):0.2130953085999998):0.1630059545):0.12527480329999996,((29:1.000000082740371E-10,28:0.09535510019999993):0.5778670672000001,((27:0.059265050400000074,26:0.019903745300000164):0.6983634158000003,((32:1.000000082740371E-10,31:0.11881523909999991):1.3138057403000003,30:0.7174833493000001):0.32262065070000023):0.0780572020000001):0.15639064089999977):0.055400062599999966,((((38:0.13011737759999997,((33:0.42989728120000015,34:0.07444176020000004):0.0512524592000001,((37:0.018235522999999976,36:0.09722201880000014):0.010141057899999861,35:0.07515928270000005):0.024048153299999875):0.10320015199999988):0.0713946955,(((42:0.13905923620000005,41:0.12228707269999983):0.16766020820000005,40:0.18887494370000013):0.1239601653000002,39:0.1719000772000001):0.10201388459999983):0.04984771780000008,43:0.3830722937000002):0.10200235300000005,(51:0.44974062690000016,(46:0.2428796071999999,((45:0.19673747050000046,44:0.3105528498000001):0.21209405159999983,((53:0.9327113624000001,52:0.3268535772000001):0.35146091859999995,(47:0.3457821489999997,(48:0.18186939980000005,(50:0.05093711329999984,49:0.09573971789999991):0.25127774989999985):0.24627526450000037):0.33277293409999986):0.22660814259999995):0.05134460249999995):0.4091703675999998):0.3888161159000001):0.2599521426):0.7966113914,54:1.5932227828000003);",
    "DISTANCE_MATRIX": [
        [
            0.0,
            0.13974365589999982,
            0.05777431499999963,
            0.11641208170000006,
            0.14205720600000005,
            0.17868420299999954,
            0.21040704870000004,
            0.5449113774000001,
            0.4262410541000001,
            0.2562746854000002,
            0.30447321260000004,
            0.6779596364000002,
            1.4846324413000005,
            1.1629248753000003,
            1.1816471278000003,
            0.9844925593000005,
            0.8611051280000006,
            1.2535013331,
            1.4817719821000002,
            1.1808836516000003,
            1.284329138,
            1.1288127716000003,
            1.1762872291000002,
            1.1582632387,
            0.8287198852,
            1.2083289217000002,
            1.3036840218,
            1.4661475226000005,
            1.4267862175000006,
            2.3449454475000007,
            2.4637606865000006,
            1.7486230564000005,
            1.1427855626000003,
            1.5970180774000005,
            1.2415625564000004,
            1.1682930712,
            1.247279567,
            1.2150757730000001,
            1.4739669838000005,
            1.4571948203000002,
            1.3561224831000005,
            1.2151874513000003,
            1.2744980654000004,
            1.6279801615000005,
            1.8302895094,
            2.0475860268000003,
            2.1614014061,
            3.1495349283,
            2.5436771431,
            2.5439177303999996,
            2.6262802457000003,
            2.7466257091,
            2.7914283137,
            2.9193054503000004
        ],
        [
            0.13974365589999982,
            0.0,
            0.1262765035000002,
            0.22044620240000024,
            0.24609132670000022,
            0.2827183236999997,
            0.3144411694000002,
            0.6489454981000002,
            0.5302751748000003,
            0.3603088061000004,
            0.4085073333000002,
            0.7819937571000004,
            1.5886665620000007,
            1.2669589960000005,
            1.2856812485000004,
            1.0885266800000006,
            0.9651392487000008,
            1.3575354538000002,
            1.5858061028000003,
            1.2849177723000005,
            1.3883632587,
            1.2328468923000004,
            1.2803213498000003,
            1.2622973594000002,
            0.9327540059000001,
            1.3123630424000003,
            1.4077181425000003,
            1.5701816433000007,
            1.5308203382000007,
            2.448979568200001,
            2.5677948072000008,
            1.8526571771000007,
            1.2468196833000005,
            1.7010521981000006,
            1.3455966771000005,
            1.2723271919,
            1.3513136877000003,
            1.3191098937000003,
            1.5780011045000006,
            1.5612289410000004,
            1.4601566038000007,
            1.3192215720000005,
            1.3785321861000006,
            1.7320142822000006,
            1.9343236301000002,
            2.1516201475000005,
            2.2654355268,
            3.253569049,
            2.6477112638,
            2.6479518510999998,
            2.7303143664000005,
            2.8506598298,
            2.8954624344,
            3.0233395710000006
        ],
        [
            0.05777431499999963,
            0.1262765035000002,
            0.0,
            0.13847686150000005,
            0.16412198580000004,
            0.20074898279999953,
            0.23247182850000003,
            0.5669761572,
            0.4483058339000001,
            0.2783394652000002,
            0.32653799240000003,
            0.7000244162000002,
            1.5066972211000005,
            1.1849896551000003,
            1.2037119076000002,
            1.0065573391000004,
            0.8831699078000006,
            1.2755661129,
            1.5038367619000002,
            1.2029484314000003,
            1.3063939178,
            1.1508775514000003,
            1.1983520089000002,
            1.1803280185,
            0.8507846649999999,
            1.2303937015000002,
            1.3257488016,
            1.4882123024000005,
            1.4488509973000006,
            2.3670102273000007,
            2.4858254663000006,
            1.7706878362000005,
            1.1648503424000003,
            1.6190828572000004,
            1.2636273362000003,
            1.190357851,
            1.2693443468,
            1.2371405528000001,
            1.4960317636000005,
            1.4792596001000002,
            1.3781872629000005,
            1.2372522311000003,
            1.2965628452000004,
            1.6500449413000005,
            1.8523542892,
            2.0696508066000003,
            2.1834661859,
            3.1715997081,
            2.5657419229,
            2.5659825101999996,
            2.6483450255000003,
            2.7686904889,
            2.8134930935,
            2.9413702301000004
        ],
        [
            0.11641208170000006,
            0.22044620240000024,
            0.13847686150000005,
            0.0,
            0.10602097610000039,
            0.22800729009999987,
            0.2597301358000004,
            0.5942344645000004,
            0.47556414120000046,
            0.30559777250000053,
            0.35379629970000037,
            0.7272827235000006,
            1.5339555284000008,
            1.2122479624000007,
            1.2309702149000006,
            1.0338156464000008,
            0.9104282151000009,
            1.3028244202000003,
            1.5310950692000005,
            1.2302067387000006,
            1.3336522251000003,
            1.1781358587000006,
            1.2256103162000005,
            1.2075863258000004,
            0.8780429723000003,
            1.2576520088000005,
            1.3530071089000004,
            1.5154706097000008,
            1.476109304600001,
            2.394268534600001,
            2.513083773600001,
            1.7979461435000008,
            1.1921086497000006,
            1.6463411645000008,
            1.2908856435000007,
            1.2176161583000003,
            1.2966026541000004,
            1.2643988601000005,
            1.5232900709000008,
            1.5065179074000006,
            1.4054455702000008,
            1.2645105384000006,
            1.3238211525000008,
            1.6773032486000008,
            1.8796125965000003,
            2.0969091139000007,
            2.2107244932000003,
            3.1988580154000004,
            2.5930002302000004,
            2.5932408175,
            2.6756033328000006,
            2.7959487962000003,
            2.8407514008000003,
            2.9686285374000008
        ],
        [
            0.14205720600000005,
            0.24609132670000022,
            0.16412198580000004,
            0.10602097610000039,
            0.0,
            0.25365241439999986,
            0.28537526010000036,
            0.6198795888000004,
            0.5012092655000004,
            0.3312428968000005,
            0.37944142400000036,
            0.7529278478000005,
            1.5596006527000008,
            1.2378930867000006,
            1.2566153392000006,
            1.0594607707000008,
            0.9360733394000009,
            1.3284695445000003,
            1.5567401935000005,
            1.2558518630000006,
            1.3592973494000002,
            1.2037809830000006,
            1.2512554405000005,
            1.2332314501000003,
            0.9036880966000003,
            1.2832971331000005,
            1.3786522332000004,
            1.5411157340000008,
            1.5017544289000009,
            2.419913658900001,
            2.538728897900001,
            1.8235912678000008,
            1.2177537740000006,
            1.6719862888000008,
            1.3165307678000007,
            1.2432612826000002,
            1.3222477784000004,
            1.2900439844000005,
            1.5489351952000008,
            1.5321630317000006,
            1.4310906945000008,
            1.2901556627000006,
            1.3494662768000008,
            1.7029483729000008,
            1.9052577208000003,
            2.1225542382000007,
            2.2363696175000003,
            3.2245031397000004,
            2.6186453545000004,
            2.6188859418,
            2.7012484571000006,
            2.8215939205000002,
            2.8663965251000003,
            2.9942736617000008
        ],
        [
            0.17868420299999954,
            0.2827183236999997,
            0.20074898279999953,
            0.22800729009999987,
            0.25365241439999986,
            0.0,
            0.26254717150000006,
            0.5970515002000001,
            0.47838117690000015,
            0.3084148082000002,
            0.35661333540000006,
            0.7300997592000003,
            1.5367725641000005,
            1.2150649981000003,
            1.2337872506000003,
            1.0366326821000005,
            0.9132452508000006,
            1.3056414559,
            1.5339121049000002,
            1.2330237744000003,
            1.3364692608,
            1.1809528944000003,
            1.2284273519000002,
            1.2104033615,
            0.880860008,
            1.2604690445000002,
            1.3558241446000001,
            1.5182876454000005,
            1.4789263403000006,
            2.3970855703000007,
            2.5159008093000006,
            1.8007631792000005,
            1.1949256854000003,
            1.6491582002000005,
            1.2937026792000004,
            1.220433194,
            1.2994196898,
            1.2672158958000002,
            1.5261071066000005,
            1.5093349431000003,
            1.4082626059000005,
            1.2673275741000003,
            1.3266381882000005,
            1.6801202843000005,
            1.8824296322,
            2.0997261496000004,
            2.2135415289,
            3.2016750511,
            2.5958172659,
            2.5960578531999996,
            2.6784203685000003,
            2.7987658319,
            2.8435684365,
            2.9714455731000005
        ],
        [
            0.21040704870000004,
            0.3144411694000002,
            0.23247182850000003,
            0.2597301358000004,
            0.28537526010000036,
            0.26254717150000006,
            0.0,
            0.49285958610000025,
            0.3741892628000003,
            0.20422289410000039,
            0.2524214213000002,
            0.6259078451000004,
            1.4325806500000007,
            1.1108730840000005,
            1.1295953365000004,
            0.9324407680000006,
            0.8090533367000008,
            1.2014495418000002,
            1.4297201908000003,
            1.1288318603000005,
            1.2322773467,
            1.0767609803000004,
            1.1242354378000003,
            1.1062114474000002,
            0.7766680939000001,
            1.1562771304000004,
            1.2516322305000003,
            1.4140957313000007,
            1.3747344262000007,
            2.292893656200001,
            2.4117088952000008,
            1.6965712651000007,
            1.0907337713000005,
            1.5449662861000006,
            1.1895107651000005,
            1.1162412799,
            1.1952277757000003,
            1.1630239817000003,
            1.4219151925000006,
            1.4051430290000004,
            1.3040706918000007,
            1.1631356600000005,
            1.2224462741000006,
            1.5759283702000006,
            1.7782377181000002,
            1.9955342355000005,
            2.1093496148,
            3.097483137,
            2.4916253518,
            2.4918659390999998,
            2.5742284544000005,
            2.6945739178,
            2.7393765224,
            2.8672536590000006
        ],
        [
            0.5449113774000001,
            0.6489454981000002,
            0.5669761572,
            0.5942344645000004,
            0.6198795888000004,
            0.5970515002000001,
            0.49285958610000025,
            0.0,
            0.38466345690000026,
            0.4000667205999999,
            0.5339955632,
            0.9074819870000002,
            1.7141547919000004,
            1.3924472259000003,
            1.4111694784000002,
            1.2140149099000004,
            1.0906274786000005,
            1.4830236837,
            1.7112943327,
            1.4104060022000002,
            1.5138514885999999,
            1.3583351222000002,
            1.4058095797,
            1.3877855893,
            1.0582422357999999,
            1.4378512723,
            1.5332063724,
            1.6956698732000004,
            1.6563085681000005,
            2.5744677981000006,
            2.6932830371000005,
            1.9781454070000004,
            1.3723079132000002,
            1.8265404280000004,
            1.4710849070000003,
            1.3978154217999998,
            1.4768019176,
            1.4445981236,
            1.7034893344000004,
            1.6867171709000002,
            1.5856448337000004,
            1.4447098019000002,
            1.5040204160000004,
            1.8575025121000004,
            2.05981186,
            2.2771083774000003,
            2.3909237567,
            3.3790572789,
            2.7731994937,
            2.7734400809999995,
            2.8558025963,
            2.9761480597,
            3.0209506643,
            3.1488278009000004
        ],
        [
            0.4262410541000001,
            0.5302751748000003,
            0.4483058339000001,
            0.47556414120000046,
            0.5012092655000004,
            0.47838117690000015,
            0.3741892628000003,
            0.38466345690000026,
            0.0,
            0.2813963973,
            0.41532523990000003,
            0.7888116637000002,
            1.5954844686000005,
            1.2737769026000003,
            1.2924991551000002,
            1.0953445866000004,
            0.9719571553000006,
            1.3643533604,
            1.5926240094000002,
            1.2917356789000003,
            1.3951811653,
            1.2396647989000003,
            1.2871392564000002,
            1.269115266,
            0.9395719124999999,
            1.3191809490000002,
            1.4145360491,
            1.5769995499000005,
            1.5376382448000006,
            2.4557974748000007,
            2.5746127138000006,
            1.8594750837000005,
            1.2536375899000003,
            1.7078701047000004,
            1.3524145837000003,
            1.2791450985,
            1.3581315943,
            1.3259278003000001,
            1.5848190111000005,
            1.5680468476000002,
            1.4669745104000005,
            1.3260394786000003,
            1.3853500927000004,
            1.7388321888000005,
            1.9411415367,
            2.1584380541000003,
            2.2722534334,
            3.2603869556,
            2.6545291704,
            2.6547697576999996,
            2.7371322730000003,
            2.8574777364,
            2.902280341,
            3.0301574776000004
        ],
        [
            0.2562746854000002,
            0.3603088061000004,
            0.2783394652000002,
            0.30559777250000053,
            0.3312428968000005,
            0.3084148082000002,
            0.20422289410000039,
            0.4000667205999999,
            0.2813963973,
            0.0,
            0.2453588712000001,
            0.6188452950000003,
            1.4255180999000006,
            1.1038105339000004,
            1.1225327864000003,
            0.9253782179000005,
            0.8019907866000007,
            1.1943869917,
            1.4226576407000002,
            1.1217693102000004,
            1.2252147966,
            1.0696984302000003,
            1.1171728877000002,
            1.0991488973,
            0.7696055438,
            1.1492145803000002,
            1.2445696804000002,
            1.4070331812000005,
            1.3676718761000006,
            2.2858311061000007,
            2.4046463451000006,
            1.6895087150000005,
            1.0836712212000004,
            1.5379037360000005,
            1.1824482150000004,
            1.1091787298,
            1.1881652256000002,
            1.1559614316000002,
            1.4148526424000005,
            1.3980804789000003,
            1.2970081417000006,
            1.1560731099000003,
            1.2153837240000005,
            1.5688658201000005,
            1.771175168,
            1.9884716854000004,
            2.1022870647,
            3.0904205869,
            2.4845628017,
            2.4848033889999996,
            2.5671659043000004,
            2.6875113677,
            2.7323139723,
            2.8601911089000005
        ],
        [
            0.30447321260000004,
            0.4085073333000002,
            0.32653799240000003,
            0.35379629970000037,
            0.37944142400000036,
            0.35661333540000006,
            0.2524214213000002,
            0.5339955632,
            0.41532523990000003,
            0.2453588712000001,
            0.0,
            0.5663909953999999,
            1.3730638003000002,
            1.0513562343,
            1.0700784868,
            0.8729239183000002,
            0.7495364870000003,
            1.1419326920999997,
            1.3702033410999999,
            1.0693150106,
            1.1727604969999996,
            1.0172441306,
            1.0647185880999999,
            1.0466945976999997,
            0.7171512441999996,
            1.0967602806999999,
            1.1921153807999998,
            1.3545788816000002,
            1.3152175765000003,
            2.2333768065000004,
            2.3521920455000003,
            1.6370544154000002,
            1.0312169216,
            1.4854494364000002,
            1.1299939154,
            1.0567244301999996,
            1.1357109259999998,
            1.1035071319999998,
            1.3623983428000002,
            1.3456261793,
            1.2445538421000002,
            1.1036188103,
            1.1629294244000001,
            1.5164115205000002,
            1.7187208683999997,
            1.9360173858,
            2.0498327650999997,
            3.0379662872999997,
            2.4321085020999997,
            2.4323490893999993,
            2.5147116047,
            2.6350570680999996,
            2.6798596726999997,
            2.8077368093
        ],
        [
            0.6779596364000002,
            0.7819937571000004,
            0.7000244162000002,
            0.7272827235000006,
            0.7529278478000005,
            0.7300997592000003,
            0.6259078451000004,
            0.9074819870000002,
            0.7888116637000002,
            0.6188452950000003,
            0.5663909953999999,
            0.0,
            1.0555456752999999,
            0.7338381092999997,
            0.7525603617999996,
            0.5554057932999998,
            0.432018362,
            0.9078562400999997,
            1.1361268890999998,
            0.8352385586,
            0.9386840449999996,
            0.7831676785999999,
            0.8306421360999998,
            0.8126181456999997,
            0.4830747921999996,
            1.1886957376999998,
            1.2840508377999997,
            1.4465143386000001,
            1.4071530335000002,
            2.3253122635000003,
            2.4441275025,
            1.7289898724000001,
            1.1231523786,
            1.5773848934,
            1.2219293724,
            1.1486598871999996,
            1.2276463829999997,
            1.1954425889999998,
            1.4543337998,
            1.4375616363,
            1.3364892991000001,
            1.1955542673,
            1.2548648814,
            1.6083469775,
            1.8106563253999997,
            2.0279528428,
            2.1417682220999996,
            3.1299017442999997,
            2.5240439590999997,
            2.524284546399999,
            2.6066470617,
            2.7269925250999996,
            2.7717951296999996,
            2.8996722663
        ],
        [
            1.4846324413000005,
            1.5886665620000007,
            1.5066972211000005,
            1.5339555284000008,
            1.5596006527000008,
            1.5367725641000005,
            1.4325806500000007,
            1.7141547919000004,
            1.5954844686000005,
            1.4255180999000006,
            1.3730638003000002,
            1.0555456752999999,
            0.0,
            0.8633544106,
            0.8820766630999999,
            0.8341598189999999,
            0.7517677237,
            1.714529045,
            1.942799694,
            1.6419113635000002,
            1.7453568498999998,
            1.5898404835000002,
            1.637314941,
            1.6192909506,
            1.2897475970999999,
            1.9953685426,
            2.0907236427,
            2.2531871435000004,
            2.2138258384000005,
            3.1319850684000006,
            3.2508003074000005,
            2.5356626773000004,
            1.9298251835000002,
            2.3840576983000004,
            2.0286021773000003,
            1.9553326920999998,
            2.0343191879,
            2.0021153939,
            2.2610066047000004,
            2.2442344412,
            2.1431621040000004,
            2.0022270722,
            2.0615376863000003,
            2.4150197824000004,
            2.6173291303,
            2.8346256477000003,
            2.948441027,
            3.9365745492,
            3.330716764,
            3.3309573512999995,
            3.4133198666,
            3.53366533,
            3.5784679346,
            3.7063450712000003
        ],
        [
            1.1629248753000003,
            1.2669589960000005,
            1.1849896551000003,
            1.2122479624000007,
            1.2378930867000006,
            1.2150649981000003,
            1.1108730840000005,
            1.3924472259000003,
            1.2737769026000003,
            1.1038105339000004,
            1.0513562343,
            0.7338381092999997,
            0.8633544106,
            0.0,
            0.2709241297,
            0.5124522529999997,
            0.43006015769999983,
            1.3928214789999998,
            1.621092128,
            1.3202037975,
            1.4236492838999997,
            1.2681329175,
            1.315607375,
            1.2975833845999998,
            0.9680400310999997,
            1.6736609766,
            1.7690160766999998,
            1.9314795775000002,
            1.8921182724000003,
            2.8102775024000004,
            2.9290927414000003,
            2.2139551113000002,
            1.6081176175,
            2.0623501323,
            1.7068946113,
            1.6336251260999997,
            1.7126116218999998,
            1.6804078278999999,
            1.9392990387000002,
            1.9225268752,
            1.8214545380000002,
            1.6805195062,
            1.7398301203000002,
            2.0933122164,
            2.2956215642999998,
            2.5129180817,
            2.6267334609999997,
            3.6148669831999998,
            3.0090091979999998,
            3.0092497852999993,
            3.0916123006,
            3.2119577639999997,
            3.2567603685999997,
            3.3846375052
        ],
        [
            1.1816471278000003,
            1.2856812485000004,
            1.2037119076000002,
            1.2309702149000006,
            1.2566153392000006,
            1.2337872506000003,
            1.1295953365000004,
            1.4111694784000002,
            1.2924991551000002,
            1.1225327864000003,
            1.0700784868,
            0.7525603617999996,
            0.8820766630999999,
            0.2709241297,
            0.0,
            0.5311745054999997,
            0.44878241019999976,
            1.4115437314999997,
            1.6398143804999998,
            1.33892605,
            1.4423715363999996,
            1.28685517,
            1.3343296274999998,
            1.3163056370999997,
            0.9867622835999996,
            1.6923832290999998,
            1.7877383291999998,
            1.9502018300000001,
            1.9108405249000002,
            2.8289997549000003,
            2.9478149939000002,
            2.2326773638,
            1.62683987,
            2.0810723848,
            1.7256168638,
            1.6523473785999996,
            1.7313338743999998,
            1.6991300803999998,
            1.9580212912000001,
            1.9412491277,
            1.8401767905000002,
            1.6992417587,
            1.7585523728,
            2.1120344689,
            2.3143438167999997,
            2.5316403342,
            2.6454557134999996,
            3.6335892356999997,
            3.0277314504999997,
            3.0279720377999992,
            3.1103345531,
            3.2306800164999996,
            3.2754826210999997,
            3.4033597577
        ],
        [
            0.9844925593000005,
            1.0885266800000006,
            1.0065573391000004,
            1.0338156464000008,
            1.0594607707000008,
            1.0366326821000005,
            0.9324407680000006,
            1.2140149099000004,
            1.0953445866000004,
            0.9253782179000005,
            0.8729239183000002,
            0.5554057932999998,
            0.8341598189999999,
            0.5124522529999997,
            0.5311745054999997,
            0.0,
            0.25162784169999997,
            1.2143891629999999,
            1.442659812,
            1.1417714815000002,
            1.2452169678999998,
            1.0897006015000001,
            1.137175059,
            1.1191510686,
            0.7896077150999998,
            1.4952286606,
            1.5905837607,
            1.7530472615000003,
            1.7136859564000004,
            2.6318451864000005,
            2.7506604254000004,
            2.0355227953000004,
            1.4296853015000002,
            1.8839178163000003,
            1.5284622953000002,
            1.4551928100999998,
            1.5341793059,
            1.5019755119,
            1.7608667227000003,
            1.7440945592000001,
            1.6430222220000004,
            1.5020871902000001,
            1.5613978043000003,
            1.9148799004000003,
            2.1171892483,
            2.3344857657,
            2.448301145,
            3.4364346672,
            2.830576882,
            2.8308174692999994,
            2.9131799846,
            3.033525448,
            3.0783280526,
            3.2062051892000003
        ],
        [
            0.8611051280000006,
            0.9651392487000008,
            0.8831699078000006,
            0.9104282151000009,
            0.9360733394000009,
            0.9132452508000006,
            0.8090533367000008,
            1.0906274786000005,
            0.9719571553000006,
            0.8019907866000007,
            0.7495364870000003,
            0.432018362,
            0.7517677237,
            0.43006015769999983,
            0.44878241019999976,
            0.25162784169999997,
            0.0,
            1.0910017317,
            1.3192723807000002,
            1.0183840502000003,
            1.1218295366,
            0.9663131702000003,
            1.0137876277000002,
            0.9957636373000001,
            0.6662202838,
            1.3718412293000002,
            1.4671963294,
            1.6296598302000005,
            1.5902985251000006,
            2.5084577551000007,
            2.6272729941000006,
            1.9121353640000005,
            1.3062978702000003,
            1.7605303850000005,
            1.4050748640000004,
            1.3318053788,
            1.4107918746,
            1.3785880806000002,
            1.6374792914000005,
            1.6207071279000003,
            1.5196347907000005,
            1.3786997589000003,
            1.4380103730000005,
            1.7914924691000005,
            1.993801817,
            2.2110983344000004,
            2.3249137137,
            3.3130472359,
            2.7071894507,
            2.7074300379999996,
            2.7897925533000003,
            2.9101380167,
            2.9549406213,
            3.0828177579000005
        ],
        [
            1.2535013331,
            1.3575354538000002,
            1.2755661129,
            1.3028244202000003,
            1.3284695445000003,
            1.3056414559,
            1.2014495418000002,
            1.4830236837,
            1.3643533604,
            1.1943869917,
            1.1419326920999997,
            0.9078562400999997,
            1.714529045,
            1.3928214789999998,
            1.4115437314999997,
            1.2143891629999999,
            1.0910017317,
            0.0,
            0.8641559249999999,
            0.6763327831000003,
            0.7797782695,
            0.7871200924999999,
            0.8345945499999998,
            0.8165705595999997,
            0.6324258716999998,
            1.7642374343999996,
            1.8595925344999995,
            2.0220560353,
            1.9826947302,
            2.9008539602,
            3.0196691992,
            2.3045315691,
            1.6986940752999997,
            2.1529265901,
            1.7974710690999998,
            1.7242015838999993,
            1.8031880796999995,
            1.7709842856999995,
            2.0298754965,
            2.0131033329999997,
            1.9120309958,
            1.7710959639999997,
            1.8304065780999998,
            2.1838886742,
            2.3861980220999994,
            2.6034945394999998,
            2.7173099187999994,
            3.7054434409999994,
            3.0995856557999995,
            3.099826243099999,
            3.1821887583999997,
            3.3025342217999993,
            3.3473368263999994,
            3.475213963
        ],
        [
            1.4817719821000002,
            1.5858061028000003,
            1.5038367619000002,
            1.5310950692000005,
            1.5567401935000005,
            1.5339121049000002,
            1.4297201908000003,
            1.7112943327,
            1.5926240094000002,
            1.4226576407000002,
            1.3702033410999999,
            1.1361268890999998,
            1.942799694,
            1.621092128,
            1.6398143804999998,
            1.442659812,
            1.3192723807000002,
            0.8641559249999999,
            0.0,
            0.9046034321000005,
            1.0080489185000001,
            1.0153907415,
            1.062865199,
            1.0448412085999998,
            0.8606965206999999,
            1.9925080833999997,
            2.0878631834999997,
            2.2503266843,
            2.2109653792,
            3.1291246092000002,
            3.2479398482,
            2.5328022181,
            1.9269647242999999,
            2.3811972391,
            2.0257417181,
            1.9524722328999995,
            2.0314587286999997,
            1.9992549346999997,
            2.2581461455,
            2.241373982,
            2.1403016448,
            1.9993666129999998,
            2.0586772271,
            2.4121593232,
            2.6144686710999996,
            2.8317651885,
            2.9455805677999995,
            3.9337140899999996,
            3.3278563047999996,
            3.328096892099999,
            3.4104594074,
            3.5308048707999995,
            3.5756074753999996,
            3.703484612
        ],
        [
            1.1808836516000003,
            1.2849177723000005,
            1.2029484314000003,
            1.2302067387000006,
            1.2558518630000006,
            1.2330237744000003,
            1.1288318603000005,
            1.4104060022000002,
            1.2917356789000003,
            1.1217693102000004,
            1.0693150106,
            0.8352385586,
            1.6419113635000002,
            1.3202037975,
            1.33892605,
            1.1417714815000002,
            1.0183840502000003,
            0.6763327831000003,
            0.9046034321000005,
            0.0,
            0.3764544364,
            0.7145024110000002,
            0.7619768685000001,
            0.7439528781,
            0.5598081902,
            1.6916197528999999,
            1.7869748529999998,
            1.9494383538000002,
            1.9100770487000003,
            2.8282362787000004,
            2.9470515177000003,
            2.2319138876,
            1.6260763938,
            2.0803089086,
            1.7248533876,
            1.6515839023999996,
            1.7305703981999998,
            1.6983666041999999,
            1.9572578150000002,
            1.9404856515,
            1.8394133143000002,
            1.6984782825,
            1.7577888966000002,
            2.1112709927,
            2.3135803405999997,
            2.530876858,
            2.6446922372999997,
            3.6328257594999998,
            3.0269679742999998,
            3.0272085615999993,
            3.1095710769,
            3.2299165402999996,
            3.2747191448999997,
            3.4025962815
        ],
        [
            1.284329138,
            1.3883632587,
            1.3063939178,
            1.3336522251000003,
            1.3592973494000002,
            1.3364692608,
            1.2322773467,
            1.5138514885999999,
            1.3951811653,
            1.2252147966,
            1.1727604969999996,
            0.9386840449999996,
            1.7453568498999998,
            1.4236492838999997,
            1.4423715363999996,
            1.2452169678999998,
            1.1218295366,
            0.7797782695,
            1.0080489185000001,
            0.3764544364,
            0.0,
            0.8179478973999998,
            0.8654223548999997,
            0.8473983644999996,
            0.6632536765999997,
            1.7950652392999995,
            1.8904203393999994,
            2.0528838402,
            2.0135225351,
            2.9316817651,
            3.0504970041,
            2.335359374,
            1.7295218801999996,
            2.183754395,
            1.8282988739999997,
            1.7550293887999993,
            1.8340158845999994,
            1.8018120905999995,
            2.0607033014,
            2.0439311378999996,
            1.9428588006999998,
            1.8019237688999996,
            1.8612343829999998,
            2.2147164791,
            2.4170258269999993,
            2.6343223443999997,
            2.7481377236999993,
            3.7362712458999994,
            3.1304134606999994,
            3.130654047999999,
            3.2130165632999996,
            3.3333620266999993,
            3.3781646312999993,
            3.5060417678999998
        ],
        [
            1.1288127716000003,
            1.2328468923000004,
            1.1508775514000003,
            1.1781358587000006,
            1.2037809830000006,
            1.1809528944000003,
            1.0767609803000004,
            1.3583351222000002,
            1.2396647989000003,
            1.0696984302000003,
            1.0172441306,
            0.7831676785999999,
            1.5898404835000002,
            1.2681329175,
            1.28685517,
            1.0897006015000001,
            0.9663131702000003,
            0.7871200924999999,
            1.0153907415,
            0.7145024110000002,
            0.8179478973999998,
            0.0,
            0.6152201804999997,
            0.5971961900999996,
            0.5077373102,
            1.6395488728999998,
            1.7349039729999998,
            1.8973674738000001,
            1.8580061687000002,
            2.7761653987000003,
            2.8949806377000002,
            2.1798430076,
            1.5740055138,
            2.0282380286,
            1.6727825076,
            1.5995130223999996,
            1.6784995181999998,
            1.6462957241999998,
            1.9051869350000001,
            1.8884147715,
            1.7873424343000002,
            1.6464074025,
            1.7057180166,
            2.0592001127,
            2.2615094605999997,
            2.478805978,
            2.5926213572999997,
            3.5807548794999997,
            2.9748970942999997,
            2.9751376815999993,
            3.0575001969,
            3.1778456602999996,
            3.2226482648999997,
            3.3505254015
        ],
        [
            1.1762872291000002,
            1.2803213498000003,
            1.1983520089000002,
            1.2256103162000005,
            1.2512554405000005,
            1.2284273519000002,
            1.1242354378000003,
            1.4058095797,
            1.2871392564000002,
            1.1171728877000002,
            1.0647185880999999,
            0.8306421360999998,
            1.637314941,
            1.315607375,
            1.3343296274999998,
            1.137175059,
            1.0137876277000002,
            0.8345945499999998,
            1.062865199,
            0.7619768685000001,
            0.8654223548999997,
            0.6152201804999997,
            0.0,
            0.3143173145999998,
            0.5552117676999999,
            1.6870233303999997,
            1.7823784304999997,
            1.9448419313,
            1.9054806262000001,
            2.8236398562000002,
            2.9424550952,
            2.2273174651,
            1.6214799712999999,
            2.0757124861,
            1.7202569651,
            1.6469874798999995,
            1.7259739756999997,
            1.6937701816999997,
