{
    "NEXUS_FILE_URL": "http://purl.org/phylo/treebase/phylows/study/TB2:S12919",
    "NEWICK_TREE": "((1:0.049177,(2:0.018196,3:0.023083):0.016647):0.0782455,((12:0.071515,18:0.027909):0.004426,(27:0.009608,28:0.010241):0.062872,(22:0.0437,(20:0.02421,(19:0.021793,21:0.019058):0.007458):0.020649,(17:0.039364,((23:0.042954,((24:0.028173,(25:0.003214,29:0.011522):0.022654):0.059642,(13:0.031003,(14:0.021952,15:0.015239,16:0.006721):0.007275):0.007136):0.011779):0.005399,(26:0.047381,(4:0.054193,(11:0.083516,(8:6.86E-4,9:0.001248,(7:0.00252,(5:0.00173,(6:0.005726,10:0.007724):0.001533):0.003896):0.001885):0.02059):0.008334):0.018247):0.006199):0.014032):0.005343):0.005318):0.0782455);",
    "DISTANCE_MATRIX": [
        [
            0.0,
            0.08402,
            0.088907,
            0.281609,
            0.238003,
            0.278148,
            0.278781,
            0.25468599999999997,
            0.255845,
            0.260886,
            0.258151,
            0.255693,
            0.278714,
            0.335354,
            0.333049,
            0.34135699999999997,
            0.285678,
            0.283902,
            0.277189,
            0.268671,
            0.283941,
            0.309,
            0.346657,
            0.284417,
            0.284979,
            0.288136,
            0.291242,
            0.296771,
            0.298769
        ],
        [
            0.08402,
            0.0,
            0.041278999999999996,
            0.267275,
            0.223669,
            0.263814,
            0.264447,
            0.240352,
            0.24151099999999998,
            0.246552,
            0.243817,
            0.241359,
            0.26438,
            0.32101999999999997,
            0.31871499999999997,
            0.32702299999999995,
            0.271344,
            0.269568,
            0.262855,
            0.254337,
            0.269607,
            0.294666,
            0.332323,
            0.27008299999999996,
            0.27064499999999997,
            0.273802,
            0.276908,
            0.282437,
            0.284435
        ],
        [
            0.088907,
            0.041278999999999996,
            0.0,
            0.272162,
            0.22855599999999998,
            0.268701,
            0.269334,
            0.24523899999999998,
            0.246398,
            0.251439,
            0.24870399999999998,
            0.24624600000000002,
            0.269267,
            0.325907,
            0.323602,
            0.33191,
            0.276231,
            0.274455,
            0.267742,
            0.259224,
            0.274494,
            0.299553,
            0.33720999999999995,
            0.27497,
            0.275532,
            0.278689,
            0.281795,
            0.287324,
            0.289322
        ],
        [
            0.281609,
            0.267275,
            0.272162,
            0.0,
            0.099424,
            0.148421,
            0.149054,
            0.124959,
            0.126118,
            0.131159,
            0.12842399999999998,
            0.125966,
            0.14898699999999998,
            0.205627,
            0.203322,
            0.21162999999999998,
            0.155951,
            0.154175,
            0.14746199999999998,
            0.138944,
            0.15421400000000002,
            0.17927300000000002,
            0.21692999999999996,
            0.15469,
            0.155252,
            0.158409,
            0.16151500000000002,
            0.167044,
            0.169042
        ],
        [
            0.238003,
            0.223669,
            0.22855599999999998,
            0.099424,
            0.0,
            0.104815,
            0.105448,
            0.08135300000000001,
            0.082512,
            0.087553,
            0.084818,
            0.08236,
            0.105381,
            0.162021,
            0.159716,
            0.16802399999999998,
            0.112345,
            0.110569,
            0.103856,
            0.095338,
            0.11060800000000001,
            0.135667,
            0.17332399999999998,
            0.111084,
            0.11164600000000001,
            0.114803,
            0.11790900000000001,
            0.123438,
            0.125436
        ],
        [
            0.278148,
            0.263814,
            0.268701,
            0.148421,
            0.104815,
            0.0,
            0.019849,
            0.12149800000000001,
            0.122657,
            0.127698,
            0.124963,
            0.122505,
            0.145526,
            0.202166,
            0.199861,
            0.208169,
            0.15249000000000001,
            0.15071400000000001,
            0.144001,
            0.13548300000000002,
            0.15075300000000003,
            0.17581200000000002,
            0.21346899999999996,
            0.151229,
            0.151791,
            0.154948,
            0.15805400000000003,
            0.163583,
            0.165581
        ],
        [
            0.278781,
            0.264447,
            0.269334,
            0.149054,
            0.105448,
            0.019849,
            0.0,
            0.122131,
            0.12329,
            0.128331,
            0.12559599999999999,
            0.123138,
            0.14615899999999998,
            0.202799,
            0.200494,
            0.208802,
            0.153123,
            0.151347,
            0.14463399999999998,
            0.13611600000000001,
            0.15138600000000002,
            0.17644500000000002,
            0.21410199999999996,
            0.151862,
            0.152424,
            0.155581,
            0.15868700000000002,
            0.164216,
            0.166214
        ],
        [
            0.25468599999999997,
            0.240352,
            0.24523899999999998,
            0.124959,
            0.08135300000000001,
            0.12149800000000001,
            0.122131,
            0.0,
            0.088559,
            0.0936,
            0.090865,
            0.08840700000000001,
            0.111428,
            0.168068,
            0.165763,
            0.17407099999999998,
            0.118392,
            0.116616,
            0.109903,
            0.101385,
            0.11665500000000001,
            0.141714,
            0.179371,
            0.117131,
            0.117693,
            0.12085,
            0.12395600000000001,
            0.12948500000000002,
            0.13148300000000002
        ],
        [
            0.255845,
            0.24151099999999998,
            0.246398,
            0.126118,
            0.082512,
            0.122657,
            0.12329,
            0.088559,
            0.0,
            0.053460999999999995,
            0.05072599999999999,
            0.089566,
            0.11258699999999999,
            0.16922700000000002,
            0.16692200000000001,
            0.17523,
            0.11955099999999999,
            0.11777499999999999,
            0.111062,
            0.102544,
            0.117814,
            0.142873,
            0.18052999999999997,
            0.11828999999999999,
            0.118852,
            0.12200899999999999,
            0.125115,
            0.13064399999999998,
            0.13264199999999998
        ],
        [
            0.260886,
            0.246552,
            0.251439,
            0.131159,
            0.087553,
            0.127698,
            0.128331,
            0.0936,
            0.053460999999999995,
            0.0,
            0.040851,
            0.094607,
            0.117628,
            0.174268,
            0.171963,
            0.180271,
            0.124592,
            0.122816,
            0.116103,
            0.107585,
            0.122855,
            0.147914,
            0.18557099999999999,
            0.123331,
            0.123893,
            0.12705,
            0.130156,
            0.135685,
            0.137683
        ],
        [
            0.258151,
            0.243817,
            0.24870399999999998,
            0.12842399999999998,
            0.084818,
            0.124963,
            0.12559599999999999,
            0.090865,
            0.05072599999999999,
            0.040851,
            0.0,
            0.09187200000000001,
            0.114893,
            0.171533,
            0.169228,
            0.17753599999999997,
            0.121857,
            0.120081,
            0.113368,
            0.10485,
            0.12012,
            0.145179,
            0.182836,
            0.120596,
            0.121158,
            0.124315,
            0.127421,
            0.13295,
            0.134948
        ],
        [
            0.255693,
            0.241359,
            0.24624600000000002,
            0.125966,
            0.08236,
            0.122505,
            0.123138,
            0.08840700000000001,
            0.089566,
            0.094607,
            0.09187200000000001,
            0.0,
            0.101749,
            0.158389,
            0.156084,
            0.164392,
            0.108713,
            0.106937,
            0.10022400000000001,
            0.09170600000000001,
            0.10697600000000002,
            0.132035,
            0.169692,
            0.10745199999999999,
            0.108014,
            0.11117099999999999,
            0.11427700000000002,
            0.119806,
            0.121804
        ],
        [
            0.278714,
            0.26438,
            0.269267,
            0.14898699999999998,
            0.105381,
            0.145526,
            0.14615899999999998,
            0.111428,
            0.11258699999999999,
            0.117628,
            0.114893,
            0.101749,
            0.0,
            0.142548,
            0.140243,
            0.148551,
            0.092872,
            0.091096,
            0.084383,
            0.075865,
            0.101933,
            0.126992,
            0.164649,
            0.102409,
            0.10297100000000001,
            0.106128,
            0.109234,
            0.114763,
            0.116761
        ],
        [
            0.335354,
            0.32101999999999997,
            0.325907,
            0.205627,
            0.162021,
            0.202166,
            0.202799,
            0.168068,
            0.16922700000000002,
            0.174268,
            0.171533,
            0.158389,
            0.142548,
            0.0,
            0.054041000000000006,
            0.062349,
            0.125954,
            0.12417800000000001,
            0.117465,
            0.108947,
            0.15857300000000002,
            0.18363200000000002,
            0.221289,
            0.159049,
            0.159611,
            0.162768,
            0.16587400000000002,
            0.171403,
            0.173401
        ],
        [
            0.333049,
            0.31871499999999997,
            0.323602,
            0.203322,
            0.159716,
            0.199861,
            0.200494,
            0.165763,
            0.16692200000000001,
            0.171963,
            0.169228,
            0.156084,
            0.140243,
            0.054041000000000006,
            0.0,
            0.014735999999999999,
            0.12364900000000001,
            0.12187300000000001,
            0.11516,
            0.106642,
            0.15626800000000002,
            0.18132700000000002,
            0.218984,
            0.156744,
            0.157306,
            0.160463,
            0.16356900000000002,
            0.169098,
            0.171096
        ],
        [
            0.34135699999999997,
            0.32702299999999995,
            0.33191,
            0.21162999999999998,
            0.16802399999999998,
            0.208169,
            0.208802,
            0.17407099999999998,
            0.17523,
            0.180271,
            0.17753599999999997,
            0.164392,
            0.148551,
            0.062349,
            0.014735999999999999,
            0.0,
            0.131957,
            0.130181,
            0.123468,
            0.11495,
            0.164576,
            0.189635,
            0.227292,
            0.16505199999999998,
            0.16561399999999998,
            0.168771,
            0.171877,
            0.177406,
            0.179404
        ],
        [
            0.285678,
            0.271344,
            0.276231,
            0.155951,
            0.112345,
            0.15249000000000001,
            0.153123,
            0.118392,
            0.11955099999999999,
            0.124592,
            0.121857,
            0.108713,
            0.092872,
            0.125954,
            0.12364900000000001,
            0.131957,
            0.0,
            0.06023,
            0.053516999999999995,
            0.044999,
            0.108897,
            0.133956,
            0.171613,
            0.109373,
            0.109935,
            0.113092,
            0.116198,
            0.121727,
            0.123725
        ],
        [
            0.283902,
            0.269568,
            0.274455,
            0.154175,
            0.110569,
            0.15071400000000001,
            0.151347,
            0.116616,
            0.11777499999999999,
            0.122816,
            0.120081,
            0.106937,
            0.091096,
            0.12417800000000001,
            0.12187300000000001,
            0.130181,
            0.06023,
            0.0,
            0.037191,
            0.028673,
            0.107121,
            0.13218,
            0.169837,
            0.107597,
            0.108159,
            0.111316,
            0.114422,
            0.119951,
            0.121949
        ],
        [
            0.277189,
            0.262855,
            0.267742,
            0.14746199999999998,
            0.103856,
            0.144001,
            0.14463399999999998,
            0.109903,
            0.111062,
            0.116103,
            0.113368,
            0.10022400000000001,
            0.084383,
            0.117465,
            0.11516,
            0.123468,
            0.053516999999999995,
            0.037191,
            0.0,
            0.02196,
            0.100408,
            0.125467,
            0.163124,
            0.100884,
            0.10144600000000001,
            0.104603,
            0.107709,
            0.113238,
            0.115236
        ],
        [
            0.268671,
            0.254337,
            0.259224,
            0.138944,
            0.095338,
            0.13548300000000002,
            0.13611600000000001,
            0.101385,
            0.102544,
            0.107585,
            0.10485,
            0.09170600000000001,
            0.075865,
            0.108947,
            0.106642,
            0.11495,
            0.044999,
            0.028673,
            0.02196,
            0.0,
            0.09189,
            0.116949,
            0.154606,
            0.092366,
            0.09292800000000001,
            0.096085,
            0.099191,
            0.10472000000000001,
            0.10671800000000001
        ],
        [
            0.283941,
            0.269607,
            0.274494,
            0.15421400000000002,
            0.11060800000000001,
            0.15075300000000003,
            0.15138600000000002,
            0.11665500000000001,
            0.117814,
            0.122855,
            0.12012,
            0.10697600000000002,
            0.101933,
            0.15857300000000002,
            0.15626800000000002,
            0.164576,
            0.108897,
            0.107121,
            0.100408,
            0.09189,
            0.0,
            0.11982100000000001,
            0.157478,
            0.09523799999999999,
            0.0958,
            0.09895699999999999,
            0.102063,
            0.107592,
            0.10958999999999999
        ],
        [
            0.309,
            0.294666,
            0.299553,
            0.17927300000000002,
            0.135667,
            0.17581200000000002,
            0.17644500000000002,
            0.141714,
            0.142873,
            0.147914,
            0.145179,
            0.132035,
            0.126992,
            0.18363200000000002,
            0.18132700000000002,
            0.189635,
            0.133956,
            0.13218,
            0.125467,
            0.116949,
            0.11982100000000001,
            0.0,
            0.146043,
            0.08380299999999999,
            0.084365,
            0.08752199999999999,
            0.090628,
            0.09615699999999999,
            0.09815499999999999
        ],
        [
            0.346657,
            0.332323,
            0.33720999999999995,
            0.21692999999999996,
            0.17332399999999998,
            0.21346899999999996,
            0.21410199999999996,
            0.179371,
            0.18052999999999997,
            0.18557099999999999,
            0.182836,
            0.169692,
            0.164649,
            0.221289,
            0.218984,
            0.227292,
            0.171613,
            0.169837,
            0.163124,
            0.154606,
            0.157478,
            0.146043,
            0.0,
            0.10479200000000001,
            0.105354,
            0.10851100000000001,
            0.11161700000000001,
            0.117146,
            0.119144
        ],
        [
            0.284417,
            0.27008299999999996,
            0.27497,
            0.15469,
            0.111084,
            0.151229,
            0.151862,
            0.117131,
            0.11828999999999999,
            0.123331,
            0.120596,
            0.10745199999999999,
            0.102409,
            0.159049,
            0.156744,
            0.16505199999999998,
            0.109373,
            0.107597,
            0.100884,
            0.092366,
            0.09523799999999999,
            0.08380299999999999,
            0.10479200000000001,
            0.0,
            0.001934,
            0.005091,
            0.008197,
            0.013725999999999999,
            0.015724
        ],
        [
            0.284979,
            0.27064499999999997,
            0.275532,
            0.155252,
            0.11164600000000001,
            0.151791,
            0.152424,
            0.117693,
            0.118852,
            0.123893,
            0.121158,
            0.108014,
            0.10297100000000001,
            0.159611,
            0.157306,
            0.16561399999999998,
            0.109935,
            0.108159,
            0.10144600000000001,
            0.09292800000000001,
            0.0958,
            0.084365,
            0.105354,
            0.001934,
            0.0,
            0.005653,
            0.008759,
            0.014287999999999999,
            0.016286
        ],
        [
            0.288136,
            0.273802,
            0.278689,
            0.158409,
            0.114803,
            0.154948,
            0.155581,
            0.12085,
            0.12200899999999999,
            0.12705,
            0.124315,
            0.11117099999999999,
            0.106128,
            0.162768,
            0.160463,
            0.168771,
            0.113092,
            0.111316,
            0.104603,
            0.096085,
            0.09895699999999999,
            0.08752199999999999,
            0.10851100000000001,
            0.005091,
            0.005653,
            0.0,
            0.008146,
            0.013675,
            0.015673
        ],
        [
            0.291242,
            0.276908,
            0.281795,
            0.16151500000000002,
            0.11790900000000001,
            0.15805400000000003,
            0.15868700000000002,
            0.12395600000000001,
            0.125115,
            0.130156,
            0.127421,
            0.11427700000000002,
            0.109234,
            0.16587400000000002,
            0.16356900000000002,
            0.171877,
            0.116198,
            0.114422,
            0.107709,
            0.099191,
            0.102063,
            0.090628,
            0.11161700000000001,
            0.008197,
            0.008759,
            0.008146,
            0.0,
            0.008989,
            0.010987
        ],
        [
            0.296771,
            0.282437,
            0.287324,
            0.167044,
            0.123438,
            0.163583,
            0.164216,
            0.12948500000000002,
            0.13064399999999998,
            0.135685,
            0.13295,
            0.119806,
            0.114763,
            0.171403,
            0.169098,
            0.177406,
            0.121727,
            0.119951,
            0.113238,
            0.10472000000000001,
            0.107592,
            0.09615699999999999,
            0.117146,
            0.013725999999999999,
            0.014287999999999999,
            0.013675,
            0.008989,
            0.0,
            0.01345
        ],
        [
            0.298769,
            0.284435,
            0.289322,
            0.169042,
            0.125436,
            0.165581,
            0.166214,
            0.13148300000000002,
            0.13264199999999998,
            0.137683,
            0.134948,
            0.121804,
            0.116761,
            0.173401,
            0.171096,
            0.179404,
            0.123725,
            0.121949,
            0.115236,
            0.10671800000000001,
            0.10958999999999999,
            0.09815499999999999,
            0.119144,
            0.015724,
            0.016286,
            0.015673,
            0.010987,
            0.01345,
            0.0
        ]
    ],
    "NODE_MAPPING": {
        "0": "1",
        "1": "2",
        "2": "3",
        "3": "12",
        "4": "18",
        "5": "27",
        "6": "28",
        "7": "22",
        "8": "20",
        "9": "19",
        "10": "21",
        "11": "17",
        "12": "23",
        "13": "24",
        "14": "25",
        "15": "29",
        "16": "13",
        "17": "14",
        "18": "15",
        "19": "16",
        "20": "26",
        "21": "4",
        "22": "11",
        "23": "8",
        "24": "9",
        "25": "7",
        "26": "5",
        "27": "6",
        "28": "10"
    }
}