{
    "NEXUS_FILE_URL": "http://purl.org/phylo/treebase/phylows/study/TB2:S11906",
    "NEWICK_TREE": "(9:0.0388899287362726,((4:0.009502864267747345,8:0.004641856153839462):0.010024751157743981,(2:0.003485915699555071,(1:0.0018431285288359493,((3:0.006044239678304593,7:0.008885937071928697):0.002414288720314432,(5:0.0014188912325082362,6:0.0032528738876151033):0.002199759920600111):0.0020626268111055535):0.002192416817357326):0.004847764830239072):0.0388899287362726);",
    "DISTANCE_MATRIX": [
        [
            0.0,
            0.09730747289803654,
            0.09244646478412866,
            0.08611353800233934,
            0.08666316764897755,
            0.09534119432986618,
            0.09818289172349029,
            0.0905013170843555,
            0.09233529973946238
        ],
        [
            0.09730747289803654,
            0.0,
            0.014144720421586807,
            0.02786129595528547,
            0.028410925601923674,
            0.03708895228281231,
            0.039930649676436406,
            0.03224907503730162,
            0.03408305769240849
        ],
        [
            0.09244646478412866,
            0.014144720421586807,
            0.0,
            0.023000287841377587,
            0.02354991748801579,
            0.03222794416890442,
            0.03506964156252852,
            0.02738806692339374,
            0.02922204957850061
        ],
        [
            0.08611353800233934,
            0.02786129595528547,
            0.023000287841377587,
            0.0,
            0.007521461045748346,
            0.01619948772663698,
            0.01904118512026108,
            0.011359610481126296,
            0.013193593136233165
        ],
        [
            0.08666316764897755,
            0.028410925601923674,
            0.02354991748801579,
            0.007521461045748346,
            0.0,
            0.012364283738560529,
            0.015205981132184632,
            0.007524406493049849,
            0.009358389148156718
        ],
        [
            0.09534119432986618,
            0.03708895228281231,
            0.03222794416890442,
            0.01619948772663698,
            0.012364283738560529,
            0.0,
            0.01493017675023329,
            0.012077179551727373,
            0.013911162206834238
        ],
        [
            0.09818289172349029,
            0.039930649676436406,
            0.03506964156252852,
            0.01904118512026108,
            0.015205981132184632,
            0.01493017675023329,
            0.0,
            0.014918876945351475,
            0.016752859600458345
        ],
        [
            0.0905013170843555,
            0.03224907503730162,
            0.02738806692339374,
            0.011359610481126296,
            0.007524406493049849,
            0.012077179551727373,
            0.014918876945351475,
            0.0,
            0.00467176512012334
        ],
        [
            0.09233529973946238,
            0.03408305769240849,
            0.02922204957850061,
            0.013193593136233165,
            0.009358389148156718,
            0.013911162206834238,
            0.016752859600458345,
            0.00467176512012334,
            0.0
        ]
    ],
    "NODE_MAPPING": {
        "0": "9",
        "1": "4",
        "2": "8",
        "3": "2",
        "4": "1",
        "5": "3",
        "6": "7",
        "7": "5",
        "8": "6"
    }
}