{
    "NEXUS_FILE_URL": "http://purl.org/phylo/treebase/phylows/study/TB2:S11906",
    "NEWICK_TREE": "((30:0.004644820769630252,(28:0.0018066355738723288,(27:2.1061191583645E-6,29:2.1061191583645E-6):0.0011603058596376043):0.01028517736056267):0.03563110985979231,((26:5.567119247440537E-4,(13:0.0017431191656220274,14:0.004794333652578508):0.006934197211149663):0.0010416567923081017,((15:0.0056198046673049005,25:0.0018033270104965322):0.0011224366004298578,(((1:0.001143008482339755,2:0.004878327071665856):0.0030381541509097486,(24:0.010580388799943637,(23:0.0023984504465198696,(16:0.004829055108349644,((12:0.0048500744898267185,17:2.1061191583645E-6):2.1061191583645E-6,(18:0.006025505322506159,21:2.1061191583645E-6):0.0013375505914973882):6.759761740447573E-4):0.003021094841465997):0.003975699788138562):2.1061191583645E-6):0.00244603949198123,((19:0.030480868320601595,20:0.010826236719225142):0.003072790550595458,(22:0.007475824051738296,((6:0.0011961688107794352,10:0.006197211833459138):0.001814382121865478,((5:0.0058838531617901955,(8:0.0011928397533176294,9:0.005425667436538153):0.0011898160832518362):0.0012335150633645937,(3:0.0024716013118392475,(4:0.003487846231202724,(7:0.010083623752091571,11:0.006774056834135839):0.0019586876293983865):0.0022329381870838613):0.0033865877390545046):5.857685154477994E-4):0.006457034248995138):0.0025316467711834502):0.0022222949943198206):2.1061191583645E-6):0.004435230775971213):0.03563110985979231);",
    "DISTANCE_MATRIX": [
        [
            0.0,
            0.01673663370406525,
            0.01609241010898889,
            0.01609241010898889,
            0.07750540920626703,
            0.08562601365829466,
            0.08867722814525114,
            0.08708451253292084,
            0.08326803487611247,
            0.08697157950957518,
            0.09070689809890128,
            0.09337291179542767,
            0.08916667323014246,
            0.09461837273343823,
            0.09531747440811844,
            0.09046950603745008,
            0.0978283497131369,
            0.0918049505097891,
            0.11612033124986132,
            0.09646569964848487,
            0.09257414320158601,
            0.09456590433148776,
            0.09956694735416746,
            0.09925849013944543,
            0.09575729281422471,
            0.09999012049744524,
            0.09799931096518441,
            0.10124849407163174,
            0.10980295922191896,
            0.10649339230396324
        ],
        [
            0.01673663370406525,
            0.0,
            0.0029690475526682977,
            0.0029690475526682977,
            0.08495240137107177,
            0.09307300582309941,
            0.0961242203100559,
            0.09453150469772559,
            0.09071502704091722,
            0.09441857167437993,
            0.09815389026370602,
            0.10081990396023242,
            0.09661366539494723,
            0.102065364898243,
            0.10276446657292318,
            0.09791649820225484,
            0.10527534187794166,
            0.09925194267459386,
            0.12356732341466607,
            0.10391269181328962,
            0.10002113536639076,
            0.10201289649629251,
            0.10701393951897221,
            0.1067054823042502,
            0.10320428497902946,
            0.10743711266224998,
            0.10544630312998916,
            0.10869548623643649,
            0.11724995138672371,
            0.11394038446876799
        ],
        [
            0.01609241010898889,
            0.0029690475526682977,
            0.0,
            4.212238316729e-06,
            0.08430817777599542,
            0.09242878222802305,
            0.09547999671497953,
            0.09388728110264923,
            0.09007080344584086,
            0.09377434807930357,
            0.09750966666862967,
            0.10017568036515606,
            0.09596944179987085,
            0.10142114130316662,
            0.10212024297784683,
            0.09727227460717847,
            0.1046311182828653,
            0.09860771907951749,
            0.12292309981958971,
            0.10326846821821326,
            0.0993769117713144,
            0.10136867290121615,
            0.10636971592389585,
            0.10606125870917382,
            0.1025600613839531,
            0.10679288906717363,
            0.1048020795349128,
            0.10805126264136013,
            0.11660572779164735,
            0.11329616087369163
        ],
        [
            0.01609241010898889,
            0.0029690475526682977,
            4.212238316729e-06,
            0.0,
            0.08430817777599542,
            0.09242878222802305,
            0.09547999671497953,
            0.09388728110264923,
            0.09007080344584086,
            0.09377434807930357,
            0.09750966666862967,
            0.10017568036515606,
            0.09596944179987085,
            0.10142114130316662,
            0.10212024297784683,
            0.09727227460717847,
            0.1046311182828653,
            0.09860771907951749,
            0.12292309981958971,
            0.10326846821821326,
            0.0993769117713144,
            0.10136867290121615,
            0.10636971592389585,
            0.10606125870917382,
            0.1025600613839531,
            0.10679288906717363,
            0.1048020795349128,
            0.10805126264136013,
            0.11660572779164735,
            0.11329616087369163
        ],
        [
            0.07750540920626703,
            0.08495240137107177,
            0.08430817777599542,
            0.08430817777599542,
            0.0,
            0.009234028301515745,
            0.012285242788472225,
            0.012775840760758125,
            0.008959363103949758,
            0.012662907737412467,
            0.01639822632673857,
            0.019064240023264963,
            0.014858001457979757,
            0.02030970096127553,
            0.021008802635955726,
            0.01616083426528737,
            0.023519677940974194,
            0.017496278737626395,
            0.041811659477698604,
            0.022157027876322156,
            0.0182654714294233,
            0.020257232559325055,
            0.025258275582004757,
            0.02494981836728273,
            0.021448621042062,
            0.025681448725282524,
            0.0236906391930217,
            0.02693982229946903,
            0.03549428744975626,
            0.032184720531800534
        ],
        [
            0.08562601365829466,
            0.09307300582309941,
            0.09242878222802305,
            0.09242878222802305,
            0.009234028301515745,
            0.0,
            0.006537452818200536,
            0.02089644521278576,
            0.017079967555977394,
            0.020783512189440106,
            0.024518830778766203,
            0.027184844475292597,
            0.022978605910007395,
            0.028430305413303165,
            0.02912940708798336,
            0.02428143871731501,
            0.03164028239300183,
            0.02561688318965403,
            0.04993226392972624,
            0.03027763232834979,
            0.026386075881450935,
            0.028377837011352693,
            0.033378880034032395,
            0.033070422819310365,
            0.029569225494089635,
            0.03380205317731016,
            0.031811243645049336,
            0.03506042675149667,
            0.04361489190178389,
            0.04030532498382817
        ],
        [
            0.08867722814525114,
            0.0961242203100559,
            0.09547999671497953,
            0.09547999671497953,
            0.012285242788472225,
            0.006537452818200536,
            0.0,
            0.023947659699742243,
            0.020131182042933876,
            0.023834726676396585,
            0.027570045265722685,
            0.03023605896224908,
            0.026029820396963874,
            0.031481519900259644,
            0.03218062157493984,
            0.027332653204271487,
            0.03469149687995831,
            0.02866809767661051,
            0.05298347841668272,
            0.033328846815306276,
            0.029437290368407417,
            0.03142905149830917,
            0.03643009452098887,
            0.03612163730626684,
            0.03262043998104612,
            0.03685326766426664,
            0.034862458132005815,
            0.03811164123845315,
            0.04666610638874037,
            0.04335653947078465
        ],
        [
            0.08708451253292084,
            0.09453150469772559,
            0.09388728110264923,
            0.09388728110264923,
            0.012775840760758125,
            0.02089644521278576,
            0.023947659699742243,
            0.0,
            0.0074231316778014325,
            0.013371549512123857,
            0.017106868101449957,
            0.019772881797976354,
            0.01556664323269115,
            0.02101834273598692,
            0.021717444410667117,
            0.016869476039998763,
            0.024228319715685582,
            0.018204920512337786,
            0.04252030125241,
            0.022865669651033545,
            0.01897411320413469,
            0.020965874334036443,
            0.025966917356716145,
            0.02565846014199412,
            0.02215726281677339,
            0.026390090499993912,
            0.024399280967733087,
            0.02764846407418042,
            0.036202929224467655,
            0.03289336230651192
        ],
        [
            0.08326803487611247,
            0.09071502704091722,
            0.09007080344584086,
            0.09007080344584086,
            0.008959363103949758,
            0.017079967555977394,
            0.020131182042933876,
            0.0074231316778014325,
            0.0,
            0.009555071855315489,
            0.01329039044464159,
            0.015956404141167984,
            0.011750165575882779,
            0.01720186507917855,
            0.017900966753858747,
            0.013052998383190392,
            0.020411842058877215,
            0.014388442855529416,
            0.03870382359560163,
            0.019049191994225178,
            0.015157635547326319,
            0.017149396677228076,
            0.02215043969990778,
            0.021841982485185752,
            0.018340785159965022,
            0.022573612843185546,
            0.02058280331092472,
            0.023831986417372053,
            0.032386451567659284,
            0.029076884649703556
        ],
        [
            0.08697157950957518,
            0.09441857167437993,
            0.09377434807930357,
            0.09377434807930357,
            0.012662907737412467,
            0.020783512189440106,
            0.023834726676396585,
            0.013371549512123857,
            0.009555071855315489,
            0.0,
            0.006021335554005611,
            0.014763657552351504,
            0.0105574189870663,
            0.01600911849036207,
            0.016708220165042267,
            0.011860251794373913,
            0.019219095470060732,
            0.013195696266712936,
            0.04240315599074761,
            0.022748524389371156,
            0.0188569679424723,
            0.020848729072374055,
            0.025849772095053757,
            0.02554131488033173,
            0.022040117555111004,
            0.026272945238331524,
            0.0242821357060707,
            0.02753131881251803,
            0.03608578396280526,
            0.03277621704484954
        ],
        [
            0.09070689809890128,
            0.09815389026370602,
            0.09750966666862967,
            0.09750966666862967,
            0.01639822632673857,
            0.024518830778766203,
            0.027570045265722685,
            0.017106868101449957,
            0.01329039044464159,
            0.006021335554005611,
            0.0,
            0.018498976141677607,
            0.014292737576392402,
            0.01974443707968817,
            0.02044353875436837,
            0.015595570383700016,
            0.022954414059386835,
            0.01693101485603904,
            0.04613847458007371,
            0.026483842978697256,
            0.0225922865317984,
            0.024584047661700158,
            0.02958509068437986,
            0.02927663346965783,
            0.025775436144437103,
            0.030008263827657623,
            0.0280174542953968,
            0.031266637401844134,
            0.039821102552131366,
            0.03651153563417563
        ],
        [
            0.09337291179542767,
            0.10081990396023242,
            0.10017568036515606,
            0.10017568036515606,
            0.019064240023264963,
            0.027184844475292597,
            0.03023605896224908,
            0.019772881797976354,
            0.015956404141167984,
            0.014763657552351504,
            0.018498976141677607,
            0.0,
            0.01695453903460207,
            0.02240623853789784,
            0.023105340212578037,
            0.018257371841909682,
            0.0256162155175965,
            0.019592816314248706,
            0.048804488276600104,
            0.029149856675223653,
            0.025258300228324797,
            0.02725006135822655,
            0.032251104380906254,
            0.031942647166184224,
            0.0284414498409635,
            0.03267427752418402,
            0.030683467991923195,
            0.03393265109837053,
            0.04248711624865776,
            0.03917754933070203
        ],
        [
            0.08916667323014246,
            0.09661366539494723,
            0.09596944179987085,
            0.09596944179987085,
            0.014858001457979757,
            0.022978605910007395,
            0.026029820396963874,
            0.01556664323269115,
            0.011750165575882779,
            0.0105574189870663,
            0.014292737576392402,
            0.01695453903460207,
            0.0,
            0.01024860039633551,
            0.010947702071015707,
            0.006099733700347353,
            0.013458577376034172,
            0.007435178172686376,
            0.0445982497113149,
            0.024943618109938448,
            0.021052061663039592,
            0.02304382279294135,
            0.02804486581562105,
            0.027736408600899022,
            0.024235211275678292,
            0.028468038958898816,
            0.02647722942663799,
            0.029726412533085323,
            0.03828087768337256,
            0.034971310765416826
        ],
        [
            0.09461837273343823,
            0.102065364898243,
            0.10142114130316662,
            0.10142114130316662,
            0.02030970096127553,
            0.028430305413303165,
            0.031481519900259644,
            0.02101834273598692,
            0.01720186507917855,
            0.01600911849036207,
            0.01974443707968817,
            0.02240623853789784,
            0.01024860039633551,
            0.0,
            0.010357211891379484,
            0.00550924352071113,
            0.012868087196397949,
            0.006844687993050155,
            0.05004994921461067,
            0.03039531761323422,
            0.026503761166335363,
            0.02849552229623712,
            0.033496565318916816,
            0.03318810810419479,
            0.029686910778974063,
            0.033919738462194586,
            0.031928928929933764,
            0.03517811203638109,
            0.04373257718666833,
            0.040423010268712596
        ],
        [
            0.09531747440811844,
            0.10276446657292318,
            0.10212024297784683,
            0.10212024297784683,
            0.021008802635955726,
            0.02912940708798336,
            0.03218062157493984,
            0.021717444410667117,
            0.017900966753858747,
            0.016708220165042267,
            0.02044353875436837,
            0.023105340212578037,
            0.010947702071015707,
            0.010357211891379484,
            0.0,
            0.004852180608985083,
            0.01221523652298863,
            0.006191837319640836,
            0.05074905088929087,
            0.031094419287914416,
            0.02720286284101556,
            0.029194623970917315,
            0.03419566699359702,
            0.033887209778874994,
            0.030386012453654264,
            0.03461884013687479,
            0.03262803060461396,
            0.03587721371106129,
            0.04443167886134852,
            0.0411221119433928
        ],
        [
            0.09046950603745008,
            0.09791649820225484,
            0.09727227460717847,
            0.09727227460717847,
            0.01616083426528737,
            0.02428143871731501,
            0.027332653204271487,
            0.016869476039998763,
            0.013052998383190392,
            0.011860251794373913,
            0.015595570383700016,
            0.018257371841909682,
            0.006099733700347353,
            0.00550924352071113,
            0.004852180608985083,
            0.0,
            0.007367268152320277,
            0.0013438689489724818,
            0.045901082518622516,
            0.02624645091724606,
            0.022354894470347206,
            0.024346655600248963,
            0.029347698622928662,
            0.029039241408206636,
            0.025538044082985906,
            0.02977087176620643,
            0.027780062233945604,
            0.031029245340392936,
            0.03958371049068017,
            0.03627414357272444
        ],
        [
            0.0978283497131369,
            0.10527534187794166,
            0.1046311182828653,
            0.1046311182828653,
            0.023519677940974194,
            0.03164028239300183,
            0.03469149687995831,
            0.024228319715685582,
            0.020411842058877215,
            0.019219095470060732,
            0.022954414059386835,
            0.0256162155175965,
            0.013458577376034172,
            0.012868087196397949,
            0.01221523652298863,
            0.007367268152320277,
            0.0,
            0.006027611441664524,
            0.05325992619430933,
            0.03360529459293288,
            0.029713738146034025,
            0.03170549927593578,
            0.03670654229861548,
            0.03639808508389346,
            0.03289688775867273,
            0.03712971544189325,
            0.03513890590963242,
            0.038388089016079756,
            0.04694255416636699,
            0.04363298724841126
        ],
        [
            0.0918049505097891,
            0.09925194267459386,
            0.09860771907951749,
            0.09860771907951749,
            0.017496278737626395,
            0.02561688318965403,
            0.02866809767661051,
            0.018204920512337786,
            0.014388442855529416,
            0.013195696266712936,
            0.01693101485603904,
            0.019592816314248706,
            0.007435178172686376,
            0.006844687993050155,
            0.006191837319640836,
            0.0013438689489724818,
            0.006027611441664524,
            0.0,
            0.047236526990961536,
            0.027581895389585085,
            0.02369033894268623,
            0.025682100072587984,
            0.030683143095267686,
            0.03037468588054566,
            0.026873488555324933,
            0.031106316238545453,
            0.029115506706284627,
            0.03236468981273196,
            0.04091915496301919,
            0.037609588045063466
        ],
        [
            0.11612033124986132,
            0.12356732341466607,
            0.12292309981958971,
            0.12292309981958971,
            0.041811659477698604,
            0.04993226392972624,
            0.05298347841668272,
            0.04252030125241,
            0.03870382359560163,
            0.04240315599074761,
            0.04613847458007371,
            0.048804488276600104,
            0.0445982497113149,
            0.05004994921461067,
            0.05074905088929087,
            0.045901082518622516,
            0.05325992619430933,
            0.047236526990961536,
            0.0,
            0.041307105039826736,
            0.043561129694118794,
            0.04555289082402055,
            0.050553933846700254,
            0.05024547663197823,
            0.0467442793067575,
            0.050977106989978024,
            0.048986297457717196,
            0.05223548056416453,
            0.06078994571445176,
            0.057480378796496034
        ],
        [
            0.09646569964848487,
            0.10391269181328962,
            0.10326846821821326,
            0.10326846821821326,
            0.022157027876322156,
            0.03027763232834979,
            0.033328846815306276,
            0.022865669651033545,
            0.019049191994225178,
            0.022748524389371156,
            0.026483842978697256,
            0.029149856675223653,
            0.024943618109938448,
            0.03039531761323422,
            0.031094419287914416,
            0.02624645091724606,
            0.03360529459293288,
            0.027581895389585085,
            0.041307105039826736,
            0.0,
            0.023906498092742347,
            0.025898259222644104,
            0.030899302245323803,
            0.030590845030601777,
            0.027089647705381047,
            0.03132247538860157,
            0.02933166585634074,
            0.03258084896278808,
            0.041135314113075305,
            0.03782574719511958
        ],
        [
            0.09257414320158601,
            0.10002113536639076,
            0.0993769117713144,
            0.0993769117713144,
            0.0182654714294233,
            0.026386075881450935,
            0.029437290368407417,
            0.01897411320413469,
            0.015157635547326319,
            0.0188569679424723,
            0.0225922865317984,
            0.025258300228324797,
            0.021052061663039592,
            0.026503761166335363,
            0.02720286284101556,
            0.022354894470347206,
            0.029713738146034025,
            0.02369033894268623,
            0.043561129694118794,
            0.023906498092742347,
            0.0,
            0.016943409233378347,
            0.02194445225605805,
            0.021635995041336023,
            0.018134797716115293,
            0.022367625399335817,
            0.020376815867074988,
            0.023625998973522324,
            0.03218046412380955,
            0.028870897205853827
        ],
        [
            0.09456590433148776,
            0.10201289649629251,
            0.10136867290121615,
            0.10136867290121615,
            0.020257232559325055,
            0.028377837011352693,
            0.03142905149830917,
            0.020965874334036443,
            0.017149396677228076,
            0.020848729072374055,
            0.024584047661700158,
            0.02725006135822655,
            0.02304382279294135,
            0.02849552229623712,
            0.029194623970917315,
            0.024346655600248963,
            0.03170549927593578,
            0.025682100072587984,
            0.04555289082402055,
            0.025898259222644104,
            0.016943409233378347,
            0.0,
            0.007393380644238573,
            0.010713687673247502,
            0.0072124903480267726,
            0.011445318031247296,
            0.009454508498986465,
            0.012703691605433803,
            0.021258156755721035,
            0.017948589837765302
        ],
        [
            0.09956694735416746,
            0.10701393951897221,
            0.10636971592389585,
            0.10636971592389585,
            0.025258275582004757,
            0.033378880034032395,
            0.03643009452098887,
            0.025966917356716145,
            0.02215043969990778,
            0.025849772095053757,
            0.02958509068437986,
            0.032251104380906254,
            0.02804486581562105,
            0.033496565318916816,
            0.03419566699359702,
            0.029347698622928662,
            0.03670654229861548,
            0.030683143095267686,
            0.050553933846700254,
            0.030899302245323803,
            0.02194445225605805,
            0.007393380644238573,
            0.0,
            0.015714730695927204,
            0.012213533370706475,
            0.016446361053926998,
            0.014455551521666167,
            0.017704734628113505,
            0.026259199778400737,
            0.022949632860445005
        ],
        [
            0.09925849013944543,
            0.1067054823042502,
            0.10606125870917382,
            0.10606125870917382,
            0.02494981836728273,
            0.033070422819310365,
            0.03612163730626684,
            0.02565846014199412,
            0.021841982485185752,
            0.02554131488033173,
            0.02927663346965783,
            0.031942647166184224,
            0.027736408600899022,
            0.03318810810419479,
            0.033887209778874994,
            0.029039241408206636,
            0.03639808508389346,
            0.03037468588054566,
            0.05024547663197823,
            0.030590845030601777,
            0.021635995041336023,
            0.010713687673247502,
            0.015714730695927204,
            0.0,
            0.008266508998359661,
            0.012499336681580184,
            0.012975557276048542,
            0.01622474038249588,
            0.02477920553278311,
            0.021469638614827383
        ],
        [
            0.09575729281422471,
            0.10320428497902946,
            0.1025600613839531,
            0.1025600613839531,
            0.021448621042062,
            0.029569225494089635,
            0.03262043998104612,
            0.02215726281677339,
            0.018340785159965022,
            0.022040117555111004,
            0.025775436144437103,
            0.0284414498409635,
            0.024235211275678292,
            0.029686910778974063,
            0.030386012453654264,
            0.025538044082985906,
            0.03289688775867273,
            0.026873488555324933,
            0.0467442793067575,
            0.027089647705381047,
            0.018134797716115293,
            0.0072124903480267726,
            0.012213533370706475,
            0.008266508998359661,
            0.0,
            0.006618507189855783,
            0.009474359950827812,
            0.01272354305727515,
            0.02127800820756238,
            0.01796844128960665
        ],
        [
            0.09999012049744524,
            0.10743711266224998,
            0.10679288906717363,
            0.10679288906717363,
            0.025681448725282524,
            0.03380205317731016,
            0.03685326766426664,
            0.026390090499993912,
            0.022573612843185546,
            0.026272945238331524,
            0.030008263827657623,
            0.03267427752418402,
            0.028468038958898816,
            0.033919738462194586,
            0.03461884013687479,
            0.02977087176620643,
            0.03712971544189325,
            0.031106316238545453,
            0.050977106989978024,
            0.03132247538860157,
            0.022367625399335817,
            0.011445318031247296,
            0.016446361053926998,
            0.012499336681580184,
            0.006618507189855783,
            0.0,
            0.013707187634048336,
            0.016956370740495674,
            0.025510835890782905,
            0.022201268972827176
        ],
        [
            0.09799931096518441,
            0.10544630312998916,
            0.1048020795349128,
            0.1048020795349128,
            0.0236906391930217,
            0.031811243645049336,
            0.034862458132005815,
            0.024399280967733087,
            0.02058280331092472,
            0.0242821357060707,
            0.0280174542953968,
            0.030683467991923195,
            0.02647722942663799,
            0.031928928929933764,
            0.03262803060461396,
            0.027780062233945604,
            0.03513890590963242,
            0.029115506706284627,
            0.048986297457717196,
            0.02933166585634074,
            0.020376815867074988,
            0.009454508498986465,
            0.014455551521666167,
            0.012975557276048542,
            0.009474359950827812,
            0.013707187634048336,
            0.0,
            0.008192385730125833,
            0.016746850880413066,
            0.013437283962457334
        ],
        [
            0.10124849407163174,
            0.10869548623643649,
            0.10805126264136013,
            0.10805126264136013,
            0.02693982229946903,
            0.03506042675149667,
            0.03811164123845315,
            0.02764846407418042,
            0.023831986417372053,
            0.02753131881251803,
            0.031266637401844134,
            0.03393265109837053,
            0.029726412533085323,
            0.03517811203638109,
            0.03587721371106129,
            0.031029245340392936,
            0.038388089016079756,
            0.03236468981273196,
            0.05223548056416453,
            0.03258084896278808,
            0.023625998973522324,
            0.012703691605433803,
            0.017704734628113505,
            0.01622474038249588,
            0.01272354305727515,
            0.016956370740495674,
            0.008192385730125833,
            0.0,
            0.01553015761269268,
            0.012220590694736948
        ],
        [
            0.10980295922191896,
            0.11724995138672371,
            0.11660572779164735,
            0.11660572779164735,
            0.03549428744975626,
            0.04361489190178389,
            0.04666610638874037,
            0.036202929224467655,
            0.032386451567659284,
            0.03608578396280526,
            0.039821102552131366,
            0.04248711624865776,
            0.03828087768337256,
            0.04373257718666833,
            0.04443167886134852,
            0.03958371049068017,
            0.04694255416636699,
            0.04091915496301919,
            0.06078994571445176,
            0.041135314113075305,
            0.03218046412380955,
            0.021258156755721035,
            0.026259199778400737,
            0.02477920553278311,
            0.02127800820756238,
            0.025510835890782905,
            0.016746850880413066,
            0.01553015761269268,
            0.0,
            0.01685768058622741
        ],
        [
            0.10649339230396324,
            0.11394038446876799,
            0.11329616087369163,
            0.11329616087369163,
            0.032184720531800534,
            0.04030532498382817,
            0.04335653947078465,
            0.03289336230651192,
            0.029076884649703556,
            0.03277621704484954,
            0.03651153563417563,
            0.03917754933070203,
            0.034971310765416826,
            0.040423010268712596,
            0.0411221119433928,
            0.03627414357272444,
            0.04363298724841126,
            0.037609588045063466,
            0.057480378796496034,
            0.03782574719511958,
            0.028870897205853827,
            0.017948589837765302,
            0.022949632860445005,
            0.021469638614827383,
            0.01796844128960665,
            0.022201268972827176,
            0.013437283962457334,
            0.012220590694736948,
            0.01685768058622741,
            0.0
        ]
    ],
    "NODE_MAPPING": {
        "0": "30",
        "1": "28",
        "2": "27",
        "3": "29",
        "4": "26",
        "5": "13",
        "6": "14",
        "7": "15",
        "8": "25",
        "9": "1",
        "10": "2",
        "11": "24",
        "12": "23",
        "13": "16",
        "14": "12",
        "15": "17",
        "16": "18",
        "17": "21",
        "18": "19",
        "19": "20",
        "20": "22",
        "21": "6",
        "22": "10",
        "23": "5",
        "24": "8",
        "25": "9",
        "26": "3",
        "27": "4",
        "28": "7",
        "29": "11"
    }
}