{
    "NEXUS_FILE_URL": "http://purl.org/phylo/treebase/phylows/study/TB2:S11977",
    "NEWICK_TREE": "((4:0.08170396,(5:0.10173258,6:0.04341737):0.04425699):0.00965362,(((1:0.04308801,11:0.0503467):0.08294569,((7:0.00799728,(3:0.01855697,9:0.06182182):0.01090834):0.04758473,(10:0.0804831,(8:0.02601145,30:0.02086223):0.06175858):0.04082344):0.04670914):0.06443301,((13:0.0365617,17:0.04343543):0.02750609,(12:0.01169135,((15:0.00146049,16:1.0E-8):0.01869773,((29:0.00893478,(14:0.00580196,23:5.5392E-4,(20:0.00146329,21:1.0E-8,22:0.00144865):0.00727454):0.00394498):0.0014655,(25:0.00432594,((27:0.00145909,28:0.00145288):0.0,(19:0.0029261,(18:1.0E-8,24:0.00145028,26:1.0E-8):0.00145385):0.00145191):0.002963):1.0E-8):0.00267588):0.00362978):0.01716719):0.08945582):0.00965362);",
    "DISTANCE_MATRIX": [
        [
            0,
            0.22769353000000003,
            0.16937832000000003,
            0.29147791,
            0.2987366,
            0.26773536000000003,
            0.28920339,
            0.33246824,
            0.33345989000000004,
            0.34074682,
            0.33559760000000005,
            0.25453481,
            0.26140854,
            0.21932556000000003,
            0.23142221000000002,
            0.22996173000000003,
            0.22434015000000002,
            0.22515231000000002,
            0.21990427,
            0.22808818000000003,
            0.22662490000000002,
            0.22807354000000002,
            0.21826582,
            0.21836197000000002,
            0.21835576,
            0.22128089,
            0.21980865,
            0.22125892000000003,
            0.21980865
        ],
        [
            0.22769353000000003,
            0,
            0.14514995,
            0.35576352,
            0.36302221,
            0.33202097,
            0.353489,
            0.39675385,
            0.39774550000000003,
            0.40503243,
            0.39988321000000004,
            0.31882042,
            0.32569415,
            0.28361117,
            0.29570782,
            0.29424734,
            0.28862576,
            0.28943792,
            0.28418988,
            0.29237379,
            0.29091051,
            0.29235915,
            0.28255143000000005,
            0.28264758,
            0.28264137,
            0.28556650000000006,
            0.28409426000000004,
            0.28554453,
            0.28409426000000004
        ],
        [
            0.16937832000000003,
            0.14514995,
            0,
            0.29744831,
            0.304707,
            0.27370576,
            0.29517379,
            0.33843864,
            0.33943029,
            0.34671722,
            0.34156800000000004,
            0.26050521000000004,
            0.26737894,
            0.22529596000000002,
            0.23739261,
            0.23593213000000002,
            0.23031055,
            0.23112271,
            0.22587467,
            0.23405858000000002,
            0.2325953,
            0.23404394,
            0.22423622,
            0.22433237,
            0.22432616,
            0.22725129000000002,
            0.22577905,
            0.22722932,
            0.22577905
        ],
        [
            0.29147791,
            0.35576352,
            0.29744831,
            0,
            0.09343471,
            0.22832485,
            0.24979288,
            0.29305773,
            0.29404938,
            0.30133631,
            0.29618709,
            0.34399031999999996,
            0.35086405,
            0.30878107,
            0.32087772,
            0.31941724,
            0.31379566,
            0.31460782,
            0.30935978,
            0.31754369,
            0.31608041,
            0.31752905,
            0.30772133,
            0.30781748,
            0.30781126999999997,
            0.3107364,
            0.30926416,
            0.31071443,
            0.30926416
        ],
        [
            0.2987366,
            0.36302221,
            0.304707,
            0.09343471,
            0,
            0.23558354,
            0.25705157,
            0.30031642000000003,
            0.30130807000000004,
            0.308595,
            0.30344578,
            0.35124901,
            0.35812274,
            0.31603976,
            0.32813641,
            0.32667593,
            0.32105435,
            0.32186651,
            0.31661847,
            0.32480238,
            0.3233391,
            0.32478774,
            0.31498002,
            0.31507617,
            0.31506996,
            0.31799509000000004,
            0.31652285,
            0.31797312,
            0.31652285
        ],
        [
            0.26773536000000003,
            0.33202097,
            0.27370576,
            0.22832485,
            0.23558354,
            0,
            0.037462590000000004,
            0.08072744,
            0.17688855,
            0.18417548,
            0.17902626,
            0.32024777000000004,
            0.3271215,
            0.28503852,
            0.29713517,
            0.29567469,
            0.29005311,
            0.29086527,
            0.28561723,
            0.29380114,
            0.29233786,
            0.2937865,
            0.28397878,
            0.28407493,
            0.28406872,
            0.28699385,
            0.28552161,
            0.28697188,
            0.28552161
        ],
        [
            0.28920339,
            0.353489,
            0.29517379,
            0.24979288,
            0.25705157,
            0.037462590000000004,
            0,
            0.08037879,
            0.19835658,
            0.20564350999999997,
            0.20049429000000002,
            0.3417158,
            0.34858953,
            0.30650655,
            0.3186032,
            0.31714272,
            0.31152114,
            0.3123333,
            0.30708525999999997,
            0.31526917,
            0.31380589,
            0.31525453,
            0.30544680999999996,
            0.30554296,
            0.30553674999999997,
            0.30846187999999997,
            0.30698963999999995,
            0.30843991,
            0.30698963999999995
        ],
        [
            0.33246824,
            0.39675385,
            0.33843864,
            0.29305773,
            0.30031642000000003,
            0.08072744,
            0.08037879,
            0,
            0.24162143000000003,
            0.24890836,
            0.24375914,
            0.38498065000000004,
            0.39185438,
            0.3497714,
            0.36186805,
            0.36040757,
            0.35478599,
            0.35559815,
            0.35035011,
            0.35853402,
            0.35707074,
            0.35851938,
            0.34871166,
            0.34880781,
            0.3488016,
            0.35172673,
            0.35025449,
            0.35170476,
            0.35025449
        ],
        [
            0.33345989000000004,
            0.39774550000000003,
            0.33943029,
            0.29404938,
            0.30130807000000004,
            0.17688855,
            0.19835658,
            0.24162143000000003,
            0,
            0.16825313,
            0.16310391000000002,
            0.38597230000000005,
            0.39284603,
            0.35076305,
            0.3628597,
            0.36139922,
            0.35577764,
            0.3565898,
            0.35134176,
            0.35952567,
            0.35806239,
            0.35951103,
            0.34970331,
            0.34979946,
            0.34979325,
            0.35271838,
            0.35124614,
            0.35269641,
            0.35124614
        ],
        [
            0.34074682,
            0.40503243,
            0.34671722,
            0.30133631,
            0.308595,
            0.18417548,
            0.20564350999999997,
            0.24890836,
            0.16825313,
            0,
            0.04687368,
            0.39325922999999996,
            0.40013296,
            0.35804998,
            0.37014663,
            0.36868615,
            0.36306457,
            0.36387673,
            0.35862868999999997,
            0.3668126,
            0.36534932,
            0.36679796,
            0.35699024,
            0.35708639,
            0.35708017999999997,
            0.36000531,
            0.35853307,
            0.35998334,
            0.35853307
        ],
        [
            0.33559760000000005,
            0.39988321000000004,
            0.34156800000000004,
            0.29618709,
            0.30344578,
            0.17902626,
            0.20049429000000002,
            0.24375914,
            0.16310391000000002,
            0.04687368,
            0,
            0.38811001,
            0.39498374,
            0.35290076000000004,
            0.36499741,
            0.36353693000000004,
            0.35791535,
            0.35872751,
            0.35347947,
            0.36166338000000003,
            0.3602001,
            0.36164874,
            0.35184102000000006,
            0.35193717,
            0.35193096,
            0.35485609000000007,
            0.35338385000000005,
            0.35483412000000003,
            0.35338385000000005
        ],
        [
            0.25453481,
            0.31882042,
            0.26050521000000004,
            0.34399031999999996,
            0.35124901,
            0.32024777000000004,
            0.3417158,
            0.38498065000000004,
            0.38597230000000005,
            0.39325922999999996,
            0.38811001,
            0,
            0.07999713,
            0.09292633,
            0.10502297999999999,
            0.1035625,
            0.09794092,
            0.09875308,
            0.09350504,
            0.10168895,
            0.10022567,
            0.10167430999999999,
            0.09186659,
            0.09196274,
            0.09195653,
            0.09488166,
            0.09340941999999999,
            0.09485969,
            0.09340941999999999
        ],
        [
            0.26140854,
            0.32569415,
            0.26737894,
            0.35086405,
            0.35812274,
            0.3271215,
            0.34858953,
            0.39185438,
            0.39284603,
            0.40013296,
            0.39498374,
            0.07999713,
            0,
            0.09980006,
            0.11189670999999998,
            0.11043623,
            0.10481465,
            0.10562680999999999,
            0.10037876999999999,
            0.10856268,
            0.1070994,
            0.10854803999999998,
            0.09874031999999999,
            0.09883647,
            0.09883025999999999,
            0.10175539,
            0.10028314999999999,
            0.10173341999999999,
            0.10028314999999999
        ],
        [
            0.21932556000000003,
            0.28361117,
            0.22529596000000002,
            0.30878107,
            0.31603976,
            0.28503852,
            0.30650655,
            0.3497714,
            0.35076305,
            0.35804998,
            0.35290076000000004,
            0.09292633,
            0.09980006,
            0,
            0.03547934999999999,
            0.03401887,
            0.02839729,
            0.029209449999999998,
            0.02396141,
            0.03214532,
            0.03068204,
            0.032130679999999995,
            0.02232296,
            0.02241911,
            0.0224129,
            0.02533803,
            0.02386579,
            0.02531606,
            0.02386579
        ],
        [
            0.23142221000000002,
            0.29570782,
            0.23739261,
            0.32087772,
            0.32813641,
            0.29713517,
            0.3186032,
            0.36186805,
            0.3628597,
            0.37014663,
            0.36499741,
            0.10502297999999999,
            0.11189670999999998,
            0.03547934999999999,
            0,
            0.0014605,
            0.033234379999999994,
            0.03404654,
            0.028798499999999998,
            0.03698240999999999,
            0.035519129999999996,
            0.03696777,
            0.027160049999999998,
            0.027256199999999998,
            0.027249989999999995,
            0.03017512,
            0.02870288,
            0.030153149999999997,
            0.02870288
        ],
        [
            0.22996173000000003,
            0.29424734,
            0.23593213000000002,
            0.31941724,
            0.32667593,
            0.29567469,
            0.31714272,
            0.36040757,
            0.36139922,
            0.36868615,
            0.36353693000000004,
            0.1035625,
            0.11043623,
            0.03401887,
            0.0014605,
            0,
            0.0317739,
            0.03258606,
            0.02733802,
            0.03552193,
            0.03405865,
            0.03550729,
            0.02569957,
            0.02579572,
            0.02578951,
            0.02871464,
            0.0272424,
            0.028692670000000003,
            0.0272424
        ],
        [
            0.22434015000000002,
            0.28862576,
            0.23031055,
            0.31379566,
            0.32105435,
            0.29005311,
            0.31152114,
            0.35478599,
            0.35577764,
            0.36306457,
            0.35791535,
            0.09794092,
            0.10481465,
            0.02839729,
            0.033234379999999994,
            0.0317739,
            0,
            0.01868172,
            0.01343368,
            0.02161759,
            0.02015431,
            0.02160295,
            0.01472623,
            0.01482238,
            0.01481617,
            0.0177413,
            0.016269060000000002,
            0.01771933,
            0.016269060000000002
        ],
        [
            0.22515231000000002,
            0.28943792,
            0.23112271,
            0.31460782,
            0.32186651,
            0.29086527,
            0.3123333,
            0.35559815,
            0.3565898,
            0.36387673,
            0.35872751,
            0.09875308,
            0.10562680999999999,
            0.029209449999999998,
            0.03404654,
            0.03258606,
            0.01868172,
            0,
            0.00635588,
            0.01453979,
            0.01307651,
            0.01452515,
            0.01553839,
            0.01563454,
            0.01562833,
            0.01855346,
            0.01708122,
            0.018531489999999998,
            0.01708122
        ],
        [
            0.21990427,
            0.28418988,
            0.22587467,
            0.30935978,
            0.31661847,
            0.28561723,
            0.30708525999999997,
            0.35035011,
            0.35134176,
            0.35862868999999997,
            0.35347947,
            0.09350504,
            0.10037876999999999,
            0.02396141,
            0.028798499999999998,
            0.02733802,
            0.01343368,
            0.00635588,
            0,
            0.00929175,
            0.00782847,
            0.00927711,
            0.01029035,
            0.0103865,
            0.01038029,
            0.01330542,
            0.01183318,
            0.01328345,
            0.01183318
        ],
        [
            0.22808818000000003,
            0.29237379,
            0.23405858000000002,
            0.31754369,
            0.32480238,
            0.29380114,
            0.31526917,
            0.35853402,
            0.35952567,
            0.3668126,
            0.36166338000000003,
            0.10168895,
            0.10856268,
            0.03214532,
            0.03698240999999999,
            0.03552193,
            0.02161759,
            0.01453979,
            0.00929175,
            0,
            0.0014632999999999998,
            0.00291194,
            0.01847426,
            0.01857041,
            0.0185642,
            0.02148933,
            0.02001709,
            0.021467359999999998,
            0.02001709
        ],
        [
            0.22662490000000002,
            0.29091051,
            0.2325953,
            0.31608041,
            0.3233391,
            0.29233786,
            0.31380589,
            0.35707074,
            0.35806239,
            0.36534932,
            0.3602001,
            0.10022567,
            0.1070994,
            0.03068204,
            0.035519129999999996,
            0.03405865,
            0.02015431,
            0.01307651,
            0.00782847,
            0.0014632999999999998,
            0,
            0.0014486599999999998,
            0.017010980000000002,
            0.017107129999999998,
            0.01710092,
            0.02002605,
            0.01855381,
            0.02000408,
            0.01855381
        ],
        [
            0.22807354000000002,
            0.29235915,
            0.23404394,
            0.31752905,
            0.32478774,
            0.2937865,
            0.31525453,
            0.35851938,
            0.35951103,
            0.36679796,
            0.36164874,
            0.10167430999999999,
            0.10854803999999998,
            0.032130679999999995,
            0.03696777,
            0.03550729,
            0.02160295,
            0.01452515,
            0.00927711,
            0.00291194,
            0.0014486599999999998,
            0,
            0.01845962,
            0.01855577,
            0.01854956,
            0.021474689999999998,
            0.020002449999999998,
            0.02145272,
            0.020002449999999998
        ],
        [
            0.21826582,
            0.28255143000000005,
            0.22423622,
            0.30772133,
            0.31498002,
            0.28397878,
            0.30544680999999996,
            0.34871166,
            0.34970331,
            0.35699024,
            0.35184102000000006,
            0.09186659,
            0.09874031999999999,
            0.02232296,
            0.027160049999999998,
            0.02569957,
            0.01472623,
            0.01553839,
            0.01029035,
            0.01847426,
            0.017010980000000002,
            0.01845962,
            0,
            0.00874803,
            0.00874182,
            0.01166695,
            0.010194710000000001,
            0.011644980000000001,
            0.010194710000000001
        ],
        [
            0.21836197000000002,
            0.28264758,
            0.22433237,
            0.30781748,
            0.31507617,
            0.28407493,
            0.30554296,
            0.34880781,
            0.34979946,
            0.35708639,
            0.35193717,
            0.09196274,
            0.09883647,
            0.02241911,
            0.027256199999999998,
            0.02579572,
            0.01482238,
            0.01563454,
            0.0103865,
            0.01857041,
            0.017107129999999998,
            0.01855577,
            0.00874803,
            0,
            0.00291197,
            0.0058371,
            0.00436486,
            0.00581513,
            0.00436486
        ],
        [
            0.21835576,
            0.28264137,
            0.22432616,
            0.30781126999999997,
            0.31506996,
            0.28406872,
            0.30553674999999997,
            0.3488016,
            0.34979325,
            0.35708017999999997,
            0.35193096,
            0.09195653,
            0.09883025999999999,
            0.0224129,
            0.027249989999999995,
            0.02578951,
            0.01481617,
            0.01562833,
            0.01038029,
            0.0185642,
            0.01710092,
            0.01854956,
            0.00874182,
            0.00291197,
            0,
            0.00583089,
            0.00435865,
            0.00580892,
            0.00435865
        ],
        [
            0.22128089,
            0.28556650000000006,
            0.22725129000000002,
            0.3107364,
            0.31799509000000004,
            0.28699385,
            0.30846187999999997,
            0.35172673,
            0.35271838,
            0.36000531,
            0.35485609000000007,
            0.09488166,
            0.10175539,
            0.02533803,
            0.03017512,
            0.02871464,
            0.0177413,
            0.01855346,
            0.01330542,
            0.02148933,
            0.02002605,
            0.021474689999999998,
            0.01166695,
            0.0058371,
            0.00583089,
            0,
            0.0043799600000000005,
            0.0058302300000000005,
            0.0043799600000000005
        ],
        [
            0.21980865,
            0.28409426000000004,
            0.22577905,
            0.30926416,
            0.31652285,
            0.28552161,
            0.30698963999999995,
            0.35025449,
            0.35124614,
            0.35853307,
            0.35338385000000005,
            0.09340941999999999,
            0.10028314999999999,
            0.02386579,
            0.02870288,
            0.0272424,
            0.016269060000000002,
            0.01708122,
            0.01183318,
            0.02001709,
            0.01855381,
            0.020002449999999998,
            0.010194710000000001,
            0.00436486,
            0.00435865,
            0.0043799600000000005,
            0,
            0.00145029,
            2e-08
        ],
        [
            0.22125892000000003,
            0.28554453,
            0.22722932,
            0.31071443,
            0.31797312,
            0.28697188,
            0.30843991,
            0.35170476,
            0.35269641,
            0.35998334,
            0.35483412000000003,
            0.09485969,
            0.10173341999999999,
            0.02531606,
            0.030153149999999997,
            0.028692670000000003,
            0.01771933,
            0.018531489999999998,
            0.01328345,
            0.021467359999999998,
            0.02000408,
            0.02145272,
            0.011644980000000001,
            0.00581513,
            0.00580892,
            0.0058302300000000005,
            0.00145029,
            0,
            0.00145029
        ],
        [
            0.21980865,
            0.28409426000000004,
            0.22577905,
            0.30926416,
            0.31652285,
            0.28552161,
            0.30698963999999995,
            0.35025449,
            0.35124614,
            0.35853307,
            0.35338385000000005,
            0.09340941999999999,
            0.10028314999999999,
            0.02386579,
            0.02870288,
            0.0272424,
            0.016269060000000002,
            0.01708122,
            0.01183318,
            0.02001709,
            0.01855381,
            0.020002449999999998,
            0.010194710000000001,
            0.00436486,
            0.00435865,
            0.0043799600000000005,
            2e-08,
            0.00145029,
            0
        ]
    ],
    "NODE_MAPPING": {
        "0": "4",
        "1": "5",
        "2": "6",
        "3": "1",
        "4": "11",
        "5": "7",
        "6": "3",
        "7": "9",
        "8": "10",
        "9": "8",
        "10": "30",
        "11": "13",
        "12": "17",
        "13": "12",
        "14": "15",
        "15": "16",
        "16": "29",
        "17": "14",
        "18": "23",
        "19": "20",
        "20": "21",
        "21": "22",
        "22": "25",
        "23": "27",
        "24": "28",
        "25": "19",
        "26": "18",
        "27": "24",
        "28": "26"
    }
}