{
    "NEXUS_FILE_URL": "http://purl.org/phylo/treebase/phylows/study/TB2:S15250",
    "NEWICK_TREE": "(4:0.037008082874859995,((2:0.005542536239234714,3:0.0049119807557760934):0.13268652766564384,((45:1.2866388144329902E-4,46:0.023917930241777952):0.0639429022229224,((((47:0.02412183643680378,48:0.02889120448809498):0.02044554779810046,(49:0.0053190414161678615,50:0.0012517556042528695):0.09178672316964143):0.01993213675967798,(((1:0.05994705206550791,16:0.02522455191399403):0.038753259966943496,(14:0.036461436321403626,15:0.0015185058541357442):0.042605704747304796):0.04458376759122388,(17:0.04248923171014322,(51:0.0670705214867658,(18:0.07619371250148785,19:0.0481888683172785):0.040036347016384):0.060391236871154184):0.01570216192905473):0.23413026553196117):0.052831655423250135,((20:0.041085401129666604,21:0.059606559266434087):0.04735093336194843,((((10:1.26913382035967E-6,11:1.26913382035967E-6):0.009066595235711492,(12:0.007110834464851271,13:0.011931491948659806):0.03913333671471398):0.07733418031055325,((7:0.043767386414749615,8:0.05250091721305217):0.0618361703156225,(9:0.03513652195739565,(5:0.009279047982596773,6:0.04740276254834513):0.0163195302590192):0.016602545637791163):0.0167773021218613):0.016882054231500253,(((24:0.024380692284133466,42:0.01081143259489005):0.026184460417357346,(25:1.26913382035967E-6,26:0.0026360003523287013):0.05551465200292617):0.006818945923561678,(((43:0.01149900319400132,(22:0.006227281201833279,44:0.027871480056605176):0.003008390670443538):0.002647490215213202,(27:0.006955109200073843,(30:0.005632904116242029,(23:1.26913382035967E-6,(28:0.0011707571616297358,29:0.005089266955225043):0.0016941921155749064):0.005081270827411745):0.00258138592880011):0.01297947072948304):0.012119285082272956,(31:0.01981956424908108,((32:0.009501654814095931,41:0.008004012084532004):0.053445354075198355,((34:0.001319420339374929,(33:1.26913382035967E-6,35:1.26913382035967E-6):1.26913382035967E-6):0.030472321137702686,(40:0.005187792470670871,((36:0.005692307152680717,38:0.011708795118157094):0.0016132037792870554,(37:0.006752746863932331,39:0.023804446853782302):0.0050628396414067875):0.007564878717046052):0.027782925850273595):0.024431039461493536):0.048506136636442695):0.017053478725900517):0.011492490534801982):0.018046817254750224):0.015064254350719928):0.010610473394765034):0.03269494522219133):0.125315728931733):0.037008082874859995);",
    "DISTANCE_MATRIX": [
        [
            0,
            0.21224522965459852,
            0.2116146741711399,
            0.26340346078581867,
            0.2871927271461534,
            0.3493580163214767,
            0.3541273843727679,
            0.40189639667238175,
            0.3978291108604668,
            0.662272840482531,
            0.6275503403310171,
            0.642639669518788,
            0.6076967390515201,
            0.5771801544980537,
            0.6621526811458305,
            0.7113122191769365,
            0.6833073749927271,
            0.33107364779002446,
            0.34959480592679193,
            0.3609856665607147,
            0.3609856665607147,
            0.3981619733707481,
            0.4029826308545566,
            0.39696448073286295,
            0.4056980115311655,
            0.3430999915976777,
            0.333562047881898,
            0.3716857624476464,
            0.33313248352893204,
            0.3195632238396886,
            0.33808325196418776,
            0.3407179831826961,
            0.313506653930169,
            0.3112433226084445,
            0.33288752146321643,
            0.31929474045051137,
            0.32055392129547966,
            0.32000355714046974,
            0.322867237283854,
            0.32678574707744934,
            0.3241139184136631,
            0.415747499690319,
            0.4142498569607551,
            0.40902327173959585,
            0.40770638966786166,
            0.40770638966786166,
            0.41020224858346277,
            0.4198848457618057,
            0.42590133372728206,
            0.42439492133517703,
            0.441446621325027
        ],
        [
            0.21224522965459852,
            0,
            0.010454516995010807,
            0.32761635894097724,
            0.3514056253013119,
            0.41357091447663524,
            0.41834028252792643,
            0.46610929482754027,
            0.4620420090156253,
            0.7264857386376895,
            0.6917632384861756,
            0.7068525676739466,
            0.6719096372066786,
            0.6413930526532122,
            0.726365579300989,
            0.7755251173320951,
            0.7475202731478856,
            0.395286545945183,
            0.41380770408195044,
            0.4251985647158732,
            0.4251985647158732,
            0.4623748715259066,
            0.4671955290097151,
            0.46117737888802146,
            0.46991090968632404,
            0.4073128897528362,
            0.39777494603705654,
            0.4358986606028049,
            0.39734538168409056,
            0.3837761219948471,
            0.4022961501193463,
            0.4049308813378546,
            0.37771955208532754,
            0.375456220763603,
            0.39710041961837494,
            0.3835076386056699,
            0.3847668194506382,
            0.38421645529562826,
            0.38708013543901254,
            0.39099864523260786,
            0.3883268165688216,
            0.4799603978454775,
            0.47846275511591363,
            0.47323616989475437,
            0.4719192878230202,
            0.4719192878230202,
            0.4744151467386213,
            0.4840977439169642,
            0.4901142318824406,
            0.48860781949033555,
            0.5056595194801855
        ],
        [
            0.2116146741711399,
            0.010454516995010807,
            0,
            0.3269858034575186,
            0.35077506981785334,
            0.4129403589931766,
            0.41770972704446785,
            0.4654787393440817,
            0.4614114535321667,
            0.7258551831542309,
            0.691132683002717,
            0.706222012190488,
            0.67127908172322,
            0.6407624971697536,
            0.7257350238175304,
            0.7748945618486365,
            0.746889717664427,
            0.3946559904617244,
            0.41317714859849186,
            0.42456800923241456,
            0.42456800923241456,
            0.46174431604244803,
            0.4665649735262565,
            0.4605468234045629,
            0.4692803542028654,
            0.4066823342693776,
            0.39714439055359796,
            0.4352681051193463,
            0.3967148262006319,
            0.38314556651138854,
            0.4016655946358877,
            0.404300325854396,
            0.3770889966018689,
            0.3748256652801444,
            0.39646986413491636,
            0.38287708312221125,
            0.3841362639671796,
            0.3835858998121696,
            0.38644957995555396,
            0.39036808974914927,
            0.38769626108536304,
            0.4793298423620189,
            0.47783219963245505,
            0.4726056144112958,
            0.4712887323395616,
            0.4712887323395616,
            0.4737845912551627,
            0.48346718843350556,
            0.48948367639898194,
            0.4879772640068769,
            0.5050289639967269
        ],
        [
            0.26340346078581867,
            0.32761635894097724,
            0.3269858034575186,
            0,
            0.02404659412322125,
            0.21409768774438936,
            0.21886705579568055,
            0.2666360680952944,
            0.26256878228337943,
            0.5270125119054436,
            0.4922900117539298,
            0.5073793409417007,
            0.4724364104744328,
            0.44191982592096635,
            0.5268923525687431,
            0.5760518905998492,
            0.5480470464156397,
            0.1958133192129371,
            0.21433447734970457,
            0.22572533798362732,
            0.22572533798362732,
            0.26290164479366074,
            0.26772230227746924,
            0.26170415215577564,
            0.27043768295407816,
            0.20783966302059037,
            0.19830171930481066,
            0.23642543387055903,
            0.19787215495184468,
            0.1843028952626013,
            0.2028229233871004,
            0.20545765460560877,
            0.17824632535308166,
            0.17598299403135714,
            0.19762719288612907,
            0.184034411873424,
            0.1852935927183923,
            0.18474322856338238,
            0.18760690870676666,
            0.19152541850036198,
            0.1888535898365758,
            0.2804871711132317,
            0.27898952838366775,
            0.27376294316250854,
            0.27244606109077435,
            0.27244606109077435,
            0.2749419200063754,
            0.2846245171847183,
            0.2906410051501947,
            0.28913459275808967,
            0.3061862927479397
        ],
        [
            0.2871927271461534,
            0.3514056253013119,
            0.35077506981785334,
            0.02404659412322125,
            0,
            0.23788695410472405,
            0.24265632215601524,
            0.29042533445562907,
            0.28635804864371406,
            0.5508017782657783,
            0.5160792781142645,
            0.5311686073020353,
            0.4962256768347674,
            0.465709092281301,
            0.5506816189290777,
            0.5998411569601838,
            0.5718363127759745,
            0.21960258557327172,
            0.23812374371003925,
            0.249514604343962,
            0.249514604343962,
            0.28669091115399536,
            0.2915115686378039,
            0.28549341851611026,
            0.29422694931441284,
            0.231628929380925,
            0.22209098566514535,
            0.2602147002308937,
            0.22166142131217936,
            0.20809216162293592,
            0.22661218974743508,
            0.2292469209659434,
            0.20203559171341634,
            0.19977226039169182,
            0.2214164592464637,
            0.2078236782337587,
            0.20908285907872698,
            0.20853249492371706,
            0.21139617506710134,
            0.21531468486069666,
            0.21264285619691042,
            0.3042764374735663,
            0.3027787947440024,
            0.29755220952284317,
            0.296235327451109,
            0.296235327451109,
            0.29873118636671003,
            0.308413783545053,
            0.3144302715105294,
            0.31292385911842435,
            0.3299755591082743
        ],
        [
            0.3493580163214767,
            0.41357091447663524,
            0.4129403589931766,
            0.21409768774438936,
            0.23788695410472405,
            0,
            0.053013040924898766,
            0.14167314882071352,
            0.1376058630087985,
            0.44191386615021866,
            0.4071913659987048,
            0.4222806951864757,
            0.38733776471920783,
            0.3568211801657414,
            0.44179370681351815,
            0.4909532448446242,
            0.4629484006604148,
            0.2163779843042124,
            0.2348991424409799,
            0.24629000307490267,
            0.24629000307490267,
            0.28346630988493604,
            0.2882869673687446,
            0.28226881724705094,
            0.2910023480453535,
            0.22840432811186567,
            0.218866384396086,
            0.2569900989618344,
            0.21843682004312004,
            0.2048675603538766,
            0.22338758847837575,
            0.22602231969688408,
            0.198810990444357,
            0.1965476591226325,
            0.21819185797740437,
            0.20459907696469937,
            0.20585825780966766,
            0.20530789365465774,
            0.20817157379804202,
            0.2120900835916373,
            0.2094182549278511,
            0.301051836204507,
            0.29955419347494305,
            0.29432760825378385,
            0.29301072618204965,
            0.29301072618204965,
            0.2955065850976507,
            0.3051891822759937,
            0.31120567024147006,
            0.30969925784936503,
            0.326750957839215
        ],
        [
            0.3541273843727679,
            0.41834028252792643,
            0.41770972704446785,
            0.21886705579568055,
            0.24265632215601524,
            0.053013040924898766,
            0,
            0.1464425168720047,
            0.14237523106008973,
            0.44668323420150985,
            0.411960734049996,
            0.4270500632377669,
            0.392107132770499,
            0.36159054821703257,
            0.44656307486480934,
            0.4957226128959154,
            0.467717768711706,
            0.22114735235550362,
            0.23966851049227111,
            0.25105937112619386,
            0.25105937112619386,
            0.2882356779362273,
            0.2930563354200358,
            0.28703818529834213,
            0.2957717160966447,
            0.23317369616315686,
            0.2236357524473772,
            0.2617594670131256,
            0.22320618809441123,
            0.20963692840516782,
            0.22815695652966694,
            0.23079168774817527,
            0.2035803584956482,
            0.2013170271739237,
            0.22296122602869559,
            0.20936844501599056,
            0.21062762586095884,
            0.21007726170594893,
            0.2129409418493332,
            0.21685945164292852,
            0.21418762297914232,
            0.3058212042557982,
            0.3043235615262343,
            0.29909697630507504,
            0.29778009423334084,
            0.29778009423334084,
            0.30027595314894195,
            0.30995855032728487,
            0.31597503829276125,
            0.3144686259006562,
            0.3315203258905062
        ],
        [
            0.40189639667238175,
            0.46610929482754027,
            0.4654787393440817,
            0.2666360680952944,
            0.29042533445562907,
            0.14167314882071352,
            0.1464425168720047,
            0,
            0.006570797020420731,
            0.4944522465011237,
            0.45972974634960984,
            0.47481907553738073,
            0.43987614507011286,
            0.4093595605166464,
            0.4943320871644232,
            0.5434916251955293,
            0.5154867810113198,
            0.2689163646551175,
            0.28743752279188495,
            0.2988283834258077,
            0.2988283834258077,
            0.3360046902358411,
            0.3408253477196496,
            0.33480719759795596,
            0.34354072839625854,
            0.2809427084627707,
            0.27140476474699105,
            0.3095284793127394,
            0.27097520039402506,
            0.2574059407047816,
            0.2759259688292808,
            0.2785607000477891,
            0.25134937079526204,
            0.24908603947353752,
            0.27073023832830945,
            0.2571374573156044,
            0.2583966381605727,
            0.25784627400556276,
            0.26070995414894704,
            0.26462846394254236,
            0.2619566352787561,
            0.353590216555412,
            0.35209257382584813,
            0.34686598860468887,
            0.3455491065329547,
            0.3455491065329547,
            0.3480449654485558,
            0.3577275626268987,
            0.3637440505923751,
            0.36223763820027005,
            0.37928933819012
        ],
        [
            0.3978291108604668,
            0.4620420090156253,
            0.4614114535321667,
            0.26256878228337943,
            0.28635804864371406,
            0.1376058630087985,
            0.14237523106008973,
            0.006570797020420731,
            0,
            0.49038496068920867,
            0.4556624605376949,
            0.4707517897254657,
            0.4358088592581979,
            0.4052922747047314,
            0.49026480135250816,
            0.5394243393836142,
            0.5114194951994049,
            0.26484907884320247,
            0.28337023697996994,
            0.2947610976138927,
            0.2947610976138927,
            0.3319374044239261,
            0.3367580619077346,
            0.330739911786041,
            0.33947344258434353,
            0.27687542265085574,
            0.26733747893507603,
            0.30546119350082446,
            0.26690791458211005,
            0.25333865489286667,
            0.2718586830173658,
            0.27449341423587414,
            0.24728208498334703,
            0.24501875366162254,
            0.26666295251639444,
            0.2530701715036894,
            0.2543293523486577,
            0.25377898819364775,
            0.2566426683370321,
            0.26056117813062735,
            0.25788934946684117,
            0.34952293074349705,
            0.3480252880139331,
            0.3427987027927739,
            0.3414818207210397,
            0.3414818207210397,
            0.3439776796366408,
            0.3536602768149837,
            0.35967676478046007,
            0.35817035238835504,
            0.37522205237820505
        ],
        [
            0.662272840482531,
            0.7264857386376895,
            0.7258551831542309,
            0.5270125119054436,
            0.5508017782657783,
            0.44191386615021866,
            0.44668323420150985,
            0.4944522465011237,
            0.49038496068920867,
            0,
            0.08517160397950194,
            0.17776745310115982,
            0.14282452263389195,
            0.20147547326287324,
            0.28644799991065,
            0.3356075379417561,
            0.3076026937575467,
            0.5292928084652666,
            0.5478139666020341,
            0.5592048272359569,
            0.5592048272359569,
            0.5963811340459902,
            0.6012017915297988,
            0.5951836414081052,
            0.6039171722064077,
            0.5413191522729199,
            0.5317812085571402,
            0.5699049231228885,
            0.5313516442041742,
            0.5177823845149309,
            0.53630241263943,
            0.5389371438579383,
            0.5117258146054112,
            0.5094624832836867,
            0.5311066821384586,
            0.5175139011257536,
            0.5187730819707219,
            0.5182227178157119,
            0.5210863979590963,
            0.5250049077526915,
            0.5223330790889054,
            0.6139666603655612,
            0.6124690176359973,
            0.6072424324148381,
            0.6059255503431039,
            0.6059255503431039,
            0.6084214092587049,
            0.6181040064370479,
            0.6241204944025243,
            0.6226140820104192,
            0.6396657820002692
        ],
        [
            0.6275503403310171,
            0.6917632384861756,
            0.691132683002717,
            0.4922900117539298,
            0.5160792781142645,
            0.4071913659987048,
            0.411960734049996,
            0.45972974634960984,
            0.4556624605376949,
            0.08517160397950194,
            0,
            0.14304495294964595,
            0.10810202248237807,
            0.16675297311135936,
            0.25172549975913616,
            0.3008850377902422,
            0.27288019360603283,
            0.4945703083137528,
            0.5130914664505203,
            0.524482327084443,
            0.524482327084443,
            0.5616586338944765,
            0.566479291378285,
            0.5604611412565913,
            0.5691946720548939,
            0.506596652121406,
            0.4970587084056264,
            0.5351824229713747,
            0.4966291440526604,
            0.48305988436341696,
            0.5015799124879161,
            0.5042146437064244,
            0.4770033144538974,
            0.47473998313217286,
            0.4963841819869448,
            0.4827914009742397,
            0.484050581819208,
            0.4835002176641981,
            0.4863638978075824,
            0.4902824076011777,
            0.48761057893739146,
            0.5792441602140473,
            0.5777465174844835,
            0.5725199322633242,
            0.57120305019159,
            0.57120305019159,
            0.5736989091071911,
            0.5833815062855341,
            0.5893979942510104,
            0.5878915818589054,
            0.6049432818487553
        ],
        [
            0.642639669518788,
            0.7068525676739466,
            0.706222012190488,
            0.5073793409417007,
            0.5311686073020353,
            0.4222806951864757,
            0.4270500632377669,
            0.47481907553738073,
            0.4707517897254657,
            0.17776745310115982,
            0.14304495294964595,
            0,
            0.03797994217553937,
            0.18184230229913026,
            0.266814828946907,
            0.31597436697801307,
            0.2879695227938037,
            0.5096596375015237,
            0.5281807956382911,
            0.5395716562722139,
            0.5395716562722139,
            0.5767479630822473,
            0.5815686205660558,
            0.5755504704443622,
            0.5842840012426648,
            0.521685981309177,
            0.5121480375933972,
            0.5502717521591456,
            0.5117184732404313,
            0.4981492135511879,
            0.5166692416756871,
            0.5193039728941954,
            0.49209264364166827,
            0.48982931231994375,
            0.5114735111747156,
            0.4978807301620106,
            0.4991399110069789,
            0.498589546851969,
            0.5014532269953533,
            0.5053717367889485,
            0.5026999081251624,
            0.5943334894018183,
            0.5928358466722543,
            0.5876092614510952,
            0.586292379379361,
            0.586292379379361,
            0.588788238294962,
            0.5984708354733049,
            0.6044873234387813,
            0.6029809110466763,
            0.6200326110365263
        ],
        [
            0.6076967390515201,
            0.6719096372066786,
            0.67127908172322,
            0.4724364104744328,
            0.4962256768347674,
            0.38733776471920783,
            0.392107132770499,
            0.43987614507011286,
            0.4358088592581979,
            0.14282452263389195,
            0.10810202248237807,
            0.03797994217553937,
            0,
            0.14689937183186236,
            0.23187189847963913,
            0.2810314365107452,
            0.25302659232653585,
            0.47471670703425584,
            0.4932378651710233,
            0.504628725804946,
            0.504628725804946,
            0.5418050326149795,
            0.546625690098788,
            0.5406075399770943,
            0.549341070775397,
            0.48674305084190905,
            0.4772051071261294,
            0.5153288216918778,
            0.4767755427731634,
            0.46320628308392,
            0.48172631120841913,
            0.48436104242692746,
            0.4571497131744004,
            0.4548863818526759,
            0.4765305807074478,
            0.46293779969474275,
            0.46419698053971103,
            0.4636466163847011,
            0.4665102965280854,
            0.4704288063216807,
            0.4677569776578945,
            0.5593905589345504,
            0.5578929162049865,
            0.5526663309838272,
            0.551349448912093,
            0.551349448912093,
            0.5538453078276941,
            0.5635279050060371,
            0.5695443929715134,
            0.5680379805794085,
            0.5850896805692584
        ],
        [
            0.5771801544980537,
            0.6413930526532122,
            0.6407624971697536,
            0.44191982592096635,
            0.465709092281301,
            0.3568211801657414,
            0.36159054821703257,
            0.4093595605166464,
            0.4052922747047314,
            0.20147547326287324,
            0.16675297311135936,
            0.18184230229913026,
            0.14689937183186236,
            0,
            0.1699509900680632,
            0.21911052809916925,
            0.19110568391495988,
            0.44420012248078933,
            0.46272128061755685,
            0.4741121412514796,
            0.4741121412514796,
            0.511288448061513,
            0.5161091055453215,
            0.5100909554236279,
            0.5188244862219304,
            0.4562264662884426,
            0.44668852257266295,
            0.4848122371384113,
            0.44625895821969697,
            0.4326896985304536,
            0.4512097266549527,
            0.453844457873461,
            0.42663312862093394,
            0.42436979729920943,
            0.4460139961539813,
            0.4324212151412763,
            0.4336803959862446,
            0.43313003183123466,
            0.43599371197461895,
            0.43991222176821426,
            0.4372403931044281,
            0.528873974381084,
            0.52737633165152,
            0.5221497464303608,
            0.5208328643586266,
            0.5208328643586266,
            0.5233287232742276,
            0.5330113204525706,
            0.539027808418047,
            0.537521396025942,
            0.554573096015792
        ],
        [
            0.6621526811458305,
            0.726365579300989,
            0.7257350238175304,
            0.5268923525687431,
            0.5506816189290777,
            0.44179370681351815,
            0.44656307486480934,
            0.4943320871644232,
            0.49026480135250816,
            0.28644799991065,
            0.25172549975913616,
            0.266814828946907,
            0.23187189847963913,
            0.1699509900680632,
            0,
            0.18330058100463764,
            0.1552957368204283,
            0.5291726491285661,
            0.5476938072653336,
            0.5590846678992564,
            0.5590846678992564,
            0.5962609747092897,
            0.6010816321930983,
            0.5950634820714047,
            0.6037970128697072,
            0.5411989929362194,
            0.5316610492204397,
            0.5697847637861881,
            0.5312314848674737,
            0.5176622251782304,
            0.5361822533027294,
            0.5388169845212378,
            0.5116056552687107,
            0.5093423239469862,
            0.5309865228017581,
            0.5173937417890531,
            0.5186529226340213,
            0.5181025584790114,
            0.5209662386223957,
            0.524884748415991,
            0.5222129197522049,
            0.6138465010288607,
            0.6123488582992967,
            0.6071222730781376,
            0.6058053910064034,
            0.6058053910064034,
            0.6083012499220044,
            0.6179838471003474,
            0.6240003350658238,
            0.6224939226737187,
            0.6395456226635687
        ],
        [
            0.7113122191769365,
            0.7755251173320951,
            0.7748945618486365,
            0.5760518905998492,
            0.5998411569601838,
            0.4909532448446242,
            0.4957226128959154,
            0.5434916251955293,
            0.5394243393836142,
            0.3356075379417561,
            0.3008850377902422,
            0.31597436697801307,
            0.2810314365107452,
            0.21911052809916925,
            0.18330058100463764,
            0,
            0.12438258081876635,
            0.5783321871596722,
            0.5968533452964396,
            0.6082442059303624,
            0.6082442059303624,
            0.6454205127403958,
            0.6502411702242044,
            0.6442230201025108,
            0.6529565509008133,
            0.5903585309673255,
            0.5808205872515457,
            0.6189443018172942,
            0.5803910228985798,
            0.5668217632093364,
            0.5853417913338355,
            0.5879765225523439,
            0.5607651932998168,
            0.5585018619780923,
            0.5801460608328641,
            0.5665532798201591,
            0.5678124606651274,
            0.5672620965101175,
            0.5701257766535017,
            0.574044286447097,
            0.5713724577833109,
            0.6630060390599668,
            0.6615083963304028,
            0.6562818111092437,
            0.6549649290375095,
            0.6549649290375095,
            0.6574607879531105,
            0.6671433851314534,
            0.6731598730969298,
            0.6716534607048248,
            0.6887051606946748
        ],
        [
            0.6833073749927271,
            0.7475202731478856,
            0.746889717664427,
            0.5480470464156397,
            0.5718363127759745,
            0.4629484006604148,
            0.467717768711706,
            0.5154867810113198,
            0.5114194951994049,
            0.3076026937575467,
            0.27288019360603283,
            0.2879695227938037,
            0.25302659232653585,
            0.19110568391495988,
            0.1552957368204283,
            0.12438258081876635,
            0,
            0.5503273429754628,
            0.5688485011122303,
            0.580239361746153,
            0.580239361746153,
            0.6174156685561865,
            0.622236326039995,
            0.6162181759183013,
            0.6249517067166039,
            0.562353686783116,
            0.5528157430673364,
            0.5909394576330848,
            0.5523861787143705,
            0.538816919025127,
            0.5573369471496261,
            0.5599716783681344,
            0.5327603491156073,
            0.5304970177938828,
            0.5521412166486548,
            0.5385484356359498,
            0.539807616480918,
            0.539257252325908,
            0.5421209324692924,
            0.5460394422628877,
            0.5433676135991015,
            0.6350011948757573,
            0.6335035521461935,
            0.6282769669250342,
            0.6269600848533,
            0.6269600848533,
            0.6294559437689011,
            0.6391385409472441,
            0.6451550289127204,
            0.6436486165206154,
            0.6607003165104653
        ],
        [
            0.33107364779002446,
            0.395286545945183,
            0.3946559904617244,
            0.1958133192129371,
            0.21960258557327172,
            0.2163779843042124,
            0.22114735235550362,
            0.2689163646551175,
            0.26484907884320247,
            0.5292928084652666,
            0.4945703083137528,
            0.5096596375015237,
            0.47471670703425584,
            0.44420012248078933,
            0.5291726491285661,
            0.5783321871596722,
            0.5503273429754628,
            0,
            0.10069196039610069,
            0.20678468775392034,
            0.20678468775392034,
            0.2439609945639537,
            0.24878165204776223,
            0.2427635019260686,
            0.2514970327243712,
            0.18889901279088334,
            0.17936106907510363,
            0.21748478364085203,
            0.17893150472213767,
            0.16536224503289426,
            0.1838822731573934,
            0.18651700437590174,
            0.15930567512337462,
            0.15704234380165014,
            0.17868654265642203,
            0.165093761643717,
            0.1663529424886853,
            0.16580257833367537,
            0.16866625847705966,
            0.17258476827065494,
            0.16991293960686876,
            0.26154652088352465,
            0.2600488781539607,
            0.2548222929328015,
            0.2535054108610673,
            0.2535054108610673,
            0.25600126977666837,
            0.26568386695501134,
            0.2717003549204877,
            0.2701939425283827,
            0.28724564251823265
        ],
        [
            0.34959480592679193,
            0.41380770408195044,
            0.41317714859849186,
            0.21433447734970457,
            0.23812374371003925,
            0.2348991424409799,
            0.23966851049227111,
            0.28743752279188495,
            0.28337023697996994,
            0.5478139666020341,
            0.5130914664505203,
            0.5281807956382911,
            0.4932378651710233,
            0.46272128061755685,
            0.5476938072653336,
            0.5968533452964396,
            0.5688485011122303,
            0.10069196039610069,
            0,
            0.2253058458906878,
            0.2253058458906878,
            0.26248215270072117,
            0.2673028101845297,
            0.26128466006283607,
            0.27001819086113865,
            0.2074201709276508,
            0.19788222721187113,
            0.23600594177761952,
            0.19745266285890517,
            0.18388340316966173,
            0.20240343129416088,
            0.2050381625126692,
            0.17782683326014212,
            0.17556350193841763,
            0.1972077007931895,
            0.1836149197804845,
            0.1848741006254528,
            0.18432373647044287,
            0.18718741661382715,
            0.19110592640742244,
            0.18843409774363623,
            0.2800676790202921,
            0.2785700362907282,
            0.273343451069569,
            0.2720265689978348,
            0.2720265689978348,
            0.27452242791343584,
            0.2842050250917788,
            0.2902215130572552,
            0.28871510066515016,
            0.3057668006550001
        ],
        [
            0.3609856665607147,
            0.4251985647158732,
            0.42456800923241456,
            0.22572533798362732,
            0.249514604343962,
            0.24629000307490267,
            0.25105937112619386,
            0.2988283834258077,
            0.2947610976138927,
            0.5592048272359569,
            0.524482327084443,
            0.5395716562722139,
            0.504628725804946,
            0.4741121412514796,
            0.5590846678992564,
            0.6082442059303624,
            0.580239361746153,
            0.20678468775392034,
            0.2253058458906878,
            0,
            2.53826764071934e-06,
            0.055312035549097104,
            0.06013269303290564,
            0.20878290353231851,
            0.21751643433062107,
            0.15491841439713322,
            0.14538047068135354,
            0.1835041852471019,
            0.17871501479138807,
            0.1651457551021447,
            0.1836657832266438,
            0.18630051444515214,
            0.15908918519262505,
            0.15682585387090053,
            0.17847005272567246,
            0.1648772717129674,
            0.1661364525579357,
            0.16558608840292577,
            0.16844976854631005,
            0.17236827833990537,
            0.1696964496761192,
            0.26133003095277507,
            0.25983238822321114,
            0.25460580300205193,
            0.25328892093031774,
            0.25328892093031774,
            0.2557847798459188,
            0.2654673770242617,
            0.2714838649897381,
            0.26997745259763306,
            0.28702915258748307
        ],
        [
            0.3609856665607147,
            0.4251985647158732,
            0.42456800923241456,
            0.22572533798362732,
            0.249514604343962,
            0.24629000307490267,
            0.25105937112619386,
            0.2988283834258077,
            0.2947610976138927,
            0.5592048272359569,
            0.524482327084443,
            0.5395716562722139,
            0.504628725804946,
            0.4741121412514796,
            0.5590846678992564,
            0.6082442059303624,
            0.580239361746153,
            0.20678468775392034,
            0.2253058458906878,
            2.53826764071934e-06,
            0,
            0.055312035549097104,
            0.06013269303290564,
            0.20878290353231851,
            0.21751643433062107,
            0.15491841439713322,
            0.14538047068135354,
            0.1835041852471019,
            0.17871501479138807,
            0.1651457551021447,
            0.1836657832266438,
            0.18630051444515214,
            0.15908918519262505,
            0.15682585387090053,
            0.17847005272567246,
            0.1648772717129674,
            0.1661364525579357,
            0.16558608840292577,
            0.16844976854631005,
            0.17236827833990537,
            0.1696964496761192,
            0.26133003095277507,
            0.25983238822321114,
            0.25460580300205193,
            0.25328892093031774,
            0.25328892093031774,
            0.2557847798459188,
            0.2654673770242617,
            0.2714838649897381,
            0.26997745259763306,
            0.28702915258748307
        ],
        [
            0.3981619733707481,
            0.4623748715259066,
            0.46174431604244803,
            0.26290164479366074,
            0.28669091115399536,
            0.28346630988493604,
            0.2882356779362273,
            0.3360046902358411,
            0.3319374044239261,
            0.5963811340459902,
            0.5616586338944765,
            0.5767479630822473,
            0.5418050326149795,
            0.511288448061513,
            0.5962609747092897,
            0.6454205127403958,
            0.6174156685561865,
            0.2439609945639537,
            0.26248215270072117,
            0.055312035549097104,
            0.055312035549097104,
            0,
            0.019042326413511078,
            0.2459592103423519,
            0.25469274114065443,
            0.1920947212071666,
            0.18255677749138693,
            0.2206804920571353,
            0.21589132160142147,
            0.20232206191217805,
            0.22084209003667718,
            0.22347682125518553,
            0.19626549200265841,
            0.19400216068093393,
            0.21564635953570582,
            0.2020535785230008,
            0.20331275936796908,
            0.20276239521295916,
            0.20562607535634345,
            0.20954458514993873,
            0.20687275648615255,
            0.29850633776280844,
            0.2970086950332445,
            0.2917821098120853,
            0.2904652277403511,
            0.2904652277403511,
            0.29296108665595216,
            0.3026436838342951,
            0.30866017179977145,
            0.3071537594076664,
            0.32420545939751644
        ],
        [
            0.4029826308545566,
            0.4671955290097151,
            0.4665649735262565,
            0.26772230227746924,
            0.2915115686378039,
            0.2882869673687446,
            0.2930563354200358,
            0.3408253477196496,
            0.3367580619077346,
            0.6012017915297988,
            0.566479291378285,
            0.5815686205660558,
            0.546625690098788,
            0.5161091055453215,
            0.6010816321930983,
            0.6502411702242044,
            0.622236326039995,
            0.24878165204776223,
            0.2673028101845297,
            0.06013269303290564,
            0.06013269303290564,
            0.019042326413511078,
            0,
            0.25077986782616046,
            0.259513398624463,
            0.19691537869097514,
            0.18737743497519546,
            0.22550114954094383,
            0.22071197908523,
            0.20714271939598658,
            0.2256627475204857,
            0.22829747873899403,
            0.20108614948646697,
            0.19882281816474245,
            0.22046701701951435,
            0.20687423600680932,
            0.2081334168517776,
            0.2075830526967677,
            0.21044673284015197,
