{
    "NEXUS_FILE_URL": "http://purl.org/phylo/treebase/phylows/study/TB2:S15713",
    "NEWICK_TREE": "((38:1.0E-8,39:1.0E-8):0.011382275,((35:0.00689212,(34:0.00676695,(36:0.00578169,37:0.0081245):0.00230811):0.00675824):0.00583265,(((44:1.0E-8,45:0.00106033):0.06348377,((40:0.00526826,41:0.00790145):0.01660008,((42:0.00426205,43:0.00169442):0.00219597,(46:0.00169164,47:8.529E-4):0.0020976):0.01564797):0.03864478):0.00364768,((24:0.00952753,(21:0.01446653,(22:0.00500607,23:0.00163674):0.01183647):0.00161562):0.0131755,(19:0.01769287,(((11:1.0E-8,20:0.00660089):0.00575182,(15:0.00763293,(12:0.00744676,13:8.7432E-4,14:0.00250018):0.0048354):0.01276129):0.00242979,((4:8.3919E-4,5:0.00345731):0.01968117,(16:0.00420161,17:0.00577398):0.00245768,(18:0.00556439,(6:0.00586821,7:0.00340481):0.00332995):0.00164572):0.00602679):7.2828E-4):0.00120769,(3:0.01416719,(1:0.00274616,2:0.00418142):0.01125984,((8:1.0E-8,9:0.00494987):0.0053017,(25:0.00590831,26:0.00738688):0.00416977):0.00369786,(29:0.00824094,30:0.00822681,(27:0.00247515,28:7.9351E-4):0.0057964,((10:0.00247219,33:0.00495658):0.00131265,(31:0.00467014,32:0.00359496):0.00333949):0.00440488):9.1473E-4):0.00988172):0.04207212):0.02264089):0.011382275);",
    "DISTANCE_MATRIX": [
        [
            0.0,
            2e-08,
            0.03548933,
            0.042122400000000004,
            0.04344525,
            0.04578806,
            0.11253690999999999,
            0.11359723,
            0.10956624999999999,
            0.11219944,
            0.1098039,
            0.10723627,
            0.10713512,
            0.10629638,
            0.1101806,
            0.11673522,
            0.11911123,
            0.1157419,
            0.10637813,
            0.09759516,
            0.10419604,
            0.11223755,
            0.11688678000000001,
            0.11031434,
            0.1119402,
            0.11596069,
            0.11857881,
            0.10209962,
            0.10367198999999999,
            0.10265044,
            0.10628421,
            0.10382081,
            0.11152648,
            0.11136528999999999,
            0.11280055,
            0.10635886,
            0.11130872,
            0.11113523,
            0.1126138,
            0.10651496,
            0.10650083,
            0.10654557,
            0.10486393,
            0.10646374,
            0.10894812999999999,
            0.11068853,
            0.10961335
        ],
        [
            2e-08,
            0.0,
            0.03548933,
            0.042122400000000004,
            0.04344525,
            0.04578806,
            0.11253690999999999,
            0.11359723,
            0.10956624999999999,
            0.11219944,
            0.1098039,
            0.10723627,
            0.10713512,
            0.10629638,
            0.1101806,
            0.11673522,
            0.11911123,
            0.1157419,
            0.10637813,
            0.09759516,
            0.10419604,
            0.11223755,
            0.11688678000000001,
            0.11031434,
            0.1119402,
            0.11596069,
            0.11857881,
            0.10209962,
            0.10367198999999999,
            0.10265044,
            0.10628421,
            0.10382081,
            0.11152648,
            0.11136528999999999,
            0.11280055,
            0.10635886,
            0.11130872,
            0.11113523,
            0.1126138,
            0.10651496,
            0.10650083,
            0.10654557,
            0.10486393,
            0.10646374,
            0.10894812999999999,
            0.11068853,
            0.10961335
        ],
        [
            0.03548933,
            0.03548933,
            0.0,
            0.02041731,
            0.02174016,
            0.024082970000000002,
            0.10249711999999998,
            0.10355743999999999,
            0.09952645999999998,
            0.10215964999999999,
            0.09976410999999999,
            0.09719647999999999,
            0.09709533,
            0.09625658999999999,
            0.10014081,
            0.10669543,
            0.10907143999999999,
            0.10570210999999999,
            0.09633834,
            0.08755537,
            0.09415625,
            0.10219776,
            0.10684699,
            0.10027454999999999,
            0.10190041,
            0.1059209,
            0.10853902,
            0.09205983,
            0.09363219999999998,
            0.09261064999999999,
            0.09624442,
            0.09378101999999999,
            0.10148668999999999,
            0.10132549999999999,
            0.10276075999999999,
            0.09631906999999999,
            0.10126893,
            0.10109544,
            0.10257401,
            0.09647517,
            0.09646104,
            0.09650578,
            0.09482413999999999,
            0.09642395,
            0.09890833999999998,
            0.10064873999999999,
            0.09957355999999999
        ],
        [
            0.042122400000000004,
            0.042122400000000004,
            0.02041731,
            0.0,
            0.014856749999999998,
            0.01719956,
            0.10913018999999999,
            0.11019050999999999,
            0.10615952999999999,
            0.10879272,
            0.10639718,
            0.10382954999999999,
            0.1037284,
            0.10288966,
            0.10677388,
            0.1133285,
            0.11570451,
            0.11233517999999999,
            0.10297141,
            0.09418844,
            0.10078932,
            0.10883083,
            0.11348006000000001,
            0.10690762,
            0.10853348,
            0.11255397,
            0.11517209,
            0.0986929,
            0.10026526999999999,
            0.09924372,
            0.10287749,
            0.10041409,
            0.10811976,
            0.10795856999999999,
            0.10939383,
            0.10295214,
            0.107902,
            0.10772851,
            0.10920708,
            0.10310824,
            0.10309411,
            0.10313885,
            0.10145720999999999,
            0.10305702,
            0.10554140999999999,
            0.10728180999999999,
            0.10620663
        ],
        [
            0.04344525,
            0.04344525,
            0.02174016,
            0.014856749999999998,
            0.0,
            0.013906189999999999,
            0.11045303999999999,
            0.11151335999999999,
            0.10748237999999999,
            0.11011557,
            0.10772003,
            0.1051524,
            0.10505125,
            0.10421251,
            0.10809673,
            0.11465135,
            0.11702736,
            0.11365803,
            0.10429426,
            0.09551129,
            0.10211217,
            0.11015368,
            0.11480291000000001,
            0.10823047,
            0.10985633,
            0.11387682,
            0.11649494,
            0.10001575,
            0.10158811999999999,
            0.10056657,
            0.10420034,
            0.10173694,
            0.10944261,
            0.10928141999999999,
            0.11071668,
            0.10427499,
            0.10922485,
            0.10905136,
            0.11052993,
            0.10443109,
            0.10441696,
            0.1044617,
            0.10278005999999999,
            0.10437987,
            0.10686425999999999,
            0.10860465999999999,
            0.10752948
        ],
        [
            0.04578806,
            0.04578806,
            0.024082970000000002,
            0.01719956,
            0.013906189999999999,
            0.0,
            0.11279584999999999,
            0.11385616999999999,
            0.10982518999999999,
            0.11245838,
            0.11006284,
            0.10749521,
            0.10739406,
            0.10655532,
            0.11043954,
            0.11699416,
            0.11937017,
            0.11600084,
            0.10663707,
            0.0978541,
            0.10445498,
            0.11249649,
            0.11714572000000001,
            0.11057328,
            0.11219914,
            0.11621963,
            0.11883775,
            0.10235856,
            0.10393092999999999,
            0.10290938,
            0.10654315,
            0.10407975,
            0.11178542,
            0.11162422999999999,
            0.11305949,
            0.1066178,
            0.11156766,
            0.11139417,
            0.11287274,
            0.1067739,
            0.10675977,
            0.10680451,
            0.10512287,
            0.10672268,
            0.10920706999999999,
            0.11094746999999999,
            0.10987229
        ],
        [
            0.11253690999999999,
            0.11253690999999999,
            0.10249711999999998,
            0.10913018999999999,
            0.11045303999999999,
            0.11279584999999999,
            0.0,
            0.00106034,
            0.1239969,
            0.12663008999999997,
            0.12423454999999999,
            0.12166691999999998,
            0.12156576999999999,
            0.12072702999999999,
            0.13190660999999998,
            0.13846123,
            0.14083723999999997,
            0.13746790999999997,
            0.12810413999999998,
            0.11932116999999999,
            0.12592204999999998,
            0.13396355999999998,
            0.13861278999999999,
            0.13204034999999997,
            0.13366621,
            0.1376867,
            0.14030482,
            0.12382562999999999,
            0.12539799999999998,
            0.12437644999999999,
            0.12801022,
            0.12554682,
            0.13325249,
            0.13309129999999997,
            0.13452656,
            0.12808487,
            0.13303473,
            0.13286124,
            0.13433981,
            0.12824096999999998,
            0.12822683999999998,
            0.12827158,
            0.12658993999999998,
            0.12818975,
            0.13067414,
            0.13241453999999997,
            0.13133936
        ],
        [
            0.11359723,
            0.11359723,
            0.10355743999999999,
            0.11019050999999999,
            0.11151335999999999,
            0.11385616999999999,
            0.00106034,
            0.0,
            0.12505722,
            0.12769040999999998,
            0.12529487,
            0.12272723999999999,
            0.12262609,
            0.12178734999999999,
            0.13296692999999998,
            0.13952155,
            0.14189755999999998,
            0.13852822999999997,
            0.12916445999999998,
            0.12038149,
            0.12698236999999998,
            0.13502387999999999,
            0.13967311,
            0.13310066999999998,
            0.13472653,
            0.13874702,
            0.14136514,
            0.12488595,
            0.12645831999999999,
            0.12543676999999998,
            0.12907054,
            0.12660714,
            0.13431281,
            0.13415161999999997,
            0.13558688,
            0.12914519,
            0.13409505,
            0.13392156,
            0.13540013,
            0.12930128999999999,
            0.12928715999999998,
            0.1293319,
            0.12765026,
            0.12925007,
            0.13173446,
            0.13347485999999997,
            0.13239968
        ],
        [
            0.10956624999999999,
            0.10956624999999999,
            0.09952645999999998,
            0.10615952999999999,
            0.10748237999999999,
            0.10982518999999999,
            0.1239969,
            0.12505722,
            0.0,
            0.013169710000000001,
            0.04397433,
            0.041406700000000005,
            0.041305549999999996,
            0.04046681,
            0.12893595,
            0.13549056999999998,
            0.13786658,
            0.13449724999999998,
            0.12513348,
            0.11635050999999999,
            0.12295139,
            0.1309929,
            0.13564213,
            0.12906969,
            0.13069555,
            0.13471603999999998,
            0.13733415999999998,
            0.12085496999999998,
            0.12242733999999998,
            0.12140578999999999,
            0.12503956,
            0.12257615999999999,
            0.13028183,
            0.13012063999999998,
            0.1315559,
            0.12511421,
            0.13006406999999998,
            0.12989057999999998,
            0.13136915,
            0.12527031,
            0.12525618,
            0.12530091999999998,
            0.12361927999999998,
            0.12521908999999998,
            0.12770347999999998,
            0.12944387999999998,
            0.1283687
        ],
        [
            0.11219944,
            0.11219944,
            0.10215964999999999,
            0.10879272,
            0.11011557,
            0.11245838,
            0.12663008999999997,
            0.12769040999999998,
            0.013169710000000001,
            0.0,
            0.04660752,
            0.04403989,
            0.043938740000000004,
            0.0431,
            0.13156914,
            0.13812375999999998,
            0.14049977,
            0.13713044,
            0.12776667,
            0.1189837,
            0.12558458,
            0.13362609,
            0.13827532,
            0.13170288,
            0.13332874,
            0.13734923,
            0.13996735,
            0.12348815999999999,
            0.12506053,
            0.12403898,
            0.12767275,
            0.12520935,
            0.13291502,
            0.13275383,
            0.13418909,
            0.1277474,
            0.13269725999999998,
            0.13252376999999999,
            0.13400234,
            0.1279035,
            0.12788937,
            0.12793411,
            0.12625247,
            0.12785227999999998,
            0.13033667,
            0.13207707,
            0.13100189
        ],
        [
            0.1098039,
            0.1098039,
            0.09976410999999999,
            0.10639718,
            0.10772003,
            0.11006284,
            0.12423454999999999,
            0.12529487,
            0.04397433,
            0.04660752,
            0.0,
            0.00595647,
            0.01024726,
            0.00940852,
            0.1291736,
            0.13572822,
            0.13810423,
            0.1347349,
            0.12537113,
            0.11658816,
            0.12318904,
            0.13123055,
            0.13587978,
            0.12930734,
            0.1309332,
            0.13495369000000002,
            0.13757181000000002,
            0.12109261999999998,
            0.12266498999999999,
            0.12164343999999999,
            0.12527721,
            0.12281381,
            0.13051948,
            0.13035829,
            0.13179354999999998,
            0.12535185999999998,
            0.13030172,
            0.13012823,
            0.1316068,
            0.12550796,
            0.12549383,
            0.12553857,
            0.12385692999999999,
            0.12545674,
            0.12794113,
            0.12968153,
            0.12860634999999998
        ],
        [
            0.10723627,
            0.10723627,
            0.09719647999999999,
            0.10382954999999999,
            0.1051524,
            0.10749521,
            0.12166691999999998,
            0.12272723999999999,
            0.041406700000000005,
            0.04403989,
            0.00595647,
            0.0,
            0.00767963,
            0.0068408900000000005,
            0.12660597,
            0.13316059,
            0.1355366,
            0.13216727,
            0.1228035,
            0.11402053,
            0.12062140999999998,
            0.12866292000000001,
            0.13331215000000002,
            0.12673971,
            0.12836556999999998,
            0.13238606,
            0.13500418,
            0.11852499,
            0.12009735999999999,
            0.11907580999999999,
            0.12270958,
            0.12024618,
            0.12795184999999998,
            0.12779066,
            0.12922592,
            0.12278423,
            0.12773409,
            0.1275606,
            0.12903916999999998,
            0.12294032999999999,
            0.12292619999999999,
            0.12297094,
            0.12128929999999999,
            0.12288911,
            0.12537349999999997,
            0.1271139,
            0.12603872
        ],
        [
            0.10713512,
            0.10713512,
            0.09709533,
            0.1037284,
            0.10505125,
            0.10739406,
            0.12156576999999999,
            0.12262609,
            0.041305549999999996,
            0.043938740000000004,
            0.01024726,
            0.00767963,
            0.0,
            0.0025445399999999996,
            0.12650482000000002,
            0.13305944,
            0.13543545,
            0.13206612,
            0.12270235,
            0.11391938,
            0.12052025999999999,
            0.12856177000000002,
            0.13321100000000002,
            0.12663856,
            0.12826442,
            0.13228491,
            0.13490303,
            0.11842384,
            0.11999620999999999,
            0.11897466,
            0.12260843,
            0.12014503,
            0.12785069999999998,
            0.12768951,
            0.12912477,
            0.12268308,
            0.12763294,
            0.12745945,
            0.12893802,
            0.12283917999999999,
            0.12282504999999999,
            0.12286979,
            0.12118815,
            0.12278796,
            0.12527234999999998,
            0.12701275,
            0.12593757
        ],
        [
            0.10629638,
            0.10629638,
            0.09625658999999999,
            0.10288966,
            0.10421251,
            0.10655532,
            0.12072702999999999,
            0.12178734999999999,
            0.04046681,
            0.0431,
            0.00940852,
            0.0068408900000000005,
            0.0025445399999999996,
            0.0,
            0.12566608,
            0.1322207,
            0.13459671,
            0.13122738,
            0.12186361,
            0.11308064,
            0.11968151999999999,
            0.12772303000000002,
            0.13237226000000002,
            0.12579982,
            0.12742567999999999,
            0.13144617,
            0.13406429,
            0.1175851,
            0.11915746999999999,
            0.11813591999999999,
            0.12176969,
            0.11930629,
            0.12701195999999998,
            0.12685077,
            0.12828603,
            0.12184434,
            0.1267942,
            0.12662071,
            0.12809927999999998,
            0.12200043999999999,
            0.12198630999999999,
            0.12203105,
            0.12034940999999999,
            0.12194922,
            0.12443360999999999,
            0.12617401,
            0.12509883
        ],
        [
            0.1101806,
            0.1101806,
            0.10014081,
            0.10677388,
            0.10809673,
            0.11043954,
            0.13190660999999998,
            0.13296692999999998,
            0.12893595,
            0.13156914,
            0.1291736,
            0.12660597,
            0.12650482000000002,
            0.12566608,
            0.0,
            0.02560968,
            0.02798569,
            0.024616359999999997,
            0.041603589999999996,
            0.032820619999999995,
            0.0394215,
            0.04746301,
            0.052112240000000004,
            0.045539800000000005,
            0.04716566,
            0.05118615,
            0.05380427,
            0.03732508,
            0.03889745,
            0.0378759,
            0.04150967,
            0.039046269999999994,
            0.04675194,
            0.04659075,
            0.04802601,
            0.04158432,
            0.04653418,
            0.046360689999999996,
            0.047839259999999995,
            0.04174042,
            0.04172629,
            0.04177103,
            0.04008939,
            0.0416892,
            0.04417359,
            0.04591399,
            0.04483881
        ],
        [
            0.11673522,
            0.11673522,
            0.10669543,
            0.1133285,
            0.11465135,
            0.11699416,
            0.13846123,
            0.13952155,
            0.13549056999999998,
            0.13812375999999998,
            0.13572822,
            0.13316059,
            0.13305944,
            0.1322207,
            0.02560968,
            0.0,
            0.03130907,
            0.027939739999999998,
            0.04815821,
            0.03937524,
            0.045976119999999995,
            0.05401763,
            0.05866686,
            0.05209442,
            0.05372028,
            0.057740770000000004,
            0.060358890000000005,
            0.043879699999999994,
            0.04545207,
            0.04443052,
            0.04806429,
            0.04560089,
            0.05330656,
            0.05314537,
            0.054580630000000005,
            0.048138940000000005,
            0.053088800000000005,
            0.05291531,
            0.05439388,
            0.04829504,
            0.048280909999999996,
            0.04832565,
            0.04664401,
            0.04824382000000001,
            0.050728209999999996,
            0.05246861,
            0.051393430000000004
        ],
        [
            0.11911123,
            0.11911123,
            0.10907143999999999,
            0.11570451,
            0.11702736,
            0.11937017,
            0.14083723999999997,
            0.14189755999999998,
            0.13786658,
            0.14049977,
            0.13810423,
            0.1355366,
            0.13543545,
            0.13459671,
            0.02798569,
            0.03130907,
            0.0,
            0.00664281,
            0.050534220000000005,
            0.041751250000000004,
            0.04835213,
            0.05639364,
            0.061042870000000006,
            0.05447043,
            0.05609629000000001,
            0.06011678000000001,
            0.06273490000000001,
            0.04625571,
            0.047828079999999995,
            0.04680653,
            0.05044030000000001,
            0.0479769,
            0.05568257,
            0.05552138,
            0.05695664,
            0.05051495,
            0.05546481,
            0.055291320000000005,
            0.05676989,
            0.05067105,
            0.05065692,
            0.05070166,
            0.04902002,
            0.050619830000000005,
            0.05310422,
            0.054844620000000004,
            0.05376944
        ],
        [
            0.1157419,
            0.1157419,
            0.10570210999999999,
            0.11233517999999999,
            0.11365803,
            0.11600084,
            0.13746790999999997,
            0.13852822999999997,
            0.13449724999999998,
            0.13713044,
            0.1347349,
            0.13216727,
            0.13206612,
            0.13122738,
            0.024616359999999997,
            0.027939739999999998,
            0.00664281,
            0.0,
            0.04716489,
            0.03838192,
            0.044982799999999996,
            0.05302431,
            0.05767354,
            0.051101099999999997,
            0.05272696,
            0.056747450000000005,
            0.059365570000000006,
            0.042886379999999995,
            0.04445874999999999,
            0.043437199999999995,
            0.047070970000000004,
            0.04460757,
            0.05231324,
            0.05215205,
            0.05358731,
            0.04714562,
            0.05209548,
            0.05192199,
            0.05340056,
            0.04730172,
            0.04728759,
            0.04733233,
            0.045650689999999994,
            0.0472505,
            0.04973489,
            0.05147529,
            0.05040011
        ],
        [
            0.10637813,
            0.10637813,
            0.09633834,
            0.10297141,
            0.10429426,
            0.10663707,
            0.12810413999999998,
            0.12916445999999998,
            0.12513348,
            0.12776667,
            0.12537113,
            0.1228035,
            0.12270235,
            0.12186361,
            0.041603589999999996,
            0.04815821,
            0.050534220000000005,
            0.04716489,
            0.0,
            0.026602769999999998,
            0.03320365,
            0.04124516,
            0.04589439000000001,
            0.03932195,
            0.04094781,
            0.0449683,
            0.047586420000000004,
            0.03110723,
            0.032679599999999996,
            0.03165805,
            0.03529182,
            0.03282842,
            0.042949470000000003,
            0.04278828,
            0.044223540000000006,
            0.037781850000000006,
            0.042731710000000006,
            0.04255822,
            0.04403679,
            0.03793795,
            0.03792382,
            0.03796856,
            0.03628692,
            0.03788673000000001,
            0.040371119999999996,
            0.04211152,
            0.041036340000000004
        ],
        [
            0.09759516,
            0.09759516,
            0.08755537,
            0.09418844,
            0.09551129,
            0.0978541,
            0.11932116999999999,
            0.12038149,
            0.11635050999999999,
            0.1189837,
            0.11658816,
            0.11402053,
            0.11391938,
            0.11308064,
            0.032820619999999995,
            0.03937524,
            0.041751250000000004,
            0.03838192,
            0.026602769999999998,
            0.0,
            0.0066009,
            0.026146049999999997,
            0.03079528,
            0.02422284,
            0.0258487,
            0.034728770000000006,
            0.03734689000000001,
            0.0208677,
            0.02244007,
            0.02141852,
            0.02505229,
            0.02258889,
            0.0341665,
            0.03400531,
            0.035440570000000005,
            0.02899888,
            0.033948740000000005,
            0.03377525,
            0.03525382,
            0.02915498,
            0.02914085,
            0.02918559,
            0.02750395,
            0.029103760000000003,
            0.031588149999999995,
            0.03332855,
            0.03225337
        ],
        [
            0.10419604,
            0.10419604,
            0.09415625,
            0.10078932,
            0.10211217,
            0.10445498,
            0.12592204999999998,
            0.12698236999999998,
            0.12295139,
            0.12558458,
            0.12318904,
            0.12062140999999998,
            0.12052025999999999,
            0.11968151999999999,
            0.0394215,
            0.045976119999999995,
            0.04835213,
            0.044982799999999996,
            0.03320365,
            0.0066009,
            0.0,
            0.032746929999999994,
            0.03739616,
            0.03082372,
            0.03244958,
            0.04132965,
            0.043947770000000004,
            0.02746858,
            0.029040949999999996,
            0.0280194,
            0.03165317,
            0.029189769999999997,
            0.04076738,
            0.04060619,
            0.04204145,
            0.03559976,
            0.04054962,
            0.040376129999999996,
            0.041854699999999995,
            0.03575586,
            0.03574173,
            0.03578647,
            0.03410483,
            0.03570464,
            0.03818903,
            0.03992943,
            0.03885425
        ],
        [
            0.11223755,
            0.11223755,
            0.10219776,
            0.10883083,
            0.11015368,
            0.11249649,
            0.13396355999999998,
            0.13502387999999999,
            0.1309929,
            0.13362609,
            0.13123055,
            0.12866292000000001,
            0.12856177000000002,
            0.12772303000000002,
            0.04746301,
            0.05401763,
            0.05639364,
            0.05302431,
            0.04124516,
            0.026146049999999997,
            0.032746929999999994,
            0.0,
            0.01991509,
            0.01334265,
            0.014968509999999999,
            0.04937116,
            0.05198928,
            0.035510089999999994,
            0.03708246,
            0.03606091,
            0.039694679999999996,
            0.03723128,
            0.04880889,
            0.0486477,
            0.05008296,
            0.04364127,
            0.04859113,
            0.04841764,
            0.049896209999999996,
            0.04379737,
            0.04378324,
            0.04382798,
            0.042146340000000004,
            0.043746150000000004,
            0.04623054,
            0.047970940000000004,
            0.04689576
        ],
        [
            0.11688678000000001,
            0.11688678000000001,
            0.10684699,
            0.11348006000000001,
            0.11480291000000001,
            0.11714572000000001,
            0.13861278999999999,
            0.13967311,
            0.13564213,
            0.13827532,
            0.13587978,
            0.13331215000000002,
            0.13321100000000002,
            0.13237226000000002,
            0.052112240000000004,
            0.05866686,
            0.061042870000000006,
            0.05767354,
            0.04589439000000001,
            0.03079528,
            0.03739616,
            0.01991509,
            0.0,
            0.00832108,
            0.00994694,
            0.05402039,
            0.05663851,
            0.04015932,
            0.04173169,
            0.040710140000000006,
            0.04434391,
            0.04188051,
            0.053458120000000005,
            0.053296930000000006,
            0.05473219000000001,
            0.04829050000000001,
            0.05324036000000001,
            0.05306687,
            0.05454544,
            0.048446600000000006,
            0.048432470000000005,
            0.04847721000000001,
            0.04679557000000001,
            0.04839538000000001,
            0.050879770000000005,
            0.05262017000000001,
            0.051544990000000006
        ],
        [
            0.11031434,
            0.11031434,
            0.10027454999999999,
            0.10690762,
            0.10823047,
            0.11057328,
            0.13204034999999997,
            0.13310066999999998,
            0.12906969,
            0.13170288,
            0.12930734,
            0.12673971,
            0.12663856,
            0.12579982,
            0.045539800000000005,
            0.05209442,
            0.05447043,
            0.051101099999999997,
            0.03932195,
            0.02422284,
            0.03082372,
            0.01334265,
            0.00832108,
            0.0,
            0.0033745,
            0.04744795,
            0.050066070000000004,
            0.03358688,
            0.03515925,
            0.0341377,
            0.03777147,
            0.03530807,
            0.04688568,
            0.04672449000000001,
            0.04815975,
            0.04171806,
            0.04666792,
            0.04649443,
            0.047973,
            0.04187416000000001,
            0.041860030000000006,
            0.04190477000000001,
            0.04022313,
            0.04182294,
            0.044307330000000006,
            0.04604773000000001,
            0.04497255
        ],
        [
            0.1119402,
            0.1119402,
            0.10190041,
            0.10853348,
            0.10985633,
            0.11219914,
            0.13366621,
            0.13472653,
            0.13069555,
            0.13332874,
            0.1309332,
            0.12836556999999998,
            0.12826442,
            0.12742567999999999,
            0.04716566,
            0.05372028,
            0.05609629000000001,
            0.05272696,
            0.04094781,
            0.0258487,
            0.03244958,
            0.014968509999999999,
            0.00994694,
            0.0033745,
            0.0,
            0.04907381,
            0.051691930000000004,
            0.03521274,
            0.036785109999999996,
            0.03576356,
            0.03939733,
            0.036933930000000004,
            0.048511540000000006,
            0.04835035,
            0.04978561000000001,
            0.04334392000000001,
            0.04829378000000001,
            0.04812029,
            0.04959886,
            0.04350002,
            0.04348589,
            0.04353063,
            0.04184899,
            0.04344880000000001,
            0.04593319,
            0.04767359,
            0.04659841000000001
        ],
        [
            0.11596069,
            0.11596069,
            0.1059209,
            0.11255397,
            0.11387682,
            0.11621963,
            0.1376867,
            0.13874702,
            0.13471603999999998,
            0.13734923,
            0.13495369000000002,
            0.13238606,
            0.13228491,
            0.13144617,
            0.05118615,
            0.057740770000000004,
            0.06011678000000001,
            0.056747450000000005,
            0.0449683,
            0.034728770000000006,
            0.04132965,
            0.04937116,
            0.05402039,
            0.04744795,
            0.04907381,
            0.0,
            0.0042965,
            0.02717965,
            0.028752020000000003,
            0.02773047,
            0.03136424,
            0.02890084,
            0.05253203000000001,
            0.05237084,
            0.05380610000000001,
            0.04736441000000001,
            0.05231427000000001,
            0.052140780000000005,
            0.05361935,
            0.04752051,
            0.04750638,
            0.04755112,
            0.045869480000000004,
            0.04746929000000001,
            0.04995368,
            0.05169408,
            0.05061890000000001
        ],
        [
            0.11857881,
            0.11857881,
            0.10853902,
            0.11517209,
            0.11649494,
            0.11883775,
            0.14030482,
            0.14136514,
            0.13733415999999998,
            0.13996735,
            0.13757181000000002,
            0.13500418,
            0.13490303,
            0.13406429,
            0.05380427,
            0.060358890000000005,
            0.06273490000000001,
            0.059365570000000006,
            0.047586420000000004,
            0.03734689000000001,
            0.043947770000000004,
            0.05198928,
            0.05663851,
            0.050066070000000004,
            0.051691930000000004,
            0.0042965,
            0.0,
            0.02979777,
            0.031370140000000005,
            0.03034859,
            0.03398236,
            0.03151896,
            0.05515015000000001,
            0.05498896,
            0.05642422000000001,
            0.04998253000000001,
            0.05493239000000001,
            0.054758900000000006,
            0.056237470000000005,
            0.050138630000000003,
            0.0501245,
            0.050169240000000004,
            0.048487600000000006,
            0.05008741000000001,
            0.0525718,
            0.054312200000000005,
            0.05323702000000001
        ],
        [
            0.10209962,
            0.10209962,
            0.09205983,
            0.0986929,
            0.10001575,
            0.10235856,
            0.12382562999999999,
            0.12488595,
            0.12085496999999998,
            0.12348815999999999,
            0.12109261999999998,
            0.11852499,
            0.11842384,
            0.1175851,
            0.03732508,
            0.043879699999999994,
            0.04625571,
            0.042886379999999995,
            0.03110723,
            0.0208677,
            0.02746858,
            0.035510089999999994,
            0.04015932,
            0.03358688,
            0.03521274,
            0.02717965,
            0.02979777,
            0.0,
            0.00997559,
            0.0138694,
            0.01750317,
            0.01503977,
            0.03867096,
            0.03850977,
            0.03994503,
            0.03350334,
            0.0384532,
            0.038279709999999995,
            0.03975827999999999,
            0.03365944,
            0.03364531,
            0.03369005,
            0.03200841,
            0.03360822,
            0.03609261,
            0.03783301,
            0.03675783
        ],
        [
            0.10367198999999999,
            0.10367198999999999,
            0.09363219999999998,
            0.10026526999999999,
            0.10158811999999999,
            0.10393092999999999,
            0.12539799999999998,
            0.12645831999999999,
            0.12242733999999998,
            0.12506053,
            0.12266498999999999,
            0.12009735999999999,
            0.11999620999999999,
            0.11915746999999999,
            0.03889745,
            0.04545207,
            0.047828079999999995,
            0.04445874999999999,
            0.032679599999999996,
            0.02244007,
            0.029040949999999996,
            0.03708246,
            0.04173169,
            0.03515925,
            0.036785109999999996,
            0.028752020000000003,
            0.031370140000000005,
            0.00997559,
            0.0,
            0.01544177,
            0.019075540000000002,
            0.016612139999999997,
            0.040243329999999994,
            0.04008214,
            0.041517399999999996,
            0.035075709999999996,
            0.040025569999999996,
            0.03985208,
            0.04133065,
            0.03523181,
            0.03521768,
            0.03526242,
            0.03358078,
            0.03518059,
            0.03766498,
            0.039405380000000004,
            0.038330199999999995
        ],
        [
            0.10265044,
            0.10265044,
            0.09261064999999999,
            0.09924372,
            0.10056657,
            0.10290938,
            0.12437644999999999,
            0.12543676999999998,
            0.12140578999999999,
            0.12403898,
            0.12164343999999999,
            0.11907580999999999,
            0.11897466,
            0.11813591999999999,
            0.0378759,
            0.04443052,
            0.04680653,
            0.043437199999999995,
            0.03165805,
            0.02141852,
            0.0280194,
            0.03606091,
            0.040710140000000006,
            0.0341377,
            0.03576356,
            0.02773047,
            0.03034859,
            0.0138694,
            0.01544177,
            0.0,
            0.01476255,
            0.012299149999999998,
            0.03922178,
            0.03906059,
            0.04049585,
            0.03405416,
            0.03900402,
            0.03883053,
            0.0403091,
            0.03421026,
            0.03419613,
            0.03424087,
            0.032559229999999995,
            0.03415904,
            0.03664343,
            0.03838383,
            0.03730865
        ],
        [
            0.10628421,
            0.10628421,
            0.09624442,
            0.10287749,
            0.10420034,
            0.10654315,
            0.12801022,
            0.12907054,
            0.12503956,
            0.12767275,
            0.12527721,
            0.12270958,
            0.12260843,
