{
    "NEXUS_FILE_URL": "http://purl.org/phylo/treebase/phylows/study/TB2:S13448",
    "NEWICK_TREE": "((86:0.08090919766411409,(((82:0.14046513069778882,81:0.08187221383478749):0.020028954623963202,(80:0.1493054775185752,((84:0.07024756512367936,(87:0.08309454797141108,(83:0.21348154817674386,(78:0.10008882047878664,79:0.07589173396531324):0.07497085977726331):0.03828266531483582):0.016819113166575195):0.03431251999285079,85:0.09875766065291924):0.014205082325778662):0.029032980671950315):0.009774497216773814,(27:0.03502152070967418,((((76:0.002552299502986022,75:0.005245458742021036):0.03111222684663928,((69:0.0014423821466794107,67:5.187855122101848E-6):0.0015134135501048696,(((68:0.0034055935721428177,(72:0.003812958009418721,71:5.187855122101848E-6):5.187855122157359E-6):5.428932615954007E-4,((74:5.187855122157359E-6,73:5.187855122157359E-6):0.001449837112780128,(66:5.065829485807471E-4,70:5.187855122101848E-6):5.187855122157359E-6):4.7955906909002977E-4):0.0014619342979602656,(((19:0.0038198644349507482,((((18:5.187855122101848E-6,23:5.187855122101848E-6):5.187855122101848E-6,24:9.8031144639954E-4):5.187855122157359E-6,21:0.004718101757763549):0.001804335043257277,(22:0.0019191398656506209,20:0.004573776627786796):0.001689383893074159):0.002812717508338669):0.005571440987360843,(29:0.011131193491503044,(28:0.0028672161096635063,(30:0.001485079298147507,31:0.004663385582547808):0.001816900136867805):0.003376209548015263):0.0025226011579039254):0.00557996661123189,((35:0.006182085128063619,37:0.0020334727750055404):0.0014276655930050008,(36:0.005109423126417545,(39:0.0010771115917072027,(((33:6.374387672710702E-4,34:0.005273478733125336):0.001919261479902401,40:0.0021973151924065126):9.243229391994179E-4,(32:0.0014229381217613635,(41:0.004568938074131557,38:0.005768796575386814):0.0010347490646209767):5.079617488404353E-4):0.004703470287883205):0.004708176342482495):0.0014383263337399144):0.0027868339056770774):0.003955874624000988):4.0843457364203584E-4):0.022793485219012477):0.01432326513478066,((59:0.006975571226719879,((((65:4.954852706230972E-4,(((58:5.015405854345012E-4,55:0.004442401748737113):6.889094428175202E-4,((57:5.187855122101848E-6,(52:0.0010852031063338097,7:5.187855122157359E-6):0.0012329418238943846):0.002546003883953596,(62:0.00302359781213013,53:0.002514119219465538):0.0014671697480633794):0.0011477550460113894):0.0023750471305825083,61:5.029462739941093E-4):9.903762579584474E-4):5.187855122157359E-6,64:0.0019877893579361428):0.002408831992473326,(60:0.002766772437086895,56:0.00263829384720754):0.0011187463477941306):0.0025757210054185853,(54:0.0038952105586170793,63:0.0022101576043792592):0.003782884767343009):0.003227019235989892):0.005134656382999925,((43:0.004758932874632249,((45:0.006573243391193362,42:0.0021310872386396396):0.003602201292223217,((47:5.187855122101848E-6,44:0.004002566641573613):5.187855122157359E-6,46:0.009494063114927953):5.187855122157359E-6):7.692106057697323E-4):0.04334217351846559,(48:0.007496227130749655,((51:5.187855122101848E-6,49:5.187855122101848E-6):0.0011851674468237317,50:0.006284277769327051):0.0033316129691872143):0.002319208104638648):0.001796746392309423):0.01098120888926557):0.049357993750210716,(((77:0.024960306177305047,3:0.00856797971521095):0.0014296795842347887,((11:0.002902116819512135,(9:0.0017027570666678926,15:0.00389841992132689):0.004194235116978695):0.0035910599603503623,16:0.006498049544924722):5.38560231892693E-4):5.609281167624491E-4,((25:0.011626451031275797,26:0.004224206512959072):0.00430183606348622,(5:0.009482417598879023,(2:0.0038728706025604742,(10:0.008974318754679467,(1:0.010801459248542478,(13:0.0025102414840216802,(17:5.952164545516281E-4,((12:5.187855122157359E-6,(14:5.255335626338509E-4,6:5.187855122157359E-6):5.223659296693661E-4):5.236461645893309E-4,(8:0.006005763650956841,4:0.0010006658746668506):5.187855122157359E-6):5.343444960606014E-4):5.187855122157359E-6):9.707648363644905E-4):0.001212314362564193):0.003759208581885054):0.008221700161983647):8.79880875381267E-4):0.0022480484161890857):0.06788528850950676):0.01931054539402105):0.06835037800402327):0.011368982207136558):0.07370950799046615,88:0.07370950799046612);",
    "DISTANCE_MATRIX": [
        [
            0,
            0.2625467624097765,
            0.20395384554677515,
            0.28039113527855,
            0.24985082520228358,
            0.2795169212165905,
            0.4481865867367591,
            0.4097647188160652,
            0.3855676323025918,
            0.24404840073867268,
            0.1956500785849481,
            0.27728488850391164,
            0.27997804774294666,
            0.2693696430700831,
            0.2679324487785258,
            0.27223270307863934,
            0.2726452553710374,
            0.2688374852167408,
            0.27021880028189343,
            0.27021880028189343,
            0.26927554611769405,
            0.2687741510242354,
            0.2857494286044853,
            0.2865621802864969,
            0.2865621802864969,
            0.2875321160226522,
            0.29126471847889407,
            0.288350805436598,
            0.2910054421987342,
            0.2900119178315807,
            0.2851241499977564,
            0.28555891332310823,
            0.28873721960750853,
            0.28117474119768754,
            0.27702612884462946,
            0.2801127399367764,
            0.28078860474454853,
            0.2878959866270974,
            0.2925320265929517,
            0.28753660157233046,
            0.28634586331132633,
            0.2905266123283175,
            0.29172647082957276,
            0.25238853351849105,
            0.25412520765139823,
            0.2581855957975681,
            0.2621264569608707,
            0.2606940925544032,
            0.26300704962950927,
            0.2619270343782976,
            0.262633668375521,
            0.2621241897828564,
            0.2551230449127277,
            0.2556123238835891,
            0.2551012213180607,
            0.2549727427281813,
            0.25631807685372116,
            0.25463302389948334,
            0.2901761586941785,
            0.29636188110873257,
            0.29191972495617885,
            0.2862019999906824,
            0.2901993787771339,
            0.2956856873953661,
            0.251890487536469,
            0.24891622867685237,
            0.24891622867685237,
            0.2540101511442336,
            0.274775305657104,
            0.2583829791950099,
            0.25541705690731936,
            0.2584119322714538,
            0.2606075951261128,
            0.2554219296723816,
            0.2660007272897528,
            0.2585984827714361,
            0.2604347386692511,
            0.2630468918349162,
            0.27190754856892024,
            0.27494700342534745,
            0.26762655049719114,
            0.26571671332284325,
            0.2661846753840637,
            0.26722738702124477,
            0.2667070413137331,
            0.2716667928704312,
            0.2666616950941412,
            0.22832821364504635
        ],
        [
            0.2625467624097765,
            0,
            0.2223373445325763,
            0.33883254351227754,
            0.30829223343601114,
            0.33795832945031806,
            0.5066279949704866,
            0.46820612704979275,
            0.44400904053631934,
            0.30248980897240024,
            0.2736404812522233,
            0.35527529117118684,
            0.35796845041022185,
            0.3473600457373583,
            0.345922851445801,
            0.35022310574591453,
            0.3506356580383126,
            0.346827887884016,
            0.34820920294916863,
            0.34820920294916863,
            0.34726594878496925,
            0.3467645536915106,
            0.3637398312717605,
            0.3645525829537721,
            0.3645525829537721,
            0.3655225186899274,
            0.36925512114616926,
            0.3663412081038732,
            0.3689958448660094,
            0.3680023204988559,
            0.3631145526650316,
            0.3635493159903834,
            0.3667276222747837,
            0.35916514386496273,
            0.35501653151190465,
            0.35810314260405157,
            0.3587790074118237,
            0.3658863892943726,
            0.3705224292602269,
            0.36552700423960566,
            0.3643362659786015,
            0.3685170149955927,
            0.36971687349684795,
            0.33037893618576625,
            0.3321156103186734,
            0.3361759984648433,
            0.3401168596281459,
            0.33868449522167837,
            0.34099745229678446,
            0.3399174370455728,
            0.3406240710427962,
            0.3401145924501316,
            0.3331134475800029,
            0.3336027265508643,
            0.33309162398533587,
            0.3329631453954565,
            0.33430847952099635,
            0.33262342656675853,
            0.3681665613614537,
            0.37435228377600777,
            0.36991012762345404,
            0.3641924026579576,
            0.3681897814444091,
            0.3736760900626413,
            0.32988089020374417,
            0.32690663134412756,
            0.32690663134412756,
            0.3320005538115088,
            0.3527657083243792,
            0.3363733818622851,
            0.33340745957459456,
            0.336402334938729,
            0.338597997793388,
            0.3334123323396568,
            0.343991129957028,
            0.3365888854387113,
            0.3384251413365263,
            0.3410372945021914,
            0.34989795123619544,
            0.35293740609262264,
            0.34561695316446633,
            0.34370711599011844,
            0.3441750780513389,
            0.34521778968851996,
            0.34469744398100827,
            0.3496571955377064,
            0.3446520977614164,
            0.32905658072659466
        ],
        [
            0.20395384554677515,
            0.2223373445325763,
            0,
            0.2802396266492762,
            0.2496993165730098,
            0.27936541258731673,
            0.44803507810748533,
            0.4096132101867914,
            0.385416123673318,
            0.2438968921093989,
            0.21504756438922196,
            0.2966823743081855,
            0.2993755335472205,
            0.28876712887435696,
            0.28732993458279965,
            0.2916301888829132,
            0.29204274117531126,
            0.28823497102101464,
            0.2896162860861673,
            0.2896162860861673,
            0.2886730319219679,
            0.28817163682850927,
            0.3051469144087592,
            0.30595966609077074,
            0.30595966609077074,
            0.3069296018269261,
            0.31066220428316793,
            0.3077482912408719,
            0.31040292800300806,
            0.30940940363585456,
            0.3045216358020303,
            0.3049563991273821,
            0.3081347054117824,
            0.3005722270019614,
            0.2964236146489033,
            0.29951022574105024,
            0.3001860905488224,
            0.3072934724313713,
            0.31192951239722555,
            0.3069340873766043,
            0.3057433491156002,
            0.30992409813259136,
            0.3111239566338466,
            0.2717860193227649,
            0.2735226934556721,
            0.277583081601842,
            0.2815239427651446,
            0.28009157835867704,
            0.28240453543378313,
            0.2813245201825715,
            0.28203115417979485,
            0.28152167558713026,
            0.27452053071700155,
            0.275009809687863,
            0.27449870712233454,
            0.2743702285324552,
            0.275715562657995,
            0.2740305097037572,
            0.30957364449845237,
            0.31575936691300643,
            0.3113172107604527,
            0.30559948579495627,
            0.3095968645814078,
            0.31508317319963997,
            0.27128797334074284,
            0.26831371448112623,
            0.26831371448112623,
            0.27340763694850745,
            0.29417279146137787,
            0.27778046499928377,
            0.2748145427115932,
            0.2778094180757277,
            0.2800050809303867,
            0.27481941547665545,
            0.2853982130940267,
            0.27799596857570996,
            0.27983222447352496,
            0.28244437763919006,
            0.2913050343731941,
            0.2943444892296213,
            0.287024036301465,
            0.2851141991271171,
            0.28558216118833757,
            0.28662487282551863,
            0.28610452711800693,
            0.2910642786747051,
            0.2860591808984151,
            0.27046366386359333
        ],
        [
            0.28039113527855,
            0.33883254351227754,
            0.2802396266492762,
            0,
            0.268070644960884,
            0.2977367409751909,
            0.4664064064953595,
            0.4279845385746656,
            0.4037874520611922,
            0.2622682204972731,
            0.2914848541209968,
            0.37311966403996033,
            0.37581282327899534,
            0.3652044186061318,
            0.3637672243145745,
            0.368067478614688,
            0.3684800309070861,
            0.36467226075278947,
            0.3660535758179421,
            0.3660535758179421,
            0.36511032165374274,
            0.3646089265602841,
            0.381584204140534,
            0.38239695582254557,
            0.38239695582254557,
            0.3833668915587009,
            0.38709949401494276,
            0.3841855809726467,
            0.3868402177347829,
            0.3858466933676294,
            0.3809589255338051,
            0.3813936888591569,
            0.3845719951435572,
            0.3770095167337362,
            0.37286090438067815,
            0.37594751547282507,
            0.3766233802805972,
            0.3837307621631461,
            0.3883668021290004,
            0.38337137710837915,
            0.382180638847375,
            0.3863613878643662,
            0.38756124636562145,
            0.34822330905453974,
            0.3499599831874469,
            0.3540203713336168,
            0.3579612324969194,
            0.35652886809045187,
            0.35884182516555796,
            0.3577618099143463,
            0.3584684439115697,
            0.3579589653189051,
            0.3509578204487764,
            0.3514470994196378,
            0.35093599685410937,
            0.35080751826423,
            0.35215285238976984,
            0.350467799435532,
            0.3860109342302272,
            0.39219665664478126,
            0.38775450049222754,
            0.3820367755267311,
            0.3860341543131826,
            0.3915204629314148,
            0.34772526307251767,
            0.34475100421290106,
            0.34475100421290106,
            0.3498449266802823,
            0.3706100811931527,
            0.3542177547310586,
            0.35125183244336805,
            0.3542467078075025,
            0.3564423706621615,
            0.3512567052084303,
            0.3618355028258015,
            0.3544332583074848,
            0.3562695142052998,
            0.3588816673709649,
            0.36774232410496893,
            0.37078177896139614,
            0.36346132603323983,
            0.36155148885889193,
            0.3620194509201124,
            0.36306216255729346,
            0.36254181684978176,
            0.3675015684064799,
            0.3624964706301899,
            0.34690095359536816
        ],
        [
            0.24985082520228358,
            0.30829223343601114,
            0.2496993165730098,
            0.268070644960884,
            0,
            0.17016122626166563,
            0.33883089178183423,
            0.3004090238611403,
            0.2762119373476669,
            0.2033177457694494,
            0.2609445440447304,
            0.34257935396369393,
            0.34527251320272895,
            0.3346641085298654,
            0.3332269142383081,
            0.33752716853842163,
            0.3379397208308197,
            0.33413195067652307,
            0.3355132657416757,
            0.3355132657416757,
            0.33457001157747635,
            0.3340686164840177,
            0.3510438940642676,
            0.3518566457462792,
            0.3518566457462792,
            0.3528265814824345,
            0.35655918393867636,
            0.3536452708963803,
            0.3562999076585165,
            0.355306383291363,
            0.3504186154575387,
            0.3508533787828905,
            0.3540316850672908,
            0.34646920665746983,
            0.34232059430441175,
            0.34540720539655867,
            0.3460830702043308,
            0.3531904520868797,
            0.357826492052734,
            0.35283106703211276,
            0.3516403287711086,
            0.3558210777880998,
            0.35702093628935505,
            0.31768299897827335,
            0.3194196731111805,
            0.3234800612573504,
            0.327420922420653,
            0.32598855801418547,
            0.32830151508929156,
            0.3272214998380799,
            0.3279281338353033,
            0.3274186552426387,
            0.32041751037251,
            0.3209067893433714,
            0.32039568677784297,
            0.3202672081879636,
            0.32161254231350345,
            0.3199274893592656,
            0.3554706241539608,
            0.36165634656851486,
            0.35721419041596114,
            0.3514964654504647,
            0.3554938442369162,
            0.3609801528551484,
            0.31718495299625127,
            0.31421069413663466,
            0.31421069413663466,
            0.3193046166040159,
            0.3400697711168863,
            0.3236774446547922,
            0.32071152236710165,
            0.3237063977312361,
            0.3259020605858951,
            0.3207163951321639,
            0.3312951927495351,
            0.3238929482312184,
            0.3257292041290334,
            0.3283413572946985,
            0.33720201402870253,
            0.34024146888512974,
            0.33292101595697343,
            0.33101117878262554,
            0.331479140843846,
            0.33252185248102706,
            0.33200150677351536,
            0.3369612583302135,
            0.3319561605539235,
            0.31636064351910176
        ],
        [
            0.2795169212165905,
            0.33795832945031806,
            0.27936541258731673,
            0.2977367409751909,
            0.17016122626166563,
            0,
            0.33485876146299076,
            0.29643689354229685,
            0.27223980702882344,
            0.2329838417837563,
            0.2906106400590373,
            0.37224544997800085,
            0.37493860921703587,
            0.3643302045441723,
            0.362893010252615,
            0.36719326455272855,
            0.3676058168451266,
            0.36379804669083,
            0.36517936175598265,
            0.36517936175598265,
            0.36423610759178326,
            0.3637347124983246,
            0.38070999007857453,
            0.3815227417605861,
            0.3815227417605861,
            0.38249267749674143,
            0.3862252799529833,
            0.38331136691068723,
            0.3859660036728234,
            0.3849724793056699,
            0.38008471147184564,
            0.38051947479719744,
            0.38369778108159774,
            0.37613530267177675,
            0.37198669031871867,
            0.3750733014108656,
            0.37574916621863774,
            0.38285654810118663,
            0.3874925880670409,
            0.3824971630464197,
            0.38130642478541554,
            0.3854871738024067,
            0.38668703230366197,
            0.34734909499258027,
            0.34908576912548744,
            0.3531461572716573,
            0.35708701843495994,
            0.3556546540284924,
            0.3579676111035985,
            0.35688759585238683,
            0.3575942298496102,
            0.3570847512569456,
            0.3500836063868169,
            0.35057288535767833,
            0.3500617827921499,
            0.34993330420227053,
            0.35127863832781037,
            0.34959358537357255,
            0.3851367201682677,
            0.3913224425828218,
            0.38688028643026806,
            0.3811625614647716,
            0.38515994025122313,
            0.3906462488694553,
            0.3468510490105582,
            0.3438767901509416,
            0.3438767901509416,
            0.3489707126183228,
            0.3697358671311932,
            0.3533435406690991,
            0.3503776183814086,
            0.353372493745543,
            0.355568156600202,
            0.3503824911464708,
            0.36096128876384204,
            0.3535590442455253,
            0.3553953001433403,
            0.3580074533090054,
            0.36686811004300945,
            0.36990756489943666,
            0.36258711197128035,
            0.36067727479693246,
            0.3611452368581529,
            0.362187948495334,
            0.3616676027878223,
            0.36662735434452043,
            0.36162225656823044,
            0.3460267395334087
        ],
        [
            0.4481865867367591,
            0.5066279949704866,
            0.44803507810748533,
            0.4664064064953595,
            0.33883089178183423,
            0.33485876146299076,
            0,
            0.3885412284327938,
            0.3643441419193204,
            0.4016535073039249,
            0.4592803055792059,
            0.5409151154981695,
            0.5436082747372044,
            0.5329998700643409,
            0.5315626757727836,
            0.5358629300728972,
            0.5362754823652952,
            0.5324677122109986,
            0.5338490272761512,
            0.5338490272761512,
            0.5329057731119519,
            0.5324043780184933,
            0.5493796555987431,
            0.5501924072807547,
            0.5501924072807547,
            0.55116234301691,
            0.5548949454731519,
            0.5519810324308558,
            0.554635669192992,
            0.5536421448258385,
            0.5487543769920142,
            0.5491891403173661,
            0.5523674466017663,
            0.5448049681919453,
            0.5406563558388873,
            0.5437429669310342,
            0.5444188317388063,
            0.5515262136213552,
            0.5561622535872095,
            0.5511668285665883,
            0.5499760903055841,
            0.5541568393225753,
            0.5553566978238306,
            0.5160187605127489,
            0.5177554346456561,
            0.5218158227918259,
            0.5257566839551285,
            0.524324319548661,
            0.526637276623767,
            0.5255572613725554,
            0.5262638953697788,
            0.5257544167771142,
            0.5187532719069855,
            0.5192425508778469,
            0.5187314483123184,
            0.5186029697224391,
            0.519948303847979,
            0.5182632508937411,
            0.5538063856884363,
            0.5599921081029904,
            0.5555499519504367,
            0.5498322269849403,
            0.5538296057713917,
            0.5593159143896239,
            0.5155207145307268,
            0.5125464556711101,
            0.5125464556711101,
            0.5176403781384914,
            0.5384055326513618,
            0.5220132061892677,
            0.5190472839015772,
            0.5220421592657116,
            0.5242378221203706,
            0.5190521566666394,
            0.5296309542840106,
            0.5222287097656939,
            0.5240649656635089,
            0.526677118829174,
            0.535537775563178,
            0.5385772304196053,
            0.531256777491449,
            0.5293469403171011,
            0.5298149023783215,
            0.5308576140155026,
            0.5303372683079909,
            0.535297019864689,
            0.530291922088399,
            0.5146964050535773
        ],
        [
            0.4097647188160652,
            0.46820612704979275,
            0.4096132101867914,
            0.4279845385746656,
            0.3004090238611403,
            0.29643689354229685,
            0.3885412284327938,
            0,
            0.17598055444409988,
            0.363231639383231,
            0.420858437658512,
            0.5024932475774755,
            0.5051864068165106,
            0.494578002143647,
            0.4931408078520897,
            0.49744106215220324,
            0.4978536144446013,
            0.4940458442903047,
            0.49542715935545734,
            0.49542715935545734,
            0.49448390519125796,
            0.4939825100977993,
            0.5109577876780492,
            0.5117705393600608,
            0.5117705393600608,
            0.5127404750962161,
            0.516473077552458,
            0.5135591645101619,
            0.5162138012722981,
            0.5152202769051446,
            0.5103325090713203,
            0.5107672723966721,
            0.5139455786810725,
            0.5063831002712514,
            0.5022344879181934,
            0.5053210990103403,
            0.5059969638181124,
            0.5131043457006613,
            0.5177403856665156,
            0.5127449606458944,
            0.5115542223848902,
            0.5157349714018814,
            0.5169348299031367,
            0.47759689259205496,
            0.47933356672496213,
            0.483393954871132,
            0.4873348160344346,
            0.4859024516279671,
            0.4882154087030732,
            0.4871353934518615,
            0.4878420274490849,
            0.4873325488564203,
            0.4803314039862916,
            0.480820682957153,
            0.4803095803916246,
            0.4801811018017452,
            0.48152643592728506,
            0.47984138297304724,
            0.5153845177677424,
            0.5215702401822965,
            0.5171280840297428,
            0.5114103590642463,
            0.5154077378506978,
            0.52089404646893,
            0.4770988466100329,
            0.47412458775041627,
            0.47412458775041627,
            0.4792185102177975,
            0.4999836647306679,
            0.4835913382685738,
            0.48062541598088326,
            0.4836202913450177,
            0.4858159541996767,
            0.4806302887459455,
            0.4912090863633167,
            0.483806841845,
            0.485643097742815,
            0.4882552509084801,
            0.49711590764248414,
            0.5001553624989113,
            0.49283490957075504,
            0.49092507239640715,
            0.4913930344576276,
            0.49243574609480867,
            0.491915400387297,
            0.4968751519439951,
            0.49187005416770513,
            0.47627453713288337
        ],
        [
            0.3855676323025918,
            0.44400904053631934,
            0.385416123673318,
            0.4037874520611922,
            0.2762119373476669,
            0.27223980702882344,
            0.3643441419193204,
            0.17598055444409988,
            0,
            0.3390345528697576,
            0.3966613511450386,
            0.47829616106400213,
            0.48098932030303715,
            0.4703809156301736,
            0.4689437213386163,
            0.47324397563872983,
            0.4736565279311279,
            0.46984875777683127,
            0.4712300728419839,
            0.4712300728419839,
            0.47028681867778455,
            0.4697854235843259,
            0.4867607011645758,
            0.4875734528465874,
            0.4875734528465874,
            0.4885433885827427,
            0.49227599103898456,
            0.4893620779966885,
            0.4920167147588247,
            0.4910231903916712,
            0.4861354225578469,
            0.4865701858831987,
            0.489748492167599,
            0.48218601375777803,
            0.47803740140471995,
            0.48112401249686687,
            0.481799877304639,
            0.4889072591871879,
            0.4935432991530422,
            0.48854787413242096,
            0.4873571358714168,
            0.491537884888408,
            0.49273774338966325,
            0.45339980607858155,
            0.4551364802114887,
            0.4591968683576586,
            0.4631377295209612,
            0.46170536511449367,
            0.46401832218959976,
            0.4629383069383881,
            0.4636449409356115,
            0.4631354623429469,
            0.4561343174728182,
            0.4566235964436796,
            0.45611249387815117,
            0.4559840152882718,
            0.45732934941381165,
            0.4556442964595738,
            0.491187431254269,
            0.49737315366882306,
            0.49293099751626934,
            0.4872132725507729,
            0.4912106513372244,
            0.4966969599554566,
            0.45290176009655947,
            0.44992750123694286,
            0.44992750123694286,
            0.4550214237043241,
            0.4757865782171945,
            0.4593942517551004,
            0.45642832946740985,
            0.4594232048315443,
            0.4616188676862033,
            0.4564332022324721,
            0.4670119998498433,
            0.4596097553315266,
            0.4614460112293416,
            0.4640581643950067,
            0.47291882112901074,
            0.47595827598543794,
            0.46863782305728163,
            0.46672798588293374,
            0.4671959479441542,
            0.46823865958133526,
            0.46771831387382357,
            0.4726780654305217,
            0.4676729676542317,
            0.45207745061940996
        ],
        [
            0.24404840073867268,
            0.30248980897240024,
            0.2438968921093989,
            0.2622682204972731,
            0.2033177457694494,
            0.2329838417837563,
            0.4016535073039249,
            0.363231639383231,
            0.3390345528697576,
            0,
            0.2551421195811195,
            0.33677692950008303,
            0.33947008873911805,
            0.3288616840662545,
            0.3274244897746972,
            0.33172474407481073,
            0.3321372963672088,
            0.32832952621291217,
            0.3297108412780648,
            0.3297108412780648,
            0.32876758711386544,
            0.3282661920204068,
            0.3452414696006567,
            0.3460542212826683,
            0.3460542212826683,
            0.3470241570188236,
            0.35075675947506546,
            0.3478428464327694,
            0.3504974831949056,
            0.3495039588277521,
            0.3446161909939278,
            0.3450509543192796,
            0.3482292606036799,
            0.34066678219385893,
            0.33651816984080085,
            0.33960478093294777,
            0.3402806457407199,
            0.3473880276232688,
            0.3520240675891231,
            0.34702864256850185,
            0.3458379043074977,
            0.3500186533244889,
            0.35121851182574415,
            0.31188057451466245,
            0.3136172486475696,
            0.3176776367937395,
            0.3216184979570421,
            0.32018613355057457,
            0.32249909062568066,
            0.321419075374469,
            0.3221257093716924,
            0.3216162307790278,
            0.3146150859088991,
            0.3151043648797605,
            0.31459326231423207,
            0.3144647837243527,
            0.31581011784989255,
            0.3141250648956547,
            0.3496681996903499,
            0.35585392210490396,
            0.35141176595235024,
            0.3456940409868538,
            0.3496914197733053,
            0.3551777283915375,
            0.31138252853264037,
            0.30840826967302376,
            0.30840826967302376,
            0.313502192140405,
            0.3342673466532754,
            0.3178750201911813,
            0.31490909790349075,
            0.3179039732676252,
            0.3200996361222842,
            0.314913970668553,
            0.3254927682859242,
            0.3180905237676075,
            0.3199267796654225,
            0.3225389328310876,
            0.33139958956509163,
            0.33443904442151884,
            0.32711859149336253,
            0.32520875431901464,
            0.3256767163802351,
            0.32671942801741616,
            0.32619908230990446,
            0.3311588338666026,
            0.3261537360903126,
            0.31055821905549086
        ],
        [
            0.1956500785849481,
            0.2736404812522233,
            0.21504756438922196,
            0.2914848541209968,
            0.2609445440447304,
            0.2906106400590373,
            0.4592803055792059,
            0.420858437658512,
            0.3966613511450386,
            0.2551421195811195,
            0,
            0.1516778513383119,
            0.15437101057734692,
            0.14376260590448336,
            0.14232541161292606,
            0.1466256659130396,
            0.14703821820543767,
            0.14323044805114105,
            0.1446117631162937,
            0.1446117631162937,
            0.14366850895209432,
            0.14316711385863568,
            0.1601423914388856,
            0.16095514312089715,
            0.16095514312089715,
            0.16192507885705248,
            0.16565768131329434,
            0.1627437682709983,
            0.16539840503313447,
            0.16440488066598097,
            0.1595171128321567,
            0.1599518761575085,
            0.1631301824419088,
            0.1555677040320878,
            0.15141909167902973,
            0.15450570277117665,
            0.1551815675789488,
            0.1622889494614977,
            0.16692498942735196,
            0.16192956440673073,
            0.1607388261457266,
            0.16491957516271777,
            0.16611943366397303,
            0.12678149635289132,
            0.1285181704857985,
            0.13257855863196838,
            0.136519419795271,
            0.13508705538880345,
            0.13740001246390954,
            0.13631999721269789,
            0.13702663120992126,
            0.13651715261725667,
            0.12951600774712796,
            0.1300052867179894,
            0.12949418415246094,
            0.1293657055625816,
            0.13071103968812142,
            0.1290259867338836,
            0.16456912152857878,
            0.17075484394313284,
            0.16631268779057912,
            0.16059496282508268,
            0.1645923416115342,
            0.17007865022976637,
            0.12628345037086924,
            0.12330919151125264,
            0.12330919151125264,
            0.12840311397863385,
            0.14916826849150427,
            0.13277594202941018,
            0.12981001974171963,
            0.13280489510585408,
            0.13500055796051308,
            0.12981489250678185,
            0.1403936901241531,
            0.13299144560583637,
            0.13482770150365136,
            0.13743985466931646,
            0.1463005114033205,
            0.14933996625974771,
            0.1420195133315914,
            0.1401096761572435,
            0.14057763821846397,
            0.14162034985564503,
            0.14110000414813334,
            0.14605975570483148,
            0.1410546579285415,
            0.2621598969017663
        ],
        [
            0.27728488850391164,
            0.35527529117118684,
            0.2966823743081855,
            0.37311966403996033,
            0.34257935396369393,
            0.37224544997800085,
            0.5409151154981695,
            0.5024932475774755,
            0.47829616106400213,
            0.33677692950008303,
            0.1516778513383119,
            0,
            0.007797758245007058,
            0.05941380726542206,
            0.05797661297386475,
            0.0622768672739783,
            0.06268941956637636,
            0.05888164941207974,
            0.060262964477232395,
            0.060262964477232395,
            0.059319710313033014,
            0.05881831521957437,
            0.07579359279982428,
            0.07660634448183584,
            0.07660634448183584,
            0.07757628021799118,
            0.08130888267423303,
            0.07839496963193698,
            0.08104960639407316,
            0.08005608202691966,
            0.07516831419309539,
            0.07560307751844719,
            0.0787813838028475,
            0.0712189053930265,
            0.06707029303996842,
            0.07015690413211534,
            0.07083276893988749,
            0.07794015082243638,
            0.08257619078829065,
            0.07758076576766942,
            0.07639002750666529,
            0.08057077652365646,
            0.08177063502491172,
            0.07107922798339134,
            0.07281590211629851,
            0.0768762902624684,
            0.080817151425771,
            0.07938478701930346,
            0.08169774409440955,
            0.0806177288431979,
            0.08132436284042127,
            0.08081488424775668,
            0.07381373937762797,
            0.0743030183484894,
            0.07379191578296096,
            0.0736634371930816,
            0.07500877131862144,
            0.07332371836438362,
            0.10886685315907879,
            0.11505257557363285,
            0.11061041942107913,
            0.10489269445558269,
            0.1088900732420342,
            0.11437638186026639,
            0.07058118200136926,
            0.06760692314175265,
            0.06760692314175265,
            0.07270084560913387,
            0.19218198762242572,
            0.17578966116033162,
            0.17282373887264108,
            0.17581861423677553,
            0.17801427709143453,
            0.1728286116377033,
            0.18340740925507454,
            0.1760051647367578,
            0.1778414206345728,
            0.1804535738002379,
            0.18931423053424196,
            0.19235368539066916,
            0.18503323246251285,
            0.18312339528816496,
            0.18359135734938542,
            0.18463406898656648,
            0.1841137232790548,
            0.18907347483575293,
            0.18406837705946294,
            0.3437947068207298
        ],
        [
            0.27997804774294666,
            0.35796845041022185,
            0.2993755335472205,
            0.37581282327899534,
            0.34527251320272895,
            0.37493860921703587,
            0.5436082747372044,
            0.5051864068165106,
            0.48098932030303715,
            0.33947008873911805,
            0.15437101057734692,
            0.007797758245007058,
            0,
            0.06210696650445707,
            0.060669772212899764,
            0.06497002651301331,
            0.06538257880541137,
            0.061574808651114754,
            0.06295612371626741,
            0.06295612371626741,
            0.06201286955206803,
            0.06151147445860938,
            0.0784867520388593,
            0.07929950372087086,
            0.07929950372087086,
            0.08026943945702619,
            0.08400204191326804,
            0.081088128870972,
            0.08374276563310817,
            0.08274924126595468,
            0.0778614734321304,
            0.07829623675748221,
            0.08147454304188251,
            0.07391206463206151,
            0.06976345227900344,
            0.07285006337115035,
            0.0735259281789225,
            0.0806333100614714,
            0.08526935002732566,
            0.08027392500670444,
            0.0790831867457003,
            0.08326393576269148,
            0.08446379426394673,
            0.07377238722242635,
            0.07550906135533353,
            0.07956944950150341,
            0.08351031066480602,
            0.08207794625833847,
            0.08439090333344457,
