{
    "NEXUS_FILE_URL": "http://purl.org/phylo/treebase/phylows/study/TB2:S15955",
    "NEWICK_TREE": "(7:0.199328095,((8:0.02686218,(3:0.01949155,9:0.00702218):0.02336388):0.06030546,((2:0.05419107,6:0.01562404):0.02121582,(1:0.01019095,((4:1.0E-8,5:1.0E-8):0.00681096,(14:1.0E-8,((13:1.0E-8,(17:1.0E-8,(10:1.0E-8,12:1.0E-8):1.0E-8):1.0E-8):0.00171985,((11:2.1261422427041635E-6,19:1.0E-8):0.00171812,(18:1.0E-8,(15:1.0E-8,16:0.00345095):1.0E-8):1.0E-8):1.0E-8):0.0):0.01252985):0.0130004):0.035766):0.08440679):0.199328095);",
    "DISTANCE_MATRIX": [
        [
            0,
            0.48582383000000007,
            0.50181708,
            0.48934771,
            0.55846987,
            0.51990284,
            0.52901993,
            0.53864035,
            0.53864035,
            0.54435924,
            0.54607909,
            0.5460791,
            0.5460791100000001,
            0.5460791100000001,
            0.5460794861422428,
            0.54607737,
            0.54435926,
            0.5443592700000001,
            0.5478102100000001
        ],
        [
            0.48582383000000007,
            0,
            0.06971761,
            0.05724824,
            0.24698132,
            0.20841429,
            0.21753138,
            0.2271518,
            0.2271518,
            0.23287069,
            0.23459054,
            0.23459055,
            0.23459056,
            0.23459056,
            0.2345909361422427,
            0.23458881999999998,
            0.23287070999999998,
            0.23287071999999998,
            0.23632166
        ],
        [
            0.50181708,
            0.06971761,
            0,
            0.02651373,
            0.26297457,
            0.22440754000000002,
            0.23352463,
            0.24314505,
            0.24314505,
            0.24886394,
            0.25058379,
            0.2505838,
            0.25058381,
            0.25058381,
            0.2505841861422427,
            0.25058207,
            0.24886396,
            0.24886397,
            0.25231491
        ],
        [
            0.48934771,
            0.05724824,
            0.02651373,
            0,
            0.2505052,
            0.21193816999999998,
            0.22105526,
            0.23067568,
            0.23067568,
            0.23639457,
            0.23811442,
            0.23811443000000002,
            0.23811444,
            0.23811444,
            0.2381148161422427,
            0.23811269999999998,
            0.23639459,
            0.23639459999999998,
            0.23984554
        ],
        [
            0.55846987,
            0.24698132,
            0.26297457,
            0.2505052,
            0,
            0.06981511,
            0.12136384,
            0.13098426000000002,
            0.13098426000000002,
            0.13670315,
            0.13842300000000002,
            0.13842301,
            0.13842302,
            0.13842302,
            0.1384233961422427,
            0.13842128,
            0.13670317,
            0.13670318,
            0.14015412
        ],
        [
            0.51990284,
            0.20841429,
            0.22440754000000002,
            0.21193816999999998,
            0.06981511,
            0,
            0.08279681,
            0.09241723,
            0.09241723,
            0.09813612,
            0.09985597,
            0.09985598000000001,
            0.09985599,
            0.09985599,
            0.0998563661422427,
            0.09985425,
            0.09813614000000001,
            0.09813615,
            0.10158709
        ],
        [
            0.52901993,
            0.21753138,
            0.23352463,
            0.22105526,
            0.12136384,
            0.08279681,
            0,
            0.030002320000000002,
            0.030002320000000002,
            0.03572121,
            0.03744106,
            0.03744107000000001,
            0.03744108,
            0.03744108,
            0.0374414561422427,
            0.03743934,
            0.03572123000000001,
            0.03572124,
            0.03917218
        ],
        [
            0.53864035,
            0.2271518,
            0.24314505,
            0.23067568,
            0.13098426000000002,
            0.09241723,
            0.030002320000000002,
            0,
            2e-08,
            0.01934083,
            0.02106068,
            0.02106069,
            0.0210607,
            0.0210607,
            0.021061076142242702,
            0.02105896,
            0.01934085,
            0.01934086,
            0.0227918
        ],
        [
            0.53864035,
            0.2271518,
            0.24314505,
            0.23067568,
            0.13098426000000002,
            0.09241723,
            0.030002320000000002,
            2e-08,
            0,
            0.01934083,
            0.02106068,
            0.02106069,
            0.0210607,
            0.0210607,
            0.021061076142242702,
            0.02105896,
            0.01934085,
            0.01934086,
            0.0227918
        ],
        [
            0.54435924,
            0.23287069,
            0.24886394,
            0.23639457,
            0.13670315,
            0.09813612,
            0.03572121,
            0.01934083,
            0.01934083,
            0,
            0.0017198699999999999,
            0.00171988,
            0.00171989,
            0.00171989,
            0.0017202661422427042,
            0.0017181499999999999,
            4e-08,
            5e-08,
            0.0034509899999999997
        ],
        [
            0.54607909,
            0.23459054,
            0.25058379,
            0.23811442,
            0.13842300000000002,
            0.09985597,
            0.03744106,
            0.02106068,
            0.02106068,
            0.0017198699999999999,
            0,
            3.0000000000000004e-08,
            4e-08,
            4e-08,
            0.003440116142242704,
            0.003438,
            0.00171989,
            0.0017199,
            0.0051708399999999995
        ],
        [
            0.5460791,
            0.23459055,
            0.2505838,
            0.23811443000000002,
            0.13842301,
            0.09985598000000001,
            0.03744107000000001,
            0.02106069,
            0.02106069,
            0.00171988,
            3.0000000000000004e-08,
            0,
            3.0000000000000004e-08,
            3.0000000000000004e-08,
            0.0034401261422427045,
            0.00343801,
            0.0017199000000000001,
            0.00171991,
            0.005170849999999999
        ],
        [
            0.5460791100000001,
            0.23459056,
            0.25058381,
            0.23811444,
            0.13842302,
            0.09985599,
            0.03744108,
            0.0210607,
            0.0210607,
            0.00171989,
            4e-08,
            3.0000000000000004e-08,
            0,
            2e-08,
            0.0034401361422427045,
            0.00343802,
            0.00171991,
            0.00171992,
            0.005170859999999999
        ],
        [
            0.5460791100000001,
            0.23459056,
            0.25058381,
            0.23811444,
            0.13842302,
            0.09985599,
            0.03744108,
            0.0210607,
            0.0210607,
            0.00171989,
            4e-08,
            3.0000000000000004e-08,
            2e-08,
            0,
            0.0034401361422427045,
            0.00343802,
            0.00171991,
            0.00171992,
            0.005170859999999999
        ],
        [
            0.5460794861422428,
            0.2345909361422427,
            0.2505841861422427,
            0.2381148161422427,
            0.1384233961422427,
            0.0998563661422427,
            0.0374414561422427,
            0.021061076142242702,
            0.021061076142242702,
            0.0017202661422427042,
            0.003440116142242704,
            0.0034401261422427045,
            0.0034401361422427045,
            0.0034401361422427045,
            0,
            2.1361422427041634e-06,
            0.0017202661422427044,
            0.0017202761422427043,
            0.005171216142242704
        ],
        [
            0.54607737,
            0.23458881999999998,
            0.25058207,
            0.23811269999999998,
            0.13842128,
            0.09985425,
            0.03743934,
            0.02105896,
            0.02105896,
            0.0017181499999999999,
            0.003438,
            0.00343801,
            0.00343802,
            0.00343802,
            2.1361422427041634e-06,
            0,
            0.00171815,
            0.00171816,
            0.005169099999999999
        ],
        [
            0.54435926,
            0.23287070999999998,
            0.24886396,
            0.23639459,
            0.13670317,
            0.09813614000000001,
            0.03572123000000001,
            0.01934085,
            0.01934085,
            4e-08,
            0.00171989,
            0.0017199000000000001,
            0.00171991,
            0.00171991,
            0.0017202661422427044,
            0.00171815,
            0,
            3.0000000000000004e-08,
            0.00345097
        ],
        [
            0.5443592700000001,
            0.23287071999999998,
            0.24886397,
            0.23639459999999998,
            0.13670318,
            0.09813615,
            0.03572124,
            0.01934086,
            0.01934086,
            5e-08,
            0.0017199,
            0.00171991,
            0.00171992,
            0.00171992,
            0.0017202761422427043,
            0.00171816,
            3.0000000000000004e-08,
            0,
            0.00345096
        ],
        [
            0.5478102100000001,
            0.23632166,
            0.25231491,
            0.23984554,
            0.14015412,
            0.10158709,
            0.03917218,
            0.0227918,
            0.0227918,
            0.0034509899999999997,
            0.0051708399999999995,
            0.005170849999999999,
            0.005170859999999999,
            0.005170859999999999,
            0.005171216142242704,
            0.005169099999999999,
            0.00345097,
            0.00345096,
            0
        ]
    ],
    "NODE_MAPPING": {
        "0": "7",
        "1": "8",
        "2": "3",
        "3": "9",
        "4": "2",
        "5": "6",
        "6": "1",
        "7": "4",
        "8": "5",
        "9": "14",
        "10": "13",
        "11": "17",
        "12": "10",
        "13": "12",
        "14": "11",
        "15": "19",
        "16": "18",
        "17": "15",
        "18": "16"
    }
}