{
    "NEXUS_FILE_URL": "http://purl.org/phylo/treebase/phylows/study/TB2:S11359",
    "NEWICK_TREE": "((37:0.153364,((38:0.114702,39:0.149186):0.013693,(36:0.258031,(40:0.19077,(41:0.126463,(42:0.119917,(43:0.134216,(44:0.08495,45:0.054425):0.060612):0.060803):0.047801):0.011041):0.01919):0.07639):0.071028):0.192716,(((30:0.140116,(16:0.267989,(29:0.10005,(31:0.026431,32:0.008165):0.06144):0.018082):0.012445):0.012061,(15:0.189393,((23:0.064507,(24:0.070196,(25:0.006954,26:0.006829):0.040432):0.042362):0.029489,((27:0.068837,28:0.057557):0.096668,(20:0.054844,(19:0.037396,(21:0.038702,22:0.016586):0.020912):0.006499):0.012943):0.025135):0.051702):0.055098):0.005758,((1:0.036669,(2:0.043509,(3:0.017977,4:0.005046):0.02101):0.018857):0.363994,((5:0.068662,6:0.052711):0.270332,(((17:0.095538,18:0.047107):0.123164,(33:0.041779,(34:0.013416,35:0.034511):0.103062):0.060741):0.020529,((9:0.044737,(7:0.083911,8:0.082856):0.039914):0.193532,((13:0.06004,14:0.109766):0.099943,(10:0.088336,(11:0.045959,12:0.044932):0.064867):0.02656):0.04107):0.116711):0.002742):0.020033):0.010878):0.192716);",
    "DISTANCE_MATRIX": [
        [
            0.0,
            0.352787,
            0.38727100000000003,
            0.558813,
            0.510742,
            0.457476,
            0.498731,
            0.573833,
            0.585179,
            0.554654,
            0.696731,
            0.8370489999999999,
            0.687192,
            0.6750130000000001,
            0.656747,
            0.789045,
            0.74535,
            0.793401,
            0.770591,
            0.7704660000000001,
            0.8419939999999999,
            0.830714,
            0.7442759999999999,
            0.7333270000000001,
            0.755545,
            0.7334290000000001,
            0.950337,
            0.9760339999999998,
            0.9715119999999999,
            0.9585809999999999,
            0.908701,
            0.8927499999999999,
            0.81168,
            0.7632490000000001,
            0.695498,
            0.770197,
            0.791292,
            0.9274290000000001,
            1.006517,
            1.005462,
            0.8902129999999999,
            0.9399390000000001,
            0.845126,
            0.8676159999999999,
            0.866589
        ],
        [
            0.352787,
            0.0,
            0.263888,
            0.462816,
            0.41474500000000003,
            0.361479,
            0.40273400000000004,
            0.47783600000000004,
            0.489182,
            0.458657,
            0.7427900000000001,
            0.883108,
            0.733251,
            0.721072,
            0.702806,
            0.8351040000000001,
            0.791409,
            0.83946,
            0.8166500000000001,
            0.8165250000000001,
            0.888053,
            0.876773,
            0.790335,
            0.779386,
            0.801604,
            0.7794880000000001,
            0.9963960000000001,
            1.022093,
            1.017571,
            1.00464,
            0.95476,
            0.938809,
            0.857739,
            0.809308,
            0.741557,
            0.816256,
            0.837351,
            0.9734880000000001,
            1.0525760000000002,
            1.0515210000000002,
            0.936272,
            0.9859980000000002,
            0.8911850000000001,
            0.913675,
            0.9126480000000001
        ],
        [
            0.38727100000000003,
            0.263888,
            0.0,
            0.4973000000000001,
            0.449229,
            0.39596300000000006,
            0.437218,
            0.51232,
            0.5236660000000001,
            0.49314100000000005,
            0.777274,
            0.917592,
            0.7677350000000001,
            0.7555560000000001,
            0.73729,
            0.869588,
            0.825893,
            0.873944,
            0.8511340000000001,
            0.8510090000000001,
            0.9225369999999999,
            0.911257,
            0.824819,
            0.8138700000000001,
            0.836088,
            0.8139720000000001,
            1.03088,
            1.0565769999999999,
            1.052055,
            1.039124,
            0.989244,
            0.973293,
            0.892223,
            0.8437920000000001,
            0.776041,
            0.85074,
            0.871835,
            1.007972,
            1.0870600000000001,
            1.086005,
            0.970756,
            1.0204820000000001,
            0.9256690000000001,
            0.948159,
            0.9471320000000001
        ],
        [
            0.558813,
            0.462816,
            0.4973000000000001,
            0.0,
            0.467991,
            0.414725,
            0.45598,
            0.531082,
            0.542428,
            0.511903,
            0.9488160000000001,
            1.089134,
            0.939277,
            0.9270980000000001,
            0.9088320000000001,
            1.04113,
            0.9974350000000001,
            1.045486,
            1.0226760000000001,
            1.022551,
            1.094079,
            1.082799,
            0.996361,
            0.9854120000000001,
            1.00763,
            0.9855140000000001,
            1.202422,
            1.228119,
            1.223597,
            1.210666,
            1.160786,
            1.144835,
            1.063765,
            1.0153340000000002,
            0.9475830000000001,
            1.0222820000000001,
            1.043377,
            1.1795140000000002,
            1.2586020000000002,
            1.2575470000000002,
            1.142298,
            1.1920240000000002,
            1.0972110000000002,
            1.119701,
            1.1186740000000002
        ],
        [
            0.510742,
            0.41474500000000003,
            0.449229,
            0.467991,
            0.0,
            0.32827399999999995,
            0.369529,
            0.444631,
            0.455977,
            0.425452,
            0.9007449999999999,
            1.0410629999999998,
            0.8912059999999999,
            0.879027,
            0.860761,
            0.9930589999999999,
            0.949364,
            0.9974149999999999,
            0.9746049999999999,
            0.97448,
            1.046008,
            1.0347279999999999,
            0.94829,
            0.937341,
            0.959559,
            0.937443,
            1.1543510000000001,
            1.1800479999999998,
            1.175526,
            1.162595,
            1.1127150000000001,
            1.0967639999999999,
            1.0156939999999999,
            0.967263,
            0.899512,
            0.9742109999999999,
            0.995306,
            1.131443,
            1.210531,
            1.209476,
            1.094227,
            1.1439530000000002,
            1.04914,
            1.0716299999999999,
            1.0706030000000002
        ],
        [
            0.457476,
            0.361479,
            0.39596300000000006,
            0.414725,
            0.32827399999999995,
            0.0,
            0.294181,
            0.36928300000000003,
            0.380629,
            0.35010399999999997,
            0.847479,
            0.9877969999999999,
            0.8379399999999999,
            0.825761,
            0.8074950000000001,
            0.939793,
            0.8960980000000001,
            0.9441489999999999,
            0.921339,
            0.921214,
            0.992742,
            0.981462,
            0.895024,
            0.8840749999999999,
            0.906293,
            0.884177,
            1.101085,
            1.126782,
            1.12226,
            1.109329,
            1.059449,
            1.043498,
            0.9624280000000001,
            0.913997,
            0.846246,
            0.9209449999999999,
            0.94204,
            1.0781770000000002,
            1.157265,
            1.15621,
            1.040961,
            1.0906870000000002,
            0.995874,
            1.018364,
            1.0173370000000002
        ],
        [
            0.498731,
            0.40273400000000004,
            0.437218,
            0.45598,
            0.369529,
            0.294181,
            0.0,
            0.314936,
            0.32628199999999996,
            0.295757,
            0.8887339999999999,
            1.0290519999999999,
            0.879195,
            0.867016,
            0.84875,
            0.9810479999999999,
            0.937353,
            0.985404,
            0.962594,
            0.962469,
            1.0339969999999998,
            1.0227169999999999,
            0.936279,
            0.92533,
            0.9475480000000001,
            0.925432,
            1.14234,
            1.168037,
            1.1635149999999999,
            1.1505839999999998,
            1.100704,
            1.084753,
            1.003683,
            0.955252,
            0.887501,
            0.9621999999999999,
            0.983295,
            1.1194320000000002,
            1.19852,
            1.197465,
            1.0822159999999998,
            1.131942,
            1.037129,
            1.059619,
            1.058592
        ],
        [
            0.573833,
            0.47783600000000004,
            0.51232,
            0.531082,
            0.444631,
            0.36928300000000003,
            0.314936,
            0.0,
            0.27977799999999997,
            0.249253,
            0.9638359999999999,
            1.1041539999999999,
            0.954297,
            0.942118,
            0.923852,
            1.05615,
            1.012455,
            1.060506,
            1.037696,
            1.037571,
            1.109099,
            1.0978189999999999,
            1.011381,
            1.000432,
            1.02265,
            1.000534,
            1.2174420000000001,
            1.2431389999999998,
            1.238617,
            1.225686,
            1.1758060000000001,
            1.1598549999999999,
            1.0787849999999999,
            1.030354,
            0.962603,
            1.037302,
            1.058397,
            1.194534,
            1.273622,
            1.272567,
            1.157318,
            1.2070440000000002,
            1.112231,
            1.1347209999999999,
            1.1336940000000002
        ],
        [
            0.585179,
            0.489182,
            0.5236660000000001,
            0.542428,
            0.455977,
            0.380629,
            0.32628199999999996,
            0.27977799999999997,
            0.0,
            0.139375,
            0.975182,
            1.1155,
            0.9656429999999999,
            0.953464,
            0.935198,
            1.067496,
            1.023801,
            1.0718519999999998,
            1.049042,
            1.0489169999999999,
            1.120445,
            1.109165,
            1.022727,
            1.011778,
            1.033996,
            1.0118800000000001,
            1.228788,
            1.2544849999999999,
            1.249963,
            1.237032,
            1.187152,
            1.171201,
            1.090131,
            1.0417,
            0.973949,
            1.048648,
            1.0697429999999999,
            1.20588,
            1.284968,
            1.283913,
            1.168664,
            1.21839,
            1.123577,
            1.146067,
            1.14504
        ],
        [
            0.554654,
            0.458657,
            0.49314100000000005,
            0.511903,
            0.425452,
            0.35010399999999997,
            0.295757,
            0.249253,
            0.139375,
            0.0,
            0.9446570000000001,
            1.084975,
            0.935118,
            0.9229390000000001,
            0.9046730000000001,
            1.036971,
            0.993276,
            1.041327,
            1.0185170000000001,
            1.018392,
            1.08992,
            1.07864,
            0.992202,
            0.981253,
            1.003471,
            0.9813550000000001,
            1.198263,
            1.22396,
            1.219438,
            1.206507,
            1.156627,
            1.140676,
            1.059606,
            1.0111750000000002,
            0.943424,
            1.0181230000000001,
            1.039218,
            1.1753550000000001,
            1.2544430000000002,
            1.2533880000000002,
            1.138139,
            1.1878650000000002,
            1.0930520000000001,
            1.115542,
            1.1145150000000001
        ],
        [
            0.696731,
            0.7427900000000001,
            0.777274,
            0.9488160000000001,
            0.9007449999999999,
            0.847479,
            0.8887339999999999,
            0.9638359999999999,
            0.975182,
            0.9446570000000001,
            0.0,
            0.42055,
            0.27069299999999996,
            0.258514,
            0.240248,
            0.396668,
            0.352973,
            0.40102399999999994,
            0.378214,
            0.378089,
            0.44961699999999993,
            0.438337,
            0.35189899999999996,
            0.34095,
            0.363168,
            0.341052,
            0.569476,
            0.595173,
            0.590651,
            0.57772,
            0.5278400000000001,
            0.511889,
            0.430819,
            0.38238799999999995,
            0.31463699999999994,
            0.389336,
            0.410431,
            0.546568,
            0.625656,
            0.624601,
            0.509352,
            0.5590780000000001,
            0.46426500000000004,
            0.48675500000000005,
            0.48572800000000005
        ],
        [
            0.8370489999999999,
            0.883108,
            0.917592,
            1.089134,
            1.0410629999999998,
            0.9877969999999999,
            1.0290519999999999,
            1.1041539999999999,
            1.1155,
            1.084975,
            0.42055,
            0.0,
            0.386121,
            0.373942,
            0.355676,
            0.536986,
            0.4932909999999999,
            0.541342,
            0.518532,
            0.518407,
            0.5899349999999999,
            0.5786549999999999,
            0.49221699999999996,
            0.4812679999999999,
            0.503486,
            0.48136999999999996,
            0.7097939999999999,
            0.7354909999999999,
            0.730969,
            0.718038,
            0.668158,
            0.652207,
            0.571137,
            0.5227059999999999,
            0.4549549999999999,
            0.529654,
            0.5507489999999999,
            0.686886,
            0.7659739999999999,
            0.7649189999999999,
            0.64967,
            0.699396,
            0.604583,
            0.627073,
            0.626046
        ],
        [
            0.687192,
            0.733251,
            0.7677350000000001,
            0.939277,
            0.8912059999999999,
            0.8379399999999999,
            0.879195,
            0.954297,
            0.9656429999999999,
            0.935118,
            0.27069299999999996,
            0.386121,
            0.0,
            0.187921,
            0.169655,
            0.387129,
            0.343434,
            0.39148499999999997,
            0.368675,
            0.36855000000000004,
            0.44007799999999997,
            0.42879799999999996,
            0.34236,
            0.331411,
            0.35362899999999997,
            0.331513,
            0.559937,
            0.585634,
            0.581112,
            0.5681809999999999,
            0.518301,
            0.5023500000000001,
            0.42128,
            0.372849,
            0.305098,
            0.379797,
            0.400892,
            0.5370290000000001,
            0.616117,
            0.615062,
            0.49981300000000006,
            0.5495390000000001,
            0.4547260000000001,
            0.4772160000000001,
            0.4761890000000001
        ],
        [
            0.6750130000000001,
            0.721072,
            0.7555560000000001,
            0.9270980000000001,
            0.879027,
            0.825761,
            0.867016,
            0.942118,
            0.953464,
            0.9229390000000001,
            0.258514,
            0.373942,
            0.187921,
            0.0,
            0.034596,
            0.37495,
            0.33125499999999997,
            0.379306,
            0.35649600000000004,
            0.356371,
            0.427899,
            0.41661899999999996,
            0.330181,
            0.31923199999999996,
            0.34145000000000003,
            0.319334,
            0.547758,
            0.5734549999999999,
            0.568933,
            0.556002,
            0.5061220000000001,
            0.490171,
            0.40910100000000005,
            0.36067,
            0.292919,
            0.367618,
            0.388713,
            0.52485,
            0.6039380000000001,
            0.6028830000000001,
            0.487634,
            0.5373600000000001,
            0.442547,
            0.46503700000000003,
            0.46401000000000003
        ],
        [
            0.656747,
            0.702806,
            0.73729,
            0.9088320000000001,
            0.860761,
            0.8074950000000001,
            0.84875,
            0.923852,
            0.935198,
            0.9046730000000001,
            0.240248,
            0.355676,
            0.169655,
            0.034596,
            0.0,
            0.356684,
            0.312989,
            0.36103999999999997,
            0.33823000000000003,
            0.33810500000000004,
            0.40963299999999997,
            0.39835299999999996,
            0.311915,
            0.300966,
            0.323184,
            0.301068,
            0.529492,
            0.5551889999999999,
            0.550667,
            0.537736,
            0.48785600000000007,
            0.471905,
            0.39083500000000004,
            0.342404,
            0.274653,
            0.349352,
            0.37044699999999997,
            0.506584,
            0.5856720000000001,
            0.584617,
            0.469368,
            0.519094,
            0.424281,
            0.44677100000000003,
            0.44574400000000003
        ],
        [
            0.789045,
            0.8351040000000001,
            0.869588,
            1.04113,
            0.9930589999999999,
            0.939793,
            0.9810479999999999,
            1.05615,
            1.067496,
            1.036971,
            0.396668,
            0.536986,
            0.387129,
            0.37495,
            0.356684,
            0.0,
            0.335091,
            0.383142,
            0.360332,
            0.36020700000000005,
            0.431735,
            0.420455,
            0.334017,
            0.323068,
            0.345286,
            0.32317,
            0.66179,
            0.687487,
            0.682965,
            0.670034,
            0.6201540000000001,
            0.604203,
            0.5231330000000001,
            0.47470199999999996,
            0.40695099999999995,
            0.48165,
            0.502745,
            0.6388820000000001,
            0.71797,
            0.716915,
            0.601666,
            0.6513920000000001,
            0.556579,
            0.5790690000000001,
            0.5780420000000001
        ],
        [
            0.74535,
            0.791409,
            0.825893,
            0.9974350000000001,
            0.949364,
            0.8960980000000001,
            0.937353,
            1.012455,
            1.023801,
            0.993276,
            0.352973,
            0.4932909999999999,
            0.343434,
            0.33125499999999997,
            0.312989,
            0.335091,
            0.0,
            0.17706499999999997,
            0.15425499999999998,
            0.15413,
            0.284636,
            0.273356,
            0.186918,
            0.175969,
            0.198187,
            0.176071,
            0.6180950000000001,
            0.6437919999999999,
            0.63927,
            0.626339,
            0.576459,
            0.560508,
            0.47943800000000003,
            0.43100700000000003,
            0.363256,
            0.437955,
            0.45905,
            0.5951870000000001,
            0.6742750000000001,
            0.67322,
            0.557971,
            0.6076970000000002,
            0.5128840000000001,
            0.535374,
            0.5343470000000001
        ],
        [
            0.793401,
            0.83946,
            0.873944,
            1.045486,
            0.9974149999999999,
            0.9441489999999999,
            0.985404,
            1.060506,
            1.0718519999999998,
            1.041327,
            0.40102399999999994,
            0.541342,
            0.39148499999999997,
            0.379306,
            0.36103999999999997,
            0.383142,
            0.17706499999999997,
            0.0,
            0.11758199999999999,
            0.117457,
            0.33268699999999995,
            0.321407,
            0.23496899999999998,
            0.22402,
            0.24623799999999998,
            0.224122,
            0.6661459999999999,
            0.691843,
            0.687321,
            0.6743899999999999,
            0.62451,
            0.6085590000000001,
            0.527489,
            0.479058,
            0.411307,
            0.48600599999999994,
            0.507101,
            0.643238,
            0.722326,
            0.721271,
            0.6060220000000001,
            0.655748,
            0.560935,
            0.5834250000000001,
            0.582398
        ],
        [
            0.770591,
            0.8166500000000001,
            0.8511340000000001,
            1.0226760000000001,
            0.9746049999999999,
            0.921339,
            0.962594,
            1.037696,
            1.049042,
            1.0185170000000001,
            0.378214,
            0.518532,
            0.368675,
            0.35649600000000004,
            0.33823000000000003,
            0.360332,
            0.15425499999999998,
            0.11758199999999999,
            0.0,
            0.013783,
            0.309877,
            0.298597,
            0.212159,
            0.20121,
            0.22342800000000002,
            0.201312,
            0.643336,
            0.669033,
            0.6645110000000001,
            0.65158,
            0.6017000000000001,
            0.5857490000000001,
            0.5046790000000001,
            0.456248,
            0.388497,
            0.46319600000000005,
            0.484291,
            0.6204280000000001,
            0.699516,
            0.698461,
            0.5832120000000001,
            0.6329380000000001,
            0.5381250000000001,
            0.5606150000000001,
            0.5595880000000001
        ],
        [
            0.7704660000000001,
            0.8165250000000001,
            0.8510090000000001,
            1.022551,
            0.97448,
            0.921214,
            0.962469,
            1.037571,
            1.0489169999999999,
            1.018392,
            0.378089,
            0.518407,
            0.36855000000000004,
            0.356371,
            0.33810500000000004,
            0.36020700000000005,
            0.15413,
            0.117457,
            0.013783,
            0.0,
            0.309752,
            0.298472,
            0.212034,
            0.201085,
            0.22330300000000003,
            0.201187,
            0.643211,
            0.6689080000000001,
            0.664386,
            0.651455,
            0.6015750000000001,
            0.5856240000000001,
            0.5045540000000001,
            0.45612300000000006,
            0.38837200000000005,
            0.463071,
            0.48416600000000004,
            0.620303,
            0.6993910000000001,
            0.6983360000000001,
            0.5830870000000001,
            0.6328130000000001,
            0.538,
            0.5604900000000002,
            0.559463
        ],
        [
            0.8419939999999999,
            0.888053,
            0.9225369999999999,
            1.094079,
            1.046008,
            0.992742,
            1.0339969999999998,
            1.109099,
            1.120445,
            1.08992,
            0.44961699999999993,
            0.5899349999999999,
            0.44007799999999997,
            0.427899,
            0.40963299999999997,
            0.431735,
            0.284636,
            0.33268699999999995,
            0.309877,
            0.309752,
            0.0,
            0.126394,
            0.233292,
            0.222343,
            0.24456100000000003,
            0.222445,
            0.714739,
            0.7404359999999999,
            0.735914,
            0.7229829999999999,
            0.673103,
            0.657152,
            0.576082,
            0.527651,
            0.4599,
            0.5345989999999999,
            0.5556939999999999,
            0.6918310000000001,
            0.770919,
            0.769864,
            0.654615,
            0.7043410000000001,
            0.6095280000000001,
            0.632018,
            0.6309910000000001
        ],
        [
            0.830714,
            0.876773,
            0.911257,
            1.082799,
            1.0347279999999999,
            0.981462,
            1.0227169999999999,
            1.0978189999999999,
            1.109165,
            1.07864,
            0.438337,
            0.5786549999999999,
            0.42879799999999996,
            0.41661899999999996,
            0.39835299999999996,
            0.420455,
            0.273356,
            0.321407,
            0.298597,
            0.298472,
            0.126394,
            0.0,
            0.222012,
            0.211063,
            0.23328100000000002,
            0.211165,
            0.703459,
            0.7291559999999999,
            0.724634,
            0.711703,
            0.661823,
            0.645872,
            0.564802,
            0.5163709999999999,
            0.4486199999999999,
            0.523319,
            0.544414,
            0.680551,
            0.759639,
            0.7585839999999999,
            0.643335,
            0.693061,
            0.598248,
            0.620738,
            0.619711
        ],
        [
            0.7442759999999999,
            0.790335,
            0.824819,
            0.996361,
            0.94829,
            0.895024,
            0.936279,
            1.011381,
            1.022727,
            0.992202,
            0.35189899999999996,
            0.49221699999999996,
            0.34236,
            0.330181,
            0.311915,
            0.334017,
            0.186918,
            0.23496899999999998,
            0.212159,
            0.212034,
            0.233292,
            0.222012,
            0.0,
            0.098739,
            0.12095700000000001,
            0.098841,
            0.617021,
            0.642718,
            0.638196,
            0.625265,
            0.575385,
            0.5594340000000001,
            0.478364,
            0.429933,
            0.362182,
            0.436881,
            0.45797600000000005,
            0.5941130000000001,
            0.673201,
            0.672146,
            0.5568970000000001,
            0.6066230000000001,
            0.5118100000000001,
            0.5343000000000001,
            0.5332730000000001
        ],
        [
            0.7333270000000001,
            0.779386,
            0.8138700000000001,
            0.9854120000000001,
            0.937341,
            0.8840749999999999,
            0.92533,
            1.000432,
            1.011778,
            0.981253,
            0.34095,
            0.4812679999999999,
            0.331411,
            0.31923199999999996,
            0.300966,
            0.323068,
            0.175969,
            0.22402,
            0.20121,
            0.201085,
            0.222343,
            0.211063,
            0.098739,
            0.0,
            0.09701,
            0.074894,
            0.6060719999999999,
            0.631769,
            0.627247,
            0.614316,
            0.564436,
            0.5484850000000001,
            0.467415,
            0.418984,
            0.351233,
            0.425932,
            0.447027,
            0.583164,
            0.6622520000000001,
            0.661197,
            0.5459480000000001,
            0.595674,
            0.500861,
            0.5233510000000001,
            0.522324
        ],
        [
            0.755545,
            0.801604,
            0.836088,
            1.00763,
            0.959559,
            0.906293,
            0.9475480000000001,
            1.02265,
            1.033996,
            1.003471,
            0.363168,
            0.503486,
            0.35362899999999997,
            0.34145000000000003,
            0.323184,
            0.345286,
            0.198187,
            0.24623799999999998,
            0.22342800000000002,
            0.22330300000000003,
            0.24456100000000003,
            0.23328100000000002,
            0.12095700000000001,
            0.09701,
            0.0,
            0.055288000000000004,
            0.62829,
            0.653987,
            0.649465,
            0.6365339999999999,
            0.586654,
            0.5707030000000001,
            0.48963300000000004,
            0.441202,
            0.373451,
            0.44815000000000005,
            0.469245,
            0.6053820000000001,
            0.6844700000000001,
            0.6834150000000001,
            0.5681660000000001,
            0.6178920000000001,
            0.5230790000000001,
            0.5455690000000001,
            0.5445420000000001
        ],
        [
            0.7334290000000001,
            0.7794880000000001,
            0.8139720000000001,
            0.9855140000000001,
            0.937443,
            0.884177,
            0.925432,
            1.000534,
            1.0118800000000001,
            0.9813550000000001,
            0.341052,
            0.48136999999999996,
            0.331513,
            0.319334,
            0.301068,
            0.32317,
            0.176071,
            0.224122,
            0.201312,
            0.201187,
            0.222445,
            0.211165,
            0.098841,
            0.074894,
            0.055288000000000004,
            0.0,
            0.606174,
            0.631871,
            0.627349,
            0.614418,
            0.5645380000000001,
            0.548587,
            0.46751700000000007,
            0.419086,
            0.351335,
            0.426034,
            0.447129,
            0.5832660000000001,
            0.6623540000000001,
            0.6612990000000001,
            0.54605,
            0.5957760000000001,
            0.500963,
            0.5234530000000001,
            0.5224260000000001
        ],
        [
            0.950337,
            0.9963960000000001,
            1.03088,
            1.202422,
            1.1543510000000001,
            1.101085,
            1.14234,
            1.2174420000000001,
            1.228788,
            1.198263,
            0.569476,
            0.7097939999999999,
            0.559937,
            0.547758,
            0.529492,
            0.66179,
            0.6180950000000001,
            0.6661459999999999,
            0.643336,
            0.643211,
            0.714739,
            0.703459,
            0.617021,
            0.6060719999999999,
            0.62829,
            0.606174,
            0.0,
            0.099035,
            0.094513,
            0.081582,
            0.75969,
            0.743739,
            0.662669,
            0.614238,
            0.546487,
            0.621186,
            0.642281,
            0.778418,
            0.8575060000000001,
            0.8564510000000001,
            0.741202,
            0.7909280000000001,
            0.696115,
            0.718605,
            0.717578
        ],
        [
            0.9760339999999998,
            1.022093,
            1.0565769999999999,
            1.228119,
            1.1800479999999998,
            1.126782,
            1.168037,
            1.2431389999999998,
            1.2544849999999999,
            1.22396,
            0.595173,
            0.7354909999999999,
            0.585634,
            0.5734549999999999,
            0.5551889999999999,
            0.687487,
            0.6437919999999999,
            0.691843,
            0.669033,
            0.6689080000000001,
            0.7404359999999999,
            0.7291559999999999,
            0.642718,
            0.631769,
            0.653987,
            0.631871,
            0.099035,
            0.0,
            0.082496,
            0.069565,
            0.7853870000000001,
            0.769436,
            0.688366,
            0.6399349999999999,
            0.5721839999999999,
            0.646883,
            0.667978,
            0.804115,
            0.883203,
            0.8821479999999999,
            0.766899,
            0.816625,
            0.721812,
            0.744302,
            0.743275
        ],
        [
            0.9715119999999999,
            1.017571,
            1.052055,
            1.223597,
            1.175526,
            1.12226,
            1.1635149999999999,
            1.238617,
            1.249963,
            1.219438,
            0.590651,
            0.730969,
            0.581112,
            0.568933,
            0.550667,
            0.682965,
            0.63927,
            0.687321,
            0.6645110000000001,
            0.664386,
            0.735914,
            0.724634,
            0.638196,
            0.627247,
            0.649465,
            0.627349,
            0.094513,
            0.082496,
            0.0,
            0.023023000000000002,
            0.780865,
            0.7649140000000001,
            0.683844,
            0.635413,
            0.567662,
            0.642361,
            0.6634559999999999,
            0.799593,
            0.878681,
            0.877626,
            0.7623770000000001,
            0.812103,
            0.71729,
            0.7397800000000001,
            0.738753
        ],
        [
            0.9585809999999999,
            1.00464,
            1.039124,
            1.210666,
            1.162595,
            1.109329,
            1.1505839999999998,
            1.225686,
            1.237032,
            1.206507,
            0.57772,
            0.718038,
            0.5681809999999999,
            0.556002,
            0.537736,
            0.670034,
            0.626339,
            0.6743899999999999,
            0.65158,
            0.651455,
            0.7229829999999999,
            0.711703,
            0.625265,
            0.614316,
            0.6365339999999999,
            0.614418,
            0.081582,
            0.069565,
            0.023023000000000002,
            0.0,
            0.767934,
            0.7519830000000001,
            0.670913,
            0.622482,
            0.554731,
            0.6294299999999999,
            0.6505249999999999,
            0.786662,
            0.86575,
            0.864695,
            0.7494460000000001,
            0.799172,
            0.704359,
            0.7268490000000001,
            0.725822
        ],
        [
            0.908701,
            0.95476,
            0.989244,
            1.160786,
            1.1127150000000001,
            1.059449,
            1.100704,
            1.1758060000000001,
            1.187152,
            1.156627,
            0.5278400000000001,
            0.668158,
            0.518301,
            0.5061220000000001,
            0.48785600000000007,
            0.6201540000000001,
            0.576459,
            0.62451,
            0.6017000000000001,
            0.6015750000000001,
            0.673103,
            0.661823,
            0.575385,
            0.564436,
            0.586654,
            0.5645380000000001,
            0.75969,
            0.7853870000000001,
            0.780865,
            0.767934,
            0.0,
            0.12137300000000001,
            0.580967,
            0.532536,
            0.464785,
            0.5394840000000001,
            0.5605789999999999,
            0.6967160000000001,
            0.775804,
            0.774749,
            0.6595,
            0.7092260000000001,
            0.6144130000000001,
            0.636903,
            0.6358760000000001
        ],
        [
            0.8927499999999999,
            0.938809,
            0.973293,
            1.144835,
            1.0967639999999999,
            1.043498,
            1.084753,
            1.1598549999999999,
            1.171201,
            1.140676,
            0.511889,
            0.652207,
            0.5023500000000001,
            0.490171,
            0.471905,
            0.604203,
            0.560508,
            0.6085590000000001,
            0.5857490000000001,
            0.5856240000000001,
            0.657152,
            0.645872,
            0.5594340000000001,
            0.5484850000000001,
            0.5707030000000001,
            0.548587,
            0.743739,
            0.769436,
            0.7649140000000001,
            0.7519830000000001,
            0.12137300000000001,
            0.0,
            0.565016,
            0.5165850000000001,
            0.448834,
            0.523533,
            0.544628,
            0.6807650000000001,
            0.7598530000000001,
            0.7587980000000001,
            0.643549,
            0.6932750000000001,
            0.598462,
            0.6209520000000001,
            0.6199250000000001
        ],
        [
            0.81168,
            0.857739,
            0.892223,
            1.063765,
            1.0156939999999999,
            0.9624280000000001,
            1.003683,
            1.0787849999999999,
            1.090131,
            1.059606,
            0.430819,
            0.571137,
            0.42128,
            0.40910100000000005,
            0.39083500000000004,
            0.5231330000000001,
            0.47943800000000003,
            0.527489,
            0.5046790000000001,
            0.5045540000000001,
            0.576082,
            0.564802,
            0.478364,
            0.467415,
            0.48963300000000004,
            0.46751700000000007,
            0.662669,
            0.688366,
            0.683844,
            0.670913,
            0.580967,
            0.565016,
            0.0,
            0.142645,
            0.321222,
            0.395921,
            0.417016,
            0.594211,
            0.673299,
            0.672244,
            0.556995,
            0.6067210000000001,
            0.511908,
            0.534398,
            0.533371
        ],
        [
            0.7632490000000001,
            0.809308,
            0.8437920000000001,
            1.0153340000000002,
            0.967263,
            0.913997,
            0.955252,
            1.030354,
            1.0417,
            1.0111750000000002,
            0.38238799999999995,
            0.5227059999999999,
            0.372849,
            0.36067,
            0.342404,
            0.47470199999999996,
            0.43100700000000003,
            0.479058,
            0.456248,
            0.45612300000000006,
            0.527651,
            0.5163709999999999,
