{
    "NEXUS_FILE_URL": "http://purl.org/phylo/treebase/phylows/study/TB2:S11678",
    "NEWICK_TREE": "(((((21:0.16280141643741566,20:0.17065461217545588):0.12469438288339366,((27:0.14453994940292966,4:0.18071210141420244):0.03974643517821724,26:0.20639657519424887):0.018878717430398075):0.06276454698654153,((19:0.15255922808251574,18:0.13671530811000926):0.031767454861697804,(((((((49:0.05186525600574756,((48:0.01762802796118249,((50:0.014146290032675089,40:0.016203837815902705):0.006458063009884495,46:0.02245450627750948):0.003060524547748438):0.007709945692183087,38:0.0346191469667464):0.013623029634768727):0.023012793834972685,(51:0.05324742087302182,43:0.04978690170222177):0.008615385887695325):0.022295801112354817,((45:0.060095335236955684,(47:0.11106457196905441,(42:0.06566770147214956,24:0.05177882249755042):0.025867225061484367):0.020112444665436175):0.01671656732074025,8:0.067745339226476):0.0029290194972465835):0.013122013881146536,(41:0.10492771547949531,(44:0.0671612372469815,37:0.06306798229356922):0.052682785280913344):0.014647341995020699):0.01094969667200885,(39:0.1030673781611691,(36:0.03889611584895563,35:0.07315684427466665):0.036788420066651166):0.015363718752969522):0.028289711192790466,((6:0.1050762456843644,((16:0.03921503632277491,17:0.041707777097480206):0.02540235485814313,(5:0.17516871157403768,3:0.060191539343430266):0.01703357968351586):0.020790032707754712):0.027689606396894714,((33:0.1529168683745747,((12:0.08928752581985207,((11:0.07834622338697136,30:0.0952379909072421):0.010603585847553606,34:0.08074223325247071):0.013167260345148913):0.050744691576639266,32:0.13172060121386475):0.018161236557012635):0.05054978989848416,((14:0.11711339266866629,((9:0.013160083309966908,7:0.011368023484090634):0.09166596794129041,(31:0.06726669888058902,(23:0.04182153569865186,(22:0.06023383487960159,(29:0.029584191541792464,28:0.03414803062841205):0.011192057093804605):0.00855029999982147):0.015391935514006453):0.040890890356517606):0.006287951034097359):0.006673728020619666,10:0.12784428449526428):0.01659952043865227):0.013981133539605882):0.037365760395084234):0.023750457871564244,(13:0.19960114325362974,25:0.1666919399005163):0.0739420469570737):0.03387201482428623):0.03014296340737995):0.05688757429809232,15:0.1850944933711142):0.45,(1:0.239553414356778,2:0.2417031884204889):0.45);",
    "DISTANCE_MATRIX": [
        [
            0.0,
            0.33345602861287155,
            0.4906609013323543,
            0.5268330533436271,
            0.5127710919454562,
            0.5647299926589444,
            0.5488860726864379,
            0.5875610551096022,
            0.5746568023919889,
            0.5806936520211144,
            0.5827511998043421,
            0.5825438052560644,
            0.5839379757053698,
            0.5745458120295991,
            0.571085292858799,
            0.5701281262114697,
            0.6412098076090045,
            0.6216801621735841,
            0.6077912831989849,
            0.5610615628802498,
            0.5968402477498966,
            0.6117565547982962,
            0.6076632998448839,
            0.5847465905175104,
            0.557363748271948,
            0.591624476697659,
            0.6081573948869246,
            0.588488573091233,
            0.5909813138659383,
            0.7160734731678685,
            0.6010963009372611,
            0.6928393346183302,
            0.6981159201972595,
            0.7109454639570814,
            0.727837231477352,
            0.7027378879750271,
            0.689804304014633,
            0.6297593174732097,
            0.623759927089898,
            0.6219678672640218,
            0.6270914650757473,
            0.6170382374078166,
            0.6440008365885878,
            0.6245432503445834,
            0.629107089431203,
            0.633816481279188,
            0.6878185147497204,
            0.654909311396607,
            0.5922424139765574,
            1.5467013349622212,
            1.5488511090259323
        ],
        [
            0.33345602861287155,
            0.0,
            0.4985140970703945,
            0.5346862490816673,
            0.5206242876834964,
            0.5725831883969845,
            0.5567392684244781,
            0.5954142508476424,
            0.5825099981300291,
            0.5885468477591547,
            0.5906043955423823,
            0.5903970009941046,
            0.59179117144341,
            0.5823990077676393,
            0.5789384885968393,
            0.5779813219495099,
            0.6490630033470448,
            0.6295333579116242,
            0.6156444789370251,
            0.5689147586182899,
            0.6046934434879369,
            0.6196097505363364,
            0.6155164955829241,
            0.5925997862555505,
            0.5652169440099883,
            0.5994776724356994,
            0.6160105906249649,
            0.5963417688292733,
            0.5988345096039785,
            0.7239266689059087,
            0.6089494966753013,
            0.7006925303563705,
            0.7059691159352998,
            0.7187986596951216,
            0.7356904272153922,
            0.7105910837130673,
            0.6976574997526732,
            0.6376125132112498,
            0.6316131228279382,
            0.629821063002062,
            0.6349446608137875,
            0.6248914331458568,
            0.651854032326628,
            0.6323964460826235,
            0.6369602851692431,
            0.6416696770172281,
            0.6956717104877607,
            0.6627625071346472,
            0.6000956097145976,
            1.5545545307002615,
            1.5567043047639724
        ],
        [
            0.4906609013323543,
            0.4985140970703945,
            0.0,
            0.3252520508171321,
            0.3906829597753958,
            0.48039929534968,
            0.4645553753771735,
            0.5032303578003379,
            0.49032610508272456,
            0.4963629547118501,
            0.49842050249507774,
            0.49821310794680007,
            0.4996072783961054,
            0.49021511472033474,
            0.4867545955495347,
            0.48579742890220534,
            0.5568791102997401,
            0.5373494648643198,
            0.5234605858897206,
            0.4767308655709854,
            0.5125095504406323,
            0.5274258574890318,
            0.5233326025356195,
            0.5004158932082461,
            0.4730330509626837,
            0.5072937793883947,
            0.5238266975776602,
            0.5041578757819687,
            0.506650616556674,
            0.6317427758586042,
            0.5167656036279967,
            0.6085086373090659,
            0.6137852228879952,
            0.626614766647817,
            0.6435065341680877,
            0.6184071906657628,
            0.6054736067053686,
            0.5454286201639453,
            0.5394292297806337,
            0.5376371699547574,
            0.542760767766483,
            0.5327075400985523,
            0.5596701392793234,
            0.540212553035319,
            0.5447763921219386,
            0.5494857839699236,
            0.6034878174404561,
            0.5705786140873427,
            0.5079117166672931,
            1.4623706376529568,
            1.4645204117166677
        ],
        [
            0.5268330533436271,
            0.5346862490816673,
            0.3252520508171321,
            0.0,
            0.4268551117866686,
            0.5165714473609528,
            0.5007275273884463,
            0.5394025098116106,
            0.5264982570939973,
            0.5325351067231229,
            0.5345926545063505,
            0.5343852599580728,
            0.5357794304073782,
            0.5263872667316075,
            0.5229267475608075,
            0.5219695809134781,
            0.5930512623110129,
            0.5735216168755926,
            0.5596327379009933,
            0.5129030175822582,
            0.5486817024519051,
            0.5635980095003046,
            0.5595047545468923,
            0.5365880452195189,
            0.5092052029739564,
            0.5434659313996675,
            0.559998849588933,
            0.5403300277932415,
            0.5428227685679468,
            0.6679149278698769,
            0.5529377556392695,
            0.6446807893203387,
            0.649957374899268,
            0.6627869186590898,
            0.6796786861793604,
            0.6545793426770355,
            0.6416457587166414,
            0.5816007721752181,
            0.5756013817919065,
            0.5738093219660302,
            0.5789329197777557,
            0.568879692109825,
            0.5958422912905962,
            0.5763847050465918,
            0.5809485441332114,
            0.5856579359811964,
            0.6396599694517289,
            0.6067507660986154,
            0.5440838686785658,
            1.4985427896642296,
            1.5006925637279407
        ],
        [
            0.5127710919454562,
            0.5206242876834964,
            0.3906829597753958,
            0.4268551117866686,
            0.0,
            0.5025094859627819,
            0.48666556599027544,
            0.5253405484134398,
            0.5124362956958265,
            0.518473145324952,
            0.5205306931081797,
            0.520323298559902,
            0.5217174690092073,
            0.5123253053334367,
            0.5088647861626366,
            0.5079076195153073,
            0.5789893009128422,
            0.5594596554774216,
            0.5455707765028225,
            0.4988410561840873,
            0.5346197410537342,
            0.5495360481021337,
            0.5454427931487215,
            0.5225260838213479,
            0.49514324157578565,
            0.5294039700014967,
            0.5459368881907622,
            0.5262680663950706,
            0.5287608071697759,
            0.6538529664717061,
            0.5388757942410987,
            0.6306188279221678,
            0.6358954135010971,
            0.6487249572609189,
            0.6656167247811896,
            0.6405173812788647,
            0.6275837973184706,
            0.5675388107770472,
            0.5615394203937356,
            0.5597473605678593,
            0.5648709583795849,
            0.5548177307116542,
            0.5817803298924253,
            0.5623227436484208,
            0.5668865827350404,
            0.5715959745830255,
            0.625598008053558,
            0.5926888047004446,
            0.530021907280395,
            1.4844808282660589,
            1.4866306023297697
        ],
        [
            0.5647299926589444,
            0.5725831883969845,
            0.48039929534968,
            0.5165714473609528,
            0.5025094859627819,
            0.0,
            0.28927453619252497,
            0.3914844283390849,
            0.3785801756214716,
            0.38461702525059716,
            0.3866745730338248,
            0.3864671784855471,
            0.38786134893485247,
            0.3784691852590818,
            0.37500866608828176,
            0.3740514994409524,
            0.4451331808384873,
            0.4256035354030668,
            0.4117146564284676,
            0.3649849361097324,
            0.40076362097937934,
            0.41567992802777887,
            0.4115866730743666,
            0.3886699637469931,
            0.3612871215014308,
            0.3955478499271418,
            0.41208076811640737,
            0.39241194632071574,
            0.39490468709542104,
            0.5199968463973512,
            0.4050196741667438,
            0.49676270784781296,
            0.5020392934267423,
            0.5148688371865641,
            0.5317606047068347,
            0.5066612612045098,
            0.4937276772441157,
            0.4336826907026924,
            0.42768330031938073,
            0.42589124049350446,
            0.43101483830523,
            0.4209616106372993,
            0.44792420981807046,
            0.42846662357406606,
            0.4330304626606856,
            0.4377398545086707,
            0.49174188797920315,
            0.4588326846260897,
            0.4564517140208,
            1.4109106350064637,
            1.4130604090701748
        ],
        [
            0.5488860726864379,
            0.5567392684244781,
            0.4645553753771735,
            0.5007275273884463,
            0.48666556599027544,
            0.28927453619252497,
            0.0,
            0.3756405083665785,
            0.36273625564896517,
            0.3687731052780907,
            0.37083065306131835,
            0.3706232585130406,
            0.372017428962346,
            0.36262526528657535,
            0.3591647461157753,
            0.3582075794684459,
            0.4292892608659808,
            0.4097596154305603,
            0.39587073645596116,
            0.3491410161372259,
            0.3849197010068729,
            0.3998360080552724,
            0.39574275310186013,
            0.3728260437744866,
            0.34544320152892427,
            0.3797039299546353,
            0.39623684814390087,
            0.37656802634820924,
            0.37906076712291453,
            0.5041529264248448,
            0.38917575419423733,
            0.4809187878753065,
            0.4861953734542358,
            0.4990249172140576,
            0.5159166847343283,
            0.4908173412320034,
            0.47788375727160926,
            0.4178387707301859,
            0.4118393803468743,
            0.410047320520998,
            0.41517091833272357,
            0.40511769066479286,
            0.432080289845564,
            0.41262270360155956,
            0.4171865426881791,
            0.4218959345361642,
            0.4758979680066967,
            0.4429887646535833,
            0.44060779404829353,
            1.3950667150339573,
            1.3972164890976684
        ],
        [
            0.5875610551096022,
            0.5954142508476424,
            0.5032303578003379,
            0.5394025098116106,
            0.5253405484134398,
            0.3914844283390849,
            0.3756405083665785,
            0.0,
            0.09082625929388186,
            0.0968631089230074,
            0.09892065670623501,
            0.09871326215795728,
            0.10010743260726268,
            0.1367408566014374,
            0.13328033743063733,
            0.17691477300801758,
            0.24799645440555249,
            0.228466808970132,
            0.21457792999553285,
            0.16784820967679764,
            0.22987092230873762,
            0.24478722935713715,
            0.24069397440372486,
            0.23967665842036906,
            0.21229381617480675,
            0.2465545446005178,
            0.31966688517536423,
            0.2999980633796726,
            0.3024908041543779,
            0.4275829634563081,
            0.3126057912257007,
            0.40434882490676993,
            0.4096254104856991,
            0.42245495424552093,
            0.4393467217657917,
            0.4142473782634667,
            0.40131379430307257,
            0.34126880776164925,
            0.33526941737833765,
            0.3334773575524614,
            0.338600955364187,
            0.3285477276962563,
            0.35551032687702744,
            0.33605274063302293,
            0.34061657971964254,
            0.34532597156762757,
            0.4468289207812886,
            0.4139197174281752,
            0.4792827764714579,
            1.4337416974571218,
            1.4358914715208326
        ],
        [
            0.5746568023919889,
            0.5825099981300291,
            0.49032610508272456,
            0.5264982570939973,
            0.5124362956958265,
            0.3785801756214716,
            0.36273625564896517,
            0.09082625929388186,
            0.0,
            0.04129290555149051,
            0.043350453334718125,
            0.04314305878644041,
            0.05995712062011198,
            0.12383660388382413,
            0.12037608471302408,
            0.1640105202904043,
            0.2350922016879392,
            0.21556255625251874,
            0.20167367727791957,
            0.1549439569591844,
            0.21696666959112434,
            0.2318829766395239,
            0.2277897216861116,
            0.2267724057027558,
            0.1993895634571935,
            0.23365029188290454,
            0.306762632457751,
            0.28709381066205936,
            0.28958655143676465,
            0.41467871073869483,
            0.29970153850808745,
            0.3914445721891566,
            0.39672115776808586,
            0.4095507015279077,
            0.4264424690481784,
            0.40134312554585344,
            0.3884095415854593,
            0.328364555044036,
            0.3223651646607244,
            0.32057310483484813,
            0.3256967026465737,
            0.315643474978643,
            0.34260607415941413,
            0.3231484879154097,
            0.32771232700202924,
            0.3324217188500143,
            0.43392466806367536,
            0.40101546471056193,
            0.4663785237538446,
            1.4208374447395085,
            1.4229872188032193
        ],
        [
            0.5806936520211144,
            0.5885468477591547,
            0.4963629547118501,
            0.5325351067231229,
            0.518473145324952,
            0.38461702525059716,
            0.3687731052780907,
            0.0968631089230074,
            0.04129290555149051,
            0.0,
            0.030350127848577796,
            0.04305885932006906,
            0.0659939702492375,
            0.12987345351294965,
            0.12641293434214962,
            0.17004736991952984,
            0.24112905131706475,
            0.22159940588164426,
            0.2077105269070451,
            0.16098080658830993,
            0.22300351922024986,
            0.2379198262686494,
            0.23382657131523713,
            0.23280925533188132,
            0.20542641308631904,
            0.23968714151203005,
            0.3127994820868765,
            0.2931306602911849,
            0.2956234010658902,
            0.4207155603678204,
            0.305738388137213,
            0.39748142181828217,
            0.4027580073972114,
            0.4155875511570332,
            0.43247931867730394,
            0.407379975174979,
            0.39444639121458486,
            0.33440140467316154,
            0.32840201428984994,
            0.3266099544639737,
            0.33173355227569923,
            0.3216803246077685,
            0.34864292378853967,
            0.3291853375445352,
            0.3337491766311548,
            0.33845856847913985,
            0.4399615176928009,
            0.40705231433968747,
            0.4724153733829701,
            1.4268742943686339,
            1.4290240684323448
        ],
        [
            0.5827511998043421,
            0.5906043955423823,
            0.49842050249507774,
            0.5345926545063505,
            0.5205306931081797,
            0.3866745730338248,
            0.37083065306131835,
            0.09892065670623501,
            0.043350453334718125,
            0.030350127848577796,
            0.0,
            0.04511640710329668,
            0.06805151803246512,
            0.13193100129617727,
            0.12847048212537723,
            0.17210491770275746,
            0.24318659910029236,
            0.22365695366487187,
            0.20976807469027273,
            0.16303835437153752,
            0.2250610670034775,
            0.23997737405187702,
            0.23588411909846474,
            0.23486680311510894,
            0.20748396086954662,
            0.24174468929525766,
            0.3148570298701041,
            0.2951882080744125,
            0.2976809488491178,
            0.42277310815104796,
            0.3077959359204406,
            0.3995389696015098,
            0.404815555180439,
            0.4176450989402608,
            0.4345368664605316,
            0.40943752295820657,
            0.39650393899781244,
            0.3364589524563891,
            0.33045956207307753,
            0.32866750224720126,
            0.33379110005892687,
            0.32373787239099616,
            0.3507004715717673,
            0.3312428853277628,
            0.3358067244143824,
            0.34051611626236744,
            0.4420190654760285,
            0.40910986212291506,
            0.47447292116619777,
            1.4289318421518615,
            1.4310816162155726
        ],
        [
            0.5825438052560644,
            0.5903970009941046,
            0.49821310794680007,
            0.5343852599580728,
            0.520323298559902,
            0.3864671784855471,
            0.3706232585130406,
            0.09871326215795728,
            0.04314305878644041,
            0.04305885932006906,
            0.04511640710329668,
            0.0,
            0.0678441234841874,
            0.13172360674789957,
            0.1282630875770995,
            0.17189752315447976,
            0.24297920455201466,
            0.22344955911659417,
            0.20956068014199503,
            0.16283095982325985,
            0.22485367245519977,
            0.23976997950359932,
            0.23567672455018704,
            0.23465940856683123,
            0.20727656632126895,
            0.24153729474697996,
            0.31464963532182644,
            0.2949808135261348,
            0.2974735543008401,
            0.4225657136027703,
            0.30758854137216285,
            0.3993315750532321,
            0.4046081606321613,
            0.41743770439198313,
            0.43432947191225385,
            0.4092301284099289,
            0.39629654444953477,
            0.33625155790811145,
            0.3302521675247998,
            0.32846010769892353,
            0.33358370551064914,
            0.32353047784271843,
            0.35049307702348964,
            0.33103549077948513,
            0.33559932986610475,
            0.34030872171408977,
            0.44181167092775075,
            0.40890246757463733,
            0.47426552661792,
            1.4287244476035839,
            1.4308742216672947
        ],
        [
            0.5839379757053698,
            0.59179117144341,
            0.4996072783961054,
            0.5357794304073782,
            0.5217174690092073,
            0.38786134893485247,
            0.372017428962346,
            0.10010743260726268,
            0.05995712062011198,
            0.0659939702492375,
            0.06805151803246512,
            0.0678441234841874,
            0.0,
            0.13311777719720497,
            0.1296572580264049,
            0.17329169360378516,
            0.24437337500132006,
            0.22484372956589957,
            0.21095485059130042,
            0.16422513027256525,
            0.22624784290450517,
            0.24116414995290472,
            0.23707089499949244,
            0.23605357901613663,
            0.20867073677057435,
            0.24293146519628536,
            0.31604380577113184,
            0.2963749839754402,
            0.2988677247501455,
            0.4239598840520757,
            0.3089827118214683,
            0.4007257455025375,
            0.4060023310814667,
            0.41883187484128853,
            0.43572364236155925,
            0.4106242988592343,
            0.39769071489884017,
            0.33764572835741685,
            0.33164633797410525,
            0.329854278148229,
            0.33497787595995454,
            0.32492464829202383,
            0.351887247472795,
            0.33242966122879053,
            0.3369935003154101,
            0.34170289216339517,
            0.4432058413770562,
            0.4102966380239428,
            0.47565969706722544,
            1.430118618052889,
            1.4322683921166002
        ],
        [
            0.5745458120295991,
            0.5823990077676393,
            0.49021511472033474,
            0.5263872667316075,
            0.5123253053334367,
            0.3784691852590818,
            0.36262526528657535,
            0.1367408566014374,
            0.12383660388382413,
            0.12987345351294965,
            0.13193100129617727,
            0.13172360674789957,
            0.13311777719720497,
            0.0,
            0.10303432257524359,
            0.1638995299280145,
            0.2349812113255494,
            0.21545156589012887,
            0.20156268691552975,
            0.15483296659679455,
            0.2168556792287345,
            0.23177198627713402,
            0.22767873132372174,
            0.22666141534036593,
            0.19927857309480365,
            0.23353930152051466,
            0.3066516420953611,
            0.2869828202996695,
            0.2894755610743748,
            0.41456772037630496,
            0.2995905481456976,
            0.3913335818267668,
            0.396610167405696,
            0.4094397111655178,
            0.4263314786857886,
            0.40123213518346357,
            0.38829855122306944,
            0.3282535646816461,
            0.32225417429833453,
            0.32046211447245826,
            0.32558571228418387,
            0.31553248461625316,
            0.3424950837970243,
            0.3230374975530198,
            0.3276013366396394,
            0.33231072848762444,
            0.4338136777012855,
            0.40090447434817206,
            0.46626753339145477,
            1.4207264543771185,
            1.4228762284408294
        ],
        [
            0.571085292858799,
            0.5789384885968393,
            0.4867545955495347,
            0.5229267475608075,
            0.5088647861626366,
            0.37500866608828176,
            0.3591647461157753,
            0.13328033743063733,
            0.12037608471302408,
            0.12641293434214962,
            0.12847048212537723,
            0.1282630875770995,
            0.1296572580264049,
            0.10303432257524359,
            0.0,
            0.16043901075721442,
            0.23152069215474932,
            0.21199104671932884,
            0.1981021677447297,
            0.15137244742599448,
            0.21339516005793446,
            0.228311467106334,
            0.2242182121529217,
            0.2232008961695659,
            0.1958180539240036,
            0.23007878234971463,
            0.3031911229245611,
            0.28352230112886945,
            0.28601504190357474,
            0.4111072012055049,
            0.29613002897489754,
            0.38787306265596677,
            0.39314964823489595,
            0.40597919199471777,
            0.42287095951498854,
            0.39777161601266353,
            0.3848380320522694,
            0.3247930455108461,
            0.3187936551275345,
            0.3170015953016582,
            0.32212519311338383,
            0.3120719654454531,
            0.3390345646262243,
            0.31957697838221977,
            0.3241408174688394,
            0.3288502093168244,
            0.43035315853048545,
            0.397443955177372,
            0.46280701422065473,
            1.4172659352063186,
            1.4194157092700295
        ],
        [
            0.5701281262114697,
            0.5779813219495099,
            0.48579742890220534,
            0.5219695809134781,
            0.5079076195153073,
            0.3740514994409524,
            0.3582075794684459,
            0.17691477300801758,
            0.1640105202904043,
            0.17004736991952984,
            0.17210491770275746,
            0.17189752315447976,
            0.17329169360378516,
            0.1638995299280145,
            0.16043901075721442,
            0.0,
            0.19127235187144626,
            0.1717427064360258,
            0.15785382746142665,
            0.14455724178417195,
            0.21243799341060504,
            0.2273543004590046,
            0.2232610455055923,
            0.2222437295222365,
            0.19486088727667422,
            0.22912161570238523,
            0.3022339562772317,
            0.2825651344815401,
            0.2850578752562454,
            0.41015003455817556,
            0.2951728623275681,
            0.38691589600863735,
            0.3921924815875666,
            0.4050220253473884,
            0.4219137928676591,
            0.39681444936533417,
            0.38388086540494004,
            0.3238358788635167,
            0.31783648848020507,
            0.3160444286543288,
            0.3211680264660544,
            0.3111147987981237,
            0.3380773979788949,
            0.3186198117348904,
            0.32318365082151,
            0.32789304266949504,
            0.429395991883156,
            0.3964867885300426,
            0.46184984757332526,
            1.4163087685589892,
            1.4184585426227
        ],
        [
            0.6412098076090045,
            0.6490630033470448,
            0.5568791102997401,
            0.5930512623110129,
            0.5789893009128422,
            0.4451331808384873,
            0.4292892608659808,
            0.24799645440555249,
            0.2350922016879392,
            0.24112905131706475,
            0.24318659910029236,
            0.24297920455201466,
            0.24437337500132006,
            0.2349812113255494,
            0.23152069215474932,
            0.19127235187144626,
            0.0,
            0.20259949850268832,
            0.1887106195280892,
            0.21563892318170685,
            0.28351967480813994,
            0.2984359818565395,
            0.29434272690312724,
            0.2933254109197714,
            0.2659425686742091,
            0.3002032970999201,
            0.3733156376747666,
            0.353646815879075,
            0.3561395566537803,
            0.48123171595571046,
            0.366254543725103,
            0.45799757740617225,
            0.4632741629851015,
            0.4761037067449233,
            0.492995474265194,
            0.46789613076286907,
            0.45496254680247494,
            0.3949175602610516,
            0.38891816987773997,
            0.3871261100518637,
            0.3922497078635893,
            0.3821964801956586,
            0.4091590793764298,
            0.3897014931324253,
            0.3942653322190449,
            0.39897472406702994,
            0.5004776732806909,
            0.4675684699275775,
            0.5329315289708602,
            1.487390449956524,
            1.489540224020235
        ],
        [
            0.6216801621735841,
            0.6295333579116242,
            0.5373494648643198,
            0.5735216168755926,
            0.5594596554774216,
            0.4256035354030668,
            0.4097596154305603,
            0.228466808970132,
            0.21556255625251874,
            0.22159940588164426,
            0.22365695366487187,
            0.22344955911659417,
            0.22484372956589957,
            0.21545156589012887,
            0.21199104671932884,
            0.1717427064360258,
            0.20259949850268832,
            0.0,
            0.11744652396969998,
            0.19610927774628634,
            0.2639900293727195,
            0.278906336421119,
            0.2748130814677067,
            0.2737957654843509,
            0.2464129232387886,
            0.28067365166449965,
            0.35378599223934615,
            0.3341171704436545,
            0.3366099112183598,
            0.46170207052029,
            0.34672489828968256,
            0.43846793197075173,
            0.44374451754968103,
            0.45657406130950284,
            0.4734658288297735,
            0.4483664853274486,
            0.4354329013670545,
            0.37538791482563116,
            0.3693885244423195,
            0.36759646461644324,
            0.3727200624281688,
            0.3626668347602381,
            0.3896294339410093,
            0.37017184769700484,
            0.3747356867836244,
            0.3794450786316095,
            0.48094802784527046,
            0.44803882449215704,
            0.5134018835354397,
            1.4678608045211035,
            1.4700105785848145
        ],
        [
            0.6077912831989849,
            0.6156444789370251,
            0.5234605858897206,
            0.5596327379009933,
            0.5455707765028225,
            0.4117146564284676,
            0.39587073645596116,
            0.21457792999553285,
            0.20167367727791957,
            0.2077105269070451,
            0.20976807469027273,
            0.20956068014199503,
            0.21095485059130042,
            0.20156268691552975,
            0.1981021677447297,
            0.15785382746142665,
            0.1887106195280892,
            0.11744652396969998,
            0.0,
            0.18222039877168722,
            0.2501011503981203,
            0.26501745744651983,
            0.26092420249310755,
            0.2599068865097518,
            0.2325240442641895,
            0.26678477268990053,
            0.339897113264747,
            0.32022829146905535,
            0.32272103224376064,
            0.4478131915456908,
            0.33283601931508344,
            0.4245790529961526,
            0.42985563857508186,
            0.44268518233490367,
            0.4595769498551744,
            0.43447760635284943,
            0.4215440223924553,
            0.361499035851032,
            0.3554996454677204,
            0.3537075856418441,
            0.3588311834535697,
            0.34877795578563897,
            0.3757405549664101,
            0.35628296872240567,
            0.3608468078090252,
            0.3655561996570103,
            0.46705914887067135,
            0.4341499455175579,
            0.4995130045608406,
            1.4539719255465045,
            1.4561216996102153
        ],
        [
            0.5610615628802498,
            0.5689147586182899,
            0.4767308655709854,
            0.5129030175822582,
            0.4988410561840873,
            0.3649849361097324,
            0.3491410161372259,
            0.16784820967679764,
            0.1549439569591844,
            0.16098080658830993,
            0.16303835437153752,
            0.16283095982325985,
            0.16422513027256525,
            0.15483296659679455,
            0.15137244742599448,
            0.14455724178417195,
            0.21563892318170685,
            0.19610927774628634,
            0.18222039877168722,
            0.0,
            0.20337143007938513,
            0.21828773712778465,
            0.21419448217437237,
            0.21317716619101656,
            0.18579432394545428,
            0.2200550523711653,
            0.2931673929460118,
            0.27349857115032017,
            0.27599131192502546,
            0.40108347122695565,
            0.2861062989963482,
            0.3778493326774174,
            0.3831259182563467,
            0.3959554620161685,
            0.41284722953643915,
            0.38774788603411425,
            0.37481430207372013,
            0.3147693155322968,
            0.30876992514898516,
            0.3069778653231089,
            0.31210146313483444,
            0.30204823546690374,
            0.32901083464767494,
            0.3095532484036705,
            0.31411708749029005,
            0.3188264793382751,
            0.4203294285519361,
            0.3874202251988227,
            0.45278328424210534,
            1.407242205227769,
            1.4093919792914802
        ],
        [
            0.5968402477498966,
            0.6046934434879369,
            0.5125095504406323,
            0.5486817024519051,
            0.5346197410537342,
            0.40076362097937934,
            0.3849197010068729,
            0.22987092230873762,
            0.21696666959112434,
            0.22300351922024986,
            0.2250610670034775,
            0.22485367245519977,
            0.22624784290450517,
            0.2168556792287345,
            0.21339516005793446,
            0.21243799341060504,
            0.28351967480813994,
            0.2639900293727195,
            0.2501011503981203,
            0.20337143007938513,
            0.0,
            0.22477173800739014,
            0.22067848305397786,
            0.24895585106066348,
            0.22157300881510117,
            0.2558337372408122,
            0.32894607781565866,
            0.30927725601996703,
            0.3117699967946723,
            0.4368621560966025,
            0.3218849838659951,
            0.41362801754706435,
            0.41890460312599354,
            0.43173414688581535,
            0.4486259144060861,
            0.4235265709037611,
            0.410592986943367,
            0.35054800040194367,
            0.3445486100186321,
            0.3427565501927558,
            0.3478801480044814,
            0.3378269203365507,
            0.36478951951732186,
            0.34533193327331735,
            0.34989577235993696,
            0.354605164207922,
            0.45610811342158303,
            0.4231989100684696,
            0.4885619691117523,
            1.443020890097416,
            1.445170664161127
        ],
        [
            0.6117565547982962,
            0.6196097505363364,
            0.5274258574890318,
            0.5635980095003046,
            0.5495360481021337,
            0.41567992802777887,
            0.3998360080552724,
            0.24478722935713715,
            0.2318829766395239,
            0.2379198262686494,
            0.23997737405187702,
            0.23976997950359932,
            0.24116414995290472,
            0.23177198627713402,
            0.228311467106334,
            0.2273543004590046,
            0.2984359818565395,
            0.278906336421119,
            0.26501745744651983,
            0.21828773712778465,
            0.22477173800739014,
            0.0,
            0.13022921954055072,
            0.263872158109063,
            0.2364893158635007,
            0.27075004428921173,
            0.3438623848640582,
            0.32419356306836655,
            0.32668630384307185,
            0.45177846314500203,
            0.33680129091439465,
            0.4285443245954639,
            0.43382091017439306,
            0.4466504539342149,
            0.46354222145448565,
            0.43844287795216064,
            0.4255092939917665,
            0.3654643074503432,
            0.3594649170670316,
            0.35767285724115533,
            0.36279645505288094,
            0.35274322738495023,
            0.3797058265657214,
            0.3602482403217169,
            0.3648120794083365,
            0.3695214712563215,
            0.47102442046998255,
            0.4381152171168691,
            0.5034782761601518,
            1.4579371971458155,
            1.4600869712095266
        ],
        [
            0.6076632998448839,
            0.6155164955829241,
            0.5233326025356195,
            0.5595047545468923,
            0.5454427931487215,
            0.4115866730743666,
            0.39574275310186013,
            0.24069397440372486,
            0.2277897216861116,
            0.23382657131523713,
            0.23588411909846474,
            0.23567672455018704,
            0.23707089499949244,
            0.22767873132372174,
            0.2242182121529217,
            0.2232610455055923,
            0.29434272690312724,
            0.2748130814677067,
            0.26092420249310755,
            0.21419448217437237,
            0.22067848305397786,
            0.13022921954055072,
            0.0,
            0.2597789031556507,
            0.2323960609100884,
            0.26665678933579945,
            0.3397691299106459,
            0.32010030811495427,
            0.32259304888965956,
            0.44768520819158975,
            0.33270803596098236,
            0.4244510696420516,
            0.4297276552209808,
            0.4425571989808026,
            0.45944896650107336,
            0.43434962299874835,
            0.42141603903835423,
            0.3613710524969309,
            0.3553716621136193,
