{
    "NEXUS_FILE_URL": "http://purl.org/phylo/treebase/phylows/study/TB2:S11236",
    "NEWICK_TREE": "(((53:0.010791,54:0.002533):0.095255,(57:0.028212,(58:0.005158,(55:0.019413,56:0.007117):0.0):0.061888):0.03028):0.006362,(1:0.087929,(23:0.020322,(40:0.009243,41:0.007525,44:0.005745,52:0.005414,(42:0.007353,43:0.009005):0.001149,(48:6.32E-4,49:0.0,50:0.0,51:0.003195,(46:0.0,47:0.0):0.001267):0.004109,(39:0.004503,(5:6.17E-4,(2:0.004474,3:0.001289,4:0.001289,6:0.001925,7:0.001255):0.0):0.006071):0.003175,((8:0.017157,20:0.004253):0.0,(18:0.005101,(19:0.0,21:0.004262,(17:0.007916,22:0.002817):0.0):0.0):0.001724):0.014273,(9:0.002501,10:0.001229,11:0.003796,12:6.74E-4,14:0.002585,(15:0.002503,16:0.005195,45:0.009179):0.0):0.007076,(13:0.005787,24:6.32E-4,26:0.001909,27:0.0,28:0.0,29:6.33E-4,30:6.34E-4,31:0.0,32:6.33E-4,33:0.0,35:0.0,36:0.001267,37:6.32E-4,38:0.0,(25:6.32E-4,34:0.0):0.0):0.006354):0.0):0.05113):0.006362);",
    "DISTANCE_MATRIX": [
        [
            0,
            0.013324,
            0.16453800000000002,
            0.203372,
            0.21762700000000001,
            0.20533099999999999,
            0.206699,
            0.190222,
            0.179143,
            0.177425,
            0.175645,
            0.17531400000000003,
            0.178402,
            0.18005400000000002,
            0.17464100000000002,
            0.17400900000000002,
            0.17400900000000002,
            0.177204,
            0.17527600000000002,
            0.17527600000000002,
            0.177578,
            0.179763,
            0.18362,
            0.180435,
            0.180435,
            0.181071,
            0.180401,
            0.20133,
            0.188426,
            0.190998,
            0.185897,
            0.19015900000000002,
            0.193813,
            0.18871400000000002,
            0.179477,
            0.178205,
            0.18077200000000002,
            0.17765,
            0.179561,
            0.179479,
            0.182171,
            0.18615500000000001,
            0.182041,
            0.17688600000000002,
            0.17816300000000002,
            0.17625400000000002,
            0.17625400000000002,
            0.17688700000000002,
            0.17688800000000002,
            0.17625400000000002,
            0.17688700000000002,
            0.17625400000000002,
            0.17625400000000002,
            0.177521,
            0.17688600000000002,
            0.17625400000000002,
            0.17688600000000002,
            0.17625400000000002
        ],
        [
            0.013324,
            0,
            0.15628,
            0.195114,
            0.209369,
            0.197073,
            0.19844099999999998,
            0.181964,
            0.170885,
            0.16916699999999998,
            0.167387,
            0.16705599999999998,
            0.170144,
            0.171796,
            0.166383,
            0.16575099999999998,
            0.16575099999999998,
            0.16894599999999999,
            0.167018,
            0.167018,
            0.16932,
            0.171505,
            0.175362,
            0.172177,
            0.172177,
            0.172813,
            0.172143,
            0.193072,
            0.180168,
            0.18273999999999999,
            0.177639,
            0.181901,
            0.185555,
            0.180456,
            0.171219,
            0.169947,
            0.172514,
            0.169392,
            0.17130299999999998,
            0.17122099999999998,
            0.17391299999999998,
            0.177897,
            0.173783,
            0.168628,
            0.169905,
            0.16799599999999998,
            0.16799599999999998,
            0.168629,
            0.16863,
            0.16799599999999998,
            0.168629,
            0.16799599999999998,
            0.16799599999999998,
            0.169263,
            0.168628,
            0.16799599999999998,
            0.168628,
            0.16799599999999998
        ],
        [
            0.16453800000000002,
            0.15628,
            0,
            0.095258,
            0.109513,
            0.097217,
            0.15914499999999998,
            0.142668,
            0.131589,
            0.129871,
            0.128091,
            0.12775999999999998,
            0.130848,
            0.1325,
            0.127087,
            0.12645499999999998,
            0.12645499999999998,
            0.12965,
            0.127722,
            0.127722,
            0.130024,
            0.132209,
            0.136066,
            0.132881,
            0.132881,
            0.133517,
            0.132847,
            0.153776,
            0.140872,
            0.143444,
            0.138343,
            0.142605,
            0.146259,
            0.14116,
            0.131923,
            0.130651,
            0.133218,
            0.130096,
            0.13200699999999999,
            0.131925,
            0.134617,
            0.138601,
            0.134487,
            0.129332,
            0.130609,
            0.12869999999999998,
            0.12869999999999998,
            0.129333,
            0.129334,
            0.12869999999999998,
            0.129333,
            0.12869999999999998,
            0.12869999999999998,
            0.129967,
            0.129332,
            0.12869999999999998,
            0.129332,
            0.12869999999999998
        ],
        [
            0.203372,
            0.195114,
            0.095258,
            0,
            0.024571,
            0.012275000000000001,
            0.197979,
            0.181502,
            0.170423,
            0.168705,
            0.166925,
            0.16659400000000002,
            0.169682,
            0.17133400000000001,
            0.165921,
            0.16528900000000002,
            0.16528900000000002,
            0.168484,
            0.166556,
            0.166556,
            0.168858,
            0.171043,
            0.1749,
            0.171715,
            0.171715,
            0.172351,
            0.171681,
            0.19261,
            0.179706,
            0.182278,
            0.177177,
            0.18143900000000002,
            0.185093,
            0.17999400000000002,
            0.170757,
            0.169485,
            0.172052,
            0.16893,
            0.170841,
            0.170759,
            0.173451,
            0.177435,
            0.173321,
            0.168166,
            0.169443,
            0.16753400000000002,
            0.16753400000000002,
            0.168167,
            0.168168,
            0.16753400000000002,
            0.168167,
            0.16753400000000002,
            0.16753400000000002,
            0.168801,
            0.168166,
            0.16753400000000002,
            0.168166,
            0.16753400000000002
        ],
        [
            0.21762700000000001,
            0.209369,
            0.109513,
            0.024571,
            0,
            0.026529999999999998,
            0.21223399999999998,
            0.195757,
            0.184678,
            0.18295999999999998,
            0.18118,
            0.18084899999999998,
            0.183937,
            0.185589,
            0.180176,
            0.17954399999999998,
            0.17954399999999998,
            0.18273899999999998,
            0.180811,
            0.180811,
            0.183113,
            0.185298,
            0.189155,
            0.18597,
            0.18597,
            0.186606,
            0.185936,
            0.206865,
            0.193961,
            0.19653299999999999,
            0.191432,
            0.195694,
            0.199348,
            0.194249,
            0.185012,
            0.18374,
            0.186307,
            0.183185,
            0.18509599999999998,
            0.18501399999999998,
            0.18770599999999998,
            0.19169,
            0.187576,
            0.182421,
            0.183698,
            0.18178899999999998,
            0.18178899999999998,
            0.182422,
            0.182423,
            0.18178899999999998,
            0.182422,
            0.18178899999999998,
            0.18178899999999998,
            0.183056,
            0.182421,
            0.18178899999999998,
            0.182421,
            0.18178899999999998
        ],
        [
            0.20533099999999999,
            0.197073,
            0.097217,
            0.012275000000000001,
            0.026529999999999998,
            0,
            0.19993799999999998,
            0.18346099999999999,
            0.17238199999999998,
            0.17066399999999998,
            0.16888399999999998,
            0.168553,
            0.171641,
            0.173293,
            0.16788,
            0.167248,
            0.167248,
            0.17044299999999998,
            0.168515,
            0.168515,
            0.170817,
            0.173002,
            0.176859,
            0.173674,
            0.173674,
            0.17431,
            0.17364,
            0.194569,
            0.181665,
            0.18423699999999998,
            0.179136,
            0.183398,
            0.187052,
            0.181953,
            0.17271599999999998,
            0.17144399999999999,
            0.174011,
            0.17088899999999999,
            0.17279999999999998,
            0.17271799999999998,
            0.17540999999999998,
            0.179394,
            0.17528,
            0.170125,
            0.171402,
            0.169493,
            0.169493,
            0.170126,
            0.170127,
            0.169493,
            0.170126,
            0.169493,
            0.169493,
            0.17076,
            0.170125,
            0.169493,
            0.170125,
            0.169493
        ],
        [
            0.206699,
            0.19844099999999998,
            0.15914499999999998,
            0.197979,
            0.21223399999999998,
            0.19993799999999998,
            0,
            0.159381,
            0.148302,
            0.146584,
            0.144804,
            0.144473,
            0.147561,
            0.14921299999999998,
            0.14379999999999998,
            0.143168,
            0.143168,
            0.146363,
            0.14443499999999998,
            0.14443499999999998,
            0.146737,
            0.148922,
            0.152779,
            0.149594,
            0.149594,
            0.15023,
            0.14956,
            0.170489,
            0.15758499999999998,
            0.160157,
            0.155056,
            0.15931800000000002,
            0.162972,
            0.15787299999999999,
            0.148636,
            0.147364,
            0.14993099999999998,
            0.146809,
            0.14872,
            0.148638,
            0.15133,
            0.155314,
            0.1512,
            0.14604499999999998,
            0.147322,
            0.145413,
            0.145413,
            0.146046,
            0.14604699999999998,
            0.145413,
            0.146046,
            0.145413,
            0.145413,
            0.14668,
            0.14604499999999998,
            0.145413,
            0.14604499999999998,
            0.145413
        ],
        [
            0.190222,
            0.181964,
            0.142668,
            0.181502,
            0.195757,
            0.18346099999999999,
            0.159381,
            0,
            0.029565,
            0.027847,
            0.026067,
            0.025736000000000002,
            0.028824000000000002,
            0.030476000000000003,
            0.025063,
            0.024431,
            0.024431,
            0.027625999999999998,
            0.025698,
            0.025698,
            0.028,
            0.030185,
            0.034042,
            0.030857,
            0.030857,
            0.031493,
            0.030823,
            0.051752,
            0.038848,
            0.04142,
            0.036319000000000004,
            0.040581,
            0.044235,
            0.039136,
            0.029899000000000002,
            0.028627,
            0.031194,
            0.028072,
            0.029983,
            0.029901,
            0.032593,
            0.036577,
            0.032463,
            0.027308,
            0.028585,
            0.026676,
            0.026676,
            0.027309,
            0.02731,
            0.026676,
            0.027309,
            0.026676,
            0.026676,
            0.027943,
            0.027308,
            0.026676,
            0.027308,
            0.026676
        ],
        [
            0.179143,
            0.170885,
            0.131589,
            0.170423,
            0.184678,
            0.17238199999999998,
            0.148302,
            0.029565,
            0,
            0.016767999999999998,
            0.014988,
            0.014657,
            0.017745,
            0.019397,
            0.013984,
            0.013352,
            0.013352,
            0.016547,
            0.014619,
            0.014619,
            0.016921,
            0.019105999999999998,
            0.022962999999999997,
            0.019777999999999997,
            0.019777999999999997,
            0.020414,
            0.019743999999999998,
            0.040673,
            0.027769000000000002,
            0.030341,
            0.02524,
            0.029502,
            0.033156,
            0.028057,
            0.01882,
            0.017548,
            0.020115,
            0.016993,
            0.018903999999999997,
            0.018822,
            0.021514,
            0.025498,
            0.021384,
            0.016229,
            0.017506,
            0.015597,
            0.015597,
            0.01623,
            0.016231,
            0.015597,
            0.01623,
            0.015597,
            0.015597,
            0.016864,
            0.016229,
            0.015597,
            0.016229,
            0.015597
        ],
        [
            0.177425,
            0.16916699999999998,
            0.129871,
            0.168705,
            0.18295999999999998,
            0.17066399999999998,
            0.146584,
            0.027847,
            0.016767999999999998,
            0,
            0.01327,
            0.012938999999999999,
            0.016027,
            0.017679,
            0.012265999999999999,
            0.011633999999999999,
            0.011633999999999999,
            0.014828999999999998,
            0.012901,
            0.012901,
            0.015203,
            0.017388,
            0.021245,
            0.01806,
            0.01806,
            0.018696,
            0.018026,
            0.038955,
            0.026051,
            0.028623,
            0.023522,
            0.027784,
            0.031437999999999994,
            0.026338999999999998,
            0.017102,
            0.01583,
            0.018397,
            0.015275,
            0.017186,
            0.017104,
            0.019796,
            0.02378,
            0.019666,
            0.014511,
            0.015788,
            0.013878999999999999,
            0.013878999999999999,
            0.014512,
            0.014513,
            0.013878999999999999,
            0.014512,
            0.013878999999999999,
            0.013878999999999999,
            0.015146,
            0.014511,
            0.013878999999999999,
            0.014511,
            0.013878999999999999
        ],
        [
            0.175645,
            0.167387,
            0.128091,
            0.166925,
            0.18118,
            0.16888399999999998,
            0.144804,
            0.026067,
            0.014988,
            0.01327,
            0,
            0.011159,
            0.014247000000000001,
            0.015899000000000003,
            0.010485999999999999,
            0.009854,
            0.009854,
            0.013049,
            0.011120999999999999,
            0.011120999999999999,
            0.013423000000000001,
            0.015608,
            0.019465,
            0.01628,
            0.01628,
            0.016916,
            0.016246,
            0.037175,
            0.024271,
            0.026843,
            0.021742,
            0.026004,
            0.029657999999999997,
            0.024558999999999997,
            0.015322,
            0.01405,
            0.016617,
            0.013495,
            0.015406,
            0.015324,
            0.018016,
            0.022,
            0.017886,
            0.012731,
            0.014008,
            0.012099,
            0.012099,
            0.012732,
            0.012733000000000001,
            0.012099,
            0.012732,
            0.012099,
            0.012099,
            0.013366,
            0.012731,
            0.012099,
            0.012731,
            0.012099
        ],
        [
            0.17531400000000003,
            0.16705599999999998,
            0.12775999999999998,
            0.16659400000000002,
            0.18084899999999998,
            0.168553,
            0.144473,
            0.025736000000000002,
            0.014657,
            0.012938999999999999,
            0.011159,
            0,
            0.013916000000000001,
            0.015568000000000002,
            0.010155,
            0.009523,
            0.009523,
            0.012718,
            0.010790000000000001,
            0.010790000000000001,
            0.013092,
            0.015277,
            0.019133999999999998,
            0.015948999999999998,
            0.015948999999999998,
            0.016585000000000003,
            0.015915,
            0.036844,
            0.023940000000000003,
            0.026512,
            0.021411,
            0.025673,
            0.029327,
            0.024228,
            0.014991,
            0.013719,
            0.016286000000000002,
            0.013164,
            0.015075,
            0.014993000000000001,
            0.017685,
            0.021669,
            0.017555,
            0.012400000000000001,
            0.013677,
            0.011768,
            0.011768,
            0.012401,
            0.012402,
            0.011768,
            0.012401,
            0.011768,
            0.011768,
            0.013035000000000001,
            0.012400000000000001,
            0.011768,
            0.012400000000000001,
            0.011768
        ],
        [
            0.178402,
            0.170144,
            0.130848,
            0.169682,
            0.183937,
            0.171641,
            0.147561,
            0.028824000000000002,
            0.017745,
            0.016027,
            0.014247000000000001,
            0.013916000000000001,
            0,
            0.016358,
            0.013243000000000001,
            0.012611,
            0.012611,
            0.015806,
            0.013878000000000001,
            0.013878000000000001,
            0.01618,
            0.018365,
            0.022222,
            0.019037,
            0.019037,
            0.019673000000000003,
            0.019003,
            0.039932,
            0.027028000000000003,
            0.0296,
            0.024499,
            0.028761000000000002,
            0.032415,
            0.027316,
            0.018079,
            0.016807000000000002,
            0.019374000000000002,
            0.016252000000000003,
            0.018163,
            0.018081,
            0.020773,
            0.024757,
            0.020643,
            0.015488000000000002,
            0.016765000000000002,
            0.014856000000000001,
            0.014856000000000001,
            0.015489000000000001,
            0.01549,
            0.014856000000000001,
            0.015489000000000001,
            0.014856000000000001,
            0.014856000000000001,
            0.016123000000000002,
            0.015488000000000002,
            0.014856000000000001,
            0.015488000000000002,
            0.014856000000000001
        ],
        [
            0.18005400000000002,
            0.171796,
            0.1325,
            0.17133400000000001,
            0.185589,
            0.173293,
            0.14921299999999998,
            0.030476000000000003,
            0.019397,
            0.017679,
            0.015899000000000003,
            0.015568000000000002,
            0.016358,
            0,
            0.014895000000000002,
            0.014263000000000001,
            0.014263000000000001,
            0.017458,
            0.015530000000000002,
            0.015530000000000002,
            0.017832,
            0.020017,
            0.023874,
            0.020689,
            0.020689,
            0.021325000000000004,
            0.020655,
            0.041584,
            0.028680000000000004,
            0.031252,
            0.026151,
            0.030413000000000003,
            0.034067,
            0.028968,
            0.019731000000000002,
            0.018459000000000003,
            0.021026000000000003,
            0.017904000000000003,
            0.019815,
            0.019733,
            0.022425,
            0.026409000000000002,
            0.022295000000000002,
            0.017140000000000002,
            0.018417000000000003,
            0.016508000000000002,
            0.016508000000000002,
            0.017141000000000003,
            0.017142,
            0.016508000000000002,
            0.017141000000000003,
            0.016508000000000002,
            0.016508000000000002,
            0.017775000000000003,
            0.017140000000000002,
            0.016508000000000002,
            0.017140000000000002,
            0.016508000000000002
        ],
        [
            0.17464100000000002,
            0.166383,
            0.127087,
            0.165921,
            0.180176,
            0.16788,
            0.14379999999999998,
            0.025063,
            0.013984,
            0.012265999999999999,
            0.010485999999999999,
            0.010155,
            0.013243000000000001,
            0.014895000000000002,
            0,
            0.000632,
            0.000632,
            0.0038269999999999997,
            0.0018989999999999999,
            0.0018989999999999999,
            0.012419,
            0.014603999999999999,
            0.018460999999999998,
            0.015275999999999998,
            0.015275999999999998,
            0.015912,
            0.015241999999999999,
            0.036171,
            0.023267,
            0.025838999999999997,
            0.020738,
            0.024999999999999998,
            0.028653999999999995,
            0.023554999999999996,
            0.014318,
            0.013045999999999999,
            0.015612999999999998,
            0.012490999999999999,
            0.014401999999999998,
            0.01432,
            0.017012,
            0.020995999999999997,
            0.016881999999999998,
            0.011727,
            0.013003999999999998,
            0.011095,
            0.011095,
            0.011727999999999999,
            0.011729,
            0.011095,
            0.011727999999999999,
            0.011095,
            0.011095,
            0.012362,
            0.011727,
            0.011095,
            0.011727,
            0.011095
        ],
        [
            0.17400900000000002,
            0.16575099999999998,
            0.12645499999999998,
            0.16528900000000002,
            0.17954399999999998,
            0.167248,
            0.143168,
            0.024431,
            0.013352,
            0.011633999999999999,
            0.009854,
            0.009523,
            0.012611,
            0.014263000000000001,
            0.000632,
            0,
            0.0,
            0.003195,
            0.001267,
            0.001267,
            0.011786999999999999,
            0.013972,
            0.017828999999999998,
            0.014643999999999999,
            0.014643999999999999,
            0.01528,
            0.01461,
            0.035539,
            0.022635000000000002,
            0.025207,
            0.020106,
            0.024368,
            0.028022,
            0.022923,
            0.013686,
            0.012414,
            0.014981,
            0.011859,
            0.01377,
            0.013688,
            0.01638,
            0.020364,
            0.01625,
            0.011095,
            0.012372,
            0.010463,
            0.010463,
            0.011096,
            0.011097,
            0.010463,
            0.011096,
            0.010463,
            0.010463,
            0.01173,
            0.011095,
            0.010463,
            0.011095,
            0.010463
        ],
        [
            0.17400900000000002,
            0.16575099999999998,
            0.12645499999999998,
            0.16528900000000002,
            0.17954399999999998,
            0.167248,
            0.143168,
            0.024431,
            0.013352,
            0.011633999999999999,
            0.009854,
            0.009523,
            0.012611,
            0.014263000000000001,
            0.000632,
            0.0,
            0,
            0.003195,
            0.001267,
            0.001267,
            0.011786999999999999,
            0.013972,
            0.017828999999999998,
            0.014643999999999999,
            0.014643999999999999,
            0.01528,
            0.01461,
            0.035539,
            0.022635000000000002,
            0.025207,
            0.020106,
            0.024368,
            0.028022,
            0.022923,
            0.013686,
            0.012414,
            0.014981,
            0.011859,
            0.01377,
            0.013688,
            0.01638,
            0.020364,
            0.01625,
            0.011095,
            0.012372,
            0.010463,
            0.010463,
            0.011096,
            0.011097,
            0.010463,
            0.011096,
            0.010463,
            0.010463,
            0.01173,
            0.011095,
            0.010463,
            0.011095,
            0.010463
        ],
        [
            0.177204,
            0.16894599999999999,
            0.12965,
            0.168484,
            0.18273899999999998,
            0.17044299999999998,
            0.146363,
            0.027625999999999998,
            0.016547,
            0.014828999999999998,
            0.013049,
            0.012718,
            0.015806,
            0.017458,
            0.0038269999999999997,
            0.003195,
            0.003195,
            0,
            0.004462,
            0.004462,
            0.014981999999999999,
            0.017167,
            0.021024,
            0.017839,
            0.017839,
            0.018475,
            0.017805,
            0.038734,
            0.02583,
            0.028401999999999997,
            0.023301000000000002,
            0.027562999999999997,
            0.031216999999999995,
            0.026117999999999995,
            0.016881,
            0.015609,
            0.018175999999999998,
            0.015054,
            0.016965,
            0.016883000000000002,
            0.019575000000000002,
            0.023558999999999997,
            0.019444999999999997,
            0.01429,
            0.015567,
            0.013658,
            0.013658,
            0.014291,
            0.014292,
            0.013658,
            0.014291,
            0.013658,
            0.013658,
            0.014925,
            0.01429,
            0.013658,
            0.01429,
            0.013658
        ],
        [
            0.17527600000000002,
            0.167018,
            0.127722,
            0.166556,
            0.180811,
            0.168515,
            0.14443499999999998,
            0.025698,
            0.014619,
            0.012901,
            0.011120999999999999,
            0.010790000000000001,
            0.013878000000000001,
            0.015530000000000002,
            0.0018989999999999999,
            0.001267,
            0.001267,
            0.004462,
            0,
            0.0,
            0.013054,
            0.015238999999999999,
            0.019096,
            0.015910999999999998,
            0.015910999999999998,
            0.016547,
            0.015877,
            0.036806,
            0.023902,
            0.026473999999999998,
            0.021373,
            0.025634999999999998,
            0.029288999999999996,
            0.024189999999999996,
            0.014953000000000001,
            0.013680999999999999,
            0.016248,
            0.013125999999999999,
            0.015036999999999998,
            0.014955,
            0.017647,
            0.021630999999999997,
            0.017516999999999998,
            0.012362,
            0.013638999999999998,
            0.01173,
            0.01173,
            0.012362999999999999,
            0.012364,
            0.01173,
            0.012362999999999999,
            0.01173,
            0.01173,
            0.012997,
            0.012362,
            0.01173,
            0.012362,
            0.01173
        ],
        [
            0.17527600000000002,
            0.167018,
            0.127722,
            0.166556,
            0.180811,
            0.168515,
            0.14443499999999998,
            0.025698,
            0.014619,
            0.012901,
            0.011120999999999999,
            0.010790000000000001,
            0.013878000000000001,
            0.015530000000000002,
            0.0018989999999999999,
            0.001267,
            0.001267,
            0.004462,
            0.0,
            0,
            0.013054,
            0.015238999999999999,
            0.019096,
            0.015910999999999998,
            0.015910999999999998,
            0.016547,
            0.015877,
            0.036806,
            0.023902,
            0.026473999999999998,
            0.021373,
            0.025634999999999998,
            0.029288999999999996,
            0.024189999999999996,
            0.014953000000000001,
            0.013680999999999999,
            0.016248,
            0.013125999999999999,
            0.015036999999999998,
            0.014955,
            0.017647,
            0.021630999999999997,
            0.017516999999999998,
            0.012362,
            0.013638999999999998,
            0.01173,
            0.01173,
            0.012362999999999999,
            0.012364,
            0.01173,
            0.012362999999999999,
            0.01173,
            0.01173,
            0.012997,
            0.012362,
            0.01173,
            0.012362,
            0.01173
        ],
        [
            0.177578,
            0.16932,
            0.130024,
            0.168858,
            0.183113,
            0.170817,
            0.146737,
            0.028,
            0.016921,
            0.015203,
            0.013423000000000001,
            0.013092,
            0.01618,
            0.017832,
            0.012419,
            0.011786999999999999,
            0.011786999999999999,
            0.014981999999999999,
            0.013054,
            0.013054,
            0,
            0.011191,
            0.015047999999999999,
            0.011863,
            0.011863,
            0.012499,
            0.011829,
            0.039108,
            0.026204,
            0.028776,
            0.023675,
            0.027937,
            0.031590999999999994,
            0.026491999999999998,
            0.017255,
            0.015983,
            0.01855,
            0.015428,
            0.017339,
            0.017257,
            0.019949,
            0.023933,
            0.019819,
            0.014664,
            0.015941,
            0.014032,
            0.014032,
            0.014665000000000001,
            0.014666,
            0.014032,
            0.014665000000000001,
            0.014032,
            0.014032,
            0.015299,
            0.014664,
            0.014032,
            0.014664,
            0.014032
        ],
        [
            0.179763,
            0.171505,
            0.132209,
            0.171043,
            0.185298,
            0.173002,
            0.148922,
            0.030185,
            0.019105999999999998,
            0.017388,
            0.015608,
            0.015277,
            0.018365,
            0.020017,
            0.014603999999999999,
            0.013972,
            0.013972,
            0.017167,
            0.015238999999999999,
            0.015238999999999999,
            0.011191,
            0,
            0.005091,
            0.0019060000000000001,
            0.0019060000000000001,
            0.002542,
            0.001872,
            0.041292999999999996,
            0.028389,
            0.030961,
            0.02586,
            0.030122,
            0.033776,
            0.028676999999999998,
            0.01944,
            0.018168,
            0.020735,
            0.017613,
            0.019524,
            0.019442,
            0.022134,
            0.026118,
            0.022004,
            0.016849,
            0.018126,
            0.016217000000000002,
            0.016217000000000002,
            0.01685,
            0.016851,
            0.016217000000000002,
            0.01685,
            0.016217000000000002,
            0.016217000000000002,
            0.017484,
            0.016849,
            0.016217000000000002,
            0.016849,
            0.016217000000000002
        ],
        [
            0.18362,
            0.175362,
            0.136066,
            0.1749,
            0.189155,
            0.176859,
            0.152779,
            0.034042,
            0.022962999999999997,
            0.021245,
            0.019465,
            0.019133999999999998,
            0.022222,
            0.023874,
            0.018460999999999998,
            0.017828999999999998,
            0.017828999999999998,
            0.021024,
            0.019096,
            0.019096,
            0.015047999999999999,
            0.005091,
            0,
            0.005763,
            0.005763,
            0.006399,
            0.005729,
            0.045149999999999996,
            0.032246,
            0.034818,
            0.029717,
            0.033978999999999995,
            0.037633,
            0.032533999999999993,
            0.023297,
            0.022025,
            0.024592,
            0.02147,
            0.023381,
            0.023299,
            0.025991,
            0.029974999999999998,
            0.025861,
            0.020706,
            0.021983,
            0.020074,
            0.020074,
            0.020707,
            0.020708,
            0.020074,
            0.020707,
            0.020074,
            0.020074,
            0.021341,
            0.020706,
            0.020074,
            0.020706,
            0.020074
        ],
        [
            0.180435,
            0.172177,
            0.132881,
            0.171715,
            0.18597,
            0.173674,
            0.149594,
            0.030857,
            0.019777999999999997,
            0.01806,
            0.01628,
            0.015948999999999998,
            0.019037,
            0.020689,
            0.015275999999999998,
            0.014643999999999999,
            0.014643999999999999,
            0.017839,
            0.015910999999999998,
            0.015910999999999998,
            0.011863,
            0.0019060000000000001,
            0.005763,
            0,
            0.002578,
            0.003214,
            0.0025440000000000003,
            0.041965,
            0.029061,
            0.031632999999999994,
            0.026532,
            0.030794,
            0.03444799999999999,
            0.029348999999999997,
            0.020111999999999998,
            0.01884,
            0.021407,
            0.018285,
            0.020196,
            0.020114,
            0.022806,
            0.026789999999999998,
            0.022675999999999998,
            0.017521,
            0.018798,
            0.016889,
            0.016889,
            0.017522,
            0.017523,
            0.016889,
            0.017522,
            0.016889,
            0.016889,
            0.018156,
            0.017521,
            0.016889,
            0.017521,
            0.016889
        ],
        [
            0.180435,
            0.172177,
            0.132881,
            0.171715,
            0.18597,
            0.173674,
            0.149594,
            0.030857,
            0.019777999999999997,
            0.01806,
            0.01628,
            0.015948999999999998,
            0.019037,
            0.020689,
            0.015275999999999998,
            0.014643999999999999,
            0.014643999999999999,
            0.017839,
            0.015910999999999998,
            0.015910999999999998,
            0.011863,
            0.0019060000000000001,
            0.005763,
            0.002578,
            0,
            0.003214,
            0.0025440000000000003,
            0.041965,
            0.029061,
            0.031632999999999994,
            0.026532,
            0.030794,
            0.03444799999999999,
            0.029348999999999997,
            0.020111999999999998,
            0.01884,
            0.021407,
            0.018285,
            0.020196,
            0.020114,
            0.022806,
            0.026789999999999998,
            0.022675999999999998,
            0.017521,
            0.018798,
            0.016889,
            0.016889,
            0.017522,
            0.017523,
            0.016889,
            0.017522,
            0.016889,
            0.016889,
            0.018156,
            0.017521,
            0.016889,
            0.017521,
            0.016889
        ],
        [
            0.181071,
            0.172813,
            0.133517,
            0.172351,
            0.186606,
            0.17431,
            0.15023,
            0.031493,
            0.020414,
            0.018696,
            0.016916,
            0.016585000000000003,
            0.019673000000000003,
            0.021325000000000004,
            0.015912,
            0.01528,
            0.01528,
            0.018475,
            0.016547,
            0.016547,
            0.012499,
            0.002542,
            0.006399,
            0.003214,
            0.003214,
            0,
            0.00318,
            0.042601,
            0.029697,
            0.032269,
            0.027168,
            0.03143,
            0.035084,
            0.029984999999999998,
            0.020748000000000003,
            0.019476,
            0.022043,
            0.018921,
            0.020832,
            0.02075,
            0.023442,
            0.027426,
            0.023312,
            0.018157,
            0.019434,
            0.017525,
            0.017525,
            0.018158,
            0.018159,
            0.017525,
            0.018158,
            0.017525,
            0.017525,
            0.018792,
            0.018157,
            0.017525,
            0.018157,
            0.017525
        ],
        [
            0.180401,
            0.172143,
            0.132847,
            0.171681,
            0.185936,
            0.17364,
            0.14956,
            0.030823,
            0.019743999999999998,
            0.018026,
            0.016246,
            0.015915,
            0.019003,
            0.020655,
            0.015241999999999999,
            0.01461,
            0.01461,
            0.017805,
            0.015877,
            0.015877,
            0.011829,
            0.001872,
            0.005729,
            0.0025440000000000003,
            0.0025440000000000003,
