{
    "NEXUS_FILE_URL": "http://purl.org/phylo/treebase/phylows/study/TB2:S11410",
    "NEWICK_TREE": "(((((((((((1:0.004843999999999987,(2:0.0016629999999999978,3:0.004029000000000005):0.0027459999999999984):0.002367000000000008,4:0.0038600000000000023):0.016796000000000005,((14:0.009930000000000022,22:0.003140000000000004):0.017398999999999998,(23:0.008894000000000013,24:0.003045999999999993):0.004517999999999994):0.020121):0.01519100000000001,(20:0.051928,(25:0.03373899999999999,26:0.056741000000000014):0.007299):0.0044460000000000055):0.010353000000000001,21:0.029514000000000012):0.099049,((((5:0.009649999999999992,6:0.011819999999999997):0.040385000000000004,(8:0.011164000000000007,(9:0.011674999999999991,10:0.005591000000000013):0.005691000000000002):0.046802999999999984):0.006335000000000007,7:0.040156):0.01261799999999999,(11:0.014687000000000006,12:0.011769000000000002):0.06386799999999998):0.062976):0.018854999999999983,((29:0.005479000000000012,30:0.007775000000000004):0.08077000000000001,(((((13:0.0017479999999999996,15:0.005342999999999987):0.007605000000000001,16:0.019387000000000015):0.02771499999999999,17:0.009868999999999989):0.007036999999999988,(18:0.014693000000000012,19:0.01957500000000001):0.008145999999999987):0.06644800000000001,((44:0.051563,(46:0.0042149999999999965,45:0.003358):0.070794):0.014416000000000012,((38:0.078456,36:0.047303999999999985):0.01913999999999999,37:0.09442399999999998):0.008955000000000019):0.012108999999999981):0.018923999999999996):0.013701999999999992):0.011200000000000015,((27:0.043214,28:0.05025399999999999):0.07889500000000002,(((31:0.030466999999999994,(32:0.018227999999999994,34:0.028081999999999996):0.007257999999999987):0.04818700000000001,(33:0.03664200000000001,35:0.024518999999999985):0.039486999999999994):0.028561000000000003,((39:0.05523,41:0.03326299999999999):0.04686400000000002,40:0.081403):0.05005499999999999):0.028045000000000014):0.010613999999999985):0.021008,(42:0.07282899999999998,43:0.112784):0.030042000000000013):0.031281,((47:0.10963700000000001,49:0.066686):0.02962199999999998,48:0.10349999999999998):0.02701300000000001):0.0806155,50:0.0806155);",
    "DISTANCE_MATRIX": [
        [
            0.0,
            0.009252999999999983,
            0.01161899999999999,
            0.011070999999999998,
            0.07145700000000002,
            0.064667,
            0.05754000000000001,
            0.05169199999999999,
            0.09557200000000002,
            0.08468200000000001,
            0.10768400000000003,
            0.07906500000000002,
            0.28056400000000004,
            0.28273400000000004,
            0.288496,
            0.294698,
            0.28861400000000004,
            0.26435,
            0.29013100000000003,
            0.287213,
            0.26740600000000003,
            0.269702,
            0.31063399999999997,
            0.314229,
            0.32066799999999995,
            0.283435,
            0.28936799999999996,
            0.29425,
            0.278169,
            0.30161499999999997,
            0.30075799999999997,
            0.31874099999999994,
            0.287589,
            0.315569,
            0.31137800000000004,
            0.318418,
            0.324529,
            0.319548,
            0.329402,
            0.322004,
            0.30988099999999996,
            0.369463,
            0.347496,
            0.34877199999999997,
            0.30253399999999997,
            0.34248900000000004,
            0.397216,
            0.354265,
            0.36145700000000003,
            0.392175
        ],
        [
            0.009252999999999983,
            0.0,
            0.005692000000000003,
            0.010636000000000007,
            0.07102200000000003,
            0.06423200000000001,
            0.05710500000000002,
            0.051257,
            0.09513700000000003,
            0.08424700000000002,
            0.10724900000000004,
            0.07863000000000003,
            0.280129,
            0.282299,
            0.288061,
            0.294263,
            0.288179,
            0.263915,
            0.289696,
            0.286778,
            0.266971,
            0.26926700000000003,
            0.310199,
            0.31379399999999996,
            0.320233,
            0.283,
            0.288933,
            0.293815,
            0.277734,
            0.30118,
            0.300323,
            0.318306,
            0.28715399999999996,
            0.31513399999999997,
            0.310943,
            0.317983,
            0.324094,
            0.319113,
            0.328967,
            0.321569,
            0.309446,
            0.369028,
            0.347061,
            0.348337,
            0.302099,
            0.342054,
            0.39678100000000005,
            0.35383,
            0.361022,
            0.39174000000000003
        ],
        [
            0.01161899999999999,
            0.005692000000000003,
            0.0,
            0.013002000000000014,
            0.07338800000000004,
            0.06659800000000002,
            0.059471000000000024,
            0.053623000000000004,
            0.09750300000000003,
            0.08661300000000002,
            0.10961500000000005,
            0.08099600000000004,
            0.28249500000000005,
            0.28466500000000006,
            0.290427,
            0.29662900000000003,
            0.29054500000000005,
            0.266281,
            0.29206200000000004,
            0.289144,
            0.26933700000000005,
            0.271633,
            0.312565,
            0.31616,
            0.32259899999999997,
            0.285366,
            0.291299,
            0.296181,
            0.2801,
            0.303546,
            0.302689,
            0.32067199999999996,
            0.28952,
            0.3175,
            0.31330900000000006,
            0.320349,
            0.32646000000000003,
            0.321479,
            0.331333,
            0.32393500000000003,
            0.311812,
            0.371394,
            0.34942700000000004,
            0.350703,
            0.304465,
            0.34442000000000006,
            0.39914700000000003,
            0.356196,
            0.36338800000000004,
            0.394106
        ],
        [
            0.011070999999999998,
            0.010636000000000007,
            0.013002000000000014,
            0.0,
            0.06810600000000003,
            0.06131600000000001,
            0.054189000000000015,
            0.048340999999999995,
            0.09222100000000003,
            0.08133100000000001,
            0.10433300000000004,
            0.07571400000000003,
            0.27721300000000004,
            0.27938300000000005,
            0.285145,
            0.291347,
            0.28526300000000004,
            0.260999,
            0.28678000000000003,
            0.283862,
            0.26405500000000004,
            0.266351,
            0.307283,
            0.310878,
            0.31731699999999996,
            0.280084,
            0.28601699999999997,
            0.290899,
            0.274818,
            0.298264,
            0.297407,
            0.31538999999999995,
            0.284238,
            0.312218,
            0.30802700000000005,
            0.315067,
            0.321178,
            0.316197,
            0.326051,
            0.318653,
            0.30652999999999997,
            0.366112,
            0.34414500000000003,
            0.345421,
            0.299183,
            0.33913800000000005,
            0.393865,
            0.350914,
            0.35810600000000004,
            0.388824
        ],
        [
            0.07145700000000002,
            0.07102200000000003,
            0.07338800000000004,
            0.06810600000000003,
            0.0,
            0.013070000000000026,
            0.04074100000000003,
            0.03489300000000001,
            0.11901500000000004,
            0.10812500000000003,
            0.13112700000000005,
            0.10250800000000004,
            0.304007,
            0.30617700000000003,
            0.311939,
            0.318141,
            0.31205700000000003,
            0.287793,
            0.313574,
            0.31065600000000004,
            0.290849,
            0.293145,
            0.33407699999999996,
            0.33767199999999997,
            0.344111,
            0.306878,
            0.312811,
            0.317693,
            0.301612,
            0.32505799999999996,
            0.32420099999999996,
            0.342184,
            0.311032,
            0.339012,
            0.33482100000000004,
            0.341861,
            0.34797200000000006,
            0.34299100000000005,
            0.352845,
            0.34544700000000006,
            0.333324,
            0.39290600000000003,
            0.370939,
            0.372215,
            0.325977,
            0.36593200000000004,
            0.420659,
            0.37770800000000004,
            0.3849,
            0.41561800000000004
        ],
        [
            0.064667,
            0.06423200000000001,
            0.06659800000000002,
            0.06131600000000001,
            0.013070000000000026,
            0.0,
            0.03395100000000001,
            0.02810299999999999,
            0.11222500000000002,
            0.10133500000000001,
            0.12433700000000003,
            0.09571800000000003,
            0.297217,
            0.299387,
            0.305149,
            0.311351,
            0.305267,
            0.281003,
            0.306784,
            0.30386599999999997,
            0.284059,
            0.286355,
            0.327287,
            0.33088199999999995,
            0.337321,
            0.30008799999999997,
            0.306021,
            0.310903,
            0.294822,
            0.318268,
            0.317411,
            0.33539399999999997,
            0.30424199999999996,
            0.33222199999999996,
            0.328031,
            0.335071,
            0.341182,
            0.33620099999999997,
            0.346055,
            0.338657,
            0.326534,
            0.386116,
            0.364149,
            0.365425,
            0.319187,
            0.359142,
            0.41386900000000004,
            0.37091799999999997,
            0.37811,
            0.408828
        ],
        [
            0.05754000000000001,
            0.05710500000000002,
            0.059471000000000024,
            0.054189000000000015,
            0.04074100000000003,
            0.03395100000000001,
            0.0,
            0.011940000000000006,
            0.10509800000000002,
            0.09420800000000001,
            0.11721000000000004,
            0.08859100000000003,
            0.29009,
            0.29226,
            0.298022,
            0.304224,
            0.29814,
            0.273876,
            0.299657,
            0.296739,
            0.276932,
            0.27922800000000003,
            0.32016,
            0.32375499999999996,
            0.330194,
            0.29296099999999997,
            0.298894,
            0.303776,
            0.287695,
            0.311141,
            0.310284,
            0.328267,
            0.29711499999999996,
            0.32509499999999997,
            0.320904,
            0.327944,
            0.334055,
            0.329074,
            0.338928,
            0.33153,
            0.319407,
            0.378989,
            0.357022,
            0.358298,
            0.31206,
            0.352015,
            0.40674200000000005,
            0.363791,
            0.370983,
            0.40170100000000003
        ],
        [
            0.05169199999999999,
            0.051257,
            0.053623000000000004,
            0.048340999999999995,
            0.03489300000000001,
            0.02810299999999999,
            0.011940000000000006,
            0.0,
            0.09925,
            0.08836,
            0.11136200000000002,
            0.08274300000000001,
            0.284242,
            0.286412,
            0.292174,
            0.298376,
            0.292292,
            0.268028,
            0.293809,
            0.290891,
            0.271084,
            0.27337999999999996,
            0.3143119999999999,
            0.31790699999999994,
            0.32434599999999997,
            0.28711299999999995,
            0.293046,
            0.29792799999999997,
            0.28184699999999996,
            0.3052929999999999,
            0.30443599999999993,
            0.32241899999999996,
            0.29126699999999994,
            0.31924699999999995,
            0.315056,
            0.322096,
            0.328207,
            0.323226,
            0.33308,
            0.325682,
            0.313559,
            0.373141,
            0.351174,
            0.35245,
            0.306212,
            0.346167,
            0.400894,
            0.357943,
            0.365135,
            0.395853
        ],
        [
            0.09557200000000002,
            0.09513700000000003,
            0.09750300000000003,
            0.09222100000000003,
            0.11901500000000004,
            0.11222500000000002,
            0.10509800000000002,
            0.09925,
            0.0,
            0.092966,
            0.11596800000000002,
            0.09624100000000002,
            0.29774,
            0.29991,
            0.305672,
            0.311874,
            0.30579,
            0.281526,
            0.307307,
            0.304389,
            0.284582,
            0.28687799999999997,
            0.32780999999999993,
            0.33140499999999995,
            0.337844,
            0.30061099999999996,
            0.306544,
            0.311426,
            0.29534499999999997,
            0.31879099999999994,
            0.31793399999999994,
            0.33591699999999997,
            0.30476499999999995,
            0.33274499999999996,
            0.328554,
            0.335594,
            0.34170500000000004,
            0.336724,
            0.346578,
            0.33918000000000004,
            0.327057,
            0.386639,
            0.364672,
            0.365948,
            0.31971,
            0.359665,
            0.414392,
            0.371441,
            0.378633,
            0.409351
        ],
        [
            0.08468200000000001,
            0.08424700000000002,
            0.08661300000000002,
            0.08133100000000001,
            0.10812500000000003,
            0.10133500000000001,
            0.09420800000000001,
            0.08836,
            0.092966,
            0.0,
            0.09048,
            0.08535100000000001,
            0.28685,
            0.28902,
            0.294782,
            0.300984,
            0.2949,
            0.270636,
            0.296417,
            0.29349899999999995,
            0.273692,
            0.275988,
            0.31692,
            0.32051499999999994,
            0.32695399999999997,
            0.28972099999999995,
            0.295654,
            0.30053599999999997,
            0.28445499999999996,
            0.307901,
            0.307044,
            0.32502699999999995,
            0.29387499999999994,
            0.32185499999999995,
            0.317664,
            0.324704,
            0.33081499999999997,
            0.32583399999999996,
            0.335688,
            0.32828999999999997,
            0.316167,
            0.375749,
            0.353782,
            0.355058,
            0.30882,
            0.348775,
            0.403502,
            0.36055099999999995,
            0.367743,
            0.398461
        ],
        [
            0.10768400000000003,
            0.10724900000000004,
            0.10961500000000005,
            0.10433300000000004,
            0.13112700000000005,
            0.12433700000000003,
            0.11721000000000004,
            0.11136200000000002,
            0.11596800000000002,
            0.09048,
            0.0,
            0.10835300000000003,
            0.309852,
            0.312022,
            0.317784,
            0.323986,
            0.317902,
            0.293638,
            0.319419,
            0.31650100000000003,
            0.296694,
            0.29899,
            0.33992199999999995,
            0.34351699999999996,
            0.349956,
            0.312723,
            0.318656,
            0.323538,
            0.307457,
            0.33090299999999995,
            0.33004599999999995,
            0.348029,
            0.31687699999999996,
            0.34485699999999997,
            0.340666,
            0.347706,
            0.35381700000000005,
            0.34883600000000003,
            0.35869,
            0.35129200000000005,
            0.339169,
            0.398751,
            0.376784,
            0.37806,
            0.331822,
            0.371777,
            0.426504,
            0.38355300000000003,
            0.390745,
            0.42146300000000003
        ],
        [
            0.07906500000000002,
            0.07863000000000003,
            0.08099600000000004,
            0.07571400000000003,
            0.10250800000000004,
            0.09571800000000003,
            0.08859100000000003,
            0.08274300000000001,
            0.09624100000000002,
            0.08535100000000001,
            0.10835300000000003,
            0.0,
            0.260527,
            0.262697,
            0.268459,
            0.274661,
            0.268577,
            0.244313,
            0.270094,
            0.26717599999999997,
            0.247369,
            0.249665,
            0.290597,
            0.29419199999999995,
            0.300631,
            0.26339799999999997,
            0.269331,
            0.274213,
            0.258132,
            0.281578,
            0.280721,
            0.29870399999999997,
            0.26755199999999996,
            0.29553199999999996,
            0.291341,
            0.298381,
            0.304492,
            0.29951099999999997,
            0.309365,
            0.301967,
            0.289844,
            0.349426,
            0.327459,
            0.328735,
            0.282497,
            0.322452,
            0.37717900000000004,
            0.33422799999999997,
            0.34142,
            0.372138
        ],
        [
            0.28056400000000004,
            0.280129,
            0.28249500000000005,
            0.27721300000000004,
            0.304007,
            0.297217,
            0.29009,
            0.284242,
            0.29774,
            0.28685,
            0.309852,
            0.260527,
            0.0,
            0.02146999999999999,
            0.10800199999999999,
            0.11420399999999997,
            0.10812,
            0.096526,
            0.14754299999999998,
            0.14462499999999998,
            0.25077,
            0.253066,
            0.293998,
            0.29759299999999994,
            0.30403199999999997,
            0.26679899999999995,
            0.272732,
            0.27761399999999997,
            0.26153299999999996,
            0.284979,
            0.284122,
            0.30210499999999996,
            0.27095299999999994,
            0.29893299999999995,
            0.294742,
            0.301782,
            0.307893,
            0.30291199999999996,
            0.312766,
            0.305368,
            0.293245,
            0.352827,
            0.33086,
            0.332136,
            0.285898,
            0.325853,
            0.38058000000000003,
            0.33762899999999996,
            0.344821,
            0.375539
        ],
        [
            0.28273400000000004,
            0.282299,
            0.28466500000000006,
            0.27938300000000005,
            0.30617700000000003,
            0.299387,
            0.29226,
            0.286412,
            0.29991,
            0.28902,
            0.312022,
            0.262697,
            0.02146999999999999,
            0.0,
            0.11017199999999999,
            0.11637399999999998,
            0.11029,
            0.098696,
            0.14971299999999998,
            0.14679499999999998,
            0.25294,
            0.255236,
            0.296168,
            0.29976299999999995,
            0.306202,
            0.26896899999999996,
            0.274902,
            0.279784,
            0.26370299999999997,
            0.287149,
            0.286292,
            0.30427499999999996,
            0.27312299999999995,
            0.30110299999999995,
            0.296912,
            0.303952,
            0.310063,
            0.30508199999999996,
            0.314936,
            0.307538,
            0.295415,
            0.354997,
            0.33303,
            0.334306,
            0.288068,
            0.328023,
            0.38275000000000003,
            0.33979899999999996,
            0.346991,
            0.377709
        ],
        [
            0.288496,
            0.288061,
            0.290427,
            0.285145,
            0.311939,
            0.305149,
            0.298022,
            0.292174,
            0.305672,
            0.294782,
            0.317784,
            0.268459,
            0.10800199999999999,
            0.11017199999999999,
            0.0,
            0.02853,
            0.02244600000000002,
            0.104458,
            0.15547499999999997,
            0.15255699999999997,
            0.258702,
            0.26099799999999995,
            0.3019299999999999,
            0.30552499999999994,
            0.31196399999999996,
            0.27473099999999995,
            0.28066399999999997,
            0.28554599999999997,
            0.26946499999999995,
            0.2929109999999999,
            0.2920539999999999,
            0.31003699999999995,
            0.27888499999999994,
            0.30686499999999994,
            0.302674,
            0.309714,
            0.315825,
            0.310844,
            0.320698,
            0.3133,
            0.301177,
            0.360759,
            0.338792,
            0.340068,
            0.29383,
            0.333785,
            0.38851199999999997,
            0.345561,
            0.352753,
            0.383471
        ],
        [
            0.294698,
            0.294263,
            0.29662900000000003,
            0.291347,
            0.318141,
            0.311351,
            0.304224,
            0.298376,
            0.311874,
            0.300984,
            0.323986,
            0.274661,
            0.11420399999999997,
            0.11637399999999998,
            0.02853,
            0.0,
            0.017266000000000004,
            0.11065999999999998,
            0.16167699999999996,
            0.15875899999999996,
            0.264904,
            0.2672,
            0.30813199999999996,
            0.3117269999999999,
            0.31816599999999995,
            0.28093299999999993,
            0.28686599999999995,
            0.29174799999999995,
            0.27566699999999994,
            0.29911299999999996,
            0.29825599999999997,
            0.31623899999999994,
            0.2850869999999999,
            0.31306699999999993,
            0.308876,
            0.315916,
            0.32202699999999995,
            0.31704599999999994,
            0.32689999999999997,
            0.31950199999999995,
            0.30737899999999996,
            0.366961,
            0.34499399999999997,
            0.34626999999999997,
            0.30003199999999997,
            0.339987,
            0.394714,
            0.35176299999999994,
            0.35895499999999997,
            0.389673
        ],
        [
            0.28861400000000004,
            0.288179,
            0.29054500000000005,
            0.28526300000000004,
            0.31205700000000003,
            0.305267,
            0.29814,
            0.292292,
            0.30579,
            0.2949,
            0.317902,
            0.268577,
            0.10812,
            0.11029,
            0.02244600000000002,
            0.017266000000000004,
            0.0,
            0.104576,
            0.15559299999999998,
            0.15267499999999998,
            0.25882,
            0.261116,
            0.302048,
            0.30564299999999994,
            0.31208199999999997,
            0.27484899999999995,
            0.280782,
            0.285664,
            0.26958299999999996,
            0.293029,
            0.292172,
            0.31015499999999996,
            0.27900299999999995,
            0.30698299999999995,
            0.302792,
            0.309832,
            0.315943,
            0.31096199999999996,
            0.320816,
            0.313418,
            0.301295,
            0.360877,
            0.33891,
            0.340186,
            0.293948,
            0.333903,
            0.38863000000000003,
            0.34567899999999996,
            0.352871,
            0.383589
        ],
        [
            0.26435,
            0.263915,
            0.266281,
            0.260999,
            0.287793,
            0.281003,
            0.273876,
            0.268028,
            0.281526,
            0.270636,
            0.293638,
            0.244313,
            0.096526,
            0.098696,
            0.104458,
            0.11065999999999998,
            0.104576,
            0.0,
            0.13132899999999997,
            0.12841099999999997,
            0.234556,
            0.23685199999999998,
            0.2777839999999999,
            0.28137899999999993,
            0.28781799999999996,
            0.25058499999999995,
            0.25651799999999997,
            0.26139999999999997,
            0.24531899999999995,
            0.2687649999999999,
            0.2679079999999999,
            0.28589099999999995,
            0.25473899999999994,
            0.28271899999999994,
            0.278528,
            0.285568,
            0.291679,
            0.286698,
            0.296552,
            0.289154,
            0.27703099999999997,
            0.336613,
            0.314646,
            0.315922,
            0.269684,
            0.309639,
            0.36436599999999997,
            0.321415,
            0.328607,
            0.359325
        ],
        [
            0.29013100000000003,
            0.289696,
            0.29206200000000004,
            0.28678000000000003,
            0.313574,
            0.306784,
            0.299657,
            0.293809,
            0.307307,
            0.296417,
            0.319419,
            0.270094,
            0.14754299999999998,
            0.14971299999999998,
            0.15547499999999997,
            0.16167699999999996,
            0.15559299999999998,
            0.13132899999999997,
            0.0,
            0.026456000000000007,
            0.260337,
            0.262633,
            0.303565,
            0.30715999999999993,
            0.31359899999999996,
            0.27636599999999995,
            0.28229899999999997,
            0.28718099999999996,
            0.27109999999999995,
            0.294546,
            0.293689,
            0.31167199999999995,
            0.28051999999999994,
            0.30849999999999994,
            0.304309,
            0.311349,
            0.31745999999999996,
            0.31247899999999995,
            0.322333,
            0.31493499999999996,
            0.30281199999999997,
            0.362394,
            0.340427,
            0.341703,
            0.295465,
            0.33542,
            0.390147,
            0.34719599999999995,
            0.354388,
            0.385106
        ],
        [
            0.287213,
            0.286778,
            0.289144,
            0.283862,
            0.31065600000000004,
            0.30386599999999997,
            0.296739,
            0.290891,
            0.304389,
            0.29349899999999995,
            0.31650100000000003,
            0.26717599999999997,
            0.14462499999999998,
            0.14679499999999998,
            0.15255699999999997,
            0.15875899999999996,
            0.15267499999999998,
            0.12841099999999997,
            0.026456000000000007,
            0.0,
            0.25741899999999995,
            0.259715,
            0.30064699999999994,
            0.3042419999999999,
            0.310681,
            0.2734479999999999,
            0.279381,
            0.28426299999999993,
            0.2681819999999999,
            0.29162799999999994,
            0.29077099999999995,
            0.308754,
            0.2776019999999999,
            0.3055819999999999,
            0.30139099999999996,
            0.308431,
            0.314542,
            0.309561,
            0.319415,
            0.312017,
            0.299894,
            0.359476,
            0.33750899999999995,
            0.338785,
            0.292547,
            0.33250199999999996,
            0.387229,
            0.344278,
            0.35146999999999995,
            0.382188
        ],
        [
            0.26740600000000003,
            0.266971,
            0.26933700000000005,
            0.26405500000000004,
            0.290849,
            0.284059,
            0.276932,
            0.271084,
            0.284582,
            0.273692,
            0.296694,
            0.247369,
            0.25077,
            0.25294,
            0.258702,
            0.264904,
            0.25882,
            0.234556,
            0.260337,
            0.25741899999999995,
            0.0,
            0.013254000000000016,
            0.215726,
            0.219321,
            0.22576000000000002,
            0.188527,
            0.19446000000000002,
            0.19934200000000002,
            0.183261,
            0.206707,
            0.20585,
            0.223833,
            0.192681,
            0.220661,
            0.24387400000000004,
            0.250914,
            0.25702500000000006,
            0.25204400000000005,
            0.261898,
            0.25450000000000006,
            0.242377,
            0.30195900000000003,
            0.279992,
            0.281268,
            0.23503000000000002,
            0.27498500000000003,
            0.329712,
            0.28676100000000004,
            0.293953,
            0.32467100000000004
        ],
        [
            0.269702,
            0.26926700000000003,
            0.271633,
            0.266351,
            0.293145,
            0.286355,
            0.27922800000000003,
            0.27337999999999996,
            0.28687799999999997,
            0.275988,
            0.29899,
            0.249665,
            0.253066,
            0.255236,
            0.26099799999999995,
            0.2672,
            0.261116,
            0.23685199999999998,
            0.262633,
            0.259715,
            0.013254000000000016,
            0.0,
            0.218022,
            0.22161699999999998,
            0.228056,
            0.190823,
            0.19675600000000001,
            0.201638,
            0.185557,
            0.209003,
            0.208146,
            0.226129,
            0.19497699999999998,
            0.222957,
            0.24617000000000003,
            0.25321000000000005,
            0.259321,
            0.25434,
            0.26419400000000004,
            0.256796,
            0.244673,
            0.30425500000000005,
            0.282288,
            0.28356400000000004,
            0.237326,
            0.277281,
            0.332008,
            0.289057,
            0.296249,
            0.326967
        ],
        [
            0.31063399999999997,
            0.310199,
            0.312565,
            0.307283,
            0.33407699999999996,
            0.327287,
            0.32016,
            0.3143119999999999,
            0.32780999999999993,
            0.31692,
            0.33992199999999995,
            0.290597,
            0.293998,
            0.296168,
            0.3019299999999999,
            0.30813199999999996,
            0.302048,
            0.2777839999999999,
            0.303565,
            0.30064699999999994,
            0.215726,
            0.218022,
            0.0,
            0.007090999999999986,
            0.028740000000000016,
            0.04693699999999998,
            0.06694399999999998,
            0.07182599999999997,
            0.18864099999999998,
            0.21208699999999997,
            0.21122999999999997,
            0.22921299999999997,
            0.19806099999999996,
            0.22604099999999996,
            0.28710199999999997,
            0.294142,
            0.300253,
            0.295272,
            0.305126,
            0.297728,
            0.285605,
            0.345187,
            0.32321999999999995,
            0.324496,
            0.278258,
            0.31821299999999997,
            0.37294,
            0.329989,
            0.33718099999999995,
            0.36789900000000003
        ],
        [
            0.314229,
            0.31379399999999996,
            0.31616,
            0.310878,
            0.33767199999999997,
            0.33088199999999995,
            0.32375499999999996,
            0.31790699999999994,
            0.33140499999999995,
            0.32051499999999994,
            0.34351699999999996,
            0.29419199999999995,
            0.29759299999999994,
            0.29976299999999995,
            0.30552499999999994,
            0.3117269999999999,
            0.30564299999999994,
            0.28137899999999993,
            0.30715999999999993,
            0.3042419999999999,
            0.219321,
            0.22161699999999998,
            0.007090999999999986,
            0.0,
            0.032335,
            0.050531999999999966,
            0.07053899999999996,
            0.07542099999999996,
            0.19223599999999996,
            0.21568199999999996,
            0.21482499999999996,
            0.23280799999999996,
            0.20165599999999995,
            0.22963599999999995,
            0.290697,
            0.297737,
            0.303848,
            0.298867,
            0.30872099999999997,
            0.301323,
            0.28919999999999996,
            0.348782,
            0.32681499999999997,
            0.32809099999999997,
            0.28185299999999996,
            0.321808,
            0.37653499999999995,
            0.333584,
            0.34077599999999997,
            0.371494
        ],
        [
            0.32066799999999995,
            0.320233,
            0.32259899999999997,
            0.31731699999999996,
            0.344111,
            0.337321,
            0.330194,
            0.32434599999999997,
            0.337844,
            0.32695399999999997,
            0.349956,
            0.300631,
            0.30403199999999997,
            0.306202,
            0.31196399999999996,
            0.31816599999999995,
            0.31208199999999997,
            0.28781799999999996,
            0.31359899999999996,
            0.310681,
            0.22576000000000002,
            0.228056,
            0.028740000000000016,
            0.032335,
            0.0,
            0.056970999999999994,
            0.07697799999999999,
            0.08185999999999999,
            0.198675,
            0.22212099999999999,
            0.221264,
            0.239247,
            0.20809499999999997,
            0.23607499999999998,
            0.297136,
            0.304176,
            0.310287,
            0.30530599999999997,
            0.31516,
            0.307762,
            0.295639,
            0.355221,
            0.333254,
            0.33453,
            0.288292,
            0.328247,
            0.38297400000000004,
            0.34002299999999996,
            0.347215,
            0.377933
        ],
        [
            0.283435,
            0.283,
            0.285366,
            0.280084,
            0.306878,
            0.30008799999999997,
            0.29296099999999997,
            0.28711299999999995,
            0.30061099999999996,
            0.28972099999999995,
            0.312723,
            0.26339799999999997,
            0.26679899999999995,
            0.26896899999999996,
            0.27473099999999995,
            0.28093299999999993,
            0.27484899999999995,
            0.25058499999999995,
            0.27636599999999995,
            0.2734479999999999,
            0.188527,
            0.190823,
            0.04693699999999998,
            0.050531999999999966,
            0.056970999999999994,
            0.0,
            0.039744999999999975,
            0.04462699999999997,
            0.16144199999999997,
            0.18488799999999997,
            0.18403099999999997,
            0.20201399999999997,
            0.17086199999999996,
            0.19884199999999996,
            0.259903,
            0.266943,
            0.273054,
            0.268073,
            0.277927,
            0.270529,
            0.25840599999999997,
            0.317988,
            0.296021,
            0.297297,
            0.251059,
            0.291014,
            0.34574099999999997,
            0.30279,
            0.309982,
            0.3407
        ],
        [
            0.28936799999999996,
            0.288933,
            0.291299,
            0.28601699999999997,
            0.312811,
            0.306021,
            0.298894,
            0.293046,
            0.306544,
            0.295654,
            0.318656,
            0.269331,
            0.272732,
            0.274902,
            0.28066399999999997,
            0.28686599999999995,
            0.280782,
            0.25651799999999997,
            0.28229899999999997,
            0.279381,
            0.19446000000000002,
            0.19675600000000001,
            0.06694399999999998,
            0.07053899999999996,
            0.07697799999999999,
            0.039744999999999975,
            0.0,
            0.03426800000000002,
            0.167375,
            0.190821,
            0.189964,
            0.207947,
            0.17679499999999998,
            0.20477499999999998,
            0.265836,
            0.272876,
            0.278987,
            0.27400599999999997,
            0.28386,
            0.276462,
            0.264339,
            0.323921,
            0.301954,
            0.30323,
            0.256992,
            0.296947,
            0.35167400000000004,
            0.30872299999999997,
            0.315915,
            0.346633
        ],
        [
            0.29425,
            0.293815,
            0.296181,
            0.290899,
            0.317693,
            0.310903,
            0.303776,
            0.29792799999999997,
            0.311426,
            0.30053599999999997,
            0.323538,
            0.274213,
            0.27761399999999997,
            0.279784,
            0.28554599999999997,
            0.29174799999999995,
            0.285664,
            0.26139999999999997,
            0.28718099999999996,
            0.28426299999999993,
            0.19934200000000002,
            0.201638,
            0.07182599999999997,
            0.07542099999999996,
            0.08185999999999999,
            0.04462699999999997,
            0.03426800000000002,
            0.0,
            0.172257,
            0.195703,
            0.194846,
            0.212829,
            0.18167699999999998,
            0.20965699999999998,
            0.270718,
            0.277758,
            0.28386900000000004,
            0.278888,
            0.288742,
            0.28134400000000004,
            0.269221,
            0.328803,
            0.306836,
            0.308112,
            0.261874,
            0.301829,
            0.356556,
            0.313605,
            0.320797,
