{
    "NEXUS_FILE_URL": "http://purl.org/phylo/treebase/phylows/study/TB2:S12410",
    "NEWICK_TREE": "(((1:10.296549716162144,2:10.296549716162144):2.983655689212558,3:13.280205405374701):13.1466382521313,((((4:1.0129424991398928,5:1.0129424991398928):4.15950268678051,6:5.172445185920502):12.741362265661497,(((((7:1.2795780806890704,8:1.2795780806890704):7.528187521750283,(9:1.7768050589979998,10:1.7768050589979998):7.030960543441293):0.68478512725261,(11:5.568337468268151,12:5.5683374682681475):3.924213261423951):1.5523277616015179,((((13:2.0057021049989503,14:2.0057021049989503):4.053079656026152,(15:4.7380217459016185,(16:4.1973205728793985,(17:2.249777323667402,(18:1.5428952187391154,19:1.5428952187391172):0.7068821049282832):1.9475432492119964):0.5407011730221276):1.3207600151235797):1.7726554925841,(((20:0.26408257979410976,21:0.26408257979410976):0.6218052576866953,22:0.885887837480805):1.8275242653090018,23:2.713412102789807):5.1180251508193955):0.6872209545939949,((24:1.4291627452928228,25:1.4291627452928228):3.542719739690872,(26:0.7944240443266466,27:0.7944240443266466):4.177458440657045):3.5467757232196053):2.5262202830902236):2.463043805010173,(((28:3.5345004994578577,29:3.534500499457854):3.858093509484605,(30:1.8920955244645103,31:1.8920955244645103):5.500498484477842):2.440080977554449,32:9.832674986497):3.6752473098069913):4.405885155278007):5.604555785014998,33:23.518363236597):2.908480420909001);",
    "DISTANCE_MATRIX": [
        [
            0.0,
            20.593099432324287,
            26.560410810749403,
            52.853687315011896,
            52.853687315011896,
            52.853687315011996,
            52.85368731501166,
            52.85368731501166,
            52.8536873150116,
            52.8536873150116,
            52.8536873150118,
            52.8536873150118,
            52.8536873150116,
            52.8536873150116,
            52.8536873150117,
            52.853687315011605,
            52.853687315011605,
            52.8536873150116,
            52.853687315011605,
            52.8536873150116,
            52.8536873150116,
            52.8536873150116,
            52.8536873150116,
            52.853687315011705,
            52.853687315011705,
            52.8536873150117,
            52.8536873150117,
            52.85368731501191,
            52.85368731501191,
            52.8536873150118,
            52.8536873150118,
            52.853687315011996,
            52.853687315012
        ],
        [
            20.593099432324287,
            0.0,
            26.560410810749403,
            52.853687315011896,
            52.853687315011896,
            52.853687315011996,
            52.85368731501166,
            52.85368731501166,
            52.8536873150116,
            52.8536873150116,
            52.8536873150118,
            52.8536873150118,
            52.8536873150116,
            52.8536873150116,
            52.8536873150117,
            52.853687315011605,
            52.853687315011605,
            52.8536873150116,
            52.853687315011605,
            52.8536873150116,
            52.8536873150116,
            52.8536873150116,
            52.8536873150116,
            52.853687315011705,
            52.853687315011705,
            52.8536873150117,
            52.8536873150117,
            52.85368731501191,
            52.85368731501191,
            52.8536873150118,
            52.8536873150118,
            52.853687315011996,
            52.853687315012
        ],
        [
            26.560410810749403,
            26.560410810749403,
            0.0,
            52.853687315011896,
            52.853687315011896,
            52.853687315011996,
            52.85368731501166,
            52.85368731501166,
            52.8536873150116,
            52.8536873150116,
            52.8536873150118,
            52.8536873150118,
            52.8536873150116,
            52.8536873150116,
            52.8536873150117,
            52.853687315011605,
            52.853687315011605,
            52.8536873150116,
            52.853687315011605,
            52.8536873150116,
            52.8536873150116,
            52.8536873150116,
            52.8536873150116,
            52.853687315011705,
            52.853687315011705,
            52.8536873150117,
            52.8536873150117,
            52.85368731501191,
            52.85368731501191,
            52.8536873150118,
            52.8536873150118,
            52.853687315011996,
            52.853687315012
        ],
        [
            52.853687315011896,
            52.853687315011896,
            52.853687315011896,
            0.0,
            2.0258849982797855,
            10.344890371840904,
            35.827614903163564,
            35.827614903163564,
            35.8276149031635,
            35.8276149031635,
            35.8276149031637,
            35.82761490316369,
            35.8276149031635,
            35.8276149031635,
            35.82761490316359,
            35.82761490316351,
            35.82761490316351,
            35.8276149031635,
            35.82761490316351,
            35.8276149031635,
            35.8276149031635,
            35.8276149031635,
            35.8276149031635,
            35.82761490316361,
            35.82761490316361,
            35.8276149031636,
            35.8276149031636,
            35.827614903163806,
            35.827614903163806,
            35.8276149031637,
            35.8276149031637,
            35.8276149031639,
            47.036726473193895
        ],
        [
            52.853687315011896,
            52.853687315011896,
            52.853687315011896,
            2.0258849982797855,
            0.0,
            10.344890371840904,
            35.827614903163564,
            35.827614903163564,
            35.8276149031635,
            35.8276149031635,
            35.8276149031637,
            35.82761490316369,
            35.8276149031635,
            35.8276149031635,
            35.82761490316359,
            35.82761490316351,
            35.82761490316351,
            35.8276149031635,
            35.82761490316351,
            35.8276149031635,
            35.8276149031635,
            35.8276149031635,
            35.8276149031635,
            35.82761490316361,
            35.82761490316361,
            35.8276149031636,
            35.8276149031636,
            35.827614903163806,
            35.827614903163806,
            35.8276149031637,
            35.8276149031637,
            35.8276149031639,
            47.036726473193895
        ],
        [
            52.853687315011996,
            52.853687315011996,
            52.853687315011996,
            10.344890371840904,
            10.344890371840904,
            0.0,
            35.82761490316366,
            35.82761490316366,
            35.8276149031636,
            35.8276149031636,
            35.8276149031638,
            35.82761490316379,
            35.8276149031636,
            35.8276149031636,
            35.82761490316369,
            35.82761490316361,
            35.82761490316361,
            35.8276149031636,
            35.82761490316361,
            35.8276149031636,
            35.8276149031636,
            35.8276149031636,
            35.8276149031636,
            35.827614903163706,
            35.827614903163706,
            35.8276149031637,
            35.8276149031637,
            35.827614903163905,
            35.827614903163905,
            35.8276149031638,
            35.8276149031638,
            35.827614903164,
            47.036726473193994
        ],
        [
            52.85368731501166,
            52.85368731501166,
            52.85368731501166,
            35.827614903163564,
            35.827614903163564,
            35.82761490316366,
            0.0,
            2.559156161378141,
            17.615531204878646,
            17.615531204878646,
            18.985101459384065,
            18.98510145938406,
            22.089756982586902,
            22.089756982586902,
            22.089756982586998,
            22.089756982586906,
            22.089756982586906,
            22.089756982586902,
            22.089756982586906,
            22.089756982586902,
            22.089756982586902,
            22.089756982586902,
            22.089756982586902,
            22.089756982587005,
            22.089756982587005,
            22.089756982587,
            22.089756982587,
            27.015844592607557,
            27.015844592607554,
            27.015844592607447,
            27.015844592607447,
            27.015844592607646,
            47.03672647319366
        ],
        [
            52.85368731501166,
            52.85368731501166,
            52.85368731501166,
            35.827614903163564,
            35.827614903163564,
            35.82761490316366,
            2.559156161378141,
            0.0,
            17.615531204878646,
            17.615531204878646,
            18.985101459384065,
            18.98510145938406,
            22.089756982586902,
            22.089756982586902,
            22.089756982586998,
            22.089756982586906,
            22.089756982586906,
            22.089756982586902,
            22.089756982586906,
            22.089756982586902,
            22.089756982586902,
            22.089756982586902,
            22.089756982586902,
            22.089756982587005,
            22.089756982587005,
            22.089756982587,
            22.089756982587,
            27.015844592607557,
            27.015844592607554,
            27.015844592607447,
            27.015844592607447,
            27.015844592607646,
            47.03672647319366
        ],
        [
            52.8536873150116,
            52.8536873150116,
            52.8536873150116,
            35.8276149031635,
            35.8276149031635,
            35.8276149031636,
            17.615531204878646,
            17.615531204878646,
            0.0,
            3.5536101179959996,
            18.985101459384005,
            18.985101459384,
            22.08975698258684,
            22.08975698258684,
            22.089756982586938,
            22.089756982586845,
            22.089756982586845,
            22.08975698258684,
            22.08975698258684,
            22.08975698258684,
            22.08975698258684,
            22.08975698258684,
            22.08975698258684,
            22.089756982586945,
            22.089756982586945,
            22.08975698258694,
            22.08975698258694,
            27.015844592607497,
            27.015844592607493,
            27.015844592607387,
            27.015844592607387,
            27.015844592607586,
            47.036726473193596
        ],
        [
            52.8536873150116,
            52.8536873150116,
            52.8536873150116,
            35.8276149031635,
            35.8276149031635,
            35.8276149031636,
            17.615531204878646,
            17.615531204878646,
            3.5536101179959996,
            0.0,
            18.985101459384005,
            18.985101459384,
            22.08975698258684,
            22.08975698258684,
            22.089756982586938,
            22.089756982586845,
            22.089756982586845,
            22.08975698258684,
            22.08975698258684,
            22.08975698258684,
            22.08975698258684,
            22.08975698258684,
            22.08975698258684,
            22.089756982586945,
            22.089756982586945,
            22.08975698258694,
            22.08975698258694,
            27.015844592607497,
            27.015844592607493,
            27.015844592607387,
            27.015844592607387,
            27.015844592607586,
            47.036726473193596
        ],
        [
            52.8536873150118,
            52.8536873150118,
            52.8536873150118,
            35.8276149031637,
            35.8276149031637,
            35.8276149031638,
            18.985101459384065,
            18.985101459384065,
            18.985101459384005,
            18.985101459384005,
            0.0,
            11.136674936536298,
            22.08975698258704,
            22.08975698258704,
            22.089756982587136,
            22.089756982587044,
            22.089756982587044,
            22.08975698258704,
            22.08975698258704,
            22.08975698258704,
            22.08975698258704,
            22.08975698258704,
            22.08975698258704,
            22.089756982587144,
            22.089756982587144,
            22.08975698258714,
            22.08975698258714,
            27.015844592607696,
            27.015844592607692,
            27.015844592607586,
            27.015844592607586,
            27.015844592607785,
            47.036726473193795
        ],
        [
            52.8536873150118,
            52.8536873150118,
            52.8536873150118,
            35.82761490316369,
            35.82761490316369,
            35.82761490316379,
            18.98510145938406,
            18.98510145938406,
            18.985101459384,
            18.985101459384,
            11.136674936536298,
            0.0,
            22.089756982587037,
            22.089756982587037,
            22.089756982587133,
            22.08975698258704,
            22.08975698258704,
            22.089756982587037,
            22.08975698258704,
            22.089756982587037,
            22.089756982587037,
            22.089756982587037,
            22.089756982587037,
            22.08975698258714,
            22.08975698258714,
            22.089756982587136,
            22.089756982587136,
            27.015844592607692,
            27.01584459260769,
            27.015844592607582,
            27.015844592607582,
            27.01584459260778,
            47.036726473193795
        ],
        [
            52.8536873150116,
            52.8536873150116,
            52.8536873150116,
            35.8276149031635,
            35.8276149031635,
            35.8276149031636,
            22.089756982586902,
            22.089756982586902,
            22.08975698258684,
            22.08975698258684,
            22.08975698258704,
            22.089756982587037,
            0.0,
            4.011404209997901,
            12.1175635220503,
            12.117563522050208,
            12.117563522050208,
            12.117563522050204,
            12.117563522050206,
            15.662874507218405,
            15.662874507218405,
            15.662874507218405,
            15.662874507218405,
            17.037316416406497,
            17.037316416406497,
            17.037316416406494,
            17.037316416406494,
            27.015844592607497,
            27.015844592607493,
            27.015844592607387,
            27.015844592607387,
            27.015844592607586,
            47.036726473193596
        ],
        [
            52.8536873150116,
            52.8536873150116,
            52.8536873150116,
            35.8276149031635,
            35.8276149031635,
            35.8276149031636,
            22.089756982586902,
            22.089756982586902,
            22.08975698258684,
            22.08975698258684,
            22.08975698258704,
            22.089756982587037,
            4.011404209997901,
            0.0,
            12.1175635220503,
            12.117563522050208,
            12.117563522050208,
            12.117563522050204,
            12.117563522050206,
            15.662874507218405,
            15.662874507218405,
            15.662874507218405,
            15.662874507218405,
            17.037316416406497,
            17.037316416406497,
            17.037316416406494,
            17.037316416406494,
            27.015844592607497,
            27.015844592607493,
            27.015844592607387,
            27.015844592607387,
            27.015844592607586,
            47.036726473193596
        ],
        [
            52.8536873150117,
            52.8536873150117,
            52.8536873150117,
            35.82761490316359,
            35.82761490316359,
            35.82761490316369,
            22.089756982586998,
            22.089756982586998,
            22.089756982586938,
            22.089756982586938,
            22.089756982587136,
            22.089756982587133,
            12.1175635220503,
            12.1175635220503,
            0.0,
            9.476043491803145,
            9.476043491803145,
            9.476043491803141,
            9.476043491803143,
            15.6628745072185,
            15.6628745072185,
            15.6628745072185,
            15.6628745072185,
            17.037316416406593,
            17.037316416406593,
            17.03731641640659,
            17.03731641640659,
            27.015844592607593,
            27.01584459260759,
            27.015844592607483,
            27.015844592607483,
            27.01584459260768,
            47.036726473193696
        ],
        [
            52.853687315011605,
            52.853687315011605,
            52.853687315011605,
            35.82761490316351,
            35.82761490316351,
            35.82761490316361,
            22.089756982586906,
            22.089756982586906,
            22.089756982586845,
            22.089756982586845,
            22.089756982587044,
            22.08975698258704,
            12.117563522050208,
            12.117563522050208,
            9.476043491803145,
            0.0,
            8.394641145758797,
            8.394641145758793,
            8.394641145758795,
            15.662874507218408,
            15.662874507218408,
            15.662874507218408,
            15.662874507218408,
            17.0373164164065,
            17.0373164164065,
            17.037316416406497,
            17.037316416406497,
            27.0158445926075,
            27.015844592607497,
            27.01584459260739,
            27.01584459260739,
            27.01584459260759,
            47.0367264731936
        ],
        [
            52.853687315011605,
            52.853687315011605,
            52.853687315011605,
            35.82761490316351,
            35.82761490316351,
            35.82761490316361,
            22.089756982586906,
            22.089756982586906,
            22.089756982586845,
            22.089756982586845,
            22.089756982587044,
            22.08975698258704,
            12.117563522050208,
            12.117563522050208,
            9.476043491803145,
            8.394641145758797,
            0.0,
            4.499554647334801,
            4.4995546473348025,
            15.662874507218408,
            15.662874507218408,
            15.662874507218408,
            15.662874507218408,
            17.0373164164065,
            17.0373164164065,
            17.037316416406497,
            17.037316416406497,
            27.0158445926075,
            27.015844592607497,
            27.01584459260739,
            27.01584459260739,
            27.01584459260759,
            47.0367264731936
        ],
        [
            52.8536873150116,
            52.8536873150116,
            52.8536873150116,
            35.8276149031635,
            35.8276149031635,
            35.8276149031636,
            22.089756982586902,
            22.089756982586902,
            22.08975698258684,
            22.08975698258684,
            22.08975698258704,
            22.089756982587037,
            12.117563522050204,
            12.117563522050204,
            9.476043491803141,
            8.394641145758793,
            4.499554647334801,
            0.0,
            3.0857904374782326,
            15.662874507218405,
            15.662874507218405,
            15.662874507218405,
            15.662874507218405,
            17.037316416406497,
            17.037316416406497,
            17.037316416406494,
            17.037316416406494,
            27.015844592607497,
            27.015844592607493,
            27.015844592607387,
            27.015844592607387,
            27.015844592607586,
            47.036726473193596
        ],
        [
            52.853687315011605,
            52.853687315011605,
            52.853687315011605,
            35.82761490316351,
            35.82761490316351,
            35.82761490316361,
            22.089756982586906,
            22.089756982586906,
            22.08975698258684,
            22.08975698258684,
            22.08975698258704,
            22.08975698258704,
            12.117563522050206,
            12.117563522050206,
            9.476043491803143,
            8.394641145758795,
            4.4995546473348025,
            3.0857904374782326,
            0.0,
            15.662874507218406,
            15.662874507218406,
            15.662874507218406,
            15.662874507218406,
            17.037316416406497,
            17.037316416406497,
            17.037316416406497,
            17.037316416406497,
            27.0158445926075,
            27.015844592607493,
            27.015844592607387,
            27.015844592607387,
            27.015844592607586,
            47.0367264731936
        ],
        [
            52.8536873150116,
            52.8536873150116,
            52.8536873150116,
            35.8276149031635,
            35.8276149031635,
            35.8276149031636,
            22.089756982586902,
            22.089756982586902,
            22.08975698258684,
            22.08975698258684,
            22.08975698258704,
            22.089756982587037,
            15.662874507218405,
            15.662874507218405,
            15.6628745072185,
            15.662874507218408,
            15.662874507218408,
            15.662874507218405,
            15.662874507218406,
            0.0,
            0.5281651595882195,
            1.77177567496161,
            5.426824205579614,
            17.037316416406497,
            17.037316416406497,
            17.037316416406494,
            17.037316416406494,
            27.015844592607497,
            27.015844592607493,
            27.015844592607387,
            27.015844592607387,
            27.015844592607586,
            47.036726473193596
        ],
        [
            52.8536873150116,
            52.8536873150116,
            52.8536873150116,
            35.8276149031635,
            35.8276149031635,
            35.8276149031636,
            22.089756982586902,
            22.089756982586902,
            22.08975698258684,
            22.08975698258684,
            22.08975698258704,
            22.089756982587037,
            15.662874507218405,
            15.662874507218405,
            15.6628745072185,
            15.662874507218408,
            15.662874507218408,
            15.662874507218405,
            15.662874507218406,
            0.5281651595882195,
            0.0,
            1.77177567496161,
            5.426824205579614,
            17.037316416406497,
            17.037316416406497,
            17.037316416406494,
            17.037316416406494,
            27.015844592607497,
            27.015844592607493,
            27.015844592607387,
            27.015844592607387,
            27.015844592607586,
            47.036726473193596
        ],
        [
            52.8536873150116,
            52.8536873150116,
            52.8536873150116,
            35.8276149031635,
            35.8276149031635,
            35.8276149031636,
            22.089756982586902,
            22.089756982586902,
            22.08975698258684,
            22.08975698258684,
            22.08975698258704,
            22.089756982587037,
            15.662874507218405,
            15.662874507218405,
            15.6628745072185,
            15.662874507218408,
            15.662874507218408,
            15.662874507218405,
            15.662874507218406,
            1.77177567496161,
            1.77177567496161,
            0.0,
            5.426824205579614,
            17.037316416406497,
            17.037316416406497,
            17.037316416406494,
            17.037316416406494,
            27.015844592607497,
            27.015844592607493,
            27.015844592607387,
            27.015844592607387,
            27.015844592607586,
            47.036726473193596
        ],
        [
            52.8536873150116,
            52.8536873150116,
            52.8536873150116,
            35.8276149031635,
            35.8276149031635,
            35.8276149031636,
            22.089756982586902,
            22.089756982586902,
            22.08975698258684,
            22.08975698258684,
            22.08975698258704,
            22.089756982587037,
            15.662874507218405,
            15.662874507218405,
            15.6628745072185,
            15.662874507218408,
            15.662874507218408,
            15.662874507218405,
            15.662874507218406,
            5.426824205579614,
            5.426824205579614,
            5.426824205579614,
            0.0,
            17.037316416406497,
            17.037316416406497,
            17.037316416406494,
            17.037316416406494,
            27.015844592607497,
            27.015844592607493,
            27.015844592607387,
            27.015844592607387,
            27.015844592607586,
            47.036726473193596
        ],
        [
            52.853687315011705,
            52.853687315011705,
            52.853687315011705,
            35.82761490316361,
            35.82761490316361,
            35.827614903163706,
            22.089756982587005,
            22.089756982587005,
            22.089756982586945,
            22.089756982586945,
            22.089756982587144,
            22.08975698258714,
            17.037316416406497,
            17.037316416406497,
            17.037316416406593,
            17.0373164164065,
            17.0373164164065,
            17.037316416406497,
            17.037316416406497,
            17.037316416406497,
            17.037316416406497,
            17.037316416406497,
            17.037316416406497,
            0.0,
            2.8583254905856457,
            9.943764969967386,
            9.943764969967386,
            27.0158445926076,
            27.015844592607596,
            27.01584459260749,
            27.01584459260749,
            27.01584459260769,
            47.0367264731937
        ],
        [
            52.853687315011705,
            52.853687315011705,
            52.853687315011705,
            35.82761490316361,
            35.82761490316361,
            35.827614903163706,
            22.089756982587005,
            22.089756982587005,
            22.089756982586945,
            22.089756982586945,
            22.089756982587144,
            22.08975698258714,
            17.037316416406497,
            17.037316416406497,
            17.037316416406593,
            17.0373164164065,
            17.0373164164065,
            17.037316416406497,
            17.037316416406497,
            17.037316416406497,
            17.037316416406497,
            17.037316416406497,
            17.037316416406497,
            2.8583254905856457,
            0.0,
            9.943764969967386,
            9.943764969967386,
            27.0158445926076,
            27.015844592607596,
            27.01584459260749,
            27.01584459260749,
            27.01584459260769,
            47.0367264731937
        ],
        [
            52.8536873150117,
            52.8536873150117,
            52.8536873150117,
            35.8276149031636,
            35.8276149031636,
            35.8276149031637,
            22.089756982587,
            22.089756982587,
            22.08975698258694,
            22.08975698258694,
            22.08975698258714,
            22.089756982587136,
            17.037316416406494,
            17.037316416406494,
            17.03731641640659,
            17.037316416406497,
            17.037316416406497,
            17.037316416406494,
            17.037316416406497,
            17.037316416406494,
            17.037316416406494,
            17.037316416406494,
            17.037316416406494,
            9.943764969967386,
            9.943764969967386,
            0.0,
            1.5888480886532932,
            27.015844592607596,
            27.015844592607593,
            27.015844592607486,
            27.015844592607486,
            27.015844592607685,
            47.036726473193696
        ],
        [
            52.8536873150117,
            52.8536873150117,
            52.8536873150117,
            35.8276149031636,
            35.8276149031636,
            35.8276149031637,
            22.089756982587,
            22.089756982587,
            22.08975698258694,
            22.08975698258694,
            22.08975698258714,
            22.089756982587136,
            17.037316416406494,
            17.037316416406494,
            17.03731641640659,
            17.037316416406497,
            17.037316416406497,
            17.037316416406494,
            17.037316416406497,
            17.037316416406494,
            17.037316416406494,
            17.037316416406494,
            17.037316416406494,
            9.943764969967386,
            9.943764969967386,
            1.5888480886532932,
            0.0,
            27.015844592607596,
            27.015844592607593,
            27.015844592607486,
            27.015844592607486,
            27.015844592607685,
            47.036726473193696
        ],
        [
            52.85368731501191,
            52.85368731501191,
            52.85368731501191,
            35.827614903163806,
            35.827614903163806,
            35.827614903163905,
            27.015844592607557,
            27.015844592607557,
            27.015844592607497,
            27.015844592607497,
            27.015844592607696,
            27.015844592607692,
            27.015844592607497,
            27.015844592607497,
            27.015844592607593,
            27.0158445926075,
            27.0158445926075,
            27.015844592607497,
            27.0158445926075,
            27.015844592607497,
            27.015844592607497,
            27.015844592607497,
            27.015844592607497,
            27.0158445926076,
            27.0158445926076,
            27.015844592607596,
            27.015844592607596,
            0.0,
            7.069000998915712,
            14.785188017884815,
            14.785188017884815,
            19.665349972993912,
            47.03672647319391
        ],
        [
            52.85368731501191,
            52.85368731501191,
            52.85368731501191,
            35.827614903163806,
            35.827614903163806,
            35.827614903163905,
            27.015844592607554,
            27.015844592607554,
            27.015844592607493,
            27.015844592607493,
            27.015844592607692,
            27.01584459260769,
            27.015844592607493,
            27.015844592607493,
            27.01584459260759,
            27.015844592607497,
            27.015844592607497,
            27.015844592607493,
            27.015844592607493,
            27.015844592607493,
            27.015844592607493,
            27.015844592607493,
            27.015844592607493,
            27.015844592607596,
            27.015844592607596,
            27.015844592607593,
            27.015844592607593,
            7.069000998915712,
            0.0,
            14.785188017884812,
            14.785188017884812,
            19.66534997299391,
            47.03672647319391
        ],
        [
            52.8536873150118,
            52.8536873150118,
            52.8536873150118,
            35.8276149031637,
            35.8276149031637,
            35.8276149031638,
            27.015844592607447,
            27.015844592607447,
            27.015844592607387,
            27.015844592607387,
            27.015844592607586,
            27.015844592607582,
            27.015844592607387,
            27.015844592607387,
            27.015844592607483,
            27.01584459260739,
            27.01584459260739,
            27.015844592607387,
            27.015844592607387,
            27.015844592607387,
            27.015844592607387,
            27.015844592607387,
            27.015844592607387,
            27.01584459260749,
            27.01584459260749,
            27.015844592607486,
            27.015844592607486,
            14.785188017884815,
            14.785188017884812,
            0.0,
            3.7841910489290207,
            19.665349972993802,
            47.036726473193795
        ],
        [
            52.8536873150118,
            52.8536873150118,
            52.8536873150118,
            35.8276149031637,
            35.8276149031637,
            35.8276149031638,
            27.015844592607447,
            27.015844592607447,
            27.015844592607387,
            27.015844592607387,
            27.015844592607586,
            27.015844592607582,
            27.015844592607387,
            27.015844592607387,
            27.015844592607483,
            27.01584459260739,
            27.01584459260739,
            27.015844592607387,
            27.015844592607387,
            27.015844592607387,
            27.015844592607387,
            27.015844592607387,
            27.015844592607387,
            27.01584459260749,
            27.01584459260749,
            27.015844592607486,
            27.015844592607486,
            14.785188017884815,
            14.785188017884812,
            3.7841910489290207,
            0.0,
            19.665349972993802,
            47.036726473193795
        ],
        [
            52.853687315011996,
            52.853687315011996,
            52.853687315011996,
            35.8276149031639,
            35.8276149031639,
            35.827614903164,
            27.015844592607646,
            27.015844592607646,
            27.015844592607586,
            27.015844592607586,
            27.015844592607785,
            27.01584459260778,
            27.015844592607586,
            27.015844592607586,
            27.01584459260768,
            27.01584459260759,
            27.01584459260759,
            27.015844592607586,
            27.015844592607586,
            27.015844592607586,
            27.015844592607586,
            27.015844592607586,
            27.015844592607586,
            27.01584459260769,
            27.01584459260769,
            27.015844592607685,
            27.015844592607685,
            19.665349972993912,
            19.66534997299391,
            19.665349972993802,
            19.665349972993802,
            0.0,
            47.036726473193994
        ],
        [
            52.853687315012,
            52.853687315012,
            52.853687315012,
            47.036726473193895,
            47.036726473193895,
            47.036726473193994,
            47.03672647319366,
            47.03672647319366,
            47.036726473193596,
            47.036726473193596,
            47.036726473193795,
            47.036726473193795,
            47.036726473193596,
            47.036726473193596,
            47.036726473193696,
            47.0367264731936,
            47.0367264731936,
            47.036726473193596,
            47.0367264731936,
            47.036726473193596,
            47.036726473193596,
            47.036726473193596,
            47.036726473193596,
            47.0367264731937,
            47.0367264731937,
            47.036726473193696,
            47.036726473193696,
            47.03672647319391,
            47.03672647319391,
            47.036726473193795,
            47.036726473193795,
            47.036726473193994,
            0.0
        ]
    ],
    "NODE_MAPPING": {
        "0": "1",
        "1": "2",
        "2": "3",
        "3": "4",
        "4": "5",
        "5": "6",
        "6": "7",
        "7": "8",
        "8": "9",
        "9": "10",
        "10": "11",
        "11": "12",
        "12": "13",
        "13": "14",
        "14": "15",
        "15": "16",
        "16": "17",
        "17": "18",
        "18": "19",
        "19": "20",
        "20": "21",
        "21": "22",
        "22": "23",
        "23": "24",
        "24": "25",
        "25": "26",
        "26": "27",
        "27": "28",
        "28": "29",
        "29": "30",
        "30": "31",
        "31": "32",
        "32": "33"
    }
}