{
    "NEXUS_FILE_URL": "http://purl.org/phylo/treebase/phylows/study/TB2:S11236",
    "NEWICK_TREE": "((44:0.00349,((42:0.008815,43:9.32E-4):0.004304,((39:0.018912,(40:0.002937,41:0.009993):0.004428):8.06E-4,(51:0.004408,(48:0.0,(49:0.0,50:0.00314):0.0,(47:0.001007,(45:0.0,46:0.0):0.0):0.0):0.002269):0.010715):0.0):5.17E-4):0.001677,((11:0.004307,14:0.00648,(15:0.010273,(8:0.004177,13:0.00318):0.0):0.001083,(9:0.004589,(10:0.003193,12:0.007448):1.49E-4):0.003715):0.002494,(((1:0.004161,(5:0.002054,(7:0.002028,(2:0.002039,(3:0.002037,(4:0.001955,6:9.9E-4):7.81E-4):0.0):0.0):0.001594):8.6E-4):0.004776,((16:0.008566,20:0.001151):0.003798,(18:0.0,(17:3.39E-4,(22:0.004942,(19:0.001843,21:0.003582):0.00116):9.77E-4):0.002418):4.81E-4):0.010016):0.002434,(26:0.007866,28:0.001012,29:0.001014,31:0.005913,32:0.009047,33:0.002286,34:9.67E-4,38:0.002033,(25:0.002062,36:0.0):0.007235,((23:0.0,(24:0.001696,35:0.009485):0.0):0.001587,(27:0.0,30:0.0,37:0.0):3.24E-4):0.0):0.006709):6.84E-4):0.001677);",
    "DISTANCE_MATRIX": [
        [
            0.0,
            0.017126,
            0.009243,
            0.023725000000000003,
            0.012178,
            0.019233999999999998,
            0.01913,
            0.016991,
            0.016991,
            0.020131,
            0.017998,
            0.016991,
            0.016991,
            0.013645,
            0.015818,
            0.020693999999999997,
            0.014598,
            0.013601,
            0.017641999999999998,
            0.016395,
            0.020649999999999998,
            0.018899,
            0.017652,
            0.01922,
            0.019230999999999998,
            0.019229000000000003,
            0.019928,
            0.018963,
            0.032342,
            0.024927000000000005,
            0.020459,
            0.023216,
            0.028796000000000002,
            0.026857,
            0.028596000000000003,
            0.022102999999999998,
            0.015248999999999999,
            0.015250999999999999,
            0.02015,
            0.023284,
            0.016523,
            0.015203999999999999,
            0.01627,
            0.023534,
            0.021471999999999998,
            0.015823999999999998,
            0.01752,
            0.025308999999999998,
            0.014561,
            0.014561,
            0.014561
        ],
        [
            0.017126,
            0.0,
            0.009747,
            0.032837000000000005,
            0.021289999999999996,
            0.028345999999999996,
            0.028242,
            0.026103,
            0.026103,
            0.029242999999999998,
            0.02711,
            0.026103,
            0.026103,
            0.023791,
            0.025963999999999997,
            0.03084,
            0.024744,
            0.023746999999999997,
            0.027788,
            0.026541,
            0.030795999999999997,
            0.029045,
            0.027797999999999996,
            0.029365999999999996,
            0.029377,
            0.029375,
            0.030073999999999997,
            0.029108999999999996,
            0.042488,
            0.035073,
            0.030605,
            0.033362,
            0.038942000000000004,
            0.037003,
            0.038742,
            0.032249,
            0.025394999999999997,
            0.025396999999999996,
            0.030295999999999997,
            0.03343,
            0.026668999999999998,
            0.025349999999999998,
            0.026416,
            0.03368,
            0.031618,
            0.02597,
            0.027666,
            0.035455,
            0.024707,
            0.024707,
            0.024707
        ],
        [
            0.009243,
            0.009747,
            0.0,
            0.024954000000000004,
            0.013406999999999999,
            0.020463,
            0.020359000000000002,
            0.01822,
            0.01822,
            0.021359999999999997,
            0.019227,
            0.01822,
            0.01822,
            0.015908,
            0.018081,
            0.022956999999999998,
            0.016861,
            0.015864,
            0.019905,
            0.018658,
            0.022912999999999996,
            0.021162,
            0.019915,
            0.021483,
            0.021494,
            0.021492,
            0.022191,
            0.021226,
            0.034605,
            0.027190000000000002,
            0.022722,
            0.025479,
            0.031059000000000003,
            0.02912,
            0.030859,
            0.024366,
            0.017512,
            0.017514,
            0.022413,
            0.025547,
            0.018785999999999997,
            0.017466999999999996,
            0.018533,
            0.025797,
            0.023735,
            0.018087,
            0.019783000000000002,
            0.027572,
            0.016824,
            0.016824,
            0.016824
        ],
        [
            0.023725000000000003,
            0.032837000000000005,
            0.024954000000000004,
            0.0,
            0.026277000000000002,
            0.033333,
            0.034841000000000004,
            0.032702,
            0.032702,
            0.035842,
            0.033709,
            0.032702,
            0.032702,
            0.030390000000000004,
            0.032563,
            0.037439,
            0.031343,
            0.030346000000000005,
            0.034387,
            0.03314,
            0.037395000000000005,
            0.03564400000000001,
            0.034397000000000004,
            0.035965000000000004,
            0.03597600000000001,
            0.035974000000000006,
            0.036673000000000004,
            0.035708000000000004,
            0.049087000000000006,
            0.04167200000000001,
            0.03720400000000001,
            0.03996100000000001,
            0.04554100000000001,
            0.043602,
            0.045341000000000006,
            0.03884800000000001,
            0.031994,
            0.031996000000000004,
            0.036895000000000004,
            0.04002900000000001,
            0.033268000000000006,
            0.031949000000000005,
            0.033015,
            0.04027900000000001,
            0.038217,
            0.032569,
            0.034265000000000004,
            0.04205400000000001,
            0.031306,
            0.031306,
            0.031306
        ],
        [
            0.012178,
            0.021289999999999996,
            0.013406999999999999,
            0.026277000000000002,
            0.0,
            0.01293,
            0.023294000000000002,
            0.021155,
            0.021155,
            0.024294999999999997,
            0.022162,
            0.021155,
            0.021155,
            0.018843,
            0.021016,
            0.025892,
            0.019796,
            0.018799,
            0.02284,
            0.021593,
            0.025847999999999996,
            0.024097,
            0.02285,
            0.024418,
            0.024429,
            0.024427,
            0.025126,
            0.024161,
            0.037540000000000004,
            0.030125000000000002,
            0.025657,
            0.028414000000000002,
            0.033994,
            0.032055,
            0.033794000000000005,
            0.027301,
            0.020447,
            0.020449,
            0.025348,
            0.028482,
            0.021720999999999997,
            0.020401999999999997,
            0.021468,
            0.028732,
            0.02667,
            0.021022,
            0.022718000000000002,
            0.030507,
            0.019759,
            0.019759,
            0.019759
        ],
        [
            0.019233999999999998,
            0.028345999999999996,
            0.020463,
            0.033333,
            0.01293,
            0.0,
            0.030350000000000002,
            0.028211,
            0.028211,
            0.031351,
            0.029218,
            0.028211,
            0.028211,
            0.025899,
            0.028072,
            0.032948,
            0.026852,
            0.025855,
            0.029896,
            0.028649,
            0.032903999999999996,
            0.031153,
            0.029906,
            0.031474,
            0.031485,
            0.031483,
            0.032182,
            0.031216999999999998,
            0.044596,
            0.037181000000000006,
            0.032713,
            0.03547,
            0.04105,
            0.039111,
            0.04085,
            0.034357,
            0.027503,
            0.027504999999999998,
            0.032404,
            0.035538,
            0.028776999999999997,
            0.027457999999999996,
            0.028524,
            0.035788,
            0.033726,
            0.028078,
            0.029774000000000002,
            0.037563,
            0.026815,
            0.026815,
            0.026815
        ],
        [
            0.01913,
            0.028242,
            0.020359000000000002,
            0.034841000000000004,
            0.023294000000000002,
            0.030350000000000002,
            0.0,
            0.006677,
            0.006677,
            0.009817,
            0.007684,
            0.006677,
            0.006677,
            0.025795000000000002,
            0.027968,
            0.032844,
            0.026748,
            0.025751000000000003,
            0.029792000000000003,
            0.028545,
            0.0328,
            0.031049000000000004,
            0.029802000000000002,
            0.03137,
            0.031381000000000006,
            0.031379000000000004,
            0.032078,
            0.031113000000000002,
            0.044492000000000004,
            0.037077000000000006,
            0.032609000000000006,
            0.03536600000000001,
            0.04094600000000001,
            0.039007,
            0.040746000000000004,
            0.034253000000000006,
            0.027399,
            0.027401000000000002,
            0.0323,
            0.03543400000000001,
            0.028673000000000004,
            0.027354000000000003,
            0.02842,
            0.03568400000000001,
            0.033622,
            0.027974000000000002,
            0.029670000000000002,
            0.037459000000000006,
            0.026711000000000002,
            0.026711000000000002,
            0.026711000000000002
        ],
        [
            0.016991,
            0.026103,
            0.01822,
            0.032702,
            0.021155,
            0.028211,
            0.006677,
            0.0,
            0.0,
            0.00314,
            0.001007,
            0.0,
            0.0,
            0.023656,
            0.025828999999999998,
            0.030705,
            0.024609,
            0.023612,
            0.027653,
            0.026406,
            0.030661,
            0.02891,
            0.027663,
            0.029231,
            0.029242,
            0.029240000000000002,
            0.029939,
            0.028974,
            0.042353,
            0.034938000000000004,
            0.030470000000000004,
            0.033227000000000007,
            0.03880700000000001,
            0.036868,
            0.038607,
            0.032114000000000004,
            0.025259999999999998,
            0.025262,
            0.030161,
            0.033295000000000005,
            0.026534000000000002,
            0.025215,
            0.026281,
            0.033545000000000005,
            0.031483,
            0.025835,
            0.027531,
            0.035320000000000004,
            0.024572,
            0.024572,
            0.024572
        ],
        [
            0.016991,
            0.026103,
            0.01822,
            0.032702,
            0.021155,
            0.028211,
            0.006677,
            0.0,
            0.0,
            0.00314,
            0.001007,
            0.0,
            0.0,
            0.023656,
            0.025828999999999998,
            0.030705,
            0.024609,
            0.023612,
            0.027653,
            0.026406,
            0.030661,
            0.02891,
            0.027663,
            0.029231,
            0.029242,
            0.029240000000000002,
            0.029939,
            0.028974,
            0.042353,
            0.034938000000000004,
            0.030470000000000004,
            0.033227000000000007,
            0.03880700000000001,
            0.036868,
            0.038607,
            0.032114000000000004,
            0.025259999999999998,
            0.025262,
            0.030161,
            0.033295000000000005,
            0.026534000000000002,
            0.025215,
            0.026281,
            0.033545000000000005,
            0.031483,
            0.025835,
            0.027531,
            0.035320000000000004,
            0.024572,
            0.024572,
            0.024572
        ],
        [
            0.020131,
            0.029242999999999998,
            0.021359999999999997,
            0.035842,
            0.024294999999999997,
            0.031351,
            0.009817,
            0.00314,
            0.00314,
            0.0,
            0.004147,
            0.00314,
            0.00314,
            0.026796,
            0.028969,
            0.033845,
            0.027749000000000003,
            0.026752,
            0.030793,
            0.029546000000000003,
            0.033801,
            0.03205,
            0.030803,
            0.032371,
            0.032382,
            0.032380000000000006,
            0.033079,
            0.032114000000000004,
            0.045493000000000006,
            0.038078,
            0.03361,
            0.036367000000000003,
            0.041947000000000005,
            0.040008,
            0.041747000000000006,
            0.035254,
            0.0284,
            0.028402,
            0.033301,
            0.036435,
            0.029674,
            0.028354999999999998,
            0.029421000000000003,
            0.036685,
            0.034623,
            0.028975,
            0.030671000000000004,
            0.03846,
            0.027712,
            0.027712,
            0.027712
        ],
        [
            0.017998,
            0.02711,
            0.019227,
            0.033709,
            0.022162,
            0.029218,
            0.007684,
            0.001007,
            0.001007,
            0.004147,
            0.0,
            0.001007,
            0.001007,
            0.024663,
            0.026836,
            0.031712000000000004,
            0.025616,
            0.024619000000000002,
            0.02866,
            0.027413,
            0.031668,
            0.029917000000000003,
            0.02867,
            0.030238,
            0.030249,
            0.030247000000000003,
            0.030946,
            0.029981,
            0.04336,
            0.035945000000000005,
            0.031477000000000005,
            0.034234,
            0.039814,
            0.037875000000000006,
            0.039614,
            0.033121,
            0.026267,
            0.026269,
            0.031168,
            0.034302,
            0.027541000000000003,
            0.026222000000000002,
            0.027288,
            0.034552,
            0.032490000000000005,
            0.026842,
            0.028538,
            0.036327,
            0.025579,
            0.025579,
            0.025579
        ],
        [
            0.016991,
            0.026103,
            0.01822,
            0.032702,
            0.021155,
            0.028211,
            0.006677,
            0.0,
            0.0,
            0.00314,
            0.001007,
            0.0,
            0.0,
            0.023656,
            0.025828999999999998,
            0.030705,
            0.024609,
            0.023612,
            0.027653,
            0.026406,
            0.030661,
            0.02891,
            0.027663,
            0.029231,
            0.029242,
            0.029240000000000002,
            0.029939,
            0.028974,
            0.042353,
            0.034938000000000004,
            0.030470000000000004,
            0.033227000000000007,
            0.03880700000000001,
            0.036868,
            0.038607,
            0.032114000000000004,
            0.025259999999999998,
            0.025262,
            0.030161,
            0.033295000000000005,
            0.026534000000000002,
            0.025215,
            0.026281,
            0.033545000000000005,
            0.031483,
            0.025835,
            0.027531,
            0.035320000000000004,
            0.024572,
            0.024572,
            0.024572
        ],
        [
            0.016991,
            0.026103,
            0.01822,
            0.032702,
            0.021155,
            0.028211,
            0.006677,
            0.0,
            0.0,
            0.00314,
            0.001007,
            0.0,
            0.0,
            0.023656,
            0.025828999999999998,
            0.030705,
            0.024609,
            0.023612,
            0.027653,
            0.026406,
            0.030661,
            0.02891,
            0.027663,
            0.029231,
            0.029242,
            0.029240000000000002,
            0.029939,
            0.028974,
            0.042353,
            0.034938000000000004,
            0.030470000000000004,
            0.033227000000000007,
            0.03880700000000001,
            0.036868,
            0.038607,
            0.032114000000000004,
            0.025259999999999998,
            0.025262,
            0.030161,
            0.033295000000000005,
            0.026534000000000002,
            0.025215,
            0.026281,
            0.033545000000000005,
            0.031483,
            0.025835,
            0.027531,
            0.035320000000000004,
            0.024572,
            0.024572,
            0.024572
        ],
        [
            0.013645,
            0.023791,
            0.015908,
            0.030390000000000004,
            0.018843,
            0.025899,
            0.025795000000000002,
            0.023656,
            0.023656,
            0.026796,
            0.024663,
            0.023656,
            0.023656,
            0.0,
            0.010787,
            0.015663,
            0.009566999999999999,
            0.008570000000000001,
            0.012611,
            0.011363999999999999,
            0.015619,
            0.018856,
            0.017609,
            0.019177,
            0.019188,
            0.019186,
            0.019885,
            0.01892,
            0.032299,
            0.024884000000000003,
            0.020416000000000004,
            0.023173,
            0.028753,
            0.026813999999999998,
            0.028553000000000002,
            0.02206,
            0.015205999999999999,
            0.015208,
            0.020107,
            0.023240999999999998,
            0.01648,
            0.015160999999999999,
            0.016227,
            0.023490999999999998,
            0.021429,
            0.015781,
            0.017477,
            0.025265999999999997,
            0.014518,
            0.014518,
            0.014518
        ],
        [
            0.015818,
            0.025963999999999997,
            0.018081,
            0.032563,
            0.021016,
            0.028072,
            0.027968,
            0.025828999999999998,
            0.025828999999999998,
            0.028969,
            0.026836,
            0.025828999999999998,
            0.025828999999999998,
            0.010787,
            0.0,
            0.017835999999999998,
            0.01174,
            0.010742999999999999,
            0.014784,
            0.013537,
            0.017792,
            0.021029,
            0.019782,
            0.02135,
            0.021360999999999998,
            0.021359000000000003,
            0.022058,
            0.021093,
            0.034472,
            0.027057,
            0.022589,
            0.025346,
            0.030926000000000002,
            0.028987,
            0.030726,
            0.024232999999999998,
            0.017379,
            0.017381,
            0.02228,
            0.025414,
            0.018653,
            0.017334,
            0.0184,
            0.025664,
            0.023601999999999998,
            0.017953999999999998,
            0.01965,
            0.027438999999999998,
            0.016690999999999998,
            0.016690999999999998,
            0.016690999999999998
        ],
        [
            0.020693999999999997,
            0.03084,
            0.022956999999999998,
            0.037439,
            0.025892,
            0.032948,
            0.032844,
            0.030705,
            0.030705,
            0.033845,
            0.031712000000000004,
            0.030705,
            0.030705,
            0.015663,
            0.017835999999999998,
            0.0,
            0.01445,
            0.013453,
            0.01966,
            0.018413,
            0.022668,
            0.025905,
            0.024658,
            0.026226,
            0.026237,
            0.026235,
            0.026934,
            0.025969,
            0.039348,
            0.031933,
            0.027465000000000003,
            0.030222,
            0.035802,
            0.033863,
            0.035602,
            0.029109,
            0.022254999999999997,
            0.022257,
            0.027156,
            0.030289999999999997,
            0.023529,
            0.02221,
            0.023275999999999998,
            0.030539999999999998,
            0.028478,
            0.02283,
            0.024526,
            0.032314999999999997,
            0.021567,
            0.021567,
            0.021567
        ],
        [
            0.014598,
            0.024744,
            0.016861,
            0.031343,
            0.019796,
            0.026852,
            0.026748,
            0.024609,
            0.024609,
            0.027749000000000003,
            0.025616,
            0.024609,
            0.024609,
            0.009566999999999999,
            0.01174,
            0.01445,
            0.0,
            0.007357000000000001,
            0.013564,
            0.012317,
            0.016572,
            0.019809,
            0.018562000000000002,
            0.020130000000000002,
            0.020141,
            0.020139000000000004,
            0.020838000000000002,
            0.019873000000000002,
            0.033252000000000004,
            0.025837000000000002,
            0.021369000000000003,
            0.024126,
            0.029706000000000003,
            0.027767,
            0.029506,
            0.023013,
            0.016159,
            0.016161000000000002,
            0.021060000000000002,
            0.024194,
            0.017433,
            0.016114,
            0.01718,
            0.024444,
            0.022382,
            0.016734,
            0.018430000000000002,
            0.026219,
            0.015470999999999999,
            0.015470999999999999,
            0.015470999999999999
        ],
        [
            0.013601,
            0.023746999999999997,
            0.015864,
            0.030346000000000005,
            0.018799,
            0.025855,
            0.025751000000000003,
            0.023612,
            0.023612,
            0.026752,
            0.024619000000000002,
            0.023612,
            0.023612,
            0.008570000000000001,
            0.010742999999999999,
            0.013453,
            0.007357000000000001,
            0.0,
            0.012567000000000002,
            0.01132,
            0.015574999999999999,
            0.018812000000000002,
            0.017565,
            0.019133,
            0.019144,
            0.019142000000000003,
            0.019841,
            0.018876,
            0.032255,
            0.02484,
            0.020372,
            0.023129000000000004,
            0.028709000000000005,
            0.026770000000000002,
            0.028509,
            0.022016,
            0.015162,
            0.015164,
            0.020063,
            0.023197000000000002,
            0.016436,
            0.015117,
            0.016183000000000003,
            0.023447000000000003,
            0.021385,
            0.015737,
            0.017433000000000004,
            0.025222,
            0.014474,
            0.014474,
            0.014474
        ],
        [
            0.017641999999999998,
            0.027788,
            0.019905,
            0.034387,
            0.02284,
            0.029896,
            0.029792000000000003,
            0.027653,
            0.027653,
            0.030793,
            0.02866,
            0.027653,
            0.027653,
            0.012611,
            0.014784,
            0.01966,
            0.013564,
            0.012567000000000002,
            0.0,
            0.007931,
            0.012185999999999999,
            0.022853000000000002,
            0.021606,
            0.023174,
            0.023185,
            0.023183000000000002,
            0.023882,
            0.022917,
            0.036296,
            0.028881000000000004,
            0.024413000000000004,
            0.02717,
            0.03275,
            0.030810999999999998,
            0.03255,
            0.026057,
            0.019202999999999998,
            0.019205,
            0.024104,
            0.027238,
            0.020477000000000002,
            0.019158,
            0.020224,
            0.027488,
            0.025426,
            0.019778,
            0.021474,
            0.029262999999999997,
            0.018515,
            0.018515,
            0.018515
        ],
        [
            0.016395,
            0.026541,
            0.018658,
            0.03314,
            0.021593,
            0.028649,
            0.028545,
            0.026406,
            0.026406,
            0.029546000000000003,
            0.027413,
            0.026406,
            0.026406,
            0.011363999999999999,
            0.013537,
            0.018413,
            0.012317,
            0.01132,
            0.007931,
            0.0,
            0.010641,
            0.021606,
            0.020359000000000002,
            0.021927000000000002,
            0.021938,
            0.021936000000000004,
            0.022635000000000002,
            0.021670000000000002,
            0.035049,
            0.027634000000000002,
            0.023166000000000003,
            0.025923,
            0.031503,
            0.029564,
            0.031303,
            0.02481,
            0.017956,
            0.017958000000000002,
            0.022857000000000002,
            0.025991,
            0.01923,
            0.017911,
            0.018977,
            0.026241,
            0.024179,
            0.018531,
            0.020227000000000002,
            0.028016,
            0.017268,
            0.017268,
            0.017268
        ],
        [
            0.020649999999999998,
            0.030795999999999997,
            0.022912999999999996,
            0.037395000000000005,
            0.025847999999999996,
            0.032903999999999996,
            0.0328,
            0.030661,
            0.030661,
            0.033801,
            0.031668,
            0.030661,
            0.030661,
            0.015619,
            0.017792,
            0.022668,
            0.016572,
            0.015574999999999999,
            0.012185999999999999,
            0.010641,
            0.0,
            0.025861000000000002,
            0.024613999999999997,
            0.026181999999999997,
            0.026193,
            0.026191,
            0.026889999999999997,
            0.025924999999999997,
            0.039304,
            0.031889,
            0.027421,
            0.030178,
            0.035758,
            0.033819,
            0.035558,
            0.029065,
            0.022210999999999998,
            0.022212999999999997,
            0.027111999999999997,
            0.030246,
            0.023485,
            0.022165999999999998,
            0.023232,
            0.030496,
            0.028434,
            0.022786,
            0.024482,
            0.032270999999999994,
            0.021522999999999997,
            0.021522999999999997,
            0.021522999999999997
        ],
        [
            0.018899,
            0.029045,
            0.021162,
            0.03564400000000001,
            0.024097,
            0.031153,
            0.031049000000000004,
            0.02891,
            0.02891,
            0.03205,
            0.029917000000000003,
            0.02891,
            0.02891,
            0.018856,
            0.021029,
            0.025905,
            0.019809,
            0.018812000000000002,
            0.022853000000000002,
            0.021606,
            0.025861000000000002,
            0.0,
            0.007075,
            0.008643,
            0.008653999999999998,
            0.008652,
            0.009351,
            0.008386,
            0.031317,
            0.023902,
            0.019434,
            0.022191000000000002,
            0.027771000000000004,
            0.025832,
            0.027571000000000002,
            0.025946,
            0.019092,
            0.019094,
            0.023993,
            0.027127,
            0.020366000000000002,
            0.019047,
            0.020113,
            0.027377,
            0.025315,
            0.019667,
            0.021363,
            0.029151999999999997,
            0.018404,
            0.018404,
            0.018404
        ],
        [
            0.017652,
            0.027797999999999996,
            0.019915,
            0.034397000000000004,
            0.02285,
            0.029906,
            0.029802000000000002,
            0.027663,
            0.027663,
            0.030803,
            0.02867,
            0.027663,
            0.027663,
            0.017609,
            0.019782,
            0.024658,
            0.018562000000000002,
            0.017565,
            0.021606,
            0.020359000000000002,
            0.024613999999999997,
            0.007075,
            0.0,
            0.005676,
            0.005686999999999999,
            0.005685,
            0.006384000000000001,
            0.005419,
            0.03007,
            0.022655,
            0.018187000000000002,
            0.020944,
            0.026524000000000002,
            0.024585,
            0.026324,
            0.024699,
            0.017845,
            0.017847,
            0.022746,
            0.02588,
            0.019118999999999997,
            0.0178,
            0.018866,
            0.02613,
            0.024068,
            0.01842,
            0.020116000000000002,
            0.027905,
            0.017157,
            0.017157,
            0.017157
        ],
        [
            0.01922,
            0.029365999999999996,
            0.021483,
            0.035965000000000004,
            0.024418,
            0.031474,
            0.03137,
            0.029231,
            0.029231,
            0.032371,
            0.030238,
            0.029231,
            0.029231,
            0.019177,
            0.02135,
            0.026226,
            0.020130000000000002,
            0.019133,
            0.023174,
            0.021927000000000002,
            0.026181999999999997,
            0.008643,
            0.005676,
            0.0,
            0.0040669999999999994,
            0.004065,
            0.004764,
            0.003799,
            0.031638,
            0.024223,
            0.019755,
            0.022511999999999997,
            0.028092000000000002,
            0.026153,
            0.027892,
            0.026267,
            0.019413,
            0.019414999999999998,
            0.024314,
            0.027448,
            0.020686999999999997,
            0.019368,
            0.020434,
            0.027698,
            0.025636,
            0.019988,
            0.021684000000000002,
            0.029473,
            0.018725,
            0.018725,
            0.018725
        ],
        [
            0.019230999999999998,
            0.029377,
            0.021494,
            0.03597600000000001,
            0.024429,
            0.031485,
            0.031381000000000006,
            0.029242,
            0.029242,
            0.032382,
            0.030249,
            0.029242,
            0.029242,
            0.019188,
            0.021360999999999998,
            0.026237,
            0.020141,
            0.019144,
            0.023185,
            0.021938,
            0.026193,
            0.008653999999999998,
            0.005686999999999999,
            0.0040669999999999994,
            0.0,
            0.004076,
            0.004775,
            0.00381,
            0.031649,
            0.024234,
            0.019766,
            0.022523,
            0.028103000000000003,
            0.026164,
            0.027903,
            0.026278,
            0.019424,
            0.019426,
            0.024325,
            0.027458999999999997,
            0.020698,
            0.019379,
            0.020444999999999998,
            0.027708999999999998,
            0.025647,
            0.019999,
            0.021695,
            0.029483999999999996,
            0.018736,
            0.018736,
            0.018736
        ],
        [
            0.019229000000000003,
            0.029375,
            0.021492,
            0.035974000000000006,
            0.024427,
            0.031483,
            0.031379000000000004,
            0.029240000000000002,
            0.029240000000000002,
            0.032380000000000006,
            0.030247000000000003,
            0.029240000000000002,
            0.029240000000000002,
            0.019186,
            0.021359000000000003,
            0.026235,
            0.020139000000000004,
            0.019142000000000003,
            0.023183000000000002,
            0.021936000000000004,
            0.026191,
            0.008652,
            0.005685,
            0.004065,
            0.004076,
            0.0,
            0.004773,
            0.003808,
            0.031647,
            0.024232000000000004,
            0.019764000000000004,
            0.022521,
            0.028101000000000004,
            0.026162,
            0.027901000000000002,
            0.026276,
            0.019422000000000002,
            0.019424,
            0.024323,
            0.027457000000000002,
            0.020696,
            0.019377000000000002,
            0.020443000000000003,
            0.027707000000000002,
            0.025645,
            0.019997,
            0.021693000000000004,
            0.029482,
            0.018734,
            0.018734,
            0.018734
        ],
        [
            0.019928,
            0.030073999999999997,
            0.022191,
            0.036673000000000004,
            0.025126,
            0.032182,
            0.032078,
            0.029939,
            0.029939,
            0.033079,
            0.030946,
            0.029939,
            0.029939,
            0.019885,
            0.022058,
            0.026934,
            0.020838000000000002,
            0.019841,
            0.023882,
            0.022635000000000002,
            0.026889999999999997,
            0.009351,
            0.006384000000000001,
            0.004764,
            0.004775,
            0.004773,
            0.0,
            0.002945,
            0.032346,
            0.024931000000000002,
            0.020463000000000002,
            0.023219999999999998,
            0.028800000000000003,
            0.026861,
            0.0286,
            0.026975,
            0.020121,
            0.020123,
            0.025022,
            0.028156,
            0.021394999999999997,
            0.020076,
            0.021142,
            0.028406,
            0.026344,
            0.020696,
            0.022392000000000002,
            0.030181,
            0.019433,
            0.019433,
            0.019433
        ],
        [
            0.018963,
            0.029108999999999996,
            0.021226,
            0.035708000000000004,
            0.024161,
            0.031216999999999998,
            0.031113000000000002,
            0.028974,
            0.028974,
            0.032114000000000004,
            0.029981,
            0.028974,
            0.028974,
            0.01892,
            0.021093,
            0.025969,
            0.019873000000000002,
            0.018876,
            0.022917,
            0.021670000000000002,
            0.025924999999999997,
            0.008386,
            0.005419,
            0.003799,
            0.00381,
            0.003808,
            0.002945,
            0.0,
            0.031381,
            0.023966,
            0.019498,
            0.022254999999999997,
            0.027835000000000002,
            0.025896,
            0.027635,
            0.02601,
            0.019156,
            0.019157999999999998,
            0.024057,
            0.027191,
            0.020429999999999997,
            0.019111,
            0.020177,
            0.027441,
            0.025379,
            0.019731,
            0.021427,
            0.029216,
            0.018468,
            0.018468,
            0.018468
        ],
        [
            0.032342,
            0.042488,
            0.034605,
            0.049087000000000006,
            0.037540000000000004,
            0.044596,
            0.044492000000000004,
            0.042353,
            0.042353,
            0.045493000000000006,
            0.04336,
            0.042353,
            0.042353,
            0.032299,
            0.034472,
            0.039348,
            0.033252000000000004,
            0.032255,
            0.036296,
            0.035049,
            0.039304,
            0.031317,
            0.03007,
            0.031638,
            0.031649,
            0.031647,
            0.032346,
            0.031381,
            0.0,
            0.009717,
            0.012845,
            0.015602,
            0.021182,
            0.019243,
            0.020982,
            0.039389,
            0.032535,
            0.032536999999999996,
            0.037436,
            0.040569999999999995,
            0.033809,
            0.03249,
            0.033556,
            0.040819999999999995,
            0.038758,
            0.03311,
            0.034806000000000004,
            0.042594999999999994,
            0.031847,
            0.031847,
            0.031847
        ],
        [
            0.024927000000000005,
            0.035073,
            0.027190000000000002,
            0.04167200000000001,
            0.030125000000000002,
            0.037181000000000006,
            0.037077000000000006,
            0.034938000000000004,
            0.034938000000000004,
            0.038078,
            0.035945000000000005,
            0.034938000000000004,
            0.034938000000000004,
            0.024884000000000003,
            0.027057,
            0.031933,
            0.025837000000000002,
            0.02484,
            0.028881000000000004,
            0.027634000000000002,
            0.031889,
            0.023902,
            0.022655,
            0.024223,
            0.024234,
            0.024232000000000004,
            0.024931000000000002,
            0.023966,
            0.009717,
            0.0,
            0.00543,
            0.008187,
            0.013767000000000001,
            0.011828,
            0.013567000000000001,
            0.031974,
            0.02512,
