{
    "NEXUS_FILE_URL": "http://purl.org/phylo/treebase/phylows/study/TB2:S13754",
    "NEWICK_TREE": "((16:0.001024,17:0.001038,18:0.001066):0.0015645,(7:0.004211,8:0.002113,9:0.001038,10:0.001026,11:0.001044,12:0.001046,13:0.00104,14:0.001014,15:0.001063,(1:0.001075,2:0.003119,3:0.001016,4:0.001081,5:0.001049,6:0.001032):0.002075,(19:0.002234,(20:0.001017,21:0.001047,22:0.001036,23:0.001045,24:0.001053,25:0.001022):0.03497):0.005244):0.0015645);",
    "DISTANCE_MATRIX": [
        [
            0.0,
            0.002062,
            0.00209,
            0.008364,
            0.006265999999999999,
            0.0051909999999999994,
            0.005179,
            0.005196999999999999,
            0.005199,
            0.005193,
            0.005167,
            0.005215999999999999,
            0.007303,
            0.009347,
            0.007244,
            0.0073089999999999995,
            0.007277,
            0.00726,
            0.011630999999999999,
            0.045384,
            0.045414,
            0.045403000000000006,
            0.045412,
            0.045419999999999995,
            0.045389000000000006
        ],
        [
            0.002062,
            0.0,
            0.002104,
            0.008378,
            0.006279999999999999,
            0.0052049999999999996,
            0.005193,
            0.0052109999999999995,
            0.005213,
            0.005207,
            0.005181,
            0.005229999999999999,
            0.007317,
            0.009361,
            0.007258,
            0.007323,
            0.007291,
            0.007274,
            0.011644999999999999,
            0.045398,
            0.045428,
            0.045417000000000006,
            0.045426,
            0.045433999999999995,
            0.045403000000000006
        ],
        [
            0.00209,
            0.002104,
            0.0,
            0.008406,
            0.006307999999999999,
            0.005233,
            0.005221,
            0.005239,
            0.005241,
            0.005235,
            0.005209,
            0.005258,
            0.007345,
            0.009389,
            0.007286,
            0.007351,
            0.007319,
            0.007302,
            0.011673,
            0.045426,
            0.045456,
            0.045445000000000006,
            0.045454,
            0.045461999999999995,
            0.045431000000000006
        ],
        [
            0.008364,
            0.008378,
            0.008406,
            0.0,
            0.006324,
            0.005249,
            0.005237,
            0.005255,
            0.005257,
            0.0052510000000000005,
            0.0052250000000000005,
            0.005274,
            0.007361,
            0.009405,
            0.007302,
            0.007367,
            0.007335,
            0.007318,
            0.011689000000000001,
            0.045441999999999996,
            0.045472,
            0.045461,
            0.04547,
            0.045478,
            0.045447
        ],
        [
            0.006265999999999999,
            0.006279999999999999,
            0.006307999999999999,
            0.006324,
            0.0,
            0.003151,
            0.003139,
            0.003157,
            0.003159,
            0.0031529999999999996,
            0.0031269999999999996,
            0.003176,
            0.005263,
            0.007306999999999999,
            0.005204,
            0.005268999999999999,
            0.005237,
            0.00522,
            0.009591,
            0.043343999999999994,
            0.043373999999999996,
            0.043363,
            0.043371999999999994,
            0.043379999999999995,
            0.043349
        ],
        [
            0.0051909999999999994,
            0.0052049999999999996,
            0.005233,
            0.005249,
            0.003151,
            0.0,
            0.002064,
            0.002082,
            0.002084,
            0.002078,
            0.002052,
            0.002101,
            0.004188,
            0.006232,
            0.004129,
            0.004194,
            0.004162,
            0.004145,
            0.008516000000000001,
            0.042268999999999994,
            0.042298999999999996,
            0.042288,
            0.042296999999999994,
            0.042304999999999995,
            0.042274
        ],
        [
            0.005179,
            0.005193,
            0.005221,
            0.005237,
            0.003139,
            0.002064,
            0.0,
            0.00207,
            0.002072,
            0.002066,
            0.00204,
            0.0020889999999999997,
            0.004176,
            0.00622,
            0.004117,
            0.004182,
            0.00415,
            0.0041329999999999995,
            0.008504000000000001,
            0.042256999999999996,
            0.042287,
            0.042276,
            0.042284999999999996,
            0.042293,
            0.042262
        ],
        [
            0.005196999999999999,
            0.0052109999999999995,
            0.005239,
            0.005255,
            0.003157,
            0.002082,
            0.00207,
            0.0,
            0.00209,
            0.002084,
            0.002058,
            0.002107,
            0.004194,
            0.006238,
            0.004135,
            0.0042,
            0.004168,
            0.004151,
            0.008522,
            0.042275,
            0.042305,
            0.042294000000000005,
            0.042303,
            0.042311,
            0.042280000000000005
        ],
        [
            0.005199,
            0.005213,
            0.005241,
            0.005257,
            0.003159,
            0.002084,
            0.002072,
            0.00209,
            0.0,
            0.002086,
            0.00206,
            0.0021089999999999998,
            0.004196,
            0.00624,
            0.004137,
            0.004202,
            0.00417,
            0.0041530000000000004,
            0.008524,
            0.042276999999999995,
            0.042307,
            0.042296,
            0.042304999999999995,
            0.042312999999999996,
            0.042282
        ],
        [
            0.005193,
            0.005207,
            0.005235,
            0.0052510000000000005,
            0.0031529999999999996,
            0.002078,
            0.002066,
            0.002084,
            0.002086,
            0.0,
            0.002054,
            0.002103,
            0.00419,
            0.006234,
            0.004131,
            0.004196,
            0.004164,
            0.004147,
            0.008518,
            0.042270999999999996,
            0.042301,
            0.04229,
            0.042298999999999996,
            0.042307,
            0.042276
        ],
        [
            0.005167,
            0.005181,
            0.005209,
            0.0052250000000000005,
            0.0031269999999999996,
            0.002052,
            0.00204,
            0.002058,
            0.00206,
            0.002054,
            0.0,
            0.002077,
            0.004164,
            0.006208,
            0.004105,
            0.00417,
            0.004138,
            0.004121,
            0.008492,
            0.042245,
            0.042275,
            0.042264,
            0.042273,
            0.042281,
            0.04225
        ],
        [
            0.005215999999999999,
            0.005229999999999999,
            0.005258,
            0.005274,
            0.003176,
            0.002101,
            0.0020889999999999997,
            0.002107,
            0.0021089999999999998,
            0.002103,
            0.002077,
            0.0,
            0.004213,
            0.0062569999999999995,
            0.004154,
            0.004219,
            0.004187,
            0.00417,
            0.008541,
            0.042294,
            0.042324,
            0.042313,
            0.042322,
            0.04233,
            0.042299
        ],
        [
            0.007303,
            0.007317,
            0.007345,
            0.007361,
            0.005263,
            0.004188,
            0.004176,
            0.004194,
            0.004196,
            0.00419,
            0.004164,
            0.004213,
            0.0,
            0.004194,
            0.002091,
            0.002156,
            0.002124,
            0.002107,
            0.010628,
            0.044381,
            0.044411,
            0.0444,
            0.044409,
            0.044417,
            0.044386
        ],
        [
            0.009347,
            0.009361,
            0.009389,
            0.009405,
            0.007306999999999999,
            0.006232,
            0.00622,
            0.006238,
            0.00624,
            0.006234,
            0.006208,
            0.0062569999999999995,
            0.004194,
            0.0,
            0.004135,
            0.0042,
            0.004168,
            0.004151,
            0.012672,
            0.046424999999999994,
            0.046454999999999996,
            0.046444,
            0.046452999999999994,
            0.046460999999999995,
            0.04643
        ],
        [
            0.007244,
            0.007258,
            0.007286,
            0.007302,
            0.005204,
            0.004129,
            0.004117,
            0.004135,
            0.004137,
            0.004131,
            0.004105,
            0.004154,
            0.002091,
            0.004135,
            0.0,
            0.002097,
            0.002065,
            0.002048,
            0.010569,
            0.044322,
            0.044352,
            0.044341000000000005,
            0.04435,
            0.044357999999999995,
            0.044327000000000005
        ],
        [
            0.0073089999999999995,
            0.007323,
            0.007351,
            0.007367,
            0.005268999999999999,
            0.004194,
            0.004182,
            0.0042,
            0.004202,
            0.004196,
            0.00417,
            0.004219,
            0.002156,
            0.0042,
            0.002097,
            0.0,
            0.00213,
            0.002113,
            0.010634000000000001,
            0.044386999999999996,
            0.044417,
            0.044406,
            0.044414999999999996,
            0.044423,
            0.044392
        ],
        [
            0.007277,
            0.007291,
            0.007319,
            0.007335,
            0.005237,
            0.004162,
            0.00415,
            0.004168,
            0.00417,
            0.004164,
            0.004138,
            0.004187,
            0.002124,
            0.004168,
            0.002065,
            0.00213,
            0.0,
            0.002081,
            0.010602,
            0.044355,
            0.044385,
            0.044374000000000004,
            0.044383,
            0.044391,
            0.044360000000000004
        ],
        [
            0.00726,
            0.007274,
            0.007302,
            0.007318,
            0.00522,
            0.004145,
            0.0041329999999999995,
            0.004151,
            0.0041530000000000004,
            0.004147,
            0.004121,
            0.00417,
            0.002107,
            0.004151,
            0.002048,
            0.002113,
            0.002081,
            0.0,
            0.010585,
            0.044337999999999995,
            0.044368,
            0.044357,
            0.044365999999999996,
            0.044374,
            0.044343
        ],
        [
            0.011630999999999999,
            0.011644999999999999,
            0.011673,
            0.011689000000000001,
            0.009591,
            0.008516000000000001,
            0.008504000000000001,
            0.008522,
            0.008524,
            0.008518,
            0.008492,
            0.008541,
            0.010628,
            0.012672,
            0.010569,
            0.010634000000000001,
            0.010602,
            0.010585,
            0.0,
            0.038221,
            0.038251,
            0.03824,
            0.038249,
            0.038257,
            0.038226
        ],
        [
            0.045384,
            0.045398,
            0.045426,
            0.045441999999999996,
            0.043343999999999994,
            0.042268999999999994,
            0.042256999999999996,
            0.042275,
            0.042276999999999995,
            0.042270999999999996,
            0.042245,
            0.042294,
            0.044381,
            0.046424999999999994,
            0.044322,
            0.044386999999999996,
            0.044355,
            0.044337999999999995,
            0.038221,
            0.0,
            0.002064,
            0.002053,
            0.0020619999999999996,
            0.00207,
            0.002039
        ],
        [
            0.045414,
            0.045428,
            0.045456,
            0.045472,
            0.043373999999999996,
            0.042298999999999996,
            0.042287,
            0.042305,
            0.042307,
            0.042301,
            0.042275,
            0.042324,
            0.044411,
            0.046454999999999996,
            0.044352,
            0.044417,
            0.044385,
            0.044368,
            0.038251,
            0.002064,
            0.0,
            0.0020829999999999998,
            0.002092,
            0.0021,
            0.0020689999999999997
        ],
        [
            0.045403000000000006,
            0.045417000000000006,
            0.045445000000000006,
            0.045461,
            0.043363,
            0.042288,
            0.042276,
            0.042294000000000005,
            0.042296,
            0.04229,
            0.042264,
            0.042313,
            0.0444,
            0.046444,
            0.044341000000000005,
            0.044406,
            0.044374000000000004,
            0.044357,
            0.03824,
            0.002053,
            0.0020829999999999998,
            0.0,
            0.002081,
            0.0020889999999999997,
            0.002058
        ],
        [
            0.045412,
            0.045426,
            0.045454,
            0.04547,
            0.043371999999999994,
            0.042296999999999994,
            0.042284999999999996,
            0.042303,
            0.042304999999999995,
            0.042298999999999996,
            0.042273,
            0.042322,
            0.044409,
            0.046452999999999994,
            0.04435,
            0.044414999999999996,
            0.044383,
            0.044365999999999996,
            0.038249,
            0.0020619999999999996,
            0.002092,
            0.002081,
            0.0,
            0.002098,
            0.002067
        ],
        [
            0.045419999999999995,
            0.045433999999999995,
            0.045461999999999995,
            0.045478,
            0.043379999999999995,
            0.042304999999999995,
            0.042293,
            0.042311,
            0.042312999999999996,
            0.042307,
            0.042281,
            0.04233,
            0.044417,
            0.046460999999999995,
            0.044357999999999995,
            0.044423,
            0.044391,
            0.044374,
            0.038257,
            0.00207,
            0.0021,
            0.0020889999999999997,
            0.002098,
            0.0,
            0.0020749999999999996
        ],
        [
            0.045389000000000006,
            0.045403000000000006,
            0.045431000000000006,
            0.045447,
            0.043349,
            0.042274,
            0.042262,
            0.042280000000000005,
            0.042282,
            0.042276,
            0.04225,
            0.042299,
            0.044386,
            0.04643,
            0.044327000000000005,
            0.044392,
            0.044360000000000004,
            0.044343,
            0.038226,
            0.002039,
            0.0020689999999999997,
            0.002058,
            0.002067,
            0.0020749999999999996,
            0.0
        ]
    ],
    "NODE_MAPPING": {
        "0": "16",
        "1": "17",
        "2": "18",
        "3": "7",
        "4": "8",
        "5": "9",
        "6": "10",
        "7": "11",
        "8": "12",
        "9": "13",
        "10": "14",
        "11": "15",
        "12": "1",
        "13": "2",
        "14": "3",
        "15": "4",
        "16": "5",
        "17": "6",
        "18": "19",
        "19": "20",
        "20": "21",
        "21": "22",
        "22": "23",
        "23": "24",
        "24": "25"
    }
}