{
    "NEXUS_FILE_URL": "http://purl.org/phylo/treebase/phylows/study/TB2:S13375",
    "NEWICK_TREE": "((89:0.316044,((1:0.271957,((((((77:0.007582,57:0.007255):0.00569,(85:0.002903,(55:0.001373,54:0.002784):0.002933):0.012288):0.001325,5:0.023072):0.00399,(45:0.012913,(46:0.010739,65:0.007938):0.011592):0.006129):0.017462,((66:0.007344,67:0.001392):0.032993,((51:0.025532,(76:0.007033,70:0.005833):0.014794):0.007821,((79:0.005866,81:1.0E-6):0.028542,64:0.021665):0.015704):0.004628):0.014022):0.013787,(49:0.012114,((53:1.0E-6,(50:0.031877,48:0.004175):0.005885):0.015735,(((71:0.041427,(60:0.009786,((((80:1.0E-6,(68:1.0E-6,62:1.0E-6):1.0E-6):0.001922,(75:1.0E-6,(63:1.0E-6,61:0.005254):1.0E-6):6.8E-5):0.001929,(73:1.0E-6,(74:0.003488,72:1.0E-6):0.00174):0.005257):0.002659,52:0.012576):0.001787):0.007084):0.004189,(78:0.005284,(56:0.054876,58:0.002886):0.002985):0.01295):0.006624,((69:0.004677,(47:0.00853,59:0.007278):0.009591):0.010579,(82:0.004288,83:0.001307):0.011303):0.006841):0.007008):0.01404):0.020575):0.041766):0.025803,((((11:0.078299,((18:0.02123,26:0.018195):0.013559,(23:6.47E-4,25:0.002472):0.001642):0.020311):0.055706,((12:0.0478,(((29:0.037138,20:0.051126):0.017367,(31:0.090242,35:0.048118):0.007637):0.013029,((16:0.022331,(28:0.005827,(37:0.012946,15:0.006736):0.017704):0.040941):0.024989,(((30:0.054012,40:0.036299):0.019421,(41:0.056237,((34:0.048533,36:0.014273):0.004337,(((8:0.053466,9:0.016885):0.010467,(24:1.0E-6,33:0.019663):0.006285):0.011605,21:0.008957):0.024603):0.010601):0.017962):0.010007,(((10:0.013982,86:0.027391):0.005956,32:0.017611):0.006707,(22:0.027179,13:0.048777):0.02401):0.019613):0.016844):0.003556):0.007558):0.045552,(14:0.029201,17:0.038768):0.051167):0.17159):0.039435,(((43:0.024323,44:0.015541):0.003207,(87:0.021509,27:0.015311):0.007457):0.08834,(38:0.044183,19:0.092445):0.080504):0.051402):0.026557,((42:0.125723,39:0.083407):0.063426,((4:0.026247,(2:0.017538,7:0.004668):0.01574):0.130561,((3:0.012664,84:0.010276):0.177395,6:0.175906):0.032544):0.035476):0.018237):0.03027):0.119435):0.155006,88:0.155006);",
    "DISTANCE_MATRIX": [
        [
            0,
            0.733239,
            0.5528839999999999,
            0.552557,
            0.5548029999999999,
            0.556206,
            0.557617,
            0.5613589999999999,
            0.553339,
            0.562757,
            0.5599559999999999,
            0.571194,
            0.565242,
            0.568838,
            0.565133,
            0.563933,
            0.5855969999999999,
            0.5797319999999999,
            0.572854,
            0.5357369999999999,
            0.553399,
            0.5911599999999999,
            0.563458,
            0.596911,
            0.572354,
            0.570866,
            0.570867,
            0.570867,
            0.569012,
            0.569013,
            0.5742659999999999,
            0.572272,
            0.577499,
            0.574012,
            0.576931,
            0.569529,
            0.622106,
            0.570116,
            0.5667679999999999,
            0.580212,
            0.5789599999999999,
            0.5671029999999999,
            0.564122,
            0.665746,
            0.642547,
            0.639512,
            0.610047,
            0.611872,
            0.796683,
            0.823975,
            0.837963,
            0.867349,
            0.825225,
            0.8073170000000001,
            0.831754,
            0.856577,
            0.850367,
            0.860281,
            0.842568,
            0.861047,
            0.868281,
            0.834021,
            0.915552,
            0.8789710000000001,
            0.857905,
            0.877567,
            0.848971,
            0.823099,
            0.836508,
            0.820772,
            0.847643,
            0.869241,
            0.783699,
            0.793266,
            0.659578,
            0.6507959999999999,
            0.661014,
            0.654816,
            0.668395,
            0.7166570000000001,
            0.673135,
            0.630819,
            0.6762699999999999,
            0.6833009999999999,
            0.670431,
            0.742065,
            0.739677,
            0.727912,
            0.626056
        ],
        [
            0.733239,
            0,
            0.36355899999999997,
            0.363232,
            0.36547799999999997,
            0.366881,
            0.368292,
            0.372034,
            0.364014,
            0.373432,
            0.370631,
            0.381869,
            0.375917,
            0.379513,
            0.37580800000000003,
            0.374608,
            0.396272,
            0.390407,
            0.383529,
            0.346412,
            0.364074,
            0.401835,
            0.374133,
            0.407586,
            0.383029,
            0.381541,
            0.381542,
            0.381542,
            0.379687,
            0.379688,
            0.384941,
            0.382947,
            0.388174,
            0.384687,
            0.387606,
            0.380204,
            0.43278099999999997,
            0.380791,
            0.377443,
            0.390887,
            0.389635,
            0.377778,
            0.374797,
            0.528027,
            0.504828,
            0.501793,
            0.472328,
            0.47415300000000005,
            0.6589640000000001,
            0.686256,
            0.7002440000000001,
            0.72963,
            0.687506,
            0.669598,
            0.694035,
            0.718858,
            0.712648,
            0.722562,
            0.7048490000000001,
            0.723328,
            0.730562,
            0.696302,
            0.777833,
            0.741252,
            0.720186,
            0.7398480000000001,
            0.711252,
            0.6853800000000001,
            0.6987890000000001,
            0.683053,
            0.709924,
            0.731522,
            0.64598,
            0.6555470000000001,
            0.5218590000000001,
            0.513077,
            0.5232950000000001,
            0.517097,
            0.530676,
            0.5789380000000001,
            0.535416,
            0.4931,
            0.538551,
            0.545582,
            0.5327120000000001,
            0.604346,
            0.601958,
            0.590193,
            0.727207
        ],
        [
            0.5528839999999999,
            0.36355899999999997,
            0,
            0.014837,
            0.028463,
            0.029866,
            0.031277,
            0.037668999999999994,
            0.037628999999999996,
            0.047047,
            0.044245999999999994,
            0.09040799999999999,
            0.084456,
            0.08805199999999999,
            0.084347,
            0.083147,
            0.104811,
            0.098946,
            0.092068,
            0.08252499999999999,
            0.100187,
            0.137948,
            0.11024599999999998,
            0.143699,
            0.119142,
            0.11765399999999998,
            0.11765499999999998,
            0.11765499999999998,
            0.11579999999999999,
            0.11580099999999999,
            0.121054,
            0.11906,
            0.12428699999999998,
            0.12079999999999999,
            0.123719,
            0.116317,
            0.168894,
            0.11690399999999998,
            0.11355599999999999,
            0.127,
            0.125748,
            0.11389099999999999,
            0.11091000000000001,
            0.347672,
            0.32447299999999996,
            0.321438,
            0.291973,
            0.293798,
            0.478609,
            0.5059009999999999,
            0.519889,
            0.549275,
            0.5071509999999999,
            0.489243,
            0.5136799999999999,
            0.538503,
            0.5322929999999999,
            0.542207,
            0.524494,
            0.5429729999999999,
            0.550207,
            0.5159469999999999,
            0.597478,
            0.560897,
            0.539831,
            0.559493,
            0.530897,
            0.5050250000000001,
            0.5184340000000001,
            0.502698,
            0.529569,
            0.551167,
            0.465625,
            0.475192,
            0.341504,
            0.33272199999999996,
            0.34293999999999997,
            0.336742,
            0.350321,
            0.398583,
            0.35506099999999996,
            0.31274499999999994,
            0.35819599999999996,
            0.36522699999999997,
            0.35235700000000003,
            0.423991,
            0.421603,
            0.409838,
            0.546852
        ],
        [
            0.552557,
            0.363232,
            0.014837,
            0,
            0.028136,
            0.029539000000000003,
            0.03095,
            0.037342,
            0.037302,
            0.04672,
            0.043919,
            0.090081,
            0.084129,
            0.087725,
            0.08402,
            0.08282,
            0.104484,
            0.09861900000000001,
            0.09174099999999999,
            0.082198,
            0.09986,
            0.137621,
            0.10991899999999999,
            0.143372,
            0.11881499999999999,
            0.11732699999999999,
            0.11732799999999999,
            0.11732799999999999,
            0.11547299999999999,
            0.115474,
            0.12072699999999999,
            0.11873299999999999,
            0.12395999999999999,
            0.120473,
            0.12339199999999999,
            0.11599,
            0.168567,
            0.11657699999999999,
            0.113229,
            0.12667299999999998,
            0.125421,
            0.113564,
            0.110583,
            0.34734499999999996,
            0.32414599999999993,
            0.321111,
            0.29164599999999996,
            0.293471,
            0.478282,
            0.505574,
            0.519562,
            0.548948,
            0.5068239999999999,
            0.488916,
            0.513353,
            0.538176,
            0.5319659999999999,
            0.54188,
            0.5241669999999999,
            0.542646,
            0.54988,
            0.51562,
            0.597151,
            0.56057,
            0.539504,
            0.5591659999999999,
            0.53057,
            0.504698,
            0.518107,
            0.502371,
            0.529242,
            0.55084,
            0.465298,
            0.474865,
            0.34117699999999995,
            0.332395,
            0.34261299999999995,
            0.33641499999999996,
            0.34999399999999997,
            0.39825600000000005,
            0.354734,
            0.312418,
            0.357869,
            0.3649,
            0.35203,
            0.42366400000000004,
            0.421276,
            0.40951099999999996,
            0.5465249999999999
        ],
        [
            0.5548029999999999,
            0.36547799999999997,
            0.028463,
            0.028136,
            0,
            0.007209,
            0.00862,
            0.039588,
            0.039548,
            0.048965999999999996,
            0.046165,
            0.09232699999999999,
            0.08637500000000001,
            0.089971,
            0.08626600000000001,
            0.085066,
            0.10673,
            0.10086500000000001,
            0.093987,
            0.08444399999999999,
            0.102106,
            0.139867,
            0.11216499999999999,
            0.145618,
            0.121061,
            0.11957299999999998,
            0.11957399999999999,
            0.11957399999999999,
            0.11771899999999999,
            0.11771999999999999,
            0.122973,
            0.120979,
            0.12620599999999998,
            0.122719,
            0.125638,
            0.11823600000000001,
            0.170813,
            0.11882299999999998,
            0.115475,
            0.128919,
            0.127667,
            0.11581,
            0.11282900000000001,
            0.349591,
            0.32639199999999996,
            0.323357,
            0.293892,
            0.295717,
            0.480528,
            0.5078199999999999,
            0.521808,
            0.551194,
            0.5090699999999999,
            0.491162,
            0.5155989999999999,
            0.540422,
            0.5342119999999999,
            0.544126,
            0.526413,
            0.5448919999999999,
            0.552126,
            0.5178659999999999,
            0.599397,
            0.562816,
            0.54175,
            0.561412,
            0.532816,
            0.5069440000000001,
            0.5203530000000001,
            0.504617,
            0.531488,
            0.553086,
            0.467544,
            0.477111,
            0.343423,
            0.33464099999999997,
            0.34485899999999997,
            0.338661,
            0.35224,
            0.400502,
            0.35697999999999996,
            0.31466399999999994,
            0.36011499999999996,
            0.367146,
            0.35427600000000004,
            0.42591,
            0.423522,
            0.411757,
            0.548771
        ],
        [
            0.556206,
            0.366881,
            0.029866,
            0.029539000000000003,
            0.007209,
            0,
            0.004157,
            0.040991,
            0.040951,
            0.050369,
            0.047568,
            0.09373000000000001,
            0.087778,
            0.09137400000000001,
            0.087669,
            0.086469,
            0.108133,
            0.10226800000000001,
            0.09539,
            0.085847,
            0.103509,
            0.14127,
            0.113568,
            0.14702099999999999,
            0.12246399999999999,
            0.120976,
            0.120977,
            0.120977,
            0.119122,
            0.119123,
            0.12437599999999999,
            0.12238199999999999,
            0.127609,
            0.12412200000000001,
            0.127041,
            0.119639,
            0.172216,
            0.120226,
            0.11687800000000001,
            0.130322,
            0.12907,
            0.11721300000000001,
            0.114232,
            0.350994,
            0.32779499999999995,
            0.32476,
            0.295295,
            0.29712,
            0.481931,
            0.509223,
            0.523211,
            0.552597,
            0.510473,
            0.49256500000000003,
            0.517002,
            0.541825,
            0.535615,
            0.545529,
            0.527816,
            0.546295,
            0.553529,
            0.519269,
            0.6008,
            0.564219,
            0.543153,
            0.562815,
            0.534219,
            0.508347,
            0.521756,
            0.50602,
            0.532891,
            0.554489,
            0.468947,
            0.478514,
            0.34482599999999997,
            0.336044,
            0.34626199999999996,
            0.340064,
            0.353643,
            0.40190500000000007,
            0.358383,
            0.316067,
            0.361518,
            0.368549,
            0.355679,
            0.42731300000000005,
            0.424925,
            0.41315999999999997,
            0.5501739999999999
        ],
        [
            0.557617,
            0.368292,
            0.031277,
            0.03095,
            0.00862,
            0.004157,
            0,
            0.042401999999999995,
            0.042362,
            0.05178,
            0.048978999999999995,
            0.095141,
            0.08918899999999999,
            0.092785,
            0.08907999999999999,
            0.08788,
            0.109544,
            0.10367900000000001,
            0.096801,
            0.087258,
            0.10492,
            0.142681,
            0.114979,
            0.14843199999999998,
            0.12387499999999999,
            0.122387,
            0.122388,
            0.122388,
            0.120533,
            0.120534,
            0.12578699999999998,
            0.12379299999999999,
            0.12902,
            0.125533,
            0.12845199999999998,
            0.12104999999999999,
            0.173627,
            0.121637,
            0.118289,
            0.131733,
            0.13048099999999999,
            0.11862400000000001,
            0.115643,
            0.35240499999999997,
            0.329206,
            0.326171,
            0.296706,
            0.298531,
            0.48334200000000005,
            0.510634,
            0.524622,
            0.5540080000000001,
            0.511884,
            0.49397599999999997,
            0.518413,
            0.543236,
            0.537026,
            0.54694,
            0.529227,
            0.547706,
            0.55494,
            0.52068,
            0.602211,
            0.5656300000000001,
            0.544564,
            0.564226,
            0.53563,
            0.509758,
            0.523167,
            0.507431,
            0.534302,
            0.5559000000000001,
            0.47035800000000005,
            0.47992500000000005,
            0.346237,
            0.337455,
            0.347673,
            0.341475,
            0.355054,
            0.403316,
            0.359794,
            0.317478,
            0.362929,
            0.36996,
            0.35709,
            0.428724,
            0.42633600000000005,
            0.414571,
            0.551585
        ],
        [
            0.5613589999999999,
            0.372034,
            0.037668999999999994,
            0.037342,
            0.039588,
            0.040991,
            0.042401999999999995,
            0,
            0.046104,
            0.055522,
            0.052721,
            0.098883,
            0.09293099999999999,
            0.096527,
            0.09282199999999999,
            0.091622,
            0.113286,
            0.107421,
            0.100543,
            0.091,
            0.108662,
            0.146423,
            0.118721,
            0.15217399999999998,
            0.12761699999999998,
            0.126129,
            0.12613,
            0.12613,
            0.124275,
            0.124276,
            0.12952899999999998,
            0.12753499999999998,
            0.132762,
            0.129275,
            0.13219399999999998,
            0.12479199999999999,
            0.177369,
            0.125379,
            0.122031,
            0.13547499999999998,
            0.13422299999999998,
            0.122366,
            0.11938499999999999,
            0.356147,
            0.33294799999999997,
            0.329913,
            0.300448,
            0.302273,
            0.487084,
            0.5143759999999999,
            0.5283640000000001,
            0.55775,
            0.5156259999999999,
            0.497718,
            0.5221549999999999,
            0.546978,
            0.5407679999999999,
            0.550682,
            0.532969,
            0.5514479999999999,
            0.558682,
            0.5244219999999999,
            0.605953,
            0.569372,
            0.548306,
            0.567968,
            0.539372,
            0.5135000000000001,
            0.5269090000000001,
            0.511173,
            0.538044,
            0.559642,
            0.4741,
            0.483667,
            0.349979,
            0.341197,
            0.351415,
            0.345217,
            0.358796,
            0.40705800000000003,
            0.36353599999999997,
            0.32121999999999995,
            0.36667099999999997,
            0.373702,
            0.36083200000000004,
            0.432466,
            0.430078,
            0.418313,
            0.555327
        ],
        [
            0.553339,
            0.364014,
            0.037628999999999996,
            0.037302,
            0.039548,
            0.040951,
            0.042362,
            0.046104,
            0,
            0.035244,
            0.032443,
            0.090863,
            0.08491099999999999,
            0.088507,
            0.08480199999999999,
            0.083602,
            0.105266,
            0.099401,
            0.092523,
            0.08298,
            0.100642,
            0.138403,
            0.110701,
            0.14415399999999998,
            0.11959699999999998,
            0.11810899999999999,
            0.11810999999999999,
            0.11810999999999999,
            0.116255,
            0.116256,
            0.12150899999999998,
            0.11951499999999998,
            0.12474199999999999,
            0.121255,
            0.12417399999999998,
            0.11677199999999999,
            0.169349,
            0.11735899999999999,
            0.114011,
            0.12745499999999998,
            0.12620299999999998,
            0.114346,
            0.11136499999999999,
            0.34812699999999996,
            0.324928,
            0.321893,
            0.292428,
            0.294253,
            0.47906400000000005,
            0.506356,
            0.520344,
            0.54973,
            0.507606,
            0.48969799999999997,
            0.514135,
            0.538958,
            0.532748,
            0.542662,
            0.524949,
            0.543428,
            0.550662,
            0.516402,
            0.597933,
            0.5613520000000001,
            0.540286,
            0.559948,
            0.531352,
            0.50548,
            0.518889,
            0.503153,
            0.530024,
            0.5516220000000001,
            0.46608000000000005,
            0.47564700000000004,
            0.341959,
            0.333177,
            0.343395,
            0.33719699999999997,
            0.350776,
            0.399038,
            0.355516,
            0.3132,
            0.358651,
            0.365682,
            0.352812,
            0.424446,
            0.42205800000000004,
            0.410293,
            0.547307
        ],
        [
            0.562757,
            0.373432,
            0.047047,
            0.04672,
            0.048965999999999996,
            0.050369,
            0.05178,
            0.055522,
            0.035244,
            0,
            0.018677,
            0.100281,
            0.094329,
            0.097925,
            0.09422,
            0.09301999999999999,
            0.11468400000000001,
            0.108819,
            0.101941,
            0.092398,
            0.11005999999999999,
            0.14782099999999998,
            0.12011899999999999,
            0.153572,
            0.129015,
            0.127527,
            0.12752799999999997,
            0.12752799999999997,
            0.12567299999999998,
            0.125674,
            0.130927,
            0.128933,
            0.13416,
            0.13067299999999998,
            0.133592,
            0.12619,
            0.178767,
            0.12677699999999997,
            0.123429,
            0.136873,
            0.135621,
            0.123764,
            0.120783,
            0.357545,
            0.334346,
            0.331311,
            0.301846,
            0.303671,
            0.488482,
            0.515774,
            0.5297620000000001,
            0.559148,
            0.5170239999999999,
            0.499116,
            0.5235529999999999,
            0.548376,
            0.5421659999999999,
            0.55208,
            0.534367,
            0.552846,
            0.56008,
            0.52582,
            0.607351,
            0.57077,
            0.549704,
            0.569366,
            0.54077,
            0.5148980000000001,
            0.5283070000000001,
            0.512571,
            0.539442,
            0.56104,
            0.47549800000000003,
            0.485065,
            0.351377,
            0.342595,
            0.352813,
            0.346615,
            0.360194,
            0.40845600000000004,
            0.364934,
            0.32261799999999996,
            0.368069,
            0.3751,
            0.36223000000000005,
            0.433864,
            0.431476,
            0.419711,
            0.556725
        ],
        [
            0.5599559999999999,
            0.370631,
            0.044245999999999994,
            0.043919,
            0.046165,
            0.047568,
            0.048978999999999995,
            0.052721,
            0.032443,
            0.018677,
            0,
            0.09747999999999998,
            0.091528,
            0.09512399999999999,
            0.091419,
            0.090219,
            0.111883,
            0.106018,
            0.09913999999999999,
            0.08959699999999998,
            0.107259,
            0.14501999999999998,
            0.11731799999999998,
            0.150771,
            0.126214,
            0.12472599999999998,
            0.12472699999999998,
            0.12472699999999998,
            0.12287199999999998,
            0.12287299999999998,
            0.128126,
            0.126132,
            0.13135899999999998,
            0.12787199999999999,
            0.130791,
            0.123389,
            0.17596599999999998,
            0.12397599999999998,
            0.12062799999999999,
            0.134072,
            0.13282,
            0.12096299999999999,
            0.117982,
            0.35474399999999995,
            0.331545,
            0.32850999999999997,
            0.299045,
            0.30086999999999997,
            0.48568100000000003,
            0.512973,
            0.526961,
            0.556347,
            0.514223,
            0.49631499999999995,
            0.520752,
            0.545575,
            0.539365,
            0.549279,
            0.531566,
            0.550045,
            0.557279,
            0.523019,
            0.60455,
            0.5679690000000001,
            0.546903,
            0.566565,
            0.537969,
            0.512097,
            0.525506,
            0.50977,
            0.536641,
            0.558239,
            0.47269700000000003,
            0.482264,
            0.348576,
            0.339794,
            0.350012,
            0.34381399999999995,
            0.35739299999999996,
            0.405655,
            0.362133,
            0.31981699999999996,
            0.365268,
            0.372299,
            0.359429,
            0.431063,
            0.42867500000000003,
            0.41691,
            0.553924
        ],
        [
            0.571194,
            0.381869,
            0.09040799999999999,
            0.090081,
            0.09232699999999999,
            0.09373000000000001,
            0.095141,
            0.098883,
            0.090863,
            0.100281,
            0.09747999999999998,
            0,
            0.008736,
            0.078318,
            0.074613,
            0.073413,
            0.095077,
            0.089212,
            0.08233399999999999,
            0.100835,
            0.11849699999999999,
            0.156258,
            0.128556,
            0.162009,
            0.137452,
            0.13596399999999997,
            0.135965,
            0.135965,
            0.13411,
            0.13411099999999998,
            0.139364,
            0.13737,
            0.14259699999999997,
            0.13911,
            0.142029,
            0.134627,
            0.18720399999999998,
            0.135214,
            0.13186599999999998,
            0.14531,
            0.144058,
            0.132201,
            0.12922,
            0.365982,
            0.34278299999999995,
            0.339748,
            0.310283,
            0.312108,
            0.496919,
            0.524211,
            0.538199,
            0.567585,
            0.525461,
            0.507553,
            0.53199,
            0.556813,
            0.550603,
            0.560517,
            0.542804,
            0.561283,
            0.568517,
            0.534257,
            0.615788,
            0.579207,
            0.558141,
            0.577803,
            0.549207,
            0.523335,
            0.536744,
            0.521008,
            0.547879,
            0.569477,
            0.483935,
            0.493502,
            0.35981399999999997,
            0.351032,
            0.36124999999999996,
            0.355052,
            0.368631,
            0.41689300000000007,
            0.373371,
            0.331055,
            0.376506,
            0.383537,
            0.370667,
            0.44230100000000006,
            0.439913,
            0.428148,
            0.5651619999999999
        ],
        [
            0.565242,
            0.375917,
            0.084456,
            0.084129,
            0.08637500000000001,
            0.087778,
            0.08918899999999999,
            0.09293099999999999,
            0.08491099999999999,
            0.094329,
            0.091528,
            0.008736,
            0,
            0.072366,
            0.068661,
            0.067461,
            0.08912500000000001,
            0.08326,
            0.076382,
            0.094883,
            0.112545,
            0.150306,
            0.12260399999999999,
            0.156057,
            0.1315,
            0.130012,
            0.130013,
            0.130013,
            0.128158,
            0.128159,
            0.13341199999999998,
            0.13141799999999998,
            0.136645,
            0.133158,
            0.136077,
            0.12867499999999998,
            0.181252,
            0.129262,
            0.125914,
            0.13935799999999998,
            0.138106,
            0.126249,
            0.123268,
            0.36002999999999996,
            0.336831,
            0.333796,
            0.304331,
            0.306156,
            0.49096700000000004,
            0.518259,
            0.532247,
            0.561633,
            0.519509,
            0.501601,
            0.526038,
            0.550861,
            0.544651,
            0.554565,
            0.536852,
            0.555331,
            0.562565,
            0.528305,
            0.609836,
            0.5732550000000001,
            0.552189,
            0.571851,
            0.543255,
            0.517383,
            0.530792,
            0.515056,
            0.541927,
            0.563525,
            0.47798300000000005,
            0.48755000000000004,
            0.353862,
            0.34508,
            0.355298,
            0.34909999999999997,
            0.362679,
            0.410941,
            0.367419,
            0.325103,
            0.370554,
            0.377585,
            0.364715,
            0.436349,
            0.43396100000000004,
            0.422196,
            0.55921
        ],
        [
            0.568838,
            0.379513,
            0.08805199999999999,
            0.087725,
            0.089971,
            0.09137400000000001,
            0.092785,
            0.096527,
            0.088507,
            0.097925,
            0.09512399999999999,
            0.078318,
            0.072366,
            0,
            0.047359,
            0.046159,
            0.08346500000000001,
            0.0776,
            0.07072200000000001,
            0.098479,
            0.116141,
            0.15390199999999998,
            0.12619999999999998,
            0.159653,
            0.135096,
            0.133608,
            0.13360899999999998,
            0.13360899999999998,
            0.13175399999999998,
            0.131755,
            0.137008,
            0.135014,
            0.140241,
            0.136754,
            0.139673,
            0.132271,
            0.184848,
            0.13285799999999998,
            0.12951000000000001,
            0.142954,
            0.141702,
            0.129845,
            0.126864,
            0.363626,
            0.340427,
            0.337392,
            0.307927,
            0.309752,
            0.49456300000000003,
            0.521855,
            0.5358430000000001,
            0.565229,
            0.5231049999999999,
            0.505197,
            0.5296339999999999,
            0.554457,
            0.5482469999999999,
            0.558161,
            0.540448,
            0.558927,
            0.566161,
            0.531901,
            0.613432,
            0.576851,
            0.555785,
            0.575447,
            0.546851,
            0.5209790000000001,
            0.5343880000000001,
            0.518652,
            0.545523,
            0.567121,
            0.48157900000000003,
            0.491146,
            0.357458,
            0.348676,
            0.358894,
            0.352696,
            0.366275,
            0.41453700000000004,
            0.371015,
            0.32869899999999996,
            0.37415,
            0.381181,
            0.36831100000000006,
            0.43994500000000003,
            0.43755700000000003,
            0.425792,
            0.562806
        ],
        [
            0.565133,
            0.37580800000000003,
            0.084347,
            0.08402,
            0.08626600000000001,
            0.087669,
            0.08907999999999999,
            0.09282199999999999,
            0.08480199999999999,
            0.09422,
            0.091419,
            0.074613,
            0.068661,
            0.047359,
            0,
            0.012865999999999999,
            0.07976,
            0.073895,
            0.067017,
            0.094774,
            0.11243600000000001,
            0.150197,
            0.12249499999999999,
            0.15594799999999998,
            0.13139099999999998,
            0.129903,
            0.129904,
            0.129904,
            0.128049,
            0.12805,
            0.133303,
            0.131309,
            0.136536,
            0.133049,
            0.13596799999999998,
            0.128566,
            0.181143,
            0.129153,
            0.125805,
            0.139249,
            0.13799699999999998,
            0.12614,
            0.123159,
            0.35992099999999994,
            0.33672199999999997,
            0.33368699999999996,
            0.304222,
            0.30604699999999996,
            0.490858,
            0.51815,
            0.532138,
            0.561524,
            0.5194,
            0.501492,
            0.525929,
            0.550752,
            0.544542,
            0.5544560000000001,
            0.536743,
            0.555222,
            0.5624560000000001,
            0.528196,
            0.609727,
            0.573146,
            0.55208,
            0.571742,
            0.543146,
            0.517274,
            0.530683,
            0.514947,
            0.541818,
            0.563416,
            0.477874,
            0.487441,
            0.353753,
            0.344971,
            0.355189,
            0.34899099999999994,
            0.36256999999999995,
            0.41083200000000003,
            0.36731,
            0.324994,
            0.370445,
            0.37747600000000003,
            0.364606,
            0.43624,
            0.433852,
            0.422087,
            0.559101
        ],
        [
            0.563933,
            0.374608,
            0.083147,
            0.08282,
            0.085066,
            0.086469,
            0.08788,
            0.091622,
            0.083602,
            0.09301999999999999,
            0.090219,
            0.073413,
            0.067461,
            0.046159,
            0.012865999999999999,
            0,
            0.07856,
            0.07269500000000001,
            0.065817,
            0.09357399999999999,
            0.111236,
            0.148997,
            0.12129499999999999,
            0.154748,
            0.130191,
            0.12870299999999998,
            0.12870399999999999,
            0.12870399999999999,
            0.126849,
            0.12685,
            0.132103,
            0.130109,
            0.13533599999999998,
            0.131849,
            0.134768,
            0.127366,
            0.179943,
            0.12795299999999998,
            0.124605,
            0.138049,
            0.136797,
            0.12494,
            0.12195900000000001,
            0.35872099999999996,
            0.335522,
            0.332487,
            0.303022,
            0.304847,
            0.48965800000000004,
            0.51695,
            0.530938,
            0.560324,
            0.5182,
            0.500292,
            0.524729,
            0.549552,
            0.543342,
            0.553256,
            0.535543,
            0.554022,
            0.561256,
            0.526996,
            0.608527,
            0.5719460000000001,
            0.55088,
            0.570542,
            0.541946,
            0.516074,
            0.529483,
            0.513747,
            0.540618,
            0.562216,
            0.47667400000000004,
            0.48624100000000003,
            0.352553,
            0.343771,
            0.353989,
            0.34779099999999996,
            0.36136999999999997,
            0.409632,
            0.36611,
            0.32379399999999997,
            0.369245,
            0.376276,
            0.363406,
            0.43504,
            0.43265200000000004,
            0.420887,
            0.557901
        ],
        [
            0.5855969999999999,
            0.396272,
            0.104811,
            0.104484,
            0.10673,
            0.108133,
            0.109544,
            0.113286,
            0.105266,
            0.11468400000000001,
            0.111883,
            0.095077,
            0.08912500000000001,
            0.08346500000000001,
            0.07976,
            0.07856,
            0,
            0.005867,
            0.056073,
            0.11523800000000001,
            0.13290000000000002,
            0.170661,
            0.142959,
            0.176412,
            0.15185500000000002,
            0.150367,
            0.150368,
            0.150368,
            0.148513,
            0.148514,
            0.153767,
            0.151773,
            0.157,
            0.153513,
            0.15643200000000002,
            0.14903,
            0.201607,
            0.149617,
            0.146269,
            0.159713,
            0.15846100000000002,
            0.146604,
            0.143623,
            0.380385,
            0.357186,
            0.354151,
            0.32468600000000003,
            0.326511,
            0.511322,
            0.538614,
            0.552602,
            0.5819880000000001,
            0.539864,
            0.521956,
            0.546393,
            0.5712160000000001,
            0.565006,
            0.57492,
            0.557207,
            0.575686,
            0.58292,
            0.54866,
            0.6301910000000001,
            0.5936100000000001,
            0.572544,
            0.592206,
            0.56361,
            0.537738,
            0.551147,
            0.535411,
            0.5622820000000001,
            0.5838800000000001,
            0.49833800000000006,
            0.507905,
            0.374217,
            0.365435,
            0.375653,
            0.369455,
            0.383034,
            0.431296,
            0.387774,
            0.345458,
            0.390909,
            0.39794,
            0.38507,
            0.456704,
            0.45431600000000005,
            0.442551,
            0.579565
        ],
        [
            0.5797319999999999,
            0.390407,
            0.098946,
            0.09861900000000001,
            0.10086500000000001,
            0.10226800000000001,
