{
    "NEXUS_FILE_URL": "http://purl.org/phylo/treebase/phylows/study/TB2:S14872",
    "NEWICK_TREE": "((((((10:0.03499289890050258,5:0.047599466585681635):0.007571876316101095,7:0.02658382021555321):0.00876391311292847,6:0.025733476348362788):0.006173694979468486,4:0.03453731081911269):0.004934111493579418,(((12:0.00963214053497747,1:0.015893185927691893):0.003343673448992522,(11:0.007294119135157304,2:0.019276302782382584):0.002637254380537593):0.01401411299262273,(3:0.038351382547306884,9:0.05799960769154308):0.008360411982101898):0.01933024686916522):0.04566363479710242,8:0.04566363479710242);",
    "DISTANCE_MATRIX": [
        [
            0.0,
            0.0825923654861842,
            0.06914859543215687,
            0.07706216467789492,
            0.09203969412811332,
            0.108756668648338,
            0.1150177140410524,
            0.1057122281800629,
            0.11769441182728818,
            0.12847853620115404,
            0.14812676134539024,
            0.15376376439678488
        ],
        [
            0.0825923654861842,
            0.0,
            0.08175516311733594,
            0.08966873236307399,
            0.10464626181329237,
            0.12136323633351705,
            0.12762428172623147,
            0.11831879586524195,
            0.13030097951246722,
            0.1410851038863331,
            0.1607333290305693,
            0.16637033208196395
        ],
        [
            0.06914859543215687,
            0.08175516311733594,
            0.0,
            0.06108120967684447,
            0.07605873912706285,
            0.09277571364728752,
            0.09903675904000195,
            0.08973127317901243,
            0.10171345682623771,
            0.11249758120010359,
            0.13214580634433978,
            0.13778280939573442
        ],
        [
            0.07706216467789492,
            0.08966873236307399,
            0.06108120967684447,
            0.0,
            0.06644448214694396,
            0.08316145666716863,
            0.08942250205988306,
            0.08011701619889354,
            0.09209919984611882,
            0.1028833242199847,
            0.12253154936422089,
            0.12816855241561553
        ],
        [
            0.09203969412811332,
            0.10464626181329237,
            0.07605873912706285,
            0.06644448214694396,
            0.0,
            0.08579159615845006,
            0.09205264155116447,
            0.08274715569017496,
            0.09472933933740024,
            0.1055134637112661,
            0.1251616888555023,
            0.13079869190689694
        ],
        [
            0.108756668648338,
            0.12136323633351705,
            0.09277571364728752,
            0.08316145666716863,
            0.08579159615845006,
            0.0,
            0.025525326462669362,
            0.02290718749966489,
            0.03488937114689017,
            0.0737017215060015,
            0.0933499466502377,
            0.13764744343996277
        ],
        [
            0.1150177140410524,
            0.12762428172623147,
            0.09903675904000195,
            0.08942250205988306,
            0.09205264155116447,
            0.025525326462669362,
            0.0,
            0.02916823289237931,
            0.04115041653960459,
            0.07996276689871593,
            0.09961099204295212,
            0.1439084888326772
        ],
        [
            0.1057122281800629,
            0.11831879586524195,
            0.08973127317901243,
            0.08011701619889354,
            0.08274715569017496,
            0.02290718749966489,
            0.02916823289237931,
            0.0,
            0.026570421917539888,
            0.07065728103772641,
            0.0903055061819626,
            0.1346030029716877
        ],
        [
            0.11769441182728818,
            0.13030097951246722,
            0.10171345682623771,
            0.09209919984611882,
            0.09472933933740024,
            0.03488937114689017,
            0.04115041653960459,
            0.026570421917539888,
            0.0,
            0.08263946468495169,
            0.10228768982918789,
            0.14658518661891295
        ],
        [
            0.12847853620115404,
            0.1410851038863331,
            0.11249758120010359,
            0.1028833242199847,
            0.1055134637112661,
            0.0737017215060015,
            0.07996276689871593,
            0.07065728103772641,
            0.08263946468495169,
            0.0,
            0.09635099023884997,
            0.15736931099277884
        ],
        [
            0.14812676134539024,
            0.1607333290305693,
            0.13214580634433978,
            0.12253154936422089,
            0.1251616888555023,
            0.0933499466502377,
            0.09961099204295212,
            0.0903055061819626,
            0.10228768982918789,
            0.09635099023884997,
            0.0,
            0.17701753613701504
        ],
        [
            0.15376376439678488,
            0.16637033208196395,
            0.13778280939573442,
            0.12816855241561553,
            0.13079869190689694,
            0.13764744343996277,
            0.1439084888326772,
            0.1346030029716877,
            0.14658518661891295,
            0.15736931099277884,
            0.17701753613701504,
            0.0
        ]
    ],
    "NODE_MAPPING": {
        "0": "10",
        "1": "5",
        "2": "7",
        "3": "6",
        "4": "4",
        "5": "12",
        "6": "1",
        "7": "11",
        "8": "2",
        "9": "3",
        "10": "9",
        "11": "8"
    }
}