{
    "NEXUS_FILE_URL": "http://purl.org/phylo/treebase/phylows/study/TB2:S15277",
    "NEWICK_TREE": "((22:0.05240774595828071,(20:0.003752021232493457,21:0.007482275113196721):0.04176525343163926):0.0846797068676144,(3:0.3132710502833834,((17:0.02221712445946856,((12:0.005444568171099173,(11:0.002306471948570652,39:0.00220008273247836):0.002417753733476238):0.06002872026511903,((24:0.01074383142195946,52:0.01900371572637349):0.006530224407616083,(5:0.008800250932151067,(13:0.003744017821720036,53:0.004141903168107796):0.01640488607222678):0.009136830032560238):0.009582295796559701):0.01422387208827252):0.1847117011068321,(18:0.1220151879577543,((2:0.3051162019915175,19:0.3318137192487785):0.41576841934982,(((28:0.01240710776217739,29:0.005645893384581421):0.03030316952420035,(4:0.03176267841812541,(40:0.008973022496562883,(30:0.01909028148242591,41:0.01097758003973935):0.01150242096435574):0.03988425062767056):0.1026352481651223):0.06649107105774367,(((27:0.002073636405160805,(25:0.002272758409942905,26:0.002146570714460595):0.002201239091384224):0.008104363561196612,((6:0.002049052774929494,14:0.00815762128726387):0.001881119583113973,(15:0.007987260487050908,16:0.007835148881732416):0.002097438474537514):0.002437448939746198):0.005611669662666611,(38:0.003522294606312127,(((8:0.01435616532744444,(35:0.00220629972808359,(9:0.04046015412832323,36:0.007907757201645388):0.002244203780082894):0.008037733237992273):0.005777709943124907,((33:0.004860687523165656,37:0.002060769370345035):0.001953951458058373,(31:0.004884667470835536,(10:0.005195527017247184,32:0.002025405655861558):0.005073404151372051):0.002127036505212248):0.005526722292737731):0.01771077884127614,((7:0.0160288108920966,34:0.005507565799110606):0.04028786658247516,(((1:0.039195392649173,23:0.005522998549839288):0.09890284489619591,(51:0.1257423480331743,(55:0.003581049500240086,(54:0.001959568023407784,56:0.004711912396585756):0.003483276935104227):0.09122660517719158):0.04197062749552661):0.03367483114519712,(48:0.004646162075995813,((46:0.001975473399922952,49:0.002051541032687047):0.001912824874179025,((42:0.02508773900728232,45:0.002026715214996535):0.001786200316523206,((43:0.001909943906868012,50:0.001978352903399584):0.002111732864489907,(44:0.002120216861105341,47:0.001956925662762668):0.001938427810896275):0.001494572487157155):0.002053300831938223):0.001825581323800337):0.00899826643303867):0.007683189033698499):0.0100324462726727):0.02010998199717749):0.01228910479413073):0.01847660555917117):0.03853143689855553):0.04063658172959712):0.051838368041611):0.2179931163986847):0.0846797068676144);",
    "DISTANCE_MATRIX": [
        [
            0.0,
            0.09792502062241343,
            0.10165527450311669,
            0.5350382099768929,
            0.6466891016584948,
            0.7041691377235171,
            0.7034487952344648,
            0.7033424060183724,
            0.665552200913434,
            0.6738120852178482,
            0.6662152260485699,
            0.6775638790103655,
            0.6779617643567535,
            0.6136138320915596,
            1.25311984720474,
            1.279817364462001,
            0.6799680111060793,
            0.6732067967284834,
            0.7716556604029492,
            0.7887502551090573,
            0.8103699350592761,
            0.8022572336165894,
            0.6050329379501531,
            0.6074332990463194,
            0.607307111350837,
            0.6012225592815854,
            0.6073311277939197,
            0.6073770858851302,
            0.6072249742798117,
            0.6050546677215718,
            0.6594870092242828,
            0.6553748768629142,
            0.6958729350432367,
            0.6633205381165588,
            0.6516944952276751,
            0.6488945770748547,
            0.6518915602224988,
            0.6572758239202827,
            0.654105702558897,
            0.6879914788596817,
            0.6774702337666958,
            0.8111310591093746,
            0.7774586650100408,
            0.8407457970927066,
            0.8098111037369637,
            0.8116728991952358,
            0.8144252435684138,
            0.6530024189278429,
            0.6540701364497494,
            0.6541462040825134,
            0.6791090783313913,
            0.6560480545391054,
            0.6577513882661008,
            0.6578197972626323,
            0.6577883561667444,
            0.6576250649684019
        ],
        [
            0.09792502062241343,
            0.0,
            0.011234296345690179,
            0.5281477386827449,
            0.6397986303643468,
            0.6972786664293691,
            0.6965583239403168,
            0.6964519347242244,
            0.658661729619286,
            0.6669216139237002,
            0.6593247547544219,
            0.6706734077162175,
            0.6710712930626055,
            0.6067233607974116,
            1.246229375910592,
            1.272926893167853,
            0.6730775398119313,
            0.6663163254343354,
            0.7647651891088012,
            0.7818597838149093,
            0.8034794637651281,
            0.7953667623224414,
            0.5981424666560051,
            0.6005428277521714,
            0.600416640056689,
            0.5943320879874374,
            0.6004406564997717,
            0.6004866145909822,
            0.6003345029856637,
            0.5981641964274238,
            0.6525965379301348,
            0.6484844055687662,
            0.6889824637490887,
            0.6564300668224108,
            0.6448040239335271,
            0.6420041057807067,
            0.6450010889283508,
            0.6503853526261347,
            0.647215231264749,
            0.6811010075655337,
            0.6705797624725478,
            0.8042405878152266,
            0.7705681937158928,
            0.8338553257985586,
            0.8029206324428158,
            0.8047824279010878,
            0.8075347722742658,
            0.646111947633695,
            0.6471796651556014,
            0.6472557327883655,
            0.6722186070372433,
            0.6491575832449574,
            0.6508609169719528,
            0.6509293259684843,
            0.6508978848725964,
            0.6507345936742539
        ],
        [
            0.10165527450311669,
            0.011234296345690179,
            0.0,
            0.5318779925634483,
            0.6435288842450502,
            0.7010089203100722,
            0.7002885778210199,
            0.7001821886049278,
            0.6623919834999894,
            0.6706518678044033,
            0.6630550086351252,
            0.6744036615969209,
            0.6748015469433086,
            0.6104536146781148,
            1.2499596297912952,
            1.2766571470485562,
            0.6768077936926344,
            0.6700465793150385,
            0.7684954429895046,
            0.7855900376956126,
            0.8072097176458313,
            0.7990970162031448,
            0.6018727205367083,
            0.6042730816328747,
            0.6041468939373924,
            0.5980623418681406,
            0.6041709103804749,
            0.6042168684716855,
            0.6040647568663671,
            0.6018944503081272,
            0.656326791810838,
            0.6522146594494693,
            0.692712717629792,
            0.6601603207031141,
            0.6485342778142305,
            0.6457343596614098,
            0.6487313428090542,
            0.6541156065068379,
            0.6509454851454521,
            0.6848312614462371,
            0.6743100163532509,
            0.8079708416959297,
            0.7742984475965959,
            0.8375855796792617,
            0.8066508863235191,
            0.8085126817817909,
            0.811265026154969,
            0.6498422015143983,
            0.6509099190363048,
            0.6509859866690688,
            0.6759488609179465,
            0.6528878371256608,
            0.654591170852656,
            0.6546595798491877,
            0.6546281387532997,
            0.654464847554957
        ],
        [
            0.5350382099768929,
            0.5281477386827449,
            0.5318779925634483,
            0.0,
            0.7381929922483688,
            0.7956730283133909,
            0.7949526858243386,
            0.7948462966082463,
            0.757056091503308,
            0.765315975807722,
            0.7577191166384438,
            0.7690677696002395,
            0.7694656549466272,
            0.7051177226814335,
            1.3446237377946137,
            1.3713212550518747,
            0.7714719016959531,
            0.7647106873183572,
            0.8631595509928232,
            0.8802541456989312,
            0.90187382564915,
            0.8937611242064634,
            0.696536828540027,
            0.6989371896361933,
            0.698811001940711,
            0.6927264498714593,
            0.6988350183837936,
            0.6988809764750041,
            0.6987288648696857,
            0.6965585583114458,
            0.7509908998141567,
            0.746878767452788,
            0.7873768256331106,
            0.7548244287064327,
            0.743198385817549,
            0.7403984676647285,
            0.7433954508123728,
            0.7487797145101566,
            0.7456095931487708,
            0.7794953694495557,
            0.7689741243565696,
            0.9026349496992484,
            0.8689625555999146,
            0.9322496876825804,
            0.9013149943268377,
            0.9031767897851096,
            0.9059291341582877,
            0.7445063095177169,
            0.7455740270396234,
            0.7456500946723874,
            0.7706129689212652,
            0.7475519451289794,
            0.7492552788559746,
            0.7493236878525062,
            0.7492922467566183,
            0.7491289555582757
        ],
        [
            0.6466891016584948,
            0.6397986303643468,
            0.6435288842450502,
            0.7381929922483688,
            0.0,
            0.10191428498395928,
            0.101193942494907,
            0.1010875532788147,
            0.06329734817387633,
            0.07155723247829035,
            0.0639603733090121,
            0.07530902627080784,
            0.07570691161719559,
            0.38078238156566596,
            1.0202883966788465,
            1.0469859139361075,
            0.4471365605801857,
            0.4403753462025897,
            0.5388242098770557,
            0.5559188045831638,
            0.5775384845333824,
            0.5694257830906959,
            0.3722014874242595,
            0.37460184852042583,
            0.3744756608249435,
            0.36839110875569175,
            0.37449967726802613,
            0.3745456353592367,
            0.3743935237539182,
            0.3722232171956783,
            0.42665555869838917,
            0.4225434263370206,
            0.4630414845173431,
            0.4304890875906653,
            0.4188630447017816,
            0.416063126548961,
            0.41906010969660534,
            0.42444437339438906,
            0.4212742520330034,
            0.45516002833378816,
            0.44463878324080214,
            0.5782996085834808,
            0.5446272144841472,
            0.6079143465668129,
            0.5769796532110703,
            0.5788414486693422,
            0.5815937930425201,
            0.4201709684019494,
            0.4212386859238559,
            0.42131475355661996,
            0.4462776278054977,
            0.4232166040132119,
            0.4249199377402072,
            0.42498834673673874,
            0.42495690564085087,
            0.42479361444250824
        ],
        [
            0.7041691377235171,
            0.6972786664293691,
            0.7010089203100722,
            0.7956730283133909,
            0.10191428498395928,
            0.0,
            0.010168793853146063,
            0.010062404637053771,
            0.09232964006235345,
            0.10058952436676748,
            0.09299266519748921,
            0.10434131815928496,
            0.10473920350567271,
            0.43826241763068813,
            1.0777684327438686,
            1.1044659500011296,
            0.5046165966452079,
            0.4978553822676119,
            0.5963042459420779,
            0.6133988406481858,
            0.6350185205984047,
            0.6269058191557181,
            0.4296815234892817,
            0.432081884585448,
            0.43195569688996566,
            0.4258711448207139,
            0.4319797133330483,
            0.43202567142425885,
            0.4318735598189404,
            0.42970325326070047,
            0.48413559476341134,
            0.48002346240204274,
            0.5205215205823652,
            0.48796912365568745,
            0.47634308076680376,
            0.47354316261398316,
            0.4765401457616275,
            0.48192440945941123,
            0.47875428809802556,
            0.5126400643988103,
            0.5021188193058244,
            0.6357796446485031,
            0.6021072505491694,
            0.6653943826318351,
            0.6344596892760924,
            0.6363214847343643,
            0.6390738291075424,
            0.47765100446697156,
            0.47871872198887805,
            0.4787947896216421,
            0.5037576638705199,
            0.48069664007823404,
            0.48239997380522937,
            0.4824683828017609,
            0.48243694170587303,
            0.4822736505075304
        ],
        [
            0.7034487952344648,
            0.6965583239403168,
            0.7002885778210199,
            0.7949526858243386,
            0.101193942494907,
            0.010168793853146063,
            0.0,
            0.004506554681049012,
            0.09160929757330116,
            0.0998691818777152,
            0.09227232270843692,
            0.10362097567023268,
            0.10401886101662043,
            0.43754207514163584,
            1.0770480902548163,
            1.1037456075120773,
            0.5038962541561556,
            0.4971350397785596,
            0.5955839034530256,
            0.6126784981591336,
            0.6342981781093524,
            0.6261854766666658,
            0.4289611810002294,
            0.4313615420963957,
            0.4312353544009134,
            0.42515080233166164,
            0.431259370843996,
            0.43130532893520657,
            0.4311532173298881,
            0.4289829107716482,
            0.48341525227435905,
            0.47930311991299046,
            0.5198011780933129,
            0.48724878116663517,
            0.4756227382777515,
            0.4728228201249309,
            0.4758198032725752,
            0.48120406697035895,
            0.4780339456089733,
            0.511919721909758,
            0.5013984768167721,
            0.6350593021594508,
            0.6013869080601171,
            0.6646740401427829,
            0.6337393467870401,
            0.6356011422453121,
            0.6383534866184901,
            0.4769306619779193,
            0.47799837949982577,
            0.47807444713258984,
            0.5030373213814676,
            0.47997629758918176,
            0.4816796313161771,
            0.4817480403127086,
            0.48171659921682075,
            0.4815533080184781
        ],
        [
            0.7033424060183724,
            0.6964519347242244,
            0.7001821886049278,
            0.7948462966082463,
            0.1010875532788147,
            0.010062404637053771,
            0.004506554681049012,
            0.0,
            0.09150290835720887,
            0.0997627926616229,
            0.09216593349234463,
            0.10351458645414038,
            0.10391247180052814,
            0.43743568592554355,
            1.076941701038724,
            1.103639218295985,
            0.5037898649400633,
            0.4970286505624673,
            0.5954775142369333,
            0.6125721089430414,
            0.63419178889326,
            0.6260790874505735,
            0.4288547917841371,
            0.4312551528803034,
            0.4311289651848211,
            0.42504441311556934,
            0.4311529816279037,
            0.43119893971911427,
            0.4310468281137958,
            0.4288765215555559,
            0.48330886305826676,
            0.47919673069689817,
            0.5196947888772208,
            0.4871423919505429,
            0.4755163490616592,
            0.4727164309088386,
            0.47571341405648293,
            0.48109767775426665,
            0.477927556392881,
            0.5118133326936658,
            0.5012920876006797,
            0.6349529129433584,
            0.6012805188440248,
            0.6645676509266905,
            0.6336329575709478,
            0.6354947530292198,
            0.6382470974023977,
            0.476824272761827,
            0.47789199028373347,
            0.47796805791649755,
            0.5029309321653752,
            0.47986990837308946,
            0.4815732421000848,
            0.48164165109661633,
            0.48161021000072846,
            0.4814469188023858
        ],
        [
            0.665552200913434,
            0.658661729619286,
            0.6623919834999894,
            0.757056091503308,
            0.06329734817387633,
            0.09232964006235345,
            0.09160929757330116,
            0.09150290835720887,
            0.0,
            0.02974754714833295,
            0.03521113679428685,
            0.0465597897560826,
            0.046957675102470356,
            0.3996454808206052,
            1.0391514959337855,
            1.0658490131910465,
            0.4659996598351249,
            0.45923844545752895,
            0.5576873091319949,
            0.574781903838103,
            0.5964015837883216,
            0.5882888823456351,
            0.39106458667919874,
            0.39346494777536506,
            0.3933387600798827,
            0.387254208010631,
            0.39336277652296536,
            0.3934087346141759,
            0.39325662300885744,
            0.39108631645061753,
            0.4455186579533284,
            0.4414065255919598,
            0.48190458377228235,
            0.4493521868456045,
            0.4377261439567208,
            0.4349262258039002,
            0.4379232089515446,
            0.4433074726493283,
            0.4401373512879426,
            0.4740231275887274,
            0.46350188249574137,
            0.5971627078384201,
            0.5634903137390864,
            0.6267774458217521,
            0.5958427524660095,
            0.5977045479242814,
            0.6004568922974594,
            0.4390340676568886,
            0.4401017851787951,
            0.4401778528115592,
            0.4651407270604369,
            0.4420797032681511,
            0.44378303699514643,
            0.443851445991678,
            0.4438200048957901,
            0.44365671369744747
        ],
        [
            0.6738120852178482,
            0.6669216139237002,
            0.6706518678044033,
            0.765315975807722,
            0.07155723247829035,
            0.10058952436676748,
            0.0998691818777152,
            0.0997627926616229,
            0.02974754714833295,
            0.0,
            0.04347102109870088,
            0.05481967406049663,
            0.05521755940688439,
            0.4079053651250192,
            1.0474113802381997,
            1.0741088974954607,
            0.47425954413953897,
            0.46749832976194294,
            0.565947193436409,
            0.583041788142517,
            0.6046614680927357,
            0.5965487666500492,
            0.3993244709836128,
            0.40172483207977905,
            0.4015986443842967,
            0.395514092315045,
            0.4016226608273794,
            0.40166861891858996,
            0.4015165073132715,
            0.3993462007550316,
            0.4537785422577424,
            0.44966640989637385,
            0.49016446807669634,
            0.45761207115001856,
            0.44598602826113487,
            0.4431861101083142,
            0.4461830932559586,
            0.4515673569537423,
            0.44839723559235667,
            0.4822830118931414,
            0.47176176680015536,
            0.6054225921428341,
            0.5717501980435005,
            0.6350373301261661,
            0.6041026367704235,
            0.6059644322286954,
            0.6087167766018734,
            0.4472939519613026,
            0.4483616694832091,
            0.44843773711597323,
            0.4734006113648509,
            0.4503395875725651,
            0.4520429212995605,
            0.45211133029609196,
            0.45207988920020414,
            0.45191659800186146
        ],
        [
            0.6662152260485699,
            0.6593247547544219,
            0.6630550086351252,
            0.7577191166384438,
            0.0639603733090121,
            0.09299266519748921,
            0.09227232270843692,
            0.09216593349234463,
            0.03521113679428685,
            0.04347102109870088,
            0.0,
            0.028949154826097882,
            0.02934704017248564,
            0.40030850595574097,
            1.0398145210689214,
            1.0665120383261824,
            0.46666268497026064,
            0.45990147059266473,
            0.5583503342671307,
            0.5754449289732387,
            0.5970646089234575,
            0.5889519074807709,
            0.39172761181433446,
            0.39412797291050083,
            0.3940017852150185,
            0.38791723314576676,
            0.3940258016581011,
            0.39407175974931163,
            0.39391964814399316,
            0.39174934158575325,
            0.4461816830884642,
            0.44206955072709553,
            0.4825676089074181,
            0.45001521198074024,
            0.43838916909185655,
            0.435589250939036,
            0.4385862340866803,
            0.44397049778446407,
            0.44080037642307834,
            0.47468615272386316,
            0.46416490763087714,
            0.5978257329735559,
            0.5641533388742221,
            0.6274404709568879,
            0.5965057776011452,
            0.5983675730594171,
            0.6011199174325952,
            0.4396970927920244,
            0.4407648103139309,
            0.4408408779466949,
            0.4658037521955727,
            0.4427427284032869,
            0.44444606213028215,
            0.44451447112681375,
            0.4444830300309258,
            0.44431973883258324
        ],
        [
            0.6775638790103655,
            0.6706734077162175,
            0.6744036615969209,
            0.7690677696002395,
            0.07530902627080784,
            0.10434131815928496,
            0.10362097567023268,
            0.10351458645414038,
            0.0465597897560826,
            0.05481967406049663,
            0.028949154826097882,
            0.0,
            0.007885920989827832,
            0.4116571589175367,
            1.0511631740307172,
            1.0778606912879782,
            0.4780113379320564,
            0.47125012355446044,
            0.5696989872289264,
            0.5867935819350345,
            0.6084132618852531,
            0.6003005604425666,
            0.40307626477613023,
            0.40547662587229655,
            0.4053504381768142,
            0.3992658861075625,
            0.40537445461989685,
            0.4054204127111074,
            0.40526830110578893,
            0.403097994547549,
            0.4575303360502599,
            0.4534182036888913,
            0.49391626186921384,
            0.461363864942536,
            0.4497378220536523,
            0.4469379039008317,
            0.44993488704847606,
            0.4553191507462598,
            0.4521490293848741,
            0.4860348056856589,
            0.47551356059267286,
            0.6091743859353516,
            0.5755019918360179,
            0.6387891239186836,
            0.607854430562941,
            0.6097162260212129,
            0.6124685703943908,
            0.4510457457538201,
            0.4521134632757266,
            0.4521895309084907,
            0.4771524051573684,
            0.4540913813650826,
            0.4557947150920779,
            0.45586312408860946,
            0.4558316829927216,
            0.45566839179437896
        ],
        [
            0.6779617643567535,
            0.6710712930626055,
            0.6748015469433086,
            0.7694656549466272,
            0.07570691161719559,
            0.10473920350567271,
            0.10401886101662043,
            0.10391247180052814,
            0.046957675102470356,
            0.05521755940688439,
            0.02934704017248564,
            0.007885920989827832,
            0.0,
            0.4120550442639245,
            1.051561059377105,
            1.078258576634366,
            0.47840922327844415,
            0.47164800890084824,
            0.5700968725753142,
            0.5871914672814222,
            0.608811147231641,
            0.6006984457889544,
            0.40347415012251797,
            0.40587451121868434,
            0.405748323523202,
            0.39966377145395027,
            0.4057723399662846,
            0.40581829805749514,
            0.40566618645217667,
            0.40349587989393676,
            0.4579282213966477,
            0.45381608903527904,
            0.49431414721560163,
            0.46176175028892374,
            0.45013570740004005,
            0.4473357892472195,
            0.4503327723948638,
            0.4557170360926476,
            0.45254691473126185,
            0.48643269103204667,
            0.47591144593906065,
            0.6095722712817394,
            0.5758998771824057,
            0.6391870092650714,
            0.6082523159093287,
            0.6101141113676006,
            0.6128664557407787,
            0.4514436311002079,
            0.4525113486221144,
            0.4525874162548784,
            0.4775502905037562,
            0.4544892667114704,
            0.45619260043846566,
            0.45626100943499726,
            0.4562295683391093,
            0.45606627714076675
        ],
        [
            0.6136138320915596,
            0.6067233607974116,
            0.6104536146781148,
            0.7051177226814335,
            0.38078238156566596,
            0.43826241763068813,
            0.43754207514163584,
            0.43743568592554355,
            0.3996454808206052,
            0.4079053651250192,
            0.40030850595574097,
            0.4116571589175367,
            0.4120550442639245,
            0.0,
            0.8835363910286891,
            0.9102339082859501,
            0.31038455493002837,
            0.3036233405524324,
            0.4020722042268983,
            0.41916679893300635,
            0.4407864788832251,
            0.43267377744053853,
            0.23544948177410213,
            0.23784984287026845,
            0.23772365517478616,
            0.23163910310553437,
            0.23774767161786875,
            0.23779362970907936,
            0.23764151810376083,
            0.23547121154552098,
            0.28990355304823184,
            0.28579142068686325,
            0.3262894788671858,
            0.29373708194050796,
            0.2821110390516242,
            0.2793111208988036,
            0.282308104046448,
            0.2876923677442317,
            0.28452224638284607,
            0.3184080226836308,
            0.3078867775906448,
            0.4415476029333235,
            0.4078752088339898,
            0.47116234091665554,
            0.44022764756091287,
            0.4420894430191848,
            0.4448417873923628,
            0.283418962751792,
            0.2844866802736985,
            0.28456274790646263,
            0.3095256221553403,
            0.2864645983630545,
            0.2881679320900498,
            0.2882363410865814,
            0.28820489999069354,
            0.28804160879235086
        ],
        [
            1.25311984720474,
            1.246229375910592,
            1.2499596297912952,
            1.3446237377946137,
            1.0202883966788465,
            1.0777684327438686,
            1.0770480902548163,
            1.076941701038724,
            1.0391514959337855,
            1.0474113802381997,
            1.0398145210689214,
            1.0511631740307172,
            1.051561059377105,
            0.8835363910286891,
            0.0,
            0.636929921240296,
            0.8686174065840145,
            0.8618561922064185,
            0.9603050558808846,
            0.9773996505869925,
            0.9990193305372113,
            0.9909066290945248,
            0.7936823334280882,
            0.7960826945242546,
            0.7959565068287723,
            0.7898719547595205,
            0.7959805232718549,
            0.7960264813630655,
            0.7958743697577471,
            0.7937040631995071,
            0.848136404702218,
            0.8440242723408494,
            0.8845223305211719,
            0.8519699335944941,
            0.8403438907056104,
            0.8375439725527898,
            0.8405409557004342,
            0.8459252193982179,
            0.8427550980368322,
            0.876640874337617,
            0.8661196292446309,
            0.9997804545873097,
            0.9661080604879759,
            1.0293951925706417,
            0.9984604992148991,
            1.000322294673171,
            1.003074639046349,
            0.8416518144057782,
            0.8427195319276847,
            0.8427955995604488,
            0.8677584738093265,
            0.8446974500170407,
            0.8464007837440359,
            0.8464691927405675,
            0.8464377516446797,
            0.846274460446337
        ],
        [
            1.279817364462001,
            1.272926893167853,
            1.2766571470485562,
            1.3713212550518747,
            1.0469859139361075,
            1.1044659500011296,
            1.1037456075120773,
            1.103639218295985,
            1.0658490131910465,
            1.0741088974954607,
            1.0665120383261824,
            1.0778606912879782,
            1.078258576634366,
            0.9102339082859501,
            0.636929921240296,
            0.0,
            0.8953149238412755,
            0.8885537094636795,
            0.9870025731381455,
            1.0040971678442534,
            1.0257168477944723,
            1.0176041463517858,
            0.8203798506853492,
            0.8227802117815156,
            0.8226540240860333,
            0.8165694720167815,
            0.8226780405291159,
            0.8227239986203265,
            0.822571887015008,
            0.8204015804567681,
            0.874833921959479,
            0.8707217895981104,
            0.9112198477784329,
            0.8786674508517551,
            0.8670414079628714,
            0.8642414898100508,
            0.8672384729576952,
            0.8726227366554788,
            0.8694526152940932,
            0.9033383915948779,
            0.8928171465018919,
            1.0264779718445707,
            0.9928055777452369,
            1.0560927098279027,
            1.02515801647216,
            1.027019811930432,
            1.02977215630361,
            0.8683493316630392,
            0.8694170491849457,
            0.8694931168177098,
            0.8944559910665875,
            0.8713949672743017,
            0.8730983010012969,
            0.8731667099978285,
            0.8731352689019407,
            0.872971977703598
        ],
        [
            0.6799680111060793,
            0.6730775398119313,
            0.6768077936926344,
            0.7714719016959531,
            0.4471365605801857,
            0.5046165966452079,
            0.5038962541561556,
            0.5037898649400633,
            0.4659996598351249,
            0.47425954413953897,
            0.46666268497026064,
            0.4780113379320564,
            0.47840922327844415,
            0.31038455493002837,
            0.8686174065840145,
            0.8953149238412755,
            0.0,
            0.018053001146758813,
            0.17710820386962547,
            0.1942027985757335,
            0.21582247852595224,
            0.20770977708326568,
            0.1434676235323166,
            0.14586798462848294,
            0.1457417969330006,
            0.13965724486374886,
            0.14576581337608324,
            0.1458117714672938,
            0.14565965986197532,
            0.1434893533037354,
            0.19792169480644628,
            0.1938095624450777,
            0.23430762062540023,
            0.2017552236987224,
            0.1901291808098387,
            0.18732926265701808,
            0.19032624580466245,
            0.19571050950244614,
            0.1925403881410605,
            0.22642616444184527,
            0.21590491934885925,
            0.349565744691538,
            0.31589335059220425,
            0.37918048267487003,
            0.34824578931912736,
            0.3501075847773993,
            0.3528599291505773,
            0.19143710451000648,
            0.192504822031913,
            0.19258088966467707,
            0.21754376391355476,
            0.19448274012126898,
            0.1961860738482643,
            0.19625448284479585,
            0.19622304174890798,
            0.19605975055056532
        ],
        [
            0.6732067967284834,
            0.6663163254343354,
            0.6700465793150385,
            0.7647106873183572,
            0.4403753462025897,
            0.4978553822676119,
            0.4971350397785596,
            0.4970286505624673,
            0.45923844545752895,
            0.46749832976194294,
            0.45990147059266473,
            0.47125012355446044,
            0.47164800890084824,
            0.3036233405524324,
            0.8618561922064185,
            0.8885537094636795,
            0.018053001146758813,
            0.0,
            0.1703469894920295,
            0.18744158419813753,
            0.20906126414835627,
            0.20094856270566971,
            0.13670640915472065,
            0.13910677025088697,
            0.13898058255540466,
            0.1328960304861529,
            0.13900459899848727,
            0.13905055708969785,
            0.13889844548437935,
            0.13672813892613947,
            0.1911604804288503,
            0.18704834806748175,
            0.22754640624780426,
            0.19499400932112643,
            0.18336796643224273,
            0.18056804827942213,
            0.18356503142706648,
            0.1889492951248502,
            0.18577917376346456,
            0.2196649500642493,
            0.2091437049712633,
            0.34280453031394204,
            0.30913213621460833,
            0.37241926829727406,
            0.3414845749415314,
            0.3433463703998033,
            0.3460987147729813,
            0.18467589013241054,
            0.18574360765431702,
            0.1858196752870811,
            0.21078254953595882,
            0.187721525743673,
            0.18942485947066834,
            0.1894932684671999,
            0.18946182737131204,
            0.18929853617296938
        ],
        [
            0.7716556604029492,
            0.7647651891088012,
            0.7684954429895046,
            0.8631595509928232,
            0.5388242098770557,
            0.5963042459420779,
            0.5955839034530256,
            0.5954775142369333,
            0.5576873091319949,
            0.565947193436409,
            0.5583503342671307,
            0.5696989872289264,
            0.5700968725753142,
            0.4020722042268983,
            0.9603050558808846,
            0.9870025731381455,
            0.17710820386962547,
            0.1703469894920295,
            0.0,
            0.08061995154235885,
            0.10223963149257762,
            0.09412693004989106,
            0.23515527282918658,
            0.2375556339253529,
            0.2374294462298706,
            0.23134489416061882,
            0.2374534626729532,
            0.2374994207641638,
            0.23734730915884528,
            0.23517700260060542,
            0.2896093441033163,
            0.2854972117419477,
            0.32599526992227024,
            0.29344287299559235,
            0.28181683010670866,
            0.27901691195388806,
            0.2820138951015324,
            0.28739815879931613,
            0.2842280374379305,
            0.3181138137387152,
            0.30759256864572926,
            0.441253393988408,
            0.40758099988907426,
            0.47086813197174,
            0.4399334386159973,
            0.44179523407426924,
            0.44454757844744724,
            0.28312475380687646,
            0.28419247132878295,
            0.284268538961547,
            0.30923141321042474,
            0.28617038941813894,
            0.28787372314513426,
            0.28794213214166586,
            0.287910691045778,
            0.2877473998474353
        ],
        [
            0.7887502551090573,
            0.7818597838149093,
            0.7855900376956126,
            0.8802541456989312,
            0.5559188045831638,
            0.6133988406481858,
            0.6126784981591336,
            0.6125721089430414,
            0.574781903838103,
            0.583041788142517,
            0.5754449289732387,
            0.5867935819350345,
            0.5871914672814222,
            0.41916679893300635,
            0.9773996505869925,
            1.0040971678442534,
            0.1942027985757335,
            0.18744158419813753,
            0.08061995154235885,
            0.0,
            0.03956572494334453,
            0.03145302350065798,
            0.2522498675352946,
            0.2546502286314609,
            0.25452404093597863,
            0.24843948886672684,
            0.2545480573790612,
            0.25459401547027183,
            0.2544419038649533,
            0.25227159730671345,
            0.30670393880942426,
            0.3025918064480557,
            0.3430898646283782,
            0.31053746770170043,
            0.2989114248128167,
            0.2961115066599961,
            0.2991084898076405,
            0.30449275350542415,
            0.30132263214403854,
            0.33520840844482325,
            0.3246871633518373,
            0.458347988694516,
            0.4246755945951823,
            0.487962726677848,
            0.4570280333221054,
            0.4588898287803773,
            0.46164217315355527,
            0.3002193485129845,
            0.30128706603489097,
            0.3013631336676551,
            0.32632600791653277,
            0.30326498412424696,
            0.3049683178512423,
            0.3050367268477739,
            0.305005285751886,
            0.3048419945535433
        ],
        [
            0.8103699350592761,
            0.8034794637651281,
            0.8072097176458313,
            0.90187382564915,
            0.5775384845333824,
            0.6350185205984047,
            0.6342981781093524,
            0.63419178889326,
            0.5964015837883216,
            0.6046614680927357,
            0.5970646089234575,
            0.6084132618852531,
            0.608811147231641,
            0.4407864788832251,
            0.9990193305372113,
            1.0257168477944723,
            0.21582247852595224,
            0.20906126414835627,
            0.10223963149257762,
            0.03956572494334453,
            0.0,
            0.030067861522165257,
            0.27386954748551334,
            0.27626990858167966,
            0.2761437208861974,
            0.2700591688169456,
            0.27616773732927996,
            0.27621369542049057,
            0.27606158381517204,
            0.2738912772569322,
            0.328323618759643,
            0.32421148639827446,
            0.36470954457859694,
            0.33215714765191917,
            0.3205311047630354,
            0.3177311866102148,
