[
    {
        "NEXUS_FILE_URL": "http://purl.org/phylo/treebase/phylows/study/TB2:S10905",
        "NEWICK_TREE": "(((35:0.083251,36:0.064809):0.039777,(40:0.067711,(38:0.060052,39:0.092242):0.024738):0.08386):0.030656,(((18:0.04122,21:0.061453):0.029695,((19:0.02144,22:0.0169):0.031904,(20:0.094764,23:0.063853):0.044289):0.041398):0.060226,(((17:0.084154,37:0.051726):0.025105,(31:0.021312,32:0.027393):0.076349):0.007327,(((33:0.078199,(24:0.057899,25:0.041936):0.027961):0.028121,((34:0.074048,(14:0.051149,(15:0.070555,16:0.055185):0.00271):0.010074):0.020626,(28:0.056633,((26:0.021239,29:0.031136):0.047152,(27:0.026159,30:0.02926):0.036555):0.0271):0.022746):0.034143):0.021232,(1:0.064126,(4:0.05098,8:0.063855):0.008513,((2:0.034967,7:0.047527):0.017435,(13:0.089422,((3:0.035971,12:0.034588):0.027124,((5:0.008659,6:0.018084):0.018084,(9:0.028398,(10:0.026788,11:0.019261):0.017982):0.007306):0.027467):0.003673):0.003031):0.0):0.021817):0.005739):0.018208):0.030656);",
        "DISTANCE_MATRIX": [
            [
                0,
                0.14806000000000002,
                0.27459900000000004,
                0.291678,
                0.32386800000000004,
                0.315481,
                0.33571399999999996,
                0.33930799999999994,
                0.33476799999999995,
                0.425017,
                0.39410599999999996,
                0.319134,
                0.286706,
                0.307536,
                0.313617,
                0.335839,
                0.34349999999999997,
                0.32753699999999997,
                0.358336,
                0.345511,
                0.367627,
                0.352257,
                0.343041,
                0.381899,
                0.391796,
                0.37622199999999995,
                0.37932299999999997,
                0.29423,
                0.289597,
                0.30247199999999996,
                0.282506,
                0.29506599999999994,
                0.322557,
                0.299903,
                0.29852,
                0.291018,
                0.300443,
                0.299979,
                0.31635099999999994,
                0.308824
            ],
            [
                0.14806000000000002,
                0,
                0.256157,
                0.27323600000000003,
                0.30542600000000003,
                0.297039,
                0.317272,
                0.320866,
                0.316326,
                0.406575,
                0.375664,
                0.30069199999999996,
                0.268264,
                0.28909399999999996,
                0.29517499999999997,
                0.317397,
                0.32505799999999996,
                0.309095,
                0.33989400000000003,
                0.327069,
                0.34918499999999997,
                0.333815,
                0.32459899999999997,
                0.36345700000000003,
                0.37335399999999996,
                0.35778,
                0.360881,
                0.27578800000000003,
                0.271155,
                0.28403,
                0.26406399999999997,
                0.276624,
                0.304115,
                0.28146099999999996,
                0.280078,
                0.272576,
                0.282001,
                0.28153700000000004,
                0.297909,
                0.29038200000000003
            ],
            [
                0.27459900000000004,
                0.256157,
                0,
                0.152501,
                0.184691,
                0.344024,
                0.364257,
                0.367851,
                0.363311,
                0.45355999999999996,
                0.42264899999999994,
                0.347677,
                0.315249,
                0.336079,
                0.34216,
                0.364382,
                0.372043,
                0.35607999999999995,
                0.386879,
                0.374054,
                0.39617,
                0.3808,
                0.371584,
                0.410442,
                0.420339,
                0.404765,
                0.40786599999999995,
                0.322773,
                0.31814,
                0.33101499999999995,
                0.311049,
                0.323609,
                0.35109999999999997,
                0.328446,
                0.327063,
                0.319561,
                0.328986,
                0.328522,
                0.344894,
                0.337367
            ],
            [
                0.291678,
                0.27323600000000003,
                0.152501,
                0,
                0.152294,
                0.361103,
                0.381336,
                0.38493,
                0.38039,
                0.47063900000000003,
                0.439728,
                0.36475599999999997,
                0.332328,
                0.35315799999999997,
                0.359239,
                0.381461,
                0.38912199999999997,
                0.373159,
                0.40395800000000004,
                0.391133,
                0.413249,
                0.397879,
                0.388663,
                0.42752100000000004,
                0.437418,
                0.421844,
                0.424945,
                0.33985200000000004,
                0.335219,
                0.348094,
                0.328128,
                0.340688,
                0.36817900000000003,
                0.34552499999999997,
                0.344142,
                0.33664,
                0.346065,
                0.34560100000000005,
                0.361973,
                0.35444600000000004
            ],
            [
                0.32386800000000004,
                0.30542600000000003,
                0.184691,
                0.152294,
                0,
                0.393293,
                0.413526,
                0.41712,
                0.41258,
                0.502829,
                0.47191799999999995,
                0.396946,
                0.364518,
                0.385348,
                0.391429,
                0.413651,
                0.421312,
                0.40534899999999996,
                0.436148,
                0.423323,
                0.44543900000000003,
                0.43006900000000003,
                0.42085300000000003,
                0.459711,
                0.469608,
                0.454034,
                0.45713499999999996,
                0.372042,
                0.367409,
                0.38028399999999996,
                0.360318,
                0.372878,
                0.400369,
                0.377715,
                0.376332,
                0.36883,
                0.378255,
                0.377791,
                0.394163,
                0.386636
            ],
            [
                0.315481,
                0.297039,
                0.344024,
                0.361103,
                0.393293,
                0,
                0.102673,
                0.165657,
                0.161117,
                0.251366,
                0.22045499999999998,
                0.26593500000000003,
                0.23350700000000002,
                0.25433700000000004,
                0.26041800000000004,
                0.28264,
                0.29030100000000003,
                0.27433799999999997,
                0.305137,
                0.292312,
                0.31442800000000004,
                0.29905800000000005,
                0.28984200000000004,
                0.3287,
                0.33859700000000004,
                0.323023,
                0.32612399999999997,
                0.241031,
                0.236398,
                0.249273,
                0.22930699999999998,
                0.241867,
                0.269358,
                0.246704,
                0.245321,
                0.237819,
                0.24724400000000002,
                0.24678,
                0.263152,
                0.255625
            ],
            [
                0.33571399999999996,
                0.317272,
                0.364257,
                0.381336,
                0.413526,
                0.102673,
                0,
                0.18589,
                0.18135,
                0.27159900000000003,
                0.24068799999999999,
                0.286168,
                0.25374,
                0.27457,
                0.280651,
                0.302873,
                0.310534,
                0.294571,
                0.32537000000000005,
                0.312545,
                0.334661,
                0.319291,
                0.310075,
                0.34893300000000005,
                0.35883,
                0.343256,
                0.346357,
                0.261264,
                0.256631,
                0.269506,
                0.24953999999999998,
                0.2621,
                0.28959100000000004,
                0.266937,
                0.265554,
                0.258052,
                0.267477,
                0.267013,
                0.283385,
                0.275858
            ],
            [
                0.33930799999999994,
                0.320866,
                0.367851,
                0.38493,
                0.41712,
                0.165657,
                0.18589,
                0,
                0.03834,
                0.192397,
                0.161486,
                0.28976199999999996,
                0.257334,
                0.27816399999999997,
                0.28424499999999997,
                0.306467,
                0.31412799999999996,
                0.298165,
                0.32896400000000003,
                0.316139,
                0.338255,
                0.322885,
                0.313669,
                0.35252700000000003,
                0.36242399999999997,
                0.34685,
                0.349951,
                0.264858,
                0.260225,
                0.2731,
                0.25313399999999997,
                0.265694,
                0.29318500000000003,
                0.27053099999999997,
                0.269148,
                0.261646,
                0.271071,
                0.270607,
                0.286979,
                0.279452
            ],
            [
                0.33476799999999995,
                0.316326,
                0.363311,
                0.38039,
                0.41258,
                0.161117,
                0.18135,
                0.03834,
                0,
                0.187857,
                0.15694599999999997,
                0.285222,
                0.252794,
                0.273624,
                0.279705,
                0.301927,
                0.309588,
                0.293625,
                0.32442400000000005,
                0.311599,
                0.333715,
                0.318345,
                0.309129,
                0.34798700000000005,
                0.357884,
                0.34231,
                0.345411,
                0.260318,
                0.255685,
                0.26856,
                0.24859399999999998,
                0.261154,
                0.28864500000000004,
                0.265991,
                0.264608,
                0.257106,
                0.266531,
                0.266067,
                0.282439,
                0.274912
            ],
            [
                0.425017,
                0.406575,
                0.45355999999999996,
                0.47063900000000003,
                0.502829,
                0.251366,
                0.27159900000000003,
                0.192397,
                0.187857,
                0,
                0.158617,
                0.375471,
                0.343043,
                0.363873,
                0.369954,
                0.39217599999999997,
                0.399837,
                0.383874,
                0.414673,
                0.401848,
                0.423964,
                0.408594,
                0.399378,
                0.438236,
                0.448133,
                0.432559,
                0.43566,
                0.350567,
                0.34593399999999996,
                0.358809,
                0.338843,
                0.351403,
                0.378894,
                0.35624,
                0.354857,
                0.34735499999999997,
                0.35678,
                0.356316,
                0.372688,
                0.365161
            ],
            [
                0.39410599999999996,
                0.375664,
                0.42264899999999994,
                0.439728,
                0.47191799999999995,
                0.22045499999999998,
                0.24068799999999999,
                0.161486,
                0.15694599999999997,
                0.158617,
                0,
                0.34456,
                0.31213199999999997,
                0.332962,
                0.339043,
                0.36126499999999995,
                0.368926,
                0.35296299999999997,
                0.383762,
                0.37093699999999996,
                0.393053,
                0.377683,
                0.368467,
                0.407325,
                0.417222,
                0.401648,
                0.40474899999999997,
                0.319656,
                0.31502299999999994,
                0.32789799999999997,
                0.307932,
                0.320492,
                0.347983,
                0.325329,
                0.32394599999999996,
                0.31644399999999995,
                0.32586899999999996,
                0.325405,
                0.341777,
                0.33425
            ],
            [
                0.319134,
                0.30069199999999996,
                0.347677,
                0.36475599999999997,
                0.396946,
                0.26593500000000003,
                0.286168,
                0.28976199999999996,
                0.285222,
                0.375471,
                0.34456,
                0,
                0.13588,
                0.20692,
                0.213001,
                0.24987700000000002,
                0.257538,
                0.24157499999999998,
                0.272374,
                0.25954900000000003,
                0.281665,
                0.266295,
                0.257079,
                0.295937,
                0.305834,
                0.29026,
                0.293361,
                0.208268,
                0.203635,
                0.21650999999999998,
                0.196544,
                0.209104,
                0.236595,
                0.213941,
                0.21255800000000002,
                0.20505600000000002,
                0.214481,
                0.214017,
                0.230389,
                0.222862
            ],
            [
                0.286706,
                0.268264,
                0.315249,
                0.332328,
                0.364518,
                0.23350700000000002,
                0.25374,
                0.257334,
                0.252794,
                0.343043,
                0.31213199999999997,
                0.13588,
                0,
                0.17449199999999998,
                0.18057299999999998,
                0.217449,
                0.22510999999999998,
                0.20914699999999997,
                0.239946,
                0.22712100000000002,
                0.249237,
                0.233867,
                0.224651,
                0.263509,
                0.273406,
                0.257832,
                0.26093299999999997,
                0.17584,
                0.171207,
                0.18408199999999997,
                0.16411599999999998,
                0.176676,
                0.204167,
                0.18151299999999998,
                0.18013,
                0.172628,
                0.182053,
                0.181589,
                0.197961,
                0.190434
            ],
            [
                0.307536,
                0.28909399999999996,
                0.336079,
                0.35315799999999997,
                0.385348,
                0.25433700000000004,
                0.27457,
                0.27816399999999997,
                0.273624,
                0.363873,
                0.332962,
                0.20692,
                0.17449199999999998,
                0,
                0.048705,
                0.238279,
                0.24594,
                0.229977,
                0.260776,
                0.247951,
                0.270067,
                0.254697,
                0.245481,
                0.284339,
                0.294236,
                0.27866199999999997,
                0.281763,
                0.19667,
                0.19203699999999999,
                0.20491199999999998,
                0.184946,
                0.197506,
                0.224997,
                0.202343,
                0.20096,
                0.193458,
                0.20288299999999998,
                0.20241900000000002,
                0.218791,
                0.211264
            ],
            [
                0.313617,
                0.29517499999999997,
                0.34216,
                0.359239,
                0.391429,
                0.26041800000000004,
                0.280651,
                0.28424499999999997,
                0.279705,
                0.369954,
                0.339043,
                0.213001,
                0.18057299999999998,
                0.048705,
                0,
                0.24436,
                0.252021,
                0.236058,
                0.266857,
                0.25403200000000004,
                0.276148,
                0.260778,
                0.251562,
                0.29042,
                0.300317,
                0.28474299999999997,
                0.287844,
                0.20275100000000001,
                0.198118,
                0.21099299999999999,
                0.191027,
                0.203587,
                0.231078,
                0.208424,
                0.207041,
                0.199539,
                0.20896399999999998,
                0.20850000000000002,
                0.22487200000000002,
                0.217345
            ],
            [
                0.335839,
                0.317397,
                0.364382,
                0.381461,
                0.413651,
                0.28264,
                0.302873,
                0.306467,
                0.301927,
                0.39217599999999997,
                0.36126499999999995,
                0.24987700000000002,
                0.217449,
                0.238279,
                0.24436,
                0,
                0.164059,
                0.148096,
                0.235137,
                0.222312,
                0.244428,
                0.229058,
                0.219842,
                0.25870000000000004,
                0.268597,
                0.253023,
                0.256124,
                0.213495,
                0.208862,
                0.221737,
                0.20177099999999998,
                0.214331,
                0.241822,
                0.219168,
                0.217785,
                0.210283,
                0.21970800000000001,
                0.219244,
                0.235616,
                0.228089
            ],
            [
                0.34349999999999997,
                0.32505799999999996,
                0.372043,
                0.38912199999999997,
                0.421312,
                0.29030100000000003,
                0.310534,
                0.31412799999999996,
                0.309588,
                0.399837,
                0.368926,
                0.257538,
                0.22510999999999998,
                0.24594,
                0.252021,
                0.164059,
                0,
                0.09983500000000001,
                0.242798,
                0.229973,
                0.252089,
                0.236719,
                0.227503,
                0.266361,
                0.276258,
                0.260684,
                0.263785,
                0.22115600000000002,
                0.216523,
                0.229398,
                0.209432,
                0.221992,
                0.249483,
                0.226829,
                0.225446,
                0.217944,
                0.227369,
                0.22690500000000002,
                0.24327700000000002,
                0.23575000000000002
            ],
            [
                0.32753699999999997,
                0.309095,
                0.35607999999999995,
                0.373159,
                0.40534899999999996,
                0.27433799999999997,
                0.294571,
                0.298165,
                0.293625,
                0.383874,
                0.35296299999999997,
                0.24157499999999998,
                0.20914699999999997,
                0.229977,
                0.236058,
                0.148096,
                0.09983500000000001,
                0,
                0.226835,
                0.21401,
                0.236126,
                0.220756,
                0.21154,
                0.250398,
                0.260295,
                0.244721,
                0.247822,
                0.20519300000000001,
                0.20056,
                0.21343499999999999,
                0.193469,
                0.206029,
                0.23352,
                0.210866,
                0.209483,
                0.201981,
                0.21140599999999998,
                0.21094200000000002,
                0.22731400000000002,
                0.219787
            ],
            [
                0.358336,
                0.33989400000000003,
                0.386879,
                0.40395800000000004,
                0.436148,
                0.305137,
                0.32537000000000005,
                0.32896400000000003,
                0.32442400000000005,
                0.414673,
                0.383762,
                0.272374,
                0.239946,
                0.260776,
                0.266857,
                0.235137,
                0.242798,
                0.226835,
                0,
                0.135271,
                0.157387,
                0.142017,
                0.174053,
                0.21291100000000002,
                0.222808,
                0.207234,
                0.210335,
                0.23599200000000004,
                0.231359,
                0.244234,
                0.22426800000000002,
                0.236828,
                0.264319,
                0.24166500000000002,
                0.24028200000000002,
                0.23278000000000001,
                0.242205,
                0.24174100000000004,
                0.25811300000000004,
                0.25058600000000003
            ],
            [
                0.345511,
                0.327069,
                0.374054,
                0.391133,
                0.423323,
                0.292312,
                0.312545,
                0.316139,
                0.311599,
                0.401848,
                0.37093699999999996,
                0.25954900000000003,
                0.22712100000000002,
                0.247951,
                0.25403200000000004,
                0.222312,
                0.229973,
                0.21401,
                0.135271,
                0,
                0.12441400000000001,
                0.109044,
                0.161228,
                0.200086,
                0.209983,
                0.194409,
                0.19751000000000002,
                0.223167,
                0.218534,
                0.231409,
                0.211443,
                0.224003,
                0.251494,
                0.22884000000000002,
                0.22745700000000002,
                0.219955,
                0.22938000000000003,
                0.228916,
                0.245288,
                0.237761
            ],
            [
                0.367627,
                0.34918499999999997,
                0.39617,
                0.413249,
                0.44543900000000003,
                0.31442800000000004,
                0.334661,
                0.338255,
                0.333715,
                0.423964,
                0.393053,
                0.281665,
                0.249237,
                0.270067,
                0.276148,
                0.244428,
                0.252089,
                0.236126,
                0.157387,
                0.12441400000000001,
                0,
                0.12574000000000002,
                0.183344,
                0.222202,
                0.232099,
                0.216525,
                0.219626,
                0.24528300000000003,
                0.24065,
                0.253525,
                0.23355900000000002,
                0.246119,
                0.27361,
                0.250956,
                0.24957300000000002,
                0.242071,
                0.251496,
                0.25103200000000003,
                0.26740400000000003,
                0.259877
            ],
            [
                0.352257,
                0.333815,
                0.3808,
                0.397879,
                0.43006900000000003,
                0.29905800000000005,
                0.319291,
                0.322885,
                0.318345,
                0.408594,
                0.377683,
                0.266295,
                0.233867,
                0.254697,
                0.260778,
                0.229058,
                0.236719,
                0.220756,
                0.142017,
                0.109044,
                0.12574000000000002,
                0,
                0.167974,
                0.20683200000000002,
                0.216729,
                0.201155,
                0.204256,
                0.22991300000000003,
                0.22528,
                0.238155,
                0.21818900000000002,
                0.230749,
                0.25824,
                0.23558600000000002,
                0.23420300000000002,
                0.226701,
                0.236126,
                0.23566200000000004,
                0.25203400000000004,
                0.24450700000000003
            ],
            [
                0.343041,
                0.32459899999999997,
                0.371584,
                0.388663,
                0.42085300000000003,
                0.28984200000000004,
                0.310075,
                0.313669,
                0.309129,
                0.399378,
                0.368467,
                0.257079,
                0.224651,
                0.245481,
                0.251562,
                0.219842,
                0.227503,
                0.21154,
                0.174053,
                0.161228,
                0.183344,
                0.167974,
                0,
                0.152124,
                0.162021,
                0.146447,
                0.14954800000000001,
                0.22069700000000003,
                0.216064,
                0.228939,
                0.20897300000000002,
                0.221533,
                0.24902400000000002,
                0.22637000000000002,
                0.22498700000000002,
                0.217485,
                0.22691,
                0.22644600000000004,
                0.24281800000000003,
                0.23529100000000003
            ],
            [
                0.381899,
                0.36345700000000003,
                0.410442,
                0.42752100000000004,
                0.459711,
                0.3287,
                0.34893300000000005,
                0.35252700000000003,
                0.34798700000000005,
                0.438236,
                0.407325,
                0.295937,
                0.263509,
                0.284339,
                0.29042,
                0.25870000000000004,
                0.266361,
                0.250398,
                0.21291100000000002,
                0.200086,
                0.222202,
                0.20683200000000002,
                0.152124,
                0,
                0.052375000000000005,
                0.131105,
                0.134206,
                0.25955500000000004,
                0.254922,
                0.267797,
                0.24783100000000002,
                0.26039100000000004,
                0.287882,
                0.265228,
                0.263845,
                0.256343,
                0.265768,
                0.26530400000000004,
                0.28167600000000004,
                0.27414900000000003
            ],
            [
                0.391796,
                0.37335399999999996,
                0.420339,
                0.437418,
                0.469608,
                0.33859700000000004,
                0.35883,
                0.36242399999999997,
                0.357884,
                0.448133,
                0.417222,
                0.305834,
                0.273406,
                0.294236,
                0.300317,
                0.268597,
                0.276258,
                0.260295,
                0.222808,
                0.209983,
                0.232099,
                0.216729,
                0.162021,
                0.052375000000000005,
                0,
                0.141002,
                0.14410299999999998,
                0.269452,
                0.264819,
                0.277694,
                0.257728,
                0.270288,
                0.297779,
                0.275125,
                0.27374200000000004,
                0.26624000000000003,
                0.275665,
                0.27520100000000003,
                0.291573,
                0.284046
            ],
            [
                0.37622199999999995,
                0.35778,
                0.404765,
                0.421844,
                0.454034,
                0.323023,
                0.343256,
                0.34685,
                0.34231,
                0.432559,
                0.401648,
                0.29026,
                0.257832,
                0.27866199999999997,
                0.28474299999999997,
                0.253023,
                0.260684,
                0.244721,
                0.207234,
                0.194409,
                0.216525,
                0.201155,
                0.146447,
                0.131105,
                0.141002,
                0,
                0.055419,
                0.253878,
                0.249245,
                0.26212,
                0.24215399999999998,
                0.254714,
                0.28220500000000004,
                0.259551,
                0.258168,
                0.250666,
                0.260091,
                0.259627,
                0.275999,
                0.268472
            ],
            [
                0.37932299999999997,
                0.360881,
                0.40786599999999995,
                0.424945,
                0.45713499999999996,
                0.32612399999999997,
                0.346357,
                0.349951,
                0.345411,
                0.43566,
                0.40474899999999997,
                0.293361,
                0.26093299999999997,
                0.281763,
                0.287844,
                0.256124,
                0.263785,
                0.247822,
                0.210335,
                0.19751000000000002,
                0.219626,
                0.204256,
                0.14954800000000001,
                0.134206,
                0.14410299999999998,
                0.055419,
                0,
                0.256979,
                0.25234599999999996,
                0.265221,
                0.245255,
                0.257815,
                0.285306,
                0.262652,
                0.261269,
                0.25376699999999996,
                0.263192,
                0.262728,
                0.2791,
                0.271573
            ],
            [
                0.29423,
                0.27578800000000003,
                0.322773,
                0.33985200000000004,
                0.372042,
                0.241031,
                0.261264,
                0.264858,
                0.260318,
                0.350567,
                0.319656,
                0.208268,
                0.17584,
                0.19667,
                0.20275100000000001,
                0.213495,
                0.22115600000000002,
                0.20519300000000001,
                0.23599200000000004,
                0.223167,
                0.24528300000000003,
                0.22991300000000003,
                0.22069700000000003,
                0.25955500000000004,
                0.269452,
                0.253878,
                0.256979,
                0,
                0.123619,
                0.136494,
                0.11652799999999999,
                0.12908799999999998,
                0.15657900000000002,
                0.13392500000000002,
                0.132542,
                0.12503999999999998,
                0.134465,
                0.134001,
                0.150373,
                0.142846
            ],
            [
                0.289597,
                0.271155,
                0.31814,
                0.335219,
                0.367409,
                0.236398,
                0.256631,
                0.260225,
                0.255685,
                0.34593399999999996,
                0.31502299999999994,
                0.203635,
                0.171207,
                0.19203699999999999,
                0.198118,
                0.208862,
                0.216523,
                0.20056,
                0.231359,
                0.218534,
                0.24065,
                0.22528,
                0.216064,
                0.254922,
                0.264819,
                0.249245,
                0.25234599999999996,
                0.123619,
                0,
                0.11483499999999999,
                0.111895,
                0.12445499999999998,
                0.151946,
                0.129292,
                0.127909,
                0.12040699999999999,
                0.129832,
                0.129368,
                0.14574,
                0.138213
            ],
            [
                0.30247199999999996,
                0.28403,
                0.33101499999999995,
                0.348094,
                0.38028399999999996,
                0.249273,
                0.269506,
                0.2731,
                0.26856,
                0.358809,
                0.32789799999999997,
                0.21650999999999998,
                0.18408199999999997,
                0.20491199999999998,
                0.21099299999999999,
                0.221737,
                0.229398,
                0.21343499999999999,
                0.244234,
                0.231409,
                0.253525,
                0.238155,
                0.228939,
                0.267797,
                0.277694,
                0.26212,
                0.265221,
                0.136494,
                0.11483499999999999,
                0,
                0.12476999999999999,
                0.13732999999999998,
                0.164821,
                0.142167,
                0.140784,
                0.13328199999999998,
                0.14270699999999997,
                0.142243,
                0.158615,
                0.151088
            ],
            [
                0.282506,
                0.26406399999999997,
                0.311049,
                0.328128,
                0.360318,
                0.22930699999999998,
                0.24953999999999998,
                0.25313399999999997,
                0.24859399999999998,
                0.338843,
                0.307932,
                0.196544,
                0.16411599999999998,
                0.184946,
                0.191027,
                0.20177099999999998,
                0.209432,
                0.193469,
                0.22426800000000002,
                0.211443,
                0.23355900000000002,
                0.21818900000000002,
                0.20897300000000002,
                0.24783100000000002,
                0.257728,
                0.24215399999999998,
                0.245255,
                0.11652799999999999,
                0.111895,
                0.12476999999999999,
                0,
                0.082494,
                0.144855,
                0.122201,
                0.12081800000000001,
                0.113316,
                0.12274099999999999,
                0.122277,
                0.138649,
                0.131122
            ],
            [
                0.29506599999999994,
                0.276624,
                0.323609,
                0.340688,
                0.372878,
                0.241867,
                0.2621,
                0.265694,
                0.261154,
                0.351403,
                0.320492,
                0.209104,
                0.176676,
                0.197506,
                0.203587,
                0.214331,
                0.221992,
                0.206029,
                0.236828,
                0.224003,
                0.246119,
                0.230749,
                0.221533,
                0.26039100000000004,
                0.270288,
                0.254714,
                0.257815,
                0.12908799999999998,
                0.12445499999999998,
                0.13732999999999998,
                0.082494,
                0,
                0.157415,
                0.134761,
                0.133378,
                0.125876,
                0.135301,
                0.13483699999999998,
                0.15120899999999998,
                0.14368199999999998
            ],
            [
                0.322557,
                0.304115,
                0.35109999999999997,
                0.36817900000000003,
                0.400369,
                0.269358,
                0.28959100000000004,
                0.29318500000000003,
                0.28864500000000004,
                0.378894,
                0.347983,
                0.236595,
                0.204167,
                0.224997,
                0.231078,
                0.241822,
                0.249483,
                0.23352,
                0.264319,
                0.251494,
                0.27361,
                0.25824,
                0.24902400000000002,
                0.287882,
                0.297779,
                0.28220500000000004,
                0.285306,
                0.15657900000000002,
                0.151946,
                0.164821,
                0.144855,
                0.157415,
                0,
                0.15619,
                0.154807,
                0.147305,
                0.15672999999999998,
                0.15626600000000002,
                0.172638,
                0.165111
            ],
            [
                0.299903,
                0.28146099999999996,
                0.328446,
                0.34552499999999997,
