{
    "NEXUS_FILE_URL": "http://purl.org/phylo/treebase/phylows/study/TB2:S13664",
    "NEWICK_TREE": "((89:0.09840099999999996,90:0.15931299999999998):0.031835,(((7:0.09245800000000004,(5:0.019672999999999996,6:0.055373000000000006):0.01916800000000002):0.06837899999999997,(4:0.032891000000000004,(3:0.05340800000000001,(1:0.02931600000000001,2:0.063859):0.047001000000000015):0.02246100000000001):0.019994999999999985):0.03584299999999996,((8:0.020898000000000028,(9:0.022660999999999987,(10:0.0066930000000000045,11:0.002904999999999991):0.011147999999999991):0.170896):0.050688999999999984,(24:0.047648000000000024,((15:0.06362200000000001,(14:0.007160999999999973,(12:0.003481999999999985,13:0.016503999999999963):0.005400999999999989):0.006109000000000031):0.03579199999999999,(16:0.04495199999999999,((21:0.05026000000000003,(22:0.005977999999999983,23:0.001601000000000019):0.056400000000000006):0.012303000000000008,(17:0.03816799999999998,(20:0.03148099999999998,(18:0.035667000000000004,19:0.06115900000000002):0.017307000000000017):0.051420999999999994):0.06747700000000001):0.05259799999999998):0.016475000000000017):0.010923000000000016,(25:0.05199100000000001,29:0.11827200000000004,(28:0.23983500000000002,(26:0.0038930000000000353,27:0.008786000000000016):0.021443999999999963):0.056013000000000035,((87:0.155312,88:0.165686):0.025254999999999972,((30:0.04520100000000005,31:0.04489000000000004):0.05694599999999994,(86:0.130469,((((39:0.0031200000000000117,40:0.004769000000000023):0.017654999999999976,(41:0.018713000000000035,42:0.03198200000000001,43:0.049317):0.03575999999999996):0.018867000000000023,((32:0.005590000000000012,33:0.006945000000000007,34:0.011314999999999992):0.007877999999999968,(35:0.005472000000000005,36:0.002954000000000012,(37:0.0043249999999999955,38:0.004368000000000011):0.0026279999999999915):0.003984999999999961):0.08048300000000003):0.08413799999999999,(((44:0.09564199999999998,45:0.043266999999999944):0.02161200000000002,(46:0.09517,47:0.15816000000000002):0.027498999999999996):0.034966,((62:0.082098,(61:0.08381600000000003,((59:0.050626000000000004,60:0.106991):0.036387,((52:0.02571000000000001,53:0.008973000000000009):0.028940999999999995,(51:0.055568000000000006,(48:0.022843000000000002,(49:0.04050199999999998,50:0.029652999999999985):0.025534999999999974):0.03947800000000001):0.008170999999999984,(58:0.03912500000000002,(54:0.03157700000000002,(57:0.08709800000000001,(55:0.011490999999999973,56:0.02313700000000002):0.050209000000000004):0.023650999999999978):0.01925300000000002):0.027349000000000012):0.01757399999999998):0.026790000000000008):0.01358899999999999):0.06384100000000004,(85:0.19093100000000002,(((83:0.03722500000000001,84:0.07927600000000001):0.02644200000000002,((81:0.017984,82:0.09817300000000001):0.011440999999999979,(80:0.06831300000000001,(79:0.020716999999999985,(76:0.009797999999999973,(77:0.022166999999999992,78:0.04356300000000002):0.012656999999999974):0.009855999999999976):0.04022500000000001):0.04130600000000001):0.015506999999999993):0.016957,((75:0.022830000000000017,(74:0.007404999999999995,(71:0.0017499999999999738,72:0.0033320000000000016,73:0.011882999999999977):0.004823999999999995):0.006699999999999984):0.11819799999999997,(63:0.070903,(64:0.08048500000000003,(65:0.024019000000000013,((66:0.021162999999999987,67:0.03193499999999999):0.00553300000000001,(70:0.005676999999999988,(68:0.012689000000000006,69:0.005790000000000017):0.017110999999999987):0.014776000000000011):0.06215100000000001):0.020606999999999986):0.06862799999999997):0.038435):0.010425000000000018):0.03865200000000002):0.042789999999999995):0.06886999999999999):0.02053499999999997):0.013927999999999996):0.01605899999999999):0.014677000000000051):0.027474):0.012338000000000016):0.013761999999999996):0.01356500000000005):0.031835);",
    "DISTANCE_MATRIX": [
        [
            0.0,
            0.25771399999999994,
            0.35875099999999993,
            0.3051339999999999,
            0.3408339999999999,
            0.2507999999999999,
            0.29377799999999993,
            0.31668699999999994,
            0.35122999999999993,
            0.24722300000000003,
            0.419882,
            0.415062,
            0.411274,
            0.23704600000000003,
            0.29973500000000003,
            0.24938300000000002,
            0.251105,
            0.264127,
            0.26174800000000004,
            0.33195700000000006,
            0.344075,
            0.33969800000000006,
            0.375039,
            0.419773,
            0.44126600000000005,
            0.46675800000000006,
            0.25372700000000004,
            0.32000800000000007,
            0.4975840000000001,
            0.28308600000000006,
            0.28797900000000004,
            0.409777,
            0.420151,
            0.34603400000000006,
            0.34572300000000006,
            0.39041500000000007,
            0.39765400000000006,
            0.3993030000000001,
            0.43135200000000007,
            0.44462100000000004,
            0.46195600000000003,
            0.45196300000000006,
            0.45331800000000005,
            0.45768800000000004,
            0.4479520000000001,
            0.44543400000000005,
            0.449433,
            0.44947600000000004,
            0.446629,
            0.394254,
            0.452044,
            0.515034,
            0.5092180000000001,
            0.5245250000000001,
            0.5545120000000001,
            0.6108770000000001,
            0.5397240000000001,
            0.5229870000000001,
            0.5488120000000001,
            0.5555650000000001,
            0.598759,
            0.5879099999999999,
            0.551547,
            0.5632520000000001,
            0.6424240000000001,
            0.6170260000000001,
            0.6286720000000001,
            0.597,
            0.5253450000000001,
            0.567396,
            0.50661,
            0.5867990000000001,
            0.5868040000000001,
            0.5794330000000001,
            0.57837,
            0.603396,
            0.624792,
            0.596174,
            0.587449,
            0.586618,
            0.5882000000000001,
            0.596751,
            0.564484,
            0.6426940000000001,
            0.606835,
            0.6716630000000001,
            0.6824350000000001,
            0.6654200000000001,
            0.6895430000000002,
            0.682644
        ],
        [
            0.25771399999999994,
            0.0,
            0.41966299999999995,
            0.3660459999999999,
            0.40174599999999994,
            0.31171199999999993,
            0.35468999999999995,
            0.37759899999999996,
            0.41214199999999995,
            0.30813500000000005,
            0.480794,
            0.475974,
            0.472186,
            0.29795800000000006,
            0.36064700000000005,
            0.31029500000000004,
            0.31201700000000004,
            0.325039,
            0.32266000000000006,
            0.3928690000000001,
            0.40498700000000004,
            0.4006100000000001,
            0.43595100000000003,
            0.48068500000000003,
            0.502178,
            0.5276700000000001,
            0.31463900000000006,
            0.3809200000000001,
            0.5584960000000001,
            0.3439980000000001,
            0.34889100000000006,
            0.470689,
            0.481063,
            0.4069460000000001,
            0.4066350000000001,
            0.4513270000000001,
            0.4585660000000001,
            0.4602150000000001,
            0.4922640000000001,
            0.505533,
            0.5228680000000001,
            0.5128750000000001,
            0.5142300000000001,
            0.5186000000000001,
            0.5088640000000001,
            0.5063460000000001,
            0.510345,
            0.5103880000000001,
            0.507541,
            0.455166,
            0.512956,
            0.5759460000000001,
            0.57013,
            0.5854370000000001,
            0.6154240000000001,
            0.6717890000000001,
            0.6006360000000001,
            0.5838990000000001,
            0.609724,
            0.616477,
            0.659671,
            0.648822,
            0.6124590000000001,
            0.6241640000000002,
            0.7033360000000001,
            0.677938,
            0.6895840000000001,
            0.657912,
            0.586257,
            0.6283080000000001,
            0.5675220000000001,
            0.647711,
            0.6477160000000001,
            0.640345,
            0.639282,
            0.664308,
            0.6857040000000001,
            0.6570860000000001,
            0.648361,
            0.6475299999999999,
            0.649112,
            0.657663,
            0.6253960000000001,
            0.7036060000000001,
            0.6677470000000001,
            0.7325750000000001,
            0.7433470000000001,
            0.7263320000000001,
            0.7504550000000002,
            0.743556
        ],
        [
            0.35875099999999993,
            0.41966299999999995,
            0.0,
            0.13129900000000005,
            0.16699900000000006,
            0.213723,
            0.256701,
            0.27961,
            0.314153,
            0.281832,
            0.454491,
            0.449671,
            0.445883,
            0.27165500000000004,
            0.33434400000000003,
            0.283992,
            0.285714,
            0.298736,
            0.29635700000000004,
            0.36656600000000006,
            0.378684,
            0.37430700000000006,
            0.409648,
            0.454382,
            0.47587500000000005,
            0.5013670000000001,
            0.28833600000000004,
            0.35461700000000007,
            0.5321930000000001,
            0.31769500000000006,
            0.32258800000000004,
            0.444386,
            0.45476,
            0.38064300000000006,
            0.38033200000000006,
            0.42502400000000007,
            0.43226300000000006,
            0.4339120000000001,
            0.46596100000000007,
            0.47923000000000004,
            0.49656500000000003,
            0.48657200000000006,
            0.48792700000000006,
            0.49229700000000004,
            0.4825610000000001,
            0.48004300000000005,
            0.48404200000000003,
            0.48408500000000004,
            0.481238,
            0.428863,
            0.486653,
            0.5496430000000001,
            0.5438270000000001,
            0.559134,
            0.589121,
            0.645486,
            0.574333,
            0.557596,
            0.583421,
            0.590174,
            0.6333679999999999,
            0.622519,
            0.5861560000000001,
            0.5978610000000001,
            0.677033,
            0.651635,
            0.663281,
            0.6316090000000001,
            0.5599540000000001,
            0.6020050000000001,
            0.541219,
            0.621408,
            0.621413,
            0.614042,
            0.6129789999999999,
            0.6380049999999999,
            0.659401,
            0.6307830000000001,
            0.622058,
            0.621227,
            0.622809,
            0.6313599999999999,
            0.5990930000000001,
            0.677303,
            0.641444,
            0.706272,
            0.717044,
            0.700029,
            0.7241520000000001,
            0.717253
        ],
        [
            0.3051339999999999,
            0.3660459999999999,
            0.13129900000000005,
            0.0,
            0.075046,
            0.16010599999999997,
            0.203084,
            0.225993,
            0.260536,
            0.228215,
            0.40087399999999995,
            0.39605399999999996,
            0.39226599999999995,
            0.218038,
            0.280727,
            0.230375,
            0.232097,
            0.24511899999999998,
            0.24274,
            0.31294900000000003,
            0.325067,
            0.32069000000000003,
            0.356031,
            0.400765,
            0.422258,
            0.44775000000000004,
            0.234719,
            0.30100000000000005,
            0.47857600000000006,
            0.26407800000000003,
            0.268971,
            0.390769,
            0.40114299999999997,
            0.32702600000000004,
            0.32671500000000003,
            0.37140700000000004,
            0.37864600000000004,
            0.38029500000000005,
            0.41234400000000004,
            0.425613,
            0.442948,
            0.43295500000000003,
            0.43431000000000003,
            0.43868,
            0.42894400000000005,
            0.426426,
            0.430425,
            0.430468,
            0.427621,
            0.37524599999999997,
            0.433036,
            0.496026,
            0.49021000000000003,
            0.505517,
            0.535504,
            0.591869,
            0.520716,
            0.503979,
            0.5298039999999999,
            0.536557,
            0.5797509999999999,
            0.568902,
            0.5325390000000001,
            0.5442440000000001,
            0.623416,
            0.5980179999999999,
            0.609664,
            0.5779920000000001,
            0.506337,
            0.5483880000000001,
            0.487602,
            0.5677909999999999,
            0.567796,
            0.560425,
            0.5593619999999999,
            0.5843879999999999,
            0.605784,
            0.5771660000000001,
            0.568441,
            0.56761,
            0.5691919999999999,
            0.5777429999999999,
            0.5454760000000001,
            0.623686,
            0.587827,
            0.652655,
            0.663427,
            0.646412,
            0.6705350000000001,
            0.663636
        ],
        [
            0.3408339999999999,
            0.40174599999999994,
            0.16699900000000006,
            0.075046,
            0.0,
            0.19580599999999998,
            0.238784,
            0.261693,
            0.296236,
            0.263915,
            0.43657399999999996,
            0.43175399999999997,
            0.42796599999999996,
            0.253738,
            0.316427,
            0.266075,
            0.267797,
            0.280819,
            0.27844,
            0.34864900000000004,
            0.360767,
            0.35639000000000004,
            0.391731,
            0.436465,
            0.45795800000000003,
            0.48345000000000005,
            0.270419,
            0.33670000000000005,
            0.5142760000000001,
            0.29977800000000004,
            0.304671,
            0.426469,
            0.436843,
            0.36272600000000005,
            0.36241500000000004,
            0.40710700000000005,
            0.41434600000000005,
            0.41599500000000006,
            0.44804400000000005,
            0.46131300000000003,
            0.478648,
            0.46865500000000004,
            0.47001000000000004,
            0.47438,
            0.46464400000000006,
            0.46212600000000004,
            0.466125,
            0.466168,
            0.463321,
            0.410946,
            0.468736,
            0.531726,
            0.5259100000000001,
            0.5412170000000001,
            0.571204,
            0.627569,
            0.556416,
            0.539679,
            0.565504,
            0.572257,
            0.615451,
            0.604602,
            0.568239,
            0.579944,
            0.659116,
            0.633718,
            0.645364,
            0.613692,
            0.5420370000000001,
            0.584088,
            0.5233019999999999,
            0.603491,
            0.603496,
            0.596125,
            0.595062,
            0.620088,
            0.6414839999999999,
            0.612866,
            0.604141,
            0.60331,
            0.604892,
            0.613443,
            0.581176,
            0.659386,
            0.6235269999999999,
            0.688355,
            0.699127,
            0.682112,
            0.7062350000000002,
            0.699336
        ],
        [
            0.2507999999999999,
            0.31171199999999993,
            0.213723,
            0.16010599999999997,
            0.19580599999999998,
            0.0,
            0.10876000000000002,
            0.13166900000000004,
            0.16621200000000003,
            0.173881,
            0.34653999999999996,
            0.34171999999999997,
            0.33793199999999995,
            0.16370400000000002,
            0.226393,
            0.176041,
            0.177763,
            0.19078499999999998,
            0.18840600000000002,
            0.25861500000000004,
            0.270733,
            0.26635600000000004,
            0.301697,
            0.346431,
            0.36792400000000003,
            0.39341600000000004,
            0.18038500000000002,
            0.24666600000000005,
            0.42424200000000006,
            0.20974400000000004,
            0.21463700000000002,
            0.336435,
            0.346809,
            0.27269200000000005,
            0.27238100000000004,
            0.31707300000000005,
            0.32431200000000004,
            0.32596100000000006,
            0.35801000000000005,
            0.371279,
            0.388614,
            0.37862100000000004,
            0.37997600000000004,
            0.384346,
            0.37461000000000005,
            0.37209200000000003,
            0.376091,
            0.376134,
            0.373287,
            0.320912,
            0.378702,
            0.44169200000000003,
            0.43587600000000004,
            0.45118300000000006,
            0.48117000000000004,
            0.5375350000000001,
            0.466382,
            0.449645,
            0.47547,
            0.482223,
            0.525417,
            0.5145679999999999,
            0.47820500000000005,
            0.48991000000000007,
            0.5690820000000001,
            0.5436840000000001,
            0.5553300000000001,
            0.523658,
            0.45200300000000004,
            0.49405400000000005,
            0.433268,
            0.513457,
            0.5134620000000001,
            0.5060910000000001,
            0.505028,
            0.530054,
            0.55145,
            0.522832,
            0.514107,
            0.513276,
            0.514858,
            0.523409,
            0.491142,
            0.5693520000000001,
            0.533493,
            0.598321,
            0.609093,
            0.592078,
            0.6162010000000001,
            0.609302
        ],
        [
            0.29377799999999993,
            0.35468999999999995,
            0.256701,
            0.203084,
            0.238784,
            0.10876000000000002,
            0.0,
            0.12972500000000003,
            0.16426800000000003,
            0.21685900000000002,
            0.389518,
            0.384698,
            0.38090999999999997,
            0.20668200000000003,
            0.269371,
            0.21901900000000002,
            0.22074100000000002,
            0.233763,
            0.23138400000000003,
            0.30159300000000006,
            0.313711,
            0.30933400000000005,
            0.344675,
            0.389409,
            0.41090200000000004,
            0.43639400000000006,
            0.22336300000000003,
            0.28964400000000007,
            0.4672200000000001,
            0.25272200000000006,
            0.25761500000000004,
            0.379413,
            0.389787,
            0.31567000000000006,
            0.31535900000000006,
            0.36005100000000007,
            0.36729000000000006,
            0.3689390000000001,
            0.40098800000000007,
            0.41425700000000004,
            0.43159200000000003,
            0.42159900000000006,
            0.42295400000000005,
            0.42732400000000004,
            0.41758800000000007,
            0.41507000000000005,
            0.419069,
            0.41911200000000004,
            0.416265,
            0.36389,
            0.42168,
            0.48467000000000005,
            0.47885400000000006,
            0.4941610000000001,
            0.5241480000000001,
            0.5805130000000001,
            0.50936,
            0.49262300000000003,
            0.518448,
            0.525201,
            0.568395,
            0.557546,
            0.5211830000000001,
            0.532888,
            0.61206,
            0.586662,
            0.5983080000000001,
            0.566636,
            0.49498100000000006,
            0.5370320000000001,
            0.476246,
            0.556435,
            0.55644,
            0.549069,
            0.548006,
            0.573032,
            0.594428,
            0.56581,
            0.557085,
            0.556254,
            0.557836,
            0.566387,
            0.53412,
            0.61233,
            0.576471,
            0.6412990000000001,
            0.6520710000000001,
            0.6350560000000001,
            0.6591790000000002,
            0.65228
        ],
        [
            0.31668699999999994,
            0.37759899999999996,
            0.27961,
            0.225993,
            0.261693,
            0.13166900000000004,
            0.12972500000000003,
            0.0,
            0.09317500000000001,
            0.23976800000000004,
            0.412427,
            0.407607,
            0.403819,
            0.22959100000000005,
            0.29228000000000004,
            0.24192800000000003,
            0.24365000000000003,
            0.256672,
            0.25429300000000005,
            0.32450200000000007,
            0.33662000000000003,
            0.33224300000000007,
            0.367584,
            0.412318,
            0.43381100000000006,
            0.4593030000000001,
            0.24627200000000005,
            0.3125530000000001,
            0.4901290000000001,
            0.27563100000000007,
            0.28052400000000005,
            0.402322,
            0.412696,
            0.3385790000000001,
            0.33826800000000007,
            0.3829600000000001,
            0.3901990000000001,
            0.3918480000000001,
            0.4238970000000001,
            0.43716600000000005,
            0.45450100000000004,
            0.44450800000000007,
            0.44586300000000006,
            0.45023300000000005,
            0.4404970000000001,
            0.43797900000000006,
            0.44197800000000004,
            0.44202100000000005,
            0.439174,
            0.386799,
            0.444589,
            0.507579,
            0.5017630000000001,
            0.5170700000000001,
            0.5470570000000001,
            0.6034220000000001,
            0.5322690000000001,
            0.5155320000000001,
            0.5413570000000001,
            0.5481100000000001,
            0.591304,
            0.5804549999999999,
            0.544092,
            0.5557970000000001,
            0.6349690000000001,
            0.6095710000000001,
            0.6212170000000001,
            0.589545,
            0.5178900000000001,
            0.559941,
            0.499155,
            0.5793440000000001,
            0.5793490000000001,
            0.5719780000000001,
            0.5709150000000001,
            0.595941,
            0.617337,
            0.588719,
            0.579994,
            0.579163,
            0.5807450000000001,
            0.589296,
            0.557029,
            0.6352390000000001,
            0.59938,
            0.664208,
            0.67498,
            0.657965,
            0.6820880000000001,
            0.675189
        ],
        [
            0.35122999999999993,
            0.41214199999999995,
            0.314153,
            0.260536,
            0.296236,
            0.16621200000000003,
            0.16426800000000003,
            0.09317500000000001,
            0.0,
            0.274311,
            0.44697,
            0.44215,
            0.438362,
            0.26413400000000004,
            0.32682300000000003,
            0.276471,
            0.278193,
            0.291215,
            0.28883600000000004,
            0.35904500000000006,
            0.371163,
            0.36678600000000006,
            0.402127,
            0.446861,
            0.46835400000000005,
            0.49384600000000006,
            0.28081500000000004,
            0.34709600000000007,
            0.524672,
            0.31017400000000006,
            0.31506700000000004,
            0.436865,
            0.447239,
            0.37312200000000006,
            0.37281100000000006,
            0.41750300000000007,
            0.42474200000000006,
            0.4263910000000001,
            0.45844000000000007,
            0.47170900000000004,
            0.48904400000000003,
            0.47905100000000006,
            0.48040600000000006,
            0.48477600000000004,
            0.4750400000000001,
            0.47252200000000005,
            0.47652100000000003,
            0.47656400000000004,
            0.473717,
            0.421342,
            0.479132,
            0.542122,
            0.5363060000000001,
            0.5516130000000001,
            0.5816000000000001,
            0.6379650000000001,
            0.5668120000000001,
            0.5500750000000001,
            0.5759000000000001,
            0.5826530000000001,
            0.625847,
            0.6149979999999999,
            0.578635,
            0.5903400000000001,
            0.6695120000000001,
            0.6441140000000001,
            0.6557600000000001,
            0.624088,
            0.5524330000000001,
            0.594484,
            0.533698,
            0.6138870000000001,
            0.6138920000000001,
            0.6065210000000001,
            0.605458,
            0.630484,
            0.65188,
            0.623262,
            0.614537,
            0.613706,
            0.6152880000000001,
            0.623839,
            0.591572,
            0.6697820000000001,
            0.633923,
            0.698751,
            0.709523,
            0.692508,
            0.7166310000000001,
            0.709732
        ],
        [
            0.24722300000000003,
            0.30813500000000005,
            0.281832,
            0.228215,
            0.263915,
            0.173881,
            0.21685900000000002,
            0.23976800000000004,
            0.274311,
            0.0,
            0.214455,
            0.20963500000000002,
            0.205847,
            0.13299700000000003,
            0.19568600000000003,
            0.14533400000000002,
            0.14705600000000002,
            0.160078,
            0.15769900000000003,
            0.22790800000000005,
            0.24002600000000002,
            0.23564900000000005,
            0.27099,
            0.315724,
            0.33721700000000004,
            0.36270900000000006,
            0.14967800000000003,
            0.21595900000000007,
            0.3935350000000001,
            0.17903700000000006,
            0.18393000000000004,
            0.305728,
            0.316102,
            0.24198500000000006,
            0.24167400000000006,
            0.28636600000000006,
            0.29360500000000006,
            0.29525400000000007,
            0.32730300000000007,
            0.34057200000000004,
            0.35790700000000003,
            0.34791400000000006,
            0.34926900000000005,
            0.35363900000000004,
            0.34390300000000007,
            0.34138500000000005,
            0.345384,
            0.34542700000000004,
            0.34258,
            0.290205,
            0.347995,
            0.41098500000000004,
            0.40516900000000006,
            0.42047600000000007,
            0.45046300000000006,
            0.5068280000000001,
            0.43567500000000003,
            0.41893800000000003,
            0.444763,
            0.45151600000000003,
            0.49471,
            0.483861,
            0.44749800000000006,
            0.4592030000000001,
            0.538375,
            0.512977,
            0.5246230000000001,
            0.49295100000000003,
            0.42129600000000006,
            0.46334700000000006,
            0.402561,
            0.48275,
            0.48275500000000005,
            0.47538400000000003,
            0.474321,
            0.499347,
            0.520743,
            0.49212500000000003,
            0.4834,
            0.48256899999999997,
            0.484151,
            0.492702,
            0.46043500000000004,
            0.538645,
            0.502786,
            0.5676140000000001,
            0.5783860000000001,
            0.5613710000000001,
            0.5854940000000002,
            0.578595
        ],
        [
            0.419882,
            0.480794,
            0.454491,
            0.40087399999999995,
            0.43657399999999996,
            0.34653999999999996,
            0.389518,
            0.412427,
            0.44697,
            0.214455,
            0.0,
            0.04050199999999998,
            0.03671399999999997,
            0.305656,
            0.368345,
            0.31799299999999997,
            0.31971499999999997,
            0.33273699999999995,
            0.330358,
            0.400567,
            0.41268499999999997,
            0.408308,
            0.44364899999999996,
            0.48838299999999996,
            0.509876,
            0.5353680000000001,
            0.322337,
            0.388618,
            0.5661940000000001,
            0.351696,
            0.356589,
            0.47838699999999995,
            0.48876099999999995,
            0.414644,
            0.414333,
            0.459025,
            0.466264,
            0.467913,
            0.499962,
            0.513231,
            0.530566,
            0.520573,
            0.521928,
            0.5262979999999999,
            0.516562,
            0.514044,
            0.518043,
            0.518086,
            0.515239,
            0.46286399999999994,
            0.520654,
            0.583644,
            0.577828,
            0.593135,
            0.623122,
            0.679487,
            0.6083339999999999,
            0.5915969999999999,
            0.6174219999999999,
            0.6241749999999999,
            0.6673689999999999,
            0.65652,
            0.6201570000000001,
            0.631862,
            0.7110339999999999,
            0.6856359999999999,
            0.697282,
            0.66561,
            0.593955,
            0.6360060000000001,
            0.57522,
            0.6554089999999999,
            0.6554139999999999,
            0.6480429999999999,
            0.6469799999999999,
            0.6720059999999999,
            0.693402,
            0.664784,
            0.656059,
            0.6552279999999999,
            0.6568099999999999,
            0.6653609999999999,
            0.633094,
            0.7113039999999999,
            0.675445,
            0.740273,
            0.751045,
            0.73403,
            0.7581530000000001,
            0.751254
        ],
        [
            0.415062,
            0.475974,
            0.449671,
            0.39605399999999996,
            0.43175399999999997,
            0.34171999999999997,
            0.384698,
            0.407607,
            0.44215,
            0.20963500000000002,
            0.04050199999999998,
            0.0,
            0.009597999999999995,
            0.300836,
            0.363525,
            0.313173,
            0.314895,
            0.32791699999999996,
            0.325538,
            0.395747,
            0.407865,
            0.403488,
            0.43882899999999997,
            0.48356299999999997,
            0.505056,
            0.530548,
            0.317517,
            0.38379800000000003,
            0.561374,
            0.346876,
            0.351769,
            0.47356699999999996,
            0.48394099999999995,
            0.409824,
            0.409513,
            0.454205,
            0.461444,
            0.46309300000000003,
            0.495142,
            0.508411,
            0.525746,
            0.515753,
            0.517108,
            0.521478,
            0.511742,
            0.509224,
            0.513223,
            0.513266,
            0.510419,
            0.45804399999999995,
            0.5158339999999999,
            0.578824,
            0.573008,
            0.588315,
            0.618302,
            0.674667,
            0.603514,
            0.586777,
            0.612602,
            0.619355,
            0.6625489999999999,
            0.6517,
            0.615337,
            0.6270420000000001,
            0.706214,
            0.680816,
            0.692462,
            0.66079,
            0.589135,
            0.631186,
            0.5704,
            0.650589,
            0.650594,
            0.643223,
            0.64216,
            0.667186,
            0.688582,
            0.659964,
            0.6512389999999999,
            0.6504079999999999,
            0.65199,
            0.6605409999999999,
            0.628274,
            0.706484,
            0.670625,
            0.7354529999999999,
            0.7462249999999999,
            0.7292099999999999,
            0.753333,
            0.746434
        ],
        [
            0.411274,
            0.472186,
            0.445883,
            0.39226599999999995,
            0.42796599999999996,
            0.33793199999999995,
            0.38090999999999997,
            0.403819,
            0.438362,
            0.205847,
            0.03671399999999997,
            0.009597999999999995,
            0.0,
            0.297048,
            0.359737,
            0.30938499999999997,
            0.31110699999999997,
            0.32412899999999994,
            0.32175,
            0.391959,
            0.40407699999999996,
            0.3997,
            0.43504099999999996,
            0.47977499999999995,
            0.501268,
            0.52676,
            0.313729,
            0.38001,
            0.557586,
            0.343088,
            0.347981,
            0.46977899999999995,
            0.48015299999999994,
            0.406036,
            0.405725,
            0.450417,
            0.457656,
            0.459305,
            0.491354,
            0.504623,
            0.5219579999999999,
            0.511965,
            0.51332,
            0.51769,
            0.507954,
            0.505436,
            0.509435,
            0.509478,
            0.5066309999999999,
            0.45425599999999994,
            0.512046,
            0.575036,
            0.5692200000000001,
            0.584527,
            0.614514,
            0.670879,
            0.599726,
            0.582989,
            0.608814,
            0.615567,
            0.6587609999999999,
            0.6479119999999999,
            0.611549,
            0.623254,
            0.702426,
            0.677028,
            0.688674,
            0.657002,
            0.5853470000000001,
            0.627398,
            0.5666119999999999,
            0.646801,
            0.646806,
            0.639435,
            0.6383719999999999,
            0.6633979999999999,
            0.6847939999999999,
            0.656176,
            0.647451,
            0.64662,
            0.648202,
            0.6567529999999999,
            0.624486,
            0.702696,
            0.6668369999999999,
            0.731665,
            0.742437,
            0.725422,
            0.7495450000000001,
            0.7426459999999999
        ],
        [
            0.23704600000000003,
            0.29795800000000006,
            0.27165500000000004,
            0.218038,
            0.253738,
            0.16370400000000002,
            0.20668200000000003,
            0.22959100000000005,
            0.26413400000000004,
            0.13299700000000003,
            0.305656,
            0.300836,
            0.297048,
            0.0,
            0.15798500000000004,
            0.10763300000000003,
            0.10935500000000004,
            0.12237700000000001,
            0.11999800000000005,
            0.19020700000000007,
            0.20232500000000003,
            0.19794800000000007,
            0.23328900000000002,
            0.278023,
            0.29951600000000006,
            0.3250080000000001,
            0.11197700000000005,
            0.17825800000000008,
            0.3558340000000001,
            0.14133600000000007,
            0.14622900000000005,
            0.268027,
            0.278401,
            0.20428400000000008,
            0.20397300000000007,
            0.24866500000000008,
            0.2559040000000001,
            0.2575530000000001,
            0.2896020000000001,
            0.30287100000000006,
            0.32020600000000005,
            0.31021300000000007,
            0.31156800000000007,
            0.31593800000000005,
            0.3062020000000001,
            0.30368400000000007,
            0.30768300000000004,
            0.30772600000000006,
            0.304879,
            0.252504,
            0.310294,
            0.37328400000000006,
            0.3674680000000001,
            0.3827750000000001,
            0.4127620000000001,
            0.46912700000000007,
            0.39797400000000005,
            0.38123700000000005,
            0.40706200000000003,
            0.41381500000000004,
            0.457009,
            0.44616,
            0.4097970000000001,
            0.4215020000000001,
            0.5006740000000001,
            0.47527600000000003,
            0.4869220000000001,
            0.45525000000000004,
            0.3835950000000001,
            0.4256460000000001,
            0.36486,
            0.44504900000000003,
            0.44505400000000006,
            0.43768300000000004,
            0.43662,
            0.461646,
            0.483042,
            0.45442400000000005,
            0.445699,
            0.444868,
            0.44645,
            0.455001,
            0.42273400000000005,
            0.5009440000000001,
            0.465085,
            0.5299130000000001,
            0.5406850000000001,
            0.5236700000000001,
            0.5477930000000001,
            0.540894
        ],
        [
            0.29973500000000003,
            0.36064700000000005,
            0.33434400000000003,
            0.280727,
            0.316427,
            0.226393,
            0.269371,
            0.29228000000000004,
            0.32682300000000003,
            0.19568600000000003,
            0.368345,
            0.363525,
            0.359737,
            0.15798500000000004,
            0.0,
            0.07689200000000002,
            0.07861400000000002,
            0.091636,
            0.160841,
            0.23105000000000003,
            0.243168,
            0.23879100000000003,
            0.274132,
            0.318866,
            0.340359,
            0.36585100000000004,
            0.17466600000000004,
            0.24094700000000008,
            0.4185230000000001,
            0.20402500000000007,
            0.20891800000000005,
            0.330716,
            0.34109,
            0.26697300000000007,
            0.26666200000000007,
            0.3113540000000001,
            0.31859300000000007,
            0.3202420000000001,
            0.3522910000000001,
            0.36556000000000005,
            0.38289500000000004,
            0.37290200000000007,
            0.37425700000000006,
            0.37862700000000005,
            0.3688910000000001,
            0.36637300000000006,
