{
    "NEXUS_FILE_URL": "http://purl.org/phylo/treebase/phylows/study/TB2:S10760",
    "NEWICK_TREE": "(((((15:0.313927,((((22:0.045697,52:0.044797):0.174629,(25:0.02587,(45:0.019947,(46:0.027227,(26:0.045124,(13:0.019074,48:0.005103):0.007761):0.018802):0.031931):0.039696):0.18743):0.131349,60:0.168488):0.081411,(53:0.159342,(((((37:0.002627,(80:0.09256,((35:0.022812,49:0.080017):9.67E-4,21:0.018054):0.018043):0.041047):0.026527,(61:0.042864,((19:0.00187,10:0.014691):9.92E-4,20:0.018951):0.017697):0.062359):0.111912,27:0.151762):0.021005,((11:0.007898,(33:0.026207,69:0.101118):4.43E-4):0.009203,(59:0.017011,(((23:0.005738,28:0.028075):0.007783,30:0.048648):0.020322,57:0.017166):0.010071):0.038905):0.064729):0.049145,((63:0.003161,58:0.009698):0.002433,2:0.039174):0.123615):0.118485):0.001132):0.135112):0.011334,(((((((72:0.034449,41:0.009736):0.0141,(65:0.037373,((67:0.013509,42:0.029399):0.004654,(38:0.069382,73:0.047647):0.079032):0.036486):0.009524):0.036524,(9:0.003068,8:0.046964):0.026684):0.05067,(71:0.034151,77:0.02363):0.058738):0.112903,(32:0.040968,44:0.013119):0.07731):0.036179,((40:0.081346,39:0.021149):0.120513,(24:0.0107,(62:0.016665,(((12:0.02878,74:0.034177):0.005179,5:0.007875):0.041231,56:0.049638):0.00963):0.034327):0.079181):0.06426):0.003081,36:0.105813):0.207644):0.063206,((4:0.003033,29:0.034819):0.257599,(16:0.024592,17:0.035362):0.018863):0.482736):0.067097,(47:0.607631,((18:0.436035,79:0.632287):0.196972,((34:0.013808,14:0.003865):0.42588,(((3:5.59E-4,70:0.00819):0.03682,1:0.101636):0.043324,(31:0.005902,43:0.027323):0.065804):0.112403):0.356538):0.0234):0.166721):0.194071,((7:0.023705,55:4.61E-4):0.613334,(((78:0.031192,75:0.010951):0.051478,76:0.037485):0.091031,(68:0.128852,(50:0.009648,((64:0.007469,66:0.001735):0.034705,(51:0.013242,54:0.00509):0.030174):0.021954):0.020804):0.171419):0.361496):0.622608,6:1.178875);",
    "DISTANCE_MATRIX": [
        [
            0,
            0.882125,
            0.8812250000000001,
            0.8750990000000001,
            0.9088720000000001,
            0.948083,
            0.984782,
            0.966493,
            0.9525220000000001,
            0.6989380000000001,
            0.609513,
            0.779872,
            0.910852,
            0.860114,
            0.917319,
            0.8543890000000001,
            0.8559410000000001,
            0.833636,
            0.846457,
            0.8497250000000001,
            0.790568,
            0.699631,
            0.718383,
            0.793294,
            0.738446,
            0.7653490000000001,
            0.7876860000000001,
            0.800476,
            0.748672,
            0.697865,
            0.704402,
            0.7314450000000001,
            0.820811,
            0.796098,
            0.819159,
            0.836435,
            0.852325,
            0.966686,
            0.9449510000000001,
            0.76549,
            0.8093859999999999,
            0.777957,
            0.767436,
            0.690443,
            0.662594,
            0.8021050000000001,
            0.741908,
            0.690127,
            0.730419,
            0.798574,
            0.803971,
            0.77249,
            0.7730220000000001,
            0.638718,
            1.1318350000000001,
            1.163621,
            0.914658,
            0.925428,
            1.229916,
            1.278692,
            1.474944,
            1.441911,
            1.4319680000000001,
            1.195329,
            1.20296,
            1.259586,
            1.1863320000000002,
            1.207753,
            1.9092820000000001,
            1.886038,
            1.80744,
            1.787199,
            1.7622550000000001,
            1.93401,
            1.83561,
            1.89009,
            1.884356,
            1.891332,
            1.8831799999999999,
            1.8285099999999999
        ],
        [
            0.882125,
            0,
            0.09049399999999999,
            0.43362600000000007,
            0.467399,
            0.50661,
            0.543309,
            0.52502,
            0.5110490000000001,
            0.520163,
            0.5935600000000001,
            0.763919,
            0.8948990000000001,
            0.844161,
            0.9013660000000001,
            0.8384360000000001,
            0.8399880000000001,
            0.817683,
            0.830504,
            0.8337720000000001,
            0.774615,
            0.683678,
            0.7024300000000001,
            0.7773410000000001,
            0.722493,
            0.7493960000000001,
            0.771733,
            0.7845230000000001,
            0.7327190000000001,
            0.681912,
            0.6884490000000001,
            0.715492,
            1.0750819999999999,
            1.0503689999999999,
            1.0734299999999999,
            1.090706,
            1.106596,
            1.2209569999999998,
            1.199222,
            1.019761,
            1.0636569999999999,
            1.032228,
            1.021707,
            0.9447139999999999,
            0.9168649999999999,
            1.056376,
            0.9961789999999999,
            0.944398,
            0.98469,
            1.052845,
            1.058242,
            1.026761,
            1.027293,
            0.8929889999999999,
            1.3861059999999998,
            1.417892,
            1.1689289999999999,
            1.1796989999999998,
            1.484187,
            1.5329629999999999,
            1.729215,
            1.6961819999999999,
            1.686239,
            1.4495999999999998,
            1.4572309999999997,
            1.5138569999999998,
            1.4406029999999999,
            1.462024,
            2.1635530000000003,
            2.1403090000000002,
            2.061711,
            2.04147,
            2.016526,
            2.188281,
            2.089881,
            2.144361,
            2.1386269999999996,
            2.145603,
            2.1374509999999995,
            2.0827809999999998
        ],
        [
            0.8812250000000001,
            0.09049399999999999,
            0,
            0.43272600000000006,
            0.466499,
            0.50571,
            0.542409,
            0.52412,
            0.510149,
            0.519263,
            0.59266,
            0.763019,
            0.893999,
            0.843261,
            0.900466,
            0.8375360000000001,
            0.8390880000000001,
            0.816783,
            0.829604,
            0.8328720000000001,
            0.773715,
            0.682778,
            0.70153,
            0.776441,
            0.721593,
            0.748496,
            0.7708330000000001,
            0.783623,
            0.731819,
            0.681012,
            0.687549,
            0.7145920000000001,
            1.074182,
            1.049469,
            1.07253,
            1.089806,
            1.105696,
            1.2200570000000002,
            1.198322,
            1.018861,
            1.062757,
            1.031328,
            1.020807,
            0.943814,
            0.915965,
            1.055476,
            0.995279,
            0.9434980000000001,
            0.98379,
            1.051945,
            1.057342,
            1.025861,
            1.026393,
            0.892089,
            1.3852060000000002,
            1.416992,
            1.168029,
            1.1787990000000002,
            1.483287,
            1.532063,
            1.7283149999999998,
            1.695282,
            1.685339,
            1.4487,
            1.456331,
            1.512957,
            1.4397030000000002,
            1.4611239999999999,
            2.162653,
            2.139409,
            2.060811,
            2.0405699999999998,
            2.015626,
            2.1873810000000002,
            2.088981,
            2.1434610000000003,
            2.137727,
            2.144703,
            2.136551,
            2.081881
        ],
        [
            0.8750990000000001,
            0.43362600000000007,
            0.43272600000000006,
            0,
            0.085513,
            0.124724,
            0.161423,
            0.143134,
            0.129163,
            0.513137,
            0.586534,
            0.756893,
            0.887873,
            0.837135,
            0.89434,
            0.83141,
            0.832962,
            0.810657,
            0.8234779999999999,
            0.826746,
            0.7675890000000001,
            0.676652,
            0.695404,
            0.7703150000000001,
            0.7154670000000001,
            0.74237,
            0.764707,
            0.777497,
            0.725693,
            0.674886,
            0.681423,
            0.708466,
            1.068056,
            1.043343,
            1.066404,
            1.08368,
            1.09957,
            1.213931,
            1.192196,
            1.012735,
            1.0566309999999999,
            1.025202,
            1.014681,
            0.937688,
            0.909839,
            1.04935,
            0.989153,
            0.937372,
            0.977664,
            1.0458189999999998,
            1.051216,
            1.0197349999999998,
            1.020267,
            0.885963,
            1.37908,
            1.410866,
            1.161903,
            1.172673,
            1.477161,
            1.5259369999999999,
            1.7221889999999997,
            1.6891559999999999,
            1.6792129999999998,
            1.442574,
            1.450205,
            1.506831,
            1.433577,
            1.4549979999999998,
            2.156527,
            2.133283,
            2.054685,
            2.0344439999999997,
            2.0095,
            2.181255,
            2.082855,
            2.137335,
            2.131601,
            2.1385769999999997,
            2.130425,
            2.075755
        ],
        [
            0.9088720000000001,
            0.467399,
            0.466499,
            0.085513,
            0,
            0.07910500000000001,
            0.11580399999999999,
            0.09751499999999999,
            0.08354400000000001,
            0.54691,
            0.620307,
            0.7906660000000001,
            0.9216460000000001,
            0.870908,
            0.9281130000000001,
            0.865183,
            0.866735,
            0.84443,
            0.857251,
            0.860519,
            0.8013620000000001,
            0.7104250000000001,
            0.7291770000000001,
            0.8040880000000001,
            0.7492400000000001,
            0.776143,
            0.7984800000000001,
            0.81127,
            0.7594660000000001,
            0.708659,
            0.715196,
            0.7422390000000001,
            1.101829,
            1.077116,
            1.100177,
            1.117453,
            1.133343,
            1.2477040000000001,
            1.225969,
            1.046508,
            1.090404,
            1.058975,
            1.048454,
            0.971461,
            0.943612,
            1.083123,
            1.022926,
            0.971145,
            1.011437,
            1.0795919999999999,
            1.084989,
            1.053508,
            1.05404,
            0.919736,
            1.4128530000000001,
            1.444639,
            1.195676,
            1.2064460000000001,
            1.510934,
            1.55971,
            1.7559619999999998,
            1.722929,
            1.712986,
            1.476347,
            1.483978,
            1.540604,
            1.4673500000000002,
            1.4887709999999998,
            2.1903,
            2.167056,
            2.088458,
            2.0682169999999998,
            2.043273,
            2.215028,
            2.116628,
            2.1711080000000003,
            2.165374,
            2.17235,
            2.164198,
            2.109528
        ],
        [
            0.948083,
            0.50661,
            0.50571,
            0.124724,
            0.07910500000000001,
            0,
            0.091153,
            0.072864,
            0.058893,
            0.586121,
            0.659518,
            0.829877,
            0.9608570000000001,
            0.910119,
            0.9673240000000001,
            0.904394,
            0.905946,
            0.883641,
            0.896462,
            0.89973,
            0.840573,
            0.749636,
            0.7683880000000001,
            0.843299,
            0.788451,
            0.815354,
            0.837691,
            0.850481,
            0.7986770000000001,
            0.7478699999999999,
            0.754407,
            0.78145,
            1.1410399999999998,
            1.1163269999999998,
            1.1393879999999998,
            1.156664,
            1.1725539999999999,
            1.286915,
            1.26518,
            1.0857189999999999,
            1.1296149999999998,
            1.0981859999999999,
            1.0876649999999999,
            1.010672,
            0.9828229999999999,
            1.122334,
            1.0621369999999999,
            1.0103559999999998,
            1.0506479999999998,
            1.1188029999999998,
            1.1241999999999999,
            1.0927189999999998,
            1.093251,
            0.9589469999999999,
            1.452064,
            1.48385,
            1.2348869999999998,
            1.245657,
            1.5501449999999999,
            1.5989209999999998,
            1.7951729999999997,
            1.7621399999999998,
            1.7521969999999998,
            1.515558,
            1.523189,
            1.579815,
            1.506561,
            1.5279819999999997,
            2.229511,
            2.206267,
            2.127669,
            2.1074279999999996,
            2.082484,
            2.254239,
            2.155839,
            2.210319,
            2.204585,
            2.2115609999999997,
            2.2034089999999997,
            2.148739
        ],
        [
            0.984782,
            0.543309,
            0.542409,
            0.161423,
            0.11580399999999999,
            0.091153,
            0,
            0.071959,
            0.057988,
            0.62282,
            0.696217,
            0.866576,
            0.997556,
            0.9468179999999999,
            1.004023,
            0.941093,
            0.942645,
            0.9203399999999999,
            0.9331609999999999,
            0.936429,
            0.877272,
            0.786335,
            0.805087,
            0.8799980000000001,
            0.82515,
            0.852053,
            0.87439,
            0.88718,
            0.835376,
            0.784569,
            0.791106,
            0.818149,
            1.1777389999999999,
            1.1530259999999999,
            1.1760869999999999,
            1.193363,
            1.209253,
            1.323614,
            1.301879,
            1.122418,
            1.1663139999999999,
            1.134885,
            1.124364,
            1.047371,
            1.0195219999999998,
            1.159033,
            1.098836,
            1.0470549999999998,
            1.0873469999999998,
            1.1555019999999998,
            1.160899,
            1.1294179999999998,
            1.12995,
            0.9956459999999999,
            1.488763,
            1.520549,
            1.2715859999999999,
            1.282356,
            1.586844,
            1.6356199999999999,
            1.8318719999999997,
            1.7988389999999999,
            1.7888959999999998,
            1.552257,
            1.559888,
            1.616514,
            1.54326,
            1.5646809999999998,
            2.26621,
            2.242966,
            2.1643679999999996,
            2.144127,
            2.119183,
            2.2909379999999997,
            2.192538,
            2.2470179999999997,
            2.241284,
            2.24826,
            2.2401079999999998,
            2.1854379999999995
        ],
        [
            0.966493,
            0.52502,
            0.52412,
            0.143134,
            0.09751499999999999,
            0.072864,
            0.071959,
            0,
            0.024177,
            0.604531,
            0.677928,
            0.848287,
            0.979267,
            0.9285289999999999,
            0.985734,
            0.922804,
            0.924356,
            0.9020509999999999,
            0.9148719999999999,
            0.91814,
            0.858983,
            0.768046,
            0.786798,
            0.8617090000000001,
            0.806861,
            0.833764,
            0.856101,
            0.868891,
            0.817087,
            0.76628,
            0.772817,
            0.79986,
            1.1594499999999999,
            1.1347369999999999,
            1.1577979999999999,
            1.175074,
            1.190964,
            1.3053249999999998,
            1.28359,
            1.104129,
            1.1480249999999999,
            1.116596,
            1.106075,
            1.0290819999999998,
            1.001233,
            1.140744,
            1.080547,
            1.028766,
            1.069058,
            1.137213,
            1.14261,
            1.111129,
            1.111661,
            0.9773569999999999,
            1.4704739999999998,
            1.50226,
            1.2532969999999999,
            1.2640669999999998,
            1.568555,
            1.6173309999999999,
            1.813583,
            1.7805499999999999,
            1.770607,
            1.5339679999999998,
            1.5415989999999997,
            1.5982249999999998,
            1.5249709999999999,
            1.546392,
            2.247921,
            2.224677,
            2.146079,
            2.125838,
            2.1008940000000003,
            2.272649,
            2.1742489999999997,
            2.228729,
            2.222995,
            2.229971,
            2.221819,
            2.1671489999999998
        ],
        [
            0.9525220000000001,
            0.5110490000000001,
            0.510149,
            0.129163,
            0.08354400000000001,
            0.058893,
            0.057988,
            0.024177,
            0,
            0.59056,
            0.663957,
            0.8343160000000001,
            0.965296,
            0.914558,
            0.971763,
            0.908833,
            0.910385,
            0.88808,
            0.900901,
            0.904169,
            0.8450120000000001,
            0.754075,
            0.772827,
            0.8477380000000001,
            0.7928900000000001,
            0.819793,
            0.84213,
            0.85492,
            0.803116,
            0.752309,
            0.758846,
            0.7858890000000001,
            1.145479,
            1.120766,
            1.143827,
            1.161103,
            1.176993,
            1.2913540000000001,
            1.269619,
            1.090158,
            1.134054,
            1.102625,
            1.092104,
            1.015111,
            0.987262,
            1.126773,
            1.066576,
            1.014795,
            1.0550869999999999,
            1.1232419999999999,
            1.128639,
            1.0971579999999999,
            1.09769,
            0.963386,
            1.456503,
            1.488289,
            1.239326,
            1.250096,
            1.554584,
            1.60336,
            1.7996119999999998,
            1.766579,
            1.7566359999999999,
            1.519997,
            1.527628,
            1.584254,
            1.5110000000000001,
            1.5324209999999998,
            2.23395,
            2.210706,
            2.1321079999999997,
            2.111867,
            2.086923,
            2.2586779999999997,
            2.160278,
            2.214758,
            2.209024,
            2.216,
            2.207848,
            2.1531779999999996
        ],
        [
            0.6989380000000001,
            0.520163,
            0.519263,
            0.513137,
            0.54691,
            0.586121,
            0.62282,
            0.604531,
            0.59056,
            0,
            0.410373,
            0.580732,
            0.711712,
            0.660974,
            0.718179,
            0.655249,
            0.656801,
            0.634496,
            0.6473169999999999,
            0.650585,
            0.5914280000000001,
            0.500491,
            0.519243,
            0.5941540000000001,
            0.5393060000000001,
            0.566209,
            0.588546,
            0.601336,
            0.549532,
            0.498725,
            0.505262,
            0.532305,
            0.891895,
            0.867182,
            0.890243,
            0.907519,
            0.9234089999999999,
            1.03777,
            1.016035,
            0.8365739999999999,
            0.88047,
            0.8490409999999999,
            0.8385199999999999,
            0.7615270000000001,
            0.733678,
            0.873189,
            0.8129919999999999,
            0.7612110000000001,
            0.8015030000000001,
            0.869658,
            0.8750549999999999,
            0.843574,
            0.844106,
            0.709802,
            1.202919,
            1.234705,
            0.9857419999999999,
            0.9965120000000001,
            1.3010000000000002,
            1.3497759999999999,
            1.546028,
            1.512995,
            1.503052,
            1.266413,
            1.274044,
            1.33067,
            1.257416,
            1.278837,
            1.980366,
            1.957122,
            1.878524,
            1.8582830000000001,
            1.833339,
            2.005094,
            1.9066939999999999,
            1.9611740000000002,
            1.9554399999999998,
            1.9624160000000002,
            1.9542639999999998,
            1.899594
        ],
        [
            0.609513,
            0.5935600000000001,
            0.59266,
            0.586534,
            0.620307,
            0.659518,
            0.696217,
            0.677928,
            0.663957,
            0.410373,
            0,
            0.489043,
            0.620023,
            0.569285,
            0.62649,
            0.5635600000000001,
            0.5651120000000001,
            0.542807,
            0.555628,
            0.5588960000000001,
            0.49973900000000004,
            0.408802,
            0.427554,
            0.502465,
            0.44761700000000004,
            0.47452000000000005,
            0.496857,
            0.509647,
            0.457843,
            0.40703599999999995,
            0.41357299999999997,
            0.440616,
            0.80247,
            0.777757,
            0.800818,
            0.8180940000000001,
            0.8339840000000001,
            0.948345,
            0.9266100000000002,
            0.7471490000000001,
            0.791045,
            0.7596160000000001,
            0.7490950000000001,
            0.672102,
            0.644253,
            0.783764,
            0.7235670000000001,
            0.671786,
            0.712078,
            0.780233,
            0.78563,
            0.754149,
            0.754681,
            0.620377,
            1.113494,
            1.14528,
            0.896317,
            0.907087,
            1.211575,
            1.260351,
            1.4566029999999999,
            1.42357,
            1.413627,
            1.1769880000000001,
            1.184619,
            1.2412450000000002,
            1.1679910000000002,
            1.189412,
            1.8909410000000002,
            1.8676970000000002,
            1.789099,
            1.768858,
            1.7439140000000002,
            1.915669,
            1.817269,
            1.871749,
            1.866015,
            1.872991,
            1.864839,
            1.810169
        ],
        [
            0.779872,
            0.763919,
            0.763019,
            0.756893,
            0.7906660000000001,
            0.829877,
            0.866576,
            0.848287,
            0.8343160000000001,
            0.580732,
            0.489043,
            0,
            0.136234,
            0.085496,
            0.142701,
            0.07977100000000001,
            0.134377,
            0.11207199999999999,
            0.12489299999999999,
            0.128161,
            0.292828,
            0.24390099999999998,
            0.26265299999999997,
            0.337564,
            0.28271599999999997,
            0.309619,
            0.33195600000000003,
            0.344746,
            0.29294200000000004,
            0.340425,
            0.346962,
            0.37400500000000003,
            0.9728289999999999,
            0.948116,
            0.971177,
            0.988453,
            1.004343,
            1.1187040000000001,
            1.096969,
            0.917508,
            0.9614039999999999,
            0.929975,
            0.919454,
            0.842461,
            0.814612,
            0.954123,
            0.893926,
            0.842145,
            0.882437,
            0.950592,
            0.955989,
            0.924508,
            0.9250400000000001,
            0.790736,
            1.2838530000000001,
            1.315639,
            1.066676,
            1.0774460000000001,
            1.381934,
            1.43071,
            1.6269619999999998,
            1.593929,
            1.583986,
            1.347347,
            1.354978,
            1.411604,
            1.3383500000000002,
            1.3597709999999998,
            2.0613,
            2.038056,
            1.959458,
            1.939217,
            1.9142730000000001,
            2.0860279999999998,
            1.987628,
            2.042108,
            2.036374,
            2.04335,
            2.035198,
            1.9805279999999998
        ],
        [
            0.910852,
            0.8948990000000001,
            0.893999,
            0.887873,
            0.9216460000000001,
            0.9608570000000001,
            0.997556,
            0.979267,
            0.965296,
            0.711712,
            0.620023,
            0.136234,
            0,
            0.134382,
            0.191587,
            0.12865700000000002,
            0.265357,
            0.243052,
            0.255873,
            0.259141,
            0.423808,
            0.374881,
            0.393633,
            0.468544,
            0.413696,
            0.440599,
            0.462936,
            0.475726,
            0.423922,
            0.47140499999999996,
            0.477942,
            0.504985,
            1.103809,
            1.079096,
            1.102157,
            1.119433,
            1.135323,
            1.249684,
            1.2279490000000002,
            1.0484879999999999,
            1.092384,
            1.0609549999999999,
            1.050434,
            0.973441,
            0.945592,
            1.085103,
            1.024906,
            0.973125,
            1.013417,
            1.081572,
            1.0869689999999999,
            1.055488,
            1.05602,
            0.921716,
            1.414833,
            1.446619,
            1.1976559999999998,
            1.208426,
            1.5129139999999999,
            1.56169,
            1.757942,
            1.7249089999999998,
            1.714966,
            1.478327,
            1.485958,
            1.542584,
            1.46933,
            1.490751,
            2.1922800000000002,
            2.169036,
            2.090438,
            2.070197,
            2.045253,
            2.217008,
            2.118608,
            2.173088,
            2.167354,
            2.17433,
            2.166178,
            2.1115079999999997
        ],
        [
            0.860114,
            0.844161,
            0.843261,
            0.837135,
            0.870908,
            0.910119,
            0.9468179999999999,
            0.9285289999999999,
            0.914558,
            0.660974,
            0.569285,
            0.085496,
            0.134382,
            0,
            0.102829,
            0.041832999999999995,
            0.214619,
            0.19231399999999998,
            0.20513499999999998,
            0.208403,
            0.37307,
            0.32414299999999996,
            0.342895,
            0.417806,
            0.362958,
            0.389861,
            0.412198,
            0.424988,
            0.373184,
            0.420667,
            0.42720400000000003,
            0.454247,
            1.0530709999999999,
            1.0283579999999999,
            1.0514189999999999,
            1.068695,
            1.084585,
            1.1989459999999998,
            1.177211,
            0.9977499999999999,
            1.0416459999999998,
            1.010217,
            0.9996959999999999,
            0.9227029999999999,
            0.8948539999999999,
            1.034365,
            0.9741679999999999,
            0.922387,
            0.962679,
            1.030834,
            1.036231,
            1.00475,
            1.005282,
            0.8709779999999999,
            1.3640949999999998,
            1.395881,
            1.1469179999999999,
            1.1576879999999998,
            1.462176,
            1.5109519999999999,
            1.707204,
            1.6741709999999999,
            1.664228,
            1.4275889999999998,
            1.4352199999999997,
            1.4918459999999998,
            1.4185919999999999,
            1.440013,
            2.1415420000000003,
            2.1182980000000002,
            2.0397,
            2.019459,
            1.994515,
            2.16627,
            2.06787,
            2.12235,
            2.1166159999999996,
            2.123592,
            2.1154399999999995,
            2.0607699999999998
        ],
        [
            0.917319,
            0.9013660000000001,
            0.900466,
            0.89434,
            0.9281130000000001,
            0.9673240000000001,
            1.004023,
            0.985734,
            0.971763,
            0.718179,
            0.62649,
            0.142701,
            0.191587,
            0.102829,
            0,
            0.099038,
            0.271824,
            0.249519,
            0.26234,
            0.265608,
            0.430275,
            0.381348,
            0.4001,
            0.475011,
            0.420163,
            0.447066,
            0.469403,
            0.482193,
            0.430389,
            0.47787199999999996,
            0.484409,
            0.511452,
            1.110276,
            1.085563,
            1.108624,
            1.1259000000000001,
            1.1417899999999999,
            1.256151,
            1.234416,
            1.054955,
            1.098851,
            1.067422,
            1.0569009999999999,
            0.979908,
            0.952059,
            1.09157,
            1.0313729999999999,
            0.979592,
            1.019884,
            1.088039,
            1.093436,
            1.061955,
            1.062487,
            0.928183,
            1.4213,
            1.4530859999999999,
            1.204123,
            1.214893,
            1.519381,
            1.5681569999999998,
            1.764409,
            1.731376,
            1.721433,
            1.484794,
            1.492425,
            1.549051,
            1.475797,
            1.497218,
            2.198747,
            2.175503,
            2.096905,
            2.076664,
            2.05172,
            2.223475,
            2.125075,
            2.179555,
            2.173821,
            2.180797,
            2.1726449999999997,
            2.117975
        ],
        [
            0.8543890000000001,
            0.8384360000000001,
            0.8375360000000001,
            0.83141,
            0.865183,
            0.904394,
            0.941093,
            0.922804,
            0.908833,
            0.655249,
            0.5635600000000001,
            0.07977100000000001,
            0.12865700000000002,
            0.041832999999999995,
            0.099038,
            0,
            0.208894,
            0.186589,
            0.19940999999999998,
            0.202678,
            0.36734500000000003,
            0.318418,
            0.33716999999999997,
            0.41208100000000003,
            0.357233,
            0.38413600000000003,
            0.406473,
            0.41926299999999994,
            0.367459,
            0.41494200000000003,
            0.42147900000000005,
            0.44852200000000003,
            1.0473459999999999,
            1.022633,
            1.045694,
            1.06297,
            1.07886,
            1.1932209999999999,
            1.171486,
            0.9920249999999999,
            1.0359209999999999,
            1.004492,
            0.9939709999999999,
            0.916978,
            0.889129,
            1.02864,
            0.9684429999999999,
            0.916662,
            0.956954,
            1.025109,
            1.030506,
            0.9990249999999999,
            0.999557,
            0.8652529999999999,
            1.3583699999999999,
            1.390156,
            1.141193,
            1.1519629999999998,
            1.456451,
            1.5052269999999999,
            1.701479,
            1.6684459999999999,
            1.658503,
            1.4218639999999998,
            1.4294949999999997,
            1.4861209999999998,
            1.4128669999999999,
            1.434288,
            2.1358170000000003,
            2.1125730000000003,
            2.033975,
            2.013734,
            1.98879,
            2.160545,
            2.062145,
            2.116625,
            2.1108909999999996,
            2.117867,
            2.1097149999999996,
            2.055045
        ],
        [
            0.8559410000000001,
            0.8399880000000001,
            0.8390880000000001,
            0.832962,
            0.866735,
            0.905946,
            0.942645,
            0.924356,
            0.910385,
            0.656801,
            0.5651120000000001,
            0.134377,
            0.265357,
            0.214619,
            0.271824,
            0.208894,
            0,
            0.06342300000000001,
            0.076244,
            0.079512,
            0.36889700000000003,
            0.31997,
            0.33872199999999997,
            0.41363300000000003,
            0.358785,
            0.38568800000000003,
            0.40802499999999997,
            0.42081499999999994,
            0.369011,
            0.41649400000000003,
            0.42303100000000005,
            0.45007400000000003,
            1.0488979999999999,
            1.024185,
            1.047246,
            1.064522,
            1.080412,
            1.194773,
            1.173038,
            0.9935769999999999,
            1.0374729999999999,
            1.006044,
            0.9955229999999999,
            0.91853,
            0.890681,
            1.030192,
            0.9699949999999999,
            0.918214,
            0.958506,
            1.0266609999999998,
            1.032058,
            1.0005769999999998,
            1.001109,
            0.8668049999999999,
            1.359922,
            1.391708,
            1.142745,
            1.153515,
            1.458003,
            1.5067789999999999,
            1.7030309999999997,
            1.6699979999999999,
            1.6600549999999998,
            1.423416,
            1.431047,
            1.487673,
            1.414419,
            1.4358399999999998,
            2.137369,
            2.114125,
            2.035527,
            2.0152859999999997,
            1.990342,
            2.162097,
            2.063697,
            2.118177,
            2.112443,
            2.1194189999999997,
            2.111267,
            2.056597
        ],
        [
            0.833636,
            0.817683,
            0.816783,
            0.810657,
            0.84443,
            0.883641,
            0.9203399999999999,
            0.9020509999999999,
            0.88808,
            0.634496,
            0.542807,
            0.11207199999999999,
            0.243052,
            0.19231399999999998,
            0.249519,
            0.186589,
            0.06342300000000001,
            0,
            0.016561,
            0.021813,
            0.346592,
            0.29766499999999996,
            0.316417,
            0.391328,
            0.33648,
            0.363383,
            0.38572,
            0.39851,
            0.346706,
            0.394189,
            0.400726,
            0.427769,
            1.0265929999999999,
            1.0018799999999999,
            1.0249409999999999,
            1.042217,
            1.058107,
            1.1724679999999998,
            1.150733,
            0.9712719999999999,
            1.0151679999999998,
            0.9837389999999999,
            0.9732179999999999,
            0.8962249999999999,
            0.8683759999999999,
            1.007887,
            0.9476899999999999,
            0.895909,
            0.936201,
            1.004356,
            1.009753,
            0.9782719999999999,
            0.978804,
            0.8444999999999999,
            1.3376169999999998,
            1.369403,
            1.1204399999999999,
            1.1312099999999998,
            1.435698,
            1.4844739999999998,
            1.680726,
            1.6476929999999999,
            1.63775,
            1.4011109999999998,
            1.4087419999999997,
            1.4653679999999998,
            1.3921139999999999,
            1.413535,
            2.1150640000000003,
            2.0918200000000002,
            2.013222,
            1.992981,
            1.968037,
            2.139792,
            2.041392,
            2.095872,
            2.0901379999999996,
            2.097114,
            2.0889619999999995,
            2.0342919999999998
        ],
        [
            0.846457,
            0.830504,
            0.829604,
            0.8234779999999999,
            0.857251,
            0.896462,
            0.9331609999999999,
            0.9148719999999999,
            0.900901,
            0.6473169999999999,
            0.555628,
            0.12489299999999999,
            0.255873,
            0.20513499999999998,
            0.26234,
            0.19940999999999998,
            0.076244,
            0.016561,
            0,
            0.034634,
            0.359413,
            0.31048599999999993,
            0.329238,
            0.404149,
            0.349301,
            0.376204,
            0.398541,
            0.41133099999999995,
            0.359527,
            0.40701,
            0.413547,
            0.44059,
            1.0394139999999998,
            1.0147009999999999,
            1.0377619999999999,
            1.055038,
            1.0709279999999999,
            1.185289,
            1.163554,
            0.9840929999999999,
            1.0279889999999998,
            0.9965599999999999,
            0.9860389999999999,
            0.9090459999999999,
            0.8811969999999999,
            1.020708,
            0.9605109999999999,
            0.9087299999999999,
            0.9490219999999999,
            1.0171769999999998,
            1.0225739999999999,
            0.9910929999999999,
            0.991625,
            0.8573209999999999,
            1.350438,
            1.382224,
            1.1332609999999999,
            1.144031,
            1.448519,
            1.4972949999999998,
            1.6935469999999997,
            1.6605139999999998,
            1.6505709999999998,
            1.413932,
            1.421563,
            1.478189,
