{
    "NEXUS_FILE_URL": "http://purl.org/phylo/treebase/phylows/study/TB2:S12005",
    "NEWICK_TREE": "(((17:0.07277083,(18:0.03557845,19:0.074668):0.02463375):0.11083772,(13:0.07488133,(14:0.05108243,(15:0.0772478,16:0.0387122):0.02536179):0.03771803):0.060676):0.10957177,(((62:0.02500943,63:0.00469164):0.1808446,(70:0.25809963,(4:0.1753676,7:0.08288059):0.07759789):0.10960009):0.04033089,(((3:0.11871341,(1:0.03770404,2:0.03274553):0.05728158):0.03829559,((5:0.0549108,6:0.02254922):0.03831044,(8:0.07040706,(9:0.039532,10:0.01481961):0.01668129):0.02701401):0.03197161):0.06126087,(((11:0.04911346,12:0.13081288):0.08665313,(47:0.03858202,(46:0.00690823,48:0.02069226):0.04743672):0.03461189):0.02613914,((44:0.01704254,(43:0.01888095,45:0.00894818):0.04062192):0.03538523,(66:0.10655902,((64:0.03936287,(41:0.01322325,42:0.00824746):0.03405636):0.04215647,(((51:0.01162891,52:0.01229278):0.01946559,(49:0.01363266,(50:0.01865443,53:0.05164642):0.0066527):0.01720352):0.02868622,(((60:0.02783202,(54:0.02245632,55:0.02955333):0.04043127):0.06005218,(67:0.03589971,(65:0.03641566,((56:0.00217823,57:0.00328242):0.00993373,(58:6.693E-7,59:0.01265165):2.6696E-4):0.02648812):0.0294041):0.01345989):0.01117414,(((20:0.00273882,21:0.01068607):0.00755885,(27:0.00630297,((26:0.00269979,(29:0.00836781,30:0.00523994):0.00247462):0.00596228,((23:0.00696488,24:4.8023E-4):0.00434909,(28:0.00762328,(22:0.00915254,25:1.0E-8):0.0):0.0):0.0061878):0.00330846):0.00937075):0.05264551,((68:0.00960895,69:0.02641389):0.01604661,(((37:1.0E-8,38:0.00239209):2.772E-7,(61:0.00132557,(39:1.0E-8,40:1.0E-8):0.0124932):0.00664831):0.0032756,((35:0.01140002,36:0.00407474):0.00937822,((31:0.00380519,32:0.0027942):0.00765782,(33:1.0E-8,34:1.0E-8):0.00875396):0.00891938):0.01343368):0.01825892):0.01037332):0.00474309):0.00728143):0.00177256):0.01021211):0.03311086):0.06586062):0.0143206):0.02481715):0.10957177);",
    "DISTANCE_MATRIX": [
        [
            0.0,
            0.13298303,
            0.17207257999999997,
            0.31916588,
            0.33308501,
            0.38461217,
            0.34607657,
            0.64893701,
            0.62861922,
            0.8107827000000001,
            0.8056485600000001,
            0.71316155,
            0.64583911,
            0.6221113199999999,
            0.61715281,
            0.61402296,
            0.58166138,
            0.6182227899999999,
            0.60402902,
            0.57931663,
            0.60379557,
            0.68549499,
            0.54122289,
            0.55698582,
            0.57076985,
            0.56017823,
            0.6026385599999999,
            0.5927057899999999,
            0.64742034,
            0.63259277,
            0.64050951,
            0.63553372,
            0.61262671,
            0.6132905799999999,
            0.61236839,
            0.62404286,
            0.65703485,
            0.65918576,
            0.6942413300000001,
            0.70133834,
            0.62066116,
            0.6505812099999999,
            0.65276563,
            0.6538698199999999,
            0.6409212993,
            0.65357228,
            0.62781369,
            0.6357609399999999,
            0.63318974,
            0.6388573,
            0.6469999399999999,
            0.64387207,
            0.647697,
            0.64121235,
            0.64400631,
            0.6455355700000001,
            0.63638304,
            0.6008993899999999,
            0.61770433,
            0.5967786371999999,
            0.5991707172,
            0.6047522299999999,
            0.6159198699999999,
            0.6159198699999999,
            0.62771467,
            0.6203893899999999,
            0.6273188199999999,
            0.62630783,
            0.62460978,
            0.62460978
        ],
        [
            0.13298303,
            0.0,
            0.11024645,
            0.30660725,
            0.32052638,
            0.37205354,
            0.33351794,
            0.63637838,
            0.61606059,
            0.7982240700000001,
            0.79308993,
            0.70060292,
            0.63328048,
            0.6095526899999999,
            0.60459418,
            0.60146433,
            0.56910275,
            0.6056641599999999,
            0.59147039,
            0.566758,
            0.5912369399999999,
            0.67293636,
            0.52866426,
            0.54442719,
            0.55821122,
            0.5476196,
            0.5900799299999999,
            0.5801471599999999,
            0.63486171,
            0.62003414,
            0.62795088,
            0.62297509,
            0.60006808,
            0.6007319499999999,
            0.59980976,
            0.61148423,
            0.6444762199999999,
            0.6466271299999999,
            0.6816827000000001,
            0.6887797099999999,
            0.60810253,
            0.6380225799999999,
            0.640207,
            0.6413111899999999,
            0.6283626693,
            0.64101365,
            0.61525506,
            0.6232023099999999,
            0.6206311099999999,
            0.62629867,
            0.6344413099999999,
            0.63131344,
            0.63513837,
            0.62865372,
            0.63144768,
            0.63297694,
            0.62382441,
            0.5883407599999999,
            0.6051457,
            0.5842200071999999,
            0.5866120872,
            0.5921935999999999,
            0.6033612399999999,
            0.6033612399999999,
            0.61515604,
            0.6078307599999999,
            0.6147601899999999,
            0.6137492,
            0.61205115,
            0.61205115
        ],
        [
            0.17207257999999997,
            0.11024645,
            0.0,
            0.3456968,
            0.35961593000000003,
            0.41114309,
            0.37260749,
            0.6754679299999999,
            0.6551501399999999,
            0.83731362,
            0.83217948,
            0.73969247,
            0.67237003,
            0.64864224,
            0.64368373,
            0.64055388,
            0.6081923,
            0.64475371,
            0.63055994,
            0.60584755,
            0.6303264900000001,
            0.71202591,
            0.56775381,
            0.5835167400000001,
            0.59730077,
            0.58670915,
            0.6291694800000001,
            0.61923671,
            0.6739512599999999,
            0.6591236899999999,
            0.6670404299999999,
            0.66206464,
            0.6391576299999999,
            0.6398215,
            0.63889931,
            0.65057378,
            0.68356577,
            0.68571668,
            0.72077225,
            0.7278692600000001,
            0.64719208,
            0.67711213,
            0.67929655,
            0.6804007400000001,
            0.6674522193,
            0.6801032,
            0.65434461,
            0.6622918600000001,
            0.6597206600000001,
            0.66538822,
            0.6735308600000001,
            0.6704029899999999,
            0.67422792,
            0.66774327,
            0.67053723,
            0.67206649,
            0.66291396,
            0.62743031,
            0.6442352499999999,
            0.6233095572,
            0.6257016371999999,
            0.63128315,
            0.64245079,
            0.64245079,
            0.6542455899999999,
            0.64692031,
            0.6538497400000001,
            0.6528387499999999,
            0.6511407,
            0.6511407
        ],
        [
            0.31916588,
            0.30660725,
            0.3456968,
            0.0,
            0.16368179,
            0.21520894999999998,
            0.17667335,
            0.60088579,
            0.580568,
            0.76273148,
            0.75759734,
            0.6651103300000001,
            0.59778789,
            0.5740601,
            0.56910159,
            0.56597174,
            0.5336101600000001,
            0.57017157,
            0.5559778,
            0.53126541,
            0.55574435,
            0.63744377,
            0.49317167,
            0.5089346,
            0.52271863,
            0.5121270099999999,
            0.55458734,
            0.54465457,
            0.59936912,
            0.58454155,
            0.5924582899999999,
            0.5874824999999999,
            0.56457549,
            0.56523936,
            0.56431717,
            0.57599164,
            0.60898363,
            0.6111345399999999,
            0.64619011,
            0.65328712,
            0.57260994,
            0.60252999,
            0.6047144099999999,
            0.6058186,
            0.5928700792999999,
            0.60552106,
            0.5797624699999999,
            0.58770972,
            0.58513852,
            0.5908060799999999,
            0.59894872,
            0.59582085,
            0.5996457799999999,
            0.5931611299999999,
            0.5959550899999999,
            0.59748435,
            0.5883318200000001,
            0.55284817,
            0.56965311,
            0.5487274172,
            0.5511194972,
            0.5567010099999999,
            0.56786865,
            0.56786865,
            0.57966345,
            0.57233817,
            0.5792676,
            0.57825661,
            0.57655856,
            0.57655856
        ],
        [
            0.33308501,
            0.32052638,
            0.35961593000000003,
            0.16368179,
            0.0,
            0.15369201999999998,
            0.11515642,
            0.61480492,
            0.59448713,
            0.77665061,
            0.77151647,
            0.67902946,
            0.61170702,
            0.58797923,
            0.5830207199999999,
            0.5798908700000001,
            0.54752929,
            0.5840907,
            0.5698969300000001,
            0.5451845399999999,
            0.56966348,
            0.6513629000000001,
            0.5070908000000001,
            0.52285373,
            0.5366377600000001,
            0.52604614,
            0.56850647,
            0.5585737,
            0.61328825,
            0.59846068,
            0.60637742,
            0.60140163,
            0.57849462,
            0.57915849,
            0.5782362999999999,
            0.5899107699999999,
            0.6229027599999999,
            0.62505367,
            0.66010924,
            0.66720625,
            0.58652907,
            0.61644912,
            0.61863354,
            0.61973773,
            0.6067892093,
            0.61944019,
            0.5936816,
            0.60162885,
            0.59905765,
            0.60472521,
            0.61286785,
            0.60973998,
            0.61356491,
            0.60708026,
            0.60987422,
            0.61140348,
            0.60225095,
            0.5667673,
            0.58357224,
            0.5626465472,
            0.5650386272,
            0.5706201399999999,
            0.58178778,
            0.58178778,
            0.59358258,
            0.5862573,
            0.59318673,
            0.59217574,
            0.5904776899999999,
            0.5904776899999999
        ],
        [
            0.38461217,
            0.37205354,
            0.41114309,
            0.21520894999999998,
            0.15369201999999998,
            0.0,
            0.11596000000000001,
            0.66633208,
            0.64601429,
            0.82817777,
            0.82304363,
            0.73055662,
            0.66323418,
            0.63950639,
            0.63454788,
            0.6314180300000001,
            0.59905645,
            0.63561786,
            0.6214240900000001,
            0.5967117,
            0.62119064,
            0.7028900600000001,
            0.5586179600000001,
            0.57438089,
            0.5881649200000001,
            0.5775733000000001,
            0.62003363,
            0.61010086,
            0.66481541,
            0.64998784,
            0.65790458,
            0.65292879,
            0.63002178,
            0.63068565,
            0.6297634599999999,
            0.6414379299999999,
            0.6744299199999999,
            0.67658083,
            0.7116364000000001,
            0.71873341,
            0.63805623,
            0.66797628,
            0.6701607,
            0.67126489,
            0.6583163693,
            0.67096735,
            0.64520876,
            0.65315601,
            0.65058481,
            0.65625237,
            0.66439501,
            0.66126714,
            0.66509207,
            0.65860742,
            0.66140138,
            0.66293064,
            0.65377811,
            0.61829446,
            0.6350994,
            0.6141737072,
            0.6165657872,
            0.6221473,
            0.63331494,
            0.63331494,
            0.64510974,
            0.63778446,
            0.64471389,
            0.6437029,
            0.64200485,
            0.64200485
        ],
        [
            0.34607657,
            0.33351794,
            0.37260749,
            0.17667335,
            0.11515642,
            0.11596000000000001,
            0.0,
            0.62779648,
            0.60747869,
            0.78964217,
            0.78450803,
            0.6920210200000001,
            0.62469858,
            0.60097079,
            0.5960122800000001,
            0.59288243,
            0.5605208500000001,
            0.59708226,
            0.58288849,
            0.5581761000000001,
            0.58265504,
            0.66435446,
            0.52008236,
            0.53584529,
            0.54962932,
            0.5390377,
            0.58149803,
            0.57156526,
            0.62627981,
            0.61145224,
            0.61936898,
            0.6143931899999999,
            0.59148618,
            0.59215005,
            0.59122786,
            0.60290233,
            0.63589432,
            0.6380452299999999,
            0.6731008,
            0.68019781,
            0.59952063,
            0.62944068,
            0.6316250999999999,
            0.63272929,
            0.6197807692999999,
            0.6324317500000001,
            0.6066731599999999,
            0.61462041,
            0.61204921,
            0.6177167699999999,
            0.62585941,
            0.62273154,
            0.6265564699999999,
            0.6200718199999999,
            0.6228657799999999,
            0.62439504,
            0.6152425100000001,
            0.57975886,
            0.5965638,
            0.5756381072,
            0.5780301872,
            0.5836117,
            0.59477934,
            0.59477934,
            0.60657414,
            0.59924886,
            0.60617829,
            0.6051673,
            0.6034692500000001,
            0.6034692500000001
        ],
        [
            0.64893701,
            0.63637838,
            0.6754679299999999,
            0.60088579,
            0.61480492,
            0.66633208,
            0.62779648,
            0.0,
            0.02970107,
            0.57355375,
            0.56841961,
            0.47593260000000004,
            0.48927194,
            0.46554415,
            0.46058564,
            0.45745579000000003,
            0.42509421000000003,
            0.46165562,
            0.44746185000000005,
            0.42274946,
            0.44722839999999997,
            0.52892782,
            0.38465572000000003,
            0.40041865,
            0.41420268000000005,
            0.40361106,
            0.44607139,
            0.43613862,
            0.49085317,
            0.4760256,
            0.48394233999999997,
            0.47896655,
            0.45605954,
            0.45672341,
            0.45580122,
            0.46747569,
            0.50046768,
            0.50261859,
            0.53767416,
            0.54477117,
            0.46409399,
            0.49401404,
            0.49619846,
            0.49730264999999996,
            0.4843541293,
            0.49700511,
            0.47124652,
            0.47919377,
            0.47662257,
            0.48229013,
            0.49043277,
            0.4873049,
            0.49112983,
            0.48464518,
            0.48743914,
            0.4889684,
            0.47981587000000003,
            0.44433222,
            0.46113716,
            0.4402114672,
            0.4426035472,
            0.44818505999999997,
            0.4593527,
            0.4593527,
            0.4711475,
            0.46382222,
            0.47075165,
            0.46974066,
            0.46804261,
            0.46804261
        ],
        [
            0.62861922,
            0.61606059,
            0.6551501399999999,
            0.580568,
            0.59448713,
            0.64601429,
            0.60747869,
            0.02970107,
            0.0,
            0.55323596,
            0.54810182,
            0.45561481000000004,
            0.46895415,
            0.44522636,
            0.44026785,
            0.437138,
            0.40477642,
            0.44133783,
            0.42714406000000005,
            0.40243167,
            0.42691060999999997,
            0.50861003,
            0.36433793000000003,
            0.38010086,
            0.39388489000000004,
            0.38329327,
            0.4257536,
            0.41582083,
            0.47053538,
            0.45570781,
            0.46362454999999997,
            0.45864876,
            0.43574175,
            0.43640562,
            0.43548343,
            0.4471579,
            0.48014988999999997,
            0.4823008,
            0.51735637,
            0.52445338,
            0.4437762,
            0.47369625,
            0.47588067,
            0.47698485999999995,
            0.4640363393,
            0.47668732,
            0.45092873,
            0.45887598,
            0.45630478,
            0.46197234,
            0.47011498,
            0.46698711,
            0.47081204,
            0.46432739,
            0.46712135,
            0.46865061,
            0.45949808000000003,
            0.42401443,
            0.44081937,
            0.4198936772,
            0.4222857572,
            0.42786726999999997,
            0.43903491,
            0.43903491,
            0.45082971,
            0.44350443,
            0.45043386,
            0.44942287,
            0.44772482,
            0.44772482
        ],
        [
            0.8107827000000001,
            0.7982240700000001,
            0.83731362,
            0.76273148,
            0.77665061,
            0.82817777,
            0.78964217,
            0.57355375,
            0.55323596,
            0.0,
            0.51106512,
            0.41857811,
            0.65111763,
            0.62738984,
            0.62243133,
            0.6193014800000001,
            0.5869399,
            0.62350131,
            0.6093075400000001,
            0.5845951500000001,
            0.60907409,
            0.6907735100000001,
            0.5465014100000001,
            0.56226434,
            0.5760483700000001,
            0.5654567500000001,
            0.60791708,
            0.59798431,
            0.65269886,
            0.63787129,
            0.64578803,
            0.64081224,
            0.61790523,
            0.6185691,
            0.61764691,
            0.62932138,
            0.6623133699999999,
            0.66446428,
            0.69951985,
            0.70661686,
            0.62593968,
            0.65585973,
            0.65804415,
            0.65914834,
            0.6461998193,
            0.6588508,
            0.63309221,
            0.64103946,
            0.63846826,
            0.64413582,
            0.65227846,
            0.64915059,
            0.65297552,
            0.64649087,
            0.64928483,
            0.65081409,
            0.6416615600000001,
            0.60617791,
            0.62298285,
            0.6020571572,
            0.6044492372,
            0.61003075,
            0.62119839,
            0.62119839,
            0.63299319,
            0.62566791,
            0.63259734,
            0.63158635,
            0.6298883000000001,
            0.6298883000000001
        ],
        [
            0.8056485600000001,
            0.79308993,
            0.83217948,
            0.75759734,
            0.77151647,
            0.82304363,
            0.78450803,
            0.56841961,
            0.54810182,
            0.51106512,
            0.0,
            0.25824819,
            0.64598349,
            0.6222557,
            0.6172971899999999,
            0.6141673400000001,
            0.58180576,
            0.61836717,
            0.6041734000000001,
            0.57946101,
            0.60393995,
            0.6856393700000001,
            0.5413672700000001,
            0.5571302,
            0.5709142300000001,
            0.56032261,
            0.60278294,
            0.59285017,
            0.64756472,
            0.63273715,
            0.64065389,
            0.6356781,
            0.61277109,
            0.61343496,
            0.61251277,
            0.62418724,
            0.6571792299999999,
            0.65933014,
            0.69438571,
            0.70148272,
            0.62080554,
            0.65072559,
            0.65291001,
            0.6540142,
            0.6410656793,
            0.65371666,
            0.62795807,
            0.63590532,
            0.63333412,
            0.63900168,
            0.64714432,
            0.64401645,
            0.64784138,
            0.64135673,
            0.64415069,
            0.64567995,
            0.6365274200000001,
            0.60104377,
            0.61784871,
            0.5969230172,
            0.5993150972,
            0.60489661,
            0.61606425,
            0.61606425,
            0.62785905,
            0.62053377,
            0.6274632,
            0.62645221,
            0.6247541600000001,
            0.6247541600000001
        ],
        [
            0.71316155,
            0.70060292,
            0.73969247,
            0.6651103300000001,
            0.67902946,
            0.73055662,
            0.6920210200000001,
            0.47593260000000004,
            0.45561481000000004,
            0.41857811,
            0.25824819,
            0.0,
            0.5534964800000001,
            0.52976869,
            0.52481018,
            0.52168033,
            0.48931875,
            0.52588016,
            0.51168639,
            0.486974,
            0.5114529400000001,
            0.59315236,
            0.44888026000000003,
            0.46464319000000004,
            0.47842722000000004,
            0.4678356,
            0.5102959300000001,
            0.50036316,
            0.5550777100000001,
            0.54025014,
            0.54816688,
            0.54319109,
            0.52028408,
            0.52094795,
            0.52002576,
            0.53170023,
            0.56469222,
            0.56684313,
            0.6018987,
            0.6089957100000001,
            0.5283185300000001,
            0.55823858,
            0.560423,
            0.5615271900000001,
            0.5485786693,
            0.56122965,
            0.53547106,
            0.5434183100000001,
            0.5408471100000001,
            0.54651467,
            0.5546573100000001,
            0.55152944,
            0.55535437,
            0.54886972,
            0.55166368,
            0.5531929400000001,
            0.54404041,
            0.50855676,
            0.5253617,
            0.5044360072,
            0.5068280872,
            0.5124096,
            0.52357724,
            0.52357724,
            0.53537204,
            0.5280467600000001,
            0.5349761900000001,
            0.5339652,
            0.53226715,
            0.53226715
        ],
        [
            0.64583911,
            0.63328048,
            0.67237003,
            0.59778789,
            0.61170702,
            0.66323418,
            0.62469858,
            0.48927194,
            0.46895415,
            0.65111763,
            0.64598349,
            0.5534964800000001,
            0.0,
            0.21369903,
            0.20874051999999998,
            0.28220185000000003,
            0.24984027,
            0.28640168,
            0.27220791,
            0.24749552000000002,
            0.39449619999999996,
            0.47619562000000004,
            0.33192352,
            0.34768645,
            0.36147048000000004,
            0.35087886,
            0.39333919,
            0.38340641999999997,
            0.43812097,
            0.4232934,
            0.43121013999999996,
            0.42623435,
            0.40332734,
            0.40399121,
            0.40306902,
            0.41474349,
            0.44773547999999996,
            0.44988638999999997,
            0.48494196,
            0.49203896999999996,
            0.41136179,
            0.44128184,
            0.44346626,
            0.44457045,
            0.4316219293,
            0.44427291,
            0.41851432,
            0.42646157,
            0.42389037,
            0.42955793,
            0.43770057,
            0.4345727,
            0.43839763,
            0.43191298,
            0.43470694,
            0.4362362,
            0.42708367,
            0.39160002,
            0.40840496,
            0.3874792672,
            0.3898713472,
            0.39545285999999996,
            0.4066205,
            0.4066205,
            0.4184153,
            0.41109002,
            0.41801945,
            0.41700845999999997,
            0.41531041,
            0.41531041
        ],
        [
            0.6221113199999999,
            0.6095526899999999,
            0.64864224,
            0.5740601,
            0.58797923,
            0.63950639,
            0.60097079,
            0.46554415,
            0.44522636,
            0.62738984,
            0.6222557,
            0.52976869,
            0.21369903,
            0.0,
            0.07044957,
            0.25847406,
            0.22611247999999998,
            0.26267388999999997,
            0.24848011999999997,
            0.22376773,
            0.37076840999999994,
            0.45246783,
            0.30819573,
            0.32395865999999995,
            0.33774269,
            0.32715107,
            0.3696114,
            0.35967862999999994,
            0.41439317999999997,
            0.39956560999999996,
            0.40748234999999994,
            0.40250655999999996,
            0.37959954999999995,
            0.38026341999999996,
            0.37934123,
            0.39101569999999997,
            0.42400768999999994,
            0.42615859999999994,
            0.46121417,
            0.46831117999999994,
            0.387634,
            0.41755404999999995,
            0.41973847,
            0.42084266,
            0.40789413929999996,
            0.42054512,
            0.39478652999999997,
            0.40273378,
            0.40016258,
            0.40583013999999995,
            0.41397278,
            0.41084490999999995,
            0.41466983999999996,
            0.40818519,
            0.41097914999999996,
            0.41250841,
            0.40335588,
            0.36787222999999997,
            0.38467716999999996,
            0.36375147719999995,
            0.36614355719999997,
            0.37172506999999994,
            0.38289270999999997,
            0.38289270999999997,
            0.39468750999999996,
            0.38736223,
            0.39429166,
            0.39328066999999994,
            0.39158262,
            0.39158262
        ],
        [
            0.61715281,
            0.60459418,
            0.64368373,
            0.56910159,
            0.5830207199999999,
            0.63454788,
            0.5960122800000001,
            0.46058564,
            0.44026785,
            0.62243133,
            0.6172971899999999,
            0.52481018,
            0.20874051999999998,
            0.07044957,
            0.0,
            0.25351555000000003,
            0.22115396999999998,
            0.25771537999999994,
            0.24352161,
            0.21880921999999997,
            0.36580989999999997,
            0.44750932,
            0.30323722,
            0.31900015,
            0.33278418,
            0.32219255999999996,
            0.36465289,
            0.35472011999999997,
            0.40943467,
            0.3946071,
            0.40252383999999997,
            0.39754804999999993,
            0.37464104,
            0.37530491,
            0.37438271999999995,
            0.38605718999999994,
            0.4190491799999999,
            0.4212000899999999,
            0.45625566,
            0.46335266999999997,
            0.38267549,
            0.41259554,
            0.41477995999999995,
            0.41588415,
            0.40293562929999993,
            0.41558660999999997,
            0.38982801999999994,
            0.39777527,
            0.39520407,
            0.4008716299999999,
            0.40901427,
            0.4058864,
            0.40971132999999993,
            0.40322667999999995,
            0.40602063999999993,
            0.4075499,
            0.39839737,
            0.36291372,
            0.37971866,
            0.3587929672,
            0.3611850472,
            0.36676655999999996,
            0.3779342,
            0.3779342,
            0.389729,
            0.38240372,
            0.38933315,
            0.38832215999999997,
            0.38662410999999997,
            0.38662410999999997
        ],
        [
            0.61402296,
            0.60146433,
            0.64055388,
            0.56597174,
            0.5798908700000001,
            0.6314180300000001,
            0.59288243,
            0.45745579000000003,
            0.437138,
            0.6193014800000001,
            0.6141673400000001,
            0.52168033,
            0.28220185000000003,
            0.25847406,
            0.25351555000000003,
            0.0,
            0.07746002,
            0.19064231,
            0.17644854000000001,
            0.15173615000000001,
            0.36268005000000003,
            0.44437947,
            0.30010737000000004,
            0.31587030000000005,
            0.32965433,
            0.31906270999999997,
            0.36152304,
            0.35159027,
            0.40630482,
            0.39147725,
            0.39939399,
            0.3944182,
            0.37151119,
            0.37217506,
            0.37125287,
            0.38292734,
            0.41591933,
            0.41807024,
            0.4531258100000001,
            0.46022282000000003,
            0.37954564,
            0.40946569,
            0.41165011,
            0.4127543,
            0.3998057793,
            0.41245676000000003,
            0.38669817,
            0.39464542,
            0.39207422000000003,
            0.39774178,
            0.40588442,
            0.40275655,
            0.40658148,
            0.40009683,
            0.40289079,
            0.40442005000000003,
            0.39526752000000004,
            0.35978387,
            0.37658881,
            0.3556631172,
            0.3580551972,
            0.36363671,
            0.37480435,
            0.37480435,
            0.38659915,
            0.37927387,
            0.3862033,
            0.38519231,
            0.38349426000000003,
            0.38349426000000003
        ],
        [
            0.58166138,
            0.56910275,
            0.6081923,
            0.5336101600000001,
            0.54752929,
            0.59905645,
            0.5605208500000001,
            0.42509421000000003,
            0.40477642,
            0.5869399,
            0.58180576,
            0.48931875,
            0.24984027,
            0.22611247999999998,
            0.22115396999999998,
            0.07746002,
            0.0,
            0.15828072999999998,
            0.14408696,
            0.11937457,
            0.33031847,
            0.41201789,
            0.26774579,
            0.28350872,
            0.29729275,
            0.28670112999999997,
            0.32916146,
            0.31922869,
            0.37394324,
            0.35911567,
            0.36703241,
            0.36205661999999994,
            0.33914961,
            0.33981348,
            0.33889128999999996,
            0.35056575999999995,
            0.3835577499999999,
            0.3857086599999999,
            0.42076423,
            0.42786124,
            0.34718406,
            0.37710411,
            0.37928852999999996,
            0.38039272,
            0.36744419929999994,
            0.38009518,
            0.35433658999999995,
            0.36228384,
            0.35971264000000003,
            0.36538019999999993,
            0.37352284,
            0.37039497,
            0.37421989999999994,
            0.36773524999999996,
            0.37052920999999994,
            0.37205847000000003,
            0.36290594,
            0.32742229,
            0.34422723,
            0.3233015372,
            0.3256936172,
            0.33127513,
            0.34244277,
            0.34244277,
            0.35423757,
            0.34691229,
            0.35384172,
            0.35283073,
            0.35113268,
            0.35113268
        ],
        [
            0.6182227899999999,
            0.6056641599999999,
            0.64475371,
            0.57017157,
            0.5840907,
            0.63561786,
            0.59708226,
            0.46165562,
            0.44133783,
            0.62350131,
            0.61836717,
            0.52588016,
            0.28640168,
            0.26267388999999997,
            0.25771537999999994,
            0.19064231,
            0.15828072999999998,
            0.0,
            0.12662035,
            0.10190795999999999,
            0.36687987999999994,
            0.4485793,
            0.3043072,
            0.32007012999999995,
            0.33385416,
            0.32326254,
            0.36572287,
            0.35579009999999994,
            0.41050464999999997,
            0.39567707999999996,
            0.40359381999999994,
            0.39861802999999996,
            0.37571101999999995,
            0.37637488999999996,
            0.3754527,
            0.38712716999999996,
            0.42011915999999994,
            0.42227006999999994,
            0.45732564,
            0.46442264999999994,
            0.38374547,
            0.41366551999999995,
            0.41584994,
            0.41695413,
            0.40400560929999996,
            0.41665659,
            0.39089799999999997,
            0.39884525,
            0.39627405,
            0.40194160999999995,
            0.41008425,
            0.40695637999999995,
            0.41078130999999996,
            0.40429666,
            0.40709061999999996,
            0.40861988,
            0.39946735,
            0.36398369999999997,
            0.38078863999999996,
            0.35986294719999995,
            0.36225502719999997,
            0.36783653999999993,
            0.37900417999999997,
            0.37900417999999997,
            0.39079897999999996,
            0.3834737,
            0.39040313,
            0.38939213999999994,
            0.38769409,
            0.38769409
        ],
        [
            0.60402902,
            0.59147039,
            0.63055994,
            0.5559778,
            0.5698969300000001,
            0.6214240900000001,
            0.58288849,
            0.44746185000000005,
            0.42714406000000005,
            0.6093075400000001,
            0.6041734000000001,
            0.51168639,
            0.27220791,
            0.24848011999999997,
            0.24352161,
            0.17644854000000001,
            0.14408696,
            0.12662035,
            0.0,
            0.054351609999999995,
            0.35268611,
            0.43438553,
            0.29011343,
            0.30587636,
            0.31966039,
            0.30906877,
            0.35152910000000004,
            0.34159633,
            0.39631088000000003,
            0.38148331,
            0.38940005,
            0.38442425999999996,
            0.36151725,
            0.36218112,
            0.36125893,
            0.37293339999999997,
            0.40592538999999994,
            0.40807629999999995,
            0.44313187000000004,
            0.45022888,
            0.36955170000000004,
            0.39947175,
            0.40165617,
            0.40276036000000004,
            0.38981183929999996,
            0.40246282,
            0.37670423,
            0.38465148000000005,
            0.38208028000000005,
            0.38774783999999995,
            0.39589048000000004,
            0.39276261,
            0.39658753999999996,
            0.39010289,
            0.39289684999999996,
            0.39442611000000005,
            0.38527358,
            0.34978993,
            0.36659487,
            0.3456691772,
            0.34806125720000003,
            0.35364277,
            0.36481041000000003,
            0.36481041000000003,
            0.37660521,
            0.36927993000000003,
            0.37620936000000005,
            0.37519837,
            0.37350032,
            0.37350032
        ],
        [
            0.57931663,
            0.566758,
            0.60584755,
            0.53126541,
            0.5451845399999999,
            0.5967117,
            0.5581761000000001,
            0.42274946,
            0.40243167,
            0.5845951500000001,
            0.57946101,
            0.486974,
            0.24749552000000002,
            0.22376773,
            0.21880921999999997,
            0.15173615000000001,
            0.11937457,
            0.10190795999999999,
            0.054351609999999995,
            0.0,
            0.32797372,
            0.40967314,
            0.26540104000000003,
            0.28116397000000004,
            0.294948,
            0.28435637999999996,
            0.32681671,
            0.31688394,
            0.37159849,
            0.35677092,
            0.36468765999999997,
            0.35971187,
            0.33680486,
            0.33746873,
            0.33654654,
            0.34822101,
            0.38121299999999997,
            0.38336391,
            0.41841948000000007,
            0.42551649,
            0.34483931,
            0.37475936,
            0.37694378,
            0.37804797,
            0.3650994493,
            0.37775043,
            0.35199184,
            0.35993909,
            0.35736789,
            0.36303545,
            0.37117809,
            0.36805022,
            0.37187515,
            0.3653905,
            0.36818446,
            0.36971372,
            0.36056119000000003,
            0.32507754,
            0.34188248,
            0.3209567872,
            0.3233488672,
            0.32893037999999997,
            0.34009802,
            0.34009802,
            0.35189282,
            0.34456754,
            0.35149697,
            0.35048598,
            0.34878793,
            0.34878793
        ],
        [
            0.60379557,
            0.5912369399999999,
            0.6303264900000001,
            0.55574435,
            0.56966348,
            0.62119064,
            0.58265504,
            0.44722839999999997,
            0.42691060999999997,
            0.60907409,
            0.60393995,
            0.5114529400000001,
            0.39449619999999996,
            0.37076840999999994,
            0.36580989999999997,
            0.36268005000000003,
            0.33031847,
            0.36687987999999994,
            0.35268611,
            0.32797372,
            0.0,
            0.17992634,
            0.2089605,
            0.22472343,
            0.23850746,
            0.28019412,
            0.32265445000000004,
            0.31272168,
            0.36743623000000003,
            0.35260866,
