{
    "NEXUS_FILE_URL": "http://purl.org/phylo/treebase/phylows/study/TB2:S13860",
    "NEWICK_TREE": "((1:0.023960769999999992,(2:0.006460560000000004,3:0.004794949999999992):0.04439797000000001):0.11241586,(((34:0.0037313800000000064,35:0.004016080000000033):0.0016141999999999823,(36:0.005155010000000015,37:0.002012029999999998):0.001666570000000006):0.022573979999999993,(((18:0.002409330000000015,19:0.0022689899999999985):0.0020064099999999863,((10:1.0000000022492017E-8,15:0.0017761300000000146):0.0030971599999999877,(16:0.0019900999999999947,17:0.0031306200000000006):0.0010934300000000063):4.152799999999901E-4):0.004427310000000018,((31:0.001402010000000009,(27:8.811999999999987E-4,28:4.292800000000041E-4):0.003537309999999988):0.0037604900000000052,((4:0.005951100000000015,5:0.004898760000000002):2.81989999999982E-4,((32:9.999999994736442E-9,33:9.999999994736442E-9):0.0034780799999999945,((22:0.0021885799999999955,26:0.002166460000000009):0.0027810400000000124,((20:4.3086999999999986E-4,21:9.999999994736442E-9):0.003246180000000015,(7:6.12980000000013E-4,(6:3.1754000000000504E-4,9:9.999999994736442E-9,8:9.999999994736442E-9):0.001835360000000008):0.0036734800000000067,((29:0.0012147599999999814,30:9.999999994736442E-9):0.004303420000000002,((23:0.0013752599999999893,(24:0.0011511800000000016,25:4.625000000000046E-4):3.0594000000000454E-4):0.0029042099999999904,(11:9.999999994736442E-9,12:9.999999994736442E-9,13:4.617899999999897E-4,14:9.999999994736442E-9):0.0028407599999999977):0.0012294700000000103):3.025000000000111E-4):6.075700000000017E-4):0.001245329999999989):3.0364999999998865E-4):5.794300000000197E-4):0.0047226300000000054):0.037093970000000004):0.05620793);",
    "DISTANCE_MATRIX": [
        [
            0.0,
            0.0748193,
            0.07315369,
            0.22050411999999997,
            0.22078882,
            0.22198012,
            0.21883713999999999,
            0.23852158,
            0.23838124,
            0.23761829,
            0.23939441,
            0.23760465000000003,
            0.23874517,
            0.23956366,
            0.24258016,
            0.24212824,
            0.24121368000000004,
            0.24016134,
            0.23876233000000002,
            0.23876233000000002,
            0.24149919000000003,
            0.24147707000000002,
            0.24081419000000004,
            0.24038333,
            0.24142360000000002,
            0.24296352000000004,
            0.24264599000000003,
            0.24264599000000003,
            0.24295782,
            0.24174307,
            0.24294858000000003,
            0.24303044000000001,
            0.24234176000000002,
            0.24150988,
            0.24150988,
            0.24197166000000003,
            0.24150988
        ],
        [
            0.0748193,
            0.0,
            0.011255509999999996,
            0.24740188000000002,
            0.24768658000000005,
            0.24887788000000005,
            0.24573490000000003,
            0.26541934000000006,
            0.26527900000000004,
            0.26451605000000006,
            0.26629217000000005,
            0.26450241,
            0.26564293000000005,
            0.26646142000000006,
            0.26947792000000004,
            0.26902600000000004,
            0.26811144000000003,
            0.26705910000000005,
            0.26566009,
            0.26566009,
            0.26839695,
            0.26837483000000006,
            0.26771195000000003,
            0.26728109000000005,
            0.26832136000000006,
            0.26986128000000004,
            0.26954375,
            0.26954375,
            0.26985558000000004,
            0.26864083000000005,
            0.26984634,
            0.26992820000000006,
            0.26923952000000007,
            0.26840764000000006,
            0.26840764000000006,
            0.26886942,
            0.26840764000000006
        ],
        [
            0.07315369,
            0.011255509999999996,
            0.0,
            0.24573626999999998,
            0.24602097,
            0.24721227,
            0.24406929,
            0.26375373,
            0.26361339,
            0.26285044,
            0.26462656,
            0.26283680000000004,
            0.26397732,
            0.26479581,
            0.26781231,
            0.26736039,
            0.26644583000000005,
            0.26539349,
            0.26399448000000003,
            0.26399448000000003,
            0.26673134000000004,
            0.26670922,
            0.26604634000000005,
            0.26561548,
            0.26665575,
            0.26819567000000005,
            0.26787814000000004,
            0.26787814000000004,
            0.26818997,
            0.26697522,
            0.26818073000000003,
            0.26826259,
            0.26757391,
            0.26674203,
            0.26674203,
            0.26720381000000004,
            0.26674203
        ],
        [
            0.22050411999999997,
            0.24740188000000002,
            0.24573626999999998,
            0.0,
            0.007747460000000039,
            0.01216716000000001,
            0.009024179999999993,
            0.07385658,
            0.07371623999999999,
            0.07295329,
            0.07472941,
            0.07293965,
            0.07408017,
            0.07489866,
            0.07791515999999998,
            0.07746323999999999,
            0.07654868000000001,
            0.07549634,
            0.07409732999999999,
            0.07409732999999999,
            0.07683419,
            0.07681207000000001,
            0.07614919,
            0.07571833,
            0.07675860000000001,
            0.07829852000000001,
            0.07798099,
            0.07798099,
            0.07829281999999999,
            0.07707807,
            0.07828357999999999,
            0.07836544000000001,
            0.07767676000000001,
            0.07684488,
            0.07684488,
            0.07730666,
            0.07684488
        ],
        [
            0.22078882,
            0.24768658000000005,
            0.24602097,
            0.007747460000000039,
            0.0,
            0.012451860000000037,
            0.00930888000000002,
            0.07414128000000003,
            0.07400094000000002,
            0.07323799000000003,
            0.07501411000000002,
            0.07322435000000002,
            0.07436487000000003,
            0.07518336000000003,
            0.07819986000000001,
            0.07774794000000002,
            0.07683338000000003,
            0.07578104000000002,
            0.07438203000000002,
            0.07438203000000002,
            0.07711889000000002,
            0.07709677000000004,
            0.07643389000000003,
            0.07600303000000003,
            0.07704330000000004,
            0.07858322000000004,
            0.07826569000000003,
            0.07826569000000003,
            0.07857752000000001,
            0.07736277000000003,
            0.07856828000000002,
            0.07865014000000004,
            0.07796146000000004,
            0.07712958000000003,
            0.07712958000000003,
            0.07759136000000003,
            0.07712958000000003
        ],
        [
            0.22198012,
            0.24887788000000005,
            0.24721227,
            0.01216716000000001,
            0.012451860000000037,
            0.0,
            0.007167040000000013,
            0.07533258000000004,
            0.07519224000000002,
            0.07442929000000004,
            0.07620541000000003,
            0.07441565000000003,
            0.07555617000000003,
            0.07637466000000004,
            0.07939116000000002,
            0.07893924000000002,
            0.07802468000000004,
            0.07697234000000003,
            0.07557333000000002,
            0.07557333000000002,
            0.07831019000000003,
            0.07828807000000004,
            0.07762519000000004,
            0.07719433000000003,
            0.07823460000000004,
            0.07977452000000004,
            0.07945699000000003,
            0.07945699000000003,
            0.07976882000000002,
            0.07855407000000003,
            0.07975958000000002,
            0.07984144000000004,
            0.07915276000000004,
            0.07832088000000004,
            0.07832088000000004,
            0.07878266000000003,
            0.07832088000000004
        ],
        [
            0.21883713999999999,
            0.24573490000000003,
            0.24406929,
            0.009024179999999993,
            0.00930888000000002,
            0.007167040000000013,
            0.0,
            0.07218960000000002,
            0.07204926,
            0.07128631000000002,
            0.07306243000000001,
            0.07127267000000001,
            0.07241319000000002,
            0.07323168000000002,
            0.07624818,
            0.07579626,
            0.07488170000000002,
            0.07382936000000001,
            0.07243035,
            0.07243035,
            0.07516721000000001,
            0.07514509000000003,
            0.07448221000000002,
            0.07405135000000002,
            0.07509162000000003,
            0.07663154000000003,
            0.07631401000000002,
            0.07631401000000002,
            0.07662584,
            0.07541109000000001,
            0.0766166,
            0.07669846000000002,
            0.07600978000000003,
            0.07517790000000002,
            0.07517790000000002,
            0.07563968000000001,
            0.07517790000000002
        ],
        [
            0.23852158,
            0.26541934000000006,
            0.26375373,
            0.07385658,
            0.07414128000000003,
            0.07533258000000004,
            0.07218960000000002,
            0.0,
            0.004678320000000014,
            0.007928190000000002,
            0.009704309999999994,
            0.007914549999999992,
            0.009055069999999998,
            0.01872818000000004,
            0.021744680000000016,
            0.02129276000000002,
            0.02037820000000004,
            0.019325860000000028,
            0.017926850000000022,
            0.017926850000000022,
            0.02066371000000003,
            0.020641590000000043,
            0.01997871000000004,
            0.019547850000000033,
            0.020588120000000043,
            0.022128040000000043,
            0.021810510000000033,
            0.021810510000000033,
            0.022122340000000018,
            0.02090759000000003,
            0.022113100000000024,
            0.02219496000000004,
            0.021506280000000044,
            0.020674400000000037,
            0.020674400000000037,
            0.021136180000000032,
            0.020674400000000037
        ],
        [
            0.23838124,
            0.26527900000000004,
            0.26361339,
            0.07371623999999999,
            0.07400094000000002,
            0.07519224000000002,
            0.07204926,
            0.004678320000000014,
            0.0,
            0.007787849999999985,
            0.009563969999999977,
            0.007774209999999976,
            0.008914729999999982,
            0.018587840000000022,
            0.02160434,
            0.021152420000000005,
            0.020237860000000024,
            0.01918552000000001,
            0.017786510000000005,
            0.017786510000000005,
            0.020523370000000013,
            0.020501250000000026,
            0.019838370000000022,
            0.019407510000000017,
            0.020447780000000026,
            0.021987700000000027,
            0.021670170000000016,
            0.021670170000000016,
            0.021982,
            0.020767250000000015,
            0.021972760000000008,
            0.022054620000000025,
            0.021365940000000028,
            0.02053406000000002,
            0.02053406000000002,
            0.020995840000000016,
            0.02053406000000002
        ],
        [
            0.23761829,
            0.26451605000000006,
            0.26285044,
            0.07295329,
            0.07323799000000003,
            0.07442929000000004,
            0.07128631000000002,
            0.007928190000000002,
            0.007787849999999985,
            0.0,
            0.0017761400000000371,
            0.006180700000000011,
            0.007321220000000017,
            0.017824890000000038,
            0.020841390000000015,
            0.02038947000000002,
            0.01947491000000004,
            0.018422570000000027,
            0.01702356000000002,
            0.01702356000000002,
            0.01976042000000003,
            0.019738300000000042,
            0.019075420000000037,
            0.018644560000000032,
            0.019684830000000042,
            0.021224750000000042,
            0.020907220000000032,
            0.020907220000000032,
            0.021219050000000017,
            0.02000430000000003,
            0.021209810000000023,
            0.02129167000000004,
            0.020602990000000043,
            0.019771110000000036,
            0.019771110000000036,
            0.02023289000000003,
            0.019771110000000036
        ],
        [
            0.23939441,
            0.26629217000000005,
            0.26462656,
            0.07472941,
            0.07501411000000002,
            0.07620541000000003,
            0.07306243000000001,
            0.009704309999999994,
            0.009563969999999977,
            0.0017761400000000371,
            0.0,
            0.007956820000000003,
            0.00909734000000001,
            0.01960101000000003,
            0.022617510000000007,
            0.022165590000000013,
            0.021251030000000032,
            0.02019869000000002,
            0.018799680000000013,
            0.018799680000000013,
            0.02153654000000002,
            0.021514420000000034,
            0.02085154000000003,
            0.020420680000000024,
            0.021460950000000034,
            0.023000870000000034,
            0.022683340000000024,
            0.022683340000000024,
            0.02299517000000001,
            0.021780420000000023,
            0.022985930000000016,
            0.023067790000000032,
            0.022379110000000035,
            0.02154723000000003,
            0.02154723000000003,
            0.022009010000000023,
            0.02154723000000003
        ],
        [
            0.23760465000000003,
            0.26450241,
            0.26283680000000004,
            0.07293965,
            0.07322435000000002,
            0.07441565000000003,
            0.07127267000000001,
            0.007914549999999992,
            0.007774209999999976,
            0.006180700000000011,
            0.007956820000000003,
            0.0,
            0.005120719999999995,
            0.01781125000000003,
            0.020827750000000006,
            0.02037583000000001,
            0.01946127000000003,
            0.018408930000000018,
            0.01700992000000001,
            0.01700992000000001,
            0.01974678000000002,
            0.019724660000000033,
            0.019061780000000028,
            0.018630920000000023,
            0.019671190000000033,
            0.021211110000000033,
            0.020893580000000023,
            0.020893580000000023,
            0.021205410000000008,
            0.01999066000000002,
            0.021196170000000014,
            0.02127803000000003,
            0.020589350000000034,
            0.019757470000000027,
            0.019757470000000027,
            0.020219250000000022,
            0.019757470000000027
        ],
        [
            0.23874517,
            0.26564293000000005,
            0.26397732,
            0.07408017,
            0.07436487000000003,
            0.07555617000000003,
            0.07241319000000002,
            0.009055069999999998,
            0.008914729999999982,
            0.007321220000000017,
            0.00909734000000001,
            0.005120719999999995,
            0.0,
            0.018951770000000034,
            0.021968270000000012,
            0.021516350000000017,
            0.020601790000000036,
            0.019549450000000024,
            0.018150440000000018,
            0.018150440000000018,
            0.020887300000000025,
            0.02086518000000004,
            0.020202300000000034,
            0.01977144000000003,
            0.02081171000000004,
            0.02235163000000004,
            0.02203410000000003,
            0.02203410000000003,
            0.022345930000000014,
            0.021131180000000027,
            0.02233669000000002,
            0.022418550000000037,
            0.02172987000000004,
            0.020897990000000033,
            0.020897990000000033,
            0.021359770000000028,
            0.020897990000000033
        ],
        [
            0.23956366,
            0.26646142000000006,
            0.26479581,
            0.07489866,
            0.07518336000000003,
            0.07637466000000004,
            0.07323168000000002,
            0.01872818000000004,
            0.018587840000000022,
            0.017824890000000038,
            0.01960101000000003,
            0.01781125000000003,
            0.018951770000000034,
            0.0,
            0.005820519999999996,
            0.005368600000000001,
            0.01197502000000003,
            0.010922680000000018,
            0.009523670000000012,
            0.009523670000000012,
            0.01226053000000002,
            0.012238410000000033,
            0.011575530000000028,
            0.011144670000000023,
            0.012184940000000033,
            0.013724860000000033,
            0.013407330000000023,
            0.013407330000000023,
            0.013719160000000008,
            0.012504410000000021,
            0.013709920000000014,
            0.013791780000000031,
            0.013103100000000034,
            0.012271220000000027,
            0.012271220000000027,
            0.012733000000000022,
            0.012271220000000027
        ],
        [
            0.24258016,
            0.26947792000000004,
            0.26781231,
            0.07791515999999998,
            0.07819986000000001,
            0.07939116000000002,
            0.07624818,
            0.021744680000000016,
            0.02160434,
            0.020841390000000015,
            0.022617510000000007,
            0.020827750000000006,
            0.021968270000000012,
            0.005820519999999996,
            0.0,
            0.0013104800000000028,
            0.014991520000000008,
            0.013939179999999995,
            0.01254016999999999,
            0.01254016999999999,
            0.015277029999999997,
            0.01525491000000001,
            0.014592030000000006,
            0.01416117,
            0.01520144000000001,
            0.01674136000000001,
            0.01642383,
            0.01642383,
            0.016735659999999986,
            0.015520909999999999,
            0.016726419999999992,
            0.01680828000000001,
            0.01611960000000001,
            0.015287720000000005,
            0.015287720000000005,
            0.0157495,
            0.015287720000000005
        ],
        [
            0.24212824,
            0.26902600000000004,
            0.26736039,
            0.07746323999999999,
            0.07774794000000002,
            0.07893924000000002,
            0.07579626,
            0.02129276000000002,
            0.021152420000000005,
            0.02038947000000002,
            0.022165590000000013,
            0.02037583000000001,
            0.021516350000000017,
            0.005368600000000001,
            0.0013104800000000028,
            0.0,
            0.014539600000000014,
            0.013487260000000001,
            0.012088249999999995,
            0.012088249999999995,
            0.014825110000000002,
            0.014802990000000016,
            0.014140110000000011,
            0.013709250000000006,
            0.014749520000000016,
            0.016289440000000016,
            0.015971910000000006,
            0.015971910000000006,
            0.01628373999999999,
            0.015068990000000004,
            0.016274499999999997,
            0.016356360000000014,
            0.015667680000000017,
            0.01483580000000001,
            0.01483580000000001,
            0.015297580000000005,
            0.01483580000000001
        ],
        [
            0.24121368000000004,
            0.26811144000000003,
            0.26644583000000005,
            0.07654868000000001,
            0.07683338000000003,
            0.07802468000000004,
            0.07488170000000002,
            0.02037820000000004,
            0.020237860000000024,
            0.01947491000000004,
            0.021251030000000032,
            0.01946127000000003,
            0.020601790000000036,
            0.01197502000000003,
            0.014991520000000008,
            0.014539600000000014,
            0.0,
            0.010849860000000017,
            0.010014829999999975,
            0.010014829999999975,
            0.012751689999999982,
            0.012729569999999996,
            0.012066689999999991,
            0.011635829999999986,
            0.012676099999999996,
            0.014216019999999996,
            0.013898489999999986,
            0.013898489999999986,
            0.01421031999999997,
            0.012995569999999984,
            0.014201079999999977,
            0.014282939999999994,
            0.013594259999999997,
            0.01276237999999999,
            0.01276237999999999,
            0.013224159999999985,
            0.01276237999999999
        ],
        [
            0.24016134,
            0.26705910000000005,
            0.26539349,
            0.07549634,
            0.07578104000000002,
            0.07697234000000003,
            0.07382936000000001,
            0.019325860000000028,
            0.01918552000000001,
            0.018422570000000027,
            0.02019869000000002,
            0.018408930000000018,
            0.019549450000000024,
            0.010922680000000018,
            0.013939179999999995,
            0.013487260000000001,
            0.010849860000000017,
            0.0,
            0.008962489999999962,
            0.008962489999999962,
            0.01169934999999997,
            0.011677229999999983,
            0.011014349999999978,
            0.010583489999999973,
            0.011623759999999983,
            0.013163679999999983,
            0.012846149999999973,
            0.012846149999999973,
            0.013157979999999958,
            0.011943229999999971,
            0.013148739999999964,
            0.013230599999999981,
            0.012541919999999984,
            0.011710039999999977,
            0.011710039999999977,
            0.012171819999999972,
            0.011710039999999977
        ],
        [
            0.23876233000000002,
            0.26566009,
            0.26399448000000003,
            0.07409732999999999,
            0.07438203000000002,
            0.07557333000000002,
            0.07243035,
            0.017926850000000022,
            0.017786510000000005,
            0.01702356000000002,
            0.018799680000000013,
            0.01700992000000001,
            0.018150440000000018,
            0.009523670000000012,
            0.01254016999999999,
            0.012088249999999995,
            0.010014829999999975,
            0.008962489999999962,
            0.0,
            1.9999999989472883e-08,
            0.009693039999999986,
            0.00967092,
            0.009008039999999995,
            0.00857717999999999,
            0.00961745,
            0.01115737,
            0.01083983999999999,
            0.01083983999999999,
            0.011151669999999975,
            0.009936919999999988,
            0.011142429999999981,
            0.011224289999999998,
            0.01053561,
            0.009703729999999994,
            0.009703729999999994,
            0.010165509999999989,
            0.009703729999999994
        ],
        [
            0.23876233000000002,
            0.26566009,
            0.26399448000000003,
            0.07409732999999999,
            0.07438203000000002,
            0.07557333000000002,
            0.07243035,
            0.017926850000000022,
            0.017786510000000005,
            0.01702356000000002,
            0.018799680000000013,
            0.01700992000000001,
            0.018150440000000018,
            0.009523670000000012,
            0.01254016999999999,
            0.012088249999999995,
            0.010014829999999975,
            0.008962489999999962,
            1.9999999989472883e-08,
            0.0,
            0.009693039999999986,
            0.00967092,
            0.009008039999999995,
            0.00857717999999999,
            0.00961745,
            0.01115737,
            0.01083983999999999,
            0.01083983999999999,
            0.011151669999999975,
            0.009936919999999988,
            0.011142429999999981,
            0.011224289999999998,
            0.01053561,
            0.009703729999999994,
            0.009703729999999994,
            0.010165509999999989,
            0.009703729999999994
        ],
        [
            0.24149919000000003,
            0.26839695,
            0.26673134000000004,
            0.07683419,
            0.07711889000000002,
            0.07831019000000003,
            0.07516721000000001,
            0.02066371000000003,
            0.020523370000000013,
            0.01976042000000003,
            0.02153654000000002,
            0.01974678000000002,
            0.020887300000000025,
            0.01226053000000002,
            0.015277029999999997,
            0.014825110000000002,
            0.012751689999999982,
            0.01169934999999997,
            0.009693039999999986,
            0.009693039999999986,
            0.0,
            0.0043550400000000045,
            0.009254240000000025,
            0.00882338000000002,
            0.00986365000000003,
            0.01140357000000003,
            0.01108604000000002,
            0.01108604000000002,
            0.011397870000000004,
            0.010183120000000018,
            0.01138863000000001,
            0.011470490000000028,
            0.01078181000000003,
            0.009949930000000023,
            0.009949930000000023,
            0.010411710000000018,
            0.009949930000000023
        ],
        [
            0.24147707000000002,
            0.26837483000000006,
            0.26670922,
            0.07681207000000001,
            0.07709677000000004,
            0.07828807000000004,
            0.07514509000000003,
            0.020641590000000043,
            0.020501250000000026,
            0.019738300000000042,
            0.021514420000000034,
            0.019724660000000033,
            0.02086518000000004,
            0.012238410000000033,
            0.01525491000000001,
            0.014802990000000016,
            0.012729569999999996,
            0.011677229999999983,
            0.00967092,
            0.00967092,
            0.0043550400000000045,
            0.0,
            0.009232120000000038,
            0.008801260000000033,
            0.009841530000000043,
            0.011381450000000043,
            0.011063920000000033,
            0.011063920000000033,
            0.011375750000000018,
            0.010161000000000031,
            0.011366510000000024,
            0.011448370000000041,
            0.010759690000000044,
            0.009927810000000037,
            0.009927810000000037,
            0.010389590000000032,
            0.009927810000000037
        ],
        [
            0.24081419000000004,
            0.26771195000000003,
            0.26604634000000005,
            0.07614919,
            0.07643389000000003,
            0.07762519000000004,
            0.07448221000000002,
            0.01997871000000004,
            0.019838370000000022,
            0.019075420000000037,
            0.02085154000000003,
            0.019061780000000028,
            0.020202300000000034,
            0.011575530000000028,
            0.014592030000000006,
            0.014140110000000011,
            0.012066689999999991,
            0.011014349999999978,
            0.009008039999999995,
            0.009008039999999995,
            0.009254240000000025,
            0.009232120000000038,
            0.0,
            0.0004308799999999946,
            0.007963510000000035,
            0.009503430000000035,
            0.009185900000000025,
            0.009185900000000025,
            0.00949773000000001,
            0.008282980000000023,
            0.009488490000000016,
            0.009570350000000033,
            0.008881670000000036,
            0.008049790000000029,
            0.008049790000000029,
            0.008511570000000024,
            0.008049790000000029
        ],
        [
            0.24038333,
            0.26728109000000005,
            0.26561548,
            0.07571833,
            0.07600303000000003,
            0.07719433000000003,
            0.07405135000000002,
            0.019547850000000033,
            0.019407510000000017,
            0.018644560000000032,
            0.020420680000000024,
            0.018630920000000023,
            0.01977144000000003,
            0.011144670000000023,
            0.01416117,
            0.013709250000000006,
            0.011635829999999986,
            0.010583489999999973,
            0.00857717999999999,
            0.00857717999999999,
            0.00882338000000002,
            0.008801260000000033,
            0.0004308799999999946,
            0.0,
            0.00753265000000003,
            0.00907257000000003,
            0.00875504000000002,
            0.00875504000000002,
            0.009066870000000005,
            0.007852120000000018,
            0.009057630000000011,
            0.009139490000000028,
            0.00845081000000003,
            0.007618930000000024,
            0.007618930000000024,
            0.008080710000000019,
            0.007618930000000024
        ],
        [
            0.24142360000000002,
            0.26832136000000006,
            0.26665575,
            0.07675860000000001,
            0.07704330000000004,
            0.07823460000000004,
            0.07509162000000003,
            0.020588120000000043,
            0.020447780000000026,
            0.019684830000000042,
            0.021460950000000034,
            0.019671190000000033,
            0.02081171000000004,
            0.012184940000000033,
            0.01520144000000001,
            0.014749520000000016,
            0.012676099999999996,
            0.011623759999999983,
            0.00961745,
            0.00961745,
            0.00986365000000003,
            0.009841530000000043,
            0.007963510000000035,
            0.00753265000000003,
            0.0,
            0.002765880000000026,
            0.002448350000000016,
            0.002448350000000016,
            0.010107140000000014,
            0.008892390000000028,
            0.01009790000000002,
            0.010179760000000038,
            0.00949108000000004,
            0.008659200000000034,
            0.008659200000000034,
            0.009120980000000029,
            0.008659200000000034
        ],
        [
            0.24296352000000004,
            0.26986128000000004,
            0.26819567000000005,
            0.07829852000000001,
            0.07858322000000004,
            0.07977452000000004,
            0.07663154000000003,
            0.022128040000000043,
            0.021987700000000027,
            0.021224750000000042,
            0.023000870000000034,
            0.021211110000000033,
            0.02235163000000004,
            0.013724860000000033,
            0.01674136000000001,
            0.016289440000000016,
            0.014216019999999996,
            0.013163679999999983,
            0.01115737,
            0.01115737,
            0.01140357000000003,
            0.011381450000000043,
            0.009503430000000035,
            0.00907257000000003,
            0.002765880000000026,
            0.0,
            0.0003175499999999998,
            0.0003175499999999998,
            0.011647060000000015,
            0.010432310000000028,
            0.011637820000000021,
            0.011719680000000038,
            0.01103100000000004,
            0.010199120000000034,
            0.010199120000000034,
            0.010660900000000029,
            0.010199120000000034
        ],
        [
            0.24264599000000003,
            0.26954375,
            0.26787814000000004,
            0.07798099,
            0.07826569000000003,
            0.07945699000000003,
            0.07631401000000002,
            0.021810510000000033,
            0.021670170000000016,
            0.020907220000000032,
            0.022683340000000024,
            0.020893580000000023,
            0.02203410000000003,
            0.013407330000000023,
            0.01642383,
            0.015971910000000006,
            0.013898489999999986,
            0.012846149999999973,
            0.01083983999999999,
            0.01083983999999999,
            0.01108604000000002,
            0.011063920000000033,
            0.009185900000000025,
            0.00875504000000002,
            0.002448350000000016,
            0.0003175499999999998,
            0.0,
            1.9999999989472883e-08,
            0.011329530000000004,
            0.010114780000000018,
            0.01132029000000001,
            0.011402150000000028,
            0.01071347000000003,
            0.009881590000000023,
            0.009881590000000023,
            0.010343370000000018,
            0.009881590000000023
        ],
        [
            0.24264599000000003,
            0.26954375,
            0.26787814000000004,
            0.07798099,
            0.07826569000000003,
            0.07945699000000003,
            0.07631401000000002,
            0.021810510000000033,
            0.021670170000000016,
            0.020907220000000032,
            0.022683340000000024,
            0.020893580000000023,
            0.02203410000000003,
            0.013407330000000023,
            0.01642383,
            0.015971910000000006,
            0.013898489999999986,
            0.012846149999999973,
            0.01083983999999999,
            0.01083983999999999,
            0.01108604000000002,
            0.011063920000000033,
            0.009185900000000025,
            0.00875504000000002,
            0.002448350000000016,
            0.0003175499999999998,
            1.9999999989472883e-08,
            0.0,
            0.011329530000000004,
            0.010114780000000018,
            0.01132029000000001,
            0.011402150000000028,
            0.01071347000000003,
            0.009881590000000023,
            0.009881590000000023,
            0.010343370000000018,
            0.009881590000000023
        ],
        [
            0.24295782,
            0.26985558000000004,
            0.26818997,
            0.07829281999999999,
            0.07857752000000001,
            0.07976882000000002,
            0.07662584,
            0.022122340000000018,
            0.021982,
            0.021219050000000017,
            0.02299517000000001,
            0.021205410000000008,
            0.022345930000000014,
            0.013719160000000008,
            0.016735659999999986,
            0.01628373999999999,
            0.01421031999999997,
            0.013157979999999958,
            0.011151669999999975,
            0.011151669999999975,
            0.011397870000000004,
            0.011375750000000018,
            0.00949773000000001,
            0.009066870000000005,
            0.010107140000000014,
            0.011647060000000015,
            0.011329530000000004,
            0.011329530000000004,
            0.0,
            0.0012147699999999761,
            0.011027119999999974,
            0.01110897999999999,
            0.010420299999999993,
            0.009588419999999986,
            0.009588419999999986,
            0.010050199999999981,
            0.009588419999999986
        ],
        [
            0.24174307,
            0.26864083000000005,
            0.26697522,
            0.07707807,
            0.07736277000000003,
            0.07855407000000003,
            0.07541109000000001,
            0.02090759000000003,
            0.020767250000000015,
            0.02000430000000003,
            0.021780420000000023,
            0.01999066000000002,
            0.021131180000000027,
            0.012504410000000021,
            0.015520909999999999,
            0.015068990000000004,
            0.012995569999999984,
            0.011943229999999971,
            0.009936919999999988,
            0.009936919999999988,
            0.010183120000000018,
            0.010161000000000031,
            0.008282980000000023,
            0.007852120000000018,
            0.008892390000000028,
            0.010432310000000028,
            0.010114780000000018,
            0.010114780000000018,
            0.0012147699999999761,
            0.0,
            0.009812369999999987,
            0.009894230000000004,
            0.009205550000000007,
            0.00837367,
            0.00837367,
            0.008835449999999995,
            0.00837367
        ],
        [
            0.24294858000000003,
            0.26984634,
            0.26818073000000003,
            0.07828357999999999,
            0.07856828000000002,
            0.07975958000000002,
            0.0766166,
            0.022113100000000024,
            0.021972760000000008,
            0.021209810000000023,
            0.022985930000000016,
            0.021196170000000014,
            0.02233669000000002,
            0.013709920000000014,
            0.016726419999999992,
            0.016274499999999997,
            0.014201079999999977,
            0.013148739999999964,
            0.011142429999999981,
            0.011142429999999981,
            0.01138863000000001,
            0.011366510000000024,
            0.009488490000000016,
            0.009057630000000011,
            0.01009790000000002,
            0.011637820000000021,
            0.01132029000000001,
            0.01132029000000001,
            0.011027119999999974,
            0.009812369999999987,
            0.0,
            0.0028323799999999955,
            0.0021436999999999984,
            0.007120239999999972,
            0.007120239999999972,
            0.007582019999999967,
            0.007120239999999972
        ],
        [
            0.24303044000000001,
            0.26992820000000006,
            0.26826259,
            0.07836544000000001,
            0.07865014000000004,
            0.07984144000000004,
            0.07669846000000002,
            0.02219496000000004,
            0.022054620000000025,
            0.02129167000000004,
            0.023067790000000032,
            0.02127803000000003,
            0.022418550000000037,
            0.013791780000000031,
            0.01680828000000001,
            0.016356360000000014,
            0.014282939999999994,
            0.013230599999999981,
            0.011224289999999998,
            0.011224289999999998,
            0.011470490000000028,
            0.011448370000000041,
            0.009570350000000033,
            0.009139490000000028,
            0.010179760000000038,
            0.011719680000000038,
            0.011402150000000028,
            0.011402150000000028,
            0.01110897999999999,
            0.009894230000000004,
            0.0028323799999999955,
            0.0,
            0.0016136800000000062,
            0.007202099999999989,
            0.007202099999999989,
            0.007663879999999984,
