{
    "NEXUS_FILE_URL": "http://purl.org/phylo/treebase/phylows/study/TB2:S12410",
    "NEWICK_TREE": "(((1:9.554213143134145,(2:6.61415532474115,3:6.61415532474115):2.9400578183929955):1.5959442084728543,4:11.150157351607199):9.6150704556579,(5:16.12085609712425,((((6:1.0343361816830026,7:1.0343361816830026):3.7810635614559,8:4.815399743138995):7.178607652163253,((((9:4.044438980644717,(10:2.369228675885654,(11:1.2930271952059496,12:1.2930271952059496):1.0762014806797042):1.6752103047590454):1.5582676222791996,(13:1.6387897073157696,14:1.6387897073157696):3.963916895608129):2.611250153884402,((15:4.971662507862538,((16:1.0397802733535269,(17:0.3812691317076009,18:0.3812691317076009):0.658511141645926):1.2582380115981788,19:2.2980182849517057):2.673644222910701):1.6003875185371959,(((20:0.5264623259540455,21:0.5264623259540455):2.3245244205050257,(22:0.987507706364493,23:0.987507706364493):1.8634790400946493):2.4530068744146982,((24:1.5544597697362477,25:1.5544597697362477):2.340486835295991,(26:1.4176366646662473,27:1.4176366646662544):2.477309940365945):1.409047015841609):1.2680564055258507):1.6419067304086985):2.0084493714143523,(((28:1.0479562529220985,29:1.0479562529220985):2.0753511530464994,30:3.1233074059686903):1.9994820619913503,31:5.122789467960048):5.0996166602627016):1.7716012670792):1.2697294673297463,(32:2.581686774577701,33:2.581686774577701):10.682050088054297):2.8571192344921528):4.644371710140749);",
    "DISTANCE_MATRIX": [
        [
            0.0,
            19.10842628626829,
            19.10842628626829,
            22.300314703214198,
            41.5304556145299,
            41.5304556145297,
            41.5304556145297,
            41.5304556145298,
            41.530455614529416,
            41.5304556145294,
            41.5304556145294,
            41.5304556145294,
            41.5304556145294,
            41.5304556145294,
            41.53045561452953,
            41.5304556145294,
            41.5304556145294,
            41.5304556145294,
            41.5304556145294,
            41.530455614529416,
            41.530455614529416,
            41.53045561452949,
            41.53045561452949,
            41.5304556145295,
            41.5304556145295,
            41.53045561452945,
            41.53045561452946,
            41.5304556145294,
            41.5304556145294,
            41.53045561452949,
            41.5304556145295,
            41.5304556145298,
            41.5304556145298
        ],
        [
            19.10842628626829,
            0.0,
            13.2283106494823,
            22.300314703214198,
            41.5304556145299,
            41.5304556145297,
            41.5304556145297,
            41.5304556145298,
            41.530455614529416,
            41.5304556145294,
            41.5304556145294,
            41.5304556145294,
            41.5304556145294,
            41.5304556145294,
            41.53045561452953,
            41.5304556145294,
            41.5304556145294,
            41.5304556145294,
            41.5304556145294,
            41.530455614529416,
            41.530455614529416,
            41.53045561452949,
            41.53045561452949,
            41.5304556145295,
            41.5304556145295,
            41.53045561452945,
            41.53045561452946,
            41.5304556145294,
            41.5304556145294,
            41.53045561452949,
            41.5304556145295,
            41.5304556145298,
            41.5304556145298
        ],
        [
            19.10842628626829,
            13.2283106494823,
            0.0,
            22.300314703214198,
            41.5304556145299,
            41.5304556145297,
            41.5304556145297,
            41.5304556145298,
            41.530455614529416,
            41.5304556145294,
            41.5304556145294,
            41.5304556145294,
            41.5304556145294,
            41.5304556145294,
            41.53045561452953,
            41.5304556145294,
            41.5304556145294,
            41.5304556145294,
            41.5304556145294,
            41.530455614529416,
            41.530455614529416,
            41.53045561452949,
            41.53045561452949,
            41.5304556145295,
            41.5304556145295,
            41.53045561452945,
            41.53045561452946,
            41.5304556145294,
            41.5304556145294,
            41.53045561452949,
            41.5304556145295,
            41.5304556145298,
            41.5304556145298
        ],
        [
            22.300314703214198,
            22.300314703214198,
            22.300314703214198,
            0.0,
            41.5304556145301,
            41.5304556145299,
            41.5304556145299,
            41.53045561453,
            41.530455614529615,
            41.5304556145296,
            41.5304556145296,
            41.5304556145296,
            41.5304556145296,
            41.5304556145296,
            41.53045561452973,
            41.5304556145296,
            41.5304556145296,
            41.5304556145296,
            41.5304556145296,
            41.530455614529615,
            41.530455614529615,
            41.530455614529686,
            41.530455614529686,
            41.5304556145297,
            41.5304556145297,
            41.53045561452965,
            41.53045561452966,
            41.5304556145296,
            41.5304556145296,
            41.530455614529686,
            41.5304556145297,
            41.53045561453,
            41.53045561453
        ],
        [
            41.5304556145299,
            41.5304556145299,
            41.5304556145299,
            41.5304556145301,
            0.0,
            32.24171219424831,
            32.24171219424831,
            32.24171219424839,
            32.241712194248024,
            32.241712194248,
            32.241712194248,
            32.241712194248,
            32.241712194248,
            32.241712194248,
            32.24171219424814,
            32.241712194248,
            32.241712194248,
            32.241712194248,
            32.241712194248,
            32.241712194248024,
            32.241712194248024,
            32.241712194248095,
            32.241712194248095,
            32.241712194248095,
            32.241712194248095,
            32.24171219424805,
            32.24171219424806,
            32.241712194247995,
            32.241712194247995,
            32.241712194248095,
            32.241712194248095,
            32.2417121942484,
            32.2417121942484
        ],
        [
            41.5304556145297,
            41.5304556145297,
            41.5304556145297,
            41.5304556145299,
            32.24171219424831,
            0.0,
            2.068672363366005,
            9.630799486277898,
            23.988014790604026,
            23.98801479060401,
            23.98801479060401,
            23.98801479060401,
            23.98801479060401,
            23.98801479060401,
            23.98801479060414,
            23.98801479060401,
            23.98801479060401,
            23.98801479060401,
            23.98801479060401,
            23.988014790604026,
            23.988014790604026,
            23.988014790604097,
            23.988014790604097,
            23.988014790604105,
            23.988014790604105,
            23.98801479060406,
            23.988014790604065,
            23.988014790604005,
            23.988014790604005,
            23.988014790604097,
            23.988014790604105,
            26.5274737252639,
            26.5274737252639
        ],
        [
            41.5304556145297,
            41.5304556145297,
            41.5304556145297,
            41.5304556145299,
            32.24171219424831,
            2.068672363366005,
            0.0,
            9.630799486277898,
            23.988014790604026,
            23.98801479060401,
            23.98801479060401,
            23.98801479060401,
            23.98801479060401,
            23.98801479060401,
            23.98801479060414,
            23.98801479060401,
            23.98801479060401,
            23.98801479060401,
            23.98801479060401,
            23.988014790604026,
            23.988014790604026,
            23.988014790604097,
            23.988014790604097,
            23.988014790604105,
            23.988014790604105,
            23.98801479060406,
            23.988014790604065,
            23.988014790604005,
            23.988014790604005,
            23.988014790604097,
            23.988014790604105,
            26.5274737252639,
            26.5274737252639
        ],
        [
            41.5304556145298,
            41.5304556145298,
            41.5304556145298,
            41.53045561453,
            32.24171219424839,
            9.630799486277898,
            9.630799486277898,
            0.0,
            23.98801479060412,
            23.9880147906041,
            23.9880147906041,
            23.9880147906041,
            23.9880147906041,
            23.9880147906041,
            23.988014790604232,
            23.9880147906041,
            23.9880147906041,
            23.9880147906041,
            23.9880147906041,
            23.98801479060412,
            23.98801479060412,
            23.98801479060419,
            23.98801479060419,
            23.988014790604197,
            23.988014790604197,
            23.98801479060415,
            23.988014790604158,
            23.988014790604097,
            23.988014790604097,
            23.98801479060419,
            23.988014790604197,
            26.52747372526399,
            26.52747372526399
        ],
        [
            41.530455614529416,
            41.530455614529416,
            41.530455614529416,
            41.530455614529615,
            32.241712194248024,
            23.988014790604026,
            23.988014790604026,
            23.98801479060412,
            0.0,
            8.088877961289416,
            8.088877961289416,
            8.088877961289416,
            11.205413205847815,
            11.205413205847815,
            16.42791351361675,
            16.42791351361662,
            16.42791351361662,
            16.42791351361662,
            16.42791351361662,
            16.427913513616637,
            16.427913513616637,
            16.42791351361671,
            16.42791351361671,
            16.427913513616716,
            16.427913513616716,
            16.42791351361667,
            16.427913513616677,
            20.44481225644532,
            20.44481225644532,
            20.444812256445413,
            20.44481225644542,
            26.527473725263615,
            26.527473725263615
        ],
        [
            41.5304556145294,
            41.5304556145294,
            41.5304556145294,
            41.5304556145296,
            32.241712194248,
            23.98801479060401,
            23.98801479060401,
            23.9880147906041,
            8.088877961289416,
            0.0,
            4.738457351771308,
            4.738457351771308,
            11.205413205847798,
            11.205413205847798,
            16.427913513616733,
            16.427913513616602,
            16.427913513616602,
            16.427913513616602,
            16.427913513616602,
            16.42791351361662,
            16.42791351361662,
            16.42791351361669,
            16.42791351361669,
            16.427913513616698,
            16.427913513616698,
            16.42791351361665,
            16.42791351361666,
            20.444812256445303,
            20.444812256445303,
            20.444812256445395,
            20.444812256445402,
            26.527473725263597,
            26.527473725263597
        ],
        [
            41.5304556145294,
            41.5304556145294,
            41.5304556145294,
            41.5304556145296,
            32.241712194248,
            23.98801479060401,
            23.98801479060401,
            23.9880147906041,
            8.088877961289416,
            4.738457351771308,
            0.0,
            2.586054390411899,
            11.205413205847798,
            11.205413205847798,
            16.427913513616733,
            16.427913513616602,
            16.427913513616602,
            16.427913513616602,
            16.427913513616602,
            16.42791351361662,
            16.42791351361662,
            16.42791351361669,
            16.42791351361669,
            16.427913513616698,
            16.427913513616698,
            16.42791351361665,
            16.42791351361666,
            20.444812256445303,
            20.444812256445303,
            20.444812256445395,
            20.444812256445402,
            26.527473725263597,
            26.527473725263597
        ],
        [
            41.5304556145294,
            41.5304556145294,
            41.5304556145294,
            41.5304556145296,
            32.241712194248,
            23.98801479060401,
            23.98801479060401,
            23.9880147906041,
            8.088877961289416,
            4.738457351771308,
            2.586054390411899,
            0.0,
            11.205413205847798,
            11.205413205847798,
            16.427913513616733,
            16.427913513616602,
            16.427913513616602,
            16.427913513616602,
            16.427913513616602,
            16.42791351361662,
            16.42791351361662,
            16.42791351361669,
            16.42791351361669,
            16.427913513616698,
            16.427913513616698,
            16.42791351361665,
            16.42791351361666,
            20.444812256445303,
            20.444812256445303,
            20.444812256445395,
            20.444812256445402,
            26.527473725263597,
            26.527473725263597
        ],
        [
            41.5304556145294,
            41.5304556145294,
            41.5304556145294,
            41.5304556145296,
            32.241712194248,
            23.98801479060401,
            23.98801479060401,
            23.9880147906041,
            11.205413205847815,
            11.205413205847798,
            11.205413205847798,
            11.205413205847798,
            0.0,
            3.277579414631539,
            16.427913513616733,
            16.427913513616602,
            16.427913513616602,
            16.427913513616602,
            16.427913513616602,
            16.42791351361662,
            16.42791351361662,
            16.42791351361669,
            16.42791351361669,
            16.427913513616698,
            16.427913513616698,
            16.42791351361665,
            16.42791351361666,
            20.444812256445303,
            20.444812256445303,
            20.444812256445395,
            20.444812256445402,
            26.527473725263597,
            26.527473725263597
        ],
        [
            41.5304556145294,
            41.5304556145294,
            41.5304556145294,
            41.5304556145296,
            32.241712194248,
            23.98801479060401,
            23.98801479060401,
            23.9880147906041,
            11.205413205847815,
            11.205413205847798,
            11.205413205847798,
            11.205413205847798,
            3.277579414631539,
            0.0,
            16.427913513616733,
            16.427913513616602,
            16.427913513616602,
            16.427913513616602,
            16.427913513616602,
            16.42791351361662,
            16.42791351361662,
            16.42791351361669,
            16.42791351361669,
            16.427913513616698,
            16.427913513616698,
            16.42791351361665,
            16.42791351361666,
            20.444812256445303,
            20.444812256445303,
            20.444812256445395,
            20.444812256445402,
            26.527473725263597,
            26.527473725263597
        ],
        [
            41.53045561452953,
            41.53045561452953,
            41.53045561452953,
            41.53045561452973,
            32.24171219424814,
            23.98801479060414,
            23.98801479060414,
            23.988014790604232,
            16.42791351361675,
            16.427913513616733,
            16.427913513616733,
            16.427913513616733,
            16.427913513616733,
            16.427913513616733,
            0.0,
            9.943325015724945,
            9.943325015724945,
            9.943325015724945,
            9.943325015724945,
            13.144100052799354,
            13.144100052799354,
            13.144100052799425,
            13.144100052799425,
            13.144100052799432,
            13.144100052799432,
            13.144100052799386,
            13.144100052799393,
            20.444812256445434,
            20.444812256445434,
            20.444812256445527,
            20.444812256445534,
            26.52747372526373,
            26.52747372526373
        ],
        [
            41.5304556145294,
            41.5304556145294,
            41.5304556145294,
            41.5304556145296,
            32.241712194248,
            23.98801479060401,
            23.98801479060401,
            23.9880147906041,
            16.42791351361662,
            16.427913513616602,
            16.427913513616602,
            16.427913513616602,
            16.427913513616602,
            16.427913513616602,
            9.943325015724945,
            0.0,
            2.0795605467070537,
            2.0795605467070537,
            4.596036569903411,
            13.144100052799223,
            13.144100052799223,
            13.144100052799294,
            13.144100052799294,
            13.1441000527993,
            13.1441000527993,
            13.144100052799255,
            13.144100052799262,
            20.444812256445303,
            20.444812256445303,
            20.444812256445395,
            20.444812256445402,
            26.527473725263597,
            26.527473725263597
        ],
        [
            41.5304556145294,
            41.5304556145294,
            41.5304556145294,
            41.5304556145296,
            32.241712194248,
            23.98801479060401,
            23.98801479060401,
            23.9880147906041,
            16.42791351361662,
            16.427913513616602,
            16.427913513616602,
            16.427913513616602,
            16.427913513616602,
            16.427913513616602,
            9.943325015724945,
            2.0795605467070537,
            0.0,
            0.7625382634152018,
            4.596036569903411,
            13.144100052799223,
            13.144100052799223,
            13.144100052799294,
            13.144100052799294,
            13.1441000527993,
            13.1441000527993,
            13.144100052799255,
            13.144100052799262,
            20.444812256445303,
            20.444812256445303,
            20.444812256445395,
            20.444812256445402,
            26.527473725263597,
            26.527473725263597
        ],
        [
            41.5304556145294,
            41.5304556145294,
            41.5304556145294,
            41.5304556145296,
            32.241712194248,
            23.98801479060401,
            23.98801479060401,
            23.9880147906041,
            16.42791351361662,
            16.427913513616602,
            16.427913513616602,
            16.427913513616602,
            16.427913513616602,
            16.427913513616602,
            9.943325015724945,
            2.0795605467070537,
            0.7625382634152018,
            0.0,
            4.596036569903411,
            13.144100052799223,
            13.144100052799223,
            13.144100052799294,
            13.144100052799294,
            13.1441000527993,
            13.1441000527993,
            13.144100052799255,
            13.144100052799262,
            20.444812256445303,
            20.444812256445303,
            20.444812256445395,
            20.444812256445402,
            26.527473725263597,
            26.527473725263597
        ],
        [
            41.5304556145294,
            41.5304556145294,
            41.5304556145294,
            41.5304556145296,
            32.241712194248,
            23.98801479060401,
            23.98801479060401,
            23.9880147906041,
            16.42791351361662,
            16.427913513616602,
            16.427913513616602,
            16.427913513616602,
            16.427913513616602,
            16.427913513616602,
            9.943325015724945,
            4.596036569903411,
            4.596036569903411,
            4.596036569903411,
            0.0,
            13.144100052799223,
            13.144100052799223,
            13.144100052799294,
            13.144100052799294,
            13.1441000527993,
            13.1441000527993,
            13.144100052799255,
            13.144100052799262,
            20.444812256445303,
            20.444812256445303,
            20.444812256445395,
            20.444812256445402,
            26.527473725263597,
            26.527473725263597
        ],
        [
            41.530455614529416,
            41.530455614529416,
            41.530455614529416,
            41.530455614529615,
            32.241712194248024,
            23.988014790604026,
            23.988014790604026,
            23.98801479060412,
            16.427913513616637,
            16.42791351361662,
            16.42791351361662,
            16.42791351361662,
            16.42791351361662,
            16.42791351361662,
            13.144100052799354,
            13.144100052799223,
            13.144100052799223,
            13.144100052799223,
            13.144100052799223,
            0.0,
            1.052924651908091,
            5.7019734929182135,
            5.7019734929182135,
            10.607987241747617,
            10.607987241747617,
            10.607987241747571,
            10.607987241747578,
            20.44481225644532,
            20.44481225644532,
            20.444812256445413,
            20.44481225644542,
            26.527473725263615,
            26.527473725263615
        ],
        [
            41.530455614529416,
            41.530455614529416,
            41.530455614529416,
            41.530455614529615,
            32.241712194248024,
            23.988014790604026,
            23.988014790604026,
            23.98801479060412,
            16.427913513616637,
            16.42791351361662,
            16.42791351361662,
            16.42791351361662,
            16.42791351361662,
            16.42791351361662,
            13.144100052799354,
            13.144100052799223,
            13.144100052799223,
            13.144100052799223,
            13.144100052799223,
            1.052924651908091,
            0.0,
            5.7019734929182135,
            5.7019734929182135,
            10.607987241747617,
            10.607987241747617,
            10.607987241747571,
            10.607987241747578,
            20.44481225644532,
            20.44481225644532,
            20.444812256445413,
            20.44481225644542,
            26.527473725263615,
            26.527473725263615
        ],
        [
            41.53045561452949,
            41.53045561452949,
            41.53045561452949,
            41.530455614529686,
            32.241712194248095,
            23.988014790604097,
            23.988014790604097,
            23.98801479060419,
            16.42791351361671,
            16.42791351361669,
            16.42791351361669,
            16.42791351361669,
            16.42791351361669,
            16.42791351361669,
            13.144100052799425,
            13.144100052799294,
            13.144100052799294,
            13.144100052799294,
            13.144100052799294,
            5.7019734929182135,
            5.7019734929182135,
            0.0,
            1.975015412728986,
            10.607987241747688,
            10.607987241747688,
            10.607987241747642,
            10.607987241747649,
            20.444812256445392,
            20.444812256445392,
            20.444812256445484,
            20.44481225644549,
            26.527473725263686,
            26.527473725263686
        ],
        [
            41.53045561452949,
            41.53045561452949,
            41.53045561452949,
            41.530455614529686,
            32.241712194248095,
            23.988014790604097,
            23.988014790604097,
            23.98801479060419,
            16.42791351361671,
            16.42791351361669,
            16.42791351361669,
            16.42791351361669,
            16.42791351361669,
            16.42791351361669,
            13.144100052799425,
            13.144100052799294,
            13.144100052799294,
            13.144100052799294,
            13.144100052799294,
            5.7019734929182135,
            5.7019734929182135,
            1.975015412728986,
            0.0,
            10.607987241747688,
            10.607987241747688,
            10.607987241747642,
            10.607987241747649,
            20.444812256445392,
            20.444812256445392,
            20.444812256445484,
            20.44481225644549,
            26.527473725263686,
            26.527473725263686
        ],
        [
            41.5304556145295,
            41.5304556145295,
            41.5304556145295,
            41.5304556145297,
            32.241712194248095,
            23.988014790604105,
            23.988014790604105,
            23.988014790604197,
            16.427913513616716,
            16.427913513616698,
            16.427913513616698,
            16.427913513616698,
            16.427913513616698,
            16.427913513616698,
            13.144100052799432,
            13.1441000527993,
            13.1441000527993,
            13.1441000527993,
            13.1441000527993,
            10.607987241747617,
            10.607987241747617,
            10.607987241747688,
            10.607987241747688,
            0.0,
            3.1089195394724953,
            7.789893210064431,
            7.789893210064438,
            20.4448122564454,
            20.4448122564454,
            20.44481225644549,
            20.4448122564455,
            26.527473725263693,
            26.527473725263693
        ],
        [
            41.5304556145295,
            41.5304556145295,
            41.5304556145295,
            41.5304556145297,
            32.241712194248095,
            23.988014790604105,
            23.988014790604105,
            23.988014790604197,
            16.427913513616716,
            16.427913513616698,
            16.427913513616698,
            16.427913513616698,
            16.427913513616698,
            16.427913513616698,
            13.144100052799432,
            13.1441000527993,
            13.1441000527993,
            13.1441000527993,
            13.1441000527993,
            10.607987241747617,
            10.607987241747617,
            10.607987241747688,
            10.607987241747688,
            3.1089195394724953,
            0.0,
            7.789893210064431,
            7.789893210064438,
            20.4448122564454,
            20.4448122564454,
            20.44481225644549,
            20.4448122564455,
            26.527473725263693,
            26.527473725263693
        ],
        [
            41.53045561452945,
            41.53045561452945,
            41.53045561452945,
            41.53045561452965,
            32.24171219424805,
            23.98801479060406,
            23.98801479060406,
            23.98801479060415,
            16.42791351361667,
            16.42791351361665,
            16.42791351361665,
            16.42791351361665,
            16.42791351361665,
            16.42791351361665,
            13.144100052799386,
            13.144100052799255,
            13.144100052799255,
            13.144100052799255,
            13.144100052799255,
            10.607987241747571,
            10.607987241747571,
            10.607987241747642,
            10.607987241747642,
            7.789893210064431,
            7.789893210064431,
            0.0,
            2.8352733293325016,
            20.444812256445353,
            20.444812256445353,
            20.444812256445445,
            20.444812256445452,
            26.527473725263647,
            26.527473725263647
        ],
        [
            41.53045561452946,
            41.53045561452946,
            41.53045561452946,
            41.53045561452966,
            32.24171219424806,
            23.988014790604065,
            23.988014790604065,
            23.988014790604158,
            16.427913513616677,
            16.42791351361666,
            16.42791351361666,
            16.42791351361666,
            16.42791351361666,
            16.42791351361666,
            13.144100052799393,
            13.144100052799262,
            13.144100052799262,
            13.144100052799262,
            13.144100052799262,
            10.607987241747578,
            10.607987241747578,
            10.607987241747649,
            10.607987241747649,
            7.789893210064438,
            7.789893210064438,
            2.8352733293325016,
            0.0,
            20.44481225644536,
            20.44481225644536,
            20.444812256445452,
            20.44481225644546,
            26.527473725263654,
            26.527473725263654
        ],
        [
            41.5304556145294,
            41.5304556145294,
            41.5304556145294,
            41.5304556145296,
            32.241712194247995,
            23.988014790604005,
            23.988014790604005,
            23.988014790604097,
            20.44481225644532,
            20.444812256445303,
            20.444812256445303,
            20.444812256445303,
            20.444812256445303,
            20.444812256445303,
            20.444812256445434,
            20.444812256445303,
            20.444812256445303,
            20.444812256445303,
            20.444812256445303,
            20.44481225644532,
            20.44481225644532,
            20.444812256445392,
            20.444812256445392,
            20.4448122564454,
            20.4448122564454,
            20.444812256445353,
            20.44481225644536,
            0.0,
            2.095912505844197,
            6.246614811937288,
            10.245578935919996,
            26.527473725263594,
            26.527473725263594
        ],
        [
            41.5304556145294,
            41.5304556145294,
            41.5304556145294,
            41.5304556145296,
            32.241712194247995,
            23.988014790604005,
            23.988014790604005,
            23.988014790604097,
            20.44481225644532,
            20.444812256445303,
            20.444812256445303,
            20.444812256445303,
            20.444812256445303,
            20.444812256445303,
            20.444812256445434,
            20.444812256445303,
            20.444812256445303,
            20.444812256445303,
            20.444812256445303,
            20.44481225644532,
            20.44481225644532,
            20.444812256445392,
            20.444812256445392,
            20.4448122564454,
            20.4448122564454,
            20.444812256445353,
            20.44481225644536,
            2.095912505844197,
            0.0,
            6.246614811937288,
            10.245578935919996,
            26.527473725263594,
            26.527473725263594
        ],
        [
            41.53045561452949,
            41.53045561452949,
            41.53045561452949,
            41.530455614529686,
            32.241712194248095,
            23.988014790604097,
            23.988014790604097,
            23.98801479060419,
            20.444812256445413,
            20.444812256445395,
            20.444812256445395,
            20.444812256445395,
            20.444812256445395,
            20.444812256445395,
            20.444812256445527,
            20.444812256445395,
            20.444812256445395,
            20.444812256445395,
            20.444812256445395,
            20.444812256445413,
            20.444812256445413,
            20.444812256445484,
            20.444812256445484,
            20.44481225644549,
            20.44481225644549,
            20.444812256445445,
            20.444812256445452,
            6.246614811937288,
            6.246614811937288,
            0.0,
            10.245578935920088,
            26.527473725263686,
            26.527473725263686
        ],
        [
            41.5304556145295,
            41.5304556145295,
            41.5304556145295,
            41.5304556145297,
            32.241712194248095,
            23.988014790604105,
            23.988014790604105,
            23.988014790604197,
            20.44481225644542,
            20.444812256445402,
            20.444812256445402,
            20.444812256445402,
            20.444812256445402,
            20.444812256445402,
            20.444812256445534,
            20.444812256445402,
            20.444812256445402,
            20.444812256445402,
            20.444812256445402,
            20.44481225644542,
            20.44481225644542,
            20.44481225644549,
            20.44481225644549,
            20.4448122564455,
            20.4448122564455,
            20.444812256445452,
            20.44481225644546,
            10.245578935919996,
            10.245578935919996,
            10.245578935920088,
            0.0,
            26.527473725263693,
            26.527473725263693
        ],
        [
            41.5304556145298,
            41.5304556145298,
            41.5304556145298,
            41.53045561453,
            32.2417121942484,
            26.5274737252639,
            26.5274737252639,
            26.52747372526399,
            26.527473725263615,
            26.527473725263597,
            26.527473725263597,
            26.527473725263597,
            26.527473725263597,
            26.527473725263597,
            26.52747372526373,
            26.527473725263597,
            26.527473725263597,
            26.527473725263597,
            26.527473725263597,
            26.527473725263615,
            26.527473725263615,
            26.527473725263686,
            26.527473725263686,
            26.527473725263693,
            26.527473725263693,
            26.527473725263647,
            26.527473725263654,
            26.527473725263594,
            26.527473725263594,
            26.527473725263686,
            26.527473725263693,
            0.0,
            5.163373549155402
        ],
        [
            41.5304556145298,
            41.5304556145298,
            41.5304556145298,
            41.53045561453,
            32.2417121942484,
            26.5274737252639,
            26.5274737252639,
            26.52747372526399,
            26.527473725263615,
            26.527473725263597,
            26.527473725263597,
            26.527473725263597,
            26.527473725263597,
            26.527473725263597,
            26.52747372526373,
            26.527473725263597,
            26.527473725263597,
            26.527473725263597,
            26.527473725263597,
            26.527473725263615,
            26.527473725263615,
            26.527473725263686,
            26.527473725263686,
            26.527473725263693,
            26.527473725263693,
            26.527473725263647,
            26.527473725263654,
            26.527473725263594,
            26.527473725263594,
            26.527473725263686,
            26.527473725263693,
            5.163373549155402,
            0.0
        ]
    ],
    "NODE_MAPPING": {
        "0": "1",
        "1": "2",
        "2": "3",
        "3": "4",
        "4": "5",
        "5": "6",
        "6": "7",
        "7": "8",
        "8": "9",
        "9": "10",
        "10": "11",
        "11": "12",
        "12": "13",
        "13": "14",
        "14": "15",
        "15": "16",
        "16": "17",
        "17": "18",
        "18": "19",
        "19": "20",
        "20": "21",
        "21": "22",
        "22": "23",
        "23": "24",
        "24": "25",
        "25": "26",
        "26": "27",
        "27": "28",
        "28": "29",
        "29": "30",
        "30": "31",
        "31": "32",
        "32": "33"
    }
}