{
    "NEXUS_FILE_URL": "http://purl.org/phylo/treebase/phylows/study/TB2:S15503",
    "NEWICK_TREE": "((18:0.3996543,(51:0.37291068,((52:0.15963702,50:0.19284703):0.13523069,19:0.30876437):0.10743884):0.067774735):0.066816105,((39:0.018550316,38:0.014364712):0.13863277,(2:0.20471771,(((33:0.11871346,32:0.10091418):0.037656065,((11:0.105404206,(23:0.12510295,(24:0.11984233,(21:0.0015128448,(22:0.0015203309,20:0.0015533544):0.0014112492):0.0999917):0.032677356):0.030773003):0.05168646,((40:0.07292155,49:0.032957546):0.08271068,((55:0.07967445,((31:0.0071783788,29:0.015614896):0.028979998,(30:0.018730469,28:0.0039245067):0.018876135):0.059368245):0.0660484,(27:0.13713153,(26:0.057748944,(42:0.07262461,(41:0.050172593,57:0.06290322):0.07473674):0.02741048):0.088780686):0.020780152):0.033733048):0.07802501):0.037880484):0.032661345,(((16:0.09531772,(4:0.15126987,1:0.064742774):0.016494274):0.019837119,((46:0.17342356,45:0.06360429):0.0924037,15:0.107877925):0.053065788):0.026564859,(44:0.20250624,(((13:0.044194754,14:0.06951437):0.02895785,(9:0.05174088,10:0.080005206):0.031037817):0.0214173,(56:0.08279422,(25:0.16463518,(((6:0.008235034,(7:0.008143822,8:0.006038378):0.008104755):0.026608171,5:0.03661318):0.21059787,(((54:0.27767,((3:0.03969711,43:0.10130155):0.05094056,(47:0.016062532,36:0.09147724):0.09677826):0.023228187):0.029953986,((53:0.057589207,37:0.04156703):0.031255525,48:0.03107012):0.1001452):0.021607028,((34:0.13489203,35:0.09106398):0.06636936,(17:0.047020264,12:0.046151172):0.1400377):0.02545757):0.01891236):0.032897037):0.026115293):0.01398077):0.051201645):0.03960742):0.0540321):0.07070817):0.06794704):0.066816105);",
    "DISTANCE_MATRIX": [
        [
            0.0,
            0.840339715,
            0.869735585,
            0.902945595,
            0.883632245,
            0.690469596,
            0.686283992,
            0.8059512600000001,
            0.86097259,
            0.8431733100000001,
            0.8995742150000001,
            0.950045962,
            0.9774626980000001,
            0.9591249128000001,
            0.9605436481,
            0.9605766716000002,
            0.976140789,
            0.936176785,
            0.999964457,
            1.0158166288000001,
            1.024253146,
            1.0172648560000002,
            1.0024588937,
            1.012153289,
            1.021551389,
            1.063837535,
            1.1161222579999999,
            1.1288528850000001,
            0.867693518,
            0.9401399420000001,
            0.8536128460000001,
            1.0714317270000002,
            0.9616124570000001,
            0.913482392,
            0.9680874800000001,
            0.911352789,
            0.936672405,
            0.920978882,
            0.9492432080000001,
            0.9135578750000001,
            1.0215141280000002,
            1.13521706,
            1.1432306030000001,
            1.141125159,
            1.136987035,
            1.237919359,
            1.074115216,
            1.135719656,
            1.0963183380000001,
            1.171733046,
            1.119285305,
            1.103263128,
            1.0615106930000002,
            1.1354073049999998,
            1.091579255,
            1.1212038789999998,
            1.120334787
        ],
        [
            0.840339715,
            0.0,
            0.77521723,
            0.80842724,
            0.78911389,
            0.731500711,
            0.727315107,
            0.8469823750000001,
            0.902003705,
            0.8842044250000001,
            0.9406053300000001,
            0.991077077,
            1.018493813,
            1.0001560278000001,
            1.0015747631,
            1.0016077866000002,
            1.017171904,
            0.9772079,
            1.040995572,
            1.0568477438000001,
            1.065284261,
            1.0582959710000002,
            1.0434900087,
            1.053184404,
            1.062582504,
            1.10486865,
            1.1571533729999999,
            1.1698840000000001,
            0.9087246330000001,
            0.9811710570000001,
            0.8946439610000001,
            1.1124628420000002,
            1.0026435720000002,
            0.954513507,
            1.0091185950000001,
            0.9523839040000001,
            0.97770352,
            0.962009997,
            0.9902743230000001,
            0.9545889900000001,
            1.0625452430000002,
            1.176248175,
            1.1842617180000001,
            1.182156274,
            1.17801815,
            1.278950474,
            1.115146331,
            1.176750771,
            1.1373494530000001,
            1.212764161,
            1.16031642,
            1.144294243,
            1.1025418080000002,
            1.1764384199999998,
            1.13261037,
            1.1622349939999999,
            1.161365902
        ],
        [
            0.869735585,
            0.77521723,
            0.0,
            0.35248405,
            0.60363208,
            0.760896581,
            0.756710977,
            0.8763782450000001,
            0.9313995750000001,
            0.9136002950000001,
            0.9700012,
            1.020472947,
            1.0478896830000002,
            1.0295518978,
            1.0309706331000001,
            1.0310036566,
            1.0465677740000001,
            1.0066037700000001,
            1.070391442,
            1.0862436138,
            1.094680131,
            1.087691841,
            1.0728858787000002,
            1.0825802740000001,
            1.091978374,
            1.1342645199999999,
            1.186549243,
            1.19927987,
            0.938120503,
            1.0105669270000002,
            0.9240398310000001,
            1.141858712,
            1.032039442,
            0.983909377,
            1.038514465,
            0.981779774,
            1.00709939,
            0.9914058670000001,
            1.019670193,
            0.9839848600000001,
            1.091941113,
            1.205644045,
            1.213657588,
            1.211552144,
            1.2074140199999999,
            1.3083463439999998,
            1.1445422010000001,
            1.206146641,
            1.166745323,
            1.242160031,
            1.1897122900000001,
            1.173690113,
            1.1319376780000001,
            1.2058342899999999,
            1.1620062400000002,
            1.191630864,
            1.1907617719999999
        ],
        [
            0.902945595,
            0.80842724,
            0.35248405,
            0.0,
            0.63684209,
            0.794106591,
            0.789920987,
            0.9095882550000001,
            0.964609585,
            0.9468103050000001,
            1.0032112100000001,
            1.053682957,
            1.081099693,
            1.0627619078000001,
            1.0641806431,
            1.0642136666000002,
            1.079777784,
            1.03981378,
            1.103601452,
            1.1194536238000001,
            1.127890141,
            1.1209018510000002,
            1.1060958887,
            1.115790284,
            1.125188384,
            1.16747453,
            1.2197592529999999,
            1.2324898800000001,
            0.9713305130000001,
            1.043776937,
            0.9572498410000001,
            1.1750687220000002,
            1.0652494520000002,
            1.0171193870000002,
            1.0717244750000001,
            1.014989784,
            1.0403094,
            1.024615877,
            1.052880203,
            1.01719487,
            1.1251511230000002,
            1.238854055,
            1.2468675980000001,
            1.244762154,
            1.24062403,
            1.341556354,
            1.177752211,
            1.239356651,
            1.1999553330000001,
            1.275370041,
            1.2229223,
            1.206900123,
            1.1651476880000002,
            1.2390442999999998,
            1.19521625,
            1.2248408739999999,
            1.223971782
        ],
        [
            0.883632245,
            0.78911389,
            0.60363208,
            0.63684209,
            0.0,
            0.774793241,
            0.770607637,
            0.8902749050000001,
            0.945296235,
            0.9274969550000001,
            0.9838978600000001,
            1.034369607,
            1.061786343,
            1.0434485578000001,
            1.0448672931,
            1.0449003166000002,
            1.060464434,
            1.02050043,
            1.084288102,
            1.1001402738000001,
            1.108576791,
            1.1015885010000002,
            1.0867825387,
            1.096476934,
            1.105875034,
            1.14816118,
            1.2004459029999999,
            1.2131765300000001,
            0.952017163,
            1.024463587,
            0.9379364910000001,
            1.1557553720000002,
            1.0459361020000002,
            0.997806037,
            1.0524111250000001,
            0.995676434,
            1.02099605,
            1.005302527,
            1.033566853,
            0.9978815200000001,
            1.1058377730000002,
            1.219540705,
            1.2275542480000001,
            1.225448804,
            1.22131068,
            1.322243004,
            1.158438861,
            1.220043301,
            1.1806419830000001,
            1.256056691,
            1.20360895,
            1.187586773,
            1.1458343380000002,
            1.2197309499999998,
            1.1759029,
            1.2055275239999999,
            1.204658432
        ],
        [
            0.690469596,
            0.731500711,
            0.760896581,
            0.794106591,
            0.774793241,
            0.0,
            0.032915028,
            0.429847836,
            0.4848691660000001,
            0.467069886,
            0.523470791,
            0.573942538,
            0.601359274,
            0.5830214888,
            0.5844402241000001,
            0.5844732476000001,
            0.600037365,
            0.560073361,
            0.6238610330000001,
            0.6397132048,
            0.648149722,
            0.641161432,
            0.6263554697,
            0.636049865,
            0.645447965,
            0.6877341109999999,
            0.7400188339999999,
            0.752749461,
            0.491590094,
            0.564036518,
            0.477509422,
            0.695328303,
            0.585509033,
            0.537378968,
            0.591984056,
            0.535249365,
            0.560568981,
            0.544875458,
            0.573139784,
            0.537454451,
            0.645410704,
            0.7591136359999999,
            0.7671271789999999,
            0.7650217349999999,
            0.7608836109999999,
            0.8618159349999999,
            0.698011792,
            0.7596162319999998,
            0.7202149139999999,
            0.7956296219999999,
            0.7431818809999999,
            0.7271597039999999,
            0.685407269,
            0.7593038809999998,
            0.715475831,
            0.7451004549999999,
            0.7442313629999998
        ],
        [
            0.686283992,
            0.727315107,
            0.756710977,
            0.789920987,
            0.770607637,
            0.032915028,
            0.0,
            0.425662232,
            0.48068356200000006,
            0.462884282,
            0.519285187,
            0.5697569339999999,
            0.59717367,
            0.5788358848,
            0.5802546201000001,
            0.5802876436000001,
            0.595851761,
            0.555887757,
            0.619675429,
            0.6355276008,
            0.643964118,
            0.636975828,
            0.6221698657,
            0.631864261,
            0.641262361,
            0.6835485069999999,
            0.7358332299999999,
            0.7485638569999999,
            0.48740448999999997,
            0.559850914,
            0.473323818,
            0.691142699,
            0.581323429,
            0.533193364,
            0.587798452,
            0.531063761,
            0.556383377,
            0.540689854,
            0.56895418,
            0.533268847,
            0.6412251,
            0.7549280319999999,
            0.7629415749999999,
            0.7608361309999999,
            0.7566980069999999,
            0.8576303309999999,
            0.693826188,
            0.7554306279999998,
            0.7160293099999999,
            0.7914440179999999,
            0.7389962769999999,
            0.7229740999999998,
            0.681221665,
            0.7551182769999998,
            0.711290227,
            0.7409148509999999,
            0.7400457589999998
        ],
        [
            0.8059512600000001,
            0.8469823750000001,
            0.8763782450000001,
            0.9095882550000001,
            0.8902749050000001,
            0.429847836,
            0.425662232,
            0.0,
            0.46445675000000003,
            0.44665747,
            0.503058375,
            0.553530122,
            0.580946858,
            0.5626090727999999,
            0.5640278081000001,
            0.5640608316,
            0.5796249490000001,
            0.5396609450000001,
            0.603448617,
            0.6193007888,
            0.627737306,
            0.620749016,
            0.6059430537,
            0.6156374490000001,
            0.625035549,
            0.667321695,
            0.7196064179999999,
            0.732337045,
            0.471177678,
            0.543624102,
            0.45709700600000003,
            0.674915887,
            0.565096617,
            0.516966552,
            0.57157164,
            0.514836949,
            0.540156565,
            0.524463042,
            0.552727368,
            0.517042035,
            0.624998288,
            0.73870122,
            0.746714763,
            0.744609319,
            0.740471195,
            0.841403519,
            0.677599376,
            0.7392038159999998,
            0.6998024979999999,
            0.775217206,
            0.722769465,
            0.7067472879999999,
            0.664994853,
            0.7388914649999998,
            0.695063415,
            0.7246880389999999,
            0.7238189469999998
        ],
        [
            0.86097259,
            0.902003705,
            0.9313995750000001,
            0.964609585,
            0.945296235,
            0.4848691660000001,
            0.48068356200000006,
            0.46445675000000003,
            0.0,
            0.21962764,
            0.351340675,
            0.401812422,
            0.429229158,
            0.4108913728,
            0.4123101081,
            0.4123431316,
            0.427907249,
            0.387943245,
            0.451730917,
            0.4675830888,
            0.476019606,
            0.469031316,
            0.4542253537,
            0.463919749,
            0.473317849,
            0.515603995,
            0.5678887180000001,
            0.580619345,
            0.38478266800000005,
            0.457229092,
            0.37070199600000003,
            0.5885208770000001,
            0.47870160700000003,
            0.43057154200000003,
            0.48517663000000005,
            0.42844193900000005,
            0.453761555,
            0.438068032,
            0.466332358,
            0.430647025,
            0.5386032780000001,
            0.6523062100000001,
            0.660319753,
            0.6582143090000001,
            0.6540761850000001,
            0.755008509,
            0.5912043659999999,
            0.6528088059999999,
            0.613407488,
            0.688822196,
            0.6363744550000001,
            0.6203522779999999,
            0.5785998430000001,
            0.6524964549999999,
            0.608668405,
            0.638293029,
            0.6374239369999999
        ],
        [
            0.8431733100000001,
            0.8842044250000001,
            0.9136002950000001,
            0.9468103050000001,
            0.9274969550000001,
            0.467069886,
            0.462884282,
            0.44665747,
            0.21962764,
            0.0,
            0.333541395,
            0.384013142,
            0.41142987799999997,
            0.3930920928,
            0.39451082810000004,
            0.39454385160000005,
            0.410107969,
            0.370143965,
            0.43393163700000004,
            0.4497838088,
            0.45822032599999996,
            0.45123203599999995,
            0.4364260737,
            0.446120469,
            0.455518569,
            0.497804715,
            0.550089438,
            0.562820065,
            0.366983388,
            0.439429812,
            0.352902716,
            0.570721597,
            0.460902327,
            0.412772262,
            0.46737735,
            0.410642659,
            0.43596227499999995,
            0.420268752,
            0.448533078,
            0.412847745,
            0.520803998,
            0.63450693,
            0.642520473,
            0.640415029,
            0.636276905,
            0.737209229,
            0.573405086,
            0.6350095259999999,
            0.5956082079999999,
            0.671022916,
            0.618575175,
            0.602552998,
            0.560800563,
            0.6346971749999999,
            0.590869125,
            0.620493749,
            0.6196246569999999
        ],
        [
            0.8995742150000001,
            0.9406053300000001,
            0.9700012,
            1.0032112100000001,
            0.9838978600000001,
            0.523470791,
            0.519285187,
            0.503058375,
            0.351340675,
            0.333541395,
            0.0,
            0.261280159,
            0.28869689499999995,
            0.2703591098,
            0.2717778451,
            0.27181086860000003,
            0.390747906,
            0.350783902,
            0.414571574,
            0.4304237458,
            0.438860263,
            0.43187197299999996,
            0.4170660107,
            0.426760406,
            0.436158506,
            0.47844465199999997,
            0.530729375,
            0.543460002,
            0.423384293,
            0.495830717,
            0.409303621,
            0.627122502,
            0.517303232,
            0.469173167,
            0.5237782550000001,
            0.467043564,
            0.49236317999999996,
            0.47666965699999997,
            0.5049339829999999,
            0.46924865,
            0.5772049029999999,
            0.690907835,
            0.6989213780000001,
            0.696815934,
            0.69267781,
            0.7936101339999999,
            0.629805991,
            0.691410431,
            0.6520091129999999,
            0.7274238209999999,
            0.67497608,
            0.658953903,
            0.617201468,
            0.69109808,
            0.64727003,
            0.676894654,
            0.676025562
        ],
        [
            0.950045962,
            0.991077077,
            1.020472947,
            1.053682957,
            1.034369607,
            0.573942538,
            0.5697569339999999,
            0.553530122,
            0.401812422,
            0.384013142,
            0.261280159,
            0.0,
            0.277622636,
            0.25928485079999997,
            0.2607035861,
            0.2607366096,
            0.441219653,
            0.401255649,
            0.465043321,
            0.4808954928,
            0.48933200999999993,
            0.4823437199999999,
            0.46753775769999995,
            0.477232153,
            0.48663025299999996,
            0.528916399,
            0.581201122,
            0.593931749,
            0.4738560399999999,
            0.5463024639999999,
            0.45977536799999996,
            0.677594249,
            0.567774979,
            0.5196449139999999,
            0.574250002,
            0.5175153109999999,
            0.5428349269999999,
            0.527141404,
            0.5554057299999999,
            0.519720397,
            0.62767665,
            0.741379582,
            0.749393125,
            0.747287681,
            0.743149557,
            0.8440818809999999,
            0.6802777379999999,
            0.7418821779999999,
            0.7024808599999999,
            0.7778955679999999,
            0.725447827,
            0.7094256499999999,
            0.667673215,
            0.7415698269999998,
            0.697741777,
            0.7273664009999999,
            0.7264973089999999
        ],
        [
            0.9774626980000001,
            1.018493813,
            1.0478896830000002,
            1.081099693,
            1.061786343,
            0.601359274,
            0.59717367,
            0.580946858,
            0.429229158,
            0.41142987799999997,
            0.28869689499999995,
            0.277622636,
            0.0,
            0.22134687479999998,
            0.2227656101,
            0.22279863360000002,
            0.46863638899999993,
            0.42867238499999993,
            0.49246005699999995,
            0.5083122287999999,
            0.516748746,
            0.509760456,
            0.4949544937,
            0.5046488889999999,
            0.514046989,
            0.5563331349999999,
            0.608617858,
            0.621348485,
            0.501272776,
            0.5737192,
            0.487192104,
            0.705010985,
            0.595191715,
            0.54706165,
            0.601666738,
            0.544932047,
            0.570251663,
            0.55455814,
            0.582822466,
            0.547137133,
            0.655093386,
            0.768796318,
            0.776809861,
            0.774704417,
            0.770566293,
            0.871498617,
            0.707694474,
            0.769298914,
            0.7298975959999999,
            0.805312304,
            0.752864563,
            0.736842386,
            0.695089951,
            0.7689865629999999,
            0.725158513,
            0.754783137,
            0.7539140449999999
        ],
        [
            0.9591249128000001,
            1.0001560278000001,
            1.0295518978,
            1.0627619078000001,
            1.0434485578000001,
            0.5830214888,
            0.5788358848,
            0.5626090727999999,
            0.4108913728,
            0.3930920928,
            0.2703591098,
            0.25928485079999997,
            0.22134687479999998,
            0.0,
            0.0044444249000000005,
            0.0044774484,
            0.4502986038,
            0.4103345998,
            0.4741222718,
            0.4899744436,
            0.49841096079999997,
            0.49142267079999996,
            0.4766167085,
            0.4863111038,
            0.4957092038,
            0.5379953498,
            0.5902800727999999,
            0.6030106998,
            0.4829349908,
            0.5553814148,
            0.4688543188,
            0.6866731998,
            0.5768539297999999,
            0.5287238648,
            0.5833289528000001,
            0.5265942618,
            0.5519138777999999,
            0.5362203548,
            0.5644846807999999,
            0.5287993477999999,
            0.6367556007999999,
            0.7504585328,
            0.7584720758000001,
            0.7563666318,
            0.7522285078,
            0.8531608317999999,
            0.6893566888,
            0.7509611288,
            0.7115598107999999,
            0.7869745187999999,
            0.7345267778,
            0.7185046008,
            0.6767521658,
            0.7506487777999999,
            0.7068207278,
            0.7364453518,
            0.7355762598
        ],
        [
            0.9605436481,
            1.0015747631,
            1.0309706331000001,
            1.0641806431,
            1.0448672931,
            0.5844402241000001,
            0.5802546201000001,
            0.5640278081000001,
            0.4123101081,
            0.39451082810000004,
            0.2717778451,
            0.2607035861,
            0.2227656101,
            0.0044444249000000005,
            0.0,
            0.0030736853,
            0.4517173391,
            0.4117533351,
            0.4755410071,
            0.4913931789,
            0.49982969609999994,
            0.49284140609999993,
            0.47803544379999996,
            0.4877298391,
            0.49712793909999997,
            0.5394140851,
            0.5916988081,
            0.6044294351,
            0.48435372610000005,
            0.5568001501,
            0.47027305410000003,
            0.6880919351000001,
            0.5782726651000001,
            0.5301426001,
            0.5847476881,
            0.5280129971,
            0.5533326131,
            0.5376390901,
            0.5659034161000001,
            0.5302180831000001,
            0.6381743361000001,
            0.7518772681000001,
            0.7598908111,
            0.7577853671000001,
            0.7536472431000001,
            0.8545795671,
            0.6907754240999999,
            0.7523798640999999,
            0.7129785461,
            0.7883932541,
            0.7359455131000001,
            0.7199233360999999,
            0.6781709011000001,
            0.7520675130999999,
            0.7082394631,
            0.7378640871,
            0.7369949950999999
        ],
        [
            0.9605766716000002,
            1.0016077866000002,
            1.0310036566,
            1.0642136666000002,
            1.0449003166000002,
            0.5844732476000001,
            0.5802876436000001,
            0.5640608316,
            0.4123431316,
            0.39454385160000005,
            0.27181086860000003,
            0.2607366096,
            0.22279863360000002,
            0.0044774484,
            0.0030736853,
            0.0,
            0.4517503626,
            0.4117863586,
            0.47557403060000003,
            0.4914262024,
            0.49986271959999995,
            0.49287442959999994,
            0.47806846729999997,
            0.4877628626,
            0.4971609626,
            0.5394471086,
            0.5917318316,
            0.6044624586,
            0.48438674960000005,
            0.5568331736000001,
            0.47030607760000004,
            0.6881249586,
            0.5783056886,
            0.5301756236,
            0.5847807116000001,
            0.5280460206,
            0.5533656365999999,
            0.5376721136,
            0.5659364396,
            0.5302511066,
            0.6382073596,
            0.7519102916,
            0.7599238346000001,
            0.7578183906,
            0.7536802666,
            0.8546125905999999,
            0.6908084476,
            0.7524128876,
            0.7130115695999999,
            0.7884262776,
            0.7359785366,
            0.7199563596,
            0.6782039246,
            0.7521005366,
            0.7082724866000001,
            0.7378971106000001,
            0.7370280186
        ],
        [
            0.976140789,
            1.017171904,
            1.0465677740000001,
            1.079777784,
            1.060464434,
            0.600037365,
            0.595851761,
            0.5796249490000001,
            0.427907249,
            0.410107969,
            0.390747906,
            0.441219653,
            0.46863638899999993,
            0.4502986038,
            0.4517173391,
            0.4517503626,
            0.0,
            0.105879096,
            0.335088128,
            0.35094029979999997,
            0.35937681699999996,
            0.35238852699999995,
            0.3375825647,
            0.34727695999999997,
            0.35667506,
            0.39896120599999996,
            0.451245929,
            0.463976556,
            0.499950867,
            0.5723972909999999,
            0.485870195,
            0.7036890760000001,
            0.5938698060000001,
            0.545739741,
            0.600344829,
            0.543610138,
            0.568929754,
            0.553236231,
            0.581500557,
            0.545815224,
            0.653771477,
            0.7674744090000001,
            0.775487952,
            0.7733825080000001,
            0.7692443840000001,
            0.870176708,
            0.7063725649999999,
            0.7679770049999999,
            0.728575687,
            0.803990395,
            0.7515426540000001,
            0.7355204769999999,
            0.6937680420000001,
            0.7676646539999998,
            0.7238366039999999,
            0.7534612279999999,
            0.7525921359999999
        ],
        [
            0.936176785,
            0.9772079,
            1.0066037700000001,
            1.03981378,
            1.02050043,
            0.560073361,
            0.555887757,
            0.5396609450000001,
            0.387943245,
            0.370143965,
            0.350783902,
            0.401255649,
            0.42867238499999993,
            0.4103345998,
            0.4117533351,
            0.4117863586,
            0.105879096,
            0.0,
            0.295124124,
            0.31097629579999997,
            0.31941281299999996,
            0.31242452299999995,
            0.2976185607,
            0.30731295599999997,
            0.316711056,
            0.35899720199999996,
            0.411281925,
            0.424012552,
            0.459986863,
            0.5324332869999999,
            0.445906191,
            0.6637250720000001,
            0.5539058020000001,
            0.505775737,
            0.560380825,
            0.503646134,
            0.52896575,
            0.513272227,
            0.541536553,
            0.50585122,
            0.613807473,
            0.7275104050000001,
            0.735523948,
            0.7334185040000001,
            0.7292803800000001,
            0.830212704,
            0.6664085609999999,
            0.7280130009999999,
            0.688611683,
            0.764026391,
            0.7115786500000001,
            0.6955564729999999,
            0.6538040380000001,
            0.7277006499999998,
            0.6838725999999999,
            0.7134972239999999,
            0.7126281319999999
        ],
        [
            0.999964457,
            1.040995572,
            1.070391442,
            1.103601452,
            1.084288102,
            0.6238610330000001,
            0.619675429,
            0.603448617,
            0.451730917,
            0.43393163700000004,
            0.414571574,
            0.465043321,
            0.49246005699999995,
            0.4741222718,
            0.4755410071,
            0.47557403060000003,
            0.335088128,
            0.295124124,
            0.0,
            0.1752010718,
            0.183637589,
            0.17664929899999998,
            0.1618433367,
            0.303634532,
            0.313032632,
            0.355318778,
            0.407603501,
            0.42033412800000003,
            0.523774535,
            0.596220959,
            0.5096938630000001,
            0.727512744,
            0.617693474,
            0.569563409,
            0.6241684970000001,
            0.567433806,
            0.5927534219999999,
            0.577059899,
            0.6053242249999999,
            0.569638892,
            0.677595145,
            0.791298077,
            0.7993116200000001,
            0.797206176,
            0.793068052,
            0.8940003759999999,
            0.730196233,
            0.791800673,
            0.7523993549999999,
            0.8278140629999999,
            0.775366322,
            0.759344145,
            0.71759171,
            0.791488322,
            0.7476602720000001,
            0.7772848960000001,
            0.776415804
        ],
        [
            1.0158166288000001,
            1.0568477438000001,
            1.0862436138,
            1.1194536238000001,
            1.1001402738000001,
            0.6397132048,
            0.6355276008,
            0.6193007888,
            0.4675830888,
            0.4497838088,
            0.4304237458,
            0.4808954928,
            0.5083122287999999,
            0.4899744436,
            0.4913931789,
            0.4914262024,
            0.35094029979999997,
            0.31097629579999997,
            0.1752010718,
            0.0,
            0.0227932748,
            0.0737649808,
            0.0589590185,
            0.3194867038,
            0.32888480379999996,
            0.3711709498,
            0.4234556728,
            0.4361862998,
            0.5396267068,
            0.6120731308,
            0.5255460348000001,
            0.7433649158,
            0.6335456458,
            0.5854155808,
            0.6400206688000001,
            0.5832859778,
            0.6086055937999999,
            0.5929120708,
            0.6211763967999999,
            0.5854910637999999,
            0.6934473167999999,
            0.8071502488,
            0.8151637918000001,
            0.8130583478,
            0.8089202238,
            0.9098525477999999,
            0.7460484048,
            0.8076528448,
            0.7682515267999999,
            0.8436662347999999,
            0.7912184938,
            0.7751963168,
            0.7334438818,
            0.8073404938,
            0.7635124438,
            0.7931370678,
            0.7922679758
        ],
        [
            1.024253146,
            1.065284261,
            1.094680131,
            1.127890141,
            1.108576791,
            0.648149722,
            0.643964118,
            0.627737306,
            0.476019606,
            0.45822032599999996,
            0.438860263,
            0.48933200999999993,
            0.516748746,
            0.49841096079999997,
            0.49982969609999994,
            0.49986271959999995,
            0.35937681699999996,
            0.31941281299999996,
            0.183637589,
            0.0227932748,
            0.0,
            0.082201498,
            0.0673955357,
            0.327923221,
            0.337321321,
            0.379607467,
            0.43189219,
            0.444622817,
            0.548063224,
            0.620509648,
            0.533982552,
            0.751801433,
            0.641982163,
            0.5938520979999999,
            0.648457186,
            0.591722495,
            0.617042111,
            0.601348588,
            0.629612914,
            0.593927581,
            0.701883834,
            0.815586766,
            0.823600309,
            0.821494865,
            0.817356741,
            0.918289065,
            0.754484922,
            0.8160893619999999,
            0.7766880439999999,
            0.852102752,
            0.799655011,
            0.783632834,
            0.741880399,
            0.8157770109999999,
            0.771948961,
            0.801573585,
            0.8007044929999999
        ],
        [
            1.0172648560000002,
            1.0582959710000002,
            1.087691841,
            1.1209018510000002,
            1.1015885010000002,
            0.641161432,
            0.636975828,
            0.620749016,
            0.469031316,
            0.45123203599999995,
            0.43187197299999996,
            0.4823437199999999,
            0.509760456,
            0.49142267079999996,
            0.49284140609999993,
            0.49287442959999994,
            0.35238852699999995,
            0.31242452299999995,
            0.17664929899999998,
            0.0737649808,
            0.082201498,
            0.0,
            0.0226549757,
            0.320934931,
            0.330333031,
            0.37261917699999997,
            0.4249039,
            0.437634527,
            0.541074934,
            0.613521358,
            0.526994262,
            0.744813143,
            0.634993873,
            0.5868638079999999,
            0.641468896,
            0.584734205,
            0.6100538209999999,
            0.594360298,
            0.622624624,
            0.586939291,
            0.694895544,
            0.808598476,
            0.816612019,
            0.814506575,
            0.810368451,
            0.911300775,
            0.7474966319999999,
            0.8091010719999999,
            0.7696997539999999,
            0.845114462,
            0.792666721,
            0.7766445439999999,
            0.734892109,
            0.8087887209999999,
            0.764960671,
            0.794585295,
            0.7937162029999999
        ],
        [
            1.0024588937,
            1.0434900087,
            1.0728858787000002,
            1.1060958887,
            1.0867825387,
            0.6263554697,
            0.6221698657,
            0.6059430537,
            0.4542253537,
            0.4364260737,
            0.4170660107,
            0.46753775769999995,
            0.4949544937,
            0.4766167085,
            0.47803544379999996,
            0.47806846729999997,
            0.3375825647,
            0.2976185607,
            0.1618433367,
            0.0589590185,
            0.0673955357,
            0.0226549757,
            0.0,
            0.3061289687,
            0.3155270687,
            0.3578132147,
            0.4100979377,
            0.4228285647,
            0.5262689717,
            0.5987153957,
            0.5121882997,
            0.7300071807,
            0.6201879107,
            0.5720578457,
            0.6266629337,
            0.5699282427,
            0.5952478587,
            0.5795543357,
            0.6078186617,
            0.5721333287,
            0.6800895817,
            0.7937925137,
            0.8018060567,
            0.7997006127,
            0.7955624887,
            0.8964948127,
            0.7326906697,
            0.7942951097,
            0.7548937916999999,
            0.8303084997,
            0.7778607587,
            0.7618385817,
            0.7200861467,
            0.7939827586999999,
            0.7501547087,
            0.7797793327,
            0.7789102406999999
        ],
        [
            1.012153289,
            1.053184404,
            1.0825802740000001,
            1.115790284,
            1.096476934,
            0.636049865,
            0.631864261,
            0.6156374490000001,
            0.463919749,
            0.446120469,
            0.426760406,
            0.477232153,
            0.5046488889999999,
            0.4863111038,
            0.4877298391,
            0.4877628626,
            0.34727695999999997,
            0.30731295599999997,
            0.303634532,
            0.3194867038,
            0.327923221,
            0.320934931,
            0.3061289687,
            0.0,
            0.28366115999999997,
            0.325947306,
            0.37823202899999997,
            0.390962656,
            0.535963367,
            0.6084097909999999,
            0.521882695,
            0.7397015760000001,
            0.6298823060000001,
            0.581752241,
            0.636357329,
            0.579622638,
            0.604942254,
            0.589248731,
            0.617513057,
            0.581827724,
            0.689783977,
            0.8034869090000001,
            0.811500452,
            0.8093950080000001,
            0.8052568840000001,
            0.906189208,
            0.7423850649999999,
            0.8039895049999999,
            0.764588187,
            0.840002895,
            0.7875551540000001,
            0.7715329769999999,
            0.7297805420000001,
            0.8036771539999998,
            0.7598491039999999,
            0.7894737279999999,
            0.7886046359999999
        ],
        [
            1.021551389,
            1.062582504,
            1.091978374,
            1.125188384,
            1.105875034,
            0.645447965,
            0.641262361,
            0.625035549,
