{
    "NEXUS_FILE_URL": "http://purl.org/phylo/treebase/phylows/study/TB2:S15601",
    "NEWICK_TREE": "(((((((9:0.12301421,18:0.138317):0.07149712,17:0.17090357):0.05373085,(15:0.18766694,16:0.23342349):0.14062371):0.01397894,(14:0.15111792,(13:0.13134771,(11:0.0,12:0.0):0.10022924):0.07413927):0.08908536):0.02518087,((19:0.16322667,22:0.14622378):0.02301828,(20:0.11181949,(1:0.04768809,2:0.05566468):0.06007644):0.06385756):0.06939851):0.02684239,(10:0.25283809,(21:0.25365176,(8:0.22160172,(7:0.08105669,((3:0.0,4:0.0):0.0593045,(5:0.03633298,6:0.03321376):7.1968E-4):0.04309302):0.1372464):0.038787):0.0109808):0.03226559):0.0494933,(26:0.1160437,27:0.092988):0.22767429,(25:0.38298037,(23:0.14633483,24:0.10166285):0.08794304):0.14043482);",
    "DISTANCE_MATRIX": [
        [
            0.0,
            0.26133121,
            0.3654149,
            0.57653283,
            0.62228938,
            0.5024244,
            0.55679346,
            0.52567499,
            0.52567499,
            0.5430454499999999,
            0.52604256,
            0.53247755,
            0.52842259,
            0.53639918,
            0.5993480600000001,
            0.61114253,
            0.61787949,
            0.61458086,
            0.63592169,
            0.63592169,
            0.61366985,
            0.6105506300000001,
            0.7074556700000001,
            0.6843999700000001,
            0.88715287,
            0.73845037,
            0.6937783900000001
        ],
        [
            0.26133121,
            0.0,
            0.38071769,
            0.59183562,
            0.63759217,
            0.51772719,
            0.57209625,
            0.54097778,
            0.54097778,
            0.5583482399999999,
            0.5413453500000001,
            0.54778034,
            0.54372538,
            0.55170197,
            0.6146508500000001,
            0.62644532,
            0.63318228,
            0.62988365,
            0.65122448,
            0.65122448,
            0.62897264,
            0.6258534200000001,
            0.7227584600000001,
            0.6997027600000001,
            0.90245566,
            0.75375316,
            0.7090811800000001
        ],
        [
            0.3654149,
            0.38071769,
            0.0,
            0.55292507,
            0.59868162,
            0.47881664,
            0.5331857,
            0.50206723,
            0.50206723,
            0.51943769,
            0.5024348000000001,
            0.50886979,
            0.50481483,
            0.51279142,
            0.5757403000000001,
            0.58753477,
            0.59427173,
            0.5909731,
            0.61231393,
            0.61231393,
            0.59006209,
            0.5869428700000001,
            0.6838479100000001,
            0.6607922100000001,
            0.86354511,
            0.71484261,
            0.6701706300000001
        ],
        [
            0.57653283,
            0.59183562,
            0.55292507,
            0.0,
            0.42109043,
            0.58247287,
            0.63684193,
            0.60572346,
            0.60572346,
            0.6230939200000001,
            0.60609103,
            0.61252602,
            0.6084710600000001,
            0.61644765,
            0.67939653,
            0.6911910000000001,
            0.6979279600000001,
            0.69462933,
            0.7159701600000001,
            0.7159701600000001,
            0.6937183200000001,
            0.6905991,
            0.78750414,
            0.76444844,
            0.9672013400000001,
            0.81849884,
            0.77382686
        ],
        [
            0.62228938,
            0.63759217,
            0.59868162,
            0.42109043,
            0.0,
            0.62822942,
            0.68259848,
            0.65148001,
            0.65148001,
            0.66885047,
            0.6518475800000001,
            0.65828257,
            0.6542276100000001,
            0.6622042,
            0.7251530800000001,
            0.73694755,
            0.74368451,
            0.74038588,
            0.76172671,
            0.76172671,
            0.73947487,
            0.7363556500000001,
            0.8332606900000001,
            0.8102049900000001,
            1.01295789,
            0.8642553900000001,
            0.8195834100000001
        ],
        [
            0.5024244,
            0.51772719,
            0.47881664,
            0.58247287,
            0.62822942,
            0.0,
            0.3566049,
            0.32548643,
            0.32548643,
            0.52102761,
            0.50402472,
            0.51045971,
            0.50640475,
            0.51438134,
            0.57733022,
            0.58912469,
            0.59586165,
            0.59256302,
            0.61390385,
            0.61390385,
            0.59165201,
            0.58853279,
            0.68543783,
            0.66238213,
            0.86513503,
            0.71643253,
            0.67176055
        ],
        [
            0.55679346,
            0.57209625,
            0.5331857,
            0.63684193,
            0.68259848,
            0.3566049,
            0.0,
            0.23157695,
            0.23157695,
            0.5753966699999999,
            0.5583937800000001,
            0.56482877,
            0.56077381,
            0.5687504,
            0.6316992800000001,
            0.64349375,
            0.65023071,
            0.64693208,
            0.66827291,
            0.66827291,
            0.64602107,
            0.6429018500000001,
            0.7398068900000001,
            0.7167511900000001,
            0.91950409,
            0.77080159,
            0.7261296100000001
        ],
        [
            0.52567499,
            0.54097778,
            0.50206723,
            0.60572346,
            0.65148001,
            0.32548643,
            0.23157695,
            0.0,
            0.0,
            0.5442781999999999,
            0.52727531,
            0.5337103,
            0.52965534,
            0.53763193,
            0.6005808100000001,
            0.61237528,
            0.61911224,
            0.61581361,
            0.63715444,
            0.63715444,
            0.6149026,
            0.6117833800000001,
            0.7086884200000001,
            0.6856327200000001,
            0.88838562,
            0.73968312,
            0.6950111400000001
        ],
        [
            0.52567499,
            0.54097778,
            0.50206723,
            0.60572346,
            0.65148001,
            0.32548643,
            0.23157695,
            0.0,
            0.0,
            0.5442781999999999,
            0.52727531,
            0.5337103,
            0.52965534,
            0.53763193,
            0.6005808100000001,
            0.61237528,
            0.61911224,
            0.61581361,
            0.63715444,
            0.63715444,
            0.6149026,
            0.6117833800000001,
            0.7086884200000001,
            0.6856327200000001,
            0.88838562,
            0.73968312,
            0.6950111400000001
        ],
        [
            0.5430454499999999,
            0.5583482399999999,
            0.51943769,
            0.6230939200000001,
            0.66885047,
            0.52102761,
            0.5753966699999999,
            0.5442781999999999,
            0.5442781999999999,
            0.0,
            0.30945045,
            0.36192199999999997,
            0.35786704,
            0.36584363,
            0.56758953,
            0.579384,
            0.58612096,
            0.5828223299999999,
            0.60416316,
            0.60416316,
            0.58191132,
            0.5787921,
            0.67569714,
            0.65264144,
            0.85539434,
            0.70669184,
            0.66201986
        ],
        [
            0.52604256,
            0.5413453500000001,
            0.5024348000000001,
            0.60609103,
            0.6518475800000001,
            0.50402472,
            0.5583937800000001,
            0.52727531,
            0.52727531,
            0.30945045,
            0.0,
            0.34491911,
            0.34086415000000003,
            0.34884074,
            0.55058664,
            0.56238111,
            0.56911807,
            0.5658194400000001,
            0.58716027,
            0.58716027,
            0.56490843,
            0.56178921,
            0.65869425,
            0.63563855,
            0.83839145,
            0.68968895,
            0.64501697
        ],
        [
            0.53247755,
            0.54778034,
            0.50886979,
            0.61252602,
            0.65828257,
            0.51045971,
            0.56482877,
            0.5337103,
            0.5337103,
            0.36192199999999997,
            0.34491911,
            0.0,
            0.21958402,
            0.22756061,
            0.55702163,
            0.5688161,
            0.5755530600000001,
            0.5722544300000001,
            0.5935952600000001,
            0.5935952600000001,
            0.57134342,
            0.5682242000000001,
            0.6651292400000001,
            0.64207354,
            0.8448264400000001,
            0.69612394,
            0.65145196
        ],
        [
            0.52842259,
            0.54372538,
            0.50481483,
            0.6084710600000001,
            0.6542276100000001,
            0.50640475,
            0.56077381,
            0.52965534,
            0.52965534,
            0.35786704,
            0.34086415000000003,
            0.21958402,
            0.0,
            0.10335277000000001,
            0.55296667,
            0.5647611400000001,
            0.5714981000000001,
            0.56819947,
            0.5895403000000001,
            0.5895403000000001,
            0.5672884600000001,
            0.56416924,
            0.66107428,
            0.63801858,
            0.8407714800000001,
            0.69206898,
            0.647397
        ],
        [
            0.53639918,
            0.55170197,
            0.51279142,
            0.61644765,
            0.6622042,
            0.51438134,
            0.5687504,
            0.53763193,
            0.53763193,
            0.36584363,
            0.34884074,
            0.22756061,
            0.10335277000000001,
            0.0,
            0.56094326,
            0.5727377300000001,
            0.5794746900000001,
            0.5761760600000001,
            0.5975168900000001,
            0.5975168900000001,
            0.5752650500000001,
            0.5721458300000001,
            0.6690508700000001,
            0.6459951700000001,
            0.8487480700000001,
            0.70004557,
            0.6553735900000001
        ],
        [
            0.5993480600000001,
            0.6146508500000001,
            0.5757403000000001,
            0.67939653,
            0.7251530800000001,
            0.57733022,
            0.6316992800000001,
            0.6005808100000001,
            0.6005808100000001,
            0.56758953,
            0.55058664,
            0.55702163,
            0.55296667,
            0.56094326,
            0.0,
            0.51747065,
            0.52420761,
            0.52090898,
            0.54224981,
            0.54224981,
            0.51999797,
            0.51687875,
            0.6783149700000001,
            0.6552592700000001,
            0.8580121700000001,
            0.70930967,
            0.6646376900000001
        ],
        [
            0.61114253,
            0.62644532,
            0.58753477,
            0.6911910000000001,
            0.73694755,
            0.58912469,
            0.64349375,
            0.61237528,
            0.61237528,
            0.579384,
            0.56238111,
            0.5688161,
            0.5647611400000001,
            0.5727377300000001,
            0.51747065,
            0.0,
            0.51404048,
            0.51074185,
            0.53208268,
            0.53208268,
            0.50983084,
            0.50671162,
            0.6901094400000001,
            0.6670537400000001,
            0.8698066400000001,
            0.72110414,
            0.6764321600000001
        ],
        [
            0.61787949,
            0.63318228,
            0.59427173,
            0.6979279600000001,
            0.74368451,
            0.59586165,
            0.65023071,
            0.61911224,
            0.61911224,
            0.58612096,
            0.56911807,
            0.5755530600000001,
            0.5714981000000001,
            0.5794746900000001,
            0.52420761,
            0.51404048,
            0.0,
            0.43990481,
            0.46124564,
            0.46124564,
            0.4389938,
            0.43587458,
            0.6968464000000001,
            0.6737907000000001,
            0.8765436000000001,
            0.7278411,
            0.6831691200000001
        ],
        [
            0.61458086,
            0.62988365,
            0.5909731,
            0.69462933,
            0.74038588,
            0.59256302,
            0.64693208,
            0.61581361,
            0.61581361,
            0.5828223299999999,
            0.5658194400000001,
            0.5722544300000001,
            0.56819947,
            0.5761760600000001,
            0.52090898,
            0.51074185,
            0.43990481,
            0.0,
            0.18345421,
            0.18345421,
            0.16120236999999998,
            0.15808315,
            0.6935477700000001,
            0.6704920700000001,
            0.87324497,
            0.72454247,
            0.6798704900000001
        ],
        [
            0.63592169,
            0.65122448,
            0.61231393,
            0.7159701600000001,
            0.76172671,
            0.61390385,
            0.66827291,
            0.63715444,
            0.63715444,
            0.60416316,
            0.58716027,
            0.5935952600000001,
            0.5895403000000001,
            0.5975168900000001,
            0.54224981,
            0.53208268,
            0.46124564,
            0.18345421,
            0.0,
            0.0,
            0.09635716,
            0.09323794,
            0.7148886000000001,
            0.6918329000000001,
            0.8945858000000001,
            0.7458833,
            0.7012113200000001
        ],
        [
            0.63592169,
            0.65122448,
            0.61231393,
            0.7159701600000001,
            0.76172671,
            0.61390385,
            0.66827291,
            0.63715444,
            0.63715444,
            0.60416316,
            0.58716027,
            0.5935952600000001,
            0.5895403000000001,
            0.5975168900000001,
            0.54224981,
            0.53208268,
            0.46124564,
            0.18345421,
            0.0,
            0.0,
            0.09635716,
            0.09323794,
            0.7148886000000001,
            0.6918329000000001,
            0.8945858000000001,
            0.7458833,
            0.7012113200000001
        ],
        [
            0.61366985,
            0.62897264,
            0.59006209,
            0.6937183200000001,
            0.73947487,
            0.59165201,
            0.64602107,
            0.6149026,
            0.6149026,
            0.58191132,
            0.56490843,
            0.57134342,
            0.5672884600000001,
            0.5752650500000001,
            0.51999797,
            0.50983084,
            0.4389938,
            0.16120236999999998,
            0.09635716,
            0.09635716,
            0.0,
            0.06954674,
            0.6926367600000001,
            0.6695810600000001,
            0.8723339600000001,
            0.72363146,
            0.6789594800000001
        ],
        [
            0.6105506300000001,
            0.6258534200000001,
            0.5869428700000001,
            0.6905991,
            0.7363556500000001,
            0.58853279,
            0.6429018500000001,
            0.6117833800000001,
            0.6117833800000001,
            0.5787921,
            0.56178921,
            0.5682242000000001,
            0.56416924,
            0.5721458300000001,
            0.51687875,
            0.50671162,
            0.43587458,
            0.15808315,
            0.09323794,
            0.09323794,
            0.06954674,
            0.0,
            0.6895175400000001,
            0.6664618400000001,
            0.8692147400000001,
            0.72051224,
            0.6758402600000001
        ],
        [
            0.7074556700000001,
            0.7227584600000001,
            0.6838479100000001,
            0.78750414,
            0.8332606900000001,
            0.68543783,
            0.7398068900000001,
            0.7086884200000001,
            0.7086884200000001,
            0.67569714,
            0.65869425,
            0.6651292400000001,
            0.66107428,
            0.6690508700000001,
            0.6783149700000001,
            0.6901094400000001,
            0.6968464000000001,
            0.6935477700000001,
            0.7148886000000001,
            0.7148886000000001,
            0.6926367600000001,
            0.6895175400000001,
            0.0,
            0.2090317,
            0.8671331800000001,
            0.71843068,
            0.6737587
        ],
        [
            0.6843999700000001,
            0.6997027600000001,
            0.6607922100000001,
            0.76444844,
            0.8102049900000001,
            0.66238213,
            0.7167511900000001,
            0.6856327200000001,
            0.6856327200000001,
            0.65264144,
            0.63563855,
            0.64207354,
            0.63801858,
            0.6459951700000001,
            0.6552592700000001,
            0.6670537400000001,
            0.6737907000000001,
            0.6704920700000001,
            0.6918329000000001,
            0.6918329000000001,
            0.6695810600000001,
            0.6664618400000001,
            0.2090317,
            0.0,
            0.84407748,
            0.69537498,
            0.650703
        ],
        [
            0.88715287,
            0.90245566,
            0.86354511,
            0.9672013400000001,
            1.01295789,
            0.86513503,
            0.91950409,
            0.88838562,
            0.88838562,
            0.85539434,
            0.83839145,
            0.8448264400000001,
            0.8407714800000001,
            0.8487480700000001,
            0.8580121700000001,
            0.8698066400000001,
            0.8765436000000001,
            0.87324497,
            0.8945858000000001,
            0.8945858000000001,
            0.8723339600000001,
            0.8692147400000001,
            0.8671331800000001,
            0.84407748,
            0.0,
            0.61725824,
            0.57258626
        ],
        [
            0.73845037,
            0.75375316,
            0.71484261,
            0.81849884,
            0.8642553900000001,
            0.71643253,
            0.77080159,
            0.73968312,
            0.73968312,
            0.70669184,
            0.68968895,
            0.69612394,
            0.69206898,
            0.70004557,
            0.70930967,
            0.72110414,
            0.7278411,
            0.72454247,
            0.7458833,
            0.7458833,
            0.72363146,
            0.72051224,
            0.71843068,
            0.69537498,
            0.61725824,
            0.0,
            0.24799768
        ],
        [
            0.6937783900000001,
            0.7090811800000001,
            0.6701706300000001,
            0.77382686,
            0.8195834100000001,
            0.67176055,
            0.7261296100000001,
            0.6950111400000001,
            0.6950111400000001,
            0.66201986,
            0.64501697,
            0.65145196,
            0.647397,
            0.6553735900000001,
            0.6646376900000001,
            0.6764321600000001,
            0.6831691200000001,
            0.6798704900000001,
            0.7012113200000001,
            0.7012113200000001,
            0.6789594800000001,
            0.6758402600000001,
            0.6737587,
            0.650703,
            0.57258626,
            0.24799768,
            0.0
        ]
    ],
    "NODE_MAPPING": {
        "0": "9",
        "1": "18",
        "2": "17",
        "3": "15",
        "4": "16",
        "5": "14",
        "6": "13",
        "7": "11",
        "8": "12",
        "9": "19",
        "10": "22",
        "11": "20",
        "12": "1",
        "13": "2",
        "14": "10",
        "15": "21",
        "16": "8",
        "17": "7",
        "18": "3",
        "19": "4",
        "20": "5",
        "21": "6",
        "22": "26",
        "23": "27",
        "24": "25",
        "25": "23",
        "26": "24"
    }
}