{
    "NEXUS_FILE_URL": "http://purl.org/phylo/treebase/phylows/study/TB2:S16032",
    "NEWICK_TREE": "(11:0.031314595,(10:0.03828622,(8:0.00595504,((6:0.00539933,(1:1.2165E-4,2:-2.6E-6):0.00468429):2.1111E-4,(7:0.00514868,((3:0.00431518,9:0.00528019):0.00126667,(4:0.00162692,5:0.00243158):0.00222936):3.1188E-4):5.1781E-4):1.1667E-4):0.01933554):0.031314595);",
    "DISTANCE_MATRIX": [
        [
            0,
            0.10091541000000001,
            0.08791977000000001,
            0.08769184,
            0.08709845,
            0.0869742,
            0.08774789,
            0.08849293999999999,
            0.08945795,
            0.08676737,
            0.08757203
        ],
        [
            0.10091541000000001,
            0,
            0.0635768,
            0.06334887,
            0.06275548,
            0.06263123,
            0.06340492,
            0.06414997,
            0.06511498,
            0.062424400000000005,
            0.06322906
        ],
        [
            0.08791977000000001,
            0.0635768,
            0,
            0.011682149999999999,
            0.01108876,
            0.01096451,
            0.0117382,
            0.01248325,
            0.01344826,
            0.010757679999999999,
            0.01156234
        ],
        [
            0.08769184,
            0.06334887,
            0.011682149999999999,
            0,
            0.010205269999999999,
            0.01008102,
            0.01127693,
            0.012021979999999998,
            0.012986989999999999,
            0.010296409999999999,
            0.01110107
        ],
        [
            0.08709845,
            0.06275548,
            0.01108876,
            0.010205269999999999,
            0,
            0.00011905000000000001,
            0.010683539999999998,
            0.011428589999999999,
            0.012393599999999998,
            0.00970302,
            0.010507679999999998
        ],
        [
            0.0869742,
            0.06263123,
            0.01096451,
            0.01008102,
            0.00011905000000000001,
            0,
            0.010559289999999999,
            0.01130434,
            0.012269349999999998,
            0.009578769999999999,
            0.010383429999999999
        ],
        [
            0.08774789,
            0.06340492,
            0.0117382,
            0.01127693,
            0.010683539999999998,
            0.010559289999999999,
            0,
            0.011042409999999999,
            0.01200742,
            0.00931684,
            0.0101215
        ],
        [
            0.08849293999999999,
            0.06414997,
            0.01248325,
            0.012021979999999998,
            0.011428589999999999,
            0.01130434,
            0.011042409999999999,
            0,
            0.009595369999999999,
            0.00943813,
            0.010242790000000002
        ],
        [
            0.08945795,
            0.06511498,
            0.01344826,
            0.012986989999999999,
            0.012393599999999998,
            0.012269349999999998,
            0.01200742,
            0.009595369999999999,
            0,
            0.01040314,
            0.0112078
        ],
        [
            0.08676737,
            0.062424400000000005,
            0.010757679999999999,
            0.010296409999999999,
            0.00970302,
            0.009578769999999999,
            0.00931684,
            0.00943813,
            0.01040314,
            0,
            0.0040585
        ],
        [
            0.08757203,
            0.06322906,
            0.01156234,
            0.01110107,
            0.010507679999999998,
            0.010383429999999999,
            0.0101215,
            0.010242790000000002,
            0.0112078,
            0.0040585,
            0
        ]
    ],
    "NODE_MAPPING": {
        "0": "11",
        "1": "10",
        "2": "8",
        "3": "6",
        "4": "1",
        "5": "2",
        "6": "7",
        "7": "3",
        "8": "9",
        "9": "4",
        "10": "5"
    }
}