{
    "NEXUS_FILE_URL": "http://purl.org/phylo/treebase/phylows/study/TB2:S12036",
    "NEWICK_TREE": "(((((((((((((((10:0.0,11:0.0):2.5288E-4,12:0.00659883):0.00253873,18:0.00435825):0.00252518,(13:0.00857009,14:5.9748E-4):0.01026879):0.00169677,(44:0.01617667,(39:0.00269208,(40:-4.051E-5,(41:-7.75E-5,(43:-1.4855E-4,42:0.00472663):7.75E-5):4.051E-5):0.00188359):0.00247442):0.0097643):0.0047224,((36:0.00110607,37:0.00805682):0.01002963,(7:0.0018618,(5:0.0,(6:0.0,(3:0.0,(9:0.0,(8:0.0,(4:0.0,2:0.0):0.0):0.0):0.0):0.0):0.0):4.1801E-4):0.01305423):0.00114264):0.00221531,(16:0.00130473,(17:0.00158051,15:6.993E-4):0.00556981):0.0302483):0.00146348,((34:0.00240526,33:-1.2187E-4):0.02521343,(47:0.0,(46:0.0,48:0.0):0.0):0.01259192):0.00110828):0.00349653,35:0.0234244):0.00409295,(50:0.00638786,(45:0.01190964,49:0.00649091):0.00173548):0.01059648):0.01628193,69:0.06205372):0.00229992,(63:0.05045273,(54:0.00142302,53:0.00543565):0.04102128):0.00710856):0.01830725,86:0.03962836):0.00415723,(((20:0.0,19:0.0):0.0228284,(85:0.02337828,38:0.01892208):0.00440321):0.02615883,(((87:0.02367158,62:0.01853947):0.02387105,52:0.03765026):0.01278403,(((66:0.00241229,64:-1.3248E-4):2.7691E-4,65:0.00429089):0.0132167,((55:-1.5506E-4,56:0.00243603):0.00813559,(67:0.00188855,68:0.00727901):0.00806804):0.00664087):0.00651282):0.0057287):0.0067994):0.00244721,(21:0.03814754,(58:0.00400716,(60:0.0,(59:0.0,61:0.0):0.0):5.7092E-4):0.04371134):0.0262373,(((((((25:0.0,24:0.0):0.00181587,(22:2.1185E-4,23:0.00206912):0.00276209):0.02463514,71:0.03507862):0.00690855,70:0.02664517):0.0043023,51:0.02921):0.00497897,57:0.02566142):0.03412168,((82:0.00367351,81:0.01013935):0.00670806,(26:0.00828682,((((((28:0.00491592,30:-3.4504E-4):1.753E-4,29:-1.753E-4):0.00156828,32:7.1622E-4):0.00152794,31:7.542E-4):0.00178389,27:5.0219E-4):0.00386365,((((79:0.0,78:0.0):0.00743079,80:0.00868977):0.00525672,84:0.0063364):0.00124269,((83:0.00265761,1:0.00419758):9.4936E-4,((75:0.0,74:0.0):0.00214265,(77:0.00253837,(72:0.00266949,(76:0.0,73:0.0):0.00189654):0.00203555):1.3862E-4):0.00947972):8.5776E-4):0.00199964):9.5661E-4):0.00754869):0.01664898):0.01290391);",
    "DISTANCE_MATRIX": [
        [
            0.0,
            0.0,
            0.00685171,
            0.00714986,
            0.024155670000000004,
            0.01618306,
            0.03295453,
            0.021944360000000003,
            0.02109536,
            0.02109888,
            0.02110533,
            0.02598051,
            0.024014300000000002,
            0.030965049999999997,
            0.02779463,
            0.02635084,
            0.02635084,
            0.02635084,
            0.02635084,
            0.02635084,
            0.02635084,
            0.02635084,
            0.0455043,
            0.05134989,
            0.05046868,
            0.044141719999999995,
            0.04161459,
            0.02911495,
            0.02911495,
            0.02911495,
            0.04233568,
            0.03998857,
            0.04724583,
            0.0418271,
            0.10133988,
            0.09914737,
            0.09113894,
            0.09515156999999999,
            0.09952169,
            0.11983718999999998,
            0.11983718999999998,
            0.12479027999999999,
            0.12033408,
            0.13690532,
            0.13177320999999997,
            0.12701294999999999,
            0.09899738,
            0.09645261,
            0.10059906999999998,
            0.09771287999999999,
            0.10030396999999999,
            0.09968893999999999,
            0.10507939999999999,
            0.13088261,
            0.14045357,
            0.13701733,
            0.13701733,
            0.13701733,
            0.15616419,
            0.15616419,
            0.15732226,
            0.15917953,
            0.1647918,
            0.1494498,
            0.14771233,
            0.13918478,
            0.10643222999999999,
            0.11289806999999999,
            0.11188617000000001,
            0.11839094,
            0.11312997999999999,
            0.11312442,
            0.11244766,
            0.11095769999999999,
            0.1089218,
            0.1204858,
            0.1204858,
            0.12174478,
            0.11413469,
            0.11102033,
            0.1125603,
            0.11903573,
            0.11903573,
            0.11957007,
            0.12173674,
            0.12096378999999999,
            0.12096378999999999
        ],
        [
            0.0,
            0.0,
            0.00685171,
            0.00714986,
            0.024155670000000004,
            0.01618306,
            0.03295453,
            0.021944360000000003,
            0.02109536,
            0.02109888,
            0.02110533,
            0.02598051,
            0.024014300000000002,
            0.030965049999999997,
            0.02779463,
            0.02635084,
            0.02635084,
            0.02635084,
            0.02635084,
            0.02635084,
            0.02635084,
            0.02635084,
            0.0455043,
            0.05134989,
            0.05046868,
            0.044141719999999995,
            0.04161459,
            0.02911495,
            0.02911495,
            0.02911495,
            0.04233568,
            0.03998857,
            0.04724583,
            0.0418271,
            0.10133988,
            0.09914737,
            0.09113894,
            0.09515156999999999,
            0.09952169,
            0.11983718999999998,
            0.11983718999999998,
            0.12479027999999999,
            0.12033408,
            0.13690532,
            0.13177320999999997,
            0.12701294999999999,
            0.09899738,
            0.09645261,
            0.10059906999999998,
            0.09771287999999999,
            0.10030396999999999,
            0.09968893999999999,
            0.10507939999999999,
            0.13088261,
            0.14045357,
            0.13701733,
            0.13701733,
            0.13701733,
            0.15616419,
            0.15616419,
            0.15732226,
            0.15917953,
            0.1647918,
            0.1494498,
            0.14771233,
            0.13918478,
            0.10643222999999999,
            0.11289806999999999,
            0.11188617000000001,
            0.11839094,
            0.11312997999999999,
            0.11312442,
            0.11244766,
            0.11095769999999999,
            0.1089218,
            0.1204858,
            0.1204858,
            0.12174478,
            0.11413469,
            0.11102033,
            0.1125603,
            0.11903573,
            0.11903573,
            0.11957007,
            0.12173674,
            0.12096378999999999,
            0.12096378999999999
        ],
        [
            0.00685171,
            0.00685171,
            0.0,
            0.01349581,
            0.03050162,
            0.02252901,
            0.03930048,
            0.02829031,
            0.02744131,
            0.02744483,
            0.02745128,
            0.03232646,
            0.03036025,
            0.037311,
            0.034140580000000004,
            0.03269679,
            0.03269679,
            0.03269679,
            0.03269679,
            0.03269679,
            0.03269679,
            0.03269679,
            0.051850249999999994,
            0.05769584,
            0.05681463,
            0.05048767,
            0.047960539999999996,
            0.0354609,
            0.0354609,
            0.0354609,
            0.048681630000000004,
            0.04633452,
            0.05359178,
            0.048173049999999995,
            0.10768583,
            0.10549332,
            0.09748488999999999,
            0.10149752,
            0.10586764,
            0.12618314,
            0.12618314,
            0.13113623,
            0.12668003,
            0.14325126999999999,
            0.13811916,
            0.1333589,
            0.10534332999999999,
            0.10279855999999998,
            0.10694502,
            0.10405882999999999,
            0.10664992,
            0.10603488999999999,
            0.11142534999999999,
            0.13722856,
            0.14679952000000002,
            0.14336328,
            0.14336328,
            0.14336328,
            0.16251014000000003,
            0.16251014000000003,
            0.16366821,
            0.16552548,
            0.17113775,
            0.15579575,
            0.15405828,
            0.14553073,
            0.11277818,
            0.11924402,
            0.11823212,
            0.12473688999999999,
            0.11947593000000001,
            0.11947036999999999,
            0.11879361,
            0.11730365000000001,
            0.11526775,
            0.12683175,
            0.12683175,
            0.12809072999999999,
            0.12048064,
            0.11736627999999999,
            0.11890624999999999,
            0.12538168,
            0.12538168,
            0.12591602,
            0.12808269,
            0.12730974,
            0.12730974
        ],
        [
            0.00714986,
            0.00714986,
            0.01349581,
            0.0,
            0.02572231,
            0.0177497,
            0.034521170000000004,
            0.023511,
            0.022662,
            0.02266552,
            0.02267197,
            0.02754715,
            0.02558094,
            0.032531689999999995,
            0.029361270000000002,
            0.02791748,
            0.02791748,
            0.02791748,
            0.02791748,
            0.02791748,
            0.02791748,
            0.02791748,
            0.04707093999999999,
            0.05291653,
            0.052035319999999996,
            0.045708359999999996,
            0.04318123,
            0.030681589999999998,
            0.030681589999999998,
            0.030681589999999998,
            0.04390232,
            0.04155521,
            0.048812470000000004,
            0.04339374,
            0.10290652,
            0.10071400999999999,
            0.09270558,
            0.09671821,
            0.10108833,
            0.12140382999999999,
            0.12140382999999999,
            0.12635691999999998,
            0.12190072,
            0.13847196,
            0.13333984999999998,
            0.12857959,
            0.10056402,
            0.09801925,
            0.10216570999999999,
            0.09927952,
            0.10187061,
            0.10125558,
            0.10664604,
            0.13244925000000002,
            0.14202021,
            0.13858397,
            0.13858397,
            0.13858397,
            0.15773083000000002,
            0.15773083000000002,
            0.1588889,
            0.16074617000000002,
            0.16635844,
            0.15101644,
            0.14927897,
            0.14075142000000002,
            0.10799887,
            0.11446471,
            0.11345281000000002,
            0.11995758000000001,
            0.11469662,
            0.11469106000000001,
            0.11401430000000001,
            0.11252434,
            0.11048844000000001,
            0.12205244000000001,
            0.12205244000000001,
            0.12331142,
            0.11570133,
            0.11258697000000001,
            0.11412694000000001,
            0.12060237000000001,
            0.12060237000000001,
            0.12113671000000001,
            0.12330338,
            0.12253043,
            0.12253043
        ],
        [
            0.024155670000000004,
            0.024155670000000004,
            0.03050162,
            0.02572231,
            0.0,
            0.00916757,
            0.04647662,
            0.035466450000000004,
            0.03461745,
            0.03462097,
            0.034627420000000006,
            0.0395026,
            0.03753639,
            0.04448714,
            0.04131672,
            0.03987293,
            0.03987293,
            0.03987293,
            0.03987293,
            0.03987293,
            0.03987293,
            0.03987293,
            0.05902639,
            0.06487198,
            0.06399077,
            0.057663809999999996,
            0.05513668,
            0.04263704,
            0.04263704,
            0.04263704,
            0.05585777,
            0.05351066,
            0.06076792,
            0.05534919,
            0.11486197000000001,
            0.11266946,
            0.10466102999999999,
            0.10867366,
            0.11304378,
            0.13335928,
            0.13335928,
            0.13831237,
            0.13385617,
            0.15042740999999998,
            0.1452953,
            0.14053504,
            0.11251946999999998,
            0.10997469999999998,
            0.11412116,
            0.11123496999999999,
            0.11382605999999999,
            0.11321102999999999,
            0.11860148999999999,
            0.1444047,
            0.15397566000000001,
            0.15053942,
            0.15053942,
            0.15053942,
            0.16968628000000002,
            0.16968628000000002,
            0.17084435,
            0.17270162,
            0.17831389,
            0.16297189,
            0.16123442,
            0.15270687,
            0.11995432,
            0.12642016,
            0.12540826,
            0.13191303,
            0.12665207,
            0.12664651,
            0.12596975,
            0.12447979,
            0.12244389,
            0.13400789,
            0.13400789,
            0.13526686999999998,
            0.12765678,
            0.12454241999999999,
            0.12608239,
            0.13255782,
            0.13255782,
            0.13309216,
            0.13525883,
            0.13448588,
            0.13448588
        ],
        [
            0.01618306,
            0.01618306,
            0.02252901,
            0.0177497,
            0.00916757,
            0.0,
            0.03850401,
            0.02749384,
            0.02664484,
            0.02664836,
            0.02665481,
            0.03152999,
            0.029563779999999998,
            0.036514529999999996,
            0.033344109999999996,
            0.031900319999999996,
            0.031900319999999996,
            0.031900319999999996,
            0.031900319999999996,
            0.031900319999999996,
            0.031900319999999996,
            0.031900319999999996,
            0.05105377999999999,
            0.05689937,
            0.05601816,
            0.04969119999999999,
            0.047164069999999995,
            0.034664429999999996,
            0.034664429999999996,
            0.034664429999999996,
            0.047885159999999996,
            0.04553805,
            0.05279531,
            0.047376579999999995,
            0.10688935999999999,
            0.10469685,
            0.09668842,
            0.10070104999999999,
            0.10507116999999999,
            0.12538666999999998,
            0.12538666999999998,
            0.13033975999999997,
            0.12588356,
            0.1424548,
            0.13732268999999997,
            0.13256242999999998,
            0.10454685999999999,
            0.10200208999999999,
            0.10614854999999998,
            0.10326235999999998,
            0.10585344999999999,
            0.10523841999999999,
            0.11062887999999999,
            0.13643209,
            0.14600305,
            0.14256681,
            0.14256681,
            0.14256681,
            0.16171367,
            0.16171367,
            0.16287174,
            0.16472901,
            0.17034127999999998,
            0.15499928,
            0.15326181,
            0.14473426,
            0.11198170999999998,
            0.11844754999999998,
            0.11743565,
            0.12394042,
            0.11867945999999999,
            0.1186739,
            0.11799714,
            0.11650717999999999,
            0.11447128,
            0.12603528,
            0.12603528,
            0.12729426,
            0.11968416999999999,
            0.11656981,
            0.11810978,
            0.12458521,
            0.12458521,
            0.12511955,
            0.12728622,
            0.12651326999999998,
            0.12651326999999998
        ],
        [
            0.03295453,
            0.03295453,
            0.03930048,
            0.034521170000000004,
            0.04647662,
            0.03850401,
            0.0,
            0.02134317,
            0.02049417,
            0.02049769,
            0.02050414,
            0.02537932,
            0.04294171,
            0.04989246,
            0.046722040000000006,
            0.045278250000000006,
            0.045278250000000006,
            0.045278250000000006,
            0.045278250000000006,
            0.045278250000000006,
            0.045278250000000006,
            0.045278250000000006,
            0.06443171,
            0.0702773,
            0.06939609,
            0.06306913,
            0.060542,
            0.048042360000000006,
            0.048042360000000006,
            0.048042360000000006,
            0.061263090000000006,
            0.05891598,
            0.06617324,
            0.06075451,
            0.12026729,
            0.11807477999999999,
            0.11006635,
            0.11407898,
            0.1184491,
            0.1387646,
            0.1387646,
            0.14371769,
            0.13926149,
            0.15583273,
            0.15070062,
            0.14594036,
            0.11792479,
            0.11538002,
            0.11952647999999999,
            0.11664029,
            0.11923138,
            0.11861635,
            0.12400681,
            0.14981002,
            0.15938098,
            0.15594474000000003,
            0.15594474000000003,
            0.15594474000000003,
            0.17509160000000001,
            0.17509160000000001,
            0.17624967000000002,
            0.17810694000000002,
            0.18371921000000002,
            0.16837721,
            0.16663974,
            0.15811219,
            0.12535964,
            0.13182548,
            0.13081358,
            0.13731835,
            0.13205739,
            0.13205183,
            0.13137507,
            0.12988511,
            0.12784921,
            0.13941321,
            0.13941321,
            0.14067219,
            0.13306210000000002,
            0.12994774,
            0.13148771,
            0.13796314,
            0.13796314,
            0.13849748,
            0.14066415,
            0.1398912,
            0.1398912
        ],
        [
            0.021944360000000003,
            0.021944360000000003,
            0.02829031,
            0.023511,
            0.035466450000000004,
            0.02749384,
            0.02134317,
            0.0,
            0.00453516,
            0.00453868,
            0.00454513,
            0.00942031,
            0.03193154,
            0.03888229,
            0.03571187000000001,
            0.034268080000000006,
            0.034268080000000006,
            0.034268080000000006,
            0.034268080000000006,
            0.034268080000000006,
            0.034268080000000006,
            0.034268080000000006,
            0.053421539999999997,
            0.05926713,
            0.05838592,
            0.05205896,
            0.04953183,
            0.03703219,
            0.03703219,
            0.03703219,
            0.050252920000000006,
            0.04790581,
            0.05516307,
            0.04974434,
            0.10925712,
            0.10706461,
            0.09905618,
            0.10306881,
            0.10743893,
            0.12775443,
            0.12775443,
            0.13270752,
            0.12825132,
            0.14482256,
            0.13969045,
            0.13493019,
            0.10691461999999999,
            0.10436984999999999,
            0.10851631,
            0.10563012,
            0.10822121,
            0.10760618,
            0.11299664,
            0.13879985,
            0.14837081000000002,
            0.14493457,
            0.14493457,
            0.14493457,
            0.16408143000000003,
            0.16408143000000003,
            0.1652395,
            0.16709677,
            0.17270904,
            0.15736704,
            0.15562957,
            0.14710202,
            0.11434947000000001,
            0.12081531000000001,
            0.11980341,
            0.12630818,
            0.12104722000000001,
            0.12104166,
            0.1203649,
            0.11887494000000001,
            0.11683904,
            0.12840304,
            0.12840304,
            0.12966202,
            0.12205193,
            0.11893756999999999,
            0.12047754,
            0.12695297,
            0.12695297,
            0.12748731,
            0.12965398,
            0.12888103,
            0.12888103
        ],
        [
            0.02109536,
            0.02109536,
            0.02744131,
            0.022662,
            0.03461745,
            0.02664484,
            0.02049417,
            0.00453516,
            0.0,
            -7.75e-05,
            -7.105e-05,
            0.00480413,
            0.03108254,
            0.03803329,
            0.034862870000000004,
            0.033419080000000004,
            0.033419080000000004,
            0.033419080000000004,
            0.033419080000000004,
            0.033419080000000004,
            0.033419080000000004,
            0.033419080000000004,
            0.052572539999999994,
            0.05841813,
            0.05753692,
            0.05120996,
            0.048682829999999996,
            0.03618319,
            0.03618319,
            0.03618319,
            0.049403920000000004,
            0.04705681,
            0.05431407,
            0.048895339999999995,
            0.10840812,
            0.10621560999999999,
            0.09820717999999999,
            0.10221981,
            0.10658993,
            0.12690542999999999,
            0.12690542999999999,
            0.13185851999999998,
            0.12740232,
            0.14397356,
            0.13884144999999998,
            0.13408119,
            0.10606562,
            0.10352085,
            0.10766730999999999,
            0.10478111999999999,
            0.10737221,
            0.10675718,
            0.11214763999999999,
            0.13795085,
            0.14752181,
            0.14408557,
            0.14408557,
            0.14408557,
            0.16323243,
            0.16323243,
            0.1643905,
            0.16624777000000002,
            0.17186004,
            0.15651804,
            0.15478057,
            0.14625302,
            0.11350046999999999,
            0.11996630999999999,
            0.11895441000000001,
            0.12545918,
            0.12019822,
            0.12019266,
            0.11951590000000001,
            0.11802594,
            0.11599004,
            0.12755404,
            0.12755404,
            0.12881302,
            0.12120293,
            0.11808857,
            0.11962854,
            0.12610397,
            0.12610397,
            0.12663831,
            0.12880498,
            0.12803203,
            0.12803203
        ],
        [
            0.02109888,
            0.02109888,
            0.02744483,
            0.02266552,
            0.03462097,
            0.02664836,
            0.02049769,
            0.00453868,
            -7.75e-05,
            0.0,
            -0.00014855,
            0.00472663,
            0.03108606,
            0.03803681,
            0.03486639,
            0.0334226,
            0.0334226,
            0.0334226,
            0.0334226,
            0.0334226,
            0.0334226,
            0.0334226,
            0.052576059999999994,
            0.05842165,
            0.05754044,
            0.05121347999999999,
            0.048686349999999996,
            0.03618671,
            0.03618671,
            0.03618671,
            0.04940744,
            0.04706033,
            0.05431759,
            0.048898859999999995,
            0.10841164,
            0.10621913,
            0.09821069999999998,
            0.10222333,
            0.10659344999999999,
            0.12690895,
            0.12690895,
            0.13186203999999999,
            0.12740584,
            0.14397707999999998,
            0.13884496999999998,
            0.13408471,
            0.10606913999999998,
            0.10352436999999998,
            0.10767083,
            0.10478463999999998,
            0.10737572999999999,
            0.10676069999999999,
            0.11215115999999999,
            0.13795437,
            0.14752533,
            0.14408909,
            0.14408909,
            0.14408909,
            0.16323595000000002,
            0.16323595000000002,
            0.16439402,
            0.16625129,
            0.17186356,
            0.15652156,
            0.15478408999999999,
            0.14625654,
            0.11350399,
            0.11996983,
            0.11895792999999999,
            0.12546269999999998,
            0.12020174,
            0.12019617999999999,
            0.11951941999999999,
            0.11802946,
            0.11599356,
            0.12755756,
            0.12755756,
            0.12881653999999998,
            0.12120645,
            0.11809208999999998,
            0.11963205999999998,
            0.12610749,
            0.12610749,
            0.12664182999999998,
            0.1288085,
            0.12803555,
            0.12803555
        ],
        [
            0.02110533,
            0.02110533,
            0.02745128,
            0.02267197,
            0.034627420000000006,
            0.02665481,
            0.02050414,
            0.00454513,
            -7.105e-05,
            -0.00014855,
            0.0,
            0.00457808,
            0.031092509999999997,
            0.038043259999999995,
            0.03487284,
            0.03342905,
            0.03342905,
            0.03342905,
            0.03342905,
            0.03342905,
            0.03342905,
            0.03342905,
            0.05258250999999999,
            0.0584281,
            0.057546889999999996,
            0.05121993,
            0.048692799999999994,
            0.036193159999999995,
            0.036193159999999995,
            0.036193159999999995,
            0.04941389,
            0.047066779999999996,
            0.05432404,
            0.048905309999999994,
            0.10841809,
            0.10622557999999999,
            0.09821714999999999,
            0.10222977999999999,
            0.1065999,
            0.12691539999999998,
            0.12691539999999998,
            0.13186849,
            0.12741228999999998,
            0.14398353,
            0.13885142,
            0.13409116,
            0.10607559,
            0.10353082,
            0.10767727999999999,
            0.10479108999999999,
            0.10738218,
            0.10676714999999999,
            0.11215760999999999,
            0.13796081999999998,
            0.14753178,
            0.14409554000000002,
            0.14409554000000002,
            0.14409554000000002,
            0.1632424,
            0.1632424,
            0.16440047000000002,
            0.16625774000000001,
            0.17187001000000002,
            0.15652801,
            0.15479054,
            0.14626299,
            0.11351043999999999,
            0.11997627999999999,
            0.11896438000000001,
            0.12546915,
            0.12020818999999999,
            0.12020263,
            0.11952587,
            0.11803591,
            0.11600001,
            0.12756401,
            0.12756401,
            0.12882299,
            0.1212129,
            0.11809854,
            0.11963851,
            0.12611394,
            0.12611394,
            0.12664828,
            0.12881494999999998,
            0.128042,
            0.128042
        ],
        [
            0.02598051,
            0.02598051,
            0.03232646,
            0.02754715,
            0.0395026,
            0.03152999,
            0.02537932,
            0.00942031,
            0.00480413,
            0.00472663,
            0.00457808,
            0.0,
            0.03596769,
            0.042918439999999995,
            0.039748019999999995,
            0.038304229999999995,
            0.038304229999999995,
            0.038304229999999995,
            0.038304229999999995,
            0.038304229999999995,
            0.038304229999999995,
            0.038304229999999995,
            0.05745768999999999,
            0.06330327999999999,
            0.062422069999999996,
            0.05609510999999999,
            0.053567979999999994,
            0.041068339999999995,
            0.041068339999999995,
            0.041068339999999995,
            0.054289069999999995,
            0.051941959999999995,
            0.05919922,
            0.05378048999999999,
            0.11329327,
            0.11110075999999999,
            0.10309232999999998,
            0.10710496,
            0.11147507999999999,
            0.13179058,
            0.13179058,
            0.13674366999999998,
            0.13228747,
            0.14885871,
            0.14372659999999998,
            0.13896633999999997,
            0.11095076999999998,
            0.10840599999999997,
            0.11255246,
            0.10966626999999998,
            0.11225735999999999,
            0.11164232999999998,
            0.11703278999999998,
            0.142836,
            0.15240695999999998,
            0.14897072,
            0.14897072,
            0.14897072,
            0.16811758,
            0.16811758,
            0.16927565,
            0.17113292000000002,
            0.17674519,
            0.16140318999999997,
            0.15966572,
            0.15113817000000002,
            0.11838562,
            0.12485146,
            0.12383955999999999,
            0.13034432999999998,
            0.12508337,
            0.12507780999999998,
            0.12440104999999999,
            0.12291109,
            0.12087519,
            0.13243918999999998,
            0.13243918999999998,
            0.13369816999999998,
            0.12608808,
            0.12297371999999998,
            0.12451368999999998,
            0.13098912,
            0.13098912,
            0.13152345999999998,
            0.13369013,
            0.13291718,
            0.13291718
        ],
        [
            0.024014300000000002,
            0.024014300000000002,
            0.03036025,
            0.02558094,
            0.03753639,
            0.029563779999999998,
            0.04294171,
            0.03193154,
            0.03108254,
            0.03108606,
            0.031092509999999997,
            0.03596769,
            0.0,
            0.00916289,
            0.026051730000000002,
            0.024607940000000002,
            0.024607940000000002,
            0.024607940000000002,
            0.024607940000000002,
            0.024607940000000002,
            0.024607940000000002,
            0.024607940000000002,
            0.04604667999999999,
            0.051892270000000004,
            0.05101106,
            0.0446841,
            0.04215697,
            0.02965733,
            0.02965733,
            0.02965733,
            0.04287806,
            0.04053095,
            0.047788210000000005,
            0.04236948,
            0.10188226,
            0.09968975,
            0.09168132,
            0.09569395,
            0.10006407,
            0.12037956999999999,
            0.12037956999999999,
            0.12533265999999998,
            0.12087646,
            0.1374477,
            0.13231558999999998,
            0.12755533,
            0.09953976,
            0.09699499,
            0.10114145,
            0.09825526,
            0.10084635,
            0.10023132,
            0.10562178,
            0.13142499000000002,
            0.14099595,
            0.13755971,
            0.13755971,
            0.13755971,
            0.15670657000000002,
            0.15670657000000002,
            0.15786464,
            0.15972191000000002,
            0.16533418,
            0.14999218,
            0.14825471,
            0.13972716000000002,
            0.10697461,
            0.11344045,
            0.11242855000000002,
            0.11893332000000001,
            0.11367236,
            0.11366680000000001,
            0.11299004000000001,
            0.11150008,
            0.10946418000000001,
            0.12102818000000001,
            0.12102818000000001,
            0.12228716,
            0.11467707,
            0.11156271000000001,
            0.11310268000000001,
            0.11957811000000002,
            0.11957811000000002,
            0.12011245000000001,
            0.12227912,
            0.12150617,
            0.12150617
        ],
        [
            0.030965049999999997,
            0.030965049999999997,
            0.037311,
            0.032531689999999995,
            0.04448714,
            0.036514529999999996,
            0.04989246,
            0.03888229,
            0.03803329,
            0.03803681,
            0.038043259999999995,
            0.042918439999999995,
            0.00916289,
            0.0,
            0.03300248,
            0.03155869,
            0.03155869,
            0.03155869,
            0.03155869,
            0.03155869,
            0.03155869,
            0.03155869,
            0.05299742999999999,
            0.058843019999999996,
            0.057961809999999996,
            0.051634849999999996,
            0.049107719999999994,
            0.036608079999999994,
            0.036608079999999994,
            0.036608079999999994,
            0.04982881,
            0.047481699999999995,
            0.054738959999999996,
            0.04932022999999999,
            0.10883301,
            0.1066405,
            0.09863206999999999,
            0.10264469999999999,
            0.10701482,
            0.12733032,
            0.12733032,
            0.13228341,
            0.12782721,
            0.14439845,
            0.13926634,
            0.13450607999999997,
            0.10649050999999998,
            0.10394573999999998,
            0.1080922,
            0.10520600999999999,
            0.10779709999999999,
            0.10718206999999999,
            0.11257252999999999,
            0.13837574,
            0.1479467,
            0.14451046,
            0.14451046,
            0.14451046,
            0.16365732,
            0.16365732,
            0.16481539,
            0.16667266000000003,
            0.17228493,
            0.15694292999999998,
            0.15520546000000002,
            0.14667791000000002,
            0.11392536,
            0.1203912,
            0.1193793,
            0.12588407,
            0.12062311,
            0.12061754999999999,
            0.11994078999999999,
            0.11845083000000001,
            0.11641493,
            0.12797893,
            0.12797893,
            0.12923790999999998,
            0.12162782,
            0.11851345999999999,
            0.12005342999999999,
            0.12652886,
            0.12652886,
            0.1270632,
            0.12922987,
            0.12845692,
            0.12845692
        ],
        [
            0.02779463,
            0.02779463,
            0.034140580000000004,
            0.029361270000000002,
            0.04131672,
            0.033344109999999996,
            0.046722040000000006,
            0.03571187000000001,
            0.034862870000000004,
            0.03486639,
            0.03487284,
            0.039748019999999995,
            0.026051730000000002,
            0.03300248,
            0.0,
            0.00227981,
            0.00227981,
            0.00227981,
            0.00227981,
            0.00227981,
            0.00227981,
            0.00227981,
            0.04982701,
            0.0556726,
            0.05479139,
            0.04846443,
            0.0459373,
            0.03343766,
            0.03343766,
            0.03343766,
            0.04665839000000001,
            0.04431128,
            0.05156854,
            0.04614981,
            0.10566259,
            0.10347007999999999,
            0.09546165,
            0.09947428,
            0.1038444,
            0.12415989999999999,
            0.12415989999999999,
            0.12911298999999998,
            0.12465679,
            0.14122803,
            0.13609591999999998,
            0.13133566,
            0.10332009,
            0.10077532,
            0.10492177999999999,
            0.10203559,
            0.10462668,
            0.10401165,
            0.10940211,
            0.13520532000000002,
            0.14477628,
            0.14134004,
            0.14134004,
            0.14134004,
            0.16048690000000002,
            0.16048690000000002,
            0.16164497,
            0.16350224000000002,
            0.16911451,
            0.15377251,
            0.15203504,
            0.14350749000000002,
            0.11075494,
            0.11722078,
            0.11620888000000001,
            0.12271365000000001,
            0.11745269,
            0.11744713000000001,
            0.11677037000000001,
            0.11528041,
            0.11324451,
            0.12480851000000001,
            0.12480851000000001,
            0.12606749,
            0.1184574,
            0.11534304000000001,
            0.11688301000000001,
            0.12335844000000001,
            0.12335844000000001,
            0.12389278000000001,
            0.12605945000000002,
            0.1252865,
            0.1252865
        ],
        [
            0.02635084,
            0.02635084,
            0.03269679,
            0.02791748,
            0.03987293,
            0.031900319999999996,
            0.045278250000000006,
            0.034268080000000006,
            0.033419080000000004,
            0.0334226,
            0.03342905,
            0.038304229999999995,
            0.024607940000000002,
            0.03155869,
            0.00227981,
            0.0,
            0.0,
            0.0,
            0.0,
            0.0,
            0.0,
            0.0,
            0.04838322,
            0.05422881,
            0.0533476,
            0.04702064,
            0.04449351,
            0.03199387,
            0.03199387,
            0.03199387,
            0.04521460000000001,
            0.04286749,
            0.05012475,
            0.04470602,
            0.1042188,
            0.10202628999999999,
            0.09401786,
            0.09803049,
            0.10240061,
            0.12271610999999999,
            0.12271610999999999,
            0.12766919999999998,
            0.123213,
            0.13978424,
            0.13465212999999998,
            0.12989187,
            0.1018763,
            0.09933153,
            0.10347798999999999,
            0.1005918,
            0.10318289,
            0.10256786,
            0.10795832,
            0.13376153000000002,
            0.14333249,
            0.13989625,
            0.13989625,
            0.13989625,
            0.15904311000000002,
            0.15904311000000002,
            0.16020118,
            0.16205845000000002,
            0.16767072,
            0.15232872,
            0.15059125,
            0.14206370000000001,
            0.10931115,
            0.11577699,
            0.11476509000000001,
            0.12126986000000001,
            0.1160089,
            0.11600334000000001,
            0.11532658000000001,
            0.11383662,
            0.11180072,
            0.12336472000000001,
            0.12336472000000001,
            0.1246237,
            0.11701361,
            0.11389925000000001,
            0.11543922000000001,
            0.12191465000000001,
            0.12191465000000001,
            0.12244899000000001,
            0.12461566,
