{
    "NEXUS_FILE_URL": "http://purl.org/phylo/treebase/phylows/study/TB2:S12493",
    "NEWICK_TREE": "((((((((((((((((5:0.013637919167351187,6:0.02235057876086935):0.01209177953296256,22:0.045043033948124395):0.018691770212528214,((17:0.011154923770348935,18:0.0034276157058176215):0.009940042732077159,19:0.02489166221260286):0.007257211102352001):0.004292783168325431,((15:0.19979239409110522,33:0.016841948087230857):0.013473053895708936,27:0.023037188845728557):0.006169717671415276):0.007354214588490449,(7:0.013771366839771149,1:0.0020159302777018606):0.017975762339629053):8.764601858181065E-4,((((26:0.00936701271491508,31:0.03733537451082175):0.022864914103608414,8:0.03941935345924705):0.0022363017181650513,24:0.007578421385270567):0.019709750823037248,((3:0.0018932341397517038,32:0.005403889488544034):0.020631456748818555,4:0.017248055268926393):0.007013318548690972):0.001964514059087097):0.004007477180890839,((10:0.012191114815810034,11:0.006852487996399648):0.006912416065903704,(21:0.021067977273621752,34:0.010254461590305186):0.005497559858371581):1.3598231300981922E-6):0.003337885796877771,16:0.00514603280016851):0.0033542170737071997,(30:0.1558304907195552,28:0.03327090341858499):0.009903248257225633):0.0012803101939660166,2:0.035880223349387674):1.3598231300981922E-6,29:1.359823130042681E-6):0.006148735984222414,13:0.03778275905800335):6.883833548278762E-4,(23:0.07772512741467327,14:0.0028621041733875863):0.022571656260544998):0.005285202337161149,20:0.005524951017558483):0.028957986357286386,25:0.05140855892240606):0.027919226329048488,(((12:0.02809260414740089,36:0.01741119017615897):0.02757058062270981,9:0.13067569555549471):0.027604013963666463,35:0.15522658421972294):0.027919226329048488);",
    "DISTANCE_MATRIX": [
        [
            0.0,
            0.035988497928220536,
            0.07077273264843814,
            0.07277364651762006,
            0.06504633845308874,
            0.07657034222779682,
            0.2681494177393968,
            0.08519897173552246,
            0.07792115859831122,
            0.08781559584905804,
            0.07606015928698875,
            0.11308742027428884,
            0.1410557820701955,
            0.12027484691501239,
            0.08619761312287086,
            0.08844745035182427,
            0.0919581057006166,
            0.08317081473218041,
            0.08005729474121062,
            0.07471866792180024,
            0.08751930099149022,
            0.07670578530817365,
            0.06943632263341307,
            0.2333782458837326,
            0.11081865858276238,
            0.10480504045030545,
            0.06892753674717791,
            0.11285767196627364,
            0.17606007993831643,
            0.10119705669703075,
            0.0865734496178178,
            0.16141504387995176,
            0.24911213634941987,
            0.23843072237817792,
            0.3241246471348039,
            0.32107152183536564
        ],
        [
            0.035988497928220536,
            0.0,
            0.0794853922419563,
            0.08148630611113822,
            0.0737589980466069,
            0.08528300182131499,
            0.276862077332915,
            0.09391163132904062,
            0.08663381819182939,
            0.0965282554425762,
            0.08477281888050692,
            0.121800079867807,
            0.14976844166371367,
            0.12898750650853055,
            0.09491027271638902,
            0.09716010994534244,
            0.10067076529413477,
            0.09188347432569857,
            0.08876995433472878,
            0.0834313275153184,
            0.09623196058500838,
            0.08541844490169181,
            0.07814898222693123,
            0.24209090547725076,
            0.11953131817628054,
            0.11351770004382361,
            0.07764019634069608,
            0.1215703315597918,
            0.1847727395318346,
            0.10990971629054891,
            0.09528610921133596,
            0.17012770347346992,
            0.257824795942938,
            0.24714338197169605,
            0.332837306728322,
            0.32978418142888377
        ],
        [
            0.07077273264843814,
            0.0794853922419563,
            0.0,
            0.0920869817654307,
            0.08435967370089939,
            0.09588367747560747,
            0.28746275298720747,
            0.10451230698333311,
            0.09723449384612187,
            0.10712893109686869,
            0.0953734945347994,
            0.13240075552209948,
            0.16036911731800615,
            0.13958818216282304,
            0.1055109483706815,
            0.10776078559963492,
            0.11127144094842725,
            0.10248414997999106,
            0.09937062998902127,
            0.09403200316961088,
            0.10683263623930087,
            0.0960191205559843,
            0.08874965788122371,
            0.2526915811315432,
            0.13013199383057303,
            0.1241183756981161,
            0.08824087199498856,
            0.13217100721408429,
            0.19537341518612708,
            0.1205103919448414,
            0.10588678486562844,
            0.1807283791277624,
            0.2684254715972305,
            0.25774405762598857,
            0.3434379823826145,
            0.3403848570831763
        ],
        [
            0.07277364651762006,
            0.08148630611113822,
            0.0920869817654307,
            0.0,
            0.014582539476166556,
            0.045986628715028954,
            0.25208012643133293,
            0.0691296804274586,
            0.06185186729024736,
            0.07174630454099418,
            0.05999086797892489,
            0.09701812896622497,
            0.12498649076213164,
            0.10420555560694852,
            0.070128321814807,
            0.07237815904376041,
            0.07588881439255274,
            0.06710152342411654,
            0.06398800343314676,
            0.05864937661373637,
            0.07145000968342635,
            0.060636494000109786,
            0.0533670313253492,
            0.21730895457566873,
            0.09474936727469851,
            0.08873574914224158,
            0.05285824543911405,
            0.09678838065820977,
            0.15999078863025257,
            0.08512776538896688,
            0.07050415830975393,
            0.1453457525718879,
            0.23304284504135597,
            0.22236143107011405,
            0.30805535582674,
            0.30500223052730174
        ],
        [
            0.06504633845308874,
            0.0737589980466069,
            0.08435967370089939,
            0.014582539476166556,
            0.0,
            0.03825932065049764,
            0.24435281836680164,
            0.06140237236292728,
            0.054124559225716046,
            0.06401899647646286,
            0.052263559914393576,
            0.08929082090169366,
            0.11725918269760033,
            0.09647824754241721,
            0.06240101375027568,
            0.0646508509792291,
            0.06816150632802143,
            0.05937421535958523,
            0.05626069536861544,
            0.05092206854920506,
            0.06372270161889504,
            0.05290918593557847,
            0.04563972326081789,
            0.20958164651113742,
            0.0870220592101672,
            0.08100844107771027,
            0.045130937374582736,
            0.08906107259367846,
            0.15226348056572125,
            0.07740045732443557,
            0.06277685024522262,
            0.13761844450735658,
            0.22531553697682466,
            0.21463412300558274,
            0.30032804776220867,
            0.29727492246277043
        ],
        [
            0.07657034222779682,
            0.08528300182131499,
            0.09588367747560747,
            0.045986628715028954,
            0.03825932065049764,
            0.0,
            0.25587682214150975,
            0.07292637613763536,
            0.06564856300042413,
            0.07554300025117094,
            0.06378756368910166,
            0.10081482467640174,
            0.1287831864723084,
            0.10800225131712529,
            0.07392501752498376,
            0.07617485475393718,
            0.0796855101027295,
            0.07089821913429331,
            0.06778469914332352,
            0.06244607232391314,
            0.07524670539360312,
            0.06443318971028655,
            0.05716372703552597,
            0.2211056502858455,
            0.09854606298487528,
            0.09253244485241835,
            0.056654941149290816,
            0.10058507636838654,
            0.16378748434042933,
            0.08892446109914365,
            0.0743008540199307,
            0.14914244828206466,
            0.23683954075153274,
            0.2261581267802908,
            0.31185205153691675,
            0.3087989262374785
        ],
        [
            0.2681494177393968,
            0.276862077332915,
            0.28746275298720747,
            0.25208012643133293,
            0.24435281836680164,
            0.25587682214150975,
            0.0,
            0.21663434217833608,
            0.2363026368325427,
            0.25853650942612005,
            0.2467810728640508,
            0.28380833385135085,
            0.3117766956472575,
            0.29099576049207443,
            0.25691852669993287,
            0.2591683639288863,
            0.26267901927767867,
            0.25389172830924245,
            0.2507782083182727,
            0.24543958149886227,
            0.2582402145685523,
            0.2474266988852357,
            0.2401572362104751,
            0.40409915946079467,
            0.2815395721598244,
            0.27552595402736746,
            0.23964845032423995,
            0.2835785855433357,
            0.3467809935153785,
            0.2719179702740928,
            0.25729436319487986,
            0.33213595745701374,
            0.41983304992648185,
            0.4091516359552399,
            0.49484556071186586,
            0.4917924354124276
        ],
        [
            0.08519897173552246,
            0.09391163132904062,
            0.10451230698333311,
            0.0691296804274586,
            0.06140237236292728,
            0.07292637613763536,
            0.21663434217833608,
            0.0,
            0.05335219082866835,
            0.07558606342224572,
            0.06383062686017643,
            0.10085788784747651,
            0.12882624964338318,
            0.10804531448820007,
            0.07396808069605854,
            0.07621791792501195,
            0.07972857327380428,
            0.07094128230536809,
            0.0678277623143983,
            0.06248913549498791,
            0.0752897685646779,
            0.06447625288136133,
            0.057206790206600744,
            0.22114871345692028,
            0.09858912615595006,
            0.09257550802349312,
            0.05669800432036559,
            0.10062813953946131,
            0.1638305475115041,
            0.08896752427021842,
            0.07434391719100547,
            0.14918551145313944,
            0.23688260392260752,
            0.22620118995136557,
            0.3118951147079915,
            0.3088419894085533
        ],
        [
            0.07792115859831122,
            0.08663381819182939,
            0.09723449384612187,
            0.06185186729024736,
            0.054124559225716046,
            0.06564856300042413,
            0.2363026368325427,
            0.05335219082866835,
            0.0,
            0.06830825028503448,
            0.056552813722965195,
            0.09358007471026528,
            0.12154843650617195,
            0.10076750135098883,
            0.0666902675588473,
            0.06894010478780072,
            0.07245076013659305,
            0.06366346916815685,
            0.06054994917718706,
            0.055211322357776677,
            0.06801195542746666,
            0.05719843974415009,
            0.04992897706938951,
            0.21387090031970904,
            0.09131131301873882,
            0.08529769488628189,
            0.049420191183154355,
            0.09335032640225008,
            0.15655273437429287,
            0.08168971113300719,
            0.06706610405379423,
            0.1419076983159282,
            0.22960479078539628,
            0.21892337681415436,
            0.3046173015707803,
            0.3015641762713421
        ],
        [
            0.08781559584905804,
            0.0965282554425762,
            0.10712893109686869,
            0.07174630454099418,
            0.06401899647646286,
            0.07554300025117094,
            0.25853650942612005,
            0.07558606342224572,
            0.06830825028503448,
            0.0,
            0.01578729711747301,
            0.0887660827840312,
            0.11673444457993787,
            0.09595350942475475,
            0.06187627563261322,
            0.06412611286156664,
            0.06763676821035897,
            0.05884947724192277,
            0.05573595725095298,
            0.0503973304315426,
            0.06319796350123258,
            0.05238444781791601,
            0.04511498514315543,
            0.20905690839347496,
            0.08649732109250474,
            0.08048370296004781,
            0.044606199256920276,
            0.088536334476016,
            0.1517387424480588,
            0.07687571920677311,
            0.062252112127560155,
            0.13709370638969412,
            0.2247907988591622,
            0.21410938488792028,
            0.2998033096445462,
            0.29675018434510797
        ],
        [
            0.07606015928698875,
            0.08477281888050692,
            0.0953734945347994,
            0.05999086797892489,
            0.052263559914393576,
            0.06378756368910166,
            0.2467810728640508,
            0.06383062686017643,
            0.056552813722965195,
            0.01578729711747301,
            0.0,
            0.07701064622196191,
            0.10497900801786858,
            0.08419807286268546,
            0.05012083907054393,
            0.05237067629949735,
            0.05588133164828968,
            0.04709404067985348,
            0.043980520688883695,
            0.03864189386947331,
            0.05144252693916329,
            0.040629011255846725,
            0.03335954858108614,
            0.19730147183140567,
            0.07474188453043545,
            0.06872826639797852,
            0.03285076269485099,
            0.07678089791394671,
            0.1399833058859895,
            0.06512028264470382,
            0.05049667556549087,
            0.12533826982762483,
            0.2130353622970929,
            0.202353948325851,
            0.2880478730824769,
            0.2849947477830387
        ],
        [
            0.11308742027428884,
            0.121800079867807,
            0.13240075552209948,
            0.09701812896622497,
            0.08929082090169366,
            0.10081482467640174,
            0.28380833385135085,
            0.10085788784747651,
            0.09358007471026528,
            0.0887660827840312,
            0.07701064622196191,
            0.0,
            0.04670238722573683,
            0.07165128027777054,
            0.04204664992195911,
            0.08371598879698702,
            0.08722664414577935,
            0.07843935317734316,
            0.07925486130454756,
            0.07391623448513718,
            0.08671686755482716,
            0.0759033518715106,
            0.06863388919675001,
            0.23257581244706954,
            0.11001622514609932,
            0.10400260701364239,
            0.06812510331051486,
            0.11205523852961058,
            0.17525764650165337,
            0.10039462326036769,
            0.08577101618115474,
            0.1606126104432887,
            0.24830970291275678,
            0.23762828894151483,
            0.3233222136981408,
            0.32026908839870255
        ],
        [
            0.1410557820701955,
            0.14976844166371367,
            0.16036911731800615,
            0.12498649076213164,
            0.11725918269760033,
            0.1287831864723084,
            0.3117766956472575,
            0.12882624964338318,
            0.12154843650617195,
            0.11673444457993787,
            0.10497900801786858,
            0.04670238722573683,
            0.0,
            0.09961964207367721,
            0.07001501171786578,
            0.1116843505928937,
            0.11519500594168602,
            0.10640771497324983,
            0.10722322310045423,
            0.10188459628104385,
            0.11468522935073383,
            0.10387171366741726,
            0.09660225099265668,
            0.2605441742429762,
            0.137984586942006,
            0.13197096880954906,
            0.09609346510642153,
            0.14002360032551725,
            0.20322600829756005,
            0.12836298505627436,
            0.1137393779770614,
            0.18858097223919537,
            0.27627806470866345,
            0.2655966507374215,
            0.35129057549404746,
            0.3482374501946092
        ],
        [
            0.12027484691501239,
            0.12898750650853055,
            0.13958818216282304,
            0.10420555560694852,
            0.09647824754241721,
            0.10800225131712529,
            0.29099576049207443,
            0.10804531448820007,
            0.10076750135098883,
            0.09595350942475475,
            0.08419807286268546,
            0.07165128027777054,
            0.09961964207367721,
            0.0,
            0.049234076562682666,
            0.09090341543771058,
            0.09441407078650291,
            0.08562677981806671,
            0.08644228794527112,
            0.08110366112586073,
            0.09390429419555071,
            0.08309077851223415,
            0.07582131583747356,
            0.2397632390877931,
            0.11720365178682288,
            0.11119003365436594,
            0.07531252995123841,
            0.11924266517033413,
            0.18244507314237693,
            0.10758204990109124,
            0.09295844282187829,
            0.16780003708401225,
            0.25549712955348036,
            0.2448157155822384,
            0.3305096403388644,
            0.32745651503942613
        ],
        [
            0.08619761312287086,
            0.09491027271638902,
            0.1055109483706815,
            0.070128321814807,
            0.06240101375027568,
            0.07392501752498376,
            0.25691852669993287,
            0.07396808069605854,
            0.0666902675588473,
            0.06187627563261322,
            0.05012083907054393,
            0.04204664992195911,
            0.07001501171786578,
            0.049234076562682666,
            0.0,
            0.056826181645569046,
            0.060336836994361376,
            0.05154954602592518,
            0.05236505415312959,
            0.0470264273337192,
            0.05982706040340918,
            0.04901354472009262,
            0.04174408204533203,
            0.20568600529565156,
            0.08312641799468135,
            0.07711279986222441,
            0.04123529615909688,
            0.0851654313781926,
            0.1483678393502354,
            0.07350481610894971,
            0.05888120902973676,
            0.13372280329187072,
            0.2214198957613388,
            0.21073848179009688,
            0.2964324065467228,
            0.2933792812472846
        ],
        [
            0.08844745035182427,
            0.09716010994534244,
            0.10776078559963492,
            0.07237815904376041,
            0.0646508509792291,
            0.07617485475393718,
            0.2591683639288863,
            0.07621791792501195,
            0.06894010478780072,
            0.06412611286156664,
            0.05237067629949735,
            0.08371598879698702,
            0.1116843505928937,
            0.09090341543771058,
            0.056826181645569046,
            0.0,
            0.0072971236282957375,
            0.03977274615749665,
            0.054614891382083,
            0.04927626456267262,
            0.0620768976323626,
            0.05126338194904603,
            0.04399391927428545,
            0.20793584252460498,
            0.08537625522363476,
            0.07936263709117783,
            0.043485133388050295,
            0.08741526860714602,
            0.15061767657918881,
            0.07575465333790313,
            0.061131046258690175,
            0.13597264052082414,
            0.22366973299029222,
            0.2129883190190503,
            0.29868224377567626,
            0.295629118476238
        ],
        [
            0.0919581057006166,
            0.10067076529413477,
            0.11127144094842725,
            0.07588881439255274,
            0.06816150632802143,
            0.0796855101027295,
            0.26267901927767867,
            0.07972857327380428,
            0.07245076013659305,
            0.06763676821035897,
            0.05588133164828968,
            0.08722664414577935,
            0.11519500594168602,
            0.09441407078650291,
            0.060336836994361376,
            0.0072971236282957375,
            0.0,
            0.04328340150628898,
            0.05812554673087533,
            0.05278691991146495,
            0.06558755298115493,
            0.05477403729783836,
            0.04750457462307778,
            0.2114464978733973,
            0.08888691057242709,
            0.08287329243997016,
            0.046995788736842625,
            0.09092592395593835,
            0.15412833192798114,
            0.07926530868669546,
            0.0646417016074825,
            0.13948329586961647,
            0.22718038833908455,
            0.21649897436784263,
            0.30219289912446856,
            0.2991397738250303
        ],
        [
            0.08317081473218041,
            0.09188347432569857,
            0.10248414997999106,
            0.06710152342411654,
            0.05937421535958523,
            0.07089821913429331,
            0.25389172830924245,
            0.07094128230536809,
            0.06366346916815685,
            0.05884947724192277,
            0.04709404067985348,
            0.07843935317734316,
            0.10640771497324983,
            0.08562677981806671,
            0.05154954602592518,
            0.03977274615749665,
            0.04328340150628898,
            0.0,
            0.04933825576243914,
            0.04399962894302875,
            0.05680026201271873,
            0.04598674632940217,
            0.03871728365464158,
            0.20265920690496111,
            0.0800996196039909,
            0.07408600147153396,
            0.03820849776840643,
            0.08213863298750215,
            0.14534104095954495,
            0.07047801771825926,
            0.05585441063904631,
            0.13069600490118027,
            0.21839309737064835,
            0.20771168339940643,
            0.2934056081560324,
            0.29035248285659415
        ],
        [
            0.08005729474121062,
            0.08876995433472878,
            0.09937062998902127,
            0.06398800343314676,
            0.05626069536861544,
            0.06778469914332352,
            0.2507782083182727,
            0.0678277623143983,
            0.06054994917718706,
            0.05573595725095298,
            0.043980520688883695,
            0.07925486130454756,
            0.10722322310045423,
            0.08644228794527112,
            0.05236505415312959,
            0.054614891382083,
            0.05812554673087533,
            0.04933825576243914,
            0.0,
            0.01904360281220968,
            0.04566906801370707,
            0.034855552330390505,
            0.027588809301890116,
            0.19153073255220965,
            0.06897114525123943,
            0.0629575271187825,
            0.027080023415654964,
            0.07101015863475069,
            0.13421256660679348,
            0.059349543365507795,
            0.04472593628629484,
            0.11956753054842881,
            0.2072646230178969,
            0.19658320904665497,
            0.2822771338032809,
            0.27922400850384266
        ],
        [
            0.07471866792180024,
            0.0834313275153184,
            0.09403200316961088,
            0.05864937661373637,
            0.05092206854920506,
            0.06244607232391314,
            0.24543958149886227,
            0.06248913549498791,
            0.055211322357776677,
            0.0503973304315426,
            0.03864189386947331,
            0.07391623448513718,
            0.10188459628104385,
            0.08110366112586073,
            0.0470264273337192,
            0.04927626456267262,
            0.05278691991146495,
            0.04399962894302875,
            0.01904360281220968,
            0.0,
            0.040330441194296685,
            0.02951692551098012,
            0.02225018248247973,
            0.18619210573279926,
            0.06363251843182904,
            0.05761890029937211,
            0.021741396596244578,
            0.0656715318153403,
            0.1288739397873831,
            0.05401091654609741,
            0.03938730946688446,
            0.11422890372901842,
            0.2019259961984865,
            0.19124458222724458,
            0.2769385069838705,
            0.27388538168443227
        ],
        [
            0.08751930099149022,
            0.09623196058500838,
            0.10683263623930087,
            0.07145000968342635,
            0.06372270161889504,
            0.07524670539360312,
            0.2582402145685523,
            0.0752897685646779,
            0.06801195542746666,
            0.06319796350123258,
            0.05144252693916329,
            0.08671686755482716,
            0.11468522935073383,
            0.09390429419555071,
            0.05982706040340918,
            0.0620768976323626,
            0.06558755298115493,
            0.05680026201271873,
            0.04566906801370707,
            0.040330441194296685,
            0.0,
            0.03132243886392694,
            0.03505081555216971,
            0.19899273880248924,
            0.07643315150151903,
            0.07041953336906209,
            0.03454202966593456,
            0.07847216488503028,
            0.14167457285707308,
            0.06681154961578739,
            0.05218794253657444,
            0.1270295367987084,
            0.21472662926817648,
            0.20404521529693456,
            0.2897391400535605,
            0.28668601475412225
        ],
        [
            0.07670578530817365,
            0.08541844490169181,
            0.0960191205559843,
            0.060636494000109786,
            0.05290918593557847,
            0.06443318971028655,
            0.2474266988852357,
            0.06447625288136133,
            0.05719843974415009,
            0.05238444781791601,
            0.040629011255846725,
            0.0759033518715106,
            0.10387171366741726,
            0.08309077851223415,
            0.04901354472009262,
            0.05126338194904603,
            0.05477403729783836,
            0.04598674632940217,
            0.034855552330390505,
            0.02951692551098012,
            0.03132243886392694,
            0.0,
            0.024237299868853146,
            0.18817922311917268,
            0.06561963581820246,
            0.05960601768574553,
            0.023728513982617994,
            0.06765864920171372,
            0.1308610571737565,
            0.055998033932470825,
            0.04137442685325787,
            0.11621602111539184,
            0.20391311358485992,
            0.193231699613618,
            0.27892562437024393,
            0.2758724990708057
        ],
        [
            0.06943632263341307,
            0.07814898222693123,
            0.08874965788122371,
            0.0533670313253492,
            0.04563972326081789,
            0.05716372703552597,
            0.2401572362104751,
            0.057206790206600744,
            0.04992897706938951,
            0.04511498514315543,
            0.03335954858108614,
            0.06863388919675001,
            0.09660225099265668,
            0.07582131583747356,
            0.04174408204533203,
            0.04399391927428545,
            0.04750457462307778,
            0.03871728365464158,
            0.027588809301890116,
            0.02225018248247973,
            0.03505081555216971,
            0.024237299868853146,
            0.0,
            0.17423398885065655,
            0.05167440154968633,
            0.0456607834172294,
            0.009783279714101867,
            0.05371341493319759,
            0.11691582290524039,
            0.0420527996639547,
            0.027429192584741746,
            0.10227078684687571,
            0.1899678793163438,
            0.17928646534510187,
            0.2649803901017278,
            0.26192726480228956
        ],
        [
            0.2333782458837326,
            0.24209090547725076,
            0.2526915811315432,
            0.21730895457566873,
            0.20958164651113742,
            0.2211056502858455,
            0.40409915946079467,
            0.22114871345692028,
            0.21387090031970904,
            0.20905690839347496,
            0.19730147183140567,
            0.23257581244706954,
            0.2605441742429762,
            0.2397632390877931,
            0.20568600529565156,
            0.20793584252460498,
            0.2114464978733973,
            0.20265920690496111,
            0.19153073255220965,
            0.18619210573279926,
            0.19899273880248924,
            0.18817922311917268,
            0.17423398885065655,
            0.0,
            0.1891013941381402,
            0.20289427252013453,
            0.167016768817007,
            0.21094690403610272,
            0.2741493120081455,
            0.19928628876685983,
            0.18466268168764688,
            0.25950427594978087,
            0.3472013684192489,
            0.336519954448007,
            0.42221387920463294,
            0.4191607539051947
        ],
        [
            0.11081865858276238,
            0.11953131817628054,
            0.13013199383057303,
            0.09474936727469851,
            0.0870220592101672,
            0.09854606298487528,
            0.2815395721598244,
            0.09858912615595006,
            0.09131131301873882,
            0.08649732109250474,
            0.07474188453043545,
            0.11001622514609932,
            0.137984586942006,
            0.11720365178682288,
            0.08312641799468135,
            0.08537625522363476,
            0.08888691057242709,
            0.0800996196039909,
            0.06897114525123943,
            0.06363251843182904,
            0.07643315150151903,
            0.06561963581820246,
            0.05167440154968633,
            0.1891013941381402,
            0.0,
            0.08033468521916431,
            0.04445718151603678,
            0.0883873167351325,
            0.1515897247071753,
            0.07672670146588961,
            0.06210309438667666,
            0.13694468864881063,
            0.2246417811182787,
            0.21396036714703678,
            0.2996542919036627,
            0.2966011666042245
        ],
        [
            0.10480504045030545,
            0.11351770004382361,
            0.1241183756981161,
            0.08873574914224158,
            0.08100844107771027,
            0.09253244485241835,
            0.27552595402736746,
            0.09257550802349312,
            0.08529769488628189,
            0.08048370296004781,
            0.06872826639797852,
            0.10400260701364239,
            0.13197096880954906,
            0.11119003365436594,
            0.07711279986222441,
            0.07936263709117783,
            0.08287329243997016,
            0.07408600147153396,
            0.0629575271187825,
            0.05761890029937211,
            0.07041953336906209,
            0.05960601768574553,
            0.0456607834172294,
            0.20289427252013453,
            0.08033468521916431,
            0.0,
            0.035882942995647815,
            0.07981307821474354,
            0.14301548618678633,
            0.06815246294550065,
            0.053528855866287695,
            0.12837045012842166,
            0.21606754259788974,
            0.20538612862664782,
            0.29108005338327375,
            0.2880269280838355
        ],
        [
            0.06892753674717791,
            0.07764019634069608,
            0.08824087199498856,
            0.05285824543911405,
            0.045130937374582736,
            0.056654941149290816,
            0.23964845032423995,
            0.05669800432036559,
            0.049420191183154355,
            0.044606199256920276,
            0.03285076269485099,
            0.06812510331051486,
            0.09609346510642153,
            0.07531252995123841,
            0.04123529615909688,
            0.043485133388050295,
            0.046995788736842625,
            0.03820849776840643,
            0.027080023415654964,
            0.021741396596244578,
            0.03454202966593456,
            0.023728513982617994,
            0.009783279714101867,
            0.167016768817007,
            0.04445718151603678,
            0.035882942995647815,
            0.0,
            0.04393285486535581,
            0.1071352628373986,
            0.03227223959611292,
            0.017648632516899965,
            0.09249022677903393,
            0.180187319248502,
            0.1695059052772601,
            0.255199830033886,
            0.2521467047344478
        ],
        [
            0.11285767196627364,
            0.1215703315597918,
            0.13217100721408429,
            0.09678838065820977,
            0.08906107259367846,
            0.10058507636838654,
            0.2835785855433357,
            0.10062813953946131,
            0.09335032640225008,
            0.088536334476016,
            0.07678089791394671,
            0.11205523852961058,
            0.14002360032551725,
            0.11924266517033413,
            0.0851654313781926,
            0.08741526860714602,
            0.09092592395593835,
            0.08213863298750215,
            0.07101015863475069,
            0.0656715318153403,
            0.07847216488503028,
            0.06765864920171372,
            0.05371341493319759,
            0.21094690403610272,
            0.0883873167351325,
            0.07981307821474354,
            0.04393285486535581,
            0.0,
            0.1387679260880495,
            0.06390490284676381,
            0.04928129576755086,
            0.12412289002968482,
            0.2118199824991529,
            0.20113856852791098,
            0.2868324932845369,
            0.2837793679850987
        ],
        [
            0.17606007993831643,
            0.1847727395318346,
            0.19537341518612708,
            0.15999078863025257,
            0.15226348056572125,
            0.16378748434042933,
            0.3467809935153785,
            0.1638305475115041,
            0.15655273437429287,
            0.1517387424480588,
            0.1399833058859895,
            0.17525764650165337,
            0.20322600829756005,
            0.18244507314237693,
            0.1483678393502354,
            0.15061767657918881,
            0.15412833192798114,
            0.14534104095954495,
            0.13421256660679348,
            0.1288739397873831,
            0.14167457285707308,
            0.1308610571737565,
            0.11691582290524039,
            0.2741493120081455,
            0.1515897247071753,
            0.14301548618678633,
            0.1071352628373986,
            0.1387679260880495,
            0.0,
            0.08058723158806086,
            0.1111069370299379,
            0.18594853129207187,
            0.27364562376153995,
            0.262964209790298,
            0.34865813454692396,
            0.3456050092474857
        ],
        [
            0.10119705669703075,
            0.10990971629054891,
            0.1205103919448414,
            0.08512776538896688,
            0.07740045732443557,
            0.08892446109914365,
            0.2719179702740928,
            0.08896752427021842,
            0.08168971113300719,
            0.07687571920677311,
            0.06512028264470382,
            0.10039462326036769,
            0.12836298505627436,
            0.10758204990109124,
            0.07350481610894971,
            0.07575465333790313,
            0.07926530868669546,
            0.07047801771825926,
            0.059349543365507795,
            0.05401091654609741,
            0.06681154961578739,
            0.055998033932470825,
            0.0420527996639547,
            0.19928628876685983,
            0.07672670146588961,
            0.06815246294550065,
            0.03227223959611292,
            0.06390490284676381,
            0.08058723158806086,
            0.0,
            0.036243913788652216,
            0.11108550805078618,
            0.19878260052025426,
            0.18810118654901234,
            0.2737951113056383,
            0.27074198600620003
        ],
        [
            0.0865734496178178,
            0.09528610921133596,
            0.10588678486562844,
            0.07050415830975393,
            0.06277685024522262,
            0.0743008540199307,
            0.25729436319487986,
            0.07434391719100547,
            0.06706610405379423,
            0.062252112127560155,
            0.05049667556549087,
            0.08577101618115474,
            0.1137393779770614,
            0.09295844282187829,
            0.05888120902973676,
            0.061131046258690175,
            0.0646417016074825,
            0.05585441063904631,
            0.04472593628629484,
            0.03938730946688446,
            0.05218794253657444,
            0.04137442685325787,
            0.027429192584741746,
            0.18466268168764688,
            0.06210309438667666,
            0.053528855866287695,
            0.017648632516899965,
            0.04928129576755086,
            0.1111069370299379,
            0.036243913788652216,
            0.0,
            0.08589149629725093,
            0.173588588766719,
            0.1629071747954771,
            0.24860109955210302,
            0.24554797425266478
        ],
        [
            0.16141504387995176,
            0.17012770347346992,
            0.1807283791277624,
            0.1453457525718879,
            0.13761844450735658,
            0.14914244828206466,
            0.33213595745701374,
            0.14918551145313944,
            0.1419076983159282,
            0.13709370638969412,
            0.12533826982762483,
            0.1606126104432887,
            0.18858097223919537,
            0.16780003708401225,
            0.13372280329187072,
            0.13597264052082414,
            0.13948329586961647,
            0.13069600490118027,
            0.11956753054842881,
            0.11422890372901842,
            0.1270295367987084,
            0.11621602111539184,
            0.10227078684687571,
            0.25950427594978087,
            0.13694468864881063,
            0.12837045012842166,
            0.09249022677903393,
            0.12412289002968482,
            0.18594853129207187,
            0.11108550805078618,
            0.08589149629725093,
            0.0,
            0.1905142103142802,
            0.17983279634303828,
            0.26552672109966424,
            0.262473595800226
        ],
        [
            0.24911213634941987,
            0.257824795942938,
            0.2684254715972305,
            0.23304284504135597,
            0.22531553697682466,
            0.23683954075153274,
            0.41983304992648185,
            0.23688260392260752,
