{
    "NEXUS_FILE_URL": "http://purl.org/phylo/treebase/phylows/study/TB2:S11435",
    "NEWICK_TREE": "(71:0.03597893,((72:0.01159199,(((40:0.00108428,(39:1.0E-8,((27:1.0E-8,(((23:1.0E-8,66:1.0E-8):1.0E-8,65:1.0E-8):1.0E-8,67:1.0E-8):1.0E-8):1.0E-8,31:1.0E-8):1.0E-8):0.00108584):0.00108235,20:1.0E-8):0.00119931,(((36:1.0E-8,(((22:1.0E-8,9:1.0E-8):1.0E-8,((((62:1.0E-8,29:1.0E-8):1.0E-8,(37:1.0E-8,18:1.0E-8):1.0E-8):1.0E-8,(((25:1.0E-8,32:1.0E-8):1.0E-8,(34:1.0E-8,63:1.0E-8):1.0E-8):1.0E-8,60:1.0E-8):1.0E-8):1.0E-8,(28:1.0E-8,26:0.0022045):1.0E-8):0.00110271):1.0E-8,(41:1.0E-8,(48:1.0E-8,24:1.0E-8):1.0E-8):1.0E-8):1.0E-8):1.0E-8,(((43:1.0E-8,59:1.0E-8):1.0E-8,(((30:1.0E-8,6:1.0E-8):1.0E-8,47:1.0E-8):1.0E-8,4:1.0E-8):1.0E-8):0.00224292,(((1:1.0E-8,7:1.0E-8):1.0E-8,(21:1.0E-8,44:1.0E-8):1.0E-8):1.0E-8,3:1.0E-8):0.00108554):0.00111812):0.00336871,(((57:1.0E-8,58:1.0E-8):1.0E-8,(50:1.0E-8,((56:1.0E-8,(54:1.0E-8,(55:1.0E-8,(49:1.0E-8,52:1.0E-8):0.00109222):1.0E-8):1.0E-8):1.0E-8,(51:1.0E-8,53:1.0E-8):1.0E-8):1.0E-8):1.0E-8):0.00219866,((((14:1.0E-8,64:1.0E-8):1.0E-8,(((17:1.0E-8,11:1.0E-8):1.0E-8,10:0.00108875):1.0E-8,61:1.0E-8):1.0E-8):1.0E-8,(70:1.0E-8,(((12:1.0E-8,(38:1.0E-8,(16:1.0E-8,((45:1.0E-8,42:1.0E-8):1.0E-8,46:1.0E-8):1.0E-8):1.0E-8):1.0E-8):1.0E-8,(((19:1.0E-8,2:1.0E-8):1.0E-8,68:1.0E-8):1.0E-8,((8:1.0E-8,(5:1.0E-8,15:1.0E-8):1.0E-8):1.0E-8,(33:1.0E-8,69:1.0E-8):1.0E-8):1.0E-8):1.0E-8):1.0E-8,13:1.0E-8):1.0E-8):1.0E-8):1.0E-8,35:0.00109018):0.00109547):0.00111837):0.00207817):0.01454319):0.02192787,73:0.03303085):0.00884671,74:0.15838814);",
    "DISTANCE_MATRIX": [
        [
            0,
            0.0783455,
            0.08466264,
            0.08466420999999999,
            0.08466423,
            0.08466425999999999,
            0.08466425999999999,
            0.08466425,
            0.08466424,
            0.08466422,
            0.08249602,
            0.0867436,
            0.08674363,
            0.08674363,
            0.08784636,
            0.08784636,
            0.08784636,
            0.08784636,
            0.08784637,
            0.08784637,
            0.08784637,
            0.08784637,
            0.08784634999999999,
            0.08784634,
            0.09005083,
            0.08674362,
            0.08674363,
            0.08674363,
            0.09010464,
            0.09010464,
            0.09010466,
            0.09010466,
            0.09010465,
            0.09010464,
            0.08894727,
            0.08894727,
            0.08894727,
            0.08894727,
            0.08894725,
            0.08669191999999999,
            0.08669191999999999,
            0.08669191999999999,
            0.08669194,
            0.08669194999999999,
            0.08669196,
            0.08778417999999999,
            0.08778417999999999,
            0.08669194,
            0.08669194,
            0.08558874999999999,
            0.08558874999999999,
            0.08558877,
            0.08558877,
            0.08667749999999999,
            0.08558874999999999,
            0.08558874,
            0.08558877,
            0.08558878,
            0.08558879,
            0.08558881,
            0.08558881,
            0.08558879999999999,
            0.08558879,
            0.08558879,
            0.08558878,
            0.08558879,
            0.08558879999999999,
            0.08558879999999999,
            0.08558879,
            0.08558879,
            0.08558874999999999,
            0.08667889,
            0.07785649,
            0.19436707
        ],
        [
            0.0783455,
            0,
            0.02950112,
            0.029502689999999998,
            0.029502709999999998,
            0.02950274,
            0.02950274,
            0.02950273,
            0.02950272,
            0.0295027,
            0.027334499999999998,
            0.03158208,
            0.03158211,
            0.03158211,
            0.03268484,
            0.03268484,
            0.03268484,
            0.03268484,
            0.03268485,
            0.03268485,
            0.03268485,
            0.03268485,
            0.03268483,
            0.03268482,
            0.03488930999999999,
            0.0315821,
            0.03158211,
            0.03158211,
            0.034943119999999994,
            0.034943119999999994,
            0.03494314,
            0.03494314,
            0.03494313,
            0.034943119999999994,
            0.03378575,
            0.03378575,
            0.03378575,
            0.03378575,
            0.03378573,
            0.0315304,
            0.0315304,
            0.0315304,
            0.03153042,
            0.03153043,
            0.03153044,
            0.03262266,
            0.03262266,
            0.03153042,
            0.03153042,
            0.03042723,
            0.03042723,
            0.03042725,
            0.03042725,
            0.03151598,
            0.03042723,
            0.03042722,
            0.03042725,
            0.03042726,
            0.03042727,
            0.03042729,
            0.03042729,
            0.030427279999999998,
            0.03042727,
            0.03042727,
            0.03042726,
            0.03042727,
            0.030427279999999998,
            0.030427279999999998,
            0.03042727,
            0.03042727,
            0.03042723,
            0.03151737,
            0.06655071,
            0.20075471
        ],
        [
            0.08466264,
            0.02950112,
            0,
            0.00217013,
            0.00217015,
            0.00217018,
            0.00217018,
            0.00217017,
            0.00217016,
            0.00217014,
            0.00216664,
            0.008812839999999999,
            0.00881287,
            0.00881287,
            0.0099156,
            0.0099156,
            0.0099156,
            0.0099156,
            0.00991561,
            0.00991561,
            0.00991561,
            0.00991561,
            0.00991559,
            0.00991558,
            0.01212007,
            0.00881286,
            0.00881287,
            0.00881287,
            0.012173880000000002,
            0.012173880000000002,
            0.012173900000000001,
            0.012173900000000001,
            0.01217389,
            0.012173880000000002,
            0.01101651,
            0.01101651,
            0.01101651,
            0.01101651,
            0.01101649,
            0.00876116,
            0.00876116,
            0.00876116,
            0.00876118,
            0.00876119,
            0.0087612,
            0.00985342,
            0.00985342,
            0.00876118,
            0.00876118,
            0.007657990000000001,
            0.007657990000000001,
            0.007658010000000001,
            0.007658010000000001,
            0.00874674,
            0.007657990000000001,
            0.007657980000000001,
            0.007658010000000001,
            0.007658020000000001,
            0.0076580300000000006,
            0.0076580500000000004,
            0.0076580500000000004,
            0.0076580400000000005,
            0.0076580300000000006,
            0.0076580300000000006,
            0.007658020000000001,
            0.0076580300000000006,
            0.0076580400000000005,
            0.0076580400000000005,
            0.0076580300000000006,
            0.0076580300000000006,
            0.007657990000000001,
            0.00874813,
            0.07286785,
            0.20707185
        ],
        [
            0.08466420999999999,
            0.029502689999999998,
            0.00217013,
            0,
            4e-08,
            6.999999999999999e-08,
            6.999999999999999e-08,
            6e-08,
            5e-08,
            3.0000000000000004e-08,
            0.00216821,
            0.008814409999999998,
            0.00881444,
            0.00881444,
            0.00991717,
            0.00991717,
            0.00991717,
            0.00991717,
            0.00991718,
            0.00991718,
            0.00991718,
            0.00991718,
            0.00991716,
            0.00991715,
            0.01212164,
            0.00881443,
            0.00881444,
            0.00881444,
            0.01217545,
            0.01217545,
            0.01217547,
            0.01217547,
            0.012175459999999999,
            0.01217545,
            0.01101808,
            0.01101808,
            0.01101808,
            0.01101808,
            0.01101806,
            0.00876273,
            0.00876273,
            0.00876273,
            0.00876275,
            0.00876276,
            0.00876277,
            0.00985499,
            0.00985499,
            0.00876275,
            0.00876275,
            0.00765956,
            0.00765956,
            0.00765958,
            0.00765958,
            0.008748309999999999,
            0.00765956,
            0.00765955,
            0.00765958,
            0.00765959,
            0.0076596,
            0.00765962,
            0.00765962,
            0.00765961,
            0.0076596,
            0.0076596,
            0.00765959,
            0.0076596,
            0.00765961,
            0.00765961,
            0.0076596,
            0.0076596,
            0.00765956,
            0.0087497,
            0.07286941999999999,
            0.20707342
        ],
        [
            0.08466423,
            0.029502709999999998,
            0.00217015,
            4e-08,
            0,
            5e-08,
            5e-08,
            4e-08,
            3.0000000000000004e-08,
            3.0000000000000004e-08,
            0.00216823,
            0.00881443,
            0.00881446,
            0.00881446,
            0.00991719,
            0.00991719,
            0.00991719,
            0.00991719,
            0.009917200000000001,
            0.009917200000000001,
            0.009917200000000001,
            0.009917200000000001,
            0.009917180000000001,
            0.00991717,
            0.01212166,
            0.008814450000000001,
            0.00881446,
            0.00881446,
            0.01217547,
            0.01217547,
            0.01217549,
            0.01217549,
            0.012175479999999999,
            0.01217547,
            0.0110181,
            0.0110181,
            0.0110181,
            0.0110181,
            0.01101808,
            0.00876275,
            0.00876275,
            0.00876275,
            0.00876277,
            0.008762780000000001,
            0.00876279,
            0.00985501,
            0.00985501,
            0.00876277,
            0.00876277,
            0.007659580000000001,
            0.007659580000000001,
            0.007659600000000001,
            0.007659600000000001,
            0.00874833,
            0.007659580000000001,
            0.007659570000000001,
            0.007659600000000001,
            0.007659610000000001,
            0.007659620000000001,
            0.0076596400000000005,
            0.0076596400000000005,
            0.007659630000000001,
            0.007659620000000001,
            0.007659620000000001,
            0.007659610000000001,
            0.007659620000000001,
            0.007659630000000001,
            0.007659630000000001,
            0.007659620000000001,
            0.007659620000000001,
            0.007659580000000001,
            0.00874972,
            0.07286944,
            0.20707344
        ],
        [
            0.08466425999999999,
            0.02950274,
            0.00217018,
            6.999999999999999e-08,
            5e-08,
            0,
            2e-08,
            3.0000000000000004e-08,
            4e-08,
            6e-08,
            0.00216826,
            0.00881446,
            0.008814490000000001,
            0.008814490000000001,
            0.009917220000000001,
            0.009917220000000001,
            0.009917220000000001,
            0.009917220000000001,
            0.009917229999999999,
            0.009917229999999999,
            0.009917229999999999,
            0.009917229999999999,
            0.00991721,
            0.009917200000000001,
            0.01212169,
            0.00881448,
            0.008814490000000001,
            0.008814490000000001,
            0.0121755,
            0.0121755,
            0.01217552,
            0.01217552,
            0.012175509999999999,
            0.0121755,
            0.011018130000000001,
            0.011018130000000001,
            0.011018130000000001,
            0.011018130000000001,
            0.011018110000000001,
            0.00876278,
            0.00876278,
            0.00876278,
            0.008762800000000001,
            0.00876281,
            0.008762820000000001,
            0.009855039999999999,
            0.009855039999999999,
            0.008762800000000001,
            0.008762800000000001,
            0.007659610000000001,
            0.007659610000000001,
            0.007659630000000001,
            0.007659630000000001,
            0.00874836,
            0.007659610000000001,
            0.007659600000000001,
            0.007659630000000001,
            0.0076596400000000005,
            0.0076596500000000005,
            0.00765967,
            0.00765967,
            0.00765966,
            0.0076596500000000005,
            0.0076596500000000005,
            0.0076596400000000005,
            0.0076596500000000005,
            0.00765966,
            0.00765966,
            0.0076596500000000005,
            0.0076596500000000005,
            0.007659610000000001,
            0.00874975,
            0.07286946999999999,
            0.20707347
        ],
        [
            0.08466425999999999,
            0.02950274,
            0.00217018,
            6.999999999999999e-08,
            5e-08,
            2e-08,
            0,
            3.0000000000000004e-08,
            4e-08,
            6e-08,
            0.00216826,
            0.00881446,
            0.008814490000000001,
            0.008814490000000001,
            0.009917220000000001,
            0.009917220000000001,
            0.009917220000000001,
            0.009917220000000001,
            0.009917229999999999,
            0.009917229999999999,
            0.009917229999999999,
            0.009917229999999999,
            0.00991721,
            0.009917200000000001,
            0.01212169,
            0.00881448,
            0.008814490000000001,
            0.008814490000000001,
            0.0121755,
            0.0121755,
            0.01217552,
            0.01217552,
            0.012175509999999999,
            0.0121755,
            0.011018130000000001,
            0.011018130000000001,
            0.011018130000000001,
            0.011018130000000001,
            0.011018110000000001,
            0.00876278,
            0.00876278,
            0.00876278,
            0.008762800000000001,
            0.00876281,
            0.008762820000000001,
            0.009855039999999999,
            0.009855039999999999,
            0.008762800000000001,
            0.008762800000000001,
            0.007659610000000001,
            0.007659610000000001,
            0.007659630000000001,
            0.007659630000000001,
            0.00874836,
            0.007659610000000001,
            0.007659600000000001,
            0.007659630000000001,
            0.0076596400000000005,
            0.0076596500000000005,
            0.00765967,
            0.00765967,
            0.00765966,
            0.0076596500000000005,
            0.0076596500000000005,
            0.0076596400000000005,
            0.0076596500000000005,
            0.00765966,
            0.00765966,
            0.0076596500000000005,
            0.0076596500000000005,
            0.007659610000000001,
            0.00874975,
            0.07286946999999999,
            0.20707347
        ],
        [
            0.08466425,
            0.02950273,
            0.00217017,
            6e-08,
            4e-08,
            3.0000000000000004e-08,
            3.0000000000000004e-08,
            0,
            3.0000000000000004e-08,
            5e-08,
            0.00216825,
            0.00881445,
            0.00881448,
            0.00881448,
            0.00991721,
            0.00991721,
            0.00991721,
            0.00991721,
            0.009917220000000001,
            0.009917220000000001,
            0.009917220000000001,
            0.009917220000000001,
            0.009917200000000001,
            0.00991719,
            0.01212168,
            0.008814470000000001,
            0.00881448,
            0.00881448,
            0.01217549,
            0.01217549,
            0.01217551,
            0.01217551,
            0.012175499999999999,
            0.01217549,
            0.01101812,
            0.01101812,
            0.01101812,
            0.01101812,
            0.0110181,
            0.00876277,
            0.00876277,
            0.00876277,
            0.00876279,
            0.008762800000000001,
            0.00876281,
            0.00985503,
            0.00985503,
            0.00876279,
            0.00876279,
            0.007659600000000001,
            0.007659600000000001,
            0.007659620000000001,
            0.007659620000000001,
            0.00874835,
            0.007659600000000001,
            0.007659590000000001,
            0.007659620000000001,
            0.007659630000000001,
            0.0076596400000000005,
            0.00765966,
            0.00765966,
            0.0076596500000000005,
            0.0076596400000000005,
            0.0076596400000000005,
            0.007659630000000001,
            0.0076596400000000005,
            0.0076596500000000005,
            0.0076596500000000005,
            0.0076596400000000005,
            0.0076596400000000005,
            0.007659600000000001,
            0.00874974,
            0.07286946,
            0.20707346000000001
        ],
        [
            0.08466424,
            0.02950272,
            0.00217016,
            5e-08,
            3.0000000000000004e-08,
            4e-08,
            4e-08,
            3.0000000000000004e-08,
            0,
            4e-08,
            0.00216824,
            0.00881444,
            0.008814470000000001,
            0.008814470000000001,
            0.009917200000000001,
            0.009917200000000001,
            0.009917200000000001,
            0.009917200000000001,
            0.00991721,
            0.00991721,
            0.00991721,
            0.00991721,
            0.00991719,
            0.009917180000000001,
            0.01212167,
            0.00881446,
            0.008814470000000001,
            0.008814470000000001,
            0.01217548,
            0.01217548,
            0.0121755,
            0.0121755,
            0.012175489999999999,
            0.01217548,
            0.011018110000000001,
            0.011018110000000001,
            0.011018110000000001,
            0.011018110000000001,
            0.011018090000000001,
            0.00876276,
            0.00876276,
            0.00876276,
            0.008762780000000001,
            0.00876279,
            0.008762800000000001,
            0.009855019999999999,
            0.009855019999999999,
            0.008762780000000001,
            0.008762780000000001,
            0.007659590000000001,
            0.007659590000000001,
            0.007659610000000001,
            0.007659610000000001,
            0.00874834,
            0.007659590000000001,
            0.007659580000000001,
            0.007659610000000001,
            0.007659620000000001,
            0.007659630000000001,
            0.0076596500000000005,
            0.0076596500000000005,
            0.0076596400000000005,
            0.007659630000000001,
            0.007659630000000001,
            0.007659620000000001,
            0.007659630000000001,
            0.0076596400000000005,
            0.0076596400000000005,
            0.007659630000000001,
            0.007659630000000001,
            0.007659590000000001,
            0.00874973,
            0.07286945,
            0.20707345000000002
        ],
        [
            0.08466422,
            0.0295027,
            0.00217014,
            3.0000000000000004e-08,
            3.0000000000000004e-08,
            6e-08,
            6e-08,
            5e-08,
            4e-08,
            0,
            0.00216822,
            0.00881442,
            0.008814450000000001,
            0.008814450000000001,
            0.009917180000000001,
            0.009917180000000001,
            0.009917180000000001,
            0.009917180000000001,
            0.00991719,
            0.00991719,
            0.00991719,
            0.00991719,
            0.00991717,
            0.009917160000000001,
            0.01212165,
            0.00881444,
            0.008814450000000001,
            0.008814450000000001,
            0.01217546,
            0.01217546,
            0.01217548,
            0.01217548,
            0.012175469999999999,
            0.01217546,
            0.011018090000000001,
            0.011018090000000001,
            0.011018090000000001,
            0.011018090000000001,
            0.011018070000000001,
            0.00876274,
            0.00876274,
            0.00876274,
            0.008762760000000001,
            0.00876277,
            0.008762780000000001,
            0.009855,
            0.009855,
            0.008762760000000001,
            0.008762760000000001,
            0.007659570000000001,
            0.007659570000000001,
            0.007659590000000001,
            0.007659590000000001,
            0.00874832,
            0.007659570000000001,
            0.007659560000000001,
            0.007659590000000001,
            0.007659600000000001,
            0.007659610000000001,
            0.007659630000000001,
            0.007659630000000001,
            0.007659620000000001,
            0.007659610000000001,
            0.007659610000000001,
            0.007659600000000001,
            0.007659610000000001,
            0.007659620000000001,
            0.007659620000000001,
            0.007659610000000001,
            0.007659610000000001,
            0.007659570000000001,
            0.00874971,
            0.07286943,
            0.20707343
        ],
        [
            0.08249602,
            0.027334499999999998,
            0.00216664,
            0.00216821,
            0.00216823,
            0.00216826,
            0.00216826,
            0.00216825,
            0.00216824,
            0.00216822,
            0,
            0.0066462199999999996,
            0.00664625,
            0.00664625,
            0.00774898,
            0.00774898,
            0.00774898,
            0.00774898,
            0.00774899,
            0.00774899,
            0.00774899,
            0.00774899,
            0.00774897,
            0.00774896,
            0.009953449999999999,
            0.00664624,
            0.00664625,
            0.00664625,
            0.01000726,
            0.01000726,
            0.01000728,
            0.01000728,
            0.010007269999999999,
            0.01000726,
            0.00884989,
            0.00884989,
            0.00884989,
            0.00884989,
            0.00884987,
            0.006594539999999999,
            0.006594539999999999,
            0.006594539999999999,
            0.00659456,
            0.00659457,
            0.00659458,
            0.0076868,
            0.0076868,
            0.00659456,
            0.00659456,
            0.005491370000000001,
            0.005491370000000001,
            0.0054913900000000005,
            0.0054913900000000005,
            0.00658012,
            0.005491370000000001,
            0.005491360000000001,
            0.0054913900000000005,
            0.0054914000000000004,
            0.00549141,
            0.00549143,
            0.00549143,
            0.00549142,
            0.00549141,
            0.00549141,
            0.0054914000000000004,
            0.00549141,
            0.00549142,
            0.00549142,
            0.00549141,
            0.00549141,
            0.005491370000000001,
            0.0065815100000000005,
            0.07070123,
            0.20490523
        ],
        [
            0.0867436,
            0.03158208,
            0.008812839999999999,
            0.008814409999999998,
            0.00881443,
            0.00881446,
            0.00881446,
            0.00881445,
            0.00881444,
            0.00881442,
            0.0066462199999999996,
            0,
            5e-08,
            5e-08,
            0.0011027799999999998,
            0.0011027799999999998,
            0.0011027799999999998,
            0.0011027799999999998,
            0.0011027899999999998,
            0.0011027899999999998,
            0.0011027899999999998,
            0.0011027899999999998,
            0.0011027699999999999,
            0.00110276,
            0.0033072499999999994,
            4e-08,
            5e-08,
            5e-08,
            0.00336108,
            0.00336108,
            0.0033610999999999997,
            0.0033610999999999997,
            0.0033610899999999997,
            0.00336108,
            0.0022037100000000002,
            0.0022037100000000002,
            0.0022037100000000002,
            0.0022037100000000002,
            0.00220369,
            0.00668578,
            0.00668578,
            0.00668578,
            0.0066858,
            0.00668581,
            0.00668582,
            0.00777804,
            0.00777804,
            0.0066858,
            0.0066858,
            0.00558261,
            0.00558261,
            0.00558263,
            0.00558263,
            0.0066713599999999994,
            0.00558261,
            0.0055826,
            0.00558263,
            0.00558264,
            0.00558265,
            0.00558267,
            0.00558267,
            0.00558266,
            0.00558265,
            0.00558265,
            0.00558264,
            0.00558265,
            0.00558266,
            0.00558266,
            0.00558265,
            0.00558265,
            0.00558261,
            0.00667275,
            0.07494881,
            0.20915281000000002
        ],
        [
            0.08674363,
            0.03158211,
            0.00881287,
            0.00881444,
            0.00881446,
            0.008814490000000001,
            0.008814490000000001,
            0.00881448,
            0.008814470000000001,
            0.008814450000000001,
            0.00664625,
            5e-08,
            0,
            2e-08,
            0.00110277,
            0.00110277,
            0.00110277,
            0.00110277,
            0.00110278,
            0.00110278,
            0.00110278,
            0.00110278,
            0.0011027600000000002,
            0.0011027500000000002,
            0.0033072399999999995,
            5.0000000000000004e-08,
            6.000000000000001e-08,
            6.000000000000001e-08,
            0.00336111,
            0.00336111,
            0.00336113,
            0.00336113,
            0.00336112,
            0.00336111,
            0.0022037400000000005,
            0.0022037400000000005,
            0.0022037400000000005,
            0.0022037400000000005,
            0.00220372,
            0.00668581,
            0.00668581,
            0.00668581,
            0.00668583,
            0.00668584,
            0.00668585,
            0.00777807,
            0.00777807,
            0.00668583,
            0.00668583,
            0.00558264,
            0.00558264,
            0.005582660000000001,
            0.005582660000000001,
            0.00667139,
            0.00558264,
            0.00558263,
            0.005582660000000001,
            0.0055826700000000005,
            0.0055826800000000005,
            0.0055827,
            0.0055827,
            0.00558269,
            0.0055826800000000005,
            0.0055826800000000005,
            0.0055826700000000005,
            0.0055826800000000005,
            0.00558269,
            0.00558269,
            0.0055826800000000005,
            0.0055826800000000005,
            0.00558264,
            0.00667278,
            0.07494884,
            0.20915284
        ],
        [
            0.08674363,
            0.03158211,
            0.00881287,
            0.00881444,
            0.00881446,
            0.008814490000000001,
            0.008814490000000001,
            0.00881448,
            0.008814470000000001,
            0.008814450000000001,
            0.00664625,
            5e-08,
            2e-08,
            0,
            0.00110277,
            0.00110277,
            0.00110277,
            0.00110277,
            0.00110278,
            0.00110278,
            0.00110278,
            0.00110278,
            0.0011027600000000002,
            0.0011027500000000002,
            0.0033072399999999995,
            5.0000000000000004e-08,
            6.000000000000001e-08,
            6.000000000000001e-08,
            0.00336111,
            0.00336111,
            0.00336113,
            0.00336113,
            0.00336112,
            0.00336111,
            0.0022037400000000005,
            0.0022037400000000005,
            0.0022037400000000005,
            0.0022037400000000005,
            0.00220372,
            0.00668581,
            0.00668581,
            0.00668581,
            0.00668583,
            0.00668584,
            0.00668585,
            0.00777807,
            0.00777807,
            0.00668583,
            0.00668583,
            0.00558264,
            0.00558264,
            0.005582660000000001,
            0.005582660000000001,
            0.00667139,
            0.00558264,
            0.00558263,
            0.005582660000000001,
            0.0055826700000000005,
            0.0055826800000000005,
            0.0055827,
            0.0055827,
            0.00558269,
            0.0055826800000000005,
            0.0055826800000000005,
            0.0055826700000000005,
            0.0055826800000000005,
            0.00558269,
            0.00558269,
            0.0055826800000000005,
            0.0055826800000000005,
            0.00558264,
            0.00667278,
            0.07494884,
            0.20915284
        ],
        [
            0.08784636,
            0.03268484,
            0.0099156,
            0.00991717,
            0.00991719,
            0.009917220000000001,
            0.009917220000000001,
            0.00991721,
            0.009917200000000001,
            0.009917180000000001,
            0.00774898,
            0.0011027799999999998,
            0.00110277,
            0.00110277,
            0,
            2e-08,
            4e-08,
            4e-08,
            7e-08,
            7e-08,
            7e-08,
            7e-08,
            5.0000000000000004e-08,
            6.000000000000001e-08,
            0.00220455,
            0.00110278,
            0.00110279,
            0.00110279,
            0.00446384,
            0.00446384,
            0.00446386,
            0.00446386,
            0.00446385,
            0.00446384,
            0.00330647,
            0.00330647,
            0.00330647,
            0.00330647,
            0.00330645,
            0.00778854,
            0.00778854,
            0.00778854,
            0.00778856,
            0.00778857,
            0.00778858,
            0.0088808,
            0.0088808,
            0.00778856,
            0.00778856,
            0.0066853699999999995,
            0.0066853699999999995,
            0.00668539,
            0.00668539,
            0.00777412,
            0.0066853699999999995,
            0.00668536,
            0.00668539,
            0.0066854,
            0.00668541,
            0.00668543,
            0.00668543,
            0.00668542,
            0.00668541,
            0.00668541,
            0.0066854,
            0.00668541,
            0.00668542,
            0.00668542,
            0.00668541,
            0.00668541,
            0.0066853699999999995,
            0.007775509999999999,
            0.07605157,
            0.21025557
        ],
        [
            0.08784636,
            0.03268484,
            0.0099156,
            0.00991717,
            0.00991719,
            0.009917220000000001,
            0.009917220000000001,
            0.00991721,
            0.009917200000000001,
            0.009917180000000001,
            0.00774898,
            0.0011027799999999998,
            0.00110277,
            0.00110277,
            2e-08,
            0,
            4e-08,
            4e-08,
            7e-08,
            7e-08,
            7e-08,
            7e-08,
            5.0000000000000004e-08,
            6.000000000000001e-08,
            0.00220455,
            0.00110278,
            0.00110279,
            0.00110279,
            0.00446384,
            0.00446384,
            0.00446386,
            0.00446386,
            0.00446385,
            0.00446384,
            0.00330647,
            0.00330647,
            0.00330647,
            0.00330647,
            0.00330645,
            0.00778854,
            0.00778854,
            0.00778854,
            0.00778856,
            0.00778857,
            0.00778858,
            0.0088808,
            0.0088808,
            0.00778856,
            0.00778856,
            0.0066853699999999995,
            0.0066853699999999995,
            0.00668539,
            0.00668539,
            0.00777412,
            0.0066853699999999995,
            0.00668536,
            0.00668539,
            0.0066854,
            0.00668541,
            0.00668543,
            0.00668543,
            0.00668542,
            0.00668541,
            0.00668541,
            0.0066854,
            0.00668541,
            0.00668542,
            0.00668542,
            0.00668541,
            0.00668541,
            0.0066853699999999995,
            0.007775509999999999,
            0.07605157,
            0.21025557
        ],
        [
            0.08784636,
            0.03268484,
            0.0099156,
            0.00991717,
            0.00991719,
            0.009917220000000001,
            0.009917220000000001,
            0.00991721,
            0.009917200000000001,
            0.009917180000000001,
            0.00774898,
            0.0011027799999999998,
            0.00110277,
            0.00110277,
            4e-08,
            4e-08,
            0,
            2e-08,
            7e-08,
            7e-08,
            7e-08,
            7e-08,
            5.0000000000000004e-08,
            6.000000000000001e-08,
            0.00220455,
            0.00110278,
            0.00110279,
            0.00110279,
            0.00446384,
            0.00446384,
            0.00446386,
            0.00446386,
            0.00446385,
            0.00446384,
            0.00330647,
            0.00330647,
            0.00330647,
            0.00330647,
            0.00330645,
            0.00778854,
            0.00778854,
            0.00778854,
            0.00778856,
            0.00778857,
            0.00778858,
            0.0088808,
            0.0088808,
            0.00778856,
            0.00778856,
            0.0066853699999999995,
            0.0066853699999999995,
            0.00668539,
            0.00668539,
            0.00777412,
            0.0066853699999999995,
            0.00668536,
            0.00668539,
            0.0066854,
            0.00668541,
            0.00668543,
            0.00668543,
            0.00668542,
            0.00668541,
            0.00668541,
            0.0066854,
            0.00668541,
            0.00668542,
            0.00668542,
            0.00668541,
            0.00668541,
            0.0066853699999999995,
            0.007775509999999999,
            0.07605157,
            0.21025557
        ],
        [
            0.08784636,
            0.03268484,
            0.0099156,
            0.00991717,
            0.00991719,
            0.009917220000000001,
            0.009917220000000001,
            0.00991721,
            0.009917200000000001,
            0.009917180000000001,
            0.00774898,
            0.0011027799999999998,
            0.00110277,
            0.00110277,
            4e-08,
            4e-08,
            2e-08,
            0,
            7e-08,
            7e-08,
            7e-08,
            7e-08,
            5.0000000000000004e-08,
            6.000000000000001e-08,
            0.00220455,
            0.00110278,
            0.00110279,
            0.00110279,
            0.00446384,
            0.00446384,
            0.00446386,
            0.00446386,
            0.00446385,
            0.00446384,
            0.00330647,
            0.00330647,
            0.00330647,
            0.00330647,
            0.00330645,
            0.00778854,
            0.00778854,
            0.00778854,
            0.00778856,
            0.00778857,
            0.00778858,
            0.0088808,
            0.0088808,
            0.00778856,
            0.00778856,
            0.0066853699999999995,
            0.0066853699999999995,
            0.00668539,
            0.00668539,
            0.00777412,
            0.0066853699999999995,
            0.00668536,
            0.00668539,
            0.0066854,
            0.00668541,
            0.00668543,
            0.00668543,
            0.00668542,
            0.00668541,
            0.00668541,
            0.0066854,
            0.00668541,
            0.00668542,
            0.00668542,
            0.00668541,
            0.00668541,
            0.0066853699999999995,
            0.007775509999999999,
            0.07605157,
            0.21025557
        ],
        [
            0.08784637,
            0.03268485,
            0.00991561,
            0.00991718,
            0.009917200000000001,
            0.009917229999999999,
            0.009917229999999999,
            0.009917220000000001,
            0.00991721,
            0.00991719,
            0.00774899,
            0.0011027899999999998,
            0.00110278,
            0.00110278,
            7e-08,
            7e-08,
            7e-08,
            7e-08,
            0,
            2e-08,
            4e-08,
            4e-08,
            4e-08,
            6.999999999999999e-08,
            0.00220456,
            0.00110279,
            0.0011028,
            0.0011028,
            0.00446385,
            0.00446385,
            0.00446387,
            0.00446387,
            0.00446386,
            0.00446385,
            0.00330648,
            0.00330648,
            0.00330648,
            0.00330648,
            0.0033064599999999998,
            0.00778855,
            0.00778855,
            0.00778855,
            0.00778857,
            0.00778858,
            0.00778859,
            0.00888081,
            0.00888081,
            0.00778857,
            0.00778857,
            0.0066853799999999994,
            0.0066853799999999994,
            0.0066854,
            0.0066854,
            0.00777413,
            0.0066853799999999994,
            0.0066853699999999995,
            0.0066854,
            0.00668541,
            0.00668542,
            0.00668544,
            0.00668544,
            0.00668543,
            0.00668542,
            0.00668542,
            0.00668541,
            0.00668542,
            0.00668543,
            0.00668543,
            0.00668542,
            0.00668542,
            0.0066853799999999994,
            0.007775519999999999,
            0.07605158,
            0.21025558
        ],
        [
            0.08784637,
            0.03268485,
            0.00991561,
            0.00991718,
            0.009917200000000001,
            0.009917229999999999,
