{
    "NEXUS_FILE_URL": "http://purl.org/phylo/treebase/phylows/study/TB2:S12493",
    "NEWICK_TREE": "((((((((((((((((((((5:1.4532526468880036E-6,3:1.4532526468880036E-6):1.453252646665959E-6,4:0.0016584469348872588):0.00670253970000978,(38:0.005020330859650146,37:0.0033356597883793526):0.010205705702760692):0.008137473062587164,(16:0.0210963959005388,25:0.0233175811352766):0.023951839026688848):0.005385829704914302,(((34:0.010326491007009997,17:0.010381417560227257):0.001495295064033897,11:1.453252646665959E-6):0.0050164264120600155,10:0.03149649626666973):1.453252646665959E-6):0.004829286934689314,9:0.017412912493344423):1.4532526468880036E-6,((((12:0.19024367412487297,13:0.013598943007885334):0.004551836595507286,(28:0.00994537580513799,36:0.002359909177033215):0.003423840891874308):0.017420859590193905,(39:0.0041515395921545295,40:0.006981891109584248):0.019783695209515395):0.024785766023323497,14:0.03020415625054418):0.001542185949373831):0.005031573336435002,((((33:0.014344856655451377,30:0.00694846479780753):0.011574019324524398,32:0.006113698540974655):0.03152877096297213,31:0.05774882968057904):0.0134469901023051,1:0.044394368585663146):0.007349330414171407):0.005228620445114407,(((41:0.013997913161688302,42:0.07073117613649882):0.06695510619440426,35:0.07777013231260876):0.03197530794648529,29:0.03019379892420604):0.10823725450745458):0.019821482818200176,2:0.04126907157721216):0.007139031288123432,(22:0.028834612870495935,23:0.04164674440034588):0.00813687581281064):0.003644870213576956,8:0.0889124202667877):0.008608713315905181,18:0.0457342186561569):0.00656626710769781,24:0.00784266553996682):0.022452525992045835,19:1.4532526468880036E-6):0.12043384344467634,((27:1.4518920821355028,6:0.11972074469470573):0.3069576152934066,7:0.15019049695580966):0.04152513621926546):0.19278627070115228,20:0.2600881133340003):0.182115333207036,26:0.5767148634634873):0.13035000434063604,21:0.6242660243253515):0.27610344635534056,(43:0.6757175341653399,15:0.2592109677382577):0.2761034463553408);",
    "DISTANCE_MATRIX": [
        [
            0.0,
            2.906505293776007e-06,
            0.0016613534401808128,
            0.021931482767714172,
            0.02024681169644338,
            0.059891154195118146,
            0.062112339429855945,
            0.037068414708555375,
            0.037123341261772635,
            0.025248081890158147,
            0.05172669849212119,
            0.04247094840083854,
            0.2636038114434125,
            0.08695908032642485,
            0.08217751742004453,
            0.07459205079193976,
            0.07532267593450825,
            0.07815302745193797,
            0.05680583136005901,
            0.10833502995600042,
            0.10093863809835657,
            0.0885298525169993,
            0.10863621269363155,
            0.08183476149641056,
            0.25648526475172284,
            0.31321852772653336,
            0.25330237770823905,
            0.17375073637335103,
            0.09641023733710274,
            0.0992516857313206,
            0.11206381726117054,
            0.15483748752837867,
            0.12026799923365306,
            0.08894271322516079,
            0.10355402692988669,
            2.0243612507700908,
            0.6921899133292939,
            0.41570205029699125,
            0.6768608011570687,
            1.1756028844935917,
            1.353504049696092,
            1.9571624522467617,
            1.5406558858196795
        ],
        [
            2.906505293776007e-06,
            0.0,
            0.0016613534401808128,
            0.021931482767714172,
            0.02024681169644338,
            0.059891154195118146,
            0.062112339429855945,
            0.037068414708555375,
            0.037123341261772635,
            0.025248081890158147,
            0.05172669849212119,
            0.04247094840083854,
            0.2636038114434125,
            0.08695908032642485,
            0.08217751742004453,
            0.07459205079193976,
            0.07532267593450825,
            0.07815302745193797,
            0.05680583136005901,
            0.10833502995600042,
            0.10093863809835657,
            0.0885298525169993,
            0.10863621269363155,
            0.08183476149641056,
            0.25648526475172284,
            0.31321852772653336,
            0.25330237770823905,
            0.17375073637335103,
            0.09641023733710274,
            0.0992516857313206,
            0.11206381726117054,
            0.15483748752837867,
            0.12026799923365306,
            0.08894271322516079,
            0.10355402692988669,
            2.0243612507700908,
            0.6921899133292939,
            0.41570205029699125,
            0.6768608011570687,
            1.1756028844935917,
            1.353504049696092,
            1.9571624522467617,
            1.5406558858196795
        ],
        [
            0.0016613534401808128,
            0.0016613534401808128,
            0.0,
            0.023587023197307877,
            0.021902352126037083,
            0.06154669462471185,
            0.06376787985944965,
            0.03872395513814908,
            0.03877888169136634,
            0.026903622319751852,
            0.0533822389217149,
            0.04412648883043224,
            0.2652593518730062,
            0.08861462075601856,
            0.08383305784963824,
            0.07624759122153346,
            0.07697821636410196,
            0.07980856788153168,
            0.058461371789652716,
            0.10999057038559412,
            0.10259417852795027,
            0.090185392946593,
            0.11029175312322526,
            0.08349030192600426,
            0.25814080518131655,
            0.31487406815612706,
            0.25495791813783275,
            0.17540627680294474,
            0.09806577776669645,
            0.1009072261609143,
            0.11371935769076424,
            0.15649302795797237,
            0.12192353966324676,
            0.09059825365475449,
            0.1052095673594804,
            2.0260167911996847,
            0.6938454537588876,
            0.41735759072658496,
            0.6785163415866624,
            1.1772584249231854,
            1.3551595901256857,
            1.9588179926763556,
            1.5423114262492734
        ],
        [
            0.021931482767714172,
            0.021931482767714172,
            0.023587023197307877,
            0.0,
            0.008355990648029499,
            0.06841174455222565,
            0.07063292978696345,
            0.04558900506566288,
            0.04564393161888014,
            0.03376867224726565,
            0.0602472888492287,
            0.05099153875794604,
            0.27212440180052,
            0.09547967068353236,
            0.09069810777715204,
            0.08311264114904726,
            0.08384326629161576,
            0.08667361780904548,
            0.06532642171716652,
            0.11685562031310792,
            0.10945922845546407,
            0.0970504428741068,
            0.11715680305073906,
            0.09035535185351806,
            0.26500585510883035,
            0.32173911808364086,
            0.26182296806534655,
            0.18227132673045854,
            0.10493082769421025,
            0.1077722760884281,
            0.12058440761827804,
            0.16335807788548617,
            0.12878858959076056,
            0.09746330358226829,
            0.1120746172869942,
            2.0328818411271987,
            0.7007105036864014,
            0.42422264065409876,
            0.6853813915141762,
            1.1841234748506992,
            1.3620246400531995,
            1.9656830426038692,
            1.549176476176787
        ],
        [
            0.02024681169644338,
            0.02024681169644338,
            0.021902352126037083,
            0.008355990648029499,
            0.0,
            0.06672707348095486,
            0.06894825871569266,
            0.043904333994392086,
            0.04395926054760935,
            0.03208400117599486,
            0.058562617777957904,
            0.04930686768667525,
            0.2704397307292492,
            0.09379499961226156,
            0.08901343670588124,
            0.08142797007777647,
            0.08215859522034497,
            0.08498894673777468,
            0.06364175064589572,
            0.11517094924183713,
            0.10777455738419328,
            0.09536577180283601,
            0.11547213197946826,
            0.08867068078224727,
            0.26332118403755955,
            0.32005444701237007,
            0.26013829699407576,
            0.18058665565918774,
            0.10324615662293946,
            0.1060876050171573,
            0.11889973654700725,
            0.16167340681421538,
            0.12710391851948977,
            0.0957786325109975,
            0.1103899462157234,
            2.0311971700559277,
            0.6990258326151306,
            0.42253796958282797,
            0.6836967204429054,
            1.1824388037794284,
            1.3603399689819287,
            1.9639983715325986,
            1.5474918051055164
        ],
        [
            0.059891154195118146,
            0.059891154195118146,
            0.06154669462471185,
            0.06841174455222565,
            0.06672707348095486,
            0.0,
            0.0444139770358154,
            0.06727373036789253,
            0.06732865692110979,
            0.0554533975494953,
            0.08193201415145834,
            0.07267626406017569,
            0.29380912710274965,
            0.117164395985762,
            0.11238283307938168,
            0.10479736645127691,
            0.1055279915938454,
            0.10835834311127512,
            0.08701114701939616,
            0.13854034561533757,
            0.13114395375769372,
            0.11873516817633645,
            0.1388415283529687,
            0.11204007715574771,
            0.28669058041106,
            0.3434238433858705,
            0.2835076933675762,
            0.20395605203268818,
            0.1266155529964399,
            0.12945700139065774,
            0.1422691329205077,
            0.18504280318771582,
            0.1504733148929902,
            0.11914802888449794,
            0.13375934258922384,
            2.054566566429428,
            0.7223952289886311,
            0.4459073659563284,
            0.7070661168164059,
            1.2058082001529289,
            1.383709365355429,
            1.987367767906099,
            1.5708612014790169
        ],
        [
            0.062112339429855945,
            0.062112339429855945,
            0.06376787985944965,
            0.07063292978696345,
            0.06894825871569266,
            0.0444139770358154,
            0.0,
            0.06949491560263032,
            0.06954984215584759,
            0.0576745827842331,
            0.08415319938619614,
            0.07489744929491349,
            0.29603031233748744,
            0.1193855812204998,
            0.11460401831411948,
            0.1070185516860147,
            0.1077491768285832,
            0.11057952834601292,
            0.08923233225413396,
            0.14076153085007537,
            0.13336513899243152,
            0.12095635341107425,
            0.1410627135877065,
            0.11426126239048551,
            0.2889117656457978,
            0.3456450286206083,
            0.285728878602314,
            0.20617723726742598,
            0.1288367382311777,
            0.13167818662539554,
            0.1444903181552455,
            0.18726398842245362,
            0.152694500127728,
            0.12136921411923574,
            0.13598052782396164,
            2.056787751664166,
            0.7246164142233689,
            0.4481285511910662,
            0.7092873020511437,
            1.2080293853876667,
            1.385930550590167,
            1.9895889531408368,
            1.5730823867137547
        ],
        [
            0.037068414708555375,
            0.037068414708555375,
            0.03872395513814908,
            0.04558900506566288,
            0.043904333994392086,
            0.06727373036789253,
            0.06949491560263032,
            0.0,
            0.020707908567237254,
            0.01182323932369056,
            0.048334708749773636,
            0.03908186516378431,
            0.26021472820635827,
            0.08356999708937063,
            0.07878843418299031,
            0.07120296755488553,
            0.07193359269745403,
            0.07476394421488375,
            0.05341674812300479,
            0.10494594671894619,
            0.09754955486130235,
            0.08514076927994507,
            0.10524712945657733,
            0.07844567825935633,
            0.2530961815146686,
            0.30982944448947913,
            0.24991329447118482,
            0.1703616531362968,
            0.09302115410004852,
            0.09586260249426637,
            0.10867473402411632,
            0.15144840429132445,
            0.11687891599659883,
            0.08555362998810656,
            0.10016494369283246,
            2.0209721675330368,
            0.6888008300922397,
            0.41231296705993703,
            0.6734717179200145,
            1.1722138012565375,
            1.3501149664590377,
            1.9537733690097077,
            1.5372668025826255
        ],
        [
            0.037123341261772635,
            0.037123341261772635,
            0.03877888169136634,
            0.04564393161888014,
            0.04395926054760935,
            0.06732865692110979,
            0.06954984215584759,
            0.020707908567237254,
            0.0,
            0.01187816587690782,
            0.0483896353029909,
            0.03913679171700157,
            0.26026965475957553,
            0.08362492364258789,
            0.07884336073620757,
            0.07125789410810279,
            0.07198851925067129,
            0.07481887076810101,
            0.05347167467622205,
            0.10500087327216345,
            0.0976044814145196,
            0.08519569583316233,
            0.10530205600979459,
            0.0785006048125736,
            0.2531511080678859,
            0.3098843710426964,
            0.24996822102440208,
            0.17041657968951407,
            0.09307608065326578,
            0.09591752904748363,
            0.10872966057733358,
            0.1515033308445417,
            0.11693384254981609,
            0.08560855654132382,
            0.10021987024604972,
            2.021027094086254,
            0.688855756645457,
            0.4123678936131543,
            0.6735266444732317,
            1.1722687278097548,
            1.350169893012255,
            1.953828295562925,
            1.5373217291358428
        ],
        [
            0.025248081890158147,
            0.025248081890158147,
            0.026903622319751852,
            0.03376867224726565,
            0.03208400117599486,
            0.0554533975494953,
            0.0576745827842331,
            0.01182323932369056,
            0.01187816587690782,
            0.0,
            0.03651437593137641,
            0.027261532345387085,
            0.24839439538796104,
            0.0717496642709734,
            0.06696810136459308,
            0.059382634736488304,
            0.0601132598790568,
            0.06294361139648652,
            0.04159641530460756,
            0.09312561390054896,
            0.08572922204290512,
            0.07332043646154784,
            0.0934267966381801,
            0.0666253454409591,
            0.2412758486962714,
            0.2980091116710819,
            0.2380929616527876,
            0.15854132031789958,
            0.08120082128165129,
            0.08404226967586914,
            0.09685440120571909,
            0.13962807147292722,
            0.1050585831782016,
            0.07373329716970933,
            0.08834461087443524,
            2.0091518347146398,
            0.6769804972738425,
            0.4004926342415398,
            0.6616513851016173,
            1.1603934684381403,
            1.3382946336406405,
            1.9419530361913102,
            1.525446469764228
        ],
        [
            0.05172669849212119,
            0.05172669849212119,
            0.0533822389217149,
            0.0602472888492287,
            0.058562617777957904,
            0.08193201415145834,
            0.08415319938619614,
            0.048334708749773636,
            0.0483896353029909,
            0.03651437593137641,
            0.0,
            0.05374014894735013,
            0.2748730119899241,
            0.09822828087293645,
            0.09344671796655613,
            0.08586125133845135,
            0.08659187648101985,
            0.08942222799844957,
            0.0680750319065706,
            0.11960423050251201,
            0.11220783864486816,
            0.09979905306351089,
            0.11990541324014314,
            0.09310396204292215,
            0.26775446529823443,
            0.32448772827304495,
            0.26457157825475064,
            0.18501993691986263,
            0.10767943788361434,
            0.11052088627783219,
            0.12333301780768213,
            0.16610668807489026,
            0.13153719978016465,
            0.10021191377167238,
            0.11482322747639828,
            2.0356304513166026,
            0.7034591138758055,
            0.42697125084350285,
            0.6881300017035803,
            1.1868720850401033,
            1.3647732502426035,
            1.9684316527932735,
            1.5519250863661913
        ],
        [
            0.04247094840083854,
            0.04247094840083854,
            0.04412648883043224,
            0.05099153875794604,
            0.04930686768667525,
            0.07267626406017569,
            0.07489744929491349,
            0.03908186516378431,
            0.03913679171700157,
            0.027261532345387085,
            0.05374014894735013,
            0.0,
            0.2559586880292628,
            0.07931395691227516,
            0.07453239400589484,
            0.06694692737779007,
            0.06767755252035856,
            0.07050790403778828,
            0.04916070794590932,
            0.10068990654185073,
            0.09329351468420688,
            0.0808847291028496,
            0.10099108927948186,
            0.07418963808226087,
            0.24884014133757315,
            0.30557340431238367,
            0.24565725429408936,
            0.16610561295920134,
            0.08876511392295305,
            0.0916065623171709,
            0.10441869384702085,
            0.14719236411422898,
            0.11262287581950337,
            0.0812975898110111,
            0.095908903515737,
            2.0167161273559415,
            0.6845447899151442,
            0.40805692688284156,
            0.669215677742919,
            1.167957761079442,
            1.3458589262819423,
            1.949517328832612,
            1.5330107624055298
        ],
        [
            0.2636038114434125,
            0.2636038114434125,
            0.2652593518730062,
            0.27212440180052,
            0.2704397307292492,
            0.29380912710274965,
            0.29603031233748744,
            0.26021472820635827,
            0.26026965475957553,
            0.24839439538796104,
            0.2748730119899241,
            0.2559586880292628,
            0.0,
            0.2038426171327583,
            0.20816472741739256,
            0.20057926078928778,
            0.2361516051122441,
            0.2389819566296738,
            0.26720629258444184,
            0.3218198630791309,
            0.31442347122148706,
            0.3020146856401298,
            0.32212104581676204,
            0.29531959461954105,
            0.46997009787485333,
            0.5267033608496638,
            0.46678721083136954,
            0.3872355694964815,
            0.30989507046023324,
            0.3127365188544511,
            0.32554865038430103,
            0.36832232065150916,
            0.33375283235678355,
            0.3024275463482913,
            0.3170388600530172,
            2.2378460838932215,
            0.9056747464524244,
            0.6291868834201217,
            0.8903456342801992,
            1.3890877176167222,
            1.5669888828192224,
            2.1706472853698924,
            1.7541407189428102
        ],
        [
            0.08695908032642485,
            0.08695908032642485,
            0.08861462075601856,
            0.09547967068353236,
            0.09379499961226156,
            0.117164395985762,
            0.1193855812204998,
            0.08356999708937063,
            0.08362492364258789,
            0.0717496642709734,
            0.09822828087293645,
            0.07931395691227516,
            0.2038426171327583,
            0.0,
            0.03151999630040492,
            0.023934529672300142,
            0.05950687399525645,
            0.06233722551268617,
            0.0905615614674542,
            0.14517513196214327,
            0.13777874010449942,
            0.12536995452314215,
            0.1454763146997744,
            0.11867486350255341,
            0.2933253667578657,
            0.3500586297326762,
            0.2901424797143819,
            0.21059083837949388,
            0.1332503393432456,
            0.13609178773746344,
            0.1489039192673134,
            0.19167758953452152,
            0.1571081012397959,
            0.12578281523130364,
            0.14039412893602954,
            2.0612013527762336,
            0.7290300153354368,
            0.4525421523031341,
            0.7137009031632116,
            1.2124429864997346,
            1.3903441517022348,
            1.9940025542529045,
            1.5774959878258223
        ],
        [
            0.08217751742004453,
            0.08217751742004453,
            0.08383305784963824,
            0.09069810777715204,
            0.08901343670588124,
            0.11238283307938168,
            0.11460401831411948,
            0.07878843418299031,
            0.07884336073620757,
            0.06696810136459308,
            0.09344671796655613,
            0.07453239400589484,
            0.20816472741739256,
            0.03151999630040492,
            0.0,
            0.012305284982171205,
            0.05472531108887613,
            0.057555662606305846,
            0.08577999856107388,
            0.14039356905576295,
            0.1329971771981191,
            0.12058839161676183,
            0.14069475179339408,
            0.11389330059617309,
            0.28854380385148537,
            0.3452770668262959,
            0.2853609168080016,
            0.20580927547311356,
            0.12846877643686527,
            0.13131022483108312,
            0.14412235636093307,
            0.1868960266281412,
            0.15232653833341558,
            0.12100125232492331,
            0.13561256602964922,
            2.0564197898698535,
            0.7242484524290564,
            0.4477605893967538,
            0.7089193402568312,
            1.2076614235933543,
            1.3855625887958545,
            1.9892209913465244,
            1.5727144249194422
        ],
        [
            0.07459205079193976,
            0.07459205079193976,
            0.07624759122153346,
            0.08311264114904726,
            0.08142797007777647,
            0.10479736645127691,
            0.1070185516860147,
            0.07120296755488553,
            0.07125789410810279,
            0.059382634736488304,
            0.08586125133845135,
            0.06694692737779007,
            0.20057926078928778,
            0.023934529672300142,
            0.012305284982171205,
            0.0,
            0.04713984446077135,
            0.04997019597820107,
            0.0781945319329691,
            0.13280810242765817,
            0.12541171057001432,
            0.11300292498865705,
            0.1331092851652893,
            0.10630783396806831,
            0.2809583372233806,
            0.3376916001981911,
            0.2777754501798968,
            0.1982238088450088,
            0.1208833098087605,
            0.12372475820297835,
            0.1365368897328283,
            0.17931056000003642,
            0.1447410717053108,
            0.11341578569681854,
            0.12802709940154444,
            2.0488343232417487,
            0.7166629858009517,
            0.440175122768649,
            0.7013338736287265,
            1.2000759569652495,
            1.3779771221677497,
            1.9816355247184196,
            1.5651289582913375
        ],
        [
            0.07532267593450825,
            0.07532267593450825,
            0.07697821636410196,
            0.08384326629161576,
            0.08215859522034497,
            0.1055279915938454,
            0.1077491768285832,
            0.07193359269745403,
            0.07198851925067129,
            0.0601132598790568,
            0.08659187648101985,
            0.06767755252035856,
            0.2361516051122441,
            0.05950687399525645,
            0.05472531108887613,
            0.04713984446077135,
            0.0,
            0.011133430701738778,
            0.0789251570755376,
            0.13353872757022667,
            0.12614233571258282,
            0.11373355013122555,
            0.1338399103078578,
            0.10703845911063681,
            0.2816889623659491,
            0.3384222253407596,
            0.2785060753224653,
            0.19895443398757728,
            0.121613934951329,
            0.12445538334554684,
            0.1372675148753968,
            0.18004118514260492,
            0.1454716968478793,
            0.11414641083938704,
            0.12875772454411294,
            2.049564948384317,
            0.7173936109435202,
            0.4409057479112175,
            0.702064498771295,
            1.200806582107818,
            1.3787077473103182,
            1.982366149860988,
            1.5658595834339057
        ],
        [
            0.07815302745193797,
            0.07815302745193797,
            0.07980856788153168,
            0.08667361780904548,
            0.08498894673777468,
            0.10835834311127512,
            0.11057952834601292,
            0.07476394421488375,
            0.07481887076810101,
            0.06294361139648652,
            0.08942222799844957,
            0.07050790403778828,
            0.2389819566296738,
            0.06233722551268617,
            0.057555662606305846,
            0.04997019597820107,
            0.011133430701738778,
            0.0,
            0.08175550859296732,
            0.1363690790876564,
            0.12897268723001254,
            0.11656390164865527,
            0.13667026182528752,
            0.10986881062806653,
            0.2845193138833788,
            0.3412525768581893,
            0.281336426839895,
            0.201784785505007,
            0.12444428646875871,
            0.12728573486297656,
            0.1400978663928265,
            0.18287153666003464,
            0.14830204836530902,
            0.11697676235681675,
            0.13158807606154266,
            2.0523952999017467,
            0.7202239624609499,
            0.4437360994286472,
            0.7048948502887247,
            1.2036369336252477,
            1.381538098827748,
            1.9851965013784176,
            1.5686899349513355
        ],
        [
            0.05680583136005901,
            0.05680583136005901,
            0.058461371789652716,
            0.06532642171716652,
            0.06364175064589572,
            0.08701114701939616,
            0.08923233225413396,
            0.05341674812300479,
            0.05347167467622205,
            0.04159641530460756,
            0.0680750319065706,
            0.04916070794590932,
            0.26720629258444184,
            0.0905615614674542,
            0.08577999856107388,
            0.0781945319329691,
            0.0789251570755376,
            0.08175550859296732,
            0.0,
            0.11502188299577742,
            0.10762549113813358,
            0.0952167055567763,
            0.11532306573340856,
            0.08852161453618757,
            0.26317211779149985,
            0.31990538076631037,
            0.25998923074801605,
            0.18043758941312804,
            0.10309709037687975,
            0.1059385387710976,
            0.11875067030094755,
            0.16152434056815568,
            0.12695485227343006,
            0.0956295662649378,
            0.1102408799696637,
            2.031048103809868,
            0.6988767663690709,
            0.42238890333676826,
            0.6835476541968457,
            1.1822897375333687,
            1.360190902735869,
            1.963849305286539,
            1.5473427388594567
        ],
        [
            0.10833502995600042,
            0.10833502995600042,
            0.10999057038559412,
            0.11685562031310792,
            0.11517094924183713,
            0.13854034561533757,
            0.14076153085007537,
            0.10494594671894619,
            0.10500087327216345,
            0.09312561390054896,
            0.11960423050251201,
            0.10068990654185073,
            0.3218198630791309,
            0.14517513196214327,
            0.14039356905576295,
            0.13280810242765817,
            0.13353872757022667,
            0.1363690790876564,
            0.11502188299577742,
            0.0,
            0.021293321453258907,
            0.03203257452095043,
            0.11519647662352694,
            0.11528900563091615,
            0.30463816971457125,
            0.36137143268938177,
            0.30145528267108745,
            0.22190364133619944,
            0.14456314229995115,
            0.147404590694169,
            0.16021672222401895,
            0.20299039249122708,
            0.16842090419650146,
            0.1370956181880092,
            0.1517069318927351,
            2.0725141557329394,
            0.7403428182921423,
            0.46385495525983966,
            0.7250137061199171,
            1.2237557894564401,
            1.4016569546589404,
            2.0053153572096103,
            1.5888087907825281
        ],
        [
            0.10093863809835657,
            0.10093863809835657,
            0.10259417852795027,
            0.10945922845546407,
            0.10777455738419328,
            0.13114395375769372,
            0.13336513899243152,
            0.09754955486130235,
            0.0976044814145196,
            0.08572922204290512,
            0.11220783864486816,
            0.09329351468420688,
            0.31442347122148706,
            0.13777874010449942,
            0.1329971771981191,
            0.12541171057001432,
            0.12614233571258282,
            0.12897268723001254,
            0.10762549113813358,
            0.021293321453258907,
            0.0,
            0.024636182663306583,
            0.1078000847658831,
            0.1078926137732723,
            0.2972417778569274,
            0.3539750408317379,
            0.2940588908134436,
            0.2145072494785556,
            0.1371667504423073,
            0.14000819883652516,
            0.1528203303663751,
            0.19559400063358323,
            0.16102451233885762,
            0.12969922633036535,
            0.14431054003509125,
            2.0651177638752953,
            0.7329464264344985,
            0.4564585634021958,
            0.7176173142622733,
            1.2163593975987963,
            1.3942605628012965,
            1.9979189653519662,
            1.581412398924884
        ],
        [
            0.0885298525169993,
            0.0885298525169993,
            0.090185392946593,
            0.0970504428741068,
            0.09536577180283601,
            0.11873516817633645,
            0.12095635341107425,
            0.08514076927994507,
            0.08519569583316233,
            0.07332043646154784,
            0.09979905306351089,
            0.0808847291028496,
            0.3020146856401298,
            0.12536995452314215,
            0.12058839161676183,
            0.11300292498865705,
            0.11373355013122555,
            0.11656390164865527,
            0.0952167055567763,
            0.03203257452095043,
            0.024636182663306583,
            0.0,
            0.09539129918452582,
            0.09548382819191503,
            0.28483299227557013,
            0.34156625525038065,
            0.28165010523208633,
            0.20209846389719832,
            0.12475796486095003,
            0.12759941325516788,
            0.14041154478501783,
            0.18318521505222596,
            0.14861572675750034,
            0.11729044074900807,
            0.13190175445373398,
            2.0527089782939383,
            0.7205376408531412,
            0.44404977782083854,
            0.705208528680916,
            1.203950612017439,
            1.3818517772199392,
            1.9855101797706092,
            1.569003613343527
        ],
        [
            0.10863621269363155,
            0.10863621269363155,
            0.11029175312322526,
            0.11715680305073906,
            0.11547213197946826,
            0.1388415283529687,
            0.1410627135877065,
            0.10524712945657733,
            0.10530205600979459,
            0.0934267966381801,
            0.11990541324014314,
            0.10099108927948186,
            0.32212104581676204,
            0.1454763146997744,
            0.14069475179339408,
            0.1331092851652893,
            0.1338399103078578,
            0.13667026182528752,
            0.11532306573340856,
            0.11519647662352694,
            0.1078000847658831,
            0.09539129918452582,
            0.0,
            0.11559018836854729,
            0.3049393524522024,
            0.3616726154270129,
            0.3017564654087186,
            0.22220482407383058,
            0.1448643250375823,
            0.14770577343180014,
            0.16051790496165008,
            0.2032915752288582,
            0.1687220869341326,
            0.13739680092564033,
            0.15200811463036623,
            2.0728153384705705,
            0.7406440010297735,
            0.4641561379974708,
            0.7253148888575482,
            1.2240569721940713,
            1.4019581373965715,
            2.0056165399472414,
            1.5891099735201593
        ],
        [
            0.08183476149641056,
            0.08183476149641056,
            0.08349030192600426,
            0.09035535185351806,
            0.08867068078224727,
            0.11204007715574771,
            0.11426126239048551,
            0.07844567825935633,
            0.0785006048125736,
            0.0666253454409591,
            0.09310396204292215,
            0.07418963808226087,
            0.29531959461954105,
            0.11867486350255341,
            0.11389330059617309,
            0.10630783396806831,
            0.10703845911063681,
            0.10986881062806653,
            0.08852161453618757,
            0.11528900563091615,
            0.1078926137732723,
            0.09548382819191503,
            0.11559018836854729,
            0.0,
            0.2781379012549814,
            0.3348711642297919,
            0.2749550142114976,
            0.19540337287660958,
            0.1180628738403613,
            0.12090432223457914,
            0.1337164537644291,
            0.17649012403163722,
            0.1419206357369116,
            0.11059534972841933,
            0.12520666343314524,
            2.0460138872733493,
            0.7138425498325525,
            0.4373546868002498,
            0.6985134376603273,
            1.1972555209968503,
            1.3751566861993505,
            1.9788150887500202,
            1.562308522322938
        ],
        [
            0.25648526475172284,
            0.25648526475172284,
            0.25814080518131655,
            0.26500585510883035,
            0.26332118403755955,
            0.28669058041106,
            0.2889117656457978,
            0.2530961815146686,
            0.2531511080678859,
            0.2412758486962714,
            0.26775446529823443,
            0.24884014133757315,
            0.46997009787485333,
            0.2933253667578657,
            0.28854380385148537,
            0.2809583372233806,
            0.2816889623659491,
            0.2845193138833788,
            0.26317211779149985,
            0.30463816971457125,
            0.2972417778569274,
            0.28483299227557013,
            0.3049393524522024,
            0.2781379012549814,
            0.0,
            0.08472908929818712,
            0.15872315166870132,
            0.14312212622678389,
            0.28225613620544476,
            0.2850975845996626,
            0.29790971612951256,
            0.3406833863967207,
            0.3061138981019951,
            0.2747886120935028,
            0.2893999257982287,
            2.210207149638433,
            0.8780358121976359,
            0.6015479491653333,
            0.8627067000254107,
            1.3614487833619338,
            1.539349948564434,
            2.1430083511151037,
            1.7265017846880215
        ],
        [
            0.31321852772653336,
            0.31321852772653336,
            0.31487406815612706,
            0.32173911808364086,
            0.32005444701237007,
            0.3434238433858705,
            0.3456450286206083,
            0.30982944448947913,
            0.3098843710426964,
            0.2980091116710819,
            0.32448772827304495,
            0.30557340431238367,
            0.5267033608496638,
            0.3500586297326762,
            0.3452770668262959,
            0.3376916001981911,
            0.3384222253407596,
            0.3412525768581893,
            0.31990538076631037,
            0.36137143268938177,
            0.3539750408317379,
            0.34156625525038065,
            0.3616726154270129,
            0.3348711642297919,
            0.08472908929818712,
            0.0,
            0.21545641464351184,
            0.1998553892015944,
            0.3389893991802553,
            0.34183084757447313,
            0.3546429791043231,
            0.3974166493715312,
            0.3628471610768056,
            0.3315218750683133,
            0.3461331887730392,
            2.2669404126132435,
            0.9347690751724465,
            0.6582812121401438,
            0.9194399630002212,
            1.4181820463367443,
            1.5960832115392445,
            2.1997416140899144,
            1.7832350476628323
        ],
        [
            0.25330237770823905,
            0.25330237770823905,
            0.25495791813783275,
            0.26182296806534655,
            0.26013829699407576,
            0.2835076933675762,
            0.285728878602314,
            0.24991329447118482,
            0.24996822102440208,
            0.2380929616527876,
            0.26457157825475064,
            0.24565725429408936,
            0.46678721083136954,
            0.2901424797143819,
            0.2853609168080016,
            0.2777754501798968,
            0.2785060753224653,
            0.281336426839895,
            0.25998923074801605,
            0.30145528267108745,
            0.2940588908134436,
            0.28165010523208633,
            0.3017564654087186,
            0.2749550142114976,
            0.15872315166870132,
            0.21545641464351184,
            0.0,
            0.1399392391833001,
            0.27907324916196097,
            0.2819146975561788,
            0.29472682908602876,
            0.3375004993532369,
            0.3029310110585113,
            0.271605725050019,
            0.2862170387547449,
            2.207024262594949,
            0.8748529251541521,
            0.5983650621218495,
            0.8595238129819269,
            1.35826589631845,
            1.5361670615209502,
            2.13982546407162,
