{
    "NEXUS_FILE_URL": "http://purl.org/phylo/treebase/phylows/study/TB2:S13387",
    "NEWICK_TREE": "(29:0.40811321,(((1:0.22880449,(4:0.04765561,5:0.15301683):0.39641897):0.04699859,(7:0.3597498,(26:1.0E-8,28:0.00420233):0.19896334):0.07592278):0.13892454,((3:0.0837722,(2:0.06710766,(9:1.0E-8,10:1.0E-8):0.02102885):0.02821037):0.10505693,((27:0.20634183,((22:0.00425231,23:0.00747542):0.05855723,(21:0.25153843,(24:0.00117374,25:0.00130778):0.23011741):0.03034867):0.12767417):0.04289683,(((30:0.00179668,31:0.00434401):0.10571814,((35:0.00628451,36:0.00477082):0.08793804,(37:0.0600473,(32:0.07932858,(34:0.0017655,(33:0.00457395,38:1.0E-8):0.00126585):0.05721124):0.01768305):0.00416487):0.01282741):0.06364739,(6:0.13371591,((18:0.00996117,(16:0.0073213,(15:1.0E-8,17:0.00288249):1.0E-8):0.01280595):0.06540312,((11:0.01400664,14:0.00537893):0.02385161,(8:0.04555607,((12:1.0E-8,13:1.0E-8):0.03285719,(19:0.00273269,20:0.001366):0.01556734):0.01142815):0.03764747):0.00896165):0.04410649):5.0E-8):0.02288242):0.06431752):0.2369719):0.40811321);",
    "DISTANCE_MATRIX": [
        [
            0.0,
            1.2309540399999999,
            1.44622413,
            1.5515853499999999,
            1.39082354,
            1.23003709,
            1.23423941,
            1.2420274500000001,
            1.25357328,
            1.20749448,
            1.20749448,
            1.3667545,
            1.35089638,
            1.35411949,
            1.56997394,
            1.54972666,
            1.5498607000000002,
            1.31156047,
            1.3141078,
            1.31109561,
            1.30958192,
            1.28108523,
            1.31804956,
            1.29769772,
            1.30177202,
            1.29719808,
            1.27411422,
            1.25986909,
            1.27003517,
            1.2627138900000001,
            1.26559637,
            1.2313247,
            1.22269699,
            1.27666999,
            1.27539927,
            1.27539927,
            1.2608421,
            1.25947541
        ],
        [
            1.2309540399999999,
            0.0,
            0.67287907,
            0.77824029,
            0.71147566,
            0.5506892099999999,
            0.5548915299999999,
            0.84052865,
            0.85207448,
            0.80599568,
            0.80599568,
            0.9652557,
            0.94939758,
            0.9526206899999999,
            1.16847514,
            1.14822786,
            1.1483619,
            0.9100616699999999,
            0.912609,
            0.90959681,
            0.9080831199999999,
            0.87958643,
            0.9165507599999999,
            0.89619892,
            0.90027322,
            0.89569928,
            0.87261542,
            0.85837029,
            0.86853637,
            0.86121509,
            0.86409757,
            0.8298259,
            0.82119819,
            0.87517119,
            0.8739004699999999,
            0.8739004699999999,
            0.8593432999999999,
            0.8579766099999999
        ],
        [
            1.44622413,
            0.67287907,
            0.0,
            0.20067244,
            0.92674575,
            0.7659593,
            0.77016162,
            1.0557987400000002,
            1.06734457,
            1.02126577,
            1.02126577,
            1.1805257900000001,
            1.16466767,
            1.16789078,
            1.3837452300000002,
            1.3634979500000002,
            1.36363199,
            1.1253317600000001,
            1.12787909,
            1.1248669,
            1.12335321,
            1.09485652,
            1.13182085,
            1.11146901,
            1.11554331,
            1.11096937,
            1.08788551,
            1.07364038,
            1.0838064600000001,
            1.0764851800000002,
            1.07936766,
            1.04509599,
            1.03646828,
            1.09044128,
            1.0891705600000001,
            1.0891705600000001,
            1.0746133900000001,
            1.0732467
        ],
        [
            1.5515853499999999,
            0.77824029,
            0.20067244,
            0.0,
            1.0321069699999998,
            0.8713205199999998,
            0.8755228399999999,
            1.16115996,
            1.1727057899999997,
            1.1266269899999999,
            1.1266269899999999,
            1.28588701,
            1.2700288899999999,
            1.2732519999999998,
            1.48910645,
            1.46885917,
            1.4689932099999998,
            1.23069298,
            1.2332403099999998,
            1.2302281199999998,
            1.22871443,
            1.2002177399999998,
            1.2371820699999998,
            1.2168302299999998,
            1.2209045299999999,
            1.2163305899999999,
            1.1932467299999998,
            1.1790015999999999,
            1.18916768,
            1.1818464,
            1.1847288799999998,
            1.15045721,
            1.1418294999999998,
            1.1958024999999999,
            1.19453178,
            1.19453178,
            1.17997461,
            1.17860792
        ],
        [
            1.39082354,
            0.71147566,
            0.92674575,
            1.0321069699999998,
            0.0,
            0.55871315,
            0.56291547,
            1.00039815,
            1.0119439799999999,
            0.96586518,
            0.96586518,
            1.1251252,
            1.10926708,
            1.11249019,
            1.32834464,
            1.30809736,
            1.3082314,
            1.06993117,
            1.0724785,
            1.06946631,
            1.06795262,
            1.03945593,
            1.07642026,
            1.05606842,
            1.06014272,
            1.05556878,
            1.03248492,
            1.01823979,
            1.02840587,
            1.02108459,
            1.0239670699999999,
            0.9896954,
            0.9810676899999999,
            1.03504069,
            1.03376997,
            1.03376997,
            1.0192128,
            1.01784611
        ],
        [
            1.23003709,
            0.5506892099999999,
            0.7659593,
            0.8713205199999998,
            0.55871315,
            0.0,
            0.00420234,
            0.8396117,
            0.8511575299999999,
            0.80507873,
            0.80507873,
            0.96433875,
            0.9484806299999999,
            0.9517037399999999,
            1.1675581899999998,
            1.1473109099999999,
            1.1474449500000001,
            0.90914472,
            0.91169205,
            0.9086798599999999,
            0.90716617,
            0.8786694799999999,
            0.9156338099999999,
            0.89528197,
            0.89935627,
            0.89478233,
            0.8716984699999999,
            0.85745334,
            0.86761942,
            0.8602981399999999,
            0.86318062,
            0.82890895,
            0.8202812399999999,
            0.87425424,
            0.87298352,
            0.87298352,
            0.85842635,
            0.85705966
        ],
        [
            1.23423941,
            0.5548915299999999,
            0.77016162,
            0.8755228399999999,
            0.56291547,
            0.00420234,
            0.0,
            0.84381402,
            0.85535985,
            0.8092810500000001,
            0.8092810500000001,
            0.9685410700000001,
            0.95268295,
            0.95590606,
            1.17176051,
            1.15151323,
            1.1516472700000002,
            0.9133470400000001,
            0.9158943700000001,
            0.91288218,
            0.9113684900000001,
            0.8828718,
            0.91983613,
            0.8994842900000001,
            0.90355859,
            0.89898465,
            0.87590079,
            0.86165566,
            0.8718217400000001,
            0.86450046,
            0.86738294,
            0.8331112700000001,
            0.82448356,
            0.87845656,
            0.8771858400000001,
            0.8771858400000001,
            0.8626286700000001,
            0.8612619800000001
        ],
        [
            1.2420274500000001,
            0.84052865,
            1.0557987400000002,
            1.16115996,
            1.00039815,
            0.8396117,
            0.84381402,
            0.0,
            0.17909023000000002,
            0.13301143,
            0.13301143,
            0.50238531,
            0.48652719,
            0.4897503,
            0.70560475,
            0.68535747,
            0.6854915100000001,
            0.44719128,
            0.44973861000000004,
            0.44672642,
            0.44521273,
            0.41671604,
            0.45368037,
            0.43332853000000005,
            0.43740283,
            0.43282889,
            0.40974503,
            0.3954999,
            0.40566598000000004,
            0.3983447,
            0.40122718,
            0.36695551000000004,
            0.35832780000000003,
            0.4123008,
            0.41103008,
            0.41103008,
            0.39647291,
            0.39510622
        ],
        [
            1.25357328,
            0.85207448,
            1.06734457,
            1.1727057899999997,
            1.0119439799999999,
            0.8511575299999999,
            0.85535985,
            0.17909023000000002,
            0.0,
            0.08813652,
            0.08813652,
            0.51393114,
            0.49807302,
            0.5012961300000001,
            0.71715058,
            0.6969033,
            0.6970373400000001,
            0.45873711,
            0.46128444,
            0.45827225,
            0.45675856,
            0.42826187,
            0.4652262,
            0.44487436,
            0.44894866,
            0.44437472,
            0.42129086,
            0.40704573,
            0.41721181,
            0.40989053,
            0.41277301,
            0.37850134,
            0.36987363,
            0.42384663,
            0.42257591,
            0.42257591,
            0.40801874,
            0.40665205
        ],
        [
            1.20749448,
            0.80599568,
            1.02126577,
            1.1266269899999999,
            0.96586518,
            0.80507873,
            0.8092810500000001,
            0.13301143,
            0.08813652,
            0.0,
            2e-08,
            0.46785234000000003,
            0.45199422,
            0.45521733000000003,
            0.67107178,
            0.6508245,
            0.6509585400000001,
            0.41265831000000003,
            0.41520564000000004,
            0.41219345,
            0.41067976,
            0.38218307,
            0.4191474,
            0.39879556000000005,
            0.40286986,
            0.39829592,
            0.37521206,
            0.36096693,
            0.37113301000000004,
            0.36381173,
            0.36669421,
            0.33242254000000004,
            0.32379483000000003,
            0.37776783,
            0.37649711,
            0.37649711,
            0.36193994,
            0.36057325
        ],
        [
            1.20749448,
            0.80599568,
            1.02126577,
            1.1266269899999999,
            0.96586518,
            0.80507873,
            0.8092810500000001,
            0.13301143,
            0.08813652,
            2e-08,
            0.0,
            0.46785234000000003,
            0.45199422,
            0.45521733000000003,
            0.67107178,
            0.6508245,
            0.6509585400000001,
            0.41265831000000003,
            0.41520564000000004,
            0.41219345,
            0.41067976,
            0.38218307,
            0.4191474,
            0.39879556000000005,
            0.40286986,
            0.39829592,
            0.37521206,
            0.36096693,
            0.37113301000000004,
            0.36381173,
            0.36669421,
            0.33242254000000004,
            0.32379483000000003,
            0.37776783,
            0.37649711,
            0.37649711,
            0.36193994,
            0.36057325
        ],
        [
            1.3667545,
            0.9652557,
            1.1805257900000001,
            1.28588701,
            1.1251252,
            0.96433875,
            0.9685410700000001,
            0.50238531,
            0.51393114,
            0.46785234000000003,
            0.46785234000000003,
            0.0,
            0.39682554000000003,
            0.40004865,
            0.6159030999999999,
            0.59565582,
            0.59578986,
            0.44328329,
            0.44583062,
            0.44281843,
            0.44130474,
            0.41280805,
            0.44977237999999997,
            0.42942054,
            0.43349484,
            0.4289209,
            0.40583704,
            0.39159191,
            0.40175799,
            0.39443671,
            0.39731919,
            0.36304752,
            0.35441981,
            0.40839281,
            0.40712209,
            0.40712209,
            0.39256492,
            0.39119823
        ],
        [
            1.35089638,
            0.94939758,
            1.16466767,
            1.2700288899999999,
            1.10926708,
            0.9484806299999999,
            0.95268295,
            0.48652719,
            0.49807302,
            0.45199422,
            0.45199422,
            0.39682554000000003,
            0.0,
            0.011727729999999999,
            0.34469664,
            0.32444936,
            0.3245834,
            0.42742517,
            0.4299725,
            0.42696031,
            0.42544662,
            0.39694993,
            0.43391426,
            0.41356242,
            0.41763671999999996,
            0.41306277999999996,
            0.38997892,
            0.37573378999999996,
            0.38589987000000003,
            0.37857859,
            0.38146106999999996,
            0.3471894,
            0.33856169,
            0.39253468999999996,
            0.39126397,
            0.39126397,
            0.3767068,
            0.37534011
        ],
        [
            1.35411949,
            0.9526206899999999,
            1.16789078,
            1.2732519999999998,
            1.11249019,
            0.9517037399999999,
            0.95590606,
            0.4897503,
            0.5012961300000001,
            0.45521733000000003,
            0.45521733000000003,
            0.40004865,
            0.011727729999999999,
            0.0,
            0.34791974999999997,
            0.32767247,
            0.32780651000000005,
            0.43064828,
            0.43319561,
            0.43018342,
            0.42866972999999997,
            0.40017304,
            0.43713736999999997,
            0.41678553,
            0.42085983,
            0.41628589,
            0.39320203,
            0.3789569,
            0.38912298,
            0.3818017,
            0.38468418,
            0.35041251,
            0.3417848,
            0.3957578,
            0.39448708,
            0.39448708,
            0.37992991,
            0.37856322
        ],
        [
            1.56997394,
            1.16847514,
            1.3837452300000002,
            1.48910645,
            1.32834464,
            1.1675581899999998,
            1.17176051,
            0.70560475,
            0.71715058,
            0.67107178,
            0.67107178,
            0.6159030999999999,
            0.34469664,
            0.34791974999999997,
            0.0,
            0.48282958,
            0.48296362,
            0.6465027299999999,
            0.64905006,
            0.64603787,
            0.6445241799999999,
            0.61602749,
            0.65299182,
            0.63263998,
            0.63671428,
            0.63214034,
            0.60905648,
            0.59481135,
            0.6049774299999999,
            0.5976561499999999,
            0.60053863,
            0.56626696,
            0.55763925,
            0.61161225,
            0.6103415299999999,
            0.6103415299999999,
            0.59578436,
            0.59441767
        ],
        [
            1.54972666,
            1.14822786,
            1.3634979500000002,
            1.46885917,
            1.30809736,
            1.1473109099999999,
            1.15151323,
            0.68535747,
            0.6969033,
            0.6508245,
            0.6508245,
            0.59565582,
            0.32444936,
            0.32767247,
            0.48282958,
            0.0,
            0.00248152,
            0.6262554499999999,
            0.62880278,
            0.62579059,
            0.6242768999999999,
            0.59578021,
            0.63274454,
            0.6123927,
            0.616467,
            0.61189306,
            0.5888092,
            0.57456407,
            0.58473015,
            0.57740887,
            0.58029135,
            0.54601968,
            0.53739197,
            0.59136497,
            0.5900942499999999,
            0.5900942499999999,
            0.57553708,
            0.57417039
        ],
        [
            1.5498607000000002,
            1.1483619,
            1.36363199,
            1.4689932099999998,
            1.3082314,
            1.1474449500000001,
            1.1516472700000002,
            0.6854915100000001,
            0.6970373400000001,
            0.6509585400000001,
            0.6509585400000001,
            0.59578986,
            0.3245834,
            0.32780651000000005,
            0.48296362,
            0.00248152,
            0.0,
            0.62638949,
            0.6289368200000001,
            0.6259246300000001,
            0.62441094,
            0.5959142500000001,
            0.6328785800000001,
            0.6125267400000001,
            0.61660104,
            0.6120271,
            0.5889432400000001,
            0.57469811,
            0.58486419,
            0.57754291,
            0.58042539,
            0.5461537200000001,
            0.5375260100000001,
            0.59149901,
            0.59022829,
            0.59022829,
            0.5756711200000001,
            0.5743044300000001
        ],
        [
            1.31156047,
            0.9100616699999999,
            1.1253317600000001,
            1.23069298,
            1.06993117,
            0.90914472,
            0.9133470400000001,
            0.44719128,
            0.45873711,
            0.41265831000000003,
            0.41265831000000003,
            0.44328329,
            0.42742517,
            0.43064828,
            0.6465027299999999,
            0.6262554499999999,
            0.62638949,
            0.0,
            0.00614069,
            0.21456477999999998,
            0.21305109,
            0.1845544,
            0.22151873,
            0.20116689,
            0.20524119000000002,
            0.20066725,
            0.30487816999999995,
            0.29063304,
            0.30079912,
            0.29347784,
            0.29636032,
            0.26208865,
            0.25346093999999997,
            0.30743394,
            0.30616321999999996,
            0.30616321999999996,
            0.29160605,
            0.29023936
        ],
        [
            1.3141078,
            0.912609,
            1.12787909,
            1.2332403099999998,
            1.0724785,
            0.91169205,
            0.9158943700000001,
            0.44973861000000004,
            0.46128444,
            0.41520564000000004,
            0.41520564000000004,
            0.44583062,
            0.4299725,
            0.43319561,
            0.64905006,
            0.62880278,
            0.6289368200000001,
            0.00614069,
            0.0,
            0.21711210999999997,
            0.21559841999999999,
            0.18710173,
            0.22406605999999998,
            0.20371422,
            0.20778852,
            0.20321457999999998,
            0.3074255,
            0.29318036999999997,
            0.30334645,
            0.29602517,
            0.29890764999999997,
            0.26463598,
            0.25600827,
            0.30998127,
            0.30871055000000003,
            0.30871055000000003,
            0.29415338,
            0.29278669
        ],
        [
            1.31109561,
            0.90959681,
            1.1248669,
            1.2302281199999998,
            1.06946631,
            0.9086798599999999,
            0.91288218,
            0.44672642,
            0.45827225,
            0.41219345,
            0.41219345,
            0.44281843,
            0.42696031,
            0.43018342,
            0.64603787,
            0.62579059,
            0.6259246300000001,
            0.21456477999999998,
            0.21711210999999997,
            0.0,
            0.01105533,
            0.15843471999999997,
            0.19539904999999996,
            0.17504721,
            0.17912150999999998,
            0.17454756999999999,
            0.30441330999999994,
            0.29016818,
            0.30033425999999996,
            0.29301298,
            0.29589546,
            0.26162378999999997,
            0.25299607999999996,
            0.30696908,
            0.30569835999999995,
            0.30569835999999995,
            0.29114119,
            0.2897745
        ],
        [
            1.30958192,
            0.9080831199999999,
            1.12335321,
            1.22871443,
            1.06795262,
            0.90716617,
            0.9113684900000001,
            0.44521273,
            0.45675856,
            0.41067976,
            0.41067976,
            0.44130474,
            0.42544662,
            0.42866972999999997,
            0.6445241799999999,
            0.6242768999999999,
            0.62441094,
            0.21305109,
            0.21559841999999999,
            0.01105533,
            0.0,
            0.15692103,
            0.19388535999999998,
            0.17353352,
            0.17760782,
            0.17303387999999997,
            0.30289962,
            0.28865449,
            0.29882056999999995,
            0.29149928999999997,
            0.29438177,
            0.2601101,
            0.25148239,
            0.30545539,
            0.30418467,
            0.30418467,
            0.2896275,
            0.28826081
        ],
        [
            1.28108523,
            0.87958643,
            1.09485652,
            1.2002177399999998,
            1.03945593,
            0.8786694799999999,
            0.8828718,
            0.41671604,
            0.42826187,
            0.38218307,
            0.38218307,
            0.41280805,
            0.39694993,
            0.40017304,
            0.61602749,
            0.59578021,
            0.5959142500000001,
            0.1845544,
            0.18710173,
            0.15843471999999997,
            0.15692103,
            0.0,
            0.15705892999999999,
            0.13670709,
            0.14078139,
            0.13620745,
            0.27440293,
            0.2601578,
            0.27032387999999996,
            0.2630026,
            0.26588508,
            0.23161341,
            0.2229857,
            0.2769587,
            0.27568798,
            0.27568798,
            0.26113081,
            0.25976412
        ],
        [
            1.31804956,
            0.9165507599999999,
            1.13182085,
            1.2371820699999998,
            1.07642026,
            0.9156338099999999,
            0.91983613,
            0.45368037,
            0.4652262,
            0.4191474,
            0.4191474,
            0.44977237999999997,
            0.43391426,
            0.43713736999999997,
            0.65299182,
            0.63274454,
            0.6328785800000001,
            0.22151873,
            0.22406605999999998,
            0.19539904999999996,
            0.19388535999999998,
            0.15705892999999999,
            0.0,
            0.13830532,
            0.14237961999999998,
            0.13780567999999999,
            0.31136726,
            0.29712213,
            0.30728820999999995,
            0.29996692999999996,
            0.30284941,
            0.26857774,
            0.25995003,
            0.31392303,
            0.31265231,
            0.31265231,
            0.29809514,
            0.29672845
        ],
        [
            1.29769772,
            0.89619892,
            1.11146901,
            1.2168302299999998,
            1.05606842,
            0.89528197,
            0.8994842900000001,
            0.43332853000000005,
            0.44487436,
            0.39879556000000005,
            0.39879556000000005,
            0.42942054,
            0.41356242,
            0.41678553,
            0.63263998,
            0.6123927,
            0.6125267400000001,
            0.20116689,
            0.20371422,
            0.17504721,
            0.17353352,
            0.13670709,
            0.13830532,
            0.0,
            0.0076053,
            0.00303136,
            0.29101542,
            0.27677029,
            0.28693637,
            0.27961509,
            0.28249757,
            0.2482259,
            0.23959819,
            0.29357119,
            0.29230047000000003,
            0.29230047000000003,
            0.2777433,
            0.27637661
        ],
        [
            1.30177202,
            0.90027322,
            1.11554331,
            1.2209045299999999,
            1.06014272,
            0.89935627,
            0.90355859,
            0.43740283,
            0.44894866,
            0.40286986,
            0.40286986,
            0.43349484,
            0.41763671999999996,
            0.42085983,
            0.63671428,
            0.616467,
            0.61660104,
            0.20524119000000002,
            0.20778852,
            0.17912150999999998,
            0.17760782,
            0.14078139,
            0.14237961999999998,
            0.0076053,
            0.0,
            0.00457396,
            0.29508972,
            0.28084459,
            0.29101067,
            0.28368939,
            0.28657187,
            0.2523002,
            0.24367249000000002,
            0.29764549,
            0.29637477,
            0.29637477,
            0.2818176,
            0.28045091
        ],
        [
            1.29719808,
            0.89569928,
            1.11096937,
            1.2163305899999999,
            1.05556878,
            0.89478233,
            0.89898465,
            0.43282889,
            0.44437472,
            0.39829592,
            0.39829592,
            0.4289209,
            0.41306277999999996,
            0.41628589,
            0.63214034,
            0.61189306,
            0.6120271,
            0.20066725,
            0.20321457999999998,
            0.17454756999999999,
            0.17303387999999997,
            0.13620745,
            0.13780567999999999,
            0.00303136,
            0.00457396,
            0.0,
            0.29051578,
            0.27627064999999995,
            0.28643673,
            0.27911545,
            0.28199792999999995,
            0.24772625999999998,
            0.23909854999999997,
            0.29307154999999996,
            0.29180083,
            0.29180083,
            0.27724366,
            0.27587697
        ],
        [
            1.27411422,
            0.87261542,
            1.08788551,
            1.1932467299999998,
            1.03248492,
            0.8716984699999999,
            0.87590079,
            0.40974503,
            0.42129086,
            0.37521206,
            0.37521206,
            0.40583704,
            0.38997892,
            0.39320203,
            0.60905648,
            0.5888092,
            0.5889432400000001,
            0.30487816999999995,
            0.3074255,
            0.30441330999999994,
            0.30289962,
            0.27440293,
            0.31136726,
            0.29101542,
            0.29508972,
            0.29051578,
            0.0,
            0.25318669,
            0.26335277,
            0.25603149,
            0.25891397,
            0.2246423,
            0.21601459,
            0.26998759,
            0.26871687,
            0.26871687,
            0.2541597,
            0.25279301
        ],
        [
            1.25986909,
            0.85837029,
            1.07364038,
            1.1790015999999999,
            1.01823979,
            0.85745334,
            0.86165566,
            0.3954999,
            0.40704573,
            0.36096693,
            0.36096693,
            0.39159191,
            0.37573378999999996,
            0.3789569,
            0.59481135,
            0.57456407,
            0.57469811,
            0.29063304,
            0.29318036999999997,
            0.29016818,
            0.28865449,
            0.2601578,
            0.29712213,
            0.27677029,
            0.28084459,
            0.27627064999999995,
            0.25318669,
            0.0,
            0.030088419999999998,
            0.022767139999999998,
            0.025649619999999998,
            0.12218419,
            0.11355648,
            0.16752948,
            0.16625876,
            0.16625876,
            0.15170159,
            0.1503349
        ],
        [
            1.27003517,
            0.86853637,
            1.0838064600000001,
            1.18916768,
            1.02840587,
            0.86761942,
            0.8718217400000001,
            0.40566598000000004,
            0.41721181,
            0.37113301000000004,
            0.37113301000000004,
            0.40175799,
            0.38589987000000003,
            0.38912298,
            0.6049774299999999,
            0.58473015,
            0.58486419,
            0.30079912,
            0.30334645,
            0.30033425999999996,
            0.29882056999999995,
            0.27032387999999996,
            0.30728820999999995,
            0.28693637,
            0.29101067,
            0.28643673,
            0.26335277,
            0.030088419999999998,
            0.0,
            0.00732132,
            0.0102038,
            0.13235027,
            0.12372256,
            0.17769555999999997,
            0.17642484,
            0.17642484,
            0.16186767000000002,
            0.16050098000000002
        ],
        [
            1.2627138900000001,
            0.86121509,
            1.0764851800000002,
            1.1818464,
            1.02108459,
            0.8602981399999999,
            0.86450046,
            0.3983447,
            0.40989053,
            0.36381173,
            0.36381173,
            0.39443671,
            0.37857859,
            0.3818017,
            0.5976561499999999,
            0.57740887,
            0.57754291,
            0.29347784,
            0.29602517,
            0.29301298,
            0.29149928999999997,
            0.2630026,
            0.29996692999999996,
            0.27961509,
            0.28368939,
            0.27911545,
            0.25603149,
            0.022767139999999998,
            0.00732132,
            0.0,
            0.0028825,
            0.12502899,
            0.11640128,
            0.17037428,
            0.16910355999999999,
            0.16910355999999999,
            0.15454639,
            0.1531797
        ],
        [
            1.26559637,
            0.86409757,
            1.07936766,
            1.1847288799999998,
            1.0239670699999999,
            0.86318062,
            0.86738294,
            0.40122718,
            0.41277301,
            0.36669421,
            0.36669421,
            0.39731919,
            0.38146106999999996,
            0.38468418,
            0.60053863,
            0.58029135,
            0.58042539,
            0.29636032,
            0.29890764999999997,
            0.29589546,
            0.29438177,
            0.26588508,
            0.30284941,
            0.28249757,
            0.28657187,
            0.28199792999999995,
            0.25891397,
            0.025649619999999998,
            0.0102038,
            0.0028825,
            0.0,
            0.12791147,
            0.11928376,
            0.17325676,
            0.17198604,
            0.17198604,
            0.15742887,
            0.15606218
        ],
        [
            1.2313247,
            0.8298259,
            1.04509599,
            1.15045721,
            0.9896954,
            0.82890895,
            0.8331112700000001,
            0.36695551000000004,
            0.37850134,
            0.33242254000000004,
            0.33242254000000004,
            0.36304752,
            0.3471894,
            0.35041251,
            0.56626696,
            0.54601968,
            0.5461537200000001,
            0.26208865,
            0.26463598,
            0.26162378999999997,
            0.2601101,
            0.23161341,
            0.26857774,
            0.2482259,
            0.2523002,
            0.24772625999999998,
            0.2246423,
            0.12218419,
            0.13235027,
            0.12502899,
            0.12791147,
            0.0,
            0.01938557,
            0.12106178999999999,
            0.11979107,
            0.11979107,
            0.1052339,
            0.10386721
        ],
        [
            1.22269699,
            0.82119819,
            1.03646828,
            1.1418294999999998,
            0.9810676899999999,
            0.8202812399999999,
            0.82448356,
            0.35832780000000003,
            0.36987363,
            0.32379483000000003,
            0.32379483000000003,
            0.35441981,
            0.33856169,
            0.3417848,
            0.55763925,
            0.53739197,
            0.5375260100000001,
            0.25346093999999997,
            0.25600827,
            0.25299607999999996,
            0.25148239,
            0.2229857,
            0.25995003,
            0.23959819,
            0.24367249000000002,
            0.23909854999999997,
            0.21601459,
            0.11355648,
            0.12372256,
            0.11640128,
            0.11928376,
            0.01938557,
            0.0,
            0.11243407999999999,
            0.11116336,
            0.11116336,
            0.09660619000000001,
            0.0952395
        ],
        [
            1.27666999,
            0.87517119,
            1.09044128,
            1.1958024999999999,
            1.03504069,
            0.87425424,
            0.87845656,
            0.4123008,
            0.42384663,
            0.37776783,
            0.37776783,
            0.40839281,
            0.39253468999999996,
            0.3957578,
            0.61161225,
            0.59136497,
            0.59149901,
            0.30743394,
            0.30998127,
            0.30696908,
            0.30545539,
            0.2769587,
            0.31392303,
            0.29357119,
            0.29764549,
            0.29307154999999996,
            0.26998759,
            0.16752948,
            0.17769555999999997,
            0.17037428,
            0.17325676,
            0.12106178999999999,
            0.11243407999999999,
            0.0,
            0.08984142,
            0.08984142,
            0.07528425,
            0.07391756
        ],
        [
            1.27539927,
            0.8739004699999999,
            1.0891705600000001,
            1.19453178,
            1.03376997,
            0.87298352,
            0.8771858400000001,
            0.41103008,
            0.42257591,
            0.37649711,
            0.37649711,
            0.40712209,
            0.39126397,
            0.39448708,
            0.6103415299999999,
            0.5900942499999999,
            0.59022829,
            0.30616321999999996,
            0.30871055000000003,
            0.30569835999999995,
            0.30418467,
            0.27568798,
            0.31265231,
            0.29230047000000003,
            0.29637477,
            0.29180083,
            0.26871687,
            0.16625876,
            0.17642484,
            0.16910355999999999,
            0.17198604,
            0.11979107,
            0.11116336,
            0.08984142,
            0.0,
            2e-08,
            0.051157230000000005,
            0.04979054000000001
        ],
        [
            1.27539927,
            0.8739004699999999,
            1.0891705600000001,
            1.19453178,
            1.03376997,
            0.87298352,
            0.8771858400000001,
            0.41103008,
            0.42257591,
            0.37649711,
            0.37649711,
            0.40712209,
            0.39126397,
            0.39448708,
            0.6103415299999999,
            0.5900942499999999,
            0.59022829,
            0.30616321999999996,
            0.30871055000000003,
            0.30569835999999995,
            0.30418467,
            0.27568798,
            0.31265231,
            0.29230047000000003,
            0.29637477,
            0.29180083,
            0.26871687,
            0.16625876,
            0.17642484,
            0.16910355999999999,
            0.17198604,
            0.11979107,
            0.11116336,
            0.08984142,
            2e-08,
            0.0,
            0.051157230000000005,
            0.04979054000000001
        ],
        [
            1.2608421,
            0.8593432999999999,
            1.0746133900000001,
            1.17997461,
            1.0192128,
            0.85842635,
            0.8626286700000001,
            0.39647291,
            0.40801874,
            0.36193994,
            0.36193994,
            0.39256492,
            0.3767068,
            0.37992991,
            0.59578436,
            0.57553708,
            0.5756711200000001,
            0.29160605,
            0.29415338,
            0.29114119,
            0.2896275,
            0.26113081,
            0.29809514,
            0.2777433,
            0.2818176,
            0.27724366,
            0.2541597,
            0.15170159,
            0.16186767000000002,
            0.15454639,
            0.15742887,
            0.1052339,
            0.09660619000000001,
            0.07528425,
            0.051157230000000005,
            0.051157230000000005,
            0.0,
            0.00409869
        ],
        [
            1.25947541,
            0.8579766099999999,
            1.0732467,
            1.17860792,
            1.01784611,
            0.85705966,
            0.8612619800000001,
            0.39510622,
            0.40665205,
            0.36057325,
            0.36057325,
            0.39119823,
            0.37534011,
            0.37856322,
            0.59441767,
            0.57417039,
            0.5743044300000001,
            0.29023936,
            0.29278669,
            0.2897745,
            0.28826081,
            0.25976412,
            0.29672845,
            0.27637661,
            0.28045091,
            0.27587697,
            0.25279301,
            0.1503349,
            0.16050098000000002,
            0.1531797,
            0.15606218,
            0.10386721,
            0.0952395,
            0.07391756,
            0.04979054000000001,
            0.04979054000000001,
            0.00409869,
            0.0
        ]
    ],
    "NODE_MAPPING": {
        "0": "29",
        "1": "1",
        "2": "4",
        "3": "5",
        "4": "7",
        "5": "26",
        "6": "28",
        "7": "3",
        "8": "2",
        "9": "9",
        "10": "10",
        "11": "27",
        "12": "22",
        "13": "23",
        "14": "21",
        "15": "24",
        "16": "25",
        "17": "30",
        "18": "31",
        "19": "35",
        "20": "36",
        "21": "37",
        "22": "32",
        "23": "34",
        "24": "33",
        "25": "38",
        "26": "6",
        "27": "18",
        "28": "16",
        "29": "15",
        "30": "17",
