{
    "NEXUS_FILE_URL": "http://purl.org/phylo/treebase/phylows/study/TB2:S12334",
    "NEWICK_TREE": "((39:0.153691,(37:0.00565,38:0.009217):0.212076):0.0,(((((((((1:0.023574,2:0.016622):0.008358,(3:0.031233,4:0.025172):0.008425):0.07725,(((16:0.050642,18:0.086186):0.037375,17:0.097258):0.037503,44:0.166343):0.019191):0.062666,15:0.175391):0.06032,20:0.121739):0.033411,(5:0.210968,30:0.277409):0.062036):0.0,((6:0.174903,((7:0.133268,28:0.081031):0.028776,29:0.180091):0.02292):0.039606,(((10:0.08036,42:0.090865):0.039265,43:0.104113):0.027294,(13:0.070379,14:0.085544):0.105383):0.02533):0.031865):0.0,((((8:0.202152,(((31:0.012697,32:0.005663):0.091361,45:0.128339):0.080493,41:0.231687):0.061399):0.039571,((((12:0.264023,(19:0.118673,(34:0.070102,36:0.064182):0.031198):0.10269):0.0,21:0.34412):0.0,(26:0.132109,27:0.09906):0.038739):0.024556,((((22:0.057697,24:0.129342):0.021895,23:0.160501):0.03539,25:0.207246):0.044256,(35:0.152474,40:0.165846):0.105718):0.033682):0.029171):0.041165,11:0.279166):0.036815,9:0.228866):0.019057):0.0,33:0.324168):0.10647);",
    "DISTANCE_MATRIX": [
        [
            0.0,
            0.371417,
            0.374984,
            0.52574,
            0.518788,
            0.533466,
            0.527405,
            0.561269,
            0.596813,
            0.57051,
            0.602092,
            0.5292830000000001,
            0.415311,
            0.533165,
            0.599606,
            0.506535,
            0.5165959999999999,
            0.46435899999999997,
            0.534643,
            0.464275,
            0.47478,
            0.448763,
            0.49311799999999995,
            0.508283,
            0.5989209999999999,
            0.642719,
            0.635685,
            0.667,
            0.689855,
            0.674948,
            0.632288,
            0.614915,
            0.608995,
            0.755045,
            0.581773,
            0.548724,
            0.5792889999999999,
            0.650934,
            0.660198,
            0.671553,
            0.6782429999999999,
            0.691615,
            0.595199,
            0.508084,
            0.584329
        ],
        [
            0.371417,
            0.0,
            0.014866999999999998,
            0.5897749999999999,
            0.582823,
            0.5975010000000001,
            0.59144,
            0.625304,
            0.660848,
            0.6345449999999999,
            0.6661269999999999,
            0.593318,
            0.479346,
            0.5972,
            0.6636409999999999,
            0.57057,
            0.5806309999999999,
            0.528394,
            0.598678,
            0.5283100000000001,
            0.538815,
            0.512798,
            0.557153,
            0.572318,
            0.6629559999999999,
            0.706754,
            0.6997199999999999,
            0.731035,
            0.75389,
            0.738983,
            0.696323,
            0.6789499999999999,
            0.67303,
            0.8190799999999999,
            0.6458079999999999,
            0.612759,
            0.643324,
            0.714969,
            0.7242329999999999,
            0.7355879999999999,
            0.7422779999999999,
            0.7556499999999999,
            0.659234,
            0.572119,
            0.6483639999999999
        ],
        [
            0.374984,
            0.014866999999999998,
            0.0,
            0.593342,
            0.58639,
            0.601068,
            0.5950070000000001,
            0.628871,
            0.664415,
            0.638112,
            0.669694,
            0.596885,
            0.48291300000000004,
            0.6007669999999999,
            0.667208,
            0.574137,
            0.584198,
            0.531961,
            0.602245,
            0.531877,
            0.542382,
            0.516365,
            0.56072,
            0.575885,
            0.666523,
            0.710321,
            0.703287,
            0.734602,
            0.7574569999999999,
            0.7425499999999999,
            0.69989,
            0.6825169999999999,
            0.676597,
            0.8226469999999999,
            0.6493749999999999,
            0.616326,
            0.646891,
            0.718536,
            0.7277999999999999,
            0.7391549999999999,
            0.7458449999999999,
            0.7592169999999999,
            0.662801,
            0.575686,
            0.651931
        ],
        [
            0.52574,
            0.5897749999999999,
            0.593342,
            0.0,
            0.040196,
            0.07159,
            0.065529,
            0.253893,
            0.289437,
            0.263134,
            0.294716,
            0.34723899999999996,
            0.35390699999999997,
            0.538583,
            0.605024,
            0.511953,
            0.522014,
            0.469777,
            0.540061,
            0.469693,
            0.480198,
            0.454181,
            0.498536,
            0.513701,
            0.604339,
            0.648137,
            0.641103,
            0.672418,
            0.695273,
            0.680366,
            0.637706,
            0.620333,
            0.614413,
            0.760463,
            0.587191,
            0.554142,
            0.584707,
            0.656352,
            0.665616,
            0.676971,
            0.683661,
            0.697033,
            0.600617,
            0.513502,
            0.589747
        ],
        [
            0.518788,
            0.582823,
            0.58639,
            0.040196,
            0.0,
            0.064638,
            0.058577000000000004,
            0.24694099999999997,
            0.282485,
            0.25618199999999997,
            0.28776399999999996,
            0.340287,
            0.34695499999999996,
            0.531631,
            0.5980719999999999,
            0.505001,
            0.5150619999999999,
            0.46282500000000004,
            0.533109,
            0.462741,
            0.473246,
            0.447229,
            0.491584,
            0.506749,
            0.5973869999999999,
            0.641185,
            0.6341509999999999,
            0.665466,
            0.688321,
            0.673414,
            0.630754,
            0.613381,
            0.607461,
            0.753511,
            0.580239,
            0.5471900000000001,
            0.577755,
            0.6494,
            0.6586639999999999,
            0.6700189999999999,
            0.676709,
            0.6900809999999999,
            0.593665,
            0.5065500000000001,
            0.582795
        ],
        [
            0.533466,
            0.5975010000000001,
            0.601068,
            0.07159,
            0.064638,
            0.0,
            0.056405,
            0.261619,
            0.297163,
            0.27086,
            0.302442,
            0.354965,
            0.361633,
            0.5463089999999999,
            0.61275,
            0.519679,
            0.52974,
            0.477503,
            0.547787,
            0.47741900000000004,
            0.487924,
            0.461907,
            0.506262,
            0.5214270000000001,
            0.612065,
            0.6558630000000001,
            0.648829,
            0.6801440000000001,
            0.702999,
            0.688092,
            0.645432,
            0.6280589999999999,
            0.622139,
            0.768189,
            0.5949169999999999,
            0.561868,
            0.592433,
            0.664078,
            0.673342,
            0.684697,
            0.691387,
            0.704759,
            0.6083430000000001,
            0.521228,
            0.597473
        ],
        [
            0.527405,
            0.59144,
            0.5950070000000001,
            0.065529,
            0.058577000000000004,
            0.056405,
            0.0,
            0.25555799999999995,
            0.29110199999999997,
            0.264799,
            0.296381,
            0.348904,
            0.355572,
            0.5402480000000001,
            0.606689,
            0.513618,
            0.523679,
            0.471442,
            0.541726,
            0.47135800000000005,
            0.48186300000000004,
            0.45584600000000003,
            0.500201,
            0.515366,
            0.606004,
            0.649802,
            0.642768,
            0.674083,
            0.6969380000000001,
            0.682031,
            0.639371,
            0.621998,
            0.616078,
            0.762128,
            0.588856,
            0.555807,
            0.586372,
            0.6580170000000001,
            0.667281,
            0.678636,
            0.685326,
            0.698698,
            0.602282,
            0.515167,
            0.591412
        ],
        [
            0.561269,
            0.625304,
            0.628871,
            0.253893,
            0.24694099999999997,
            0.261619,
            0.25555799999999995,
            0.0,
            0.136828,
            0.185275,
            0.291863,
            0.382768,
            0.38943599999999995,
            0.574112,
            0.6405529999999999,
            0.547482,
            0.5575429999999999,
            0.505306,
            0.57559,
            0.5052220000000001,
            0.515727,
            0.48971,
            0.534065,
            0.54923,
            0.6398679999999999,
            0.683666,
            0.6766319999999999,
            0.707947,
            0.730802,
            0.715895,
            0.673235,
            0.655862,
            0.649942,
            0.795992,
            0.6227199999999999,
            0.5896710000000001,
            0.620236,
            0.691881,
            0.7011449999999999,
            0.7124999999999999,
            0.71919,
            0.7325619999999999,
            0.636146,
            0.549031,
            0.6252759999999999
        ],
        [
            0.596813,
            0.660848,
            0.664415,
            0.289437,
            0.282485,
            0.297163,
            0.29110199999999997,
            0.136828,
            0.0,
            0.220819,
            0.327407,
            0.418312,
            0.42497999999999997,
            0.609656,
            0.676097,
            0.583026,
            0.5930869999999999,
            0.54085,
            0.6111340000000001,
            0.5407660000000001,
            0.5512710000000001,
            0.525254,
            0.569609,
            0.584774,
            0.6754119999999999,
            0.71921,
            0.7121759999999999,
            0.743491,
            0.766346,
            0.751439,
            0.708779,
            0.691406,
            0.685486,
            0.831536,
            0.658264,
            0.6252150000000001,
            0.65578,
            0.727425,
            0.7366889999999999,
            0.7480439999999999,
            0.754734,
            0.768106,
            0.67169,
            0.5845750000000001,
            0.66082
        ],
        [
            0.57051,
            0.6345449999999999,
            0.638112,
            0.263134,
            0.25618199999999997,
            0.27086,
            0.264799,
            0.185275,
            0.220819,
            0.0,
            0.301104,
            0.39200899999999994,
            0.39867699999999995,
            0.583353,
            0.649794,
            0.556723,
            0.566784,
            0.514547,
            0.584831,
            0.514463,
            0.524968,
            0.498951,
            0.543306,
            0.5584709999999999,
            0.6491089999999999,
            0.6929069999999999,
            0.685873,
            0.7171879999999999,
            0.740043,
            0.725136,
            0.682476,
            0.665103,
            0.659183,
            0.805233,
            0.631961,
            0.598912,
            0.629477,
            0.701122,
            0.710386,
            0.721741,
            0.7284309999999999,
            0.741803,
            0.6453869999999999,
            0.558272,
            0.634517
        ],
        [
            0.602092,
            0.6661269999999999,
            0.669694,
            0.294716,
            0.28776399999999996,
            0.302442,
            0.296381,
            0.291863,
            0.327407,
            0.301104,
            0.0,
            0.42359099999999994,
            0.43025899999999995,
            0.614935,
            0.681376,
            0.588305,
            0.598366,
            0.546129,
            0.616413,
            0.546045,
            0.55655,
            0.5305329999999999,
            0.574888,
            0.5900529999999999,
            0.6806909999999999,
            0.7244889999999999,
            0.717455,
            0.7487699999999999,
            0.771625,
            0.756718,
            0.714058,
            0.696685,
            0.690765,
            0.836815,
            0.663543,
            0.630494,
            0.661059,
            0.732704,
            0.741968,
            0.753323,
            0.7600129999999999,
            0.773385,
            0.6769689999999999,
            0.589854,
            0.666099
        ],
        [
            0.5292830000000001,
            0.593318,
            0.596885,
            0.34723899999999996,
            0.340287,
            0.354965,
            0.348904,
            0.382768,
            0.418312,
            0.39200899999999994,
            0.42359099999999994,
            0.0,
            0.35745,
            0.542126,
            0.6085670000000001,
            0.5154960000000001,
            0.525557,
            0.4733200000000001,
            0.543604,
            0.47323600000000005,
            0.48374100000000003,
            0.457724,
            0.502079,
            0.517244,
            0.607882,
            0.65168,
            0.644646,
            0.675961,
            0.6988160000000001,
            0.6839090000000001,
            0.641249,
            0.623876,
            0.617956,
            0.764006,
            0.590734,
            0.557685,
            0.5882499999999999,
            0.659895,
            0.6691590000000001,
            0.6805140000000001,
            0.6872039999999999,
            0.7005760000000001,
            0.60416,
            0.517045,
            0.5932900000000001
        ],
        [
            0.415311,
            0.479346,
            0.48291300000000004,
            0.35390699999999997,
            0.34695499999999996,
            0.361633,
            0.355572,
            0.38943599999999995,
            0.42497999999999997,
            0.39867699999999995,
            0.43025899999999995,
            0.35745,
            0.0,
            0.428154,
            0.494595,
            0.401524,
            0.411585,
            0.359348,
            0.429632,
            0.35926400000000003,
            0.369769,
            0.343752,
            0.388107,
            0.403272,
            0.49390999999999996,
            0.5377080000000001,
            0.530674,
            0.5619890000000001,
            0.584844,
            0.569937,
            0.527277,
            0.5099039999999999,
            0.503984,
            0.650034,
            0.47676199999999996,
            0.443713,
            0.474278,
            0.5459229999999999,
            0.555187,
            0.566542,
            0.573232,
            0.586604,
            0.490188,
            0.403073,
            0.479318
        ],
        [
            0.533165,
            0.5972,
            0.6007669999999999,
            0.538583,
            0.531631,
            0.5463089999999999,
            0.5402480000000001,
            0.574112,
            0.609656,
            0.583353,
            0.614935,
            0.542126,
            0.428154,
            0.0,
            0.488377,
            0.519378,
            0.529439,
            0.477202,
            0.5474859999999999,
            0.477118,
            0.487623,
            0.46160599999999996,
            0.505961,
            0.521126,
            0.611764,
            0.655562,
            0.648528,
            0.679843,
            0.702698,
            0.687791,
            0.6451309999999999,
            0.6277579999999999,
            0.6218379999999999,
            0.7678879999999999,
            0.5946159999999999,
            0.5615669999999999,
            0.5921319999999999,
            0.663777,
            0.673041,
            0.684396,
            0.6910859999999999,
            0.704458,
            0.608042,
            0.5209269999999999,
            0.597172
        ],
        [
            0.599606,
            0.6636409999999999,
            0.667208,
            0.605024,
            0.5980719999999999,
            0.61275,
            0.606689,
            0.6405529999999999,
            0.676097,
            0.649794,
            0.681376,
            0.6085670000000001,
            0.494595,
            0.488377,
            0.0,
            0.585819,
            0.59588,
            0.543643,
            0.613927,
            0.543559,
            0.554064,
            0.5280469999999999,
            0.572402,
            0.587567,
            0.678205,
            0.722003,
            0.714969,
            0.746284,
            0.769139,
            0.754232,
            0.711572,
            0.694199,
            0.688279,
            0.834329,
            0.661057,
            0.628008,
            0.658573,
            0.730218,
            0.739482,
            0.750837,
            0.757527,
            0.770899,
            0.6744829999999999,
            0.587368,
            0.663613
        ],
        [
            0.506535,
            0.57057,
            0.574137,
            0.511953,
            0.505001,
            0.519679,
            0.513618,
            0.547482,
            0.583026,
            0.556723,
            0.588305,
            0.5154960000000001,
            0.401524,
            0.519378,
            0.585819,
            0.0,
            0.359867,
            0.30763,
            0.37791399999999997,
            0.38675800000000005,
            0.39726300000000003,
            0.37124599999999996,
            0.415601,
            0.430766,
            0.5851339999999999,
            0.628932,
            0.621898,
            0.653213,
            0.676068,
            0.661161,
            0.618501,
            0.601128,
            0.595208,
            0.741258,
            0.567986,
            0.534937,
            0.565502,
            0.637147,
            0.646411,
            0.657766,
            0.6644559999999999,
            0.677828,
            0.581412,
            0.494297,
            0.570542
        ],
        [
            0.5165959999999999,
            0.5806309999999999,
            0.584198,
            0.522014,
            0.5150619999999999,
            0.52974,
            0.523679,
            0.5575429999999999,
            0.5930869999999999,
            0.566784,
            0.598366,
            0.525557,
            0.411585,
            0.529439,
            0.59588,
            0.359867,
            0.0,
            0.21429900000000002,
            0.34213499999999997,
            0.39681900000000003,
            0.407324,
            0.38130699999999995,
            0.425662,
            0.44082699999999997,
            0.5951949999999999,
            0.6389929999999999,
            0.6319589999999999,
            0.6632739999999999,
            0.686129,
            0.671222,
            0.628562,
            0.611189,
            0.605269,
            0.751319,
            0.578047,
            0.544998,
            0.5755629999999999,
            0.647208,
            0.6564719999999999,
            0.667827,
            0.6745169999999999,
            0.687889,
            0.5914729999999999,
            0.504358,
            0.580603
        ],
        [
            0.46435899999999997,
            0.528394,
            0.531961,
            0.469777,
            0.46282500000000004,
            0.477503,
            0.471442,
            0.505306,
            0.54085,
            0.514547,
            0.546129,
            0.4733200000000001,
            0.359348,
            0.477202,
            0.543643,
            0.30763,
            0.21429900000000002,
            0.0,
            0.289898,
            0.34458200000000005,
            0.35508700000000004,
            0.32907,
            0.373425,
            0.38859,
            0.5429579999999999,
            0.586756,
            0.579722,
            0.611037,
            0.633892,
            0.618985,
            0.576325,
            0.558952,
            0.553032,
            0.699082,
            0.52581,
            0.492761,
            0.523326,
            0.594971,
            0.604235,
            0.61559,
            0.6222799999999999,
            0.635652,
            0.539236,
            0.452121,
            0.528366
        ],
        [
            0.534643,
            0.598678,
            0.602245,
            0.540061,
            0.533109,
            0.547787,
            0.541726,
            0.57559,
            0.6111340000000001,
            0.584831,
            0.616413,
            0.543604,
            0.429632,
            0.5474859999999999,
            0.613927,
            0.37791399999999997,
            0.34213499999999997,
            0.289898,
            0.0,
            0.414866,
            0.425371,
            0.399354,
            0.443709,
            0.458874,
            0.613242,
            0.6570400000000001,
            0.650006,
            0.6813210000000001,
            0.704176,
            0.689269,
            0.646609,
            0.6292359999999999,
            0.623316,
            0.769366,
            0.5960939999999999,
            0.563045,
            0.59361,
            0.6652549999999999,
            0.674519,
            0.685874,
            0.692564,
            0.705936,
            0.6095200000000001,
            0.522405,
            0.59865
        ],
        [
            0.464275,
            0.5283100000000001,
            0.531877,
            0.469693,
            0.462741,
            0.47741900000000004,
            0.47135800000000005,
            0.5052220000000001,
            0.5407660000000001,
            0.514463,
            0.546045,
            0.47323600000000005,
            0.35926400000000003,
            0.477118,
            0.543559,
            0.38675800000000005,
            0.39681900000000003,
            0.34458200000000005,
            0.414866,
            0.0,
            0.17122500000000002,
            0.223738,
            0.322681,
            0.33784600000000004,
            0.542874,
            0.5866720000000001,
            0.579638,
            0.6109530000000001,
            0.633808,
            0.618901,
            0.576241,
            0.5588679999999999,
            0.552948,
            0.698998,
            0.5257259999999999,
            0.49267700000000003,
            0.523242,
            0.5948869999999999,
            0.604151,
            0.615506,
            0.622196,
            0.635568,
            0.5391520000000001,
            0.452037,
            0.528282
        ],
        [
            0.47478,
            0.538815,
            0.542382,
            0.480198,
            0.473246,
            0.487924,
            0.48186300000000004,
            0.515727,
            0.5512710000000001,
            0.524968,
            0.55655,
            0.48374100000000003,
            0.369769,
            0.487623,
            0.554064,
            0.39726300000000003,
            0.407324,
            0.35508700000000004,
            0.425371,
            0.17122500000000002,
            0.0,
            0.23424299999999998,
            0.333186,
            0.348351,
            0.553379,
            0.5971770000000001,
            0.590143,
            0.6214580000000001,
            0.644313,
            0.629406,
            0.586746,
            0.5693729999999999,
            0.563453,
            0.709503,
            0.5362309999999999,
            0.503182,
            0.533747,
            0.6053919999999999,
            0.614656,
            0.626011,
            0.632701,
            0.646073,
            0.5496570000000001,
            0.462542,
            0.538787
        ],
        [
            0.448763,
            0.512798,
            0.516365,
            0.454181,
            0.447229,
            0.461907,
            0.45584600000000003,
            0.48971,
            0.525254,
            0.498951,
            0.5305329999999999,
            0.457724,
            0.343752,
            0.46160599999999996,
            0.5280469999999999,
            0.37124599999999996,
            0.38130699999999995,
            0.32907,
            0.399354,
            0.223738,
            0.23424299999999998,
            0.0,
            0.307169,
            0.322334,
            0.5273619999999999,
            0.57116,
            0.5641259999999999,
            0.595441,
            0.618296,
            0.603389,
            0.560729,
            0.543356,
            0.537436,
            0.683486,
            0.510214,
            0.477165,
            0.50773,
            0.579375,
            0.5886389999999999,
            0.5999939999999999,
            0.606684,
            0.6200559999999999,
            0.52364,
            0.436525,
            0.51277
        ],
        [
            0.49311799999999995,
            0.557153,
            0.56072,
            0.498536,
            0.491584,
            0.506262,
            0.500201,
            0.534065,
            0.569609,
            0.543306,
            0.574888,
            0.502079,
            0.388107,
            0.505961,
            0.572402,
            0.415601,
            0.425662,
            0.373425,
            0.443709,
            0.322681,
            0.333186,
            0.307169,
            0.0,
            0.15592299999999998,
            0.5717169999999999,
            0.615515,
            0.6084809999999999,
            0.639796,
            0.662651,
            0.647744,
            0.605084,
            0.587711,
            0.581791,
            0.727841,
            0.554569,
            0.52152,
            0.5520849999999999,
            0.62373,
            0.632994,
            0.644349,
            0.6510389999999999,
            0.664411,
            0.567995,
            0.48088,
            0.557125
        ],
        [
            0.508283,
            0.572318,
            0.575885,
            0.513701,
            0.506749,
            0.5214270000000001,
            0.515366,
            0.54923,
            0.584774,
            0.5584709999999999,
            0.5900529999999999,
            0.517244,
            0.403272,
            0.521126,
            0.587567,
            0.430766,
            0.44082699999999997,
            0.38859,
            0.458874,
            0.33784600000000004,
            0.348351,
            0.322334,
            0.15592299999999998,
            0.0,
            0.5868819999999999,
            0.63068,
            0.6236459999999999,
            0.654961,
            0.677816,
            0.662909,
            0.620249,
            0.602876,
            0.596956,
            0.743006,
            0.569734,
            0.5366850000000001,
            0.56725,
            0.638895,
            0.6481589999999999,
            0.6595139999999999,
            0.666204,
            0.679576,
            0.58316,
            0.496045,
            0.57229
        ],
        [
            0.5989209999999999,
            0.6629559999999999,
            0.666523,
            0.604339,
            0.5973869999999999,
            0.612065,
            0.606004,
            0.6398679999999999,
            0.6754119999999999,
            0.6491089999999999,
            0.6806909999999999,
            0.607882,
            0.49390999999999996,
            0.611764,
            0.678205,
            0.5851339999999999,
            0.5951949999999999,
            0.5429579999999999,
            0.613242,
            0.542874,
            0.553379,
            0.5273619999999999,
            0.5717169999999999,
            0.5868819999999999,
            0.0,
            0.448102,
            0.441068,
            0.472383,
            0.495238,
            0.559473,
            0.516813,
            0.49944,
            0.49351999999999996,
            0.63957,
            0.466298,
            0.433249,
            0.46381399999999995,
            0.535459,
            0.544723,
            0.556078,
            0.5627679999999999,
            0.57614,
            0.562054,
            0.548569,
            0.662928
        ],
        [
            0.642719,
            0.706754,
            0.710321,
            0.648137,
            0.641185,
            0.6558630000000001,
            0.649802,
            0.683666,
            0.71921,
            0.6929069999999999,
            0.7244889999999999,
            0.65168,
            0.5377080000000001,
            0.655562,
            0.722003,
            0.628932,
            0.6389929999999999,
            0.586756,
            0.6570400000000001,
            0.5866720000000001,
            0.5971770000000001,
            0.57116,
            0.615515,
            0.63068,
            0.448102,
            0.0,
            0.01836,
            0.23239700000000002,
            0.416238,
            0.6032710000000001,
            0.560611,
            0.543238,
            0.537318,
            0.683368,
            0.510096,
            0.477047,
            0.507612,
            0.579257,
            0.5885210000000001,
            0.5998760000000001,
            0.6065659999999999,
            0.6199380000000001,
            0.6058520000000001,
            0.5923670000000001,
            0.706726
        ],
        [
            0.635685,
            0.6997199999999999,
            0.703287,
            0.641103,
            0.6341509999999999,
            0.648829,
            0.642768,
            0.6766319999999999,
            0.7121759999999999,
            0.685873,
            0.717455,
            0.644646,
            0.530674,
            0.648528,
            0.714969,
            0.621898,
            0.6319589999999999,
            0.579722,
            0.650006,
            0.579638,
            0.590143,
            0.5641259999999999,
            0.6084809999999999,
            0.6236459999999999,
            0.441068,
            0.01836,
            0.0,
            0.225363,
            0.409204,
            0.596237,
            0.553577,
            0.5362039999999999,
            0.530284,
            0.676334,
            0.503062,
            0.470013,
            0.500578,
            0.5722229999999999,
            0.581487,
            0.592842,
            0.599532,
            0.612904,
            0.5988180000000001,
            0.585333,
            0.699692
        ],
        [
            0.667,
            0.731035,
            0.734602,
            0.672418,
            0.665466,
            0.6801440000000001,
            0.674083,
            0.707947,
            0.743491,
            0.7171879999999999,
            0.7487699999999999,
            0.675961,
            0.5619890000000001,
            0.679843,
            0.746284,
            0.653213,
            0.6632739999999999,
            0.611037,
            0.6813210000000001,
            0.6109530000000001,
            0.6214580000000001,
            0.595441,
            0.639796,
            0.654961,
            0.472383,
            0.23239700000000002,
            0.225363,
            0.0,
            0.440519,
            0.6275520000000001,
            0.584892,
            0.567519,
            0.561599,
            0.707649,
            0.534377,
            0.501328,
            0.531893,
            0.603538,
            0.6128020000000001,
            0.6241570000000001,
            0.6308469999999999,
            0.6442190000000001,
            0.630133,
            0.6166480000000001,
            0.731007
        ],
        [
            0.689855,
            0.75389,
            0.7574569999999999,
            0.695273,
            0.688321,
            0.702999,
            0.6969380000000001,
            0.730802,
            0.766346,
            0.740043,
            0.771625,
            0.6988160000000001,
            0.584844,
            0.702698,
            0.769139,
            0.676068,
            0.686129,
            0.633892,
            0.704176,
            0.633808,
            0.644313,
            0.618296,
            0.662651,
            0.677816,
            0.495238,
            0.416238,
            0.409204,
            0.440519,
            0.0,
            0.6504070000000001,
            0.607747,
            0.590374,
            0.584454,
            0.730504,
            0.5572320000000001,
            0.5241830000000001,
            0.554748,
            0.626393,
            0.635657,
            0.647012,
            0.653702,
            0.6670740000000001,
            0.6529880000000001,
            0.639503,
            0.753862
        ],
        [
            0.674948,
            0.738983,
            0.7425499999999999,
            0.680366,
            0.673414,
            0.688092,
            0.682031,
            0.715895,
            0.751439,
            0.725136,
            0.756718,
            0.6839090000000001,
            0.569937,
            0.687791,
            0.754232,
            0.661161,
            0.671222,
            0.618985,
            0.689269,
            0.618901,
            0.629406,
            0.603389,
            0.647744,
            0.662909,
            0.559473,
            0.6032710000000001,
            0.596237,
            0.6275520000000001,
            0.6504070000000001,
            0.0,
            0.485386,
            0.468013,
            0.46209300000000003,
            0.608143,
            0.434871,
            0.401822,
            0.481499,
            0.5531440000000001,
            0.562408,
            0.573763,
            0.580453,
            0.593825,
            0.6380810000000001,
            0.624596,
            0.738955
        ],
        [
            0.632288,
            0.696323,
            0.69989,
            0.637706,
            0.630754,
            0.645432,
            0.639371,
            0.673235,
            0.708779,
            0.682476,
            0.714058,
            0.641249,
            0.527277,
            0.6451309999999999,
            0.711572,
            0.618501,
            0.628562,
            0.576325,
            0.646609,
            0.576241,
            0.586746,
            0.560729,
            0.605084,
            0.620249,
            0.516813,
            0.560611,
            0.553577,
            0.584892,
            0.607747,
            0.485386,
            0.0,
            0.219973,
            0.214053,
            0.565483,
            0.392211,
            0.359162,
            0.438839,
            0.5104839999999999,
            0.519748,
            0.531103,
            0.537793,
            0.551165,
            0.595421,
            0.581936,
            0.696295
        ],
        [
            0.614915,
            0.6789499999999999,
            0.6825169999999999,
            0.620333,
            0.613381,
            0.6280589999999999,
            0.621998,
            0.655862,
            0.691406,
            0.665103,
            0.696685,
            0.623876,
            0.5099039999999999,
            0.6277579999999999,
            0.694199,
            0.601128,
            0.611189,
            0.558952,
            0.6292359999999999,
            0.5588679999999999,
            0.5693729999999999,
            0.543356,
            0.587711,
            0.602876,
            0.49944,
            0.543238,
            0.5362039999999999,
            0.567519,
            0.590374,
            0.468013,
            0.219973,
            0.0,
            0.13428400000000001,
            0.54811,
            0.374838,
            0.341789,
            0.421466,
            0.49311099999999997,
            0.502375,
            0.51373,
            0.52042,
            0.533792,
            0.578048,
            0.5645629999999999,
            0.678922
        ],
        [
            0.608995,
            0.67303,
            0.676597,
            0.614413,
            0.607461,
            0.622139,
            0.616078,
            0.649942,
            0.685486,
            0.659183,
            0.690765,
            0.617956,
            0.503984,
            0.6218379999999999,
            0.688279,
            0.595208,
            0.605269,
            0.553032,
            0.623316,
            0.552948,
            0.563453,
            0.537436,
            0.581791,
            0.596956,
            0.49351999999999996,
            0.537318,
            0.530284,
            0.561599,
            0.584454,
            0.46209300000000003,
            0.214053,
            0.13428400000000001,
            0.0,
            0.54219,
            0.368918,
            0.33586900000000003,
            0.41554599999999997,
            0.48719100000000004,
            0.496455,
            0.50781,
            0.5145,
            0.527872,
            0.572128,
            0.558643,
            0.673002
        ],
        [
            0.755045,
            0.8190799999999999,
            0.8226469999999999,
            0.760463,
            0.753511,
            0.768189,
            0.762128,
            0.795992,
            0.831536,
            0.805233,
            0.836815,
            0.764006,
            0.650034,
            0.7678879999999999,
            0.834329,
            0.741258,
            0.751319,
            0.699082,
            0.769366,
            0.698998,
            0.709503,
            0.683486,
            0.727841,
            0.743006,
            0.63957,
            0.683368,
            0.676334,
            0.707649,
            0.730504,
            0.608143,
            0.565483,
            0.54811,
            0.54219,
            0.0,
            0.514968,
            0.481919,
            0.561596,
            0.6332409999999999,
            0.642505,
            0.65386,
            0.66055,
            0.673922,
            0.718178,
            0.704693,
            0.819052
        ],
        [
            0.581773,
            0.6458079999999999,
            0.6493749999999999,
            0.587191,
            0.580239,
            0.5949169999999999,
            0.588856,
            0.6227199999999999,
            0.658264,
            0.631961,
            0.663543,
            0.590734,
            0.47676199999999996,
            0.5946159999999999,
            0.661057,
            0.567986,
            0.578047,
            0.52581,
            0.5960939999999999,
            0.5257259999999999,
            0.5362309999999999,
            0.510214,
            0.554569,
            0.569734,
            0.466298,
            0.510096,
            0.503062,
            0.534377,
            0.5572320000000001,
            0.434871,
            0.392211,
            0.374838,
            0.368918,
            0.514968,
            0.0,
            0.231169,
            0.388324,
            0.45996899999999996,
