{
    "NEXUS_FILE_URL": "http://purl.org/phylo/treebase/phylows/study/TB2:S15970",
    "NEWICK_TREE": "((((((((((33:0.3743794166722796,36:0.05690352364295981):0.04033320931303486,37:0.017317209266848765):0.014060966229098693,35:0.07245017410201493):0.025146580877038582,34:0.10555223562185856):0.08769091058466061,38:0.11713199143922459):0.07077111912438405,(39:0.1591936538546257,(40:0.16846864812837703,(41:0.11446480597983788,42:0.12268647228334317):0.14852639989028038):0.10952568509808192):0.0893671240592091):0.04765743092233721,43:0.32966151670757937):0.09667746775707631,(((44:0.26412575893369317,45:0.17858500651519216):0.19480709298714083,46:0.20315041685063084,(47:0.2788312777824449,(48:0.15312991125597186,(49:0.08869924592783551,50:0.04752290792665104):0.22224449902558163):0.2356129570201908):0.3357188987401514,(52:0.3067434758521941,53:0.6910526043414289):0.24761737310413712):0.3152291603137394,51:0.2972857850776931):0.4171220454724289):0.23685890469266235,((((26:0.027472796244523368,27:0.05100871198125745):0.5934111418631138,(30:0.5875659215153355,(31:0.1145228303146899,32:0.01986039722670596):0.9220755658984576):0.30067432071311084):0.07734906962473254,(28:0.07637084947173212,29:0.009678566695822566):0.47820967386069757):0.14365368016631042,((((((12:0.12703649524728933,13:0.11257443593689609):0.12577186232923077,16:0.49856652399991797):0.07406718605752305,14:0.14673020775586143,15:0.059129419289515095):0.20906261672206128,17:0.11488562707592442):0.040990096776939655,(18:0.092801200509679,(((19:0.4699385986949447,25:0.2672463942294667):0.07087885105705682,(20:0.20613565368172093,21:0.12426950123774971):0.1423214982879788):0.07410053047825627,(22:0.259265389223319,(23:0.1382653770788289,24:0.14285629279497036):0.14602687185068408):0.04235900164937911):0.06610835392064685):0.19299537743836015):0.14714011574299057,(11:0.08710092886386445,((8:0.05298873222053224,(9:0.11143558719254631,10:0.21903392472210426):0.08522515907634842):0.040441138997697745,(7:0.07345728047023359,(6:0.10491208951307662,(((3:0.021811359447556633,4:0.09193183918241088):0.017409048166617147,5:0.019057558752079373):0.017048204184382687,(1:0.06275392523049872,2:0.03519391300332941):0.040831112851430706):0.029950097024881384):0.05654855693956451):0.027703044152675105):0.04128574624090442):0.122832316602981):0.10813699425405288):0.066610222340719):0.6391797561589785,54:1.278359512317957);",
    "DISTANCE_MATRIX": [
        [
            0.0,
            0.4312829403152394,
            0.4320298352521632,
            0.5012237663164281,
            0.5594724087133103,
            0.6587430751153369,
            0.8609429807143312,
            0.9797436600861644,
            1.0742662178279057,
            1.082487884131411,
            0.989701150430413,
            1.9480011591869122,
            1.8624604067684112,
            1.692218724116709,
            2.1036184837886744,
            2.2135300742823922,
            2.3713439079798375,
            2.330167569978653,
            2.0434291562224094,
            2.427738284711644,
            1.471124932030032,
            1.9020729164119714,
            1.9256088321487055,
            2.1694292205327805,
            2.6184616952305926,
            2.5237992621426084,
            1.7584204320120314,
            1.6917281492361218,
            1.8923915956433788,
            1.8779295363329855,
            2.1381497620667766,
            1.712246259765197,
            1.6246454712988507,
            1.4713390623631988,
            1.6012599164583738,
            2.1894850500995995,
            1.9867928456341215,
            1.9971247523172977,
            1.9152585998733265,
            1.8761914607420398,
            1.9012183204482338,
            1.9058092361643753,
            1.3782564682341896,
            1.4258711568294595,
            1.569543170877822,
            1.67714150840738,
            1.4336016102341382,
            1.5216049762165458,
            1.502911595526907,
            1.5730320752617613,
            1.4827487466648126,
            1.55022802181028,
            1.5226680095831107,
            2.9111152746495077
        ],
        [
            0.4312829403152394,
            0.0,
            0.11455394222284343,
            0.1837478732871083,
            0.2419965156839905,
            0.34126718208601714,
            0.5434670876850114,
            0.6622677670568446,
            0.7567903247985859,
            0.7650119911020912,
            0.6722252574010932,
            1.6305252661575924,
            1.5449845137390914,
            1.3747428310873893,
            1.7861425907593547,
            1.8960541812530725,
            2.0538680149505177,
            2.0126916769493333,
            1.7259532631930896,
            2.1102623916823244,
            1.1536490390007121,
            1.5845970233826516,
            1.6081329391193857,
            1.8519533275034608,
            2.300985802201273,
            2.2063233691132886,
            1.4409445389827116,
            1.374252256206802,
            1.574915702614059,
            1.5604536433036658,
            1.8206738690374569,
            1.3947703667358773,
            1.307169578269531,
            1.153863169333879,
            1.283784023429054,
            1.8720091570702797,
            1.6693169526048017,
            1.679648859287978,
            1.5977827068440067,
            1.55871556771272,
            1.583742427418914,
            1.5883333431350555,
            1.0607805752048698,
            1.1083952638001398,
            1.2520672778485022,
            1.3596656153780602,
            1.1161257172048185,
            1.204129083187226,
            1.1854357024975872,
            1.2555561822324415,
            1.1652728536354928,
            1.2327521287809602,
            1.2051921165537909,
            2.593639381620188
        ],
        [
            0.4320298352521632,
            0.11455394222284343,
            0.0,
            0.10382834959796239,
            0.1620769919948446,
            0.26134765839687124,
            0.4635475639958655,
            0.5823482433676987,
            0.67687080110944,
            0.6850924674129453,
            0.5923057337119473,
            1.5506057424684465,
            1.4650649900499455,
            1.2948233073982434,
            1.7062230670702088,
            1.8161346575639266,
            1.9739484912613718,
            1.9327721532601874,
            1.6460337395039437,
            2.0303428679931788,
            1.0737295153115662,
            1.5046774996935057,
            1.5282134154302398,
            1.7720338038143149,
            2.2210662785121267,
            2.126403845424143,
            1.3610250152935657,
            1.2943327325176561,
            1.494996178924913,
            1.4805341196145199,
            1.740754345348311,
            1.3148508430467314,
            1.227250054580385,
            1.073943645644733,
            1.2038644997399082,
            1.7920896333811338,
            1.5893974289156558,
            1.599729335598832,
            1.5178631831548608,
            1.4787960440235741,
            1.5038229037297681,
            1.5084138194459096,
            0.9808610515157239,
            1.0284757401109939,
            1.1721477541593563,
            1.2797460916889143,
            1.0362061935156726,
            1.12420955949808,
            1.1055161788084413,
            1.1756366585432956,
            1.085353329946347,
            1.1528326050918143,
            1.125272592864645,
            2.513719857931042
        ],
        [
            0.5012237663164281,
            0.1837478732871083,
            0.10382834959796239,
            0.0,
            0.20314899060091207,
            0.3024196570029387,
            0.504619562601933,
            0.6234202419737662,
            0.7179427997155075,
            0.7261644660190127,
            0.6333777323180148,
            1.591677741074514,
            1.506136988656013,
            1.3358953060043108,
            1.7472950656762762,
            1.857206656169994,
            2.0150204898674393,
            1.9738441518662548,
            1.6871057381100112,
            2.071414866599246,
            1.1148015139176337,
            1.5457494982995732,
            1.5692854140363073,
            1.8131058024203823,
            2.2621382771181944,
            2.1674758440302107,
            1.4020970138996331,
            1.3354047311237236,
            1.5360681775309806,
            1.5216061182205873,
            1.7818263439543784,
            1.3559228416527989,
            1.2683220531864525,
            1.1150156442508006,
            1.2449364983459756,
            1.8331616319872013,
            1.6304694275217233,
            1.6408013342048995,
            1.5589351817609283,
            1.5198680426296416,
            1.5448949023358356,
            1.549485818051977,
            1.0219330501217914,
            1.0695477387170613,
            1.2132197527654238,
            1.3208180902949818,
            1.07727819212174,
            1.1652815581041476,
            1.1465881774145088,
            1.216708657149363,
            1.1264253285524144,
            1.1939046036978818,
            1.1663445914707125,
            2.5547918565371095
        ],
        [
            0.5594724087133103,
            0.2419965156839905,
            0.1620769919948446,
            0.20314899060091207,
            0.0,
            0.31037513764574376,
            0.512575043244738,
            0.6313757226165713,
            0.7258982803583125,
            0.7341199466618178,
            0.6413332129608198,
            1.599633221717319,
            1.514092469298818,
            1.3438507866471159,
            1.7552505463190813,
            1.865162136812799,
            2.0229759705102444,
            1.9817996325090599,
            1.6950612187528162,
            2.079370347242051,
            1.1227569945604388,
            1.5537049789423782,
            1.5772408946791123,
            1.8210612830631874,
            2.2700937577609994,
            2.1754313246730153,
            1.4100524945424382,
            1.3433602117665286,
            1.5440236581737856,
            1.5295615988633924,
            1.7897818245971835,
            1.363878322295604,
            1.2762775338292576,
            1.1229711248936056,
            1.2528919789887807,
            1.8411171126300063,
            1.6384249081645283,
            1.6487568148477045,
            1.5668906624037333,
            1.5278235232724466,
            1.5528503829786406,
            1.557441298694782,
            1.0298885307645964,
            1.0775032193598664,
            1.2211752334082289,
            1.3287735709377868,
            1.085233672764545,
            1.1732370387469526,
            1.1545436580573138,
            1.224664137792168,
            1.1343808091952194,
            1.2018600843406868,
            1.1743000721135175,
            2.5627473371799145
        ],
        [
            0.6587430751153369,
            0.34126718208601714,
            0.26134765839687124,
            0.3024196570029387,
            0.31037513764574376,
            0.0,
            0.43646388847744344,
            0.5552645678492767,
            0.6497871255910179,
            0.6580087918945232,
            0.5652220581935252,
            1.5235220669500245,
            1.4379813145315234,
            1.2677396318798213,
            1.6791393915517867,
            1.7890509820455045,
            1.9468648157429498,
            1.9056884777417653,
            1.6189500639855217,
            2.0032591924747565,
            1.0466458397931442,
            1.4775938241750837,
            1.5011297399118178,
            1.7449501282958928,
            2.193982602993705,
            2.099320169905721,
            1.3339413397751436,
            1.267249056999234,
            1.467912503406491,
            1.4534504440960978,
            1.713670669829889,
            1.2877671675283093,
            1.200166379061963,
            1.046859970126311,
            1.176780824221486,
            1.7650059578627117,
            1.5623137533972338,
            1.57264566008041,
            1.4907795076364387,
            1.451712368505152,
            1.476739228211346,
            1.4813301439274875,
            0.9537773759973018,
            1.0013920645925718,
            1.1450640786409343,
            1.2526624161704922,
            1.0091225179972505,
            1.097125883979658,
            1.0784325032900193,
            1.1485529830248735,
            1.0582696544279249,
            1.1257489295733922,
            1.098188917346223,
            2.48663618241262
        ],
        [
            0.8609429807143312,
            0.5434670876850114,
            0.4635475639958655,
            0.504619562601933,
            0.512575043244738,
            0.43646388847744344,
            0.0,
            0.43718798708108464,
            0.5317105448228259,
            0.5399322111263312,
            0.6258797255437514,
            1.5841797343002506,
            1.4986389818817496,
            1.3283972992300475,
            1.7397970589020129,
            1.8497086493957307,
            2.007522483093176,
            1.9663461450919915,
            1.6796077313357478,
            2.0639168598249826,
            1.1073035071433703,
            1.5382514915253098,
            1.561787407262044,
            1.805607795646119,
            2.254640270343931,
            2.159977837255947,
            1.3945990071253698,
            1.3279067243494602,
            1.5285701707567172,
            1.514108111446324,
            1.774328337180115,
            1.3484248348785355,
            1.2608240464121891,
            1.1075176374765372,
            1.2374384915717123,
            1.825663625212938,
            1.62297142074746,
            1.633303327430636,
            1.551437174986665,
            1.5123700358553782,
            1.5373968955615722,
            1.5419878112777137,
            1.014435043347528,
            1.062049731942798,
            1.2057217459911604,
            1.3133200835207184,
            1.0697801853474767,
            1.1577835513298842,
            1.1390901706402454,
            1.2092106503750997,
            1.118927321778151,
            1.1864065969236184,
            1.158846584696449,
            2.547293849762846
        ],
        [
            0.9797436600861644,
            0.6622677670568446,
            0.5823482433676987,
            0.6234202419737662,
            0.6313757226165713,
            0.5552645678492767,
            0.43718798708108464,
            0.0,
            0.4314598539984953,
            0.4396815203020006,
            0.7446804049155846,
            1.7029804136720839,
            1.6174396612535828,
            1.4471979786018807,
            1.8585977382738461,
            1.968509328767564,
            2.126323162465009,
            2.0851468244638247,
            1.798408410707581,
            2.182717539196816,
            1.2261041865152036,
            1.657052170897143,
            1.6805880866338772,
            1.9244084750179522,
            2.3734409497157642,
            2.2787785166277805,
            1.513399686497203,
            1.4467074037212935,
            1.6473708501285504,
            1.6329087908181572,
            1.8931290165519483,
            1.4672255142503687,
            1.3796247257840224,
            1.2263183168483704,
            1.3562391709435455,
            1.9444643045847712,
            1.7417721001192932,
            1.7521040068024694,
            1.6702378543584981,
            1.6311707152272115,
            1.6561975749334055,
            1.660788490649547,
            1.1332357227193612,
            1.1808504113146312,
            1.3245224253629937,
            1.4321207628925516,
            1.18858086471931,
            1.2765842307017174,
            1.2578908500120787,
            1.328011329746933,
            1.2377280011499843,
            1.3052072762954516,
            1.2776472640682823,
            2.6660945291346794
        ],
        [
            1.0742662178279057,
            0.7567903247985859,
            0.67687080110944,
            0.7179427997155075,
            0.7258982803583125,
            0.6497871255910179,
            0.5317105448228259,
            0.4314598539984953,
            0.0,
            0.23715127826318105,
            0.8392029626573259,
            1.797502971413825,
            1.711962218995324,
            1.541720536343622,
            1.9531202960155873,
            2.063031886509305,
            2.2208457202067504,
            2.179669382205566,
            1.8929309684493223,
            2.277240096938557,
            1.3206267442569448,
            1.7515747286388843,
            1.7751106443756184,
            2.0189310327596934,
            2.4679635074575055,
            2.3733010743695218,
            1.6079222442389443,
            1.5412299614630347,
            1.7418934078702917,
            1.7274313485598984,
            1.9876515742936895,
            1.56174807199211,
            1.4741472835257636,
            1.3208408745901117,
            1.4507617286852867,
            2.0389868623265124,
            1.8362946578610344,
            1.8466265645442106,
            1.7647604121002394,
            1.7256932729689527,
            1.7507201326751467,
            1.7553110483912882,
            1.2277582804611025,
            1.2753729690563724,
            1.419044983104735,
            1.5266433206342929,
            1.2831034224610511,
            1.3711067884434587,
            1.35241340775382,
            1.4225338874886742,
            1.3322505588917255,
            1.3997298340371929,
            1.3721698218100236,
            2.7606170868764206
        ],
        [
            1.082487884131411,
            0.7650119911020912,
            0.6850924674129453,
            0.7261644660190127,
            0.7341199466618178,
            0.6580087918945232,
            0.5399322111263312,
            0.4396815203020006,
            0.23715127826318105,
            0.0,
            0.8474246289608311,
            1.8057246377173304,
            1.7201838852988294,
            1.5499422026471272,
            1.9613419623190926,
            2.07125355281281,
            2.2290673865102555,
            2.187891048509071,
            1.9011526347528276,
            2.285461763242062,
            1.32884841056045,
            1.7597963949423896,
            1.7833323106791237,
            2.0271526990631985,
            2.476185173761011,
            2.381522740673027,
            1.6161439105424495,
            1.54945162776654,
            1.750115074173797,
            1.7356530148634037,
            1.9958732405971948,
            1.5699697382956153,
            1.482368949829269,
            1.329062540893617,
            1.458983394988792,
            2.0472085286300175,
            1.8445163241645397,
            1.8548482308477159,
            1.7729820784037447,
            1.733914939272458,
            1.758941798978652,
            1.7635327146947934,
            1.2359799467646078,
            1.2835946353598777,
            1.4272666494082402,
            1.5348649869377982,
            1.2913250887645564,
            1.379328454746964,
            1.3606350740573252,
            1.4307555537921794,
            1.3404722251952308,
            1.4079515003406982,
            1.3803914881135289,
            2.768838753179926
        ],
        [
            0.989701150430413,
            0.6722252574010932,
            0.5923057337119473,
            0.6333777323180148,
            0.6413332129608198,
            0.5652220581935252,
            0.6258797255437514,
            0.7446804049155846,
            0.8392029626573259,
            0.8474246289608311,
            0.0,
            1.617623042171658,
            1.532082289753157,
            1.3618406071014548,
            1.7732403667734202,
            1.883151957267138,
            2.0409657909645835,
            1.9997894529633988,
            1.7130510392071552,
            2.09736016769639,
            1.1407468150147777,
            1.5716947993967172,
            1.5952307151334513,
            1.8390511035175263,
            2.288083578215338,
            2.1934211451273544,
            1.4280423149967771,
            1.3613500322208676,
            1.5620134786281246,
            1.5475514193177313,
            1.8077716450515224,
            1.3818681427499429,
            1.2942673542835965,
            1.1409609453479446,
            1.2708817994431196,
            1.8591069330843453,
            1.6564147286188673,
            1.6667466353020435,
            1.5848804828580723,
            1.5458133437267856,
            1.5708402034329796,
            1.575431119149121,
            1.0478783512189354,
            1.0954930398142053,
            1.2391650538625678,
            1.3467633913921258,
            1.103223493218884,
            1.1912268592012916,
            1.1725334785116528,
            1.242653958246507,
            1.1523706296495584,
            1.2198499047950258,
            1.1922898925678564,
            2.5807371576342533
        ],
        [
            1.9480011591869122,
            1.6305252661575924,
            1.5506057424684465,
            1.591677741074514,
            1.599633221717319,
            1.5235220669500245,
            1.5841797343002506,
            1.7029804136720839,
            1.797502971413825,
            1.8057246377173304,
            1.617623042171658,
            0.0,
            0.4427107654488853,
            0.6620832687714648,
            1.0734830284434302,
            1.183394618937148,
            1.3412084526345933,
            1.3000321146334088,
            1.0132937008771652,
            1.3976028293664,
            1.0714477973122665,
            2.336639872639064,
            2.360175788375798,
            2.603996176759873,
            3.053028651457685,
            2.958366218369701,
            2.192987388239124,
            2.126295105463214,
            2.3269585518704714,
            2.312496492560078,
            2.572716718293869,
            2.1468132159922897,
            2.059212427525943,
            1.9059060185902912,
            2.0358268726854662,
            2.624052006326692,
            2.4213598018612137,
            2.43169170854439,
            2.349825556100419,
            2.310758416969132,
            2.335785276675326,
            2.3403761923914677,
            1.812823424461282,
            1.860438113056552,
            2.0041101271049144,
            2.1117084646344724,
            1.8681685664612306,
            1.9561719324436382,
            1.9374785517539994,
            2.0075990314888537,
            1.917315702891905,
            1.9847949780373724,
            1.957234965810203,
            3.3456822308766
        ],
        [
            1.8624604067684112,
            1.5449845137390914,
            1.4650649900499455,
            1.506136988656013,
            1.514092469298818,
            1.4379813145315234,
            1.4986389818817496,
            1.6174396612535828,
            1.711962218995324,
            1.7201838852988294,
            1.532082289753157,
            0.4427107654488853,
            0.0,
            0.5765425163529638,
            0.9879422760249292,
            1.097853866518647,
            1.2556677002160923,
            1.2144913622149078,
            0.9277529484586642,
            1.312062076947899,
            0.9859070448937655,
            2.251099120220563,
            2.2746350359572967,
            2.518455424341372,
            2.9674878990391838,
            2.8728254659512,
            2.1074466358206227,
            2.040754353044713,
            2.24141779945197,
            2.2269557401415767,
            2.487175965875368,
            2.0612724635737885,
            1.9736716751074421,
            1.8203652661717902,
            1.9502861202669652,
            2.538511253908191,
            2.335819049442713,
            2.3461509561258893,
            2.264284803681918,
            2.225217664550631,
            2.250244524256825,
            2.2548354399729664,
            1.727282672042781,
            1.774897360638051,
            1.9185693746864134,
            2.0261677122159716,
            1.7826278140427296,
            1.8706311800251372,
            1.8519377993354984,
            1.9220582790703526,
            1.831774950473404,
            1.8992542256188714,
            1.871694213391702,
            3.260141478458099
        ],
        [
            1.692218724116709,
            1.3747428310873893,
            1.2948233073982434,
            1.3358953060043108,
            1.3438507866471159,
            1.2677396318798213,
            1.3283972992300475,
            1.4471979786018807,
            1.541720536343622,
            1.5499422026471272,
            1.3618406071014548,
            0.6620832687714648,
            0.5765425163529638,
            0.0,
            0.8177005933732271,
            0.9276121838669449,
            1.0854260175643902,
            1.0442496795632057,
            0.757511265806962,
            1.1418203942961969,
            0.8156653622420633,
            2.0808574375688607,
            2.1043933533055945,
            2.34821374168967,
            2.7972462163874816,
            2.702583783299498,
            1.9372049531689206,
            1.870512670393011,
            2.071176116800268,
            2.0567140574898746,
            2.3169342832236657,
            1.8910307809220863,
            1.80342999245574,
            1.650123583520088,
            1.780044437615263,
            2.368269571256489,
            2.1655773667910108,
            2.175909273474187,
            2.0940431210302157,
            2.054975981898929,
            2.080002841605123,
            2.0845937573212643,
            1.5570409893910788,
            1.6046556779863488,
            1.7483276920347113,
            1.8559260295642692,
            1.6123861313910275,
            1.700389497373435,
            1.6816961166837963,
            1.7518165964186505,
            1.6615332678217019,
            1.7290125429671692,
            1.70145253074,
            3.0898997958063967
        ],
        [
            2.1036184837886744,
            1.7861425907593547,
            1.7062230670702088,
            1.7472950656762762,
            1.7552505463190813,
            1.6791393915517867,
            1.7397970589020129,
            1.8585977382738461,
            1.9531202960155873,
            1.9613419623190926,
            1.7732403667734202,
            1.0734830284434302,
            0.9879422760249292,
            0.8177005933732271,
            0.0,
            0.6675741460586075,
            0.8253879797560528,
            0.7842116417548683,
            1.1689110254789274,
            1.5532201539681623,
            1.2270651219140287,
            2.492257197240826,
            2.51579311297756,
            2.759613501361635,
            3.2086459760594472,
            3.1139835429714635,
            2.348604712840886,
            2.2819124300649767,
            2.482575876472233,
            2.46811381716184,
            2.7283340428956313,
            2.3024305405940515,
            2.2148297521277054,
            2.0615233431920537,
            2.1914441972872285,
            2.779669330928454,
            2.5769771264629764,
            2.5873090331461523,
            2.505442880702181,
            2.4663757415708947,
            2.4914026012770885,
            2.49599351699323,
            1.9684407490630442,
            2.016055437658314,
            2.1597274517066767,
            2.2673257892362346,
            2.023785891062993,
            2.1117892570454004,
            2.0930958763557617,
            2.163216356090616,
            2.0729330274936673,
            2.1404123026391346,
            2.1128522904119653,
            3.5012995554783624
        ],
        [
            2.2135300742823922,
            1.8960541812530725,
            1.8161346575639266,
            1.857206656169994,
            1.865162136812799,
            1.7890509820455045,
            1.8497086493957307,
            1.968509328767564,
            2.063031886509305,
            2.07125355281281,
            1.883151957267138,
            1.183394618937148,
            1.097853866518647,
            0.9276121838669449,
            0.6675741460586075,
            0.0,
            0.464073656209389,
            0.42289731820820453,
            1.2788226159726452,
            1.66313174446188,
            1.3369767124077465,
            2.602168787734544,
            2.625704703471278,
            2.869525091855353,
            3.318557566553165,
            3.223895133465181,
            2.458516303334604,
            2.391824020558694,
            2.5924874669659514,
            2.578025407655558,
            2.838245633389349,
            2.4123421310877697,
            2.324741342621423,
            2.171434933685771,
            2.3013557877809463,
            2.889580921422172,
            2.6868887169566937,
            2.69722062363987,
            2.615354471195899,
            2.576287332064612,
            2.6013141917708063,
            2.6059051074869477,
            2.078352339556762,
            2.125967028152032,
            2.2696390422003945,
            2.3772373797299524,
            2.1336974815567107,
            2.2217008475391182,
            2.2030074668494795,
            2.2731279465843337,
            2.182844617987385,
            2.2503238931328524,
            2.222763880905683,
            3.61121114597208
        ],
        [
            2.3713439079798375,
            2.0538680149505177,
            1.9739484912613718,
            2.0150204898674393,
            2.0229759705102444,
            1.9468648157429498,
            2.007522483093176,
            2.126323162465009,
            2.2208457202067504,
            2.2290673865102555,
            2.0409657909645835,
            1.3412084526345933,
            1.2556677002160923,
            1.0854260175643902,
            0.8253879797560528,
            0.464073656209389,
            0.0,
            0.13622215385448655,
            1.4366364496700905,
            1.8209455781593253,
            1.4947905461051918,
            2.7599826214319894,
            2.783518537168723,
            3.0273389255527983,
            3.4763714002506103,
            3.381708967162626,
            2.6163301370320493,
            2.5496378542561393,
            2.7503013006633967,
            2.7358392413530033,
            2.9960594670867944,
            2.570155964785215,
            2.4825551763188685,
            2.3292487673832163,
            2.4591696214783916,
            3.047394755119617,
            2.844702550654139,
            2.8550344573373154,
            2.7731683048933444,
            2.7341011657620573,
            2.7591280254682515,
            2.763718941184393,
            2.2361661732542073,
            2.2837808618494773,
            2.4274528758978398,
            2.5350512134273977,
            2.291511315254156,
            2.3795146812365635,
            2.3608213005469247,
            2.430941780281779,
            2.3406584516848303,
            2.4081377268302977,
            2.3805777146031284,
            3.7690249796695254
        ],
        [
            2.330167569978653,
            2.0126916769493333,
            1.9327721532601874,
            1.9738441518662548,
            1.9817996325090599,
            1.9056884777417653,
            1.9663461450919915,
            2.0851468244638247,
            2.179669382205566,
            2.187891048509071,
            1.9997894529633988,
            1.3000321146334088,
            1.2144913622149078,
            1.0442496795632057,
            0.7842116417548683,
            0.42289731820820453,
            0.13622215385448655,
            0.0,
            1.395460111668906,
            1.7797692401581409,
            1.4536142081040073,
            2.718806283430805,
            2.7423421991675387,
            2.986162587551614,
            3.435195062249426,
            3.3405326291614417,
            2.575153799030865,
            2.508461516254955,
            2.7091249626622123,
            2.694662903351819,
            2.95488312908561,
            2.5289796267840305,
            2.441378838317684,
            2.288072429382032,
            2.417993283477207,
            3.0062184171184327,
            2.8035262126529545,
            2.813858119336131,
            2.73199196689216,
            2.692924827760873,
            2.717951687467067,
            2.7225426031832085,
            2.194989835253023,
            2.242604523848293,
            2.3862765378966553,
            2.4938748754262132,
            2.2503349772529715,
            2.338338343235379,
            2.3196449625457403,
            2.3897654422805945,
            2.299482113683646,
            2.366961388829113,
            2.339401376601944,
            3.727848641668341
        ],
        [
            2.0434291562224094,
            1.7259532631930896,
            1.6460337395039437,
            1.6871057381100112,
            1.6950612187528162,
            1.6189500639855217,
            1.6796077313357478,
            1.798408410707581,
            1.8929309684493223,
            1.9011526347528276,
            1.7130510392071552,
            1.0132937008771652,
            0.9277529484586642,
            0.757511265806962,
            1.1689110254789274,
            1.2788226159726452,
            1.4366364496700905,
            1.395460111668906,
            0.0,
            0.997796080193623,
            1.1668757943477637,
            2.432067869674561,
            2.455603785411295,
            2.69942417379537,
            3.148456648493182,
            3.0537942154051985,
            2.2884153852746207,
            2.2217231024987116,
            2.422386548905968,
            2.407924489595575,
            2.6681447153293663,
            2.2422412130277865,
            2.1546404245614403,
            2.0013340156257886,
            2.1312548697209635,
            2.719480003362189,
            2.5167877988967113,
            2.5271197055798873,
            2.445253553135916,
            2.4061864140046296,
            2.4312132737108234,
            2.435804189426965,
            1.9082514214967792,
            1.9558661100920491,
            2.0995381241404116,
            2.2071364616699696,
            1.9635965634967278,
            2.0515999294791354,
            2.0329065487894966,
            2.103027028524351,
            2.012743699927402,
            2.0802229750728696,
            2.0526629628457003,
            3.4411102279120973
        ],
        [
            2.427738284711644,
            2.1102623916823244,
            2.0303428679931788,
            2.071414866599246,
            2.079370347242051,
            2.0032591924747565,
            2.0639168598249826,
            2.182717539196816,
            2.277240096938557,
            2.285461763242062,
            2.09736016769639,
            1.3976028293664,
            1.312062076947899,
            1.1418203942961969,
            1.5532201539681623,
            1.66313174446188,
            1.8209455781593253,
            1.7797692401581409,
            0.997796080193623,
            0.0,
            1.5511849228369985,
            2.816376998163796,
            2.83991291390053,
            3.083733302284605,
            3.532765776982417,
            3.438103343894433,
            2.672724513763856,
            2.606032230987946,
            2.8066956773952034,
            2.79223361808481,
            3.052453843818601,
            2.6265503415170217,
            2.538949553050675,
            2.385643144115023,
            2.5155639982101983,
            3.103789131851424,
            2.9010969273859457,
            2.911428834069122,
            2.829562681625151,
            2.790495542493864,
            2.8155224022000582,
            2.8201133179161997,
            2.292560549986014,
            2.340175238581284,
            2.4838472526296465,
            2.5914455901592044,
            2.3479056919859627,
            2.43590905796837,
            2.4172156772787314,
            2.4873361570135857,
            2.397052828416637,
            2.4645321035621044,
            2.436972091334935,
            3.825419356401332
        ],
        [
            1.471124932030032,
            1.1536490390007121,
            1.0737295153115662,
            1.1148015139176337,
            1.1227569945604388,
            1.0466458397931442,
            1.1073035071433703,
            1.2261041865152036,
            1.3206267442569448,
            1.32884841056045,
            1.1407468150147777,
            1.0714477973122665,
            0.9859070448937655,
            0.8156653622420633,
            1.2270651219140287,
            1.3369767124077465,
            1.4947905461051918,
            1.4536142081040073,
            1.1668757943477637,
            1.5511849228369985,
            0.0,
            1.8597636454821835,
            1.8832995612189176,
            2.1271199496029927,
            2.5761524243008047,
            2.481489991212821,
            1.7161111610822435,
            1.649418878306334,
            1.850082324713591,
            1.8356202654031977,
            2.095840491136989,
            1.6699369888354092,
            1.5823362003690629,
            1.429029791433411,
            1.558950645528586,
            2.1471757791698116,
            1.9444835747043336,
            1.9548154813875098,
            1.8729493289435386,
            1.833882189812252,
            1.858909049518446,
            1.8634999652345874,
            1.3359471973044017,
            1.3835618858996717,
            1.5272338999480342,
            1.634832237477592,
            1.3912923393043504,
            1.479295705286758,
            1.4606023245971191,
            1.5307228043319734,
            1.4404394757350247,
            1.507918750880492,
            1.4803587386533228,
            2.86880600371972
        ],
        [
            1.9020729164119714,
            1.5845970233826516,
            1.5046774996935057,
            1.5457494982995732,
            1.5537049789423782,
            1.4775938241750837,
            1.5382514915253098,
            1.657052170897143,
            1.7515747286388843,
            1.7597963949423896,
            1.5716947993967172,
            2.336639872639064,
            2.251099120220563,
            2.0808574375688607,
            2.492257197240826,
            2.602168787734544,
            2.7599826214319894,
            2.718806283430805,
            2.432067869674561,
            2.816376998163796,
            1.8597636454821835,
            0.0,
            0.07848150822578082,
            1.5091241803360835,
            1.9581566550338956,
            1.8634942219459116,
            1.2528135310647994,
            1.1861212482888899,
            1.6740920550287677,
            1.6596299957183744,
            1.9198502214521656,
            1.493946719150586,
            1.4063459306842396,
            1.2530395217485877,
            1.3829603758437627,
            1.9711855094849884,
            1.7684933050195104,
            1.7788252117026866,
            1.6969590592587154,
            1.6578919201274287,
            1.6829187798336227,
            1.6875096955497642,
            1.1599569276195785,
            1.2075716162148484,
            1.351243630263211,
            1.4588419677927689,
            1.2153020696195271,
            1.3033054356019347,
