{
    "NEXUS_FILE_URL": "http://purl.org/phylo/treebase/phylows/study/TB2:S12410",
    "NEWICK_TREE": "(((((((1:1.225158221596649,2:1.225158221596649):8.047852227013665,(3:3.705432351107504,4:3.705432351107504):5.56757809750281):6.810413860024635,((5:2.751316058654396,(6:1.183302113471509,7:1.183302113471516):1.5680139451828943):7.780195537581459,8:10.531511596235827):5.551912712399094):1.920516774828652,9:18.003941083463396):4.215282877893301,((10:1.3621047593721975,11:1.362104759372194):1.9879772110015548,12:3.350081970373745):18.869141990982953):5.049989857378051,((((13:10.496678632413602,(14:3.8231607384919997,15:3.8231607384919997):6.673517893921602):4.404002796668898,16:14.900681429082194):3.600427838252905,((17:4.49439905617751,18:4.49439905617751):6.9340812470468975,((19:3.105896464569291,20:3.105896464569291):4.283888808861162,(((21:1.2603774589185939,22:1.2603774589185939):1.1767308975795032,23:2.437108356498097):0.9949545191958045,24:3.432062875693809):3.957722397736644):4.0386950297939475):7.072628964111004):3.0781621631146443,(25:0.9798917487004957,26:0.9798917487004957):20.599379681749348):5.689942388284905):13.07256095697764,((27:21.7388313328264,28:21.738831332826393):3.247775815714199,((29:19.440320836979303,(30:9.271676356352593,31:9.271676356352593):10.168644480627002):5.490585599203502,32:24.930906436182763):0.055700712358000004):15.355167627171689);",
    "DISTANCE_MATRIX": [
        [
            0.0,
            2.450316443193298,
            18.54602089722063,
            18.54602089722063,
            32.1668486172699,
            32.166848617269906,
            32.16684861726991,
            32.16684861726987,
            36.007882166927,
            44.43844792271361,
            44.43844792271361,
            44.4384479227136,
            54.53842763746991,
            54.53842763746991,
            54.53842763746991,
            54.5384276374696,
            54.538427637469916,
            54.538427637469916,
            54.53842763746991,
            54.53842763746991,
            54.53842763747,
            54.53842763747,
            54.53842763747,
            54.53842763746991,
            54.5384276374697,
            54.5384276374697,
            80.68354955142487,
            80.68354955142487,
            80.68354955142509,
            80.68354955142539,
            80.68354955142539,
            80.68354955142505
        ],
        [
            2.450316443193298,
            0.0,
            18.54602089722063,
            18.54602089722063,
            32.1668486172699,
            32.166848617269906,
            32.16684861726991,
            32.16684861726987,
            36.007882166927,
            44.43844792271361,
            44.43844792271361,
            44.4384479227136,
            54.53842763746991,
            54.53842763746991,
            54.53842763746991,
            54.5384276374696,
            54.538427637469916,
            54.538427637469916,
            54.53842763746991,
            54.53842763746991,
            54.53842763747,
            54.53842763747,
            54.53842763747,
            54.53842763746991,
            54.5384276374697,
            54.5384276374697,
            80.68354955142487,
            80.68354955142487,
            80.68354955142509,
            80.68354955142539,
            80.68354955142539,
            80.68354955142505
        ],
        [
            18.54602089722063,
            18.54602089722063,
            0.0,
            7.410864702215008,
            32.1668486172699,
            32.166848617269906,
            32.16684861726991,
            32.16684861726987,
            36.007882166927,
            44.43844792271361,
            44.43844792271361,
            44.4384479227136,
            54.53842763746991,
            54.53842763746991,
            54.53842763746991,
            54.5384276374696,
            54.538427637469916,
            54.538427637469916,
            54.53842763746991,
            54.53842763746991,
            54.53842763747,
            54.53842763747,
            54.53842763747,
            54.53842763746991,
            54.5384276374697,
            54.5384276374697,
            80.68354955142487,
            80.68354955142487,
            80.68354955142509,
            80.68354955142539,
            80.68354955142539,
            80.68354955142505
        ],
        [
            18.54602089722063,
            18.54602089722063,
            7.410864702215008,
            0.0,
            32.1668486172699,
            32.166848617269906,
            32.16684861726991,
            32.16684861726987,
            36.007882166927,
            44.43844792271361,
            44.43844792271361,
            44.4384479227136,
            54.53842763746991,
            54.53842763746991,
            54.53842763746991,
            54.5384276374696,
            54.538427637469916,
            54.538427637469916,
            54.53842763746991,
            54.53842763746991,
            54.53842763747,
            54.53842763747,
            54.53842763747,
            54.53842763746991,
            54.5384276374697,
            54.5384276374697,
            80.68354955142487,
            80.68354955142487,
            80.68354955142509,
            80.68354955142539,
            80.68354955142539,
            80.68354955142505
        ],
        [
            32.1668486172699,
            32.1668486172699,
            32.1668486172699,
            32.1668486172699,
            0.0,
            5.502632117308799,
            5.502632117308806,
            21.063023192471682,
            36.007882166927,
            44.43844792271361,
            44.43844792271361,
            44.4384479227136,
            54.53842763746991,
            54.53842763746991,
            54.53842763746991,
            54.5384276374696,
            54.538427637469916,
            54.538427637469916,
            54.53842763746991,
            54.53842763746991,
            54.53842763747,
            54.53842763747,
            54.53842763747,
            54.53842763746991,
            54.5384276374697,
            54.5384276374697,
            80.68354955142487,
            80.68354955142487,
            80.68354955142509,
            80.68354955142539,
            80.68354955142539,
            80.68354955142505
        ],
        [
            32.166848617269906,
            32.166848617269906,
            32.166848617269906,
            32.166848617269906,
            5.502632117308799,
            0.0,
            2.366604226943025,
            21.06302319247169,
            36.007882166927004,
            44.438447922713614,
            44.438447922713614,
            44.43844792271361,
            54.538427637469916,
            54.538427637469916,
            54.538427637469916,
            54.53842763746961,
            54.53842763746992,
            54.53842763746992,
            54.538427637469916,
            54.538427637469916,
            54.53842763747001,
            54.53842763747001,
            54.53842763747001,
            54.538427637469916,
            54.53842763746971,
            54.53842763746971,
            80.68354955142489,
            80.68354955142487,
            80.6835495514251,
            80.68354955142539,
            80.68354955142539,
            80.68354955142505
        ],
        [
            32.16684861726991,
            32.16684861726991,
            32.16684861726991,
            32.16684861726991,
            5.502632117308806,
            2.366604226943025,
            0.0,
            21.063023192471697,
            36.00788216692701,
            44.43844792271362,
            44.43844792271362,
            44.438447922713614,
            54.53842763746992,
            54.53842763746992,
            54.53842763746992,
            54.53842763746962,
            54.53842763746993,
            54.53842763746993,
            54.53842763746992,
            54.53842763746992,
            54.538427637470015,
            54.538427637470015,
            54.538427637470015,
            54.53842763746992,
            54.53842763746972,
            54.53842763746972,
            80.6835495514249,
            80.68354955142489,
            80.6835495514251,
            80.68354955142539,
            80.68354955142539,
            80.68354955142506
        ],
        [
            32.16684861726987,
            32.16684861726987,
            32.16684861726987,
            32.16684861726987,
            21.063023192471682,
            21.06302319247169,
            21.063023192471697,
            0.0,
            36.00788216692697,
            44.43844792271358,
            44.43844792271358,
            44.43844792271357,
            54.53842763746988,
            54.53842763746988,
            54.53842763746988,
            54.538427637469574,
            54.53842763746989,
            54.53842763746989,
            54.53842763746988,
            54.53842763746988,
            54.53842763746997,
            54.53842763746997,
            54.53842763746997,
            54.53842763746988,
            54.538427637469674,
            54.538427637469674,
            80.68354955142485,
            80.68354955142485,
            80.68354955142506,
            80.68354955142536,
            80.68354955142536,
            80.68354955142502
        ],
        [
            36.007882166927,
            36.007882166927,
            36.007882166927,
            36.007882166927,
            36.007882166927,
            36.007882166927004,
            36.00788216692701,
            36.00788216692697,
            0.0,
            44.4384479227134,
            44.4384479227134,
            44.438447922713394,
            54.5384276374697,
            54.5384276374697,
            54.5384276374697,
            54.5384276374694,
            54.53842763746971,
            54.53842763746971,
            54.5384276374697,
            54.5384276374697,
            54.538427637469795,
            54.538427637469795,
            54.538427637469795,
            54.5384276374697,
            54.538427637469496,
            54.538427637469496,
            80.68354955142468,
            80.68354955142468,
            80.68354955142487,
            80.68354955142517,
            80.68354955142517,
            80.68354955142485
        ],
        [
            44.43844792271361,
            44.43844792271361,
            44.43844792271361,
            44.43844792271361,
            44.43844792271361,
            44.438447922713614,
            44.43844792271362,
            44.43844792271358,
            44.4384479227134,
            0.0,
            2.7242095187443915,
            6.7001639407474975,
            54.53842763746971,
            54.53842763746971,
            54.53842763746971,
            54.538427637469404,
            54.53842763746972,
            54.53842763746972,
            54.53842763746971,
            54.53842763746971,
            54.5384276374698,
            54.5384276374698,
            54.5384276374698,
            54.53842763746971,
            54.5384276374695,
            54.5384276374695,
            80.68354955142468,
            80.68354955142468,
            80.68354955142489,
            80.68354955142519,
            80.68354955142519,
            80.68354955142485
        ],
        [
            44.43844792271361,
            44.43844792271361,
            44.43844792271361,
            44.43844792271361,
            44.43844792271361,
            44.438447922713614,
            44.43844792271362,
            44.43844792271358,
            44.4384479227134,
            2.7242095187443915,
            0.0,
            6.700163940747494,
            54.53842763746971,
            54.53842763746971,
            54.53842763746971,
            54.538427637469404,
            54.53842763746972,
            54.53842763746972,
            54.53842763746971,
            54.53842763746971,
            54.5384276374698,
            54.5384276374698,
            54.5384276374698,
            54.53842763746971,
            54.5384276374695,
            54.5384276374695,
            80.68354955142468,
            80.68354955142468,
            80.68354955142489,
            80.68354955142519,
            80.68354955142519,
            80.68354955142485
        ],
        [
            44.4384479227136,
            44.4384479227136,
            44.4384479227136,
            44.4384479227136,
            44.4384479227136,
            44.43844792271361,
            44.438447922713614,
            44.43844792271357,
            44.438447922713394,
            6.7001639407474975,
            6.700163940747494,
            0.0,
            54.5384276374697,
            54.5384276374697,
            54.5384276374697,
            54.5384276374694,
            54.53842763746971,
            54.53842763746971,
            54.5384276374697,
            54.5384276374697,
            54.538427637469795,
            54.538427637469795,
            54.538427637469795,
            54.5384276374697,
            54.538427637469496,
            54.538427637469496,
            80.68354955142468,
            80.68354955142468,
            80.68354955142487,
            80.68354955142517,
            80.68354955142517,
            80.68354955142485
        ],
        [
            54.53842763746991,
            54.53842763746991,
            54.53842763746991,
            54.53842763746991,
            54.53842763746991,
            54.538427637469916,
            54.53842763746992,
            54.53842763746988,
            54.5384276374697,
            54.53842763746971,
            54.53842763746971,
            54.5384276374697,
            0.0,
            20.993357264827203,
            20.993357264827203,
            29.801362858164694,
            37.00221853467082,
            37.00221853467082,
            37.00221853467081,
            37.00221853467081,
            37.0022185346709,
            37.0022185346709,
            37.0022185346709,
            37.00221853467081,
            43.15854286089989,
            43.15854286089989,
            80.68354955142487,
            80.68354955142487,
            80.68354955142509,
            80.68354955142539,
            80.68354955142539,
            80.68354955142505
        ],
        [
            54.53842763746991,
            54.53842763746991,
            54.53842763746991,
            54.53842763746991,
            54.53842763746991,
            54.538427637469916,
            54.53842763746992,
            54.53842763746988,
            54.5384276374697,
            54.53842763746971,
            54.53842763746971,
            54.5384276374697,
            20.993357264827203,
            0.0,
            7.646321476983999,
            29.801362858164694,
            37.00221853467082,
            37.00221853467082,
            37.00221853467081,
            37.00221853467081,
            37.0022185346709,
            37.0022185346709,
            37.0022185346709,
            37.00221853467081,
            43.15854286089989,
            43.15854286089989,
            80.68354955142487,
            80.68354955142487,
            80.68354955142509,
            80.68354955142539,
            80.68354955142539,
            80.68354955142505
        ],
        [
            54.53842763746991,
            54.53842763746991,
            54.53842763746991,
            54.53842763746991,
            54.53842763746991,
            54.538427637469916,
            54.53842763746992,
            54.53842763746988,
            54.5384276374697,
            54.53842763746971,
            54.53842763746971,
            54.5384276374697,
            20.993357264827203,
            7.646321476983999,
            0.0,
            29.801362858164694,
            37.00221853467082,
            37.00221853467082,
            37.00221853467081,
            37.00221853467081,
            37.0022185346709,
            37.0022185346709,
            37.0022185346709,
            37.00221853467081,
            43.15854286089989,
            43.15854286089989,
            80.68354955142487,
            80.68354955142487,
            80.68354955142509,
            80.68354955142539,
            80.68354955142539,
            80.68354955142505
        ],
        [
            54.5384276374696,
            54.5384276374696,
            54.5384276374696,
            54.5384276374696,
            54.5384276374696,
            54.53842763746961,
            54.53842763746962,
            54.538427637469574,
            54.5384276374694,
            54.538427637469404,
            54.538427637469404,
            54.5384276374694,
            29.801362858164694,
            29.801362858164694,
            29.801362858164694,
            0.0,
            37.00221853467051,
            37.00221853467051,
            37.002218534670504,
            37.002218534670504,
            37.0022185346706,
            37.0022185346706,
            37.0022185346706,
            37.002218534670504,
            43.15854286089959,
            43.15854286089959,
            80.68354955142458,
            80.68354955142456,
            80.68354955142479,
            80.68354955142507,
            80.68354955142507,
            80.68354955142473
        ],
        [
            54.538427637469916,
            54.538427637469916,
            54.538427637469916,
            54.538427637469916,
            54.538427637469916,
            54.53842763746992,
            54.53842763746993,
            54.53842763746989,
            54.53842763746971,
            54.53842763746972,
            54.53842763746972,
            54.53842763746971,
            37.00221853467082,
            37.00221853467082,
            37.00221853467082,
            37.00221853467051,
            0.0,
            8.98879811235502,
            22.85696060644881,
            22.85696060644881,
            22.8569606064489,
            22.8569606064489,
            22.8569606064489,
            22.85696060644881,
            43.1585428608999,
            43.1585428608999,
            80.68354955142489,
            80.68354955142487,
            80.6835495514251,
            80.68354955142539,
            80.68354955142539,
            80.68354955142505
        ],
        [
            54.538427637469916,
            54.538427637469916,
            54.538427637469916,
            54.538427637469916,
            54.538427637469916,
            54.53842763746992,
            54.53842763746993,
            54.53842763746989,
            54.53842763746971,
            54.53842763746972,
            54.53842763746972,
            54.53842763746971,
            37.00221853467082,
            37.00221853467082,
            37.00221853467082,
            37.00221853467051,
            8.98879811235502,
            0.0,
            22.85696060644881,
            22.85696060644881,
            22.8569606064489,
            22.8569606064489,
            22.8569606064489,
            22.85696060644881,
            43.1585428608999,
            43.1585428608999,
            80.68354955142489,
            80.68354955142487,
            80.6835495514251,
            80.68354955142539,
            80.68354955142539,
            80.68354955142505
        ],
        [
            54.53842763746991,
            54.53842763746991,
            54.53842763746991,
            54.53842763746991,
            54.53842763746991,
            54.538427637469916,
            54.53842763746992,
            54.53842763746988,
            54.5384276374697,
            54.53842763746971,
            54.53842763746971,
            54.5384276374697,
            37.00221853467081,
            37.00221853467081,
            37.00221853467081,
            37.002218534670504,
            22.85696060644881,
            22.85696060644881,
            0.0,
            6.211792929138582,
            14.779570546860999,
            14.779570546860999,
            14.779570546860999,
            14.779570546860906,
            43.15854286089989,
            43.15854286089989,
            80.68354955142487,
            80.68354955142487,
            80.68354955142509,
            80.68354955142539,
            80.68354955142539,
            80.68354955142505
        ],
        [
            54.53842763746991,
            54.53842763746991,
            54.53842763746991,
            54.53842763746991,
            54.53842763746991,
            54.538427637469916,
            54.53842763746992,
            54.53842763746988,
            54.5384276374697,
            54.53842763746971,
            54.53842763746971,
            54.5384276374697,
            37.00221853467081,
            37.00221853467081,
            37.00221853467081,
            37.002218534670504,
            22.85696060644881,
            22.85696060644881,
            6.211792929138582,
            0.0,
            14.779570546860999,
            14.779570546860999,
            14.779570546860999,
            14.779570546860906,
            43.15854286089989,
            43.15854286089989,
            80.68354955142487,
            80.68354955142487,
            80.68354955142509,
            80.68354955142539,
            80.68354955142539,
            80.68354955142505
        ],
        [
            54.53842763747,
            54.53842763747,
            54.53842763747,
            54.53842763747,
            54.53842763747,
            54.53842763747001,
            54.538427637470015,
            54.53842763746997,
            54.538427637469795,
            54.5384276374698,
            54.5384276374698,
            54.538427637469795,
            37.0022185346709,
            37.0022185346709,
            37.0022185346709,
            37.0022185346706,
            22.8569606064489,
            22.8569606064489,
            14.779570546860999,
            14.779570546860999,
            0.0,
            2.5207549178371877,
            4.874216712996194,
            6.864125751387711,
            43.158542860899985,
            43.158542860899985,
            80.68354955142497,
            80.68354955142496,
            80.68354955142519,
            80.68354955142547,
            80.68354955142547,
            80.68354955142513
        ],
        [
            54.53842763747,
            54.53842763747,
            54.53842763747,
            54.53842763747,
            54.53842763747,
            54.53842763747001,
            54.538427637470015,
            54.53842763746997,
            54.538427637469795,
            54.5384276374698,
            54.5384276374698,
            54.538427637469795,
            37.0022185346709,
            37.0022185346709,
            37.0022185346709,
            37.0022185346706,
            22.8569606064489,
            22.8569606064489,
            14.779570546860999,
            14.779570546860999,
            2.5207549178371877,
            0.0,
            4.874216712996194,
            6.864125751387711,
            43.158542860899985,
            43.158542860899985,
            80.68354955142497,
            80.68354955142496,
            80.68354955142519,
            80.68354955142547,
            80.68354955142547,
            80.68354955142513
        ],
        [
            54.53842763747,
            54.53842763747,
            54.53842763747,
            54.53842763747,
            54.53842763747,
            54.53842763747001,
            54.538427637470015,
            54.53842763746997,
            54.538427637469795,
            54.5384276374698,
            54.5384276374698,
            54.538427637469795,
            37.0022185346709,
            37.0022185346709,
            37.0022185346709,
            37.0022185346706,
            22.8569606064489,
            22.8569606064489,
            14.779570546860999,
            14.779570546860999,
            4.874216712996194,
            4.874216712996194,
            0.0,
            6.864125751387711,
            43.158542860899985,
            43.158542860899985,
            80.68354955142497,
            80.68354955142496,
            80.68354955142519,
            80.68354955142547,
            80.68354955142547,
            80.68354955142513
        ],
        [
            54.53842763746991,
            54.53842763746991,
            54.53842763746991,
            54.53842763746991,
            54.53842763746991,
            54.538427637469916,
            54.53842763746992,
            54.53842763746988,
            54.5384276374697,
            54.53842763746971,
            54.53842763746971,
            54.5384276374697,
            37.00221853467081,
            37.00221853467081,
            37.00221853467081,
            37.002218534670504,
            22.85696060644881,
            22.85696060644881,
            14.779570546860906,
            14.779570546860906,
            6.864125751387711,
            6.864125751387711,
            6.864125751387711,
            0.0,
            43.15854286089989,
            43.15854286089989,
            80.68354955142487,
            80.68354955142487,
            80.68354955142509,
            80.68354955142539,
            80.68354955142539,
            80.68354955142505
        ],
        [
            54.5384276374697,
            54.5384276374697,
            54.5384276374697,
            54.5384276374697,
            54.5384276374697,
            54.53842763746971,
            54.53842763746972,
            54.538427637469674,
            54.538427637469496,
            54.5384276374695,
            54.5384276374695,
            54.538427637469496,
            43.15854286089989,
            43.15854286089989,
            43.15854286089989,
            43.15854286089959,
            43.1585428608999,
            43.1585428608999,
            43.15854286089989,
            43.15854286089989,
            43.158542860899985,
            43.158542860899985,
            43.158542860899985,
            43.15854286089989,
            0.0,
            1.9597834974009913,
            80.68354955142468,
            80.68354955142468,
            80.68354955142487,
            80.68354955142517,
            80.68354955142517,
            80.68354955142485
        ],
        [
            54.5384276374697,
            54.5384276374697,
            54.5384276374697,
            54.5384276374697,
            54.5384276374697,
            54.53842763746971,
            54.53842763746972,
            54.538427637469674,
            54.538427637469496,
            54.5384276374695,
            54.5384276374695,
            54.538427637469496,
            43.15854286089989,
            43.15854286089989,
            43.15854286089989,
            43.15854286089959,
            43.1585428608999,
            43.1585428608999,
            43.15854286089989,
            43.15854286089989,
            43.158542860899985,
            43.158542860899985,
            43.158542860899985,
            43.15854286089989,
            1.9597834974009913,
            0.0,
            80.68354955142468,
            80.68354955142468,
            80.68354955142487,
            80.68354955142517,
            80.68354955142517,
            80.68354955142485
        ],
        [
            80.68354955142487,
            80.68354955142487,
            80.68354955142487,
            80.68354955142487,
            80.68354955142487,
            80.68354955142489,
            80.6835495514249,
            80.68354955142485,
            80.68354955142468,
            80.68354955142468,
            80.68354955142468,
            80.68354955142468,
            80.68354955142487,
            80.68354955142487,
            80.68354955142487,
            80.68354955142458,
            80.68354955142489,
            80.68354955142489,
            80.68354955142487,
            80.68354955142487,
            80.68354955142497,
            80.68354955142497,
            80.68354955142497,
            80.68354955142487,
            80.68354955142468,
            80.68354955142468,
            0.0,
            43.477662665652794,
            49.973214297081405,
            49.9732142970817,
            49.9732142970817,
            49.97321429708136
        ],
        [
            80.68354955142487,
            80.68354955142487,
            80.68354955142487,
            80.68354955142487,
            80.68354955142487,
            80.68354955142487,
            80.68354955142489,
            80.68354955142485,
            80.68354955142468,
            80.68354955142468,
            80.68354955142468,
            80.68354955142468,
            80.68354955142487,
            80.68354955142487,
            80.68354955142487,
            80.68354955142456,
            80.68354955142487,
            80.68354955142487,
            80.68354955142487,
            80.68354955142487,
            80.68354955142496,
            80.68354955142496,
            80.68354955142496,
            80.68354955142487,
            80.68354955142468,
            80.68354955142468,
            43.477662665652794,
            0.0,
            49.9732142970814,
            49.97321429708169,
            49.97321429708169,
            49.973214297081356
        ],
        [
            80.68354955142509,
            80.68354955142509,
            80.68354955142509,
            80.68354955142509,
            80.68354955142509,
            80.6835495514251,
            80.6835495514251,
            80.68354955142506,
            80.68354955142487,
            80.68354955142489,
            80.68354955142489,
            80.68354955142487,
            80.68354955142509,
            80.68354955142509,
            80.68354955142509,
            80.68354955142479,
            80.6835495514251,
            80.6835495514251,
            80.68354955142509,
            80.68354955142509,
            80.68354955142519,
            80.68354955142519,
            80.68354955142519,
            80.68354955142509,
            80.68354955142487,
            80.68354955142487,
            49.973214297081405,
            49.9732142970814,
            0.0,
            38.8806416739589,
            38.8806416739589,
            49.86181287236557
        ],
        [
            80.68354955142539,
            80.68354955142539,
            80.68354955142539,
            80.68354955142539,
            80.68354955142539,
            80.68354955142539,
            80.68354955142539,
            80.68354955142536,
            80.68354955142517,
            80.68354955142519,
            80.68354955142519,
            80.68354955142517,
            80.68354955142539,
            80.68354955142539,
            80.68354955142539,
            80.68354955142507,
            80.68354955142539,
            80.68354955142539,
            80.68354955142539,
            80.68354955142539,
            80.68354955142547,
            80.68354955142547,
            80.68354955142547,
            80.68354955142539,
            80.68354955142517,
            80.68354955142517,
            49.9732142970817,
            49.97321429708169,
            38.8806416739589,
            0.0,
            18.543352712705186,
            49.86181287236586
        ],
        [
            80.68354955142539,
            80.68354955142539,
            80.68354955142539,
            80.68354955142539,
            80.68354955142539,
            80.68354955142539,
            80.68354955142539,
            80.68354955142536,
            80.68354955142517,
            80.68354955142519,
            80.68354955142519,
            80.68354955142517,
            80.68354955142539,
            80.68354955142539,
            80.68354955142539,
            80.68354955142507,
            80.68354955142539,
            80.68354955142539,
            80.68354955142539,
            80.68354955142539,
            80.68354955142547,
            80.68354955142547,
            80.68354955142547,
            80.68354955142539,
            80.68354955142517,
            80.68354955142517,
            49.9732142970817,
            49.97321429708169,
            38.8806416739589,
            18.543352712705186,
            0.0,
            49.86181287236586
        ],
        [
            80.68354955142505,
            80.68354955142505,
            80.68354955142505,
            80.68354955142505,
            80.68354955142505,
            80.68354955142505,
            80.68354955142506,
            80.68354955142502,
            80.68354955142485,
            80.68354955142485,
            80.68354955142485,
            80.68354955142485,
            80.68354955142505,
            80.68354955142505,
            80.68354955142505,
            80.68354955142473,
            80.68354955142505,
            80.68354955142505,
            80.68354955142505,
            80.68354955142505,
            80.68354955142513,
            80.68354955142513,
            80.68354955142513,
            80.68354955142505,
            80.68354955142485,
            80.68354955142485,
            49.97321429708136,
            49.973214297081356,
            49.86181287236557,
            49.86181287236586,
            49.86181287236586,
            0.0
        ]
    ],
    "NODE_MAPPING": {
        "0": "1",
        "1": "2",
        "2": "3",
        "3": "4",
        "4": "5",
        "5": "6",
        "6": "7",
        "7": "8",
        "8": "9",
        "9": "10",
        "10": "11",
        "11": "12",
        "12": "13",
        "13": "14",
        "14": "15",
        "15": "16",
        "16": "17",
        "17": "18",
        "18": "19",
        "19": "20",
        "20": "21",
        "21": "22",
        "22": "23",
        "23": "24",
        "24": "25",
        "25": "26",
        "26": "27",
        "27": "28",
        "28": "29",
        "29": "30",
        "30": "31",
        "31": "32"
    }
}