{
    "NEXUS_FILE_URL": "http://purl.org/phylo/treebase/phylows/study/TB2:S15442",
    "NEWICK_TREE": "(1:2.152264,5:0.221885,((2:0.04182825,4:0.041827,3:0.04182043):0.08965811,(6:0.09173206,12:0.03882078,20:0.03913856,29:0.03804075,33:0.03813398,34:0.03855855,37:0.03954913):0.08822656,7:0.03744594,8:0.0373289,9:0.03902041,(10:0.04299631,19:0.04179051,24:0.0408429):0.09118224,11:0.08958783,13:0.0367821,14:0.03736538,15:0.03685584,16:0.03674043,17:0.03759525,18:0.08933281,21:0.03633132,22:0.03852936,23:0.03706087,25:0.03843365,26:0.03691032,27:0.08927952,28:0.0867573,30:0.03735409,31:0.09175638,32:0.03617236,35:0.08683654,36:0.06246076,38:0.1732958,39:0.0368046,40:0.03707991,41:0.08948216,42:0.1343124):0.373297);",
    "DISTANCE_MATRIX": [
        [
            0.0,
            2.374149,
            2.65704736,
            2.6570461100000005,
            2.6570395400000004,
            2.7055196200000005,
            2.6526083400000005,
            2.65292612,
            2.65182831,
            2.65192154,
            2.65234611,
            2.65333669,
            2.56300694,
            2.5628899,
            2.56458141,
            2.6597395500000003,
            2.65853375,
            2.6575861400000003,
            2.6151488300000003,
            2.5623431,
            2.5629263800000004,
            2.56241684,
            2.56230143,
            2.56315625,
            2.6148938100000003,
            2.56189232,
            2.5640903600000002,
            2.56262187,
            2.56399465,
            2.56247132,
            2.61484052,
            2.6123183,
            2.56291509,
            2.6173173800000002,
            2.5617333600000003,
            2.6123975400000004,
            2.58802176,
            2.6988568,
            2.5623656,
            2.5626409100000003,
            2.61504316,
            2.6598734000000004
        ],
        [
            2.374149,
            0.0,
            0.72666836,
            0.7266671100000001,
            0.72666054,
            0.7751406200000001,
            0.72222934,
            0.72254712,
            0.72144931,
            0.72154254,
            0.7219671099999999,
            0.72295769,
            0.63262794,
            0.6325109,
            0.63420241,
            0.72936055,
            0.72815475,
            0.72720714,
            0.68476983,
            0.6319641,
            0.63254738,
            0.63203784,
            0.6319224299999999,
            0.63277725,
            0.68451481,
            0.63151332,
            0.63371136,
            0.63224287,
            0.63361565,
            0.6320923199999999,
            0.6844615199999999,
            0.6819393,
            0.63253609,
            0.68693838,
            0.63135436,
            0.6820185400000001,
            0.65764276,
            0.7684778,
            0.6319866000000001,
            0.63226191,
            0.68466416,
            0.7294944
        ],
        [
            2.65704736,
            0.72666836,
            0.0,
            0.08365525,
            0.08364868,
            0.31144498,
            0.2585337,
            0.25885148,
            0.25775367,
            0.2578469,
            0.25827146999999995,
            0.25926205,
            0.16893229999999998,
            0.16881526,
            0.17050677,
            0.26566491000000003,
            0.26445911,
            0.2635115,
            0.22107419,
            0.16826846,
            0.16885174,
            0.1683422,
            0.16822679,
            0.16908161,
            0.22081917,
            0.16781768,
            0.17001571999999998,
            0.16854723,
            0.16992001,
            0.16839668,
            0.22076588,
            0.21824366,
            0.16884045,
            0.22324274,
            0.16765871999999998,
            0.2183229,
            0.19394712,
            0.30478216,
            0.16829096,
            0.16856627,
            0.22096852,
            0.26579876
        ],
        [
            2.6570461100000005,
            0.7266671100000001,
            0.08365525,
            0.0,
            0.08364743,
            0.31144373000000003,
            0.25853245,
            0.25885023,
            0.25775242,
            0.25784565000000004,
            0.25827022,
            0.2592608,
            0.16893105000000003,
            0.16881401000000001,
            0.17050552000000002,
            0.26566366,
            0.26445786000000004,
            0.26351025,
            0.22107294,
            0.16826721,
            0.16885049000000002,
            0.16834095000000002,
            0.16822554,
            0.16908036,
            0.22081792,
            0.16781643000000002,
            0.17001447000000003,
            0.16854598,
            0.16991876,
            0.16839543,
            0.22076463000000002,
            0.21824241,
            0.16883920000000002,
            0.22324149000000001,
            0.16765747000000003,
            0.21832165000000003,
            0.19394587000000002,
            0.30478091,
            0.16828971,
            0.16856502,
            0.22096727000000002,
            0.26579751
        ],
        [
            2.6570395400000004,
            0.72666054,
            0.08364868,
            0.08364743,
            0.0,
            0.31143716,
            0.25852588,
            0.25884366000000003,
            0.25774585,
            0.25783908,
            0.25826364999999996,
            0.25925423000000003,
            0.16892448,
            0.16880744,
            0.17049895,
            0.26565709000000004,
            0.26445129,
            0.26350368,
            0.22106637,
            0.16826064000000002,
            0.16884392,
            0.16833438,
            0.16821897,
            0.16907379,
            0.22081135000000002,
            0.16780986,
            0.1700079,
            0.16853941,
            0.16991219000000002,
            0.16838886,
            0.22075806,
            0.21823584000000001,
            0.16883263,
            0.22323492,
            0.1676509,
            0.21831508,
            0.1939393,
            0.30477434000000003,
            0.16828314,
            0.16855845,
            0.2209607,
            0.26579094000000003
        ],
        [
            2.7055196200000005,
            0.7751406200000001,
            0.31144498,
            0.31144373000000003,
            0.31143716,
            0.0,
            0.13055284,
            0.13087062,
            0.12977281000000002,
            0.12986604000000002,
            0.13029061,
            0.13128119,
            0.21740456000000002,
            0.21728752,
            0.21897903000000002,
            0.31413717,
            0.31293137000000004,
            0.31198376,
            0.26954645,
            0.21674072,
            0.21732400000000002,
            0.21681446000000001,
            0.21669905,
            0.21755387,
            0.26929143,
            0.21628994,
            0.21848798000000003,
            0.21701949,
            0.21839227,
            0.21686894,
            0.26923814,
            0.26671592,
            0.21731271000000002,
            0.27171500000000004,
            0.21613098000000003,
            0.26679516000000003,
            0.24241938000000002,
            0.35325442,
            0.21676322,
            0.21703853,
            0.26944078000000005,
            0.31427102
        ],
        [
            2.6526083400000005,
            0.72222934,
            0.2585337,
            0.25853245,
            0.25852588,
            0.13055284,
            0.0,
            0.07795934,
            0.07686153,
            0.07695476,
            0.07737933,
            0.07836991,
            0.16449328000000002,
            0.16437624,
            0.16606775000000001,
            0.26122589,
            0.26002009000000004,
            0.25907248,
            0.21663517,
            0.16382944,
            0.16441272,
            0.16390318,
            0.16378777,
            0.16464259,
            0.21638015,
            0.16337866,
            0.16557670000000002,
            0.16410821,
            0.16548099,
            0.16395766,
            0.21632686,
            0.21380464,
            0.16440143000000002,
            0.21880372,
            0.16321970000000002,
            0.21388388000000003,
            0.1895081,
            0.30034314,
            0.16385194,
            0.16412725,
            0.2165295,
            0.26135974
        ],
        [
            2.65292612,
            0.72254712,
            0.25885148,
            0.25885023,
            0.25884366000000003,
            0.13087062,
            0.07795934,
            0.0,
            0.07717931,
            0.07727254,
            0.07769711,
            0.07868769,
            0.16481106,
            0.16469402,
            0.16638553,
            0.26154367,
            0.26033786999999997,
            0.25939026,
            0.21695294999999998,
            0.16414721999999998,
            0.1647305,
            0.16422096,
            0.16410555,
            0.16496037,
            0.21669792999999998,
            0.16369644,
            0.16589448,
            0.16442599,
            0.16579876999999998,
            0.16427544,
            0.21664464,
            0.21412241999999998,
            0.16471921,
            0.2191215,
            0.16353748,
            0.21420166000000002,
            0.18982588,
            0.30066092,
            0.16416972,
            0.16444503,
            0.21684728,
            0.26167752
        ],
        [
            2.65182831,
            0.72144931,
            0.25775367,
            0.25775242,
            0.25774585,
            0.12977281000000002,
            0.07686153,
            0.07717931,
            0.0,
            0.07617473,
            0.0765993,
            0.07758988,
            0.16371324999999998,
            0.16359621,
            0.16528772,
            0.26044586000000003,
            0.25924006,
            0.25829245,
            0.21585514,
            0.16304941,
            0.16363269,
            0.16312315,
            0.16300773999999998,
            0.16386256,
            0.21560012,
            0.16259863,
            0.16479666999999998,
            0.16332818,
            0.16470096,
            0.16317763,
            0.21554683,
            0.21302461,
            0.1636214,
            0.21802369,
            0.16243966999999998,
            0.21310384999999998,
            0.18872807,
            0.29956311,
            0.16307191,
            0.16334722,
            0.21574947,
            0.26057971
        ],
        [
            2.65192154,
            0.72154254,
            0.2578469,
            0.25784565000000004,
            0.25783908,
            0.12986604000000002,
            0.07695476,
            0.07727254,
            0.07617473,
            0.0,
            0.07669253,
            0.07768311,
            0.16380647999999998,
            0.16368944,
            0.16538095,
            0.26053909,
            0.25933329,
            0.25838567999999995,
            0.21594837,
            0.16314264,
            0.16372592,
            0.16321638,
            0.16310096999999998,
            0.16395579,
            0.21569335,
            0.16269186,
            0.16488989999999998,
            0.16342141,
            0.16479419,
            0.16327086,
            0.21564006,
            0.21311784,
            0.16371463,
            0.21811692,
            0.16253289999999998,
            0.21319707999999998,
            0.1888213,
            0.29965633999999997,
            0.16316514,
            0.16344045,
            0.2158427,
            0.26067293999999996
        ],
        [
            2.65234611,
            0.7219671099999999,
            0.25827146999999995,
            0.25827022,
            0.25826364999999996,
            0.13029061,
            0.07737933,
            0.07769711,
            0.0765993,
            0.07669253,
            0.0,
            0.07810768,
            0.16423105,
            0.16411400999999998,
            0.16580551999999998,
            0.26096366,
            0.25975786,
            0.25881024999999996,
            0.21637293999999996,
            0.16356720999999996,
            0.16415048999999998,
            0.16364094999999998,
            0.16352553999999997,
            0.16438035999999998,
            0.21611791999999996,
            0.16311642999999998,
            0.16531447,
            0.16384597999999997,
            0.16521875999999996,
            0.16369542999999998,
            0.21606462999999998,
            0.21354240999999996,
            0.16413919999999999,
            0.21854148999999998,
            0.16295747,
            0.21362165,
            0.18924586999999998,
            0.30008091,
            0.16358970999999997,
            0.16386501999999997,
            0.21626726999999998,
            0.26109751
        ],
        [
            2.65333669,
            0.72295769,
            0.25926205,
            0.2592608,
            0.25925423000000003,
            0.13128119,
            0.07836991,
            0.07868769,
            0.07758988,
            0.07768311,
            0.07810768,
            0.0,
            0.16522163,
            0.16510459,
            0.1667961,
            0.26195424,
            0.26074843999999997,
            0.25980083,
            0.21736351999999998,
            0.16455778999999998,
            0.16514107,
            0.16463153,
            0.16451612,
            0.16537094,
            0.21710849999999998,
            0.16410701,
            0.16630505,
            0.16483656,
            0.16620933999999998,
            0.16468601,
            0.21705521,
            0.21453298999999998,
            0.16512978,
            0.21953207,
            0.16394805,
            0.21461223000000001,
            0.19023645,
            0.30107149,
            0.16458029,
            0.1648556,
            0.21725785,
            0.26208809
        ],
        [
            2.56300694,
            0.63262794,
            0.16893229999999998,
            0.16893105000000003,
            0.16892448,
            0.21740456000000002,
            0.16449328000000002,
            0.16481106,
            0.16371324999999998,
            0.16380647999999998,
            0.16423105,
            0.16522163,
            0.0,
            0.07477484,
            0.07646634999999999,
            0.17162449000000002,
            0.17041868999999998,
            0.16947108,
            0.12703377,
            0.07422804,
            0.07481131999999999,
            0.07430178,
            0.07418637,
            0.07504119,
            0.12677875,
            0.07377726,
            0.0759753,
            0.07450681,
            0.07587959,
            0.07435626000000001,
            0.12672546,
            0.12420323999999999,
            0.07480002999999999,
            0.12920231999999998,
            0.0736183,
            0.12428248,
            0.09990669999999999,
            0.21074174,
            0.07425054,
            0.07452585,
            0.1269281,
            0.17175834
        ],
        [
            2.5628899,
            0.6325109,
            0.16881526,
            0.16881401000000001,
            0.16880744,
            0.21728752,
            0.16437624,
            0.16469402,
            0.16359621,
            0.16368944,
            0.16411400999999998,
            0.16510459,
            0.07477484,
            0.0,
            0.07634931,
            0.17150745,
            0.17030165,
            0.16935403999999998,
            0.12691672999999998,
            0.074111,
            0.07469428,
            0.07418474,
            0.07406932999999999,
            0.07492415,
            0.12666170999999998,
            0.07366022,
            0.07585826,
            0.07438977,
            0.07576255,
            0.07423922,
            0.12660842,
            0.1240862,
            0.07468299,
            0.12908528,
            0.07350126,
            0.12416544,
            0.09978966,
            0.2106247,
            0.07413349999999999,
            0.07440880999999999,
            0.12681106,
            0.1716413
        ],
        [
            2.56458141,
            0.63420241,
            0.17050677,
            0.17050552000000002,
            0.17049895,
            0.21897903000000002,
            0.16606775000000001,
            0.16638553,
            0.16528772,
            0.16538095,
            0.16580551999999998,
            0.1667961,
            0.07646634999999999,
            0.07634931,
            0.0,
            0.17319896,
            0.17199316,
            0.17104555,
            0.12860823999999998,
            0.07580250999999999,
            0.07638579,
            0.07587625,
            0.07576084,
            0.07661566,
            0.12835322,
            0.07535173,
            0.07754976999999999,
            0.07608128,
            0.07745405999999999,
            0.07593073,
            0.12829993,
            0.12577771,
            0.0763745,
            0.13077679,
            0.07519276999999999,
            0.12585695,
            0.10148117,
            0.21231621,
            0.07582501,
            0.07610032,
            0.12850257,
            0.17333281
        ],
        [
            2.6597395500000003,
            0.72936055,
            0.26566491000000003,
            0.26566366,
            0.26565709000000004,
            0.31413717,
            0.26122589,
            0.26154367,
            0.26044586000000003,
            0.26053909,
            0.26096366,
            0.26195424,
            0.17162449000000002,
            0.17150745,
            0.17319896,
            0.0,
            0.08478682000000001,
            0.08383921,
            0.22376638,
            0.17096065,
            0.17154393,
            0.17103439,
            0.17091898,
            0.1717738,
            0.22351136,
            0.17050987,
            0.17270791000000002,
            0.17123942,
            0.1726122,
            0.17108887,
            0.22345807,
            0.22093585,
            0.17153264000000001,
            0.22593493,
            0.17035091000000002,
            0.22101509000000003,
            0.19663931,
            0.30747435,
            0.17098315,
            0.17125846,
            0.22366071,
            0.26849095
        ],
        [
            2.65853375,
            0.72815475,
            0.26445911,
            0.26445786000000004,
            0.26445129,
            0.31293137000000004,
            0.26002009000000004,
            0.26033786999999997,
            0.25924006,
            0.25933329,
            0.25975786,
            0.26074843999999997,
            0.17041868999999998,
            0.17030165,
            0.17199316,
            0.08478682000000001,
            0.0,
            0.08263341,
            0.22256058,
            0.16975485,
            0.17033813,
            0.16982859,
            0.16971318,
            0.170568,
            0.22230556,
            0.16930407,
            0.17150210999999999,
            0.17003362,
            0.17140640000000001,
            0.16988307,
            0.22225227,
            0.21973005,
            0.17032684,
            0.22472913,
            0.16914511,
            0.21980929,
            0.19543351,
            0.30626855,
            0.16977735,
            0.17005266,
            0.22245491,
            0.26728514999999997
        ],
        [
            2.6575861400000003,
            0.72720714,
            0.2635115,
            0.26351025,
            0.26350368,
            0.31198376,
            0.25907248,
            0.25939026,
            0.25829245,
            0.25838567999999995,
            0.25881024999999996,
            0.25980083,
            0.16947108,
            0.16935403999999998,
            0.17104555,
            0.08383921,
            0.08263341,
            0.0,
            0.22161296999999996,
            0.16880723999999997,
            0.16939052,
            0.16888097999999999,
            0.16876556999999998,
            0.16962038999999998,
            0.22135794999999997,
            0.16835645999999999,
            0.1705545,
            0.16908600999999998,
            0.17045878999999997,
            0.16893545999999998,
            0.22130466,
            0.21878243999999997,
            0.16937923,
            0.22378151999999998,
            0.1681975,
            0.21886168,
            0.1944859,
            0.30532094,
            0.16882973999999998,
            0.16910504999999998,
            0.2215073,
            0.26633754
        ],
        [
            2.6151488300000003,
            0.68476983,
            0.22107419,
            0.22107294,
            0.22106637,
            0.26954645,
            0.21663517,
            0.21695294999999998,
            0.21585514,
            0.21594837,
            0.21637293999999996,
            0.21736351999999998,
            0.12703377,
            0.12691672999999998,
            0.12860823999999998,
            0.22376638,
            0.22256058,
            0.22161296999999996,
            0.0,
            0.12636993,
            0.12695320999999998,
            0.12644367,
            0.12632826,
            0.12718308,
            0.17892064,
            0.12591914999999998,
            0.12811719,
            0.1266487,
            0.12802148,
            0.12649815,
            0.17886734999999998,
            0.17634513,
            0.12694191999999999,
            0.18134421,
            0.12576019,
            0.17642437,
            0.15204858999999998,
            0.26288363,
            0.12639243,
            0.12666774,
            0.17906999,
            0.22390022999999998
        ],
        [
            2.5623431,
            0.6319641,
            0.16826846,
            0.16826721,
            0.16826064000000002,
            0.21674072,
            0.16382944,
            0.16414721999999998,
            0.16304941,
            0.16314264,
            0.16356720999999996,
            0.16455778999999998,
            0.07422804,
            0.074111,
            0.07580250999999999,
            0.17096065,
            0.16975485,
            0.16880723999999997,
            0.12636993,
            0.0,
            0.07414747999999999,
            0.07363794,
            0.07352253,
            0.07437735,
            0.12611491,
            0.07311342,
            0.07531146,
            0.07384297000000001,
            0.07521575,
            0.07369242000000001,
            0.12606161999999999,
            0.1235394,
            0.07413618999999999,
            0.12853848,
            0.07295446,
            0.12361864,
            0.09924285999999999,
            0.21007789999999998,
            0.0735867,
            0.07386201,
            0.12626426000000002,
            0.17109449999999998
        ],
        [
            2.5629263800000004,
            0.63254738,
            0.16885174,
            0.16885049000000002,
            0.16884392,
            0.21732400000000002,
            0.16441272,
            0.1647305,
            0.16363269,
            0.16372592,
            0.16415048999999998,
            0.16514107,
            0.07481131999999999,
            0.07469428,
            0.07638579,
            0.17154393,
            0.17033813,
            0.16939052,
            0.12695320999999998,
            0.07414747999999999,
            0.0,
            0.07422122,
            0.07410581,
            0.07496063,
            0.12669819,
            0.0736967,
            0.07589473999999999,
            0.07442625,
            0.07579902999999999,
            0.0742757,
            0.1266449,
            0.12412267999999999,
            0.07471947,
            0.12912176,
            0.07353773999999999,
            0.12420192,
            0.09982614,
            0.21066118,
            0.07416998,
            0.07444529,
            0.12684754,
            0.17167778
        ],
        [
            2.56241684,
            0.63203784,
            0.1683422,
            0.16834095000000002,
            0.16833438,
            0.21681446000000001,
            0.16390318,
            0.16422096,
            0.16312315,
            0.16321638,
            0.16364094999999998,
            0.16463153,
            0.07430178,
            0.07418474,
            0.07587625,
            0.17103439,
            0.16982859,
            0.16888097999999999,
            0.12644367,
            0.07363794,
            0.07422122,
            0.0,
            0.07359626999999999,
            0.07445109,
            0.12618865,
            0.07318716,
            0.0753852,
            0.07391671,
            0.07528949,
            0.07376616,
            0.12613536,
            0.12361314,
            0.07420993000000001,
            0.12861222,
            0.0730282,
            0.12369238,
            0.0993166,
            0.21015164,
            0.07366044,
            0.07393575,
            0.126338,
            0.17116824
        ],
        [
            2.56230143,
            0.6319224299999999,
            0.16822679,
            0.16822554,
            0.16821897,
            0.21669905,
            0.16378777,
            0.16410555,
            0.16300773999999998,
            0.16310096999999998,
            0.16352553999999997,
            0.16451612,
            0.07418637,
            0.07406932999999999,
            0.07576084,
            0.17091898,
            0.16971318,
            0.16876556999999998,
            0.12632826,
            0.07352253,
            0.07410581,
            0.07359626999999999,
            0.0,
            0.07433567999999999,
            0.12607324,
            0.07307174999999999,
            0.07526979,
            0.0738013,
            0.07517408,
            0.07365075,
            0.12601995,
            0.12349773,
            0.07409452,
            0.12849681,
            0.07291279,
            0.12357697000000001,
            0.09920119,
            0.21003623,
            0.07354503,
            0.07382034,
            0.12622259,
            0.17105283
        ],
        [
            2.56315625,
            0.63277725,
            0.16908161,
            0.16908036,
            0.16907379,
            0.21755387,
            0.16464259,
            0.16496037,
            0.16386256,
            0.16395579,
            0.16438035999999998,
            0.16537094,
            0.07504119,
            0.07492415,
            0.07661566,
            0.1717738,
            0.170568,
            0.16962038999999998,
            0.12718308,
            0.07437735,
            0.07496063,
            0.07445109,
            0.07433567999999999,
            0.0,
            0.12692806,
            0.07392657,
            0.07612461,
            0.07465611999999999,
            0.0760289,
            0.07450557,
            0.12687477,
            0.12435254999999999,
            0.07494934,
            0.12935163,
            0.07376761,
            0.12443179,
            0.10005601,
            0.21089105,
            0.07439984999999999,
            0.07467515999999999,
            0.12707741,
            0.17190765
        ],
        [
            2.6148938100000003,
            0.68451481,
            0.22081917,
            0.22081792,
            0.22081135000000002,
            0.26929143,
            0.21638015,
            0.21669792999999998,
            0.21560012,
            0.21569335,
            0.21611791999999996,
            0.21710849999999998,
            0.12677875,
            0.12666170999999998,
            0.12835322,
            0.22351136,
            0.22230556,
            0.22135794999999997,
            0.17892064,
            0.12611491,
            0.12669819,
            0.12618865,
            0.12607324,
            0.12692806,
            0.0,
            0.12566412999999999,
            0.12786217,
            0.12639368,
            0.12776646,
            0.12624313,
            0.17861232999999999,
            0.17609011,
            0.1266869,
            0.18108919,
            0.12550517,
            0.17616935,
            0.15179357,
            0.26262861,
            0.12613741,
            0.12641272,
            0.17881497000000002,
            0.22364520999999998
        ],
        [
            2.56189232,
            0.63151332,
            0.16781768,
            0.16781643000000002,
            0.16780986,
            0.21628994,
            0.16337866,
            0.16369644,
            0.16259863,
            0.16269186,
            0.16311642999999998,
            0.16410701,
            0.07377726,
            0.07366022,
            0.07535173,
            0.17050987,
            0.16930407,
            0.16835645999999999,
            0.12591914999999998,
            0.07311342,
            0.0736967,
            0.07318716,
            0.07307174999999999,
            0.07392657,
            0.12566412999999999,
            0.0,
            0.07486068,
            0.07339219,
            0.07476497,
            0.07324164,
            0.12561084,
            0.12308862,
            0.07368541,
            0.1280877,
            0.07250368,
            0.12316786,
            0.09879208,
            0.20962712,
            0.07313592,
            0.07341123,
            0.12581348,
            0.17064372
        ],
        [
            2.5640903600000002,
            0.63371136,
            0.17001571999999998,
            0.17001447000000003,
            0.1700079,
            0.21848798000000003,
            0.16557670000000002,
            0.16589448,
            0.16479666999999998,
            0.16488989999999998,
            0.16531447,
            0.16630505,
            0.0759753,
            0.07585826,
            0.07754976999999999,
            0.17270791000000002,
            0.17150210999999999,
            0.1705545,
            0.12811719,
            0.07531146,
            0.07589473999999999,
            0.0753852,
            0.07526979,
            0.07612461,
            0.12786217,
            0.07486068,
            0.0,
            0.07559023000000001,
            0.07696301,
            0.07543968000000001,
            0.12780888,
            0.12528666,
            0.07588344999999999,
            0.13028573999999998,
            0.07470172,
            0.1253659,
            0.10099011999999999,
            0.21182516,
            0.07533396,
            0.07560927,
            0.12801152,
            0.17284176
        ],
        [
            2.56262187,
            0.63224287,
            0.16854723,
            0.16854598,
            0.16853941,
            0.21701949,
            0.16410821,
            0.16442599,
            0.16332818,
            0.16342141,
            0.16384597999999997,
            0.16483656,
            0.07450681,
            0.07438977,
            0.07608128,
            0.17123942,
            0.17003362,
            0.16908600999999998,
            0.1266487,
            0.07384297000000001,
            0.07442625,
            0.07391671,
            0.0738013,
            0.07465611999999999,
            0.12639368,
            0.07339219,
            0.07559023000000001,
            0.0,
            0.07549452000000001,
            0.07397119,
            0.12634039,
            0.12381817,
            0.07441496,
            0.12881725,
            0.07323323000000001,
            0.12389741000000001,
            0.09952163,
            0.21035667,
            0.07386547,
            0.07414078,
            0.12654303,
            0.17137327
        ],
        [
            2.56399465,
            0.63361565,
            0.16992001,
            0.16991876,
            0.16991219000000002,
            0.21839227,
            0.16548099,
            0.16579876999999998,
            0.16470096,
            0.16479419,
            0.16521875999999996,
            0.16620933999999998,
            0.07587959,
            0.07576255,
            0.07745405999999999,
            0.1726122,
            0.17140640000000001,
            0.17045878999999997,
            0.12802148,
            0.07521575,
            0.07579902999999999,
            0.07528949,
            0.07517408,
            0.0760289,
            0.12776646,
            0.07476497,
            0.07696301,
            0.07549452000000001,
            0.0,
            0.07534397000000001,
            0.12771317,
            0.12519095,
            0.07578773999999999,
            0.13019003,
            0.07460601,
            0.12527019,
            0.10089440999999999,
            0.21172944999999999,
            0.07523825,
            0.07551356000000001,
            0.12791581000000002,
            0.17274604999999998
        ],
        [
            2.56247132,
            0.6320923199999999,
            0.16839668,
            0.16839543,
            0.16838886,
            0.21686894,
            0.16395766,
            0.16427544,
            0.16317763,
            0.16327086,
            0.16369542999999998,
            0.16468601,
            0.07435626000000001,
            0.07423922,
            0.07593073,
            0.17108887,
            0.16988307,
            0.16893545999999998,
            0.12649815,
            0.07369242000000001,
            0.0742757,
            0.07376616,
            0.07365075,
            0.07450557,
            0.12624313,
            0.07324164,
            0.07543968000000001,
            0.07397119,
            0.07534397000000001,
            0.0,
            0.12618984,
            0.12366762,
            0.07426441,
            0.1286667,
            0.07308268000000001,
            0.12374686000000001,
            0.09937108,
            0.21020612,
            0.07371492,
            0.07399023,
            0.12639248,
            0.17122272
        ],
        [
            2.61484052,
            0.6844615199999999,
            0.22076588,
            0.22076463000000002,
            0.22075806,
            0.26923814,
            0.21632686,
            0.21664464,
            0.21554683,
            0.21564006,
            0.21606462999999998,
            0.21705521,
            0.12672546,
            0.12660842,
            0.12829993,
            0.22345807,
            0.22225227,
            0.22130466,
            0.17886734999999998,
            0.12606161999999999,
            0.1266449,
            0.12613536,
            0.12601995,
            0.12687477,
            0.17861232999999999,
            0.12561084,
            0.12780888,
            0.12634039,
            0.12771317,
            0.12618984,
            0.0,
            0.17603681999999998,
            0.12663361,
            0.1810359,
            0.12545188000000002,
            0.17611606000000002,
            0.15174028,
            0.26257532,
            0.12608412,
            0.12635943,
            0.17876168,
            0.22359192
        ],
        [
            2.6123183,
            0.6819393,
            0.21824366,
            0.21824241,
            0.21823584000000001,
            0.26671592,
            0.21380464,
            0.21412241999999998,
            0.21302461,
            0.21311784,
            0.21354240999999996,
            0.21453298999999998,
            0.12420323999999999,
            0.1240862,
            0.12577771,
            0.22093585,
            0.21973005,
            0.21878243999999997,
            0.17634513,
            0.1235394,
            0.12412267999999999,
            0.12361314,
            0.12349773,
            0.12435254999999999,
            0.17609011,
            0.12308862,
            0.12528666,
            0.12381817,
            0.12519095,
            0.12366762,
            0.17603681999999998,
            0.0,
            0.12411138999999999,
            0.17851368,
            0.12292966,
            0.17359384,
            0.14921805999999999,
            0.2600531,
            0.1235619,
            0.12383721,
            0.17623946000000001,
            0.22106969999999998
        ],
        [
            2.56291509,
            0.63253609,
            0.16884045,
            0.16883920000000002,
            0.16883263,
            0.21731271000000002,
            0.16440143000000002,
            0.16471921,
            0.1636214,
            0.16371463,
            0.16413919999999999,
            0.16512978,
            0.07480002999999999,
            0.07468299,
            0.0763745,
            0.17153264000000001,
            0.17032684,
            0.16937923,
            0.12694191999999999,
            0.07413618999999999,
            0.07471947,
            0.07420993000000001,
            0.07409452,
            0.07494934,
            0.1266869,
            0.07368541,
            0.07588344999999999,
            0.07441496,
            0.07578773999999999,
            0.07426441,
            0.12663361,
            0.12411138999999999,
            0.0,
            0.12911047,
            0.07352645,
            0.12419063,
            0.09981485,
            0.21064989,
            0.07415869,
            0.074434,
            0.12683625,
            0.17166649
        ],
        [
            2.6173173800000002,
            0.68693838,
            0.22324274,
            0.22324149000000001,
            0.22323492,
            0.27171500000000004,
            0.21880372,
            0.2191215,
            0.21802369,
            0.21811692,
            0.21854148999999998,
            0.21953207,
            0.12920231999999998,
            0.12908528,
            0.13077679,
            0.22593493,
            0.22472913,
            0.22378151999999998,
            0.18134421,
            0.12853848,
            0.12912176,
            0.12861222,
            0.12849681,
            0.12935163,
            0.18108919,
            0.1280877,
            0.13028573999999998,
            0.12881725,
            0.13019003,
            0.1286667,
            0.1810359,
            0.17851368,
            0.12911047,
            0.0,
            0.12792873999999999,
            0.17859292,
            0.15421714,
            0.26505217999999997,
            0.12856098,
            0.12883629,
            0.18123854,
            0.22606878
        ],
        [
            2.5617333600000003,
            0.63135436,
            0.16765871999999998,
            0.16765747000000003,
            0.1676509,
            0.21613098000000003,
            0.16321970000000002,
            0.16353748,
            0.16243966999999998,
            0.16253289999999998,
            0.16295747,
            0.16394805,
            0.0736183,
            0.07350126,
            0.07519276999999999,
            0.17035091000000002,
            0.16914511,
            0.1681975,
            0.12576019,
            0.07295446,
            0.07353773999999999,
            0.0730282,
            0.07291279,
            0.07376761,
            0.12550517,
            0.07250368,
            0.07470172,
            0.07323323000000001,
            0.07460601,
            0.07308268000000001,
            0.12545188000000002,
            0.12292966,
            0.07352645,
            0.12792873999999999,
            0.0,
            0.1230089,
            0.09863311999999999,
            0.20946816000000001,
            0.07297696000000001,
            0.07325227000000001,
            0.12565452,
            0.17048476
        ],
        [
            2.6123975400000004,
