{
    "NEXUS_FILE_URL": "http://purl.org/phylo/treebase/phylows/study/TB2:S15011",
    "NEWICK_TREE": "(24:0.03790606206061639,25:0.05983110730777258,((((((((1:0.001049288965033044,2:0.001100648771058702,3:0.001104171952254287,4:0.00267836824401948):0.002769104495182418,5:0.001153097239648234):0.006292099786487888,8:0.003175762882636071):0.003970581387315333,17:0.00476365295478595):0.004384771585412448,7:0.01638273242807722,((9:0.02576462487406244,20:0.01186974338385234):0.005732117024241277,(18:0.001511217554110991,19:0.001397428368243649):0.005736489278194677,((21:0.001206585722943815,22:0.002687093033208549):0.007900379551915162,23:0.009805905613668533):0.03113713701716152):0.004587103768920879):0.003400342586914687,6:0.02047923937662802):0.007576847437893047,((((10:0.001065375793122362,11:0.001081451805067146):0.007128317589966384,12:0.004853172423975142):0.01718628837999428,13:0.02754441780450111):0.008470516389134729,(14:0.005809071120356878,15:0.004315594296431717):0.01389681604035361):0.006177851718650462):0.02484406516532232,16:0.1499587976348784):0.07750061659709263);",
    "DISTANCE_MATRIX": [
        [
            0.0,
            0.09773716936838897,
            0.1696937800672702,
            0.16974513987329587,
            0.16974866305449146,
            0.17132285934625666,
            0.16702848384670296,
            0.16275904970320293,
            0.1603763583880375,
            0.16761066627591628,
            0.18731177951506367,
            0.17341689802485358,
            0.16306274444906563,
            0.16294895526319828,
            0.19605913990878046,
            0.19753964721904518,
            0.19675808024759,
            0.16830683063755242,
            0.18027909369389958,
            0.18029516970584433,
            0.17693857273478594,
            0.18244352973531766,
            0.1661344827023923,
            0.16464100587846714,
            0.26536547629258744
        ],
        [
            0.09773716936838897,
            0.0,
            0.1916188253144264,
            0.19167018512045206,
            0.19167370830164765,
            0.19324790459341284,
            0.18895352909385915,
            0.18468409495035912,
            0.18230140363519365,
            0.18953571152307247,
            0.20923682476221986,
            0.19534194327200977,
            0.18498778969622182,
            0.18487400051035446,
            0.21798418515593665,
            0.21946469246620137,
            0.2186831254947462,
            0.1902318758847086,
            0.20220413894105577,
            0.20222021495300052,
            0.19886361798194213,
            0.20436857498247385,
            0.1880595279495485,
            0.18656605112562333,
            0.2872905215397436
        ],
        [
            0.1696937800672702,
            0.1916188253144264,
            0.0,
            0.002149937736091746,
            0.002153460917287331,
            0.003727657209052524,
            0.004971490699863696,
            0.013286256129339421,
            0.018844727588804636,
            0.03484857864750835,
            0.05454969188665573,
            0.040654810396445626,
            0.030300656820657676,
            0.030186867634790338,
            0.06329705228037251,
            0.06477755959063725,
            0.06399599261918207,
            0.042345428182973835,
            0.06947138611510709,
            0.06948746212705187,
            0.06613086515599348,
            0.07163582215652517,
            0.05532677512359981,
            0.053833298299674655,
            0.20424589904443957
        ],
        [
            0.16974513987329587,
            0.19167018512045206,
            0.002149937736091746,
            0.0,
            0.002204820723312989,
            0.0037790170150781817,
            0.005022850505889354,
            0.013337615935365078,
            0.018896087394830292,
            0.03489993845353401,
            0.05460105169268138,
            0.04070617020247129,
            0.030352016626683333,
            0.030238227440815994,
            0.06334841208639816,
            0.0648289193966629,
            0.06404735242520772,
            0.0423967879889995,
            0.06952274592113275,
            0.06953882193307753,
            0.06618222496201914,
            0.07168718196255083,
            0.05537813492962547,
            0.05388465810570031,
            0.20429725885046524
        ],
        [
            0.16974866305449146,
            0.19167370830164765,
            0.002153460917287331,
            0.002204820723312989,
            0.0,
            0.0037825401962737672,
            0.005026373687084939,
            0.013341139116560662,
            0.018899610576025877,
            0.03490346163472959,
            0.054604574873876974,
            0.04070969338366687,
            0.030355539807878917,
            0.03024175062201158,
            0.06335193526759375,
            0.06483244257785849,
            0.06405087560640331,
            0.042400311170195076,
            0.06952626910232833,
            0.06954234511427311,
            0.06618574814321472,
            0.07169070514374641,
            0.055381658110821054,
            0.053888181286895896,
            0.20430078203166083
        ],
        [
            0.17132285934625666,
            0.19324790459341284,
            0.003727657209052524,
            0.0037790170150781817,
            0.0037825401962737672,
            0.0,
            0.006600569978850132,
            0.014915335408325856,
            0.020473806867791072,
            0.03647765792649479,
            0.05617877116564217,
            0.04228388967543206,
            0.03192973609964411,
            0.031815946913776774,
            0.06492613155935895,
            0.06640663886962368,
            0.0656250718981685,
            0.04397450746196027,
            0.07110046539409352,
            0.0711165414060383,
            0.06775994443497992,
            0.0732649014355116,
            0.05695585440258625,
            0.05546237757866109,
            0.20587497832342602
        ],
        [
            0.16702848384670296,
            0.18895352909385915,
            0.004971490699863696,
            0.005022850505889354,
            0.005026373687084939,
            0.006600569978850132,
            0.0,
            0.010620959908772192,
            0.016179431368237407,
            0.03218328242694112,
            0.051884395666088504,
            0.0379895141758784,
            0.027635360600090447,
            0.02752157141422311,
            0.06063175605980528,
            0.06211226337007002,
            0.06133069639861484,
            0.039680131962406606,
            0.06680608989453986,
            0.06682216590648464,
            0.06346556893542625,
            0.06897052593595794,
            0.052661478903032584,
            0.051168002079107426,
            0.20158060282387236
        ],
        [
            0.16275904970320293,
            0.18468409495035912,
            0.013286256129339421,
            0.013337615935365078,
            0.013341139116560662,
            0.014915335408325856,
            0.010620959908772192,
            0.0,
            0.011909997224737354,
            0.02791384828344107,
            0.04761496152258845,
            0.03372008003237835,
            0.0233659264565904,
            0.023252137270723054,
            0.056362321916305226,
            0.05784282922656996,
            0.057061262255114785,
            0.03541069781890656,
            0.06253665575103981,
            0.06255273176298459,
            0.0591961347919262,
            0.0647010917924579,
            0.04839204475953253,
            0.04689856793560737,
            0.1973111686803723
        ],
        [
            0.1603763583880375,
            0.18230140363519365,
            0.018844727588804636,
            0.018896087394830292,
            0.018899610576025877,
            0.020473806867791072,
            0.016179431368237407,
            0.011909997224737354,
            0.0,
            0.02553115696827562,
            0.045232270207423,
            0.031337388717212894,
            0.020983235141424944,
            0.020869445955557606,
            0.05397963060113978,
            0.055460137911404514,
            0.054678570939949336,
            0.0330280065037411,
            0.060153964435874355,
            0.06017004044781914,
            0.05681344347676075,
            0.06231840047729244,
            0.04600935344436708,
            0.04451587662044192,
            0.19492847736520685
        ],
        [
            0.16761066627591628,
            0.18953571152307247,
            0.03484857864750835,
            0.03489993845353401,
            0.03490346163472959,
            0.03647765792649479,
            0.03218328242694112,
            0.02791384828344107,
            0.02553115696827562,
            0.0,
            0.05246657809530182,
            0.038571696605091715,
            0.028217543029303765,
            0.028103753843436427,
            0.0612139384890186,
            0.06269444579928334,
            0.06191287882782816,
            0.040262314391619924,
            0.06738827232375318,
            0.06740434833569796,
            0.06404775136463957,
            0.06955270836517126,
            0.0532436613322459,
            0.051750184508320744,
            0.20216278525308568
        ],
        [
            0.18731177951506367,
            0.20923682476221986,
            0.05454969188665573,
            0.05460105169268138,
            0.054604574873876974,
            0.05617877116564217,
            0.051884395666088504,
            0.04761496152258845,
            0.045232270207423,
            0.05246657809530182,
            0.0,
            0.03763436825791478,
            0.038744448730609386,
            0.03863065954474204,
            0.07174084419032421,
            0.07322135150058895,
            0.07243978452913377,
            0.0599634276307673,
            0.08708938556290055,
            0.08710546157484533,
            0.08374886460378694,
            0.08925382160431863,
            0.07294477457139328,
            0.07145129774746811,
            0.22186389849223304
        ],
        [
            0.17341689802485358,
            0.19534194327200977,
            0.040654810396445626,
            0.04070617020247129,
            0.04070969338366687,
            0.04228388967543206,
            0.0379895141758784,
            0.03372008003237835,
            0.031337388717212894,
            0.038571696605091715,
            0.03763436825791478,
            0.0,
            0.024849567240399287,
            0.024735778054531945,
            0.05784596270011411,
            0.05932647001037885,
            0.05854490303892367,
            0.04606854614055721,
            0.07319450407269046,
            0.07321058008463524,
            0.06985398311357685,
            0.07535894011410854,
            0.059049893081183184,
            0.057556416257258027,
            0.20796901700202297
        ],
        [
            0.16306274444906563,
            0.18498778969622182,
            0.030300656820657676,
            0.030352016626683333,
            0.030355539807878917,
            0.03192973609964411,
            0.027635360600090447,
            0.0233659264565904,
            0.020983235141424944,
            0.028217543029303765,
            0.038744448730609386,
            0.024849567240399287,
            0.0,
            0.00290864592235464,
            0.04749180912432616,
            0.0489723164345909,
            0.04819074946313572,
            0.03571439256476926,
            0.06284035049690251,
            0.06285642650884729,
            0.0594998295377889,
            0.06500478653832059,
            0.04869573950539523,
            0.04720226268147007,
            0.19761486342623502
        ],
        [
            0.16294895526319828,
            0.18487400051035446,
            0.030186867634790338,
            0.030238227440815994,
            0.03024175062201158,
            0.031815946913776774,
            0.02752157141422311,
            0.023252137270723054,
            0.020869445955557606,
            0.028103753843436427,
            0.03863065954474204,
            0.024735778054531945,
            0.00290864592235464,
            0.0,
            0.04737801993845882,
            0.048858527248723554,
            0.04807696027726838,
            0.03560060337890191,
            0.06272656131103516,
            0.06274263732297994,
            0.059386040351921555,
            0.06489099735245324,
            0.04858195031952789,
            0.04708847349560273,
            0.19750107424036767
        ],
        [
            0.19605913990878046,
            0.21798418515593665,
            0.06329705228037251,
            0.06334841208639816,
            0.06335193526759375,
            0.06492613155935895,
            0.06063175605980528,
            0.056362321916305226,
            0.05397963060113978,
            0.0612139384890186,
            0.07174084419032421,
            0.05784596270011411,
            0.04749180912432616,
            0.04737801993845882,
            0.0,
            0.003893678756152364,
            0.01891287088852751,
            0.06871078802448408,
            0.09583674595661733,
            0.09585282196856211,
            0.09249622499750372,
            0.09800118199803541,
            0.08169213496511005,
            0.0801986581411849,
            0.23061125888594983
        ],
        [
            0.19753964721904518,
            0.21946469246620137,
            0.06477755959063725,
            0.0648289193966629,
            0.06483244257785849,
            0.06640663886962368,
            0.06211226337007002,
            0.05784282922656996,
            0.055460137911404514,
            0.06269444579928334,
            0.07322135150058895,
            0.05932647001037885,
            0.0489723164345909,
            0.048858527248723554,
            0.003893678756152364,
            0.0,
            0.020393378198792243,
            0.07019129533474881,
            0.09731725326688206,
            0.09733332927882685,
            0.09397673230776846,
            0.09948168930830015,
            0.0831726422753748,
            0.08167916545144963,
            0.23209176619621458
        ],
        [
            0.19675808024759,
            0.2186831254947462,
            0.06399599261918207,
            0.06404735242520772,
            0.06405087560640331,
            0.0656250718981685,
            0.06133069639861484,
            0.057061262255114785,
            0.054678570939949336,
            0.06191287882782816,
            0.07243978452913377,
            0.05854490303892367,
            0.04819074946313572,
            0.04807696027726838,
            0.01891287088852751,
            0.020393378198792243,
            0.0,
            0.06940972836329364,
            0.09653568629542689,
            0.09655176230737167,
            0.09319516533631328,
            0.09870012233684497,
            0.08239107530391962,
            0.08089759847999445,
            0.23131019922475937
        ],
        [
            0.16830683063755242,
            0.1902318758847086,
            0.042345428182973835,
            0.0423967879889995,
            0.042400311170195076,
            0.04397450746196027,
            0.039680131962406606,
            0.03541069781890656,
            0.0330280065037411,
            0.040262314391619924,
            0.0599634276307673,
            0.04606854614055721,
            0.03571439256476926,
            0.03560060337890191,
            0.06871078802448408,
            0.07019129533474881,
            0.06940972836329364,
            0.0,
            0.06808443668538929,
            0.06810051269733407,
            0.06474391572627568,
            0.07024887272680737,
            0.05393982569388202,
            0.05244634886995686,
            0.20285894961472178
        ],
        [
            0.18027909369389958,
            0.20220413894105577,
            0.06947138611510709,
            0.06952274592113275,
            0.06952626910232833,
            0.07110046539409352,
            0.06680608989453986,
            0.06253665575103981,
            0.060153964435874355,
            0.06738827232375318,
            0.08708938556290055,
            0.07319450407269046,
            0.06284035049690251,
            0.06272656131103516,
            0.09583674595661733,
            0.09731725326688206,
            0.09653568629542689,
            0.06808443668538929,
            0.0,
            0.002146827598189508,
            0.01304686580706389,
            0.052924399567584136,
            0.05355638531292825,
            0.052062908489003086,
            0.21483121267106894
        ],
        [
            0.18029516970584433,
            0.20222021495300052,
            0.06948746212705187,
            0.06953882193307753,
            0.06954234511427311,
            0.0711165414060383,
            0.06682216590648464,
            0.06255273176298459,
            0.06017004044781914,
            0.06740434833569796,
            0.08710546157484533,
            0.07321058008463524,
            0.06285642650884729,
            0.06274263732297994,
            0.09585282196856211,
            0.09733332927882685,
            0.09655176230737167,
            0.06810051269733407,
            0.002146827598189508,
            0.0,
            0.013062941819008671,
            0.052940475579528926,
            0.05357246132487303,
            0.05207898450094787,
            0.21484728868301373
        ],
        [
            0.17693857273478594,
            0.19886361798194213,
            0.06613086515599348,
            0.06618222496201914,
            0.06618574814321472,
            0.06775994443497992,
            0.06346556893542625,
            0.0591961347919262,
            0.05681344347676075,
            0.06404775136463957,
            0.08374886460378694,
            0.06985398311357685,
            0.0594998295377889,
            0.059386040351921555,
            0.09249622499750372,
            0.09397673230776846,
            0.09319516533631328,
            0.06474391572627568,
            0.01304686580706389,
            0.013062941819008671,
            0.0,
            0.049583878608470536,
            0.05021586435381464,
            0.04872238752988948,
            0.21149069171195534
        ],
        [
            0.18244352973531766,
            0.20436857498247385,
            0.07163582215652517,
            0.07168718196255083,
            0.07169070514374641,
            0.0732649014355116,
            0.06897052593595794,
            0.0647010917924579,
            0.06231840047729244,
            0.06955270836517126,
            0.08925382160431863,
            0.07535894011410854,
            0.06500478653832059,
            0.06489099735245324,
            0.09800118199803541,
            0.09948168930830015,
            0.09870012233684497,
            0.07024887272680737,
            0.052924399567584136,
            0.052940475579528926,
            0.049583878608470536,
            0.0,
            0.055720821354346334,
            0.05422734453042117,
            0.21699564871248703
        ],
        [
            0.1661344827023923,
            0.1880595279495485,
            0.05532677512359981,
            0.05537813492962547,
            0.055381658110821054,
            0.05695585440258625,
            0.052661478903032584,
            0.04839204475953253,
            0.04600935344436708,
            0.0532436613322459,
            0.07294477457139328,
            0.059049893081183184,
            0.04869573950539523,
            0.04858195031952789,
            0.08169213496511005,
            0.0831726422753748,
            0.08239107530391962,
            0.05393982569388202,
            0.05355638531292825,
            0.05357246132487303,
            0.05021586435381464,
            0.055720821354346334,
            0.0,
            0.010124665416788595,
            0.20068660167956168
        ],
        [
            0.16464100587846714,
            0.18656605112562333,
            0.053833298299674655,
            0.05388465810570031,
            0.053888181286895896,
            0.05546237757866109,
            0.051168002079107426,
            0.04689856793560737,
            0.04451587662044192,
            0.051750184508320744,
            0.07145129774746811,
            0.057556416257258027,
            0.04720226268147007,
            0.04708847349560273,
            0.0801986581411849,
            0.08167916545144963,
            0.08089759847999445,
            0.05244634886995686,
            0.052062908489003086,
            0.05207898450094787,
            0.04872238752988948,
            0.05422734453042117,
            0.010124665416788595,
            0.0,
            0.1991931248556365
        ],
        [
            0.26536547629258744,
            0.2872905215397436,
            0.20424589904443957,
            0.20429725885046524,
            0.20430078203166083,
            0.20587497832342602,
            0.20158060282387236,
            0.1973111686803723,
            0.19492847736520685,
            0.20216278525308568,
            0.22186389849223304,
            0.20796901700202297,
            0.19761486342623502,
            0.19750107424036767,
            0.23061125888594983,
            0.23209176619621458,
            0.23131019922475937,
            0.20285894961472178,
            0.21483121267106894,
            0.21484728868301373,
            0.21149069171195534,
            0.21699564871248703,
            0.20068660167956168,
            0.1991931248556365,
            0.0
        ]
    ],
    "NODE_MAPPING": {
        "0": "24",
        "1": "25",
        "2": "1",
        "3": "2",
        "4": "3",
        "5": "4",
        "6": "5",
        "7": "8",
        "8": "17",
        "9": "7",
        "10": "9",
        "11": "20",
        "12": "18",
        "13": "19",
        "14": "21",
        "15": "22",
        "16": "23",
        "17": "6",
        "18": "10",
        "19": "11",
        "20": "12",
        "21": "13",
        "22": "14",
        "23": "15",
        "24": "16"
    }
}