{
    "NEXUS_FILE_URL": "http://purl.org/phylo/treebase/phylows/study/TB2:S15147",
    "NEWICK_TREE": "(1:0.13231406,((4:0.00376049,(2:0.0021395,3:0.00323275):3.6011E-4):0.01963963,(52:0.00342377,((45:6.6598E-4,(20:6.6698E-4,10:1.0E-8):1.0E-8):6.6623E-4,((43:1.0E-8,(23:6.6343E-4,12:6.6419E-4):6.6655E-4):0.00267423,((11:1.0E-8,(14:6.6266E-4,(17:1.0E-8,(49:0.0019921,(51:6.6223E-4,(19:6.6363E-4,(29:1.0E-8,48:1.0E-8):1.0E-8):1.0E-8):6.644E-4):6.6261E-4):1.0E-8):6.6181E-4):6.6237E-4,((34:6.6351E-4,8:1.0E-8):6.629E-4,(((13:0.00132888,26:6.6488E-4):1.0E-8,(53:1.0E-8,(25:1.0E-8,50:1.0E-8):6.619E-4):6.6244E-4):1.0E-8,(((47:1.0E-8,5:6.6232E-4):0.0,(44:0.00132609,(18:1.0E-8,(37:6.6228E-4,7:0.00199199):1.0E-8):6.6235E-4):6.6201E-4):6.6233E-4,((46:1.0E-8,21:1.0E-8):1.0E-8,(6:6.6607E-4,((39:6.6204E-4,(40:1.0E-8,(36:0.00199309,38:1.0E-8):6.6257E-4):6.6326E-4):6.6595E-4,((22:1.0E-8,31:0.00132706):6.6345E-4,(27:1.972E-7,(((15:6.6218E-4,16:1.0E-8):6.4737E-4,(41:0.00132719,42:1.0E-8):0.00471698):0.00134925,(9:6.6397E-4,(35:1.0E-8,(33:6.632E-4,(28:6.6339E-4,(30:6.6222E-4,(32:1.0E-8,24:1.0E-8):1.0E-8):1.0E-8):1.0E-8):6.6341E-4):1.0E-8):6.6608E-4):6.6331E-4):6.6284E-4):1.0E-8):6.6613E-4):6.6655E-4):6.6375E-4):1.0E-8):1.0E-8):1.0E-8):0.00200047):1.0E-8):0.00264585):0.00485757):0.13231406);",
    "DISTANCE_MATRIX": [
        [
            0.0,
            0.28802824000000005,
            0.28676736,
            0.28786061,
            0.27290946000000005,
            0.27346375,
            0.27346476000000003,
            0.27279779000000004,
            0.27480579000000005,
            0.27613576,
            0.27613652,
            0.2747944,
            0.27611886,
            0.27545622000000003,
            0.27811092000000004,
            0.27744545,
            0.27744686,
            0.27678325000000004,
            0.27678325000000004,
            0.27545844,
            0.27479494000000004,
            0.27546094,
            0.27479694,
            0.27479450000000005,
            0.27545640000000005,
            0.27545640000000005,
            0.27479439000000005,
            0.2754567,
            0.27678248000000005,
            0.27611875,
            0.27678103,
            0.27811074,
            0.27479582,
            0.27479582,
            0.27612842000000004,
            0.27745647,
            0.27745770000000003,
            0.28011335000000004,
            0.27812027000000006,
            0.27679195,
            0.278119,
            0.2767915272,
            0.28011344000000005,
            0.27945127000000003,
            0.28484806,
            0.28352088000000003,
            0.27878469000000006,
            0.27812074000000003,
            0.27944734000000004,
            0.27944754000000005,
            0.27944638,
            0.27878418000000005,
            0.27878418000000005
        ],
        [
            0.28802824000000005,
            0.0,
            0.006260099999999999,
            0.00735335,
            0.03168146,
            0.03223575000000001,
            0.03223676,
            0.03156979,
            0.03357779,
            0.03490776,
            0.034908520000000005,
            0.0335664,
            0.03489086,
            0.034228220000000004,
            0.03688292000000001,
            0.036217450000000005,
            0.036218860000000005,
            0.035555250000000004,
            0.035555250000000004,
            0.03423044,
            0.03356694,
            0.03423294,
            0.033568940000000005,
            0.0335665,
            0.034228400000000006,
            0.034228400000000006,
            0.03356639,
            0.0342287,
            0.03555448,
            0.034890750000000005,
            0.03555303,
            0.036882740000000004,
            0.033567820000000005,
            0.033567820000000005,
            0.03490042,
            0.036228470000000006,
            0.036229700000000004,
            0.038885350000000006,
            0.036892270000000005,
            0.035563950000000004,
            0.03689100000000001,
            0.0355635272,
            0.03888544000000001,
            0.038223270000000004,
            0.04362006,
            0.042292880000000005,
            0.037556690000000004,
            0.03689274000000001,
            0.038219340000000004,
            0.03821954,
            0.03821838,
            0.03755618,
            0.03755618
        ],
        [
            0.28676736,
            0.006260099999999999,
            0.0,
            0.00537225,
            0.030420580000000003,
            0.03097487,
            0.03097588,
            0.03030891,
            0.032316910000000004,
            0.033646880000000004,
            0.03364764,
            0.032305520000000004,
            0.033629980000000004,
            0.03296734,
            0.03562204,
            0.03495657,
            0.03495798,
            0.034294370000000005,
            0.034294370000000005,
            0.03296956,
            0.03230606,
            0.03297206,
            0.03230806,
            0.03230562,
            0.03296752,
            0.03296752,
            0.03230551,
            0.03296782,
            0.0342936,
            0.03362987,
            0.03429215,
            0.03562186,
            0.03230694,
            0.03230694,
            0.03363954,
            0.03496759,
            0.03496882,
            0.03762447,
            0.03563139,
            0.034303070000000005,
            0.03563012,
            0.0343026472,
            0.03762456,
            0.03696239,
            0.042359179999999996,
            0.041032,
            0.03629581,
            0.03563186,
            0.03695846,
            0.036958660000000004,
            0.036957500000000004,
            0.0362953,
            0.0362953
        ],
        [
            0.28786061,
            0.00735335,
            0.00537225,
            0.0,
            0.03151383,
            0.032068120000000006,
            0.03206913,
            0.03140216,
            0.03341016,
            0.03474013,
            0.03474089,
            0.03339877,
            0.03472323,
            0.03406059,
            0.036715290000000005,
            0.03604982,
            0.036051230000000004,
            0.03538762,
            0.03538762,
            0.03406281,
            0.03339931,
            0.03406531,
            0.033401310000000003,
            0.03339887,
            0.034060770000000004,
            0.034060770000000004,
            0.03339876,
            0.03406107,
            0.03538685,
            0.03472312,
            0.0353854,
            0.03671511,
            0.03340019,
            0.03340019,
            0.03473279,
            0.036060840000000004,
            0.03606207,
            0.038717720000000004,
            0.03672464,
            0.03539632,
            0.036723370000000005,
            0.0353958972,
            0.038717810000000005,
            0.03805564,
            0.04345243,
            0.04212525,
            0.03738906,
            0.036725110000000005,
            0.03805171,
            0.03805191,
            0.03805075,
            0.03738855,
            0.03738855
        ],
        [
            0.27290946000000005,
            0.03168146,
            0.030420580000000003,
            0.03151383,
            0.0,
            0.00740183,
            0.007402839999999999,
            0.00673587,
            0.008743869999999999,
            0.01007384,
            0.0100746,
            0.008732479999999999,
            0.01005694,
            0.0093943,
            0.012049,
            0.01138353,
            0.01138494,
            0.01072133,
            0.01072133,
            0.00939652,
            0.00873302,
            0.00939902,
            0.00873502,
            0.00873258,
            0.00939448,
            0.00939448,
            0.008732469999999999,
            0.00939478,
            0.010720559999999999,
            0.01005683,
            0.01071911,
            0.012048819999999998,
            0.0087339,
            0.0087339,
            0.010066499999999999,
            0.01139455,
            0.01139578,
            0.01405143,
            0.012058349999999999,
            0.01073003,
            0.01205708,
            0.0107296072,
            0.01405152,
            0.01338935,
            0.018786139999999996,
            0.01745896,
            0.01272277,
            0.01205882,
            0.013385419999999999,
            0.013385619999999999,
            0.013384459999999999,
            0.012722259999999999,
            0.012722259999999999
        ],
        [
            0.27346375,
            0.03223575000000001,
            0.03097487,
            0.032068120000000006,
            0.00740183,
            0.0,
            0.0013329700000000002,
            0.000666,
            0.00400646,
            0.00533643,
            0.00533719,
            0.00399507,
            0.005319529999999999,
            0.00465689,
            0.00731159,
            0.00664612,
            0.0066475300000000005,
            0.00598392,
            0.00598392,
            0.004659109999999999,
            0.00399561,
            0.00466161,
            0.00399761,
            0.003995169999999999,
            0.004657069999999999,
            0.004657069999999999,
            0.00399506,
            0.004657369999999999,
            0.00598315,
            0.00531942,
            0.0059816999999999995,
            0.007311409999999999,
            0.00399649,
            0.00399649,
            0.00532909,
            0.006657140000000001,
            0.00665837,
            0.009314020000000001,
            0.00732094,
            0.005992620000000001,
            0.00731967,
            0.0059921972,
            0.00931411,
            0.00865194,
            0.014048729999999997,
            0.01272155,
            0.00798536,
            0.00732141,
            0.00864801,
            0.00864821,
            0.00864705,
            0.00798485,
            0.00798485
        ],
        [
            0.27346476000000003,
            0.03223676,
            0.03097588,
            0.03206913,
            0.007402839999999999,
            0.0013329700000000002,
            0.0,
            0.00066699,
            0.00400747,
            0.005337440000000001,
            0.0053381999999999995,
            0.00399608,
            0.00532054,
            0.0046578999999999995,
            0.007312600000000001,
            0.006647129999999999,
            0.00664854,
            0.005984929999999999,
            0.005984929999999999,
            0.00466012,
            0.003996619999999999,
            0.004662619999999999,
            0.00399862,
            0.00399618,
            0.00465808,
            0.00465808,
            0.00399607,
            0.00465838,
            0.005984159999999999,
            0.005320429999999999,
            0.0059827100000000005,
            0.00731242,
            0.003997499999999999,
            0.003997499999999999,
            0.005330099999999999,
            0.00665815,
            0.0066593799999999995,
            0.00931503,
            0.007321950000000001,
            0.00599363,
            0.0073206799999999995,
            0.0059932072,
            0.00931512,
            0.00865295,
            0.014049739999999996,
            0.012722559999999999,
            0.00798637,
            0.00732242,
            0.00864902,
            0.008649219999999999,
            0.008648059999999999,
            0.00798586,
            0.00798586
        ],
        [
            0.27279779000000004,
            0.03156979,
            0.03030891,
            0.03140216,
            0.00673587,
            0.000666,
            0.00066699,
            0.0,
            0.0033404999999999997,
            0.00467047,
            0.00467123,
            0.0033291099999999997,
            0.00465357,
            0.00399093,
            0.0066456300000000005,
            0.00598016,
            0.00598157,
            0.00531796,
            0.00531796,
            0.00399315,
            0.00332965,
            0.00399565,
            0.0033316500000000002,
            0.00332921,
            0.00399111,
            0.00399111,
            0.0033290999999999998,
            0.00399141,
            0.005317189999999999,
            0.00465346,
            0.00531574,
            0.00664545,
            0.00333053,
            0.00333053,
            0.00466313,
            0.0059911800000000005,
            0.00599241,
            0.00864806,
            0.0066549800000000004,
            0.00532666,
            0.00665371,
            0.0053262372,
            0.00864815,
            0.00798598,
            0.013382769999999997,
            0.01205559,
            0.0073194,
            0.00665545,
            0.00798205,
            0.00798225,
            0.00798109,
            0.00731889,
            0.00731889
        ],
        [
            0.27480579000000005,
            0.03357779,
            0.032316910000000004,
            0.03341016,
            0.008743869999999999,
            0.00400646,
            0.00400747,
            0.0033404999999999997,
            0.0,
            0.00132999,
            0.00133075,
            0.00533709,
            0.0066615500000000005,
            0.00599891,
            0.00865361,
            0.00798814,
            0.00798955,
            0.0073259399999999995,
            0.0073259399999999995,
            0.00600113,
            0.0053376299999999995,
            0.006003629999999999,
            0.00533963,
            0.00533719,
            0.00599909,
            0.00599909,
            0.00533708,
            0.00599939,
            0.007325169999999999,
            0.006661439999999999,
            0.007323720000000001,
            0.00865343,
            0.0053385099999999994,
            0.0053385099999999994,
            0.006671109999999999,
            0.00799916,
            0.00800039,
            0.01065604,
            0.00866296,
            0.00733464,
            0.00866169,
            0.0073342172,
            0.01065613,
            0.00999396,
            0.015390749999999996,
            0.01406357,
            0.00932738,
            0.00866343,
            0.00999003,
            0.00999023,
            0.00998907,
            0.00932687,
            0.00932687
        ],
        [
            0.27613576,
            0.03490776,
            0.033646880000000004,
            0.03474013,
            0.01007384,
            0.00533643,
            0.005337440000000001,
            0.00467047,
            0.00132999,
            0.0,
            0.00132762,
            0.006667060000000001,
            0.00799152,
            0.00732888,
            0.00998358,
            0.009318110000000001,
            0.009319520000000001,
            0.00865591,
            0.00865591,
            0.0073311,
            0.0066676,
            0.0073336,
            0.0066696,
            0.00666716,
            0.00732906,
            0.00732906,
            0.006667050000000001,
            0.00732936,
            0.008655139999999999,
            0.007991410000000001,
            0.00865369,
            0.0099834,
            0.00666848,
            0.00666848,
            0.00800108,
            0.009329130000000001,
            0.00933036,
            0.011986010000000002,
            0.00999293,
            0.00866461,
            0.00999166,
            0.0086641872,
            0.0119861,
            0.01132393,
            0.016720719999999998,
            0.01539354,
            0.01065735,
            0.0099934,
            0.01132,
            0.011320199999999999,
            0.011319039999999999,
            0.01065684,
            0.01065684
        ],
        [
            0.27613652,
            0.034908520000000005,
            0.03364764,
            0.03474089,
            0.0100746,
            0.00533719,
            0.0053381999999999995,
            0.00467123,
            0.00133075,
            0.00132762,
            0.0,
            0.00666782,
            0.007992280000000001,
            0.00732964,
            0.009984340000000001,
            0.00931887,
            0.00932028,
            0.00865667,
            0.00865667,
            0.00733186,
            0.00666836,
            0.00733436,
            0.00667036,
            0.00666792,
            0.00732982,
            0.00732982,
            0.00666781,
            0.00733012,
            0.0086559,
            0.00799217,
            0.008654450000000001,
            0.009984159999999999,
            0.00666924,
            0.00666924,
            0.00800184,
            0.00932989,
            0.00933112,
            0.01198677,
            0.00999369,
            0.00866537,
            0.00999242,
            0.0086649472,
            0.01198686,
            0.01132469,
            0.016721479999999997,
            0.0153943,
            0.01065811,
            0.00999416,
            0.01132076,
            0.01132096,
            0.0113198,
            0.0106576,
            0.0106576
        ],
        [
            0.2747944,
            0.0335664,
            0.032305520000000004,
            0.03339877,
            0.008732479999999999,
            0.00399507,
            0.00399608,
            0.0033291099999999997,
            0.00533709,
            0.006667060000000001,
            0.00666782,
            0.0,
            0.0013244799999999998,
            0.00066184,
            0.00331654,
            0.00265107,
            0.00265248,
            0.00198887,
            0.00198887,
            0.0019888,
            0.0013253000000000002,
            0.0019912999999999997,
            0.0013273000000000002,
            0.0013248600000000002,
            0.00198676,
            0.00198676,
            0.0013247500000000004,
            0.00198706,
            0.00331284,
            0.00264911,
            0.0033113900000000004,
            0.0046410999999999996,
            0.0013261800000000002,
            0.0013261800000000002,
            0.00265878,
            0.00398683,
            0.00398806,
            0.00664371,
            0.00465063,
            0.00332231,
            0.00464936,
            0.0033218872,
            0.0066438,
            0.00598163,
            0.011378419999999998,
            0.010051240000000001,
            0.00531505,
            0.0046511,
            0.0059777,
            0.0059778999999999995,
            0.0059767399999999995,
            0.0053145399999999995,
            0.0053145399999999995
        ],
        [
            0.27611886,
            0.03489086,
            0.033629980000000004,
            0.03472323,
            0.01005694,
            0.005319529999999999,
            0.00532054,
            0.00465357,
            0.0066615500000000005,
            0.00799152,
            0.007992280000000001,
            0.0013244799999999998,
            0.0,
            0.00066268,
            0.00331738,
            0.0026519100000000004,
            0.00265332,
            0.00198971,
            0.00198971,
            0.00331326,
            0.00264976,
            0.00331576,
            0.0026517600000000004,
            0.00264932,
            0.00331122,
            0.00331122,
            0.0026492100000000004,
            0.00331152,
            0.0046373000000000004,
            0.00397357,
            0.00463585,
            0.00596556,
            0.00265064,
            0.00265064,
            0.00398324,
            0.00531129,
            0.005312519999999999,
            0.00796817,
            0.005975090000000001,
            0.00464677,
            0.00597382,
            0.0046463471999999995,
            0.007968260000000001,
            0.00730609,
            0.012702879999999998,
            0.0113757,
            0.00663951,
            0.00597556,
            0.00730216,
            0.00730236,
            0.0073012,
            0.006639,
            0.006639
        ],
        [
            0.27545622000000003,
            0.034228220000000004,
            0.03296734,
            0.03406059,
            0.0093943,
            0.00465689,
            0.0046578999999999995,
            0.00399093,
            0.00599891,
            0.00732888,
            0.00732964,
            0.00066184,
            0.00066268,
            0.0,
            0.00265472,
            0.00198925,
            0.00199066,
            0.00132705,
            0.00132705,
            0.0026506200000000002,
            0.00198712,
            0.0026531199999999997,
            0.00198912,
            0.00198668,
            0.00264858,
            0.00264858,
            0.00198657,
            0.00264888,
            0.00397466,
            0.00331093,
            0.0039732100000000005,
            0.00530292,
            0.001988,
            0.001988,
            0.0033206,
            0.00464865,
            0.0046498799999999995,
            0.00730553,
            0.005312450000000001,
            0.00398413,
            0.00531118,
            0.0039837072,
            0.0073056200000000005,
            0.00664345,
            0.012040239999999997,
            0.01071306,
            0.0059768700000000004,
            0.0053129200000000005,
            0.00663952,
            0.00663972,
            0.00663856,
            0.00597636,
            0.00597636
        ],
        [
            0.27811092000000004,
            0.03688292000000001,
            0.03562204,
            0.036715290000000005,
            0.012049,
            0.00731159,
            0.007312600000000001,
            0.0066456300000000005,
            0.00865361,
            0.00998358,
            0.009984340000000001,
            0.00331654,
            0.00331738,
            0.00265472,
            0.0,
            0.00331873,
            0.00332014,
            0.0026565300000000003,
            0.0026565300000000003,
            0.0053053200000000005,
            0.0046418200000000005,
            0.00530782,
            0.004643820000000001,
            0.0046413800000000005,
            0.0053032800000000005,
            0.0053032800000000005,
            0.004641270000000001,
            0.0053035800000000004,
            0.006629360000000001,
            0.00596563,
            0.006627910000000001,
            0.00795762,
            0.0046427000000000005,
            0.0046427000000000005,
            0.0059753,
            0.00730335,
            0.00730458,
            0.00996023,
            0.007967150000000001,
            0.00663883,
            0.007965880000000002,
            0.0066384072,
            0.009960320000000002,
            0.009298150000000002,
            0.014694939999999998,
            0.013367760000000001,
            0.008631570000000002,
            0.007967620000000002,
            0.00929422,
            0.009294420000000001,
            0.009293260000000001,
            0.00863106,
            0.00863106
        ],
        [
            0.27744545,
            0.036217450000000005,
            0.03495657,
            0.03604982,
            0.01138353,
            0.00664612,
            0.006647129999999999,
            0.00598016,
            0.00798814,
            0.009318110000000001,
            0.00931887,
            0.00265107,
            0.0026519100000000004,
            0.00198925,
            0.00331873,
            0.0,
            0.00132587,
            0.00066226,
            0.00066226,
            0.00463985,
            0.00397635,
            0.00464235,
            0.00397835,
            0.00397591,
            0.00463781,
            0.00463781,
            0.0039758,
            0.00463811,
            0.0059638899999999995,
            0.00530016,
            0.00596244,
            0.00729215,
            0.00397723,
            0.00397723,
            0.00530983,
            0.0066378800000000005,
            0.00663911,
            0.00929476,
            0.0073016800000000005,
            0.0059733600000000005,
            0.00730041,
            0.0059729372,
            0.00929485,
            0.00863268,
            0.014029469999999999,
            0.012702290000000001,
            0.0079661,
            0.00730215,
            0.008628750000000001,
            0.00862895,
            0.00862779,
            0.00796559,
            0.00796559
        ],
        [
            0.27744686,
            0.036218860000000005,
            0.03495798,
            0.036051230000000004,
            0.01138494,
            0.0066475300000000005,
            0.00664854,
            0.00598157,
            0.00798955,
            0.009319520000000001,
            0.00932028,
            0.00265248,
            0.00265332,
            0.00199066,
            0.00332014,
            0.00132587,
            0.0,
            0.00066365,
            0.00066365,
            0.00464126,
            0.00397776,
            0.00464376,
            0.003979760000000001,
            0.00397732,
            0.00463922,
            0.00463922,
            0.00397721,
            0.00463952,
            0.0059653,
            0.00530157,
            0.005963850000000001,
            0.00729356,
            0.00397864,
            0.00397864,
            0.00531124,
            0.006639290000000001,
            0.0066405200000000005,
            0.00929617,
            0.007303090000000001,
            0.005974770000000001,
            0.0073018200000000005,
            0.005974347200000001,
            0.00929626,
            0.00863409,
            0.014030879999999999,
            0.012703700000000002,
            0.00796751,
            0.007303560000000001,
            0.008630160000000001,
            0.00863036,
            0.0086292,
            0.007967,
            0.007967
        ],
        [
            0.27678325000000004,
            0.035555250000000004,
            0.034294370000000005,
            0.03538762,
            0.01072133,
            0.00598392,
            0.005984929999999999,
            0.00531796,
            0.0073259399999999995,
            0.00865591,
            0.00865667,
            0.00198887,
            0.00198971,
            0.00132705,
            0.0026565300000000003,
            0.00066226,
            0.00066365,
            0.0,
            2e-08,
            0.00397765,
            0.00331415,
            0.00398015,
            0.0033161500000000003,
            0.00331371,
            0.00397561,
            0.00397561,
            0.0033136000000000003,
            0.00397591,
            0.0053016899999999995,
            0.00463796,
            0.00530024,
            0.00662995,
            0.00331503,
            0.00331503,
            0.00464763,
            0.005975680000000001,
            0.00597691,
            0.008632560000000001,
            0.0066394800000000006,
            0.0053111600000000005,
            0.00663821,
            0.0053107372,
            0.00863265,
            0.00797048,
            0.013367269999999997,
            0.01204009,
            0.0073039,
            0.00663995,
            0.00796655,
            0.00796675,
            0.00796559,
            0.00730339,
            0.00730339
        ],
        [
            0.27678325000000004,
            0.035555250000000004,
            0.034294370000000005,
            0.03538762,
            0.01072133,
            0.00598392,
            0.005984929999999999,
            0.00531796,
            0.0073259399999999995,
            0.00865591,
            0.00865667,
            0.00198887,
            0.00198971,
            0.00132705,
            0.0026565300000000003,
            0.00066226,
            0.00066365,
            2e-08,
            0.0,
            0.00397765,
            0.00331415,
            0.00398015,
            0.0033161500000000003,
            0.00331371,
            0.00397561,
            0.00397561,
            0.0033136000000000003,
            0.00397591,
            0.0053016899999999995,
            0.00463796,
            0.00530024,
            0.00662995,
            0.00331503,
            0.00331503,
            0.00464763,
            0.005975680000000001,
            0.00597691,
            0.008632560000000001,
            0.0066394800000000006,
            0.0053111600000000005,
            0.00663821,
            0.0053107372,
            0.00863265,
            0.00797048,
            0.013367269999999997,
            0.01204009,
            0.0073039,
            0.00663995,
            0.00796655,
            0.00796675,
            0.00796559,
            0.00730339,
            0.00730339
        ],
        [
            0.27545844,
            0.03423044,
            0.03296956,
            0.03406281,
            0.00939652,
            0.004659109999999999,
            0.00466012,
            0.00399315,
            0.00600113,
            0.0073311,
            0.00733186,
            0.0019888,
            0.00331326,
            0.0026506200000000002,
            0.0053053200000000005,
            0.00463985,
            0.00464126,
            0.00397765,
            0.00397765,
            0.0,
            0.00066352,
            0.00265532,
            0.0019913200000000004,
            0.00198888,
            0.00265078,
            0.00265078,
            0.0019887700000000004,
            0.00265108,
            0.0039768600000000005,
            0.00331313,
            0.00397541,
            0.00530512,
            0.0019902,
            0.0019902,
            0.0033228,
            0.00465085,
            0.004652079999999999,
            0.00730773,
            0.005314650000000001,
            0.00398633,
            0.00531338,
            0.0039859071999999995,
            0.0073078200000000005,
            0.00664565,
            0.012042439999999998,
            0.01071526,
            0.00597907,
            0.0053151200000000004,
            0.00664172,
            0.00664192,
            0.00664076,
            0.00597856,
            0.00597856
        ],
        [
            0.27479494000000004,
            0.03356694,
            0.03230606,
            0.03339931,
            0.00873302,
            0.00399561,
            0.003996619999999999,
            0.00332965,
            0.0053376299999999995,
            0.0066676,
            0.00666836,
            0.0013253000000000002,
            0.00264976,
            0.00198712,
            0.0046418200000000005,
            0.00397635,
            0.00397776,
            0.00331415,
            0.00331415,
            0.00066352,
            0.0,
            0.00199182,
            0.0013278200000000002,
            0.0013253800000000001,
            0.00198728,
            0.00198728,
            0.0013252700000000004,
            0.00198758,
            0.00331336,
            0.00264963,
            0.0033119100000000004,
            0.00464162,
            0.0013267,
            0.0013267,
            0.0026593,
            0.003987350000000001,
            0.00398858,
            0.00664423,
            0.004651150000000001,
            0.00332283,
            0.00464988,
            0.0033224072,
            0.0066443200000000004,
            0.00598215,
            0.011378939999999997,
            0.01005176,
            0.00531557,
            0.00465162,
            0.00597822,
            0.00597842,
            0.00597726,
            0.00531506,
            0.00531506
        ],
        [
            0.27546094,
            0.03423294,
            0.03297206,
            0.03406531,
            0.00939902,
            0.00466161,
            0.004662619999999999,
            0.00399565,
            0.006003629999999999,
            0.0073336,
            0.00733436,
            0.0019912999999999997,
            0.00331576,
            0.0026531199999999997,
            0.00530782,
            0.00464235,
            0.00464376,
            0.00398015,
            0.00398015,
            0.00265532,
            0.00199182,
            0.0,
            0.00199376,
            0.00199134,
            0.0026532400000000003,
            0.0026532400000000003,
            0.00199125,
            0.00265356,
            0.00397934,
            0.00331561,
            0.00397789,
            0.0053076,
            0.0019926799999999997,
            0.0019926799999999997,
            0.00332528,
            0.00465333,
            0.004654559999999999,
            0.00731021,
            0.005317130000000001,
            0.00398881,
            0.00531586,
            0.0039883871999999996,
            0.0073103000000000005,
            0.00664813,
            0.012044919999999997,
            0.01071774,
            0.00598155,
            0.0053176000000000005,
            0.0066442,
            0.0066444,
            0.00664324,
            0.00598104,
            0.00598104
        ],
        [
            0.27479694,
            0.033568940000000005,
            0.03230806,
            0.033401310000000003,
            0.00873502,
            0.00399761,
            0.00399862,
            0.0033316500000000002,
            0.00533963,
            0.0066696,
            0.00667036,
            0.0013273000000000002,
            0.0026517600000000004,
            0.00198912,
            0.004643820000000001,
            0.00397835,
            0.003979760000000001,
            0.0033161500000000003,
            0.0033161500000000003,
            0.0019913200000000004,
            0.0013278200000000002,
            0.00199376,
            0.0,
            0.0013273400000000002,
            0.00198924,
            0.00198924,
            0.0013272500000000003,
            0.00198956,
            0.00331534,
            0.00265161,
            0.0033138900000000003,
            0.0046436,
            0.00132868,
            0.00132868,
            0.00266128,
            0.00398933,
            0.00399056,
            0.0066462100000000005,
            0.004653130000000001,
            0.00332481,
            0.004651860000000001,
            0.0033243872,
            0.006646300000000001,
            0.005984130000000001,
            0.011380919999999997,
            0.01005374,
            0.005317550000000001,
            0.004653600000000001,
            0.005980200000000001,
            0.0059804,
            0.00597924,
            0.00531704,
            0.00531704
        ],
        [
            0.27479450000000005,
            0.0335665,
            0.03230562,
            0.03339887,
            0.00873258,
            0.003995169999999999,
            0.00399618,
            0.00332921,
            0.00533719,
            0.00666716,
            0.00666792,
            0.0013248600000000002,
            0.00264932,
            0.00198668,
            0.0046413800000000005,
            0.00397591,
            0.00397732,
            0.00331371,
            0.00331371,
            0.00198888,
            0.0013253800000000001,
            0.00199134,
            0.0013273400000000002,
            0.0,
            0.0006619200000000001,
            0.0006619200000000001,
            0.0013248100000000003,
            0.00198712,
            0.0033129,
            0.00264917,
            0.0033114500000000005,
            0.00464116,
            0.0013262400000000002,
            0.0013262400000000002,
            0.00265884,
            0.00398689,
            0.0039881199999999995,
            0.00664377,
            0.004650690000000001,
            0.0033223700000000003,
            0.0046494200000000005,
            0.0033219472,
            0.0066438600000000006,
            0.0059816900000000004,
            0.011378479999999998,
            0.0100513,
            0.0053151100000000005,
            0.0046511600000000005,
            0.00597776,
            0.00597796,
            0.0059768,
            0.0053146,
            0.0053146
        ],
        [
            0.27545640000000005,
            0.034228400000000006,
            0.03296752,
            0.034060770000000004,
            0.00939448,
            0.004657069999999999,
            0.00465808,
            0.00399111,
            0.00599909,
            0.00732906,
            0.00732982,
            0.00198676,
            0.00331122,
            0.00264858,
            0.0053032800000000005,
            0.00463781,
            0.00463922,
            0.00397561,
            0.00397561,
            0.00265078,
            0.00198728,
            0.0026532400000000003,
            0.00198924,
            0.0006619200000000001,
            0.0,
            2e-08,
            0.00198671,
            0.00264902,
            0.0039748000000000006,
            0.00331107,
            0.0039733500000000005,
            0.00530306,
            0.0019881400000000002,
            0.0019881400000000002,
            0.00332074,
            0.00464879,
            0.0046500199999999995,
            0.00730567,
            0.005312590000000001,
            0.00398427,
            0.0053113200000000005,
            0.0039838472,
            0.0073057600000000006,
            0.00664359,
            0.012040379999999998,
            0.0107132,
            0.0059770100000000005,
            0.0053130600000000005,
            0.00663966,
            0.00663986,
            0.0066387,
            0.0059765,
            0.0059765
        ],
        [
            0.27545640000000005,
            0.034228400000000006,
            0.03296752,
            0.034060770000000004,
            0.00939448,
            0.004657069999999999,
            0.00465808,
            0.00399111,
            0.00599909,
            0.00732906,
            0.00732982,
            0.00198676,
            0.00331122,
            0.00264858,
            0.0053032800000000005,
            0.00463781,
            0.00463922,
            0.00397561,
            0.00397561,
            0.00265078,
            0.00198728,
            0.0026532400000000003,
            0.00198924,
            0.0006619200000000001,
            2e-08,
            0.0,
            0.00198671,
            0.00264902,
            0.0039748000000000006,
            0.00331107,
            0.0039733500000000005,
            0.00530306,
            0.0019881400000000002,
            0.0019881400000000002,
            0.00332074,
            0.00464879,
            0.0046500199999999995,
            0.00730567,
            0.005312590000000001,
            0.00398427,
            0.0053113200000000005,
            0.0039838472,
            0.0073057600000000006,
            0.00664359,
            0.012040379999999998,
            0.0107132,
            0.0059770100000000005,
            0.0053130600000000005,
            0.00663966,
            0.00663986,
            0.0066387,
            0.0059765,
            0.0059765
        ],
        [
            0.27479439000000005,
            0.03356639,
            0.03230551,
            0.03339876,
            0.008732469999999999,
            0.00399506,
            0.00399607,
            0.0033290999999999998,
            0.00533708,
            0.006667050000000001,
            0.00666781,
            0.0013247500000000004,
            0.0026492100000000004,
            0.00198657,
            0.004641270000000001,
            0.0039758,
            0.00397721,
            0.0033136000000000003,
            0.0033136000000000003,
            0.0019887700000000004,
            0.0013252700000000004,
            0.00199125,
            0.0013272500000000003,
            0.0013248100000000003,
            0.00198671,
            0.00198671,
            0.0,
            0.00066233,
            0.00198811,
            0.00132438,
            0.0019866600000000003,
