{
    "NEXUS_FILE_URL": "http://purl.org/phylo/treebase/phylows/study/TB2:S12975",
    "NEWICK_TREE": "(1:0.009396,(3:0.002844,4:0.012436):0.004066,(((2:0.001783,(13:0.010132,(((14:7.29E-4,15:7.15E-4):0.005923,((16:0.00493,(17:7.39E-4,18:7.21E-4):0.001762):0.01243,19:0.011478):0.004253):0.002808,((((((((((20:0.006911,21:0.003742):0.001713,22:0.001717):0.002719,23:0.007844):0.004521,((24:0.005844,25:0.002741):0.001735,26:0.003778):0.005149):0.003795,(27:0.003795,28:0.004819):0.007155):0.00328,((29:7.06E-4,30:6.91E-4):0.008197,31:0.013208):0.003791):0.004988,((((48:0.002866,49:0.001749):0.010581,50:0.009818):0.002174,51:0.022171):0.001807,(52:0.009224,53:0.005989):0.007364):0.007018):0.0013,((64:0.015502,65:0.01318):0.026871,(66:0.004173,67:0.012453):0.021287):0.072431):0.001786,((((32:0.007844,((33:0.001723,35:7.36E-4):7.42E-4,34:0.002748):0.016749):0.001237,(((36:0.001765,37:7.08E-4):7.29E-4,40:0.003809):0.002813,(38:0.002928,39:0.001745):0.001739):0.004456):0.001914,(41:0.003019,42:0.001787):0.004843):0.00369,((43:0.004938,(44:0.002808,45:0.00285):0.001749):0.004301,(46:7.46E-4,47:7.14E-4):0.008681):0.005993):0.005246):0.003954,((((54:0.007296,(55:6.96E-4,56:7.35E-4):0.00462):0.004876,(57:0.002683,58:0.010163):0.004478):0.012796,(59:0.00597,(60:0.011386,61:0.006033):0.001766):0.005558):0.004951,(62:0.005069,63:0.003968):0.014459):0.003747):0.006142):0.006752):0.001386):8.19E-4,12:0.009234):0.001769,(((5:7.59E-4,6:0.003874):0.009626,((8:0.00178,(9:7.29E-4,10:0.003894):0.006077):0.001778,11:0.00179):0.005347):0.001717,7:0.005977):7.62E-4):0.001776);",
    "DISTANCE_MATRIX": [
        [
            0.0,
            0.016306,
            0.025897999999999997,
            0.015543,
            0.025278000000000002,
            0.031358000000000004,
            0.031344000000000004,
            0.046319000000000006,
            0.043890000000000005,
            0.043872,
            0.04043700000000001,
            0.063007,
            0.059838,
            0.0561,
            0.059508,
            0.059871,
            0.056768,
            0.05607,
            0.054298,
            0.055321999999999996,
            0.052761999999999996,
            0.052746999999999995,
            0.057067,
            0.059526,
            0.058409,
            0.055897,
            0.066076,
            0.058685999999999995,
            0.055451,
            0.14858399999999997,
            0.14626199999999995,
            0.13167099999999998,
            0.13995099999999994,
            0.051925,
            0.06329499999999999,
            0.062308,
            0.063578,
            0.052607,
            0.05155,
            0.053922,
            0.051967,
            0.050783999999999996,
            0.048792,
            0.04756,
            0.052472,
            0.052091,
            0.052133,
            0.05266,
            0.052628,
            0.061706000000000004,
            0.059726,
            0.059765,
            0.056695,
            0.064175,
            0.048266,
            0.055448000000000004,
            0.050095,
            0.051315,
            0.050214,
            0.022175,
            0.024036,
            0.027150999999999995,
            0.022556,
            0.027581999999999995,
            0.030746999999999997,
            0.020788,
            0.017911
        ],
        [
            0.016306,
            0.0,
            0.015279999999999998,
            0.013057,
            0.022792,
            0.028872000000000002,
            0.028858,
            0.043833000000000004,
            0.041404,
            0.041386,
            0.037951000000000006,
            0.060521,
            0.057352,
            0.053613999999999995,
            0.057021999999999996,
            0.057385,
            0.054282,
            0.053584,
            0.051812,
            0.052835999999999994,
            0.050275999999999994,
            0.05026099999999999,
            0.054581,
            0.05704,
            0.055923,
            0.053411,
            0.06359000000000001,
            0.05619999999999999,
            0.052965,
            0.14609799999999998,
            0.14377599999999996,
            0.129185,
            0.13746499999999995,
            0.049439,
            0.060808999999999995,
            0.059822,
            0.061091999999999994,
            0.050121,
            0.049063999999999997,
            0.051435999999999996,
            0.049481,
            0.048297999999999994,
            0.046306,
            0.045073999999999996,
            0.049985999999999996,
            0.049604999999999996,
            0.049647,
            0.050173999999999996,
            0.050142,
            0.05922,
            0.05724,
            0.057279,
            0.054209,
            0.061689,
            0.04578,
            0.052962,
            0.047609,
            0.048829,
            0.047728,
            0.019688999999999998,
            0.02155,
            0.024664999999999996,
            0.02007,
            0.025095999999999997,
            0.028260999999999998,
            0.018302000000000002,
            0.015425000000000001
        ],
        [
            0.025897999999999997,
            0.015279999999999998,
            0.0,
            0.022649,
            0.032383999999999996,
            0.038464,
            0.03845,
            0.053425,
            0.050996,
            0.050977999999999996,
            0.047543,
            0.070113,
            0.066944,
            0.063206,
            0.06661399999999999,
            0.066977,
            0.063874,
            0.063176,
            0.061404,
            0.062428,
            0.05986799999999999,
            0.05985299999999999,
            0.064173,
            0.066632,
            0.065515,
            0.063003,
            0.073182,
            0.06579199999999999,
            0.062557,
            0.15568999999999997,
            0.15336799999999995,
            0.13877699999999998,
            0.14705699999999994,
            0.059031,
            0.07040099999999999,
            0.069414,
            0.070684,
            0.059713,
            0.058656,
            0.061028,
            0.059073,
            0.05789,
            0.055898,
            0.05466599999999999,
            0.05957799999999999,
            0.059197,
            0.059239,
            0.059766,
            0.059733999999999995,
            0.068812,
            0.066832,
            0.066871,
            0.063801,
            0.071281,
            0.055372000000000005,
            0.062554,
            0.057201,
            0.058421,
            0.057319999999999996,
            0.029280999999999998,
            0.031141999999999996,
            0.034256999999999996,
            0.029662,
            0.034688,
            0.037853,
            0.027894000000000002,
            0.025016999999999998
        ],
        [
            0.015543,
            0.013057,
            0.022649,
            0.0,
            0.013301,
            0.019381000000000002,
            0.019367000000000002,
            0.034342000000000004,
            0.031913000000000004,
            0.031895,
            0.028460000000000006,
            0.05103,
            0.047861,
            0.044122999999999996,
            0.047531,
            0.047894,
            0.044791,
            0.044093,
            0.042321,
            0.043344999999999995,
            0.040784999999999995,
            0.040769999999999994,
            0.04509,
            0.047549,
            0.046432,
            0.04392,
            0.054099,
            0.046708999999999994,
            0.043474,
            0.136607,
            0.134285,
            0.11969399999999998,
            0.12797399999999998,
            0.039948,
            0.051317999999999996,
            0.050331,
            0.051600999999999994,
            0.04063,
            0.039573,
            0.041944999999999996,
            0.03999,
            0.038806999999999994,
            0.036815,
            0.035583,
            0.040494999999999996,
            0.040114,
            0.040156,
            0.040683,
            0.040651,
            0.049729,
            0.047749,
            0.047788,
            0.044718,
            0.052198,
            0.036289,
            0.043471,
            0.038118,
            0.039338,
            0.038237,
            0.011836,
            0.017235,
            0.020349999999999997,
            0.015754999999999998,
            0.020780999999999997,
            0.023946,
            0.013987000000000001,
            0.011109999999999998
        ],
        [
            0.025278000000000002,
            0.022792,
            0.032383999999999996,
            0.013301,
            0.0,
            0.026344,
            0.02633,
            0.041305,
            0.038876,
            0.038858000000000004,
            0.035423,
            0.057993,
            0.054824000000000005,
            0.051086,
            0.054494,
            0.054857,
            0.051754,
            0.051056000000000004,
            0.049284,
            0.050308,
            0.047748,
            0.047733,
            0.052053,
            0.054512000000000005,
            0.053395000000000005,
            0.050883000000000005,
            0.061062000000000005,
            0.053672,
            0.050437,
            0.14357,
            0.14124799999999998,
            0.12665699999999996,
            0.13493699999999997,
            0.046911,
            0.058281,
            0.057294000000000005,
            0.058564,
            0.047593,
            0.046536,
            0.048908,
            0.046953,
            0.04577,
            0.043778000000000004,
            0.042546,
            0.047458,
            0.047077,
            0.047119,
            0.047646,
            0.047614000000000004,
            0.056692000000000006,
            0.054712000000000004,
            0.054751,
            0.051681000000000005,
            0.059161000000000005,
            0.043252000000000006,
            0.05043400000000001,
            0.045081,
            0.046301,
            0.045200000000000004,
            0.021571,
            0.02697,
            0.030084999999999997,
            0.02549,
            0.030515999999999998,
            0.033681,
            0.023722,
            0.020845
        ],
        [
            0.031358000000000004,
            0.028872000000000002,
            0.038464,
            0.019381000000000002,
            0.026344,
            0.0,
            0.001444,
            0.028265,
            0.025835999999999998,
            0.025818,
            0.022383,
            0.050569,
            0.0474,
            0.04366199999999999,
            0.04707,
            0.047433,
            0.044329999999999994,
            0.043632000000000004,
            0.041859999999999994,
            0.04288399999999999,
            0.040324,
            0.040309,
            0.044629,
            0.047088000000000005,
            0.045971,
            0.043459,
            0.053638000000000005,
            0.046248,
            0.043012999999999996,
            0.136146,
            0.133824,
            0.11923299999999998,
            0.127513,
            0.039486999999999994,
            0.050857,
            0.04987,
            0.05113999999999999,
            0.040168999999999996,
            0.039111999999999994,
            0.04148399999999999,
            0.039528999999999995,
            0.03834599999999999,
            0.036354,
            0.035122,
            0.040034,
            0.039652999999999994,
            0.039694999999999994,
            0.040221999999999994,
            0.040190000000000003,
            0.049268000000000006,
            0.047288,
            0.047326999999999994,
            0.044257000000000005,
            0.051737000000000005,
            0.035828,
            0.04301000000000001,
            0.037656999999999996,
            0.038876999999999995,
            0.037776000000000004,
            0.027651000000000002,
            0.03305,
            0.036165,
            0.03157,
            0.036596000000000004,
            0.039761000000000005,
            0.029802000000000002,
            0.026925
        ],
        [
            0.031344000000000004,
            0.028858,
            0.03845,
            0.019367000000000002,
            0.02633,
            0.001444,
            0.0,
            0.028251000000000002,
            0.025822,
            0.025804,
            0.022369000000000003,
            0.050555,
            0.047386000000000005,
            0.043648,
            0.047056,
            0.047419,
            0.044316,
            0.043618000000000004,
            0.041846,
            0.04287,
            0.04031,
            0.040295,
            0.044615,
            0.047074000000000005,
            0.045957000000000005,
            0.043445000000000004,
            0.053624000000000005,
            0.046234,
            0.042999,
            0.136132,
            0.13380999999999998,
            0.11921899999999998,
            0.12749899999999997,
            0.039473,
            0.050843,
            0.049856000000000004,
            0.051126,
            0.040155,
            0.039098,
            0.04147,
            0.039515,
            0.038332,
            0.036340000000000004,
            0.035108,
            0.04002,
            0.039639,
            0.039681,
            0.040208,
            0.040176,
            0.049254000000000006,
            0.047274000000000004,
            0.047313,
            0.044243000000000005,
            0.051723000000000005,
            0.035814000000000006,
            0.042996000000000006,
            0.037643,
            0.038863,
            0.037762000000000004,
            0.027637000000000002,
            0.033036,
            0.036151,
            0.031556,
            0.036582,
            0.039747000000000005,
            0.029788000000000002,
            0.026911
        ],
        [
            0.046319000000000006,
            0.043833000000000004,
            0.053425,
            0.034342000000000004,
            0.041305,
            0.028265,
            0.028251000000000002,
            0.0,
            0.007431,
            0.007413,
            0.028838000000000003,
            0.06553,
            0.062361,
            0.058622999999999995,
            0.062031,
            0.062394000000000005,
            0.059290999999999996,
            0.058593000000000006,
            0.056820999999999997,
            0.057844999999999994,
            0.055285,
            0.05527,
            0.059590000000000004,
            0.06204900000000001,
            0.060932,
            0.05842,
            0.06859900000000001,
            0.061209,
            0.057974,
            0.151107,
            0.148785,
            0.13419399999999998,
            0.142474,
            0.054447999999999996,
            0.065818,
            0.064831,
            0.066101,
            0.05513,
            0.054072999999999996,
            0.056444999999999995,
            0.05449,
            0.05330699999999999,
            0.051315,
            0.050083,
            0.054995,
            0.054613999999999996,
            0.054655999999999996,
            0.055182999999999996,
            0.055151000000000006,
            0.06422900000000001,
            0.062249,
            0.062287999999999996,
            0.05921800000000001,
            0.06669800000000001,
            0.050789,
            0.05797100000000001,
            0.052618,
            0.053838,
            0.052737000000000006,
            0.042612000000000004,
            0.048011000000000005,
            0.051126000000000005,
            0.046531,
            0.051557000000000006,
            0.05472200000000001,
            0.044763000000000004,
            0.04188600000000001
        ],
        [
            0.043890000000000005,
            0.041404,
            0.050996,
            0.031913000000000004,
            0.038876,
            0.025835999999999998,
            0.025822,
            0.007431,
            0.0,
            0.00146,
            0.026409000000000002,
            0.063101,
            0.059932,
            0.056193999999999994,
            0.059602,
            0.059965000000000004,
            0.056861999999999996,
            0.056164000000000006,
            0.054391999999999996,
            0.05541599999999999,
            0.052856,
            0.052841,
            0.057161000000000003,
            0.059620000000000006,
            0.058503,
            0.055991,
            0.06617,
            0.05878,
            0.055545,
            0.148678,
            0.14635599999999999,
            0.131765,
            0.14004499999999998,
            0.052018999999999996,
            0.063389,
            0.062402,
            0.06367199999999999,
            0.052701,
            0.051643999999999995,
            0.054015999999999995,
            0.052060999999999996,
            0.05087799999999999,
            0.048886,
            0.047654,
            0.052566,
            0.052184999999999995,
            0.052226999999999996,
            0.052753999999999995,
            0.052722000000000005,
            0.06180000000000001,
            0.05982,
            0.059858999999999996,
            0.056789000000000006,
            0.064269,
            0.04836,
            0.05554200000000001,
            0.050189,
            0.051408999999999996,
            0.050308000000000005,
            0.040183,
            0.045582000000000004,
            0.048697000000000004,
            0.044102,
            0.049128000000000005,
            0.052293000000000006,
            0.042334000000000004,
            0.039457000000000006
        ],
        [
            0.043872,
            0.041386,
            0.050977999999999996,
            0.031895,
            0.038858000000000004,
            0.025818,
            0.025804,
            0.007413,
            0.00146,
            0.0,
            0.026390999999999998,
            0.063083,
            0.059914,
            0.056176,
            0.059584,
            0.059947,
            0.056844,
            0.056146,
            0.054374,
            0.055397999999999996,
            0.052837999999999996,
            0.052822999999999995,
            0.057143,
            0.059602,
            0.058485,
            0.055973,
            0.066152,
            0.058761999999999995,
            0.055527,
            0.14866,
            0.146338,
            0.13174699999999998,
            0.14002699999999998,
            0.052001,
            0.063371,
            0.062384,
            0.06365399999999999,
            0.052683,
            0.051626,
            0.053998,
            0.052043,
            0.050859999999999995,
            0.048868,
            0.047636,
            0.052548,
            0.052167,
            0.052209,
            0.052736,
            0.052704,
            0.061782000000000004,
            0.059802,
            0.059841,
            0.056771,
            0.064251,
            0.048342,
            0.055524000000000004,
            0.050171,
            0.051391,
            0.05029,
            0.040165,
            0.045564,
            0.048679,
            0.044084,
            0.04911,
            0.052275,
            0.042316,
            0.039439
        ],
        [
            0.04043700000000001,
            0.037951000000000006,
            0.047543,
            0.028460000000000006,
            0.035423,
            0.022383,
            0.022369000000000003,
            0.028838000000000003,
            0.026409000000000002,
            0.026390999999999998,
            0.0,
            0.05964800000000001,
            0.056479,
            0.052740999999999996,
            0.056149000000000004,
            0.05651200000000001,
            0.053409,
            0.05271100000000001,
            0.050939,
            0.051962999999999995,
            0.049403,
            0.049388,
            0.053708000000000006,
            0.05616700000000001,
            0.05505,
            0.052538,
            0.06271700000000001,
            0.055327,
            0.052092,
            0.145225,
            0.142903,
            0.12831199999999998,
            0.136592,
            0.048566,
            0.059936,
            0.058949,
            0.060218999999999995,
            0.049248,
            0.048191,
            0.050563,
            0.048608,
            0.047424999999999995,
            0.045433,
            0.044201000000000004,
            0.049113000000000004,
            0.048732,
            0.048774,
            0.049301,
            0.04926900000000001,
            0.05834700000000001,
            0.056367,
            0.056406,
            0.05333600000000001,
            0.06081600000000001,
            0.044907,
            0.05208900000000001,
            0.046736,
            0.047956,
            0.04685500000000001,
            0.036730000000000006,
            0.04212900000000001,
            0.045244000000000006,
            0.040649000000000005,
            0.04567500000000001,
            0.04884000000000001,
            0.038881000000000006,
            0.03600400000000001
        ],
        [
            0.063007,
            0.060521,
            0.070113,
            0.05103,
            0.057993,
            0.050569,
            0.050555,
            0.06553,
            0.063101,
            0.063083,
            0.05964800000000001,
            0.0,
            0.010653,
            0.010341,
            0.019187,
            0.028592,
            0.025488999999999998,
            0.024791,
            0.030608999999999997,
            0.031633,
            0.035633,
            0.035618,
            0.039938,
            0.052373,
            0.051256,
            0.048744,
            0.058923,
            0.051532999999999995,
            0.048298,
            0.144031,
            0.141709,
            0.12711799999999998,
            0.135398,
            0.050944,
            0.062313999999999994,
            0.06132699999999999,
            0.06259699999999999,
            0.051626,
            0.050569,
            0.052941,
            0.050986,
            0.049803,
            0.047811,
            0.046578999999999995,
            0.051490999999999995,
            0.05111,
            0.051152,
            0.051679,
            0.051647,
            0.068633,
            0.06665299999999999,
            0.066692,
            0.063622,
            0.071102,
            0.055193,
            0.062375,
            0.057022,
            0.058242,
            0.057141,
            0.0593,
            0.06469899999999999,
            0.067814,
            0.063219,
            0.068245,
            0.07141,
            0.061451,
            0.058574
        ],
        [
            0.059838,
            0.057352,
            0.066944,
            0.047861,
            0.054824000000000005,
            0.0474,
            0.047386000000000005,
            0.062361,
            0.059932,
            0.059914,
            0.056479,
            0.010653,
            0.0,
            0.0071719999999999996,
            0.016018,
            0.025423,
            0.02232,
            0.021622000000000002,
            0.02744,
            0.028464000000000003,
            0.03246400000000001,
            0.032449000000000006,
            0.036769,
            0.049204000000000005,
            0.048087000000000005,
            0.045575000000000004,
            0.055754,
            0.048364000000000004,
            0.045129,
            0.140862,
            0.13854,
            0.12394899999999999,
            0.13222899999999999,
            0.047775,
            0.059144999999999996,
            0.058158,
            0.059427999999999995,
            0.048457,
            0.0474,
            0.049772,
            0.047817,
            0.046633999999999995,
            0.044642,
            0.043410000000000004,
            0.048322000000000004,
            0.047941,
            0.047983,
            0.04851,
            0.048478,
            0.065464,
            0.063484,
            0.063523,
            0.06045300000000001,
            0.067933,
            0.052024,
            0.059206,
            0.053853,
            0.055073,
            0.053972,
            0.056131,
            0.06153,
            0.064645,
            0.06005,
            0.065076,
            0.068241,
            0.058282,
            0.055405
        ],
        [
            0.0561,
            0.053613999999999995,
            0.063206,
            0.044122999999999996,
            0.051086,
            0.04366199999999999,
            0.043648,
            0.058622999999999995,
            0.056193999999999994,
            0.056176,
            0.052740999999999996,
            0.010341,
            0.0071719999999999996,
            0.0,
            0.01228,
            0.021685,
            0.018582,
            0.017884,
            0.023702,
            0.024725999999999998,
            0.028725999999999998,
            0.028710999999999997,
            0.033031,
            0.045466,
            0.044349,
            0.041837,
            0.05201599999999999,
            0.044626,
            0.041391,
            0.137124,
            0.134802,
            0.12021099999999998,
            0.128491,
            0.04403699999999999,
            0.05540699999999999,
            0.054419999999999996,
            0.05568999999999999,
            0.044718999999999995,
            0.04366199999999999,
            0.04603399999999999,
            0.04407899999999999,
            0.04289599999999999,
            0.040903999999999996,
            0.039672,
            0.044584,
            0.04420299999999999,
            0.04424499999999999,
            0.04477199999999999,
            0.044739999999999995,
            0.061725999999999996,
            0.059745999999999994,
            0.05978499999999999,
            0.056715,
            0.064195,
            0.048285999999999996,
            0.055467999999999996,
            0.05011499999999999,
            0.05133499999999999,
            0.050233999999999994,
            0.052392999999999995,
            0.057791999999999996,
            0.06090699999999999,
            0.056311999999999994,
            0.06133799999999999,
            0.06450299999999999,
            0.054543999999999995,
            0.051667
        ],
        [
            0.059508,
            0.057021999999999996,
            0.06661399999999999,
            0.047531,
            0.054494,
            0.04707,
            0.047056,
            0.062031,
            0.059602,
            0.059584,
            0.056149000000000004,
            0.019187,
            0.016018,
            0.01228,
            0.0,
            0.025093,
            0.021990000000000003,
            0.021292000000000002,
            0.027110000000000002,
            0.028134,
            0.032133999999999996,
            0.032118999999999995,
            0.036439,
            0.048874,
            0.047757,
            0.045245,
            0.055424,
            0.04803399999999999,
            0.044799,
            0.140532,
            0.13821,
            0.12361899999999999,
            0.131899,
            0.047445,
            0.05881499999999999,
            0.05782799999999999,
            0.05909799999999999,
            0.048126999999999996,
            0.04707,
            0.049442,
            0.047486999999999994,
            0.046304,
            0.044312,
            0.04307999999999999,
            0.04799199999999999,
            0.047611,
            0.047653,
            0.04818,
            0.048147999999999996,
            0.065134,
            0.06315399999999999,
            0.063193,
            0.060122999999999996,
            0.067603,
            0.051694,
            0.058876,
            0.053523,
            0.054743,
            0.053641999999999995,
            0.055800999999999996,
            0.0612,
            0.064315,
            0.059719999999999995,
            0.064746,
            0.067911,
            0.057952,
            0.055075
        ],
        [
            0.059871,
            0.057385,
            0.066977,
            0.047894,
            0.054857,
            0.047433,
            0.047419,
            0.062394000000000005,
            0.059965000000000004,
            0.059947,
            0.05651200000000001,
            0.028592,
            0.025423,
            0.021685,
            0.025093,
            0.0,
            0.008585,
            0.011357,
            0.027472999999999997,
            0.028497,
            0.032497,
            0.032482,
            0.036802,
            0.049237,
            0.04812,
            0.045608,
            0.055787,
            0.048396999999999996,
            0.045162,
            0.140895,
            0.138573,
            0.123982,
            0.132262,
            0.047808,
            0.059177999999999994,
            0.05819099999999999,
            0.05946099999999999,
            0.04849,
            0.047433,
            0.049805,
            0.04785,
            0.046667,
            0.044675,
            0.043442999999999996,
            0.048354999999999995,
            0.047974,
            0.048016,
            0.048543,
            0.048511,
            0.065497,
            0.06351699999999999,
            0.063556,
            0.060486,
            0.067966,
            0.052057,
            0.059239,
            0.053886,
            0.055106,
            0.054005,
            0.056164,
            0.061563,
            0.064678,
            0.060083,
            0.065109,
            0.068274,
            0.058315,
            0.055438
        ],
        [
            0.056768,
            0.054282,
            0.063874,
            0.044791,
            0.051754,
            0.044329999999999994,
            0.044316,
            0.059290999999999996,
            0.056861999999999996,
            0.056844,
            0.053409,
            0.025488999999999998,
            0.02232,
            0.018582,
            0.021990000000000003,
            0.008585,
            0.0,
            0.008254000000000001,
            0.02437,
            0.025394,
            0.029394,
            0.029379,
            0.033699,
            0.046134,
            0.045017,
            0.042505,
            0.052683999999999995,
            0.045294,
            0.042059,
            0.137792,
            0.13547,
            0.12087899999999999,
            0.129159,
            0.044704999999999995,
            0.05607499999999999,
            0.055088,
            0.05635799999999999,
            0.045387,
            0.044329999999999994,
            0.046701999999999994,
            0.044746999999999995,
            0.04356399999999999,
            0.041572,
            0.04034,
            0.045252,
            0.044870999999999994,
            0.044912999999999995,
            0.045439999999999994,
            0.045408,
            0.062394,
            0.060413999999999995,
            0.06045299999999999,
            0.057383,
            0.064863,
            0.048954,
            0.056136,
            0.050782999999999995,
            0.052002999999999994,
            0.050901999999999996,
            0.053061,
            0.05846,
            0.06157499999999999,
            0.056979999999999996,
            0.06200599999999999,
            0.06517099999999999,
            0.055212,
            0.052335
        ],
        [
            0.05607,
            0.053584,
            0.063176,
            0.044093,
            0.051056000000000004,
            0.043632000000000004,
            0.043618000000000004,
            0.058593000000000006,
            0.056164000000000006,
            0.056146,
            0.05271100000000001,
            0.024791,
            0.021622000000000002,
            0.017884,
            0.021292000000000002,
            0.011357,
            0.008254000000000001,
            0.0,
            0.023672,
            0.024696000000000003,
            0.028696000000000003,
            0.028681,
            0.033001,
            0.045436000000000004,
            0.044319000000000004,
            0.041807000000000004,
            0.051986000000000004,
            0.044596,
            0.041361,
            0.137094,
            0.134772,
            0.120181,
            0.128461,
            0.044007000000000004,
            0.055376999999999996,
            0.054389999999999994,
            0.055659999999999994,
            0.044689,
            0.043632000000000004,
            0.046004,
            0.044049,
            0.042866,
            0.040874,
            0.039642,
            0.044553999999999996,
            0.044173000000000004,
            0.044215000000000004,
            0.044742000000000004,
            0.04471,
            0.061696,
            0.059716,
            0.059754999999999996,
            0.056685,
            0.064165,
            0.048256,
            0.055438,
            0.050085000000000005,
            0.051305,
            0.050204,
            0.052363,
            0.057762,
            0.060877,
            0.056282,
            0.061308,
            0.064473,
            0.054514,
            0.051637
        ],
        [
            0.054298,
            0.051812,
            0.061404,
            0.042321,
            0.049284,
            0.041859999999999994,
            0.041846,
            0.056820999999999997,
            0.054391999999999996,
            0.054374,
            0.050939,
            0.030608999999999997,
            0.02744,
            0.023702,
            0.027110000000000002,
            0.027472999999999997,
            0.02437,
            0.023672,
            0.0,
            0.008614,
            0.026924,
            0.026909,
            0.031229,
            0.043664,
            0.042547,
            0.040035,
            0.050213999999999995,
            0.042824,
            0.039589,
            0.135322,
            0.133,
            0.11840899999999999,
            0.126689,
            0.042234999999999995,
            0.05360499999999999,
            0.052618,
            0.05388799999999999,
            0.042917,
            0.041859999999999994,
            0.044231999999999994,
            0.042276999999999995,
            0.04109399999999999,
            0.039102,
            0.03787,
            0.042782,
            0.042400999999999994,
            0.042442999999999995,
            0.042969999999999994,
            0.042938,
            0.059924,
            0.057943999999999996,
            0.05798299999999999,
            0.054913000000000003,
            0.062393,
            0.046484,
            0.053666,
            0.048312999999999995,
            0.049532999999999994,
            0.048431999999999996,
            0.050591,
            0.05599,
            0.05910499999999999,
            0.054509999999999996,
            0.05953599999999999,
            0.06270099999999999,
            0.052742,
            0.049865
        ],
        [
            0.055321999999999996,
            0.052835999999999994,
            0.062428,
            0.043344999999999995,
            0.050308,
            0.04288399999999999,
            0.04287,
            0.057844999999999994,
            0.05541599999999999,
            0.055397999999999996,
            0.051962999999999995,
            0.031633,
            0.028464000000000003,
            0.024725999999999998,
            0.028134,
            0.028497,
            0.025394,
            0.024696000000000003,
            0.008614,
            0.0,
            0.027948,
            0.027933,
            0.032253000000000004,
            0.044688000000000005,
            0.043571,
            0.041059,
            0.051238,
            0.043848,
            0.040612999999999996,
            0.136346,
            0.134024,
            0.11943299999999998,
            0.127713,
            0.043259,
            0.054629,
            0.053641999999999995,
            0.05491199999999999,
            0.043940999999999994,
            0.042884,
            0.045256,
            0.04330099999999999,
            0.042117999999999996,
            0.040125999999999995,
            0.038894,
            0.043806,
            0.043425,
            0.043467,
            0.043994,
            0.043962,
            0.060948,
            0.05896799999999999,
            0.05900699999999999,
            0.055937,
            0.063417,
            0.047507999999999995,
            0.05469,
            0.049337,
            0.050557,
            0.049456,
            0.051614999999999994,
            0.057013999999999995,
            0.06012899999999999,
            0.05553399999999999,
            0.06055999999999999,
            0.06372499999999999,
            0.053765999999999994,
            0.050889
        ],
        [
            0.052761999999999996,
            0.050275999999999994,
            0.05986799999999999,
            0.040784999999999995,
            0.047748,
            0.040324,
            0.04031,
            0.055285,
            0.052856,
            0.052837999999999996,
            0.049403,
            0.035633,
            0.03246400000000001,
            0.028725999999999998,
            0.032133999999999996,
            0.032497,
            0.029394,
            0.028696000000000003,
            0.026924,
            0.027948,
            0.0,
            0.001397,
            0.022111,
            0.042128,
            0.041011000000000006,
            0.038499000000000005,
            0.048678,
            0.041288,
            0.038053000000000003,
            0.133786,
            0.131464,
            0.11687299999999999,
            0.125153,
            0.040699,
            0.05206899999999999,
            0.051081999999999995,
            0.052351999999999996,
            0.041381,
            0.040324,
            0.042696,
            0.040741,
            0.039557999999999996,
            0.037566,
            0.036334,
            0.041246,
            0.040865,
            0.040907,
            0.041434,
            0.041401999999999994,
            0.058387999999999995,
            0.056408,
            0.056447,
            0.053377,
            0.060856999999999994,
            0.044948,
            0.052129999999999996,
            0.046777,
            0.047997,
            0.04689599999999999,
            0.049054999999999994,
            0.054453999999999995,
            0.057568999999999995,
            0.05297399999999999,
            0.057999999999999996,
            0.061165,
            0.051205999999999995,
            0.048329
        ],
        [
            0.052746999999999995,
            0.05026099999999999,
            0.05985299999999999,
            0.040769999999999994,
            0.047733,
            0.040309,
            0.040295,
            0.05527,
            0.052841,
            0.052822999999999995,
            0.049388,
            0.035618,
            0.032449000000000006,
            0.028710999999999997,
            0.032118999999999995,
            0.032482,
            0.029379,
            0.028681,
            0.026909,
            0.027933,
            0.001397,
            0.0,
            0.022095999999999998,
            0.042113,
            0.040996000000000005,
            0.038484000000000004,
            0.048663,
            0.041273,
            0.038038,
            0.13377099999999997,
