{
    "NEXUS_FILE_URL": "http://purl.org/phylo/treebase/phylows/study/TB2:S13955",
    "NEWICK_TREE": "(((1:0.827842887455342,9:1.700914364738623):0.3683236980490193,(5:0.8570181831759364,8:0.8865891940223231):0.5093880145748437):0.13931805164773084,((3:0.6008256881171415,6:0.3638808011707168):0.3560905288464248,(4:0.5892385033042042,(2:0.1463321479294585,7:0.2510089217065719):0.3373741358693143):0.3587188286271931):0.13931805164773084);",
    "DISTANCE_MATRIX": [
        [
            0.0,
            2.528757252193965,
            2.5625727832551415,
            2.592143794101528,
            2.4317189057633892,
            2.1947740188169647,
            2.4227600207312205,
            2.3172278012257888,
            2.4219045750029022
        ],
        [
            2.528757252193965,
            0.0,
            3.4356442605384223,
            3.465215271384809,
            3.30479038304667,
            3.0678454961002455,
            3.2958314980145014,
            3.1902992785090696,
            3.294976052286183
        ],
        [
            2.5625727832551415,
            3.4356442605384223,
            0.0,
            1.7436073771982594,
            2.601958518009808,
            2.365013631063383,
            2.592999632977639,
            2.4874674134722077,
            2.592144187249321
        ],
        [
            2.592143794101528,
            3.465215271384809,
            1.7436073771982594,
            0.0,
            2.631529528856195,
            2.39458464190977,
            2.6225706438240257,
            2.5170384243185944,
            2.621715198095708
        ],
        [
            2.4317189057633892,
            3.30479038304667,
            2.601958518009808,
            2.631529528856195,
            0.0,
            0.9647064892878583,
            1.9048735488949637,
            1.7993413293895322,
            1.9040181031666457
        ],
        [
            2.1947740188169647,
            3.0678454961002455,
            2.365013631063383,
            2.39458464190977,
            0.9647064892878583,
            0.0,
            1.667928661948539,
            1.5623964424431074,
            1.6670732162202209
        ],
        [
            2.4227600207312205,
            3.2958314980145014,
            2.592999632977639,
            2.6225706438240257,
            1.9048735488949637,
            1.667928661948539,
            0.0,
            1.0729447871029771,
            1.1776215608800904
        ],
        [
            2.3172278012257888,
            3.1902992785090696,
            2.4874674134722077,
            2.5170384243185944,
            1.7993413293895322,
            1.5623964424431074,
            1.0729447871029771,
            0.0,
            0.39734106963603044
        ],
        [
            2.4219045750029022,
            3.294976052286183,
            2.592144187249321,
            2.621715198095708,
            1.9040181031666457,
            1.6670732162202209,
            1.1776215608800904,
            0.39734106963603044,
            0.0
        ]
    ],
    "NODE_MAPPING": {
        "0": "1",
        "1": "9",
        "2": "5",
        "3": "8",
        "4": "3",
        "5": "6",
        "6": "4",
        "7": "2",
        "8": "7"
    }
}