{
    "NEXUS_FILE_URL": "http://purl.org/phylo/treebase/phylows/study/TB2:S12493",
    "NEWICK_TREE": "((((((((((((13:0.08898980301227588,14:0.14426338597742083):0.2004583253092469,15:0.4660246066625039):0.08167193831351316,7:0.13579239561303025):0.05495307919355907,21:0.2028913935757768):0.008156118052886407,((24:0.2187406602713814,8:0.19955604902167923):0.018241739562922188,25:0.18121461708789344):0.012881090761083458):0.023862864890094926,(((17:0.3796367079987333,26:0.29099379863001884):0.10752802874257394,10:0.084869531595678):0.023000240780136183,11:0.1863127339105367):0.0338428606616894):0.013339918380364413,(((3:0.27533755838372254,4:0.07504740508687746):0.03850530235767624,27:0.16638167071011578):0.015285466281344862,((16:0.2241109182404778,20:0.15934576177775428):0.03893932823545132,12:0.15059445118162085):0.009707245893345817):0.010484809553698904):0.01541037839529169,(((((5:0.17970147243749102,6:0.14003757590655286):0.03516933755658691,28:0.26464654556392764):0.017943301077131935,(18:0.3146032799755446,2:0.26667933078903494):0.08749128457750621):0.027140586613306983,29:0.17756366450573835):0.008739868209323154,1:0.20715740493496693):0.0370650101251806):0.01702592353122534,23:0.09625039181297224):0.05877116285766237,19:0.3779822190119235):0.03857216584202994,22:0.43506631844142085):0.06244053934106359,((9:0.3057164311684216,31:0.3899377440277637):0.0883829509193721,30:0.9705407464218553):0.062440539341063576);",
    "DISTANCE_MATRIX": [
        [
            0.0,
            0.2332531889896967,
            0.7554727349840267,
            0.5069124622480662,
            0.6289645394043718,
            0.6840927544768685,
            0.6649081432271663,
            0.6283249717304583,
            1.002099966954709,
            0.9134570575859947,
            0.5998047618090799,
            0.6782477233438025,
            0.8110451837283833,
            0.6107550304315382,
            0.6635839936971003,
            0.7546743490749146,
            0.6899091926121911,
            0.6422185537806063,
            0.792602001566253,
            0.7529381050353149,
            0.8423777371361028,
            0.961882455048094,
            0.9139585058615843,
            0.7102109683874746,
            0.73106484060738,
            0.60011874089143,
            0.9406217309480437,
            1.036277996219571,
            1.120192138548071,
            1.204413451407413,
            1.6966335028821327
        ],
        [
            0.2332531889896967,
            0.0,
            0.8107463179491716,
            0.5621860452132111,
            0.6842381223695168,
            0.7393663374420134,
            0.7201817261923112,
            0.6835985546956033,
            1.0573735499198542,
            0.9687306405511397,
            0.6550783447742249,
            0.7335213063089474,
            0.8663187666935283,
            0.6660286133966832,
            0.7188575766622453,
            0.8099479320400595,
            0.745182775577336,
            0.6974921367457513,
            0.847875584531398,
            0.8082116880004598,
            0.8976513201012477,
            1.017156038013239,
            0.9692320888267293,
            0.7654845513526195,
            0.7863384235725249,
            0.655392323856575,
            0.9958953139131886,
            1.091551579184716,
            1.175465721513216,
            1.2596870343725581,
            1.7519070858472774
        ],
        [
            0.7554727349840267,
            0.8107463179491716,
            0.0,
            0.6834889405890473,
            0.8055410177453529,
            0.8606692328178496,
            0.8414846215681474,
            0.8049014500714394,
            1.1786764452956904,
            1.0900335359269757,
            0.776381240150061,
            0.8548242016847836,
            0.9876216620693644,
            0.7873315087725193,
            0.8401604720380814,
            0.9312508274158957,
            0.8664856709531722,
            0.8187950321215874,
            0.9691784799072342,
            0.929514583376296,
            1.0189542154770839,
            1.1384589333890751,
            1.0905349842025656,
            0.8867874467284557,
            0.9076413189483611,
            0.7766952192324111,
            1.117198209289025,
            1.212854474560552,
            1.2967686168890522,
            1.3809899297483943,
            1.8732099812231136
        ],
        [
            0.5069124622480662,
            0.5621860452132111,
            0.6834889405890473,
            0.0,
            0.3936368683823661,
            0.44876508345486277,
            0.4295804722051606,
            0.3929973007084526,
            0.7667722959327035,
            0.678129386563989,
            0.36447709078707424,
            0.44292005232179676,
            0.5757175127063776,
            0.37542735940953254,
            0.4282563226750946,
            0.5193466780529089,
            0.4545815215901854,
            0.40689088275860064,
            0.5572743305442474,
            0.5176104340133092,
            0.6070500661140971,
            0.7265547840260883,
            0.6786308348395786,
            0.47488329736546886,
            0.4957371695853743,
            0.36479106986942433,
            0.705294059926038,
            0.8009503251975653,
            0.8848644675260653,
            0.9690857803854074,
            1.4613058318601269
        ],
        [
            0.6289645394043718,
            0.6842381223695168,
            0.8055410177453529,
            0.3936368683823661,
            0.0,
            0.46091100222405024,
            0.44172639097434807,
            0.4051432194776401,
            0.7789182147018909,
            0.6902753053331765,
            0.3766230095562617,
            0.45506597109098423,
            0.5878634314755651,
            0.38757327817872,
            0.4404022414442821,
            0.5314925968220964,
            0.46672744035937286,
            0.4190368015277881,
            0.5694202493134348,
            0.5297563527824967,
            0.6191959848832845,
            0.7387007027952758,
            0.6907767536087661,
            0.48702921613465633,
            0.5078830883545618,
            0.3769369886386118,
            0.7174399786952255,
            0.8130962439667527,
            0.8970103862952528,
            0.9812316991545948,
            1.4734517506293143
        ],
        [
            0.6840927544768685,
            0.7393663374420134,
            0.8606692328178496,
            0.44876508345486277,
            0.46091100222405024,
            0.0,
            0.4182967092930606,
            0.418197016922197,
            0.8177341936686148,
            0.7290912842999003,
            0.41543898852298555,
            0.4938819500577081,
            0.6266794104422889,
            0.42638925714544385,
            0.4792182204110059,
            0.5703085757888202,
            0.5055434193260967,
            0.45785278049451195,
            0.6082362282801587,
            0.5685723317492205,
            0.6580119638500084,
            0.7775166817619996,
            0.72959273257549,
            0.5258451951013802,
            0.5466990673212856,
            0.41575296760533564,
            0.7562559576619493,
            0.8519122229334766,
            0.9358263652619766,
            1.0200476781213186,
            1.512267729596038
        ],
        [
            0.6649081432271663,
            0.7201817261923112,
            0.8414846215681474,
            0.4295804722051606,
            0.44172639097434807,
            0.4182967092930606,
            0.0,
            0.39901240567249485,
            0.7985495824189126,
            0.7099066730501982,
            0.3962543772732834,
            0.4746973388080059,
            0.6074947991925868,
            0.4072046458957417,
            0.46003360916130376,
            0.551123964539118,
            0.48635880807639453,
            0.4386681692448098,
            0.5890516170304565,
            0.5493877204995183,
            0.6388273526003062,
            0.7583320705122975,
            0.7104081213257878,
            0.506660583851678,
            0.5275144560715834,
            0.3965683563556335,
            0.7370713464122471,
            0.8327276116837744,
            0.9166417540122744,
            1.0008630668716165,
            1.493083118346336
        ],
        [
            0.6283249717304583,
            0.6835985546956033,
            0.8049014500714394,
            0.3929973007084526,
            0.4051432194776401,
            0.418197016922197,
            0.39901240567249485,
            0.0,
            0.7619664109222046,
            0.6733235015534902,
            0.3596712057765754,
            0.43811416731129793,
            0.5709116276958788,
            0.3706214743990337,
            0.4234504376645958,
            0.5145407930424101,
            0.44977563657968656,
            0.4020849977481018,
            0.5524684455337485,
            0.5128045490028104,
            0.6022441811035982,
            0.7217488990155895,
            0.6738249498290798,
            0.47007741235497,
            0.49093128457487545,
            0.3599851848589255,
            0.7004881749155392,
            0.7961444401870664,
            0.8800585825155665,
            0.9642798953749085,
            1.456499946849628
        ],
        [
            1.002099966954709,
            1.0573735499198542,
            1.1786764452956904,
            0.7667722959327035,
            0.7789182147018909,
            0.8177341936686148,
            0.7985495824189126,
            0.7619664109222046,
            0.0,
            0.6706305066287521,
            0.5720342683369852,
            0.6964777114319801,
            0.8969608931399398,
            0.6966707398430947,
            0.7494997031086568,
            0.8405900584864711,
            0.7758249020237475,
            0.7281342631921628,
            0.8785177109778095,
            0.8388538144468713,
            0.9282934465476592,
            1.0477981644596506,
            0.9998742152731408,
            0.796126677799031,
            0.8169805500189364,
            0.6860344503029865,
            1.0265374403596002,
            1.1221937056311275,
            1.2061078479596274,
            1.2903291608189695,
            1.782549212293689
        ],
        [
            0.9134570575859947,
            0.9687306405511397,
            1.0900335359269757,
            0.678129386563989,
            0.6902753053331765,
            0.7290912842999003,
            0.7099066730501982,
            0.6733235015534902,
            0.6706305066287521,
            0.0,
            0.4833913589682708,
            0.6078348020632657,
            0.8083179837712253,
            0.6080278304743802,
            0.6608567937399423,
            0.7519471491177566,
            0.6871819926550331,
            0.6394913538234483,
            0.7898748016090951,
            0.7502109050781569,
            0.8396505371789448,
            0.959155255090936,
            0.9112313059044264,
            0.7074837684303166,
            0.728337640650222,
            0.597391540934272,
            0.9378945309908857,
            1.0335507962624129,
            1.117464938590913,
            1.201686251450255,
            1.6939063029249746
        ],
        [
            0.5998047618090799,
            0.6550783447742249,
            0.776381240150061,
            0.36447709078707424,
            0.3766230095562617,
            0.41543898852298555,
            0.3962543772732834,
            0.3596712057765754,
            0.5720342683369852,
            0.4833913589682708,
            0.0,
            0.2941825062863509,
            0.49466568799431054,
            0.29437553469746547,
            0.34720449796302755,
            0.43829485334084184,
            0.3735296968781183,
            0.32583905804653357,
            0.4762225058321803,
            0.43655860930124213,
            0.52599824140203,
            0.6455029593140212,
            0.5975790101275116,
            0.3938314726534018,
            0.4146853448733072,
            0.28373924515735727,
            0.6242422352139709,
            0.7198985004854982,
            0.8038126428139982,
            0.8880339556733403,
            1.3802540071480598
        ],
        [
            0.6782477233438025,
            0.7335213063089474,
            0.8548242016847836,
            0.44292005232179676,
            0.45506597109098423,
            0.4938819500577081,
            0.4746973388080059,
            0.43811416731129793,
            0.6964777114319801,
            0.6078348020632657,
            0.2941825062863509,
            0.0,
            0.5731086495290331,
            0.372818496232188,
            0.42564745949775007,
            0.5167378148755644,
            0.45197265841284084,
            0.4042820195812561,
            0.5546654673669028,
            0.5150015708359647,
            0.6044412029367525,
            0.7239459208487438,
            0.6760219716622341,
            0.4722744341881243,
            0.49312830640802974,
            0.3621822066920798,
            0.7026851967486935,
            0.7983414620202207,
            0.8822556043487207,
            0.9664769172080627,
            1.4586969686827822
        ],
        [
            0.8110451837283833,
            0.8663187666935283,
            0.9876216620693644,
            0.5757175127063776,
            0.5878634314755651,
            0.6266794104422889,
            0.6074947991925868,
            0.5709116276958788,
            0.8969608931399398,
            0.8083179837712253,
            0.49466568799431054,
            0.5731086495290331,
            0.0,
            0.3503849634706,
            0.48022453145151456,
            0.6018858193920186,
            0.5371206629292951,
            0.4894300240977103,
            0.6607830909907548,
            0.6211191944598167,
            0.7105588265606045,
            0.8300635444725958,
            0.7821395952860861,
            0.5783920578119763,
            0.5992459300318818,
            0.4682998303159318,
            0.8088028203725455,
            0.9044590856440727,
            0.9883732279725728,
            1.0725945408319149,
            1.5648145923066343
        ],
        [
            0.6107550304315382,
            0.6660286133966832,
            0.7873315087725193,
            0.37542735940953254,
            0.38757327817872,
            0.42638925714544385,
            0.4072046458957417,
            0.3706214743990337,
            0.6966707398430947,
            0.6080278304743802,
            0.29437553469746547,
            0.372818496232188,
            0.3503849634706,
            0.0,
            0.2799343781546695,
            0.4015956660951735,
            0.33683050963245,
            0.28913987080086523,
            0.46049293769390975,
            0.4208290411629716,
            0.5102686732637595,
            0.6297733911757507,
            0.581849441989241,
            0.37810190451513126,
            0.3989557767350367,
            0.26800967701908673,
            0.6085126670757004,
            0.7041689323472277,
            0.7880830746757277,
            0.8723043875350698,
            1.3645244390097893
        ],
        [
            0.6635839936971003,
            0.7188575766622453,
            0.8401604720380814,
            0.4282563226750946,
            0.4404022414442821,
            0.4792182204110059,
            0.46003360916130376,
            0.4234504376645958,
            0.7494997031086568,
            0.6608567937399423,
            0.34720449796302755,
            0.42564745949775007,
            0.48022453145151456,
            0.2799343781546695,
            0.0,
            0.4544246293607356,
            0.38965947289801206,
            0.3419688340664273,
            0.5133219009594718,
            0.4736580044285337,
            0.5630976365293215,
            0.6826023544413128,
            0.6346784052548031,
            0.43093086778069334,
            0.45178474000059876,
            0.3208386402846488,
            0.6613416303412625,
            0.7569978956127897,
            0.8409120379412898,
            0.9251333508006319,
            1.4173534022753513
        ],
        [
            0.7546743490749146,
            0.8099479320400595,
            0.9312508274158957,
            0.5193466780529089,
            0.5314925968220964,
            0.5703085757888202,
            0.551123964539118,
            0.5145407930424101,
            0.8405900584864711,
            0.7519471491177566,
            0.43829485334084184,
            0.5167378148755644,
            0.6018858193920186,
            0.4015956660951735,
            0.4544246293607356,
            0.0,
            0.3834566800182321,
            0.41364469765754996,
            0.6044122563372861,
            0.564748359806348,
            0.6541879919071358,
            0.7736927098191271,
            0.7257687606326174,
            0.5220212231585076,
            0.542875095378413,
            0.4119289956624631,
            0.7524319857190768,
            0.848088250990604,
            0.9320023933191041,
            1.016223706178446,
            1.5084437576531655
        ],
        [
            0.6899091926121911,
            0.745182775577336,
            0.8664856709531722,
            0.4545815215901854,
            0.46672744035937286,
            0.5055434193260967,
            0.48635880807639453,
            0.44977563657968656,
            0.7758249020237475,
            0.6871819926550331,
            0.3735296968781183,
            0.45197265841284084,
            0.5371206629292951,
            0.33683050963245,
            0.38965947289801206,
            0.3834566800182321,
            0.0,
            0.34887954119482645,
            0.5396470998745626,
            0.49998320334362445,
            0.5894228354444123,
            0.7089275533564036,
            0.6610036041698939,
            0.4572560666957841,
            0.47810993891568954,
            0.3471638391997396,
            0.6876668292563533,
            0.7833230945278805,
            0.8672372368563805,
            0.9514585497157226,
            1.4436786011904421
        ],
        [
            0.6422185537806063,
            0.6974921367457513,
            0.8187950321215874,
            0.40689088275860064,
            0.4190368015277881,
            0.45785278049451195,
            0.4386681692448098,
            0.4020849977481018,
            0.7281342631921628,
            0.6394913538234483,
            0.32583905804653357,
            0.4042820195812561,
            0.4894300240977103,
            0.28913987080086523,
            0.3419688340664273,
            0.41364469765754996,
            0.34887954119482645,
            0.0,
            0.49195646104297786,
            0.4522925645120397,
            0.5417321966128276,
            0.6612369145248188,
            0.6133129653383091,
            0.40956542786419936,
            0.4304193000841048,
            0.29947320036815483,
            0.6399761904247685,
            0.7356324556962958,
            0.8195465980247958,
            0.9037679108841379,
            1.3959879623588574
        ],
        [
            0.792602001566253,
            0.847875584531398,
            0.9691784799072342,
            0.5572743305442474,
            0.5694202493134348,
            0.6082362282801587,
            0.5890516170304565,
            0.5524684455337485,
            0.8785177109778095,
            0.7898748016090951,
            0.4762225058321803,
            0.5546654673669028,
            0.6607830909907548,
            0.46049293769390975,
            0.5133219009594718,
            0.6044122563372861,
            0.5396470998745626,
            0.49195646104297786,
            0.0,
            0.3197390483440439,
            0.47951735555800556,
            0.6349086756242607,
            0.586984726437751,
            0.4375183621902552,
            0.4758519708288069,
            0.41903589136321817,
            0.7595388814198318,
            0.8551951466913591,
            0.9391092890198591,
            1.0233306018792012,
            1.5155506533539207
        ],
        [
            0.7529381050353149,
            0.8082116880004598,
            0.929514583376296,
            0.5176104340133092,
            0.5297563527824967,
            0.5685723317492205,
            0.5493877204995183,
            0.5128045490028104,
            0.8388538144468713,
            0.7502109050781569,
            0.43655860930124213,
            0.5150015708359647,
            0.6211191944598167,
            0.4208290411629716,
            0.4736580044285337,
            0.564748359806348,
            0.49998320334362445,
            0.4522925645120397,
            0.3197390483440439,
            0.0,
            0.4398534590270674,
            0.5952447790933225,
            0.5473208299068129,
            0.39785446565931704,
            0.43618807429786877,
            0.37937199483228,
            0.7198749848888937,
            0.8155312501604209,
            0.899445392488921,
            0.9836667053482631,
            1.4758867568229825
        ],
        [
            0.8423777371361028,
            0.8976513201012477,
            1.0189542154770839,
            0.6070500661140971,
            0.6191959848832845,
            0.6580119638500084,
            0.6388273526003062,
            0.6022441811035982,
            0.9282934465476592,
            0.8396505371789448,
            0.52599824140203,
            0.6044412029367525,
            0.7105588265606045,
            0.5102686732637595,
            0.5630976365293215,
            0.6541879919071358,
            0.5894228354444123,
            0.5417321966128276,
            0.47951735555800556,
            0.4398534590270674,
            0.0,
            0.6846844111941104,
            0.6367604620076007,
            0.4872940977601049,
            0.5256277063986566,
            0.4688116269330679,
            0.8093146169896815,
            0.9049708822612088,
            0.988885024589709,
            1.073106337449051,
            1.5653263889237703
        ],
        [
            0.961882455048094,
            1.017156038013239,
            1.1384589333890751,
            0.7265547840260883,
            0.7387007027952758,
            0.7775166817619996,
            0.7583320705122975,
            0.7217488990155895,
            1.0477981644596506,
            0.959155255090936,
            0.6455029593140212,
            0.7239459208487438,
            0.8300635444725958,
            0.6297733911757507,
            0.6826023544413128,
            0.7736927098191271,
            0.7089275533564036,
            0.6612369145248188,
            0.6349086756242607,
            0.5952447790933225,
            0.6846844111941104,
            0.0,
            0.5812826107645795,
            0.6067988156720961,
            0.6451324243106479,
            0.5883163448450591,
            0.9288193349016728,
            1.0244756001732,
            1.1083897425017002,
            1.1926110553610423,
            1.6848311068357615
        ],
        [
            0.9139585058615843,
            0.9692320888267293,
            1.0905349842025656,
            0.6786308348395786,
            0.6907767536087661,
            0.72959273257549,
            0.7104081213257878,
            0.6738249498290798,
            0.9998742152731408,
            0.9112313059044264,
            0.5975790101275116,
            0.6760219716622341,
            0.7821395952860861,
            0.581849441989241,
            0.6346784052548031,
            0.7257687606326174,
            0.6610036041698939,
            0.6133129653383091,
            0.586984726437751,
            0.5473208299068129,
            0.6367604620076007,
            0.5812826107645795,
            0.0,
            0.5588748664855865,
            0.5972084751241382,
            0.5403923956585495,
            0.8808953857151631,
            0.9765516509866904,
            1.0604657933151904,
            1.1446871061745325,
            1.636907157649252
        ],
        [
            0.7102109683874746,
            0.7654845513526195,
            0.8867874467284557,
            0.47488329736546886,
            0.48702921613465633,
            0.5258451951013802,
            0.506660583851678,
            0.47007741235497,
            0.796126677799031,
            0.7074837684303166,
            0.3938314726534018,
            0.4722744341881243,
            0.5783920578119763,
            0.37810190451513126,
            0.43093086778069334,
            0.5220212231585076,
            0.4572560666957841,
            0.40956542786419936,
            0.4375183621902552,
            0.39785446565931704,
            0.4872940977601049,
            0.6067988156720961,
            0.5588748664855865,
            0.0,
            0.39346093765002843,
            0.3366448581844397,
            0.6771478482410533,
            0.7728041135125806,
            0.8567182558410806,
            0.9409395687004227,
            1.4331596201751422
        ],
        [
            0.73106484060738,
            0.7863384235725249,
            0.9076413189483611,
            0.4957371695853743,
            0.5078830883545618,
            0.5466990673212856,
            0.5275144560715834,
            0.49093128457487545,
            0.8169805500189364,
            0.728337640650222,
            0.4146853448733072,
            0.49312830640802974,
            0.5992459300318818,
            0.3989557767350367,
            0.45178474000059876,
            0.542875095378413,
            0.47810993891568954,
            0.4304193000841048,
            0.4758519708288069,
            0.43618807429786877,
            0.5256277063986566,
            0.6451324243106479,
            0.5972084751241382,
            0.39346093765002843,
            0.0,
            0.3574987304043451,
            0.6980017204609588,
            0.793657985732486,
            0.8775721280609861,
            0.9617934409203281,
            1.4540134923950476
        ],
        [
            0.60011874089143,
            0.655392323856575,
            0.7766952192324111,
            0.36479106986942433,
            0.3769369886386118,
            0.41575296760533564,
            0.3965683563556335,
            0.3599851848589255,
            0.6860344503029865,
            0.597391540934272,
            0.28373924515735727,
            0.3621822066920798,
            0.4682998303159318,
            0.26800967701908673,
            0.3208386402846488,
            0.4119289956624631,
            0.3471638391997396,
            0.29947320036815483,
            0.41903589136321817,
            0.37937199483228,
            0.4688116269330679,
            0.5883163448450591,
            0.5403923956585495,
            0.3366448581844397,
            0.3574987304043451,
            0.0,
            0.5330037736825581,
            0.6286600389540854,
            0.7125741812825854,
            0.7967954941419275,
            1.289015545616647
        ],
        [
            0.9406217309480437,
            0.9958953139131886,
            1.117198209289025,
            0.705294059926038,
            0.7174399786952255,
            0.7562559576619493,
            0.7370713464122471,
            0.7004881749155392,
            1.0265374403596002,
            0.9378945309908857,
            0.6242422352139709,
            0.7026851967486935,
            0.8088028203725455,
            0.6085126670757004,
            0.6613416303412625,
            0.7524319857190768,
            0.6876668292563533,
            0.6399761904247685,
            0.7595388814198318,
            0.7198749848888937,
            0.8093146169896815,
            0.9288193349016728,
            0.8808953857151631,
            0.6771478482410533,
            0.6980017204609588,
            0.5330037736825581,
            0.0,
            0.8516207032953743,
            0.9355348456238743,
            1.0197561584832164,
            1.511976209957936
        ],
        [
            1.036277996219571,
            1.091551579184716,
            1.212854474560552,
            0.8009503251975653,
            0.8130962439667527,
            0.8519122229334766,
            0.8327276116837744,
            0.7961444401870664,
            1.1221937056311275,
            1.0335507962624129,
            0.7198985004854982,
            0.7983414620202207,
            0.9044590856440727,
            0.7041689323472277,
            0.7569978956127897,
            0.848088250990604,
            0.7833230945278805,
            0.7356324556962958,
            0.8551951466913591,
            0.8155312501604209,
            0.9049708822612088,
            1.0244756001732,
            0.9765516509866904,
            0.7728041135125806,
            0.793657985732486,
            0.6286600389540854,
            0.8516207032953743,
            0.0,
            0.9540467792113417,
            1.0382680920706837,
            1.5304881435454032
        ],
        [
            1.120192138548071,
            1.175465721513216,
            1.2967686168890522,
            0.8848644675260653,
            0.8970103862952528,
            0.9358263652619766,
            0.9166417540122744,
            0.8800585825155665,
            1.2061078479596274,
            1.117464938590913,
            0.8038126428139982,
            0.8822556043487207,
            0.9883732279725728,
            0.7880830746757277,
            0.8409120379412898,
            0.9320023933191041,
            0.8672372368563805,
            0.8195465980247958,
            0.9391092890198591,
            0.899445392488921,
            0.988885024589709,
            1.1083897425017002,
            1.0604657933151904,
            0.8567182558410806,
            0.8775721280609861,
            0.7125741812825854,
            0.9355348456238743,
            0.9540467792113417,
            0.0,
            0.6956541751961853,
            1.364640128509649
        ],
        [
            1.204413451407413,
            1.2596870343725581,
            1.3809899297483943,
            0.9690857803854074,
            0.9812316991545948,
            1.0200476781213186,
            1.0008630668716165,
            0.9642798953749085,
            1.2903291608189695,
            1.201686251450255,
            0.8880339556733403,
            0.9664769172080627,
            1.0725945408319149,
            0.8723043875350698,
            0.9251333508006319,
            1.016223706178446,
            0.9514585497157226,
            0.9037679108841379,
            1.0233306018792012,
            0.9836667053482631,
            1.073106337449051,
            1.1926110553610423,
            1.1446871061745325,
            0.9409395687004227,
            0.9617934409203281,
            0.7967954941419275,
            1.0197561584832164,
            1.0382680920706837,
            0.6956541751961853,
            0.0,
            1.448861441368991
        ],
        [
            1.6966335028821327,
            1.7519070858472774,
            1.8732099812231136,
            1.4613058318601269,
            1.4734517506293143,
            1.512267729596038,
            1.493083118346336,
            1.456499946849628,
            1.782549212293689,
            1.6939063029249746,
            1.3802540071480598,
            1.4586969686827822,
            1.5648145923066343,
            1.3645244390097893,
            1.4173534022753513,
            1.5084437576531655,
            1.4436786011904421,
            1.3959879623588574,
            1.5155506533539207,
            1.4758867568229825,
            1.5653263889237703,
            1.6848311068357615,
            1.636907157649252,
            1.4331596201751422,
            1.4540134923950476,
            1.289015545616647,
            1.511976209957936,
            1.5304881435454032,
            1.364640128509649,
            1.448861441368991,
            0.0
        ]
    ],
    "NODE_MAPPING": {
        "0": "13",
        "1": "14",
        "2": "15",
        "3": "7",
        "4": "21",
        "5": "24",
        "6": "8",
        "7": "25",
        "8": "17",
        "9": "26",
        "10": "10",
        "11": "11",
        "12": "3",
        "13": "4",
        "14": "27",
        "15": "16",
        "16": "20",
        "17": "12",
        "18": "5",
        "19": "6",
        "20": "28",
        "21": "18",
        "22": "2",
        "23": "29",
        "24": "1",
        "25": "23",
        "26": "19",
        "27": "22",
        "28": "9",
        "29": "31",
        "30": "30"
    }
}