{
    "NEXUS_FILE_URL": "http://purl.org/phylo/treebase/phylows/study/TB2:S12036",
    "NEWICK_TREE": "((9:0.01905245,10:0.04976778):0.034695285,((21:0.00380018,20:0.00670949):0.00951641,((19:0.00989855,(17:0.0,18:0.0):0.01348859):0.00892988,(23:0.01261354,(((16:0.0,12:0.0):0.00232568,(11:0.00410489,(15:0.0022123,(14:0.0,13:0.0):0.00197495):8.064E-5):0.00187278):0.01696227,(22:0.00722067,((3:0.0101734,1:0.00886319):0.00320558,(8:0.00100438,(2:0.00378915,(7:-8.11E-6,(6:-8.11E-6,(4:0.0042001,5:-1.081E-5):8.11E-6):8.11E-6):3.9657E-4):0.00506356):0.00232364):4.7955E-4):0.00255418):0.00428157):0.0021748):0.00392885):0.034695285);",
    "DISTANCE_MATRIX": [
        [
            0.0,
            0.06882023,
            0.10175961,
            0.10466892,
            0.1112003,
            0.11479033999999999,
            0.11479033999999999,
            0.10716021,
            0.11811619000000001,
            0.11811619000000001,
            0.12176818,
            0.11995623,
            0.11971888,
            0.11971888,
            0.10860309,
            0.11524095000000001,
            0.11393074,
            0.10518999000000001,
            0.11303832,
            0.10963763,
            0.10964573999999999,
            0.11386206,
            0.10965115
        ],
        [
            0.06882023,
            0.0,
            0.13247493999999999,
            0.13538425,
            0.14191563000000001,
            0.14550567,
            0.14550567,
            0.13787554000000002,
            0.14883152,
            0.14883152,
            0.15248351000000002,
            0.15067156,
            0.15043421,
            0.15043421,
            0.13931842,
            0.14595628,
            0.14464607000000002,
            0.13590532,
            0.14375365,
            0.14035296,
            0.14036107,
            0.14457739,
            0.14036648000000002
        ],
        [
            0.10175961,
            0.13247493999999999,
            0.0,
            0.01050967,
            0.03607387,
            0.03966391,
            0.03966391,
            0.03203378,
            0.04298976,
            0.04298976,
            0.04664175000000001,
            0.0448298,
            0.044592450000000006,
            0.044592450000000006,
            0.033476660000000005,
            0.04011452,
            0.03880431,
            0.030063560000000003,
            0.037911890000000004,
            0.034511200000000006,
            0.03451931,
            0.03873563000000001,
            0.03452472
        ],
        [
            0.10466892,
            0.13538425,
            0.01050967,
            0.0,
            0.038983180000000006,
            0.04257322,
            0.04257322,
            0.03494309,
            0.04589907000000001,
            0.04589907000000001,
            0.04955106000000001,
            0.04773911,
            0.047501760000000004,
            0.047501760000000004,
            0.036385970000000004,
            0.043023830000000006,
            0.04171362000000001,
            0.03297287,
            0.0408212,
            0.037420510000000004,
            0.03742862,
            0.041644940000000005,
            0.03743403000000001
        ],
        [
            0.1112003,
            0.14191563000000001,
            0.03607387,
            0.038983180000000006,
            0.0,
            0.02338714,
            0.02338714,
            0.033616770000000004,
            0.04457275000000001,
            0.04457275000000001,
            0.04822474,
            0.046412789999999995,
            0.04617544,
            0.04617544,
            0.03505965,
            0.04169751000000001,
            0.0403873,
            0.03164655,
            0.039494879999999996,
            0.03609419,
            0.036102300000000004,
            0.04031862,
            0.03610771
        ],
        [
            0.11479033999999999,
            0.14550567,
            0.03966391,
            0.04257322,
            0.02338714,
            0.0,
            0.0,
            0.03720681,
            0.048162790000000004,
            0.048162790000000004,
            0.051814780000000005,
            0.05000283,
            0.04976548,
            0.04976548,
            0.03864969,
            0.04528755,
            0.043977340000000004,
            0.03523659,
            0.04308492,
            0.03968423,
            0.03969234,
            0.04390866,
            0.039697750000000004
        ],
        [
            0.11479033999999999,
            0.14550567,
            0.03966391,
            0.04257322,
            0.02338714,
            0.0,
            0.0,
            0.03720681,
            0.048162790000000004,
            0.048162790000000004,
            0.051814780000000005,
            0.05000283,
            0.04976548,
            0.04976548,
            0.03864969,
            0.04528755,
            0.043977340000000004,
            0.03523659,
            0.04308492,
            0.03968423,
            0.03969234,
            0.04390866,
            0.039697750000000004
        ],
        [
            0.10716021,
            0.13787554000000002,
            0.03203378,
            0.03494309,
            0.033616770000000004,
            0.03720681,
            0.03720681,
            0.0,
            0.03618306,
            0.03618306,
            0.039835050000000004,
            0.0380231,
            0.03778575,
            0.03778575,
            0.02666996,
            0.03330782,
            0.031997609999999996,
            0.02325686,
            0.031105189999999998,
            0.0277045,
            0.02771261,
            0.03192893,
            0.02771802
        ],
        [
            0.11811619000000001,
            0.14883152,
            0.04298976,
            0.04589907000000001,
            0.04457275000000001,
            0.048162790000000004,
            0.048162790000000004,
            0.03618306,
            0.0,
            0.0,
            0.008303350000000001,
            0.0064914,
            0.006254050000000001,
            0.006254050000000001,
            0.0290628,
            0.03570066,
            0.03439045,
            0.0256497,
            0.03349803,
            0.03009734,
            0.03010545,
            0.03432177,
            0.030110860000000003
        ],
        [
            0.11811619000000001,
            0.14883152,
            0.04298976,
            0.04589907000000001,
            0.04457275000000001,
            0.048162790000000004,
            0.048162790000000004,
            0.03618306,
            0.0,
            0.0,
            0.008303350000000001,
            0.0064914,
            0.006254050000000001,
            0.006254050000000001,
            0.0290628,
            0.03570066,
            0.03439045,
            0.0256497,
            0.03349803,
            0.03009734,
            0.03010545,
            0.03432177,
            0.030110860000000003
        ],
        [
            0.12176818,
            0.15248351000000002,
            0.04664175000000001,
            0.04955106000000001,
            0.04822474,
            0.051814780000000005,
            0.051814780000000005,
            0.039835050000000004,
            0.008303350000000001,
            0.008303350000000001,
            0.0,
            0.00639783,
            0.006160479999999999,
            0.006160479999999999,
            0.03271479,
            0.03935265,
            0.038042440000000004,
            0.029301690000000002,
            0.037150020000000006,
            0.03374933,
            0.03375744,
            0.03797376,
            0.033762850000000004
        ],
        [
            0.11995623,
            0.15067156,
            0.0448298,
            0.04773911,
            0.046412789999999995,
            0.05000283,
            0.05000283,
            0.0380231,
            0.0064914,
            0.0064914,
            0.00639783,
            0.0,
            0.00418725,
            0.00418725,
            0.03090284,
            0.037540699999999996,
            0.03623049,
            0.02748974,
            0.03533807,
            0.03193738,
            0.03194549,
            0.03616181,
            0.0319509
        ],
        [
            0.11971888,
            0.15043421,
            0.044592450000000006,
            0.047501760000000004,
            0.04617544,
            0.04976548,
            0.04976548,
            0.03778575,
            0.006254050000000001,
            0.006254050000000001,
            0.006160479999999999,
            0.00418725,
            0.0,
            0.0,
            0.030665490000000004,
            0.03730335,
            0.03599314,
            0.02725239,
            0.03510072,
            0.031700030000000004,
            0.03170814,
            0.035924460000000005,
            0.03171355
        ],
        [
            0.11971888,
            0.15043421,
            0.044592450000000006,
            0.047501760000000004,
            0.04617544,
            0.04976548,
            0.04976548,
            0.03778575,
            0.006254050000000001,
            0.006254050000000001,
            0.006160479999999999,
            0.00418725,
            0.0,
            0.0,
            0.030665490000000004,
            0.03730335,
            0.03599314,
            0.02725239,
            0.03510072,
            0.031700030000000004,
            0.03170814,
            0.035924460000000005,
            0.03171355
        ],
        [
            0.10860309,
            0.13931842,
            0.033476660000000005,
            0.036385970000000004,
            0.03505965,
            0.03864969,
            0.03864969,
            0.02666996,
            0.0290628,
            0.0290628,
            0.03271479,
            0.03090284,
            0.030665490000000004,
            0.030665490000000004,
            0.0,
            0.0210792,
            0.01976899,
            0.01102824,
            0.018876570000000002,
            0.015475880000000001,
            0.01548399,
            0.01970031,
            0.0154894
        ],
        [
            0.11524095000000001,
            0.14595628,
            0.04011452,
            0.043023830000000006,
            0.04169751000000001,
            0.04528755,
            0.04528755,
            0.03330782,
            0.03570066,
            0.03570066,
            0.03935265,
            0.037540699999999996,
            0.03730335,
            0.03730335,
            0.0210792,
            0.0,
            0.01903659,
            0.016707,
            0.02455533,
            0.021154640000000002,
            0.02116275,
            0.02537907,
            0.02116816
        ],
        [
            0.11393074,
            0.14464607000000002,
            0.03880431,
            0.04171362000000001,
            0.0403873,
            0.043977340000000004,
            0.043977340000000004,
            0.031997609999999996,
            0.03439045,
            0.03439045,
            0.038042440000000004,
            0.03623049,
            0.03599314,
            0.03599314,
            0.01976899,
            0.01903659,
            0.0,
            0.01539679,
            0.02324512,
            0.01984443,
            0.01985254,
            0.024068859999999997,
            0.01985795
        ],
        [
            0.10518999000000001,
            0.13590532,
            0.030063560000000003,
            0.03297287,
            0.03164655,
            0.03523659,
            0.03523659,
            0.02325686,
            0.0256497,
            0.0256497,
            0.029301690000000002,
            0.02748974,
            0.02725239,
            0.02725239,
            0.01102824,
            0.016707,
            0.01539679,
            0.0,
            0.009857089999999999,
            0.0064564,
            0.00646451,
            0.010680829999999999,
            0.00646992
        ],
        [
            0.11303832,
            0.14375365,
            0.037911890000000004,
            0.0408212,
            0.039494879999999996,
            0.04308492,
            0.04308492,
            0.031105189999999998,
            0.03349803,
            0.03349803,
            0.037150020000000006,
            0.03533807,
            0.03510072,
            0.03510072,
            0.018876570000000002,
            0.02455533,
            0.02324512,
            0.009857089999999999,
            0.0,
            0.00417761,
            0.0041857199999999995,
            0.00840204,
            0.0041911299999999995
        ],
        [
            0.10963763,
            0.14035296,
            0.034511200000000006,
            0.037420510000000004,
            0.03609419,
            0.03968423,
            0.03968423,
            0.0277045,
            0.03009734,
            0.03009734,
            0.03374933,
            0.03193738,
            0.031700030000000004,
            0.031700030000000004,
            0.015475880000000001,
            0.021154640000000002,
            0.01984443,
            0.0064564,
            0.00417761,
            0.0,
            -8.11e-06,
            0.00420821,
            -2.6999999999999996e-06
        ],
        [
            0.10964573999999999,
            0.14036107,
            0.03451931,
            0.03742862,
            0.036102300000000004,
            0.03969234,
            0.03969234,
            0.02771261,
            0.03010545,
            0.03010545,
            0.03375744,
            0.03194549,
            0.03170814,
            0.03170814,
            0.01548399,
            0.02116275,
            0.01985254,
            0.00646451,
            0.0041857199999999995,
            -8.11e-06,
            0.0,
            0.0042001,
            -1.081e-05
        ],
        [
            0.11386206,
            0.14457739,
            0.03873563000000001,
            0.041644940000000005,
            0.04031862,
            0.04390866,
            0.04390866,
            0.03192893,
            0.03432177,
            0.03432177,
            0.03797376,
            0.03616181,
            0.035924460000000005,
            0.035924460000000005,
            0.01970031,
            0.02537907,
            0.024068859999999997,
            0.010680829999999999,
            0.00840204,
            0.00420821,
            0.0042001,
            0.0,
            0.00418929
        ],
        [
            0.10965115,
            0.14036648000000002,
            0.03452472,
            0.03743403000000001,
            0.03610771,
            0.039697750000000004,
            0.039697750000000004,
            0.02771802,
            0.030110860000000003,
            0.030110860000000003,
            0.033762850000000004,
            0.0319509,
            0.03171355,
            0.03171355,
            0.0154894,
            0.02116816,
            0.01985795,
            0.00646992,
            0.0041911299999999995,
            -2.6999999999999996e-06,
            -1.081e-05,
            0.00418929,
            0.0
        ]
    ],
    "NODE_MAPPING": {
        "0": "9",
        "1": "10",
        "2": "21",
        "3": "20",
        "4": "19",
        "5": "17",
        "6": "18",
        "7": "23",
        "8": "16",
        "9": "12",
        "10": "11",
        "11": "15",
        "12": "14",
        "13": "13",
        "14": "22",
        "15": "3",
        "16": "1",
        "17": "8",
        "18": "2",
        "19": "7",
        "20": "6",
        "21": "4",
        "22": "5"
    }
}