{
    "NEXUS_FILE_URL": "http://purl.org/phylo/treebase/phylows/study/TB2:S10943",
    "NEWICK_TREE": "(40:0.34367874,(37:0.00323509,((36:1.0E-8,30:1.0E-8):1.0E-8,((((19:1.0E-8,18:1.0E-8):1.0E-8,24:0.00159375):0.00159351,((22:0.00158712,(17:1.0E-8,16:1.0E-8):1.0E-8):0.00323937,(((((15:0.00158273,(39:1.0E-8,25:1.0E-8):0.00158259):1.0E-8,(6:1.0E-8,5:1.0E-8):1.0E-8):1.0E-8,(((27:1.0E-8,(29:1.0E-8,28:1.0E-8):0.00161566):0.00161876,(11:1.0E-8,((12:1.0E-8,((20:0.00160245,(32:1.0E-8,31:1.0E-8):1.0E-8):0.00493058,(26:0.00161906,(4:1.0E-8,3:1.0E-8):1.0E-8):0.00495164):1.0E-8):1.0E-8,14:0.0016188):1.0E-8):1.0E-8):0.01200835,(38:1.0E-8,34:1.0E-8):0.00158143):1.0E-8):1.0E-8,(23:0.0031896,21:0.00320849):1.0E-8):1.0E-8,13:0.00320073):0.00156521):0.00164896):1.0E-8,((33:1.0E-8,(35:1.0E-8,(1:1.0E-8,2:1.0E-8):0.00158656):1.0E-8):1.0E-8,(9:1.0E-8,10:1.0E-8):0.00159536):1.0E-8):1.0E-8):1.0E-8):0.00319867,(7:1.0E-8,8:1.0E-8):1.0E-8);",
    "DISTANCE_MATRIX": [
        [
            0.0,
            0.3501125,
            0.34687744,
            0.34687744,
            0.34847097,
            0.34847097,
            0.3500647,
            0.35335289,
            0.35176578999999997,
            0.35176578999999997,
            0.35167437999999995,
            0.35167424999999997,
            0.35167424999999997,
            0.35009165999999997,
            0.35009165999999997,
            0.36371876,
            0.36533442,
            0.36533442,
            0.36210000999999997,
            0.36210002999999996,
            0.36863306,
            0.36703063,
            0.36703063,
            0.36867073,
            0.36705169,
            0.36705169,
            0.36371881,
            0.35167307999999997,
            0.35167307999999997,
            0.35328123,
            0.35330012,
            0.35329234,
            0.34687745999999997,
            0.34687746999999997,
            0.34846403,
            0.34846403,
            0.34847280999999997,
            0.34847280999999997,
            0.34367875999999997,
            0.34367875999999997
        ],
        [
            0.3501125,
            0.0,
            0.0032351199999999997,
            0.0032351199999999997,
            0.00482865,
            0.00482865,
            0.00642238,
            0.00971057,
            0.008123469999999999,
            0.008123469999999999,
            0.008032059999999999,
            0.00803193,
            0.00803193,
            0.00644934,
            0.00644934,
            0.020076440000000004,
            0.021692100000000006,
            0.021692100000000006,
            0.01845769,
            0.01845771,
            0.02499074000000001,
            0.023388310000000013,
            0.023388310000000013,
            0.02502841000000001,
            0.02340937000000001,
            0.02340937000000001,
            0.020076490000000006,
            0.00803076,
            0.00803076,
            0.009638909999999999,
            0.0096578,
            0.009650019999999999,
            0.00323514,
            0.00323515,
            0.00482171,
            0.00482171,
            0.00483049,
            0.00483049,
            0.00643378,
            0.00643378
        ],
        [
            0.34687744,
            0.0032351199999999997,
            0.0,
            2e-08,
            0.00159357,
            0.00159357,
            0.0031872999999999997,
            0.00647549,
            0.004888389999999999,
            0.004888389999999999,
            0.004796979999999999,
            0.00479685,
            0.00479685,
            0.00321426,
            0.00321426,
            0.016841360000000003,
            0.018457020000000005,
            0.018457020000000005,
            0.01522261,
            0.01522263,
            0.02175566000000001,
            0.02015323000000001,
            0.02015323000000001,
            0.02179333000000001,
            0.020174290000000008,
            0.020174290000000008,
            0.016841410000000005,
            0.00479568,
            0.00479568,
            0.006403829999999999,
            0.00642272,
            0.006414939999999999,
            6.000000000000001e-08,
            6.999999999999999e-08,
            0.00158663,
            0.00158663,
            0.00159541,
            0.00159541,
            0.0031987199999999995,
            0.0031987199999999995
        ],
        [
            0.34687744,
            0.0032351199999999997,
            2e-08,
            0.0,
            0.00159357,
            0.00159357,
            0.0031872999999999997,
            0.00647549,
            0.004888389999999999,
            0.004888389999999999,
            0.004796979999999999,
            0.00479685,
            0.00479685,
            0.00321426,
            0.00321426,
            0.016841360000000003,
            0.018457020000000005,
            0.018457020000000005,
            0.01522261,
            0.01522263,
            0.02175566000000001,
            0.02015323000000001,
            0.02015323000000001,
            0.02179333000000001,
            0.020174290000000008,
            0.020174290000000008,
            0.016841410000000005,
            0.00479568,
            0.00479568,
            0.006403829999999999,
            0.00642272,
            0.006414939999999999,
            6.000000000000001e-08,
            6.999999999999999e-08,
            0.00158663,
            0.00158663,
            0.00159541,
            0.00159541,
            0.0031987199999999995,
            0.0031987199999999995
        ],
        [
            0.34847097,
            0.00482865,
            0.00159357,
            0.00159357,
            0.0,
            2e-08,
            0.00159377,
            0.00806898,
            0.00648188,
            0.00648188,
            0.00639047,
            0.00639034,
            0.00639034,
            0.00480775,
            0.00480775,
            0.01843485,
            0.02005051,
            0.02005051,
            0.0168161,
            0.01681612,
            0.023349150000000006,
            0.021746720000000008,
            0.021746720000000008,
            0.023386820000000006,
            0.021767780000000004,
            0.021767780000000004,
            0.0184349,
            0.0063891700000000004,
            0.0063891700000000004,
            0.007997319999999999,
            0.00801621,
            0.00800843,
            0.00159357,
            0.00159358,
            0.0031801399999999997,
            0.0031801399999999997,
            0.00318892,
            0.00318892,
            0.00479225,
            0.00479225
        ],
        [
            0.34847097,
            0.00482865,
            0.00159357,
            0.00159357,
            2e-08,
            0.0,
            0.00159377,
            0.00806898,
            0.00648188,
            0.00648188,
            0.00639047,
            0.00639034,
            0.00639034,
            0.00480775,
            0.00480775,
            0.01843485,
            0.02005051,
            0.02005051,
            0.0168161,
            0.01681612,
            0.023349150000000006,
            0.021746720000000008,
            0.021746720000000008,
            0.023386820000000006,
            0.021767780000000004,
            0.021767780000000004,
            0.0184349,
            0.0063891700000000004,
            0.0063891700000000004,
            0.007997319999999999,
            0.00801621,
            0.00800843,
            0.00159357,
            0.00159358,
            0.0031801399999999997,
            0.0031801399999999997,
            0.00318892,
            0.00318892,
            0.00479225,
            0.00479225
        ],
        [
            0.3500647,
            0.00642238,
            0.0031872999999999997,
            0.0031872999999999997,
            0.00159377,
            0.00159377,
            0.0,
            0.009662710000000001,
            0.00807561,
            0.00807561,
            0.0079842,
            0.00798407,
            0.00798407,
            0.00640148,
            0.00640148,
            0.02002858,
            0.021644240000000002,
            0.021644240000000002,
            0.01840983,
            0.01840985,
            0.024942880000000008,
            0.02334045000000001,
            0.02334045000000001,
            0.024980550000000008,
            0.023361510000000005,
            0.023361510000000005,
            0.020028630000000002,
            0.007982900000000001,
            0.007982900000000001,
            0.00959105,
            0.00960994,
            0.009602159999999998,
            0.0031872999999999997,
            0.00318731,
            0.0047738699999999995,
            0.0047738699999999995,
            0.004782649999999999,
            0.004782649999999999,
            0.0063859799999999994,
            0.0063859799999999994
        ],
        [
            0.35335289,
            0.00971057,
            0.00647549,
            0.00647549,
            0.00806898,
            0.00806898,
            0.009662710000000001,
            0.0,
            0.0015871400000000001,
            0.0015871400000000001,
            0.00797447,
            0.00797434,
            0.00797434,
            0.00639175,
            0.00639175,
            0.020018849999999998,
            0.02163451,
            0.02163451,
            0.0184001,
            0.01840012,
            0.024933150000000005,
            0.023330720000000006,
            0.023330720000000006,
            0.024970820000000005,
            0.023351780000000003,
            0.023351780000000003,
            0.0200189,
            0.00797317,
            0.00797317,
            0.00958132,
            0.009600210000000001,
            0.009592429999999999,
            0.00647549,
            0.0064755,
            0.008062060000000001,
            0.008062060000000001,
            0.008070840000000001,
            0.008070840000000001,
            0.00967417,
            0.00967417
        ],
        [
            0.35176578999999997,
            0.008123469999999999,
            0.004888389999999999,
            0.004888389999999999,
            0.00648188,
            0.00648188,
            0.00807561,
            0.0015871400000000001,
            0.0,
            2e-08,
            0.00638737,
            0.00638724,
            0.00638724,
            0.00480465,
            0.00480465,
            0.018431749999999997,
            0.02004741,
            0.02004741,
            0.016813,
            0.016813019999999998,
            0.023346050000000007,
            0.021743620000000005,
            0.021743620000000005,
            0.023383720000000004,
            0.02176468,
            0.02176468,
            0.018431799999999998,
            0.00638607,
            0.00638607,
            0.00799422,
            0.00801311,
            0.00800533,
            0.004888389999999999,
            0.004888399999999999,
            0.006474959999999999,
            0.006474959999999999,
            0.00648374,
            0.00648374,
            0.008087069999999998,
            0.008087069999999998
        ],
        [
            0.35176578999999997,
            0.008123469999999999,
            0.004888389999999999,
            0.004888389999999999,
            0.00648188,
            0.00648188,
            0.00807561,
            0.0015871400000000001,
            2e-08,
            0.0,
            0.00638737,
            0.00638724,
            0.00638724,
            0.00480465,
            0.00480465,
            0.018431749999999997,
            0.02004741,
            0.02004741,
            0.016813,
            0.016813019999999998,
            0.023346050000000007,
            0.021743620000000005,
            0.021743620000000005,
            0.023383720000000004,
            0.02176468,
            0.02176468,
            0.018431799999999998,
            0.00638607,
            0.00638607,
            0.00799422,
            0.00801311,
            0.00800533,
            0.004888389999999999,
            0.004888399999999999,
            0.006474959999999999,
            0.006474959999999999,
            0.00648374,
            0.00648374,
            0.008087069999999998,
            0.008087069999999998
        ],
        [
            0.35167437999999995,
            0.008032059999999999,
            0.004796979999999999,
            0.004796979999999999,
            0.00639047,
            0.00639047,
            0.0079842,
            0.00797447,
            0.00638737,
            0.00638737,
            0.0,
            0.00316533,
            0.00316533,
            0.0015827600000000001,
            0.0015827600000000001,
            0.015209879999999999,
            0.01682554,
            0.01682554,
            0.01359113,
            0.01359115,
            0.020124180000000002,
            0.018521750000000003,
            0.018521750000000003,
            0.020161850000000002,
            0.01854281,
            0.01854281,
            0.01520993,
            0.0031642,
            0.0031642,
            0.00477237,
            0.00479126,
            0.0047834999999999996,
            0.004796979999999999,
            0.004796989999999999,
            0.006383549999999999,
            0.006383549999999999,
            0.00639233,
            0.00639233,
            0.007995659999999998,
            0.007995659999999998
        ],
        [
            0.35167424999999997,
            0.00803193,
            0.00479685,
            0.00479685,
            0.00639034,
            0.00639034,
            0.00798407,
            0.00797434,
            0.00638724,
            0.00638724,
            0.00316533,
            0.0,
            2e-08,
            0.00158263,
            0.00158263,
            0.01520975,
            0.01682541,
            0.01682541,
            0.013590999999999999,
            0.013591019999999999,
            0.02012405,
            0.018521620000000003,
            0.018521620000000003,
            0.02016172,
            0.01854268,
            0.01854268,
            0.015209799999999999,
            0.0031640699999999997,
            0.0031640699999999997,
            0.00477224,
            0.004791129999999999,
            0.00478337,
            0.00479685,
            0.00479686,
            0.00638342,
            0.00638342,
            0.006392200000000001,
            0.006392200000000001,
            0.00799553,
            0.00799553
        ],
        [
            0.35167424999999997,
            0.00803193,
            0.00479685,
            0.00479685,
            0.00639034,
            0.00639034,
            0.00798407,
            0.00797434,
            0.00638724,
            0.00638724,
            0.00316533,
            2e-08,
            0.0,
            0.00158263,
            0.00158263,
            0.01520975,
            0.01682541,
            0.01682541,
            0.013590999999999999,
            0.013591019999999999,
            0.02012405,
            0.018521620000000003,
            0.018521620000000003,
            0.02016172,
            0.01854268,
            0.01854268,
            0.015209799999999999,
            0.0031640699999999997,
            0.0031640699999999997,
            0.00477224,
            0.004791129999999999,
            0.00478337,
            0.00479685,
            0.00479686,
            0.00638342,
            0.00638342,
            0.006392200000000001,
            0.006392200000000001,
            0.00799553,
            0.00799553
        ],
        [
            0.35009165999999997,
            0.00644934,
            0.00321426,
            0.00321426,
            0.00480775,
            0.00480775,
            0.00640148,
            0.00639175,
            0.00480465,
            0.00480465,
            0.0015827600000000001,
            0.00158263,
            0.00158263,
            0.0,
            2e-08,
            0.01362716,
            0.015242819999999999,
            0.015242819999999999,
            0.012008409999999999,
            0.012008429999999999,
            0.018541460000000003,
            0.016939030000000004,
            0.016939030000000004,
            0.018579130000000003,
            0.01696009,
            0.01696009,
            0.013627209999999999,
            0.00158148,
            0.00158148,
            0.00318965,
            0.00320854,
            0.0032007800000000003,
            0.00321426,
            0.0032142700000000004,
            0.00480083,
            0.00480083,
            0.004809610000000001,
            0.004809610000000001,
            0.00641294,
            0.00641294
        ],
        [
            0.35009165999999997,
            0.00644934,
            0.00321426,
            0.00321426,
            0.00480775,
            0.00480775,
            0.00640148,
            0.00639175,
            0.00480465,
            0.00480465,
            0.0015827600000000001,
            0.00158263,
            0.00158263,
            2e-08,
            0.0,
            0.01362716,
            0.015242819999999999,
            0.015242819999999999,
            0.012008409999999999,
            0.012008429999999999,
            0.018541460000000003,
            0.016939030000000004,
            0.016939030000000004,
            0.018579130000000003,
            0.01696009,
            0.01696009,
            0.013627209999999999,
            0.00158148,
            0.00158148,
            0.00318965,
            0.00320854,
            0.0032007800000000003,
            0.00321426,
            0.0032142700000000004,
            0.00480083,
            0.00480083,
            0.004809610000000001,
            0.004809610000000001,
            0.00641294,
            0.00641294
        ],
        [
            0.36371876,
            0.020076440000000004,
            0.016841360000000003,
            0.016841360000000003,
            0.01843485,
            0.01843485,
            0.02002858,
            0.020018849999999998,
            0.018431749999999997,
            0.018431749999999997,
            0.015209879999999999,
            0.01520975,
            0.01520975,
            0.01362716,
            0.01362716,
            0.0,
            0.00161568,
            0.00161568,
            0.00161879,
            0.0016188099999999998,
            0.00815184,
            0.00654941,
            0.00654941,
            0.00818951,
            0.00657047,
            0.00657047,
            0.00323759,
            0.01520856,
            0.01520856,
            0.01681675,
            0.01683564,
            0.01682788,
            0.016841360000000003,
            0.01684137,
            0.018427930000000002,
            0.018427930000000002,
            0.018436710000000002,
            0.018436710000000002,
            0.020040040000000005,
            0.020040040000000005
        ],
        [
            0.36533442,
            0.021692100000000006,
            0.018457020000000005,
            0.018457020000000005,
            0.02005051,
            0.02005051,
            0.021644240000000002,
            0.02163451,
            0.02004741,
            0.02004741,
            0.01682554,
            0.01682541,
            0.01682541,
            0.015242819999999999,
            0.015242819999999999,
            0.00161568,
            0.0,
            2e-08,
            0.00323445,
            0.00323447,
            0.0097675,
            0.00816507,
            0.00816507,
            0.00980517,
            0.00818613,
            0.00818613,
            0.00485325,
            0.01682422,
            0.01682422,
            0.01843241,
            0.0184513,
            0.018443539999999998,
            0.018457020000000005,
            0.018457030000000003,
            0.020043590000000003,
            0.020043590000000003,
            0.020052370000000003,
            0.020052370000000003,
            0.021655700000000007,
            0.021655700000000007
        ],
        [
            0.36533442,
            0.021692100000000006,
            0.018457020000000005,
            0.018457020000000005,
            0.02005051,
            0.02005051,
            0.021644240000000002,
            0.02163451,
            0.02004741,
            0.02004741,
            0.01682554,
            0.01682541,
            0.01682541,
            0.015242819999999999,
            0.015242819999999999,
            0.00161568,
            2e-08,
            0.0,
            0.00323445,
            0.00323447,
            0.0097675,
            0.00816507,
            0.00816507,
            0.00980517,
            0.00818613,
            0.00818613,
            0.00485325,
            0.01682422,
            0.01682422,
            0.01843241,
            0.0184513,
            0.018443539999999998,
            0.018457020000000005,
            0.018457030000000003,
            0.020043590000000003,
            0.020043590000000003,
            0.020052370000000003,
            0.020052370000000003,
            0.021655700000000007,
            0.021655700000000007
        ],
        [
            0.36210000999999997,
            0.01845769,
            0.01522261,
            0.01522261,
            0.0168161,
            0.0168161,
            0.01840983,
            0.0184001,
            0.016813,
            0.016813,
            0.01359113,
            0.013590999999999999,
            0.013590999999999999,
            0.012008409999999999,
            0.012008409999999999,
            0.00161879,
            0.00323445,
            0.00323445,
            0.0,
            4e-08,
            0.00653307,
            0.00493064,
            0.00493064,
            0.00657074,
            0.0049517,
            0.0049517,
            0.00161882,
            0.013589809999999999,
            0.013589809999999999,
            0.015198,
            0.015216889999999999,
            0.01520913,
            0.01522261,
            0.01522262,
            0.01680918,
            0.01680918,
            0.01681796,
            0.01681796,
            0.01842129,
            0.01842129
        ],
        [
            0.36210002999999996,
            0.01845771,
            0.01522263,
            0.01522263,
            0.01681612,
            0.01681612,
            0.01840985,
            0.01840012,
            0.016813019999999998,
            0.016813019999999998,
            0.01359115,
            0.013591019999999999,
            0.013591019999999999,
            0.012008429999999999,
            0.012008429999999999,
            0.0016188099999999998,
            0.00323447,
            0.00323447,
            4e-08,
            0.0,
            0.00653305,
            0.00493062,
            0.00493062,
            0.00657072,
            0.00495168,
            0.00495168,
            0.0016188200000000002,
            0.013589829999999999,
            0.013589829999999999,
            0.01519802,
            0.015216909999999998,
            0.01520915,
            0.01522263,
            0.015222639999999999,
            0.0168092,
            0.0168092,
            0.01681798,
            0.01681798,
            0.01842131,
            0.01842131
        ],
        [
            0.36863306,
            0.02499074000000001,
            0.02175566000000001,
            0.02175566000000001,
            0.023349150000000006,
            0.023349150000000006,
            0.024942880000000008,
            0.024933150000000005,
            0.023346050000000007,
            0.023346050000000007,
            0.020124180000000002,
            0.02012405,
            0.02012405,
            0.018541460000000003,
            0.018541460000000003,
            0.00815184,
            0.0097675,
            0.0097675,
            0.00653307,
            0.00653305,
            0.0,
            0.0016024700000000002,
            0.0016024700000000002,
            0.013103730000000001,
            0.01148469,
            0.01148469,
            0.00815185,
            0.02012286,
            0.02012286,
            0.021731050000000002,
            0.021749940000000002,
            0.021742180000000003,
            0.02175566000000001,
            0.021755670000000008,
            0.02334223000000001,
            0.02334223000000001,
            0.02335101000000001,
            0.02335101000000001,
            0.024954340000000012,
            0.024954340000000012
        ],
        [
            0.36703063,
            0.023388310000000013,
            0.02015323000000001,
            0.02015323000000001,
            0.021746720000000008,
            0.021746720000000008,
            0.02334045000000001,
            0.023330720000000006,
            0.021743620000000005,
            0.021743620000000005,
            0.018521750000000003,
            0.018521620000000003,
            0.018521620000000003,
            0.016939030000000004,
            0.016939030000000004,
            0.00654941,
            0.00816507,
            0.00816507,
            0.00493064,
            0.00493062,
            0.0016024700000000002,
            0.0,
            2e-08,
            0.0115013,
            0.00988226,
            0.00988226,
            0.00654942,
            0.01852043,
            0.01852043,
            0.020128620000000003,
            0.020147510000000004,
            0.020139750000000005,
            0.02015323000000001,
            0.02015324000000001,
            0.02173980000000001,
            0.02173980000000001,
            0.02174858000000001,
            0.02174858000000001,
            0.023351910000000014,
            0.023351910000000014
        ],
        [
            0.36703063,
            0.023388310000000013,
            0.02015323000000001,
            0.02015323000000001,
            0.021746720000000008,
            0.021746720000000008,
            0.02334045000000001,
            0.023330720000000006,
            0.021743620000000005,
            0.021743620000000005,
            0.018521750000000003,
            0.018521620000000003,
            0.018521620000000003,
            0.016939030000000004,
            0.016939030000000004,
            0.00654941,
            0.00816507,
            0.00816507,
            0.00493064,
            0.00493062,
            0.0016024700000000002,
            2e-08,
            0.0,
            0.0115013,
            0.00988226,
            0.00988226,
            0.00654942,
            0.01852043,
            0.01852043,
            0.020128620000000003,
            0.020147510000000004,
            0.020139750000000005,
            0.02015323000000001,
            0.02015324000000001,
            0.02173980000000001,
            0.02173980000000001,
            0.02174858000000001,
            0.02174858000000001,
            0.023351910000000014,
            0.023351910000000014
        ],
        [
            0.36867073,
            0.02502841000000001,
            0.02179333000000001,
            0.02179333000000001,
            0.023386820000000006,
            0.023386820000000006,
            0.024980550000000008,
            0.024970820000000005,
            0.023383720000000004,
            0.023383720000000004,
            0.020161850000000002,
            0.02016172,
            0.02016172,
            0.018579130000000003,
            0.018579130000000003,
            0.00818951,
            0.00980517,
            0.00980517,
            0.00657074,
            0.00657072,
            0.013103730000000001,
            0.0115013,
            0.0115013,
            0.0,
            0.0016190800000000002,
            0.0016190800000000002,
            0.00818952,
            0.02016053,
            0.02016053,
            0.021768720000000002,
            0.021787610000000002,
            0.021779850000000003,
            0.02179333000000001,
            0.021793340000000008,
            0.02337990000000001,
            0.02337990000000001,
            0.02338868000000001,
            0.02338868000000001,
            0.024992010000000012,
            0.024992010000000012
        ],
        [
            0.36705169,
            0.02340937000000001,
            0.020174290000000008,
            0.020174290000000008,
            0.021767780000000004,
            0.021767780000000004,
            0.023361510000000005,
            0.023351780000000003,
            0.02176468,
            0.02176468,
            0.01854281,
            0.01854268,
            0.01854268,
            0.01696009,
            0.01696009,
            0.00657047,
            0.00818613,
            0.00818613,
            0.0049517,
            0.00495168,
            0.01148469,
            0.00988226,
            0.00988226,
            0.0016190800000000002,
            0.0,
            2e-08,
            0.00657048,
            0.018541489999999997,
            0.018541489999999997,
            0.02014968,
            0.02016857,
            0.02016081,
            0.020174290000000008,
            0.020174300000000006,
            0.021760860000000007,
            0.021760860000000007,
            0.021769640000000007,
            0.021769640000000007,
            0.02337297000000001,
            0.02337297000000001
        ],
        [
            0.36705169,
            0.02340937000000001,
            0.020174290000000008,
            0.020174290000000008,
            0.021767780000000004,
            0.021767780000000004,
            0.023361510000000005,
            0.023351780000000003,
            0.02176468,
            0.02176468,
            0.01854281,
            0.01854268,
            0.01854268,
            0.01696009,
            0.01696009,
            0.00657047,
            0.00818613,
            0.00818613,
            0.0049517,
            0.00495168,
            0.01148469,
            0.00988226,
            0.00988226,
            0.0016190800000000002,
            2e-08,
            0.0,
            0.00657048,
            0.018541489999999997,
            0.018541489999999997,
            0.02014968,
            0.02016857,
            0.02016081,
            0.020174290000000008,
            0.020174300000000006,
            0.021760860000000007,
            0.021760860000000007,
            0.021769640000000007,
            0.021769640000000007,
            0.02337297000000001,
            0.02337297000000001
        ],
        [
            0.36371881,
            0.020076490000000006,
            0.016841410000000005,
            0.016841410000000005,
            0.0184349,
            0.0184349,
            0.020028630000000002,
            0.0200189,
            0.018431799999999998,
            0.018431799999999998,
            0.01520993,
            0.015209799999999999,
            0.015209799999999999,
            0.013627209999999999,
            0.013627209999999999,
            0.00323759,
            0.00485325,
            0.00485325,
            0.00161882,
            0.0016188200000000002,
            0.00815185,
            0.00654942,
            0.00654942,
            0.00818952,
            0.00657048,
            0.00657048,
            0.0,
            0.01520861,
            0.01520861,
            0.0168168,
            0.01683569,
            0.016827929999999998,
            0.016841410000000005,
            0.016841420000000003,
            0.018427980000000004,
            0.018427980000000004,
            0.018436760000000003,
            0.018436760000000003,
            0.020040090000000007,
            0.020040090000000007
        ],
        [
            0.35167307999999997,
            0.00803076,
            0.00479568,
            0.00479568,
            0.0063891700000000004,
            0.0063891700000000004,
            0.007982900000000001,
            0.00797317,
            0.00638607,
            0.00638607,
            0.0031642,
            0.0031640699999999997,
            0.0031640699999999997,
            0.00158148,
            0.00158148,
            0.01520856,
            0.01682422,
            0.01682422,
            0.013589809999999999,
            0.013589829999999999,
            0.02012286,
            0.01852043,
            0.01852043,
            0.02016053,
            0.018541489999999997,
            0.018541489999999997,
            0.01520861,
            0.0,
            2e-08,
            0.00477107,
            0.004789959999999999,
            0.0047822,
            0.00479568,
            0.00479569,
            0.00638225,
            0.00638225,
            0.006391030000000001,
            0.006391030000000001,
            0.007994359999999999,
            0.007994359999999999
        ],
        [
            0.35167307999999997,
            0.00803076,
            0.00479568,
            0.00479568,
            0.0063891700000000004,
            0.0063891700000000004,
            0.007982900000000001,
            0.00797317,
            0.00638607,
            0.00638607,
            0.0031642,
            0.0031640699999999997,
            0.0031640699999999997,
            0.00158148,
            0.00158148,
            0.01520856,
            0.01682422,
            0.01682422,
            0.013589809999999999,
            0.013589829999999999,
            0.02012286,
            0.01852043,
            0.01852043,
            0.02016053,
            0.018541489999999997,
            0.018541489999999997,
            0.01520861,
            2e-08,
            0.0,
            0.00477107,
            0.004789959999999999,
            0.0047822,
            0.00479568,
            0.00479569,
            0.00638225,
            0.00638225,
            0.006391030000000001,
            0.006391030000000001,
            0.007994359999999999,
            0.007994359999999999
        ],
        [
            0.35328123,
            0.009638909999999999,
            0.006403829999999999,
            0.006403829999999999,
            0.007997319999999999,
            0.007997319999999999,
            0.00959105,
            0.00958132,
            0.00799422,
            0.00799422,
            0.00477237,
            0.00477224,
            0.00477224,
            0.00318965,
            0.00318965,
            0.01681675,
            0.01843241,
            0.01843241,
            0.015198,
            0.01519802,
            0.021731050000000002,
            0.020128620000000003,
            0.020128620000000003,
            0.021768720000000002,
            0.02014968,
            0.02014968,
            0.0168168,
            0.00477107,
            0.00477107,
            0.0,
            0.00639809,
            0.0063903499999999995,
            0.006403829999999999,
            0.006403839999999999,
            0.0079904,
            0.0079904,
            0.00799918,
            0.00799918,
            0.009602509999999998,
            0.009602509999999998
        ],
        [
            0.35330012,
            0.0096578,
            0.00642272,
            0.00642272,
            0.00801621,
            0.00801621,
            0.00960994,
            0.009600210000000001,
            0.00801311,
            0.00801311,
            0.00479126,
            0.004791129999999999,
            0.004791129999999999,
            0.00320854,
            0.00320854,
            0.01683564,
            0.0184513,
            0.0184513,
            0.015216889999999999,
            0.015216909999999998,
            0.021749940000000002,
            0.020147510000000004,
            0.020147510000000004,
            0.021787610000000002,
            0.02016857,
            0.02016857,
            0.01683569,
            0.004789959999999999,
            0.004789959999999999,
            0.00639809,
            0.0,
            0.00640924,
            0.00642272,
            0.00642273,
            0.00800929,
            0.00800929,
            0.00801807,
            0.00801807,
            0.009621399999999999,
            0.009621399999999999
        ],
        [
            0.35329234,
            0.009650019999999999,
            0.006414939999999999,
            0.006414939999999999,
            0.00800843,
            0.00800843,
            0.009602159999999998,
            0.009592429999999999,
            0.00800533,
            0.00800533,
            0.0047834999999999996,
            0.00478337,
            0.00478337,
            0.0032007800000000003,
            0.0032007800000000003,
            0.01682788,
            0.018443539999999998,
            0.018443539999999998,
            0.01520913,
            0.01520915,
            0.021742180000000003,
            0.020139750000000005,
            0.020139750000000005,
            0.021779850000000003,
            0.02016081,
            0.02016081,
            0.016827929999999998,
            0.0047822,
            0.0047822,
            0.0063903499999999995,
            0.00640924,
            0.0,
            0.006414939999999999,
            0.006414949999999999,
            0.00800151,
            0.00800151,
            0.00801029,
            0.00801029,
            0.00961362,
            0.00961362
        ],
        [
            0.34687745999999997,
            0.00323514,
            6.000000000000001e-08,
            6.000000000000001e-08,
            0.00159357,
            0.00159357,
            0.0031872999999999997,
            0.00647549,
            0.004888389999999999,
            0.004888389999999999,
            0.004796979999999999,
            0.00479685,
            0.00479685,
            0.00321426,
            0.00321426,
            0.016841360000000003,
            0.018457020000000005,
            0.018457020000000005,
            0.01522261,
            0.01522263,
            0.02175566000000001,
            0.02015323000000001,
            0.02015323000000001,
            0.02179333000000001,
            0.020174290000000008,
            0.020174290000000008,
            0.016841410000000005,
            0.00479568,
            0.00479568,
            0.006403829999999999,
            0.00642272,
            0.006414939999999999,
            0.0,
            3.0000000000000004e-08,
            0.00158659,
            0.00158659,
            0.0015953900000000001,
            0.0015953900000000001,
            0.00319874,
            0.00319874
        ],
        [
            0.34687746999999997,
            0.00323515,
            6.999999999999999e-08,
            6.999999999999999e-08,
            0.00159358,
            0.00159358,
            0.00318731,
            0.0064755,
            0.004888399999999999,
            0.004888399999999999,
            0.004796989999999999,
            0.00479686,
            0.00479686,
            0.0032142700000000004,
            0.0032142700000000004,
            0.01684137,
            0.018457030000000003,
            0.018457030000000003,
            0.01522262,
            0.015222639999999999,
            0.021755670000000008,
            0.02015324000000001,
            0.02015324000000001,
            0.021793340000000008,
            0.020174300000000006,
            0.020174300000000006,
            0.016841420000000003,
            0.00479569,
            0.00479569,
            0.006403839999999999,
            0.00642273,
            0.006414949999999999,
            3.0000000000000004e-08,
            0.0,
            0.00158658,
            0.00158658,
            0.0015954,
            0.0015954,
            0.0031987499999999998,
            0.0031987499999999998
        ],
        [
            0.34846403,
            0.00482171,
            0.00158663,
            0.00158663,
            0.0031801399999999997,
            0.0031801399999999997,
            0.0047738699999999995,
            0.008062060000000001,
