[
    {
        "NEXUS_FILE_URL": "http://purl.org/phylo/treebase/phylows/study/TB2:S12159",
        "NEWICK_TREE": "((46:0.08398138,47:0.30224979):0.027944185,(48:0.04185169,((24:0.0121744,(31:0.01188036,(38:0.01539304,(((36:0.01072269,(23:0.00864038,40:0.0132464):0.00499595):0.0,((20:0.01013762,34:0.01078369):9.8749E-4,(19:0.00869504,(21:0.00221805,33:0.0034581):0.00611074):0.0018551):0.00108585):0.0,(27:0.00715059,(29:0.00352824,(28:0.00588394,((30:0.0041042,35:0.00413006):7.5661E-4,(22:0.01477877,(25:0.00620195,(26:0.008261,32:0.00680503):0.00165758):0.00182784):0.00192745):0.00273243):0.00225049):0.00168107):0.00162961):3.4916E-4):0.00134773):0.00181429):0.00856025,(18:0.01626374,(((13:0.01230732,(14:0.01048723,15:0.01337133):0.0036631):0.00347154,((16:0.00234873,45:0.00363062):0.01170446,(44:0.00303959,(17:0.00260564,(42:0.00392012,43:3.7908E-4):0.002584):0.00168157):0.00906819):0.00799974):0.00304159,(7:0.01006755,(1:9.1318E-4,2:4.1539E-4):0.01290196,((3:0.01238317,11:0.00903278):0.00373543,(9:0.00894122,37:0.00807275):0.00441373,(8:0.0108115,(4:0.00700994,6:0.00788088):0.00122758):9.1179E-4,(5:0.01024512,(39:0.01130812,(41:0.01264084,(10:0.00309563,12:0.00424184):0.00482261):0.00122533):6.2777E-4):0.00169944):0.00502975):0.00248621):0.00234977):0.01044998):0.05903009):0.027944185);",
        "DISTANCE_MATRIX": [
            [
                0,
                0.38623117,
                0.18172143999999998,
                0.21963449,
                0.22115474,
                0.22601515,
                0.22169396,
                0.2246076,
                0.22921361999999998,
                0.22318222999999998,
                0.22382829999999998,
                0.22260725999999997,
                0.22224101,
                0.22348105999999998,
                0.21975147,
                0.21781019,
                0.22241637999999997,
                0.22412568,
                0.22415153999999998,
                0.23597109,
                0.22922210999999998,
                0.23293873999999998,
                0.23148277,
                0.22561356,
                0.23052003999999998,
                0.23236305,
                0.23524715,
                0.23679411,
                0.238076,
                0.2348487,
                0.23609632,
                0.2399948,
                0.23645375999999999,
                0.22425335,
                0.22800093999999999,
                0.22750315,
                0.23533415,
                0.23198375999999998,
                0.23257049999999999,
                0.23170203,
                0.23093883999999998,
                0.22836486,
                0.2292358,
                0.23116010999999997,
                0.23285087999999998,
                0.23540893,
                0.23068633,
                0.23183253999999998
            ],
            [
                0.38623117,
                0,
                0.39998985000000004,
                0.43790290000000004,
                0.43942315000000004,
                0.44428356,
                0.43996237000000005,
                0.44287601000000004,
                0.44748203000000003,
                0.44145064,
                0.44209671,
                0.44087567000000005,
                0.44050942000000004,
                0.44174947000000003,
                0.43801988000000003,
                0.43607860000000004,
                0.44068479000000005,
                0.44239409,
                0.44241995,
                0.4542395,
                0.44749052,
                0.45120715,
                0.44975118000000003,
                0.44388197,
                0.44878845,
                0.45063146000000004,
                0.45351556000000004,
                0.45506252,
                0.45634441000000003,
                0.45311711000000005,
                0.45436473000000005,
                0.45826321000000003,
                0.45472217000000004,
                0.44252176000000004,
                0.44626935,
                0.44577156,
                0.45360256000000004,
                0.45025217,
                0.45083891000000004,
                0.44997044,
                0.44920725,
                0.44663327,
                0.44750421,
                0.44942852,
                0.45111929,
                0.45367734000000004,
                0.44895474,
                0.45010095000000006
            ],
            [
                0.18172143999999998,
                0.39998985000000004,
                0,
                0.12161643,
                0.12313668,
                0.12799708999999998,
                0.1236759,
                0.12658954,
                0.13119556,
                0.12516417,
                0.12581024,
                0.1245892,
                0.12422295,
                0.125463,
                0.12173341,
                0.11979213,
                0.12439831999999999,
                0.12610762,
                0.12613348,
                0.13795303,
                0.13120405,
                0.13492068000000002,
                0.13346471,
                0.1275955,
                0.13250198,
                0.13434499,
                0.13722909,
                0.13877604999999998,
                0.14005794,
                0.13683064,
                0.13807826,
                0.14197674,
                0.1384357,
                0.12623529,
                0.12998288,
                0.12948509,
                0.13731609,
                0.1339657,
                0.13455244,
                0.13368396999999999,
                0.13292078,
                0.13034679999999998,
                0.13121774,
                0.13314205,
                0.13483282,
                0.13739087,
                0.13266827,
                0.13381448
            ],
            [
                0.21963449,
                0.43790290000000004,
                0.12161643,
                0,
                0.025869049999999998,
                0.03072946,
                0.026408269999999998,
                0.02932191,
                0.03392793,
                0.027896539999999997,
                0.028542610000000003,
                0.027321569999999996,
                0.026955319999999998,
                0.028195369999999997,
                0.02446578,
                0.0225245,
                0.02713069,
                0.028839990000000003,
                0.02886585,
                0.040685400000000004,
                0.03393642,
                0.03765305,
                0.03619708,
                0.04744837,
                0.05235485,
                0.05419786,
                0.05708196,
                0.05862892,
                0.05991081,
                0.05668351,
                0.057931130000000004,
                0.06182961,
                0.058288570000000005,
                0.04608816,
                0.04983575,
                0.04933796,
                0.05716896,
                0.05381857,
                0.05440531,
                0.05353684,
                0.05277365,
                0.05019967,
                0.05107061,
                0.05299492,
                0.05468569,
                0.05724374,
                0.05252114,
                0.05366735
            ],
            [
                0.22115474,
                0.43942315000000004,
                0.12313668,
                0.025869049999999998,
                0,
                0.028621129999999998,
                0.02429994,
                0.027213579999999998,
                0.0318196,
                0.02578821,
                0.026434279999999998,
                0.025213239999999998,
                0.02484699,
                0.02608704,
                0.02235745,
                0.020416169999999997,
                0.02502236,
                0.026731659999999997,
                0.02675752,
                0.038577070000000005,
                0.03182809,
                0.03554472,
                0.03408875,
                0.04896862,
                0.0538751,
                0.05571811,
                0.05860221,
                0.06014917,
                0.06143106,
                0.05820376,
                0.059451380000000005,
                0.06334986000000001,
                0.059808820000000006,
                0.047608410000000004,
                0.051356,
                0.05085821,
                0.05868921,
                0.055338820000000004,
                0.05592556,
                0.05505709,
                0.0542939,
                0.05171992,
                0.05259086,
                0.05451517,
                0.05620594,
                0.05876399,
                0.05404139,
                0.0551876
            ],
            [
                0.22601515,
                0.44428356,
                0.12799708999999998,
                0.03072946,
                0.028621129999999998,
                0,
                0.026464889999999998,
                0.02937853,
                0.03398455,
                0.027953159999999998,
                0.02859923,
                0.027378189999999997,
                0.027011939999999998,
                0.028251989999999998,
                0.0245224,
                0.02258112,
                0.02718731,
                0.02889661,
                0.02892247,
                0.040742020000000004,
                0.03399304,
                0.03770967,
                0.0362537,
                0.05382902999999999,
                0.05873551,
                0.06057852,
                0.06346262,
                0.06500958,
                0.06629146999999999,
                0.06306417,
                0.06431179000000001,
                0.06821026999999999,
                0.06466923,
                0.05246882,
                0.056216409999999994,
                0.055718619999999996,
                0.06354962,
                0.06019923,
                0.060785969999999995,
                0.0599175,
                0.059154309999999995,
                0.05658033,
                0.05745127,
                0.05937558,
                0.06106635,
                0.0636244,
                0.0589018,
                0.06004801
            ],
            [
                0.22169396,
                0.43996237000000005,
                0.1236759,
                0.026408269999999998,
                0.02429994,
                0.026464889999999998,
                0,
                0.02435902,
                0.02896504,
                0.02293365,
                0.02357972,
                0.02235868,
                0.02199243,
                0.02323248,
                0.019502890000000002,
                0.01756161,
                0.0221678,
                0.0238771,
                0.02390296,
                0.03572251,
                0.02897353,
                0.03269016,
                0.031234190000000002,
                0.04950784,
                0.05441432,
                0.05625733,
                0.05914143,
                0.06068839,
                0.06197028,
                0.05874298,
                0.059990600000000005,
                0.06388908,
                0.060348040000000006,
                0.048147630000000004,
                0.05189522,
                0.05139743,
                0.05922843,
                0.055878040000000004,
                0.05646478,
                0.05559631,
                0.05483312,
                0.05225914,
                0.05313008,
                0.05505439,
                0.05674516,
                0.05930321,
                0.05458061,
                0.05572682
            ],
            [
                0.2246076,
                0.44287601000000004,
                0.12658954,
                0.02932191,
                0.027213579999999998,
                0.02937853,
                0.02435902,
                0,
                0.02188678,
                0.02584729,
                0.02649336,
                0.025272319999999997,
                0.024906069999999995,
                0.02614612,
                0.022416529999999997,
                0.02047525,
                0.025081439999999997,
                0.02679074,
                0.026816599999999996,
                0.03863615,
                0.03188717,
                0.035603800000000005,
                0.034147830000000004,
                0.05242147999999999,
                0.05732796,
                0.059170969999999996,
                0.06205507,
                0.06360203,
                0.06488392,
                0.061656619999999995,
                0.06290424,
                0.06680272,
                0.06326168,
                0.05106127,
                0.054808859999999994,
                0.054311069999999996,
                0.062142069999999994,
                0.05879168,
                0.059378419999999994,
                0.05850995,
                0.057746759999999994,
                0.05517278,
                0.05604372,
                0.05796803,
                0.0596588,
                0.06221685,
                0.05749425,
                0.05864046
            ],
            [
                0.22921361999999998,
                0.44748203000000003,
                0.13119556,
                0.03392793,
                0.0318196,
                0.03398455,
                0.02896504,
                0.02188678,
                0,
                0.03045331,
                0.031099380000000003,
                0.02987834,
                0.029512089999999998,
                0.03075214,
                0.02702255,
                0.025081270000000003,
                0.02968746,
                0.03139676,
                0.03142262,
                0.04324217,
                0.03649319,
                0.04020982000000001,
                0.038753850000000006,
                0.057027499999999995,
                0.06193398,
                0.06377699,
                0.06666109,
                0.06820804999999999,
                0.06948994,
                0.06626264,
                0.06751026,
                0.07140874,
                0.0678677,
                0.05566729,
                0.059414879999999996,
                0.05891709,
                0.06674809,
                0.0633977,
                0.06398444,
                0.06311597,
                0.06235278,
                0.0597788,
                0.06064974,
                0.06257404999999999,
                0.06426482,
                0.06682287,
                0.06210027,
                0.06324648
            ],
            [
                0.22318222999999998,
                0.44145064,
                0.12516417,
                0.027896539999999997,
                0.02578821,
                0.027953159999999998,
                0.02293365,
                0.02584729,
                0.03045331,
                0,
                0.02092131,
                0.02167525,
                0.021309,
                0.02254905,
                0.020991160000000002,
                0.019049879999999998,
                0.02365607,
                0.025365369999999998,
                0.02539123,
                0.03721078,
                0.0304618,
                0.03417843,
                0.03272246,
                0.05099611,
                0.05590259,
                0.0577456,
                0.0606297,
                0.06217666,
                0.06345855,
                0.06023125,
                0.061478870000000005,
                0.06537735,
                0.061836310000000005,
                0.049635900000000004,
                0.05338349,
                0.0528857,
                0.0607167,
                0.057366310000000004,
                0.05795305,
                0.05708458,
                0.05632139,
                0.05374741,
                0.05461835,
                0.05654266,
                0.05823343,
                0.06079148,
                0.05606888,
                0.05721509
            ],
            [
                0.22382829999999998,
                0.44209671,
                0.12581024,
                0.028542610000000003,
                0.026434279999999998,
                0.02859923,
                0.02357972,
                0.02649336,
                0.031099380000000003,
                0.02092131,
                0,
                0.02232132,
                0.02195507,
                0.02319512,
                0.02163723,
                0.01969595,
                0.02430214,
                0.02601144,
                0.0260373,
                0.037856850000000004,
                0.031107870000000003,
                0.0348245,
                0.03336853,
                0.051642179999999996,
                0.05654866,
                0.05839167,
                0.06127577,
                0.06282273,
                0.06410462,
                0.06087732,
                0.062124940000000003,
                0.06602342,
                0.062482380000000004,
                0.05028197,
                0.05402956,
                0.05353177,
                0.06136277,
                0.05801238,
                0.05859912,
                0.05773065,
                0.05696746,
                0.05439348,
                0.05526442,
                0.05718873,
                0.0588795,
                0.06143755,
                0.05671495,
                0.05786116
            ],
            [
                0.22260725999999997,
                0.44087567000000005,
                0.1245892,
                0.027321569999999996,
                0.025213239999999998,
                0.027378189999999997,
                0.02235868,
                0.025272319999999997,
                0.02987834,
                0.02167525,
                0.02232132,
                0,
                0.017023829999999997,
                0.01826388,
                0.02041619,
                0.018474909999999997,
                0.0230811,
                0.024790399999999997,
                0.02481626,
                0.036635810000000005,
                0.02988683,
                0.03360346,
                0.03214749,
                0.050421139999999996,
                0.05532762,
                0.05717063,
                0.06005473,
                0.06160169,
                0.06288358,
                0.05965628,
                0.060903900000000004,
                0.06480237999999999,
                0.061261340000000004,
                0.04906093,
                0.05280852,
                0.05231073,
                0.06014173,
                0.05679134,
                0.05737808,
                0.05650961,
                0.05574642,
                0.05317244,
                0.05404338,
                0.05596769,
                0.05765846,
                0.06021651,
                0.05549391,
                0.05664012
            ],
            [
                0.22224101,
                0.44050942000000004,
                0.12422295,
                0.026955319999999998,
                0.02484699,
                0.027011939999999998,
                0.02199243,
                0.024906069999999995,
                0.029512089999999998,
                0.021309,
                0.02195507,
                0.017023829999999997,
                0,
                0.00567615,
                0.02004994,
                0.01810866,
                0.022714849999999998,
                0.02442415,
                0.024450009999999998,
                0.03626956,
                0.029520579999999998,
                0.03323721,
                0.03178124,
                0.05005488999999999,
                0.054961369999999996,
                0.05680438,
                0.05968848,
                0.06123544,
                0.06251733,
                0.059290029999999994,
                0.06053765,
                0.06443613,
                0.06089509,
                0.048694680000000004,
                0.05244227,
                0.05194448,
                0.05977547999999999,
                0.05642509,
                0.05701183,
                0.05614336,
                0.05538016999999999,
                0.05280619,
                0.05367713,
                0.05560144,
                0.057292209999999996,
                0.05985026,
                0.055127659999999995,
                0.056273870000000004
            ],
            [
                0.22348105999999998,
                0.44174947000000003,
                0.125463,
                0.028195369999999997,
                0.02608704,
                0.028251989999999998,
                0.02323248,
                0.02614612,
                0.03075214,
                0.02254905,
                0.02319512,
                0.01826388,
                0.00567615,
                0,
                0.02128999,
                0.019348709999999998,
                0.0239549,
                0.025664199999999998,
                0.02569006,
                0.03750961,
                0.03076063,
                0.03447726,
                0.03302129,
                0.05129494,
                0.05620142,
                0.05804443,
                0.06092853,
                0.06247549,
                0.06375738,
                0.06053008,
                0.061777700000000005,
                0.06567618,
                0.062135140000000005,
                0.049934730000000004,
                0.05368232,
                0.05318453,
                0.06101553,
                0.057665140000000004,
                0.05825188,
                0.05738341,
                0.05662022,
                0.05404624,
                0.05491718,
                0.05684149,
                0.05853226,
                0.06109031,
                0.05636771,
                0.05751392
            ],
            [
                0.21975147,
                0.43801988000000003,
                0.12173341,
                0.02446578,
                0.02235745,
                0.0245224,
                0.019502890000000002,
                0.022416529999999997,
                0.02702255,
                0.020991160000000002,
                0.02163723,
                0.02041619,
                0.02004994,
                0.02128999,
                0,
                0.0123599,
                0.01696609,
                0.01867539,
                0.01870125,
                0.0305208,
                0.02377182,
                0.027488450000000005,
                0.026032480000000004,
                0.04756534999999999,
                0.05247183,
                0.05431484,
                0.057198940000000004,
                0.058745900000000004,
                0.06002779,
                0.056800489999999995,
                0.05804811,
                0.061946589999999996,
                0.05840555,
                0.046205140000000006,
                0.04995273,
                0.04945494,
                0.057285939999999994,
                0.05393555,
                0.05452229,
                0.053653820000000005,
                0.052890629999999994,
                0.050316650000000004,
                0.051187590000000005,
                0.053111900000000004,
                0.05480267,
                0.057360720000000004,
                0.05263812,
                0.053784330000000005
            ],
            [
                0.21781019,
                0.43607860000000004,
                0.11979213,
                0.0225245,
                0.020416169999999997,
                0.02258112,
                0.01756161,
                0.02047525,
                0.025081270000000003,
                0.019049879999999998,
                0.01969595,
                0.018474909999999997,
                0.01810866,
                0.019348709999999998,
                0.0123599,
                0,
                0.01166267,
                0.01337197,
                0.01339783,
                0.025217380000000005,
                0.018468400000000003,
                0.02218503,
                0.02072906,
                0.045624069999999996,
                0.05053055,
                0.05237356,
                0.05525766,
                0.05680462,
                0.05808651,
                0.05485921,
                0.05610683,
                0.06000531,
                0.056464270000000004,
                0.04426386,
                0.04801145,
                0.04751366,
                0.05534466,
                0.05199427,
                0.05258101,
                0.05171254,
                0.05094935,
                0.04837537,
                0.04924631,
                0.05117062,
                0.05286139,
                0.05541944,
                0.05069684,
                0.05184305
            ],
            [
                0.22241637999999997,
                0.44068479000000005,
                0.12439831999999999,
                0.02713069,
                0.02502236,
                0.02718731,
                0.0221678,
                0.025081439999999997,
                0.02968746,
                0.02365607,
                0.02430214,
                0.0230811,
                0.022714849999999998,
                0.0239549,
                0.01696609,
                0.01166267,
                0,
                0.01347718,
                0.01350304,
                0.025322590000000002,
                0.01857361,
                0.022290240000000003,
                0.020834270000000002,
                0.05023026,
                0.055136740000000004,
                0.056979749999999996,
                0.059863849999999996,
                0.061410809999999996,
                0.0626927,
                0.0594654,
                0.060713020000000006,
                0.0646115,
                0.06107046000000001,
                0.04887005,
                0.05261763999999999,
                0.052119849999999995,
                0.05995085,
                0.056600460000000005,
                0.057187199999999994,
                0.05631873,
                0.05555554,
                0.05298156,
                0.0538525,
                0.055776809999999996,
                0.057467580000000004,
                0.060025629999999996,
                0.05530303,
                0.05644924
            ],
            [
                0.22412568,
                0.44239409,
                0.12610762,
                0.028839990000000003,
                0.026731659999999997,
                0.02889661,
                0.0238771,
                0.02679074,
                0.03139676,
                0.025365369999999998,
                0.02601144,
                0.024790399999999997,
                0.02442415,
                0.025664199999999998,
                0.01867539,
                0.01337197,
                0.01347718,
                0,
                0.00823426,
                0.02156703,
                0.014818050000000001,
                0.01853468,
                0.017078710000000004,
                0.051939559999999996,
                0.05684604,
                0.05868905,
                0.06157315,
                0.06312011000000001,
                0.064402,
                0.0611747,
                0.06242232,
                0.0663208,
                0.06277976,
                0.05057935,
                0.05432694,
                0.05382915,
                0.06166015,
                0.05830976,
                0.0588965,
                0.05802803,
                0.05726484,
                0.05469086,
                0.0555618,
                0.05748611,
                0.05917688,
                0.06173493,
                0.05701233,
                0.05815854
            ],
            [
                0.22415153999999998,
                0.44241995,
                0.12613348,
                0.02886585,
                0.02675752,
                0.02892247,
                0.02390296,
                0.026816599999999996,
                0.03142262,
                0.02539123,
                0.0260373,
                0.02481626,
                0.024450009999999998,
                0.02569006,
                0.01870125,
                0.01339783,
                0.01350304,
                0.00823426,
                0,
                0.02159289,
                0.01484391,
                0.01856054,
                0.01710457,
                0.05196542,
                0.0568719,
                0.05871491,
                0.06159901,
                0.06314597,
                0.06442786,
                0.06120056,
                0.062448180000000006,
                0.06634666,
                0.06280562,
                0.050605210000000005,
                0.0543528,
                0.05385501,
                0.06168601,
                0.058335620000000005,
                0.05892236,
                0.058053890000000004,
                0.0572907,
                0.05471672,
                0.055587660000000004,
                0.05751197,
                0.059202740000000004,
                0.06176079,
                0.05703819,
                0.058184400000000004
            ],
            [
                0.23597109,
                0.4542395,
                0.13795303,
                0.040685400000000004,
                0.038577070000000005,
                0.040742020000000004,
                0.03572251,
                0.03863615,
                0.04324217,
                0.03721078,
                0.037856850000000004,
                0.036635810000000005,
                0.03626956,
                0.03750961,
                0.0305208,
                0.025217380000000005,
                0.025322590000000002,
                0.02156703,
                0.02159289,
                0,
                0.02280856,
                0.02652519,
                0.025069220000000003,
                0.06378497,
                0.06869145,
                0.07053446,
                0.07341856,
                0.07496552000000001,
                0.07624741,
                0.07302011,
                0.07426773,
                0.07816621,
                0.07462517,
                0.06242476,
                0.06617234999999999,
                0.06567455999999999,
                0.07350556,
                0.07015517,
                0.07074190999999999,
                0.06987344000000001,
                0.06911025,
                0.06653627000000001,
                0.06740721,
                0.06933152000000001,
                0.07102229,
                0.07358034,
                0.06885774,
                0.07000395000000001
            ],
            [
                0.22922210999999998,
                0.44749052,
                0.13120405,
                0.03393642,
                0.03182809,
                0.03399304,
                0.02897353,
                0.03188717,
                0.03649319,
                0.0304618,
                0.031107870000000003,
                0.02988683,
                0.029520579999999998,
                0.03076063,
                0.02377182,
                0.018468400000000003,
                0.01857361,
                0.014818050000000001,
                0.01484391,
                0.02280856,
                0,
                0.01612053,
                0.01466456,
                0.057035989999999995,
                0.06194247,
                0.06378548,
                0.06666958,
                0.06821653999999999,
                0.06949843,
                0.06627113,
                0.06751875,
                0.07141723,
                0.06787619,
                0.05567578,
                0.059423369999999996,
                0.05892558,
                0.06675658,
                0.06340619,
                0.06399293,
                0.06312446,
                0.062361269999999996,
                0.05978729,
                0.06065823,
                0.06258253999999999,
                0.06427331,
                0.06683136,
                0.06210876,
                0.06325497
            ],
            [
                0.23293873999999998,
                0.45120715,
                0.13492068000000002,
                0.03765305,
                0.03554472,
                0.03770967,
                0.03269016,
                0.035603800000000005,
                0.04020982000000001,
                0.03417843,
                0.0348245,
                0.03360346,
                0.03323721,
                0.03447726,
                0.027488450000000005,
                0.02218503,
                0.022290240000000003,
                0.01853468,
                0.01856054,
                0.02652519,
                0.01612053,
                0,
                0.01506603,
                0.06075262,
                0.0656591,
                0.06750211,
                0.07038621,
                0.07193317,
                0.07321506,
                0.06998776000000001,
                0.07123538000000001,
                0.07513386,
                0.07159282,
                0.05939241000000001,
                0.06314,
                0.06264221,
                0.07047321000000001,
                0.06712282,
                0.06770956,
                0.06684109,
                0.0660779,
                0.06350392,
                0.06437486,
                0.06629917,
                0.06798994,
                0.07054799,
                0.06582539000000001,
                0.0669716
            ],
            [
                0.23148277,
                0.44975118000000003,
                0.13346471,
                0.03619708,
                0.03408875,
                0.0362537,
                0.031234190000000002,
                0.034147830000000004,
                0.038753850000000006,
                0.03272246,
                0.03336853,
                0.03214749,
                0.03178124,
                0.03302129,
                0.026032480000000004,
                0.02072906,
                0.020834270000000002,
                0.017078710000000004,
                0.01710457,
                0.025069220000000003,
                0.01466456,
                0.01506603,
                0,
                0.05929665,
                0.06420313,
                0.06604614,
                0.06893024,
                0.0704772,
                0.07175909,
                0.06853179000000001,
                0.06977941000000001,
                0.07367789,
                0.07013685,
                0.057936440000000006,
                0.06168403,
                0.06118624,
                0.06901724000000001,
                0.06566685,
                0.06625359,
                0.06538512,
                0.06462193,
                0.062047950000000004,
                0.06291889,
                0.0648432,
                0.06653397,
                0.06909202,
                0.06436942000000001,
                0.06551563
            ],
            [
                0.22561356,
                0.44388197,
                0.1275955,
                0.04744837,
                0.04896862,
                0.05382902999999999,
                0.04950784,
                0.05242147999999999,
                0.057027499999999995,
                0.05099611,
                0.051642179999999996,
                0.050421139999999996,
                0.05005488999999999,
                0.05129494,
                0.04756534999999999,
                0.045624069999999996,
                0.05023026,
                0.051939559999999996,
                0.05196542,
                0.06378497,
                0.057035989999999995,
                0.06075262,
                0.05929665,
                0,
                0.03743396,
                0.039276969999999994,
                0.042161069999999995,
                0.043708029999999995,
                0.04498992,
                0.04176262,
                0.043010240000000005,
                0.04690872,
                0.043367680000000006,
                0.03116727,
                0.03491486,
                0.03441707,
                0.04224807,
                0.038897680000000004,
                0.03948442,
                0.038615949999999996,
                0.03785276,
                0.035278779999999996,
                0.036149719999999996,
                0.038074029999999995,
                0.0397648,
                0.042322849999999995,
                0.03760025,
                0.038746459999999996
            ],
            [
                0.23052003999999998,
                0.44878845,
                0.13250198,
                0.05235485,
                0.0538751,
                0.05873551,
                0.05441432,
                0.05732796,
                0.06193398,
                0.05590259,
                0.05654866,
                0.05532762,
                0.054961369999999996,
                0.05620142,
                0.05247183,
                0.05053055,
                0.055136740000000004,
                0.05684604,
                0.0568719,
                0.06869145,
                0.06194247,
                0.0656591,
                0.06420313,
                0.03743396,
                0,
                0.02645765,
                0.02934175,
                0.03783179,
                0.03911368,
                0.035886379999999996,
                0.037134,
                0.041032479999999996,
                0.03749144,
                0.03137421,
                0.035121799999999995,
                0.03462401,
                0.04245501,
                0.03910462,
                0.039691359999999995,
                0.03882289,
                0.0380597,
                0.03548572,
                0.03635666,
                0.03828097,
                0.03997174,
                0.04252979,
                0.03780719,
                0.0389534
            ],
            [
                0.23236305,
                0.45063146000000004,
                0.13434499,
                0.05419786,
                0.05571811,
                0.06057852,
                0.05625733,
                0.059170969999999996,
                0.06377699,
                0.0577456,
                0.05839167,
                0.05717063,
                0.05680438,
                0.05804443,
                0.05431484,
                0.05237356,
                0.056979749999999996,
                0.05868905,
                0.05871491,
                0.07053446,
                0.06378548,
                0.06750211,
                0.06604614,
                0.039276969999999994,
                0.02645765,
                0,
                0.02385856,
                0.039674799999999996,
                0.04095669,
                0.03772939,
                0.03897701,
                0.042875489999999995,
                0.03933445,
                0.03321722,
                0.03696481,
                0.03646702,
                0.044298019999999994,
                0.04094763,
                0.04153437,
                0.0406659,
                0.039902709999999994,
                0.03732873,
                0.03819967,
                0.04012398,
                0.04181475,
                0.0443728,
