{
    "NEXUS_FILE_URL": "http://purl.org/phylo/treebase/phylows/study/TB2:S13806",
    "NEWICK_TREE": "((1:0.092823,(2:0.070976,3:0.043247):0.00761):0.013428,((((23:0.0,24:0.0,25:9.2E-4):0.034267,((19:9.44E-4,20:0.0):0.001847,(21:0.001889,22:9.56E-4):0.004825):0.013409):0.009773,((26:0.003046,27:0.003723):0.010822,((18:0.006969,(16:0.001678,17:0.001551):0.003836):0.017584,(((11:9.88E-4,12:0.0):0.011537,(14:0.009767,(13:0.005269,15:0.0):0.003432):0.00289):0.002868,(8:0.006375,(7:0.005831,10:0.001879,(9:0.001398,(4:0.00193,5:0.001931,6:9.46E-4):0.001417):0.001376):0.003523):0.011927):0.005279):0.007856):0.003023):0.001964,((58:9.76E-4,(59:0.004833,60:0.002948):0.0044,((53:0.0,54:0.002218):0.003765,(57:0.004698,(55:0.0,56:0.003749):0.0):0.004836,(45:0.002289,46:0.0,47:0.0,48:0.004656,49:0.0,50:0.0,(51:0.002937,52:0.0):0.002166):0.012686):0.004353):0.011248,((41:0.0,42:9.6E-4,43:0.001,44:0.002529):0.00898,((38:0.0,(39:0.0,40:0.001042):3.37E-4):7.03E-4,(29:0.0,30:0.0,32:0.002997,(28:0.008993,31:0.002515):0.0):0.003901,(33:0.001061,34:0.0,35:0.005405,36:0.0,37:9.82E-4):9.9E-4):0.021418):0.009919):0.009335):0.013428);",
    "DISTANCE_MATRIX": [
        [
            0.0,
            0.171409,
            0.14368,
            0.165683,
            0.165683,
            0.166603,
            0.147616,
            0.146672,
            0.151539,
            0.15060600000000002,
            0.138534,
            0.139211,
            0.157075,
            0.15562,
            0.155493,
            0.153194,
            0.152206,
            0.153326,
            0.15226,
            0.14699099999999998,
            0.156103,
            0.159082,
            0.15513,
            0.156025,
            0.157974,
            0.157975,
            0.15699,
            0.141238,
            0.149495,
            0.14761,
            0.14838,
            0.150598,
            0.154149,
            0.149451,
            0.1532,
            0.15959,
            0.157301,
            0.157301,
            0.161957,
            0.157301,
            0.157301,
            0.162404,
            0.159467,
            0.147913,
            0.148873,
            0.148913,
            0.150442,
            0.161054,
            0.161391,
            0.162433,
            0.164252,
            0.164252,
            0.167249,
            0.17324499999999998,
            0.166767,
            0.162402,
            0.161341,
            0.166746,
            0.161341,
            0.162323
        ],
        [
            0.171409,
            0.0,
            0.11422299999999999,
            0.151446,
            0.151446,
            0.152366,
            0.133379,
            0.132435,
            0.137302,
            0.13636900000000002,
            0.12429699999999999,
            0.124974,
            0.142838,
            0.141383,
            0.141256,
            0.138957,
            0.137969,
            0.139089,
            0.138023,
            0.13275399999999998,
            0.141866,
            0.144845,
            0.140893,
            0.141788,
            0.143737,
            0.143738,
            0.142753,
            0.127001,
            0.135258,
            0.133373,
            0.134143,
            0.136361,
            0.139912,
            0.135214,
            0.138963,
            0.145353,
            0.143064,
            0.143064,
            0.14772,
            0.143064,
            0.143064,
            0.148167,
            0.14523,
            0.133676,
            0.134636,
            0.134676,
            0.136205,
            0.146817,
            0.147154,
            0.148196,
            0.150015,
            0.150015,
            0.153012,
            0.15900799999999998,
            0.15253,
            0.148165,
            0.147104,
            0.152509,
            0.147104,
            0.148086
        ],
        [
            0.14368,
            0.11422299999999999,
            0.0,
            0.123717,
            0.123717,
            0.124637,
            0.10565,
            0.104706,
            0.109573,
            0.10864,
            0.09656799999999999,
            0.097245,
            0.11510899999999999,
            0.113654,
            0.11352699999999999,
            0.111228,
            0.11024,
            0.11135999999999999,
            0.110294,
            0.105025,
            0.11413699999999999,
            0.117116,
            0.11316399999999999,
            0.114059,
            0.116008,
            0.116009,
            0.11502399999999999,
            0.099272,
            0.10752899999999999,
            0.10564399999999999,
            0.106414,
            0.10863199999999999,
            0.112183,
            0.107485,
            0.111234,
            0.117624,
            0.115335,
            0.115335,
            0.11999099999999999,
            0.115335,
            0.115335,
            0.12043799999999999,
            0.117501,
            0.10594699999999999,
            0.106907,
            0.10694699999999999,
            0.10847599999999999,
            0.119088,
            0.119425,
            0.12046699999999999,
            0.122286,
            0.122286,
            0.125283,
            0.13127899999999998,
            0.124801,
            0.12043599999999999,
            0.11937500000000001,
            0.12478,
            0.11937500000000001,
            0.12035699999999999
        ],
        [
            0.165683,
            0.151446,
            0.123717,
            0.0,
            0.0,
            0.00092,
            0.050467,
            0.049523,
            0.05439,
            0.053457000000000005,
            0.060931,
            0.061607999999999996,
            0.07947199999999999,
            0.078017,
            0.07788999999999999,
            0.07559099999999999,
            0.074603,
            0.07572299999999998,
            0.074657,
            0.06938799999999999,
            0.07849999999999999,
            0.081479,
            0.07752699999999998,
            0.07842199999999999,
            0.080371,
            0.080372,
            0.07938699999999999,
            0.067563,
            0.07582,
            0.073935,
            0.074705,
            0.07692299999999999,
            0.08047399999999999,
            0.075776,
            0.07952499999999998,
            0.08591499999999999,
            0.083626,
            0.083626,
            0.088282,
            0.083626,
            0.083626,
            0.088729,
            0.08579200000000001,
            0.074238,
            0.075198,
            0.075238,
            0.076767,
            0.08737899999999998,
            0.08771599999999999,
            0.088758,
            0.09057699999999999,
            0.09057699999999999,
            0.09357399999999999,
            0.09956999999999999,
            0.09309199999999998,
            0.088727,
            0.087666,
            0.09307099999999999,
            0.087666,
            0.088648
        ],
        [
            0.165683,
            0.151446,
            0.123717,
            0.0,
            0.0,
            0.00092,
            0.050467,
            0.049523,
            0.05439,
            0.053457000000000005,
            0.060931,
            0.061607999999999996,
            0.07947199999999999,
            0.078017,
            0.07788999999999999,
            0.07559099999999999,
            0.074603,
            0.07572299999999998,
            0.074657,
            0.06938799999999999,
            0.07849999999999999,
            0.081479,
            0.07752699999999998,
            0.07842199999999999,
            0.080371,
            0.080372,
            0.07938699999999999,
            0.067563,
            0.07582,
            0.073935,
            0.074705,
            0.07692299999999999,
            0.08047399999999999,
            0.075776,
            0.07952499999999998,
            0.08591499999999999,
            0.083626,
            0.083626,
            0.088282,
            0.083626,
            0.083626,
            0.088729,
            0.08579200000000001,
            0.074238,
            0.075198,
            0.075238,
            0.076767,
            0.08737899999999998,
            0.08771599999999999,
            0.088758,
            0.09057699999999999,
            0.09057699999999999,
            0.09357399999999999,
            0.09956999999999999,
            0.09309199999999998,
            0.088727,
            0.087666,
            0.09307099999999999,
            0.087666,
            0.088648
        ],
        [
            0.166603,
            0.152366,
            0.124637,
            0.00092,
            0.00092,
            0.0,
            0.051386999999999995,
            0.050442999999999995,
            0.05531,
            0.054376999999999995,
            0.061851,
            0.062528,
            0.08039199999999999,
            0.07893700000000001,
            0.07880999999999999,
            0.076511,
            0.075523,
            0.07664299999999999,
            0.075577,
            0.070308,
            0.07941999999999999,
            0.082399,
            0.07844699999999999,
            0.079342,
            0.081291,
            0.081292,
            0.08030699999999999,
            0.068483,
            0.07674,
            0.074855,
            0.075625,
            0.077843,
            0.081394,
            0.076696,
            0.08044499999999999,
            0.086835,
            0.08454600000000001,
            0.08454600000000001,
            0.089202,
            0.08454600000000001,
            0.08454600000000001,
            0.089649,
            0.08671200000000001,
            0.075158,
            0.076118,
            0.076158,
            0.077687,
            0.08829899999999999,
            0.08863599999999999,
            0.08967800000000001,
            0.091497,
            0.091497,
            0.094494,
            0.10049,
            0.09401199999999998,
            0.089647,
            0.088586,
            0.09399099999999999,
            0.088586,
            0.08956800000000001
        ],
        [
            0.147616,
            0.133379,
            0.10565,
            0.050467,
            0.050467,
            0.051386999999999995,
            0.0,
            0.000944,
            0.009505,
            0.008572,
            0.042864,
            0.043540999999999996,
            0.061405,
            0.05995,
            0.059823,
            0.05752399999999999,
            0.056536,
            0.057656,
            0.05659,
            0.051321,
            0.060433,
            0.063412,
            0.05946,
            0.06035499999999999,
            0.062304,
            0.062305,
            0.06132,
            0.049496,
            0.057753,
            0.055868,
            0.056638,
            0.058856,
            0.062407000000000004,
            0.057708999999999996,
            0.061458,
            0.067848,
            0.065559,
            0.065559,
            0.070215,
            0.065559,
            0.065559,
            0.070662,
            0.06772500000000001,
            0.056171,
            0.057131,
            0.057171,
            0.0587,
            0.069312,
            0.069649,
            0.070691,
            0.07251,
            0.07251,
            0.075507,
            0.08150299999999999,
            0.075025,
            0.07066,
            0.06959900000000001,
            0.075004,
            0.06959900000000001,
            0.070581
        ],
        [
            0.146672,
            0.132435,
            0.104706,
            0.049523,
            0.049523,
            0.050442999999999995,
            0.000944,
            0.0,
            0.008561000000000001,
            0.007628,
            0.04192,
            0.042597,
            0.060461,
            0.059006,
            0.058879,
            0.05658,
            0.055592,
            0.056712,
            0.055646,
            0.050377000000000005,
            0.059489,
            0.062468,
            0.058516,
            0.059411,
            0.06136,
            0.061361,
            0.060376,
            0.048552,
            0.056809,
            0.054924,
            0.05569400000000001,
            0.057912000000000005,
            0.061463000000000004,
            0.056764999999999996,
            0.060514,
            0.066904,
            0.064615,
            0.064615,
            0.069271,
            0.064615,
            0.064615,
            0.069718,
            0.06678100000000001,
            0.055227,
            0.056187,
            0.056227,
            0.057756,
            0.068368,
            0.068705,
            0.069747,
            0.071566,
            0.071566,
            0.074563,
            0.08055899999999999,
            0.074081,
            0.069716,
            0.06865500000000001,
            0.07406,
            0.06865500000000001,
            0.069637
        ],
        [
            0.151539,
            0.137302,
            0.109573,
            0.05439,
            0.05439,
            0.05531,
            0.009505,
            0.008561000000000001,
            0.0,
            0.0028450000000000003,
            0.046787,
            0.047464000000000006,
            0.065328,
            0.063873,
            0.063746,
            0.061447,
            0.060459000000000006,
            0.061578999999999995,
            0.060513000000000004,
            0.055244,
            0.064356,
            0.067335,
            0.063383,
            0.064278,
            0.066227,
            0.066228,
            0.065243,
            0.053418999999999994,
            0.061675999999999995,
            0.059791,
            0.060561000000000004,
            0.062779,
            0.06633,
            0.06163199999999999,
            0.065381,
            0.071771,
            0.069482,
            0.069482,
            0.074138,
            0.069482,
            0.069482,
            0.074585,
            0.071648,
            0.060093999999999995,
            0.061054,
            0.061093999999999996,
            0.062623,
            0.073235,
            0.073572,
            0.074614,
            0.076433,
            0.076433,
            0.07943,
            0.08542599999999999,
            0.07894799999999999,
            0.074583,
            0.073522,
            0.078927,
            0.073522,
            0.074504
        ],
        [
            0.15060600000000002,
            0.13636900000000002,
            0.10864,
            0.053457000000000005,
            0.053457000000000005,
            0.054376999999999995,
            0.008572,
            0.007628,
            0.0028450000000000003,
            0.0,
            0.045854000000000006,
            0.046531,
            0.06439500000000001,
            0.06294,
            0.06281300000000001,
            0.060514,
            0.05952600000000001,
            0.060646,
            0.05958000000000001,
            0.054311,
            0.06342300000000001,
            0.066402,
            0.06245,
            0.063345,
            0.06529399999999999,
            0.06529499999999999,
            0.06431,
            0.052486000000000005,
            0.060743000000000005,
            0.05885800000000001,
            0.059628,
            0.061846,
            0.06539700000000001,
            0.060699,
            0.064448,
            0.07083800000000001,
            0.068549,
            0.068549,
            0.07320499999999999,
            0.068549,
            0.068549,
            0.073652,
            0.070715,
            0.059161000000000005,
            0.06012100000000001,
            0.060161000000000006,
            0.06169000000000001,
            0.072302,
            0.07263900000000001,
            0.073681,
            0.07550000000000001,
            0.07550000000000001,
            0.07849700000000001,
            0.08449299999999998,
            0.078015,
            0.07365,
            0.07258900000000001,
            0.07799400000000001,
            0.07258900000000001,
            0.073571
        ],
        [
            0.138534,
            0.12429699999999999,
            0.09656799999999999,
            0.060931,
            0.060931,
            0.061851,
            0.042864,
            0.04192,
            0.046787,
            0.045854000000000006,
            0.0,
            0.006769000000000001,
            0.046277,
            0.044822,
            0.044695,
            0.042395999999999996,
            0.041408,
            0.042527999999999996,
            0.041462,
            0.036192999999999996,
            0.045305,
            0.048284,
            0.044331999999999996,
            0.045226999999999996,
            0.047175999999999996,
            0.047177,
            0.046192,
            0.040414,
            0.048671,
            0.046786,
            0.047556,
            0.049774,
            0.053325,
            0.048627,
            0.05237599999999999,
            0.058766,
            0.056477,
            0.056477,
            0.06113299999999999,
            0.056477,
            0.056477,
            0.061579999999999996,
            0.058643,
            0.047089,
            0.048049,
            0.048089,
            0.049618,
            0.06022999999999999,
            0.060566999999999996,
            0.061609,
            0.063428,
            0.063428,
            0.066425,
            0.07242099999999999,
            0.06594299999999999,
            0.061577999999999994,
            0.060517,
            0.065922,
            0.060517,
            0.061499
        ],
        [
            0.139211,
            0.124974,
            0.097245,
            0.061607999999999996,
            0.061607999999999996,
            0.062528,
            0.043540999999999996,
            0.042597,
            0.047464000000000006,
            0.046531,
            0.006769000000000001,
            0.0,
            0.046954,
            0.045499000000000005,
            0.045372,
            0.043073,
            0.042085000000000004,
            0.043205,
            0.042139,
            0.03687,
            0.045982,
            0.048961000000000005,
            0.045009,
            0.045904,
            0.047853,
            0.047854,
            0.046869,
            0.041091,
            0.049348,
            0.047463000000000005,
            0.048233,
            0.050450999999999996,
            0.054002,
            0.049304,
            0.053052999999999996,
            0.059443,
            0.057154,
            0.057154,
            0.06181,
            0.057154,
            0.057154,
            0.062257,
            0.059320000000000005,
            0.047766,
            0.048726000000000005,
            0.048766000000000004,
            0.050295000000000006,
            0.060906999999999996,
            0.061244,
            0.062286,
            0.064105,
            0.064105,
            0.067102,
            0.073098,
            0.06661999999999998,
            0.062255,
            0.061194000000000005,
            0.06659899999999999,
            0.061194000000000005,
            0.062176
        ],
        [
            0.157075,
            0.142838,
            0.11510899999999999,
            0.07947199999999999,
            0.07947199999999999,
            0.08039199999999999,
            0.061405,
            0.060461,
            0.065328,
            0.06439500000000001,
            0.046277,
            0.046954,
            0.0,
            0.012483000000000001,
            0.012356,
            0.045225,
            0.044237,
            0.045356999999999995,
            0.044291,
            0.039022,
            0.048133999999999996,
            0.051113,
            0.047160999999999995,
            0.048056,
            0.050004999999999994,
            0.050005999999999995,
            0.049020999999999995,
            0.058954999999999994,
            0.067212,
            0.065327,
            0.066097,
            0.068315,
            0.071866,
            0.06716799999999999,
            0.070917,
            0.077307,
            0.075018,
            0.075018,
            0.079674,
            0.075018,
            0.075018,
            0.080121,
            0.077184,
            0.06563,
            0.06659,
            0.06663,
            0.068159,
            0.078771,
            0.079108,
            0.08015,
            0.081969,
            0.081969,
            0.084966,
            0.09096199999999999,
            0.08448399999999999,
            0.080119,
            0.079058,
            0.084463,
            0.079058,
            0.08004
        ],
        [
            0.15562,
            0.141383,
            0.113654,
            0.078017,
            0.078017,
            0.07893700000000001,
            0.05995,
            0.059006,
            0.063873,
            0.06294,
            0.044822,
            0.045499000000000005,
            0.012483000000000001,
            0.0,
            0.003229,
            0.04377,
            0.042782,
            0.043902,
            0.042836,
            0.037567,
            0.046679,
            0.049658,
            0.045706,
            0.046601000000000004,
            0.048549999999999996,
            0.048551,
            0.047566,
            0.057499999999999996,
            0.065757,
            0.063872,
            0.064642,
            0.06686,
            0.070411,
            0.065713,
            0.069462,
            0.075852,
            0.073563,
            0.073563,
            0.078219,
            0.073563,
            0.073563,
            0.078666,
            0.075729,
            0.064175,
            0.065135,
            0.065175,
            0.066704,
            0.077316,
            0.077653,
            0.078695,
            0.080514,
            0.080514,
            0.083511,
            0.08950699999999999,
            0.08302899999999999,
            0.078664,
            0.077603,
            0.083008,
            0.077603,
            0.078585
        ],
        [
            0.155493,
            0.141256,
            0.11352699999999999,
            0.07788999999999999,
            0.07788999999999999,
            0.07880999999999999,
            0.059823,
            0.058879,
            0.063746,
            0.06281300000000001,
            0.044695,
            0.045372,
            0.012356,
            0.003229,
            0.0,
            0.043643,
            0.042655,
            0.043774999999999994,
            0.042709,
            0.03744,
            0.046551999999999996,
            0.049531,
            0.045578999999999995,
            0.046474,
            0.048422999999999994,
            0.048423999999999995,
            0.047438999999999995,
            0.05737299999999999,
            0.06563,
            0.063745,
            0.064515,
            0.066733,
            0.070284,
            0.06558599999999999,
            0.069335,
            0.075725,
            0.073436,
            0.073436,
            0.078092,
            0.073436,
            0.073436,
            0.078539,
            0.075602,
            0.064048,
            0.065008,
            0.065048,
            0.066577,
            0.077189,
            0.077526,
            0.078568,
            0.080387,
            0.080387,
            0.083384,
            0.08937999999999999,
            0.08290199999999999,
            0.078537,
            0.077476,
            0.082881,
            0.077476,
            0.078458
        ],
        [
            0.153194,
            0.138957,
            0.111228,
            0.07559099999999999,
            0.07559099999999999,
            0.076511,
            0.05752399999999999,
            0.05658,
            0.061447,
            0.060514,
            0.042395999999999996,
            0.043073,
            0.045225,
            0.04377,
            0.043643,
            0.0,
            0.000988,
            0.025182,
            0.024116,
            0.018847,
            0.033695,
            0.036674,
            0.032722,
            0.033617,
            0.035566,
            0.035567,
            0.034582,
            0.055074,
            0.063331,
            0.061446,
            0.062215999999999994,
            0.06443399999999999,
            0.06798499999999999,
            0.063287,
            0.06703599999999998,
            0.07342599999999999,
            0.071137,
            0.071137,
            0.075793,
            0.071137,
            0.071137,
            0.07624,
            0.07330300000000001,
            0.061749,
            0.062709,
            0.062749,
            0.064278,
            0.07488999999999998,
            0.07522699999999999,
            0.076269,
            0.07808799999999999,
            0.07808799999999999,
            0.08108499999999999,
            0.08708099999999999,
            0.08060299999999998,
            0.076238,
            0.075177,
            0.08058199999999999,
            0.075177,
            0.076159
        ],
        [
            0.152206,
            0.137969,
            0.11024,
            0.074603,
            0.074603,
            0.075523,
            0.056536,
            0.055592,
            0.060459000000000006,
            0.05952600000000001,
            0.041408,
            0.042085000000000004,
            0.044237,
            0.042782,
            0.042655,
            0.000988,
            0.0,
            0.024194,
            0.023128000000000003,
            0.017859,
            0.032707,
            0.035686,
            0.031734,
            0.032629000000000005,
            0.034578,
            0.034579,
            0.033594,
            0.054085999999999995,
            0.062342999999999996,
            0.060458,
            0.061228000000000005,
            0.063446,
            0.066997,
            0.06229899999999999,
            0.066048,
            0.072438,
            0.070149,
            0.070149,
            0.074805,
            0.070149,
            0.070149,
            0.075252,
            0.072315,
            0.060760999999999996,
            0.061721,
            0.061760999999999996,
            0.06329,
            0.073902,
            0.074239,
            0.075281,
            0.0771,
            0.0771,
            0.080097,
            0.08609299999999999,
            0.07961499999999999,
            0.07525,
            0.074189,
            0.079594,
            0.074189,
            0.075171
        ],
        [
            0.153326,
            0.139089,
            0.11135999999999999,
            0.07572299999999998,
            0.07572299999999998,
            0.07664299999999999,
            0.057656,
            0.056712,
            0.061578999999999995,
            0.060646,
            0.042527999999999996,
            0.043205,
            0.045356999999999995,
            0.043902,
            0.043774999999999994,
            0.025182,
            0.024194,
            0.0,
            0.018468,
            0.013198999999999999,
            0.033826999999999996,
            0.036806000000000005,
            0.032854,
            0.033749,
            0.035698,
            0.035699,
            0.034714,
            0.05520599999999999,
            0.06346299999999999,
            0.061577999999999994,
            0.062348,
            0.064566,
            0.068117,
            0.06341899999999999,
            0.06716799999999999,
            0.073558,
            0.071269,
            0.071269,
            0.07592499999999999,
            0.071269,
            0.071269,
            0.076372,
            0.073435,
            0.06188099999999999,
            0.062841,
            0.06288099999999999,
            0.06441,
            0.07502199999999999,
            0.075359,
            0.076401,
            0.07822,
            0.07822,
            0.081217,
            0.08721299999999998,
            0.08073499999999999,
            0.07637,
            0.075309,
            0.080714,
            0.075309,
            0.076291
        ],
        [
            0.15226,
            0.138023,
            0.110294,
            0.074657,
            0.074657,
            0.075577,
            0.05659,
            0.055646,
            0.060513000000000004,
            0.05958000000000001,
            0.041462,
            0.042139,
            0.044291,
            0.042836,
            0.042709,
            0.024116,
            0.023128000000000003,
            0.018468,
            0.0,
            0.005269,
            0.032761,
            0.03574,
            0.031788,
            0.032683000000000004,
            0.034631999999999996,
            0.034633,
            0.033648,
            0.054139999999999994,
            0.062396999999999994,
            0.060511999999999996,
            0.061282,
            0.0635,
            0.067051,
            0.06235299999999999,
            0.066102,
            0.072492,
            0.070203,
            0.070203,
            0.074859,
            0.070203,
            0.070203,
            0.075306,
            0.072369,
            0.060814999999999994,
            0.061775,
            0.061814999999999995,
            0.063344,
            0.073956,
            0.074293,
            0.075335,
            0.077154,
            0.077154,
            0.080151,
            0.08614699999999999,
            0.07966899999999999,
            0.075304,
            0.074243,
            0.079648,
            0.074243,
            0.075225
        ],
        [
            0.14699099999999998,
            0.13275399999999998,
            0.105025,
            0.06938799999999999,
            0.06938799999999999,
            0.070308,
            0.051321,
            0.050377000000000005,
            0.055244,
            0.054311,
            0.036192999999999996,
            0.03687,
            0.039022,
            0.037567,
            0.03744,
            0.018847,
            0.017859,
            0.013198999999999999,
            0.005269,
            0.0,
            0.027492,
            0.030471,
            0.026519,
            0.027414,
            0.029363,
            0.029364,
            0.028379,
            0.048871,
            0.057128,
            0.055243,
            0.056013,
            0.058231,
            0.061782000000000004,
            0.057083999999999996,
            0.060833,
            0.067223,
            0.064934,
            0.064934,
            0.06959,
            0.064934,
            0.064934,
            0.070037,
            0.0671,
            0.055546,
            0.056506,
            0.056546,
            0.058075,
            0.068687,
            0.069024,
            0.070066,
            0.071885,
            0.071885,
            0.074882,
            0.08087799999999999,
            0.0744,
            0.070035,
            0.06897400000000001,
            0.074379,
            0.06897400000000001,
            0.069956
        ],
        [
            0.156103,
            0.141866,
            0.11413699999999999,
            0.07849999999999999,
            0.07849999999999999,
            0.07941999999999999,
            0.060433,
            0.059489,
            0.064356,
            0.06342300000000001,
            0.045305,
            0.045982,
            0.048133999999999996,
            0.046679,
            0.046551999999999996,
            0.033695,
            0.032707,
            0.033826999999999996,
            0.032761,
            0.027492,
            0.0,
            0.015729,
            0.011777,
            0.012672,
            0.014620999999999999,
            0.014622,
            0.013637,
            0.05798299999999999,
            0.06624,
            0.064355,
            0.065125,
            0.067343,
            0.070894,
            0.06619599999999999,
            0.069945,
            0.076335,
            0.074046,
            0.074046,
            0.078702,
            0.074046,
            0.074046,
            0.079149,
            0.076212,
            0.064658,
            0.065618,
            0.065658,
            0.067187,
            0.077799,
            0.078136,
            0.079178,
            0.080997,
            0.080997,
            0.083994,
            0.08998999999999999,
            0.08351199999999999,
            0.079147,
            0.078086,
            0.083491,
            0.078086,
            0.079068
        ],
        [
            0.159082,
            0.144845,
            0.117116,
            0.081479,
            0.081479,
            0.082399,
            0.063412,
            0.062468,
            0.067335,
            0.066402,
            0.048284,
            0.048961000000000005,
            0.051113,
            0.049658,
            0.049531,
            0.036674,
            0.035686,
            0.036806000000000005,
            0.03574,
            0.030471,
            0.015729,
            0.0,
            0.00771,
            0.008605,
            0.010554000000000001,
            0.010555000000000002,
            0.00957,
            0.060962,
            0.069219,
            0.067334,
            0.068104,
            0.070322,
            0.073873,
            0.069175,
            0.07292399999999999,
            0.079314,
            0.07702500000000001,
            0.07702500000000001,
            0.081681,
            0.07702500000000001,
            0.07702500000000001,
            0.082128,
            0.07919100000000001,
            0.067637,
            0.068597,
            0.068637,
            0.070166,
            0.08077799999999999,
            0.08111499999999999,
            0.08215700000000001,
            0.083976,
            0.083976,
            0.086973,
            0.092969,
            0.08649099999999998,
            0.082126,
            0.081065,
            0.08646999999999999,
            0.081065,
            0.08204700000000001
        ],
        [
            0.15513,
            0.140893,
            0.11316399999999999,
            0.07752699999999998,
            0.07752699999999998,
            0.07844699999999999,
            0.05946,
            0.058516,
            0.063383,
            0.06245,
            0.044331999999999996,
            0.045009,
            0.047160999999999995,
            0.045706,
            0.045578999999999995,
            0.032722,
            0.031734,
            0.032854,
            0.031788,
            0.026519,
            0.011777,
            0.00771,
            0.0,
            0.004653,
            0.006602,
            0.006603000000000001,
            0.005618,
            0.05700999999999999,
            0.06526699999999999,
            0.063382,
            0.064152,
            0.06637,
            0.069921,
            0.06522299999999999,
            0.06897199999999999,
            0.075362,
            0.073073,
            0.073073,
            0.07772899999999999,
            0.073073,
            0.073073,
            0.078176,
            0.075239,
            0.06368499999999999,
            0.064645,
            0.06468499999999999,
            0.066214,
            0.07682599999999999,
            0.077163,
            0.078205,
            0.080024,
            0.080024,
            0.083021,
            0.08901699999999999,
            0.08253899999999999,
            0.078174,
            0.077113,
            0.082518,
            0.077113,
            0.078095
        ],
        [
            0.156025,
            0.141788,
            0.114059,
            0.07842199999999999,
            0.07842199999999999,
            0.079342,
            0.06035499999999999,
            0.059411,
            0.064278,
            0.063345,
            0.045226999999999996,
            0.045904,
            0.048056,
            0.046601000000000004,
            0.046474,
            0.033617,
            0.032629000000000005,
            0.033749,
            0.032683000000000004,
            0.027414,
            0.012672,
            0.008605,
            0.004653,
            0.0,
            0.004745,
            0.004746,
            0.003761,
            0.057905,
            0.066162,
            0.064277,
            0.065047,
            0.06726499999999999,
            0.07081599999999999,
            0.066118,
            0.06986699999999998,
            0.07625699999999999,
            0.073968,
            0.073968,
            0.078624,
            0.073968,
            0.073968,
            0.079071,
            0.07613400000000001,
            0.06458,
            0.06554,
            0.06558,
            0.067109,
            0.07772099999999998,
            0.07805799999999999,
            0.0791,
            0.08091899999999999,
            0.08091899999999999,
            0.08391599999999999,
            0.08991199999999999,
            0.08343399999999998,
            0.079069,
            0.078008,
            0.08341299999999999,
            0.078008,
            0.07899
        ],
        [
            0.157974,
            0.143737,
            0.116008,
            0.080371,
            0.080371,
            0.081291,
            0.062304,
            0.06136,
            0.066227,
            0.06529399999999999,
            0.047175999999999996,
            0.047853,
            0.050004999999999994,
            0.048549999999999996,
            0.048422999999999994,
            0.035566,
            0.034578,
            0.035698,
            0.034631999999999996,
            0.029363,
            0.014620999999999999,
            0.010554000000000001,
            0.006602,
            0.004745,
            0.0,
            0.003861,
            0.002876,
            0.05985399999999999,
            0.06811099999999999,
            0.066226,
            0.066996,
            0.069214,
            0.072765,
            0.06806699999999999,
            0.07181599999999999,
            0.078206,
            0.075917,
            0.075917,
            0.08057299999999999,
            0.075917,
            0.075917,
            0.08102,
            0.078083,
            0.06652899999999999,
            0.067489,
            0.06752899999999999,
            0.069058,
            0.07966999999999999,
            0.080007,
            0.081049,
            0.082868,
            0.082868,
            0.085865,
            0.09186099999999998,
            0.08538299999999999,
            0.08101799999999999,
            0.079957,
            0.085362,
            0.079957,
            0.080939
        ],
        [
            0.157975,
            0.143738,
            0.116009,
            0.080372,
            0.080372,
            0.081292,
            0.062305,
            0.061361,
            0.066228,
            0.06529499999999999,
            0.047177,
            0.047854,
            0.050005999999999995,
            0.048551,
            0.048423999999999995,
            0.035567,
            0.034579,
            0.035699,
            0.034633,
            0.029364,
            0.014622,
            0.010555000000000002,
            0.006603000000000001,
            0.004746,
            0.003861,
            0.0,
            0.0028770000000000002,
            0.05985499999999999,
            0.06811199999999999,
            0.066227,
            0.066997,
            0.069215,
            0.072766,
            0.06806799999999999,
            0.07181699999999999,
            0.078207,
            0.075918,
            0.075918,
