{
    "NEXUS_FILE_URL": "http://purl.org/phylo/treebase/phylows/study/TB2:S12410",
    "NEWICK_TREE": "(((1:14.251829547685995,(2:8.986882620125499,((3:3.306618051632004,(4:1.797022085024671,(5:0.9554378553900982,6:0.9554378553901905):0.8415842296345764):1.5095959666074323):4.467866447402999,((7:4.5215985373180985,8:4.5215985373180985):0.6908470135982974,(9:0.7889609644508226,10:0.7889609644508226):4.423484586465609):2.562038948118703):1.2123981210904002):5.264946927560098):6.923485636506504,(((11:9.365231773201703,(12:4.608242319029998,13:4.608242319029998):4.756989454171702):5.147573055661699,(14:10.441357258490603,((15:2.0203516137883,16:2.0203516137883):2.532955937993501,17:4.553307551781797):5.888049706708703):4.071447570372898):3.9824932110386015,(18:12.883507852969998,((19:0.8125534356974526,20:0.8125534356974526):2.122442005353051,21:2.934995441050379):9.9485124119193):5.611790186932499):2.6800171442900016):4.580617649836999,(((22:7.865602341150002,23:7.865602341150002):6.589109023776002,24:14.454711364926402):1.7925903477621556,25:16.247301712688557):9.508631121340844);",
    "DISTANCE_MATRIX": [
        [
            0.0,
            28.503659095371592,
            28.503659095371496,
            28.503659095371596,
            28.5036590953716,
            28.50365909537169,
            28.503659095371592,
            28.503659095371592,
            28.503659095371628,
            28.503659095371628,
            42.3506303683845,
            42.3506303683845,
            42.3506303683845,
            42.3506303683846,
            42.3506303683845,
            42.3506303683845,
            42.3506303683845,
            42.350630368385,
            42.3506303683848,
            42.3506303683848,
            42.35063036838468,
            51.511865668058505,
            51.511865668058505,
            51.5118656680589,
            51.5118656680589
        ],
        [
            28.503659095371592,
            0.0,
            17.973765240250902,
            17.973765240251,
            17.973765240251005,
            17.973765240251097,
            17.973765240250998,
            17.973765240250998,
            17.973765240251034,
            17.973765240251034,
            42.3506303683841,
            42.3506303683841,
            42.3506303683841,
            42.3506303683842,
            42.3506303683841,
            42.3506303683841,
            42.3506303683841,
            42.3506303683846,
            42.3506303683844,
            42.3506303683844,
            42.35063036838428,
            51.51186566805811,
            51.51186566805811,
            51.511865668058505,
            51.511865668058505
        ],
        [
            28.503659095371496,
            17.973765240250902,
            0.0,
            6.613236103264107,
            6.613236103264111,
            6.613236103264203,
            15.548968998070102,
            15.548968998070102,
            15.548968998070137,
            15.548968998070137,
            42.35063036838401,
            42.350630368384,
            42.350630368384,
            42.35063036838411,
            42.35063036838401,
            42.35063036838401,
            42.350630368384,
            42.3506303683845,
            42.35063036838431,
            42.35063036838431,
            42.35063036838419,
            51.51186566805801,
            51.51186566805801,
            51.511865668058405,
            51.511865668058405
        ],
        [
            28.503659095371596,
            17.973765240251,
            6.613236103264107,
            0.0,
            3.5940441700493455,
            3.594044170049438,
            15.548968998070201,
            15.548968998070201,
            15.548968998070237,
            15.548968998070237,
            42.35063036838411,
            42.3506303683841,
            42.3506303683841,
            42.35063036838421,
            42.35063036838411,
            42.35063036838411,
            42.3506303683841,
            42.3506303683846,
            42.35063036838441,
            42.35063036838441,
            42.35063036838429,
            51.51186566805811,
            51.51186566805811,
            51.511865668058505,
            51.511865668058505
        ],
        [
            28.5036590953716,
            17.973765240251005,
            6.613236103264111,
            3.5940441700493455,
            0.0,
            1.9108757107802887,
            15.548968998070205,
            15.548968998070205,
            15.54896899807024,
            15.54896899807024,
            42.35063036838412,
            42.35063036838411,
            42.35063036838411,
            42.350630368384216,
            42.35063036838412,
            42.35063036838412,
            42.35063036838411,
            42.35063036838461,
            42.350630368384415,
            42.350630368384415,
            42.35063036838429,
            51.51186566805811,
            51.51186566805811,
            51.511865668058505,
            51.511865668058505
        ],
        [
            28.50365909537169,
            17.973765240251097,
            6.613236103264203,
            3.594044170049438,
            1.9108757107802887,
            0.0,
            15.548968998070297,
            15.548968998070297,
            15.548968998070333,
            15.548968998070333,
            42.3506303683842,
            42.3506303683842,
            42.3506303683842,
            42.3506303683843,
            42.3506303683842,
            42.3506303683842,
            42.3506303683842,
            42.3506303683847,
            42.3506303683845,
            42.3506303683845,
            42.35063036838438,
            51.511865668058206,
            51.511865668058206,
            51.511865668058604,
            51.511865668058604
        ],
        [
            28.503659095371592,
            17.973765240250998,
            15.548968998070102,
            15.548968998070201,
            15.548968998070205,
            15.548968998070297,
            0.0,
            9.043197074636197,
            10.424891101832827,
            10.424891101832827,
            42.3506303683841,
            42.3506303683841,
            42.3506303683841,
            42.3506303683842,
            42.3506303683841,
            42.3506303683841,
            42.3506303683841,
            42.3506303683846,
            42.3506303683844,
            42.3506303683844,
            42.35063036838428,
            51.51186566805811,
            51.51186566805811,
            51.511865668058505,
            51.511865668058505
        ],
        [
            28.503659095371592,
            17.973765240250998,
            15.548968998070102,
            15.548968998070201,
            15.548968998070205,
            15.548968998070297,
            9.043197074636197,
            0.0,
            10.424891101832827,
            10.424891101832827,
            42.3506303683841,
            42.3506303683841,
            42.3506303683841,
            42.3506303683842,
            42.3506303683841,
            42.3506303683841,
            42.3506303683841,
            42.3506303683846,
            42.3506303683844,
            42.3506303683844,
            42.35063036838428,
            51.51186566805811,
            51.51186566805811,
            51.511865668058505,
            51.511865668058505
        ],
        [
            28.503659095371628,
            17.973765240251034,
            15.548968998070137,
            15.548968998070237,
            15.54896899807024,
            15.548968998070333,
            10.424891101832827,
            10.424891101832827,
            0.0,
            1.5779219289016453,
            42.350630368384145,
            42.35063036838414,
            42.35063036838414,
            42.350630368384245,
            42.350630368384145,
            42.350630368384145,
            42.35063036838414,
            42.350630368384635,
            42.350630368384444,
            42.350630368384444,
            42.350630368384316,
            51.511865668058135,
            51.511865668058135,
            51.51186566805853,
            51.51186566805853
        ],
        [
            28.503659095371628,
            17.973765240251034,
            15.548968998070137,
            15.548968998070237,
            15.54896899807024,
            15.548968998070333,
            10.424891101832827,
            10.424891101832827,
            1.5779219289016453,
            0.0,
            42.350630368384145,
            42.35063036838414,
            42.35063036838414,
            42.350630368384245,
            42.350630368384145,
            42.350630368384145,
            42.35063036838414,
            42.350630368384635,
            42.350630368384444,
            42.350630368384444,
            42.350630368384316,
            51.511865668058135,
            51.511865668058135,
            51.51186566805853,
            51.51186566805853
        ],
        [
            42.3506303683845,
            42.3506303683841,
            42.35063036838401,
            42.35063036838411,
            42.35063036838412,
            42.3506303683842,
            42.3506303683841,
            42.3506303683841,
            42.350630368384145,
            42.350630368384145,
            0.0,
            18.730463546403403,
            18.730463546403403,
            29.025609657726903,
            29.025609657726804,
            29.025609657726804,
            29.0256096577268,
            36.990596079804504,
            36.990596079804305,
            36.990596079804305,
            36.99059607980418,
            51.51186566805801,
            51.51186566805801,
            51.511865668058405,
            51.511865668058405
        ],
        [
            42.3506303683845,
            42.3506303683841,
            42.350630368384,
            42.3506303683841,
            42.35063036838411,
            42.3506303683842,
            42.3506303683841,
            42.3506303683841,
            42.35063036838414,
            42.35063036838414,
            18.730463546403403,
            0.0,
            9.216484638059995,
            29.0256096577269,
            29.0256096577268,
            29.0256096577268,
            29.025609657726797,
            36.9905960798045,
            36.990596079804305,
            36.990596079804305,
            36.99059607980418,
            51.51186566805801,
            51.51186566805801,
            51.511865668058405,
            51.511865668058405
        ],
        [
            42.3506303683845,
            42.3506303683841,
            42.350630368384,
            42.3506303683841,
            42.35063036838411,
            42.3506303683842,
            42.3506303683841,
            42.3506303683841,
            42.35063036838414,
            42.35063036838414,
            18.730463546403403,
            9.216484638059995,
            0.0,
            29.0256096577269,
            29.0256096577268,
            29.0256096577268,
            29.025609657726797,
            36.9905960798045,
            36.990596079804305,
            36.990596079804305,
            36.99059607980418,
            51.51186566805801,
            51.51186566805801,
            51.511865668058405,
            51.511865668058405
        ],
        [
            42.3506303683846,
            42.3506303683842,
            42.35063036838411,
            42.35063036838421,
            42.350630368384216,
            42.3506303683843,
            42.3506303683842,
            42.3506303683842,
            42.350630368384245,
            42.350630368384245,
            29.025609657726903,
            29.0256096577269,
            29.0256096577269,
            0.0,
            20.882714516981107,
            20.882714516981107,
            20.882714516981103,
            36.990596079804604,
            36.990596079804405,
            36.990596079804405,
            36.99059607980428,
            51.51186566805811,
            51.51186566805811,
            51.511865668058505,
            51.511865668058505
        ],
        [
            42.3506303683845,
            42.3506303683841,
            42.35063036838401,
            42.35063036838411,
            42.35063036838412,
            42.3506303683842,
            42.3506303683841,
            42.3506303683841,
            42.350630368384145,
            42.350630368384145,
            29.025609657726804,
            29.0256096577268,
            29.0256096577268,
            20.882714516981107,
            0.0,
            4.0407032275766,
            9.106615103563598,
            36.990596079804504,
            36.990596079804305,
            36.990596079804305,
            36.99059607980418,
            51.51186566805801,
            51.51186566805801,
            51.511865668058405,
            51.511865668058405
        ],
        [
            42.3506303683845,
            42.3506303683841,
            42.35063036838401,
            42.35063036838411,
            42.35063036838412,
            42.3506303683842,
            42.3506303683841,
            42.3506303683841,
            42.350630368384145,
            42.350630368384145,
            29.025609657726804,
            29.0256096577268,
            29.0256096577268,
            20.882714516981107,
            4.0407032275766,
            0.0,
            9.106615103563598,
            36.990596079804504,
            36.990596079804305,
            36.990596079804305,
            36.99059607980418,
            51.51186566805801,
            51.51186566805801,
            51.511865668058405,
            51.511865668058405
        ],
        [
            42.3506303683845,
            42.3506303683841,
            42.350630368384,
            42.3506303683841,
            42.35063036838411,
            42.3506303683842,
            42.3506303683841,
            42.3506303683841,
            42.35063036838414,
            42.35063036838414,
            29.0256096577268,
            29.025609657726797,
            29.025609657726797,
            20.882714516981103,
            9.106615103563598,
            9.106615103563598,
            0.0,
            36.9905960798045,
            36.990596079804305,
            36.990596079804305,
            36.99059607980418,
            51.51186566805801,
            51.51186566805801,
            51.511865668058405,
            51.511865668058405
        ],
        [
            42.350630368385,
            42.3506303683846,
            42.3506303683845,
            42.3506303683846,
            42.35063036838461,
            42.3506303683847,
            42.3506303683846,
            42.3506303683846,
            42.350630368384635,
            42.350630368384635,
            36.990596079804504,
            36.9905960798045,
            36.9905960798045,
            36.990596079804604,
            36.990596079804504,
            36.990596079804504,
            36.9905960798045,
            0.0,
            25.7670157059398,
            25.7670157059398,
            25.767015705939677,
            51.511865668058505,
            51.511865668058505,
            51.5118656680589,
            51.5118656680589
        ],
        [
            42.3506303683848,
            42.3506303683844,
            42.35063036838431,
            42.35063036838441,
            42.350630368384415,
            42.3506303683845,
            42.3506303683844,
            42.3506303683844,
            42.350630368384444,
            42.350630368384444,
            36.990596079804305,
            36.990596079804305,
            36.990596079804305,
            36.990596079804405,
            36.990596079804305,
            36.990596079804305,
            36.990596079804305,
            25.7670157059398,
            0.0,
            1.6251068713949053,
            5.869990882100883,
            51.511865668058306,
            51.511865668058306,
            51.511865668058704,
            51.511865668058704
        ],
        [
            42.3506303683848,
            42.3506303683844,
            42.35063036838431,
            42.35063036838441,
            42.350630368384415,
            42.3506303683845,
            42.3506303683844,
            42.3506303683844,
            42.350630368384444,
            42.350630368384444,
            36.990596079804305,
            36.990596079804305,
            36.990596079804305,
            36.990596079804405,
            36.990596079804305,
            36.990596079804305,
            36.990596079804305,
            25.7670157059398,
            1.6251068713949053,
            0.0,
            5.869990882100883,
            51.511865668058306,
            51.511865668058306,
            51.511865668058704,
            51.511865668058704
        ],
        [
            42.35063036838468,
            42.35063036838428,
            42.35063036838419,
            42.35063036838429,
            42.35063036838429,
            42.35063036838438,
            42.35063036838428,
            42.35063036838428,
            42.350630368384316,
            42.350630368384316,
            36.99059607980418,
            36.99059607980418,
            36.99059607980418,
            36.99059607980428,
            36.99059607980418,
            36.99059607980418,
            36.99059607980418,
            25.767015705939677,
            5.869990882100883,
            5.869990882100883,
            0.0,
            51.51186566805818,
            51.51186566805818,
            51.511865668058576,
            51.511865668058576
        ],
        [
            51.511865668058505,
            51.51186566805811,
            51.51186566805801,
            51.51186566805811,
            51.51186566805811,
            51.511865668058206,
            51.51186566805811,
            51.51186566805811,
            51.511865668058135,
            51.511865668058135,
            51.51186566805801,
            51.51186566805801,
            51.51186566805801,
            51.51186566805811,
            51.51186566805801,
            51.51186566805801,
            51.51186566805801,
            51.511865668058505,
            51.511865668058306,
            51.511865668058306,
            51.51186566805818,
            0.0,
            15.731204682300003,
            28.909422729852405,
            32.49460342537672
        ],
        [
            51.511865668058505,
            51.51186566805811,
            51.51186566805801,
            51.51186566805811,
            51.51186566805811,
            51.511865668058206,
            51.51186566805811,
            51.51186566805811,
            51.511865668058135,
            51.511865668058135,
            51.51186566805801,
            51.51186566805801,
            51.51186566805801,
            51.51186566805811,
            51.51186566805801,
            51.51186566805801,
            51.51186566805801,
            51.511865668058505,
            51.511865668058306,
            51.511865668058306,
            51.51186566805818,
            15.731204682300003,
            0.0,
            28.909422729852405,
            32.49460342537672
        ],
        [
            51.5118656680589,
            51.511865668058505,
            51.511865668058405,
            51.511865668058505,
            51.511865668058505,
            51.511865668058604,
            51.511865668058505,
            51.511865668058505,
            51.51186566805853,
            51.51186566805853,
            51.511865668058405,
            51.511865668058405,
            51.511865668058405,
            51.511865668058505,
            51.511865668058405,
            51.511865668058405,
            51.511865668058405,
            51.5118656680589,
            51.511865668058704,
            51.511865668058704,
            51.511865668058576,
            28.909422729852405,
            28.909422729852405,
            0.0,
            32.494603425377115
        ],
        [
            51.5118656680589,
            51.511865668058505,
            51.511865668058405,
            51.511865668058505,
            51.511865668058505,
            51.511865668058604,
            51.511865668058505,
            51.511865668058505,
            51.51186566805853,
            51.51186566805853,
            51.511865668058405,
            51.511865668058405,
            51.511865668058405,
            51.511865668058505,
            51.511865668058405,
            51.511865668058405,
            51.511865668058405,
            51.5118656680589,
            51.511865668058704,
            51.511865668058704,
            51.511865668058576,
            32.49460342537672,
            32.49460342537672,
            32.494603425377115,
            0.0
        ]
    ],
    "NODE_MAPPING": {
        "0": "1",
        "1": "2",
        "2": "3",
        "3": "4",
        "4": "5",
        "5": "6",
        "6": "7",
        "7": "8",
        "8": "9",
        "9": "10",
        "10": "11",
        "11": "12",
        "12": "13",
        "13": "14",
        "14": "15",
        "15": "16",
        "16": "17",
        "17": "18",
        "18": "19",
        "19": "20",
        "20": "21",
        "21": "22",
        "22": "23",
        "23": "24",
        "24": "25"
    }
}