{
    "NEXUS_FILE_URL": "http://purl.org/phylo/treebase/phylows/study/TB2:S15857",
    "NEWICK_TREE": "(1:8.689658343761143E-4,2:0.00210726853434812,((((3:0.006179987247605781,28:0.004616127794764603,65:0.006730779875715916):0.03133374405068507,(((((5:0.01183247127709013,59:0.01441201091709757):0.0203369524985726,12:0.04705663666778259):0.00226913149540717,50:0.00854627256737321):0.02970712109017754,(((((19:0.003840892428656333,20:0.00491423225973006):0.00232884637630451,33:0.002256603100791478):0.002634032242763931,41:0.00732008391384052):0.002455145433645775,62:0.008195307648031946):0.01493808372295153,((43:9.137402591117417E-4,44:0.003391512070839657):0.009058515198922411,66:0.01009190753078198,67:0.004156241088896914):0.01084669185248941):0.09572291943531955):0.0153489105426323,((24:0.003410791607052271,25:0.008586859031272213):0.03293945303312338,36:0.02827955932134753):0.06696989781437673):0.03472329957956395):0.009887506660702244,(((((((4:0.003791405130828269,37:0.01204039635849289):0.003670644885202774,69:0.003701147385031861):0.002326196602737086,10:0.01846176158911571):0.01966171273636876,((11:0.001512610086146094,23:0.001260382466875481):0.01510475037566163,(60:0.007687295947736456,61:0.002037548475222395):0.01493100931489122):0.00646581415042353):0.01053927253082834,(((6:0.04043008653573042,(14:0.02663831463845242,39:0.04422426191279552):0.0293060608548637):0.07686921039638893,51:0.02064648419336806):0.007949866621265459,16:0.007378721326476813,27:0.02467072057536852,(34:0.00674908035785332,35:0.01468636529466994):0.01821470629442739):0.007551814819938322):0.01395474373018181,40:0.0312093077552663):0.01085314026889925,(((((7:0.005659383568459716,72:0.01299967858575691):0.02059284002370162,((29:0.009930553529134214,(31:0.004053155742773053,45:0.00676230929285871):0.002902357132480331):0.006172269449574437,56:0.01432015833260821):0.004313325267003522):0.01017554841424128,((32:0.01985227720957599,64:0.001196287654383254):0.006011197370084822,71:0.01203600229376101):0.00959727834910196,(52:0.002132814952882242,53:0.001914671925780427):0.01918978954961752,54:0.003108347526929594):0.03480622010990871,((((((8:0.002139016327487326,22:0.003494644573006693):0.01082818888867463,13:0.006545261975458529):0.002203339438913258,68:0.00358893728648847):0.002701103507223026,18:0.01612291580992184):0.01725699769260478,((15:0.07628585116533577,55:0.04844702064452838):0.007196932879870216,(30:0.02108887365735745,47:0.006942393098431303):0.01929379922856725):0.006911752355776456):0.008009521114425582,((9:0.03198072314523374,((17:0.01692675176133792,26:0.01685092181457017):0.002415188485978677,(21:0.02020329314658237,(38:0.007499792765846766,46:0.005059050104969179):0.004466418750466055):0.003676740102038512):0.0078131715530141,((42:0.02223547482158625,49:0.002664442343487753):0.008721078858354962,48:0.01393375994376537):0.003788296213099982,63:0.02615411142806764):0.005366516872307872,((57:0.005940018305245794,58:0.003505993472782595):0.004211817782628063,70:0.009483806118921894):0.02112844469060706):0.008714595387563395):0.06022170114857646):0.02576430589659738,(75:0.02857411004414716,76:0.0271898180087606):0.03627745567490438):0.008791359867632383):0.03781334995196512):0.05378062384651112,(73:0.02530547726688263,74:0.01156216868534673):0.03096435282664613):0.05526104820890913);",
    "DISTANCE_MATRIX": [
        [
            0,
            0.002976234368724234,
            0.15731187584878947,
            0.15574801639594832,
            0.15786266847689961,
            0.2340160310339423,
            0.23659557067394976,
            0.2489032439260621,
            0.2081237483302456,
            0.29179027431233645,
            0.29286361414341017,
            0.2878771386081671,
            0.2903065871784522,
            0.28872666547899783,
            0.28641222141853795,
            0.2888899932302659,
            0.2865318734912858,
            0.2805962070494007,
            0.2578415865846149,
            0.26301765400883487,
            0.24977090126578683,
            0.21252110372680777,
            0.22077009495447242,
            0.20876020109580862,
            0.22119461869715534,
            0.20615431898390213,
            0.20590209136463156,
            0.2121552637847221,
            0.20650551631220804,
            0.3053328502141657,
            0.3208471391717514,
            0.3384330864460945,
            0.20868003747541441,
            0.18746240798725766,
            0.2047544072361494,
            0.20504747331306156,
            0.21298475824987823,
            0.18978643586592703,
            0.25351364572230256,
            0.2608539407395998,
            0.24767757037585342,
            0.2447025297219726,
            0.24741168327205826,
            0.24589490572975298,
            0.25254662664466276,
            0.23389063708947,
            0.23871915435876295,
            0.23840847821839972,
            0.2381903351912979,
            0.22019422124282956,
            0.2856395217238963,
            0.28699514996941566,
            0.2792175784831929,
            0.2740579143553096,
            0.2838907893715199,
            0.3409054122699758,
            0.3130665817491684,
            0.2978053011106944,
            0.2836588205517683,
            0.2885631901596727,
            0.28373757881476963,
            0.2836617488680019,
            0.28827567181607394,
            0.2800385901858044,
            0.27759784752492683,
            0.29132731690748015,
            0.27175628442938166,
            0.2743045231713043,
            0.2827365784425066,
            0.282496230920612,
            0.2800622060881488,
            0.28182820095166006,
            0.2213669134284454,
            0.21998262139305885,
            0.112399844136814,
            0.0986565355552781
        ],
        [
            0.002976234368724234,
            0,
            0.15855017854876147,
            0.1569863190959203,
            0.1591009711768716,
            0.2352543337339143,
            0.23783387337392176,
            0.2501415466260341,
            0.2093620510302176,
            0.29302857701230844,
            0.29410191684338216,
            0.2891154413081391,
            0.2915448898784242,
            0.28996496817896983,
            0.28765052411850994,
            0.29012829593023787,
            0.2877701761912578,
            0.2818345097493727,
            0.2590798892845869,
            0.26425595670880686,
            0.2510092039657588,
            0.21375940642677976,
            0.2220083976544444,
            0.2099985037957806,
            0.22243292139712734,
            0.20739262168387412,
            0.20714039406460355,
            0.2133935664846941,
            0.20774381901218003,
            0.30657115291413767,
            0.3220854418717234,
            0.3396713891460665,
            0.2099183401753864,
            0.18870071068722966,
            0.2059927099361214,
            0.20628577601303355,
            0.21422306094985022,
            0.19102473856589902,
            0.25475194842227455,
            0.26209224343957177,
            0.2489158730758254,
            0.2459408324219446,
            0.24864998597203025,
            0.24713320842972497,
            0.25378492934463476,
            0.235128939789442,
            0.23995745705873495,
            0.23964678091837172,
            0.2394286378912699,
            0.22143252394280155,
            0.2868778244238683,
            0.28823345266938766,
            0.2804558811831649,
            0.27529621705528157,
            0.2851290920714919,
            0.3421437149699478,
            0.3143048844491404,
            0.2990436038106664,
            0.28489712325174027,
            0.2898014928596447,
            0.2849758815147416,
            0.2849000515679739,
            0.28951397451604594,
            0.2812768928857764,
            0.2788361502248988,
            0.29256561960745214,
            0.27299458712935365,
            0.2755428258712763,
            0.2839748811424786,
            0.283734533620584,
            0.2813005087881208,
            0.28306650365163205,
            0.22260521612841738,
            0.22122092409303085,
            0.11363814683678601,
            0.09989483825525011
        ],
        [
            0.15731187584878947,
            0.15855017854876147,
            0,
            0.010796115042370383,
            0.012910767123321697,
            0.15173161778173452,
            0.15431115742174198,
            0.16661883067385438,
            0.12583933507803785,
            0.20950586106012872,
            0.21057920089120244,
            0.20559272535595938,
            0.20802217392624447,
            0.2064422522267901,
            0.20412780816633022,
            0.20660557997805815,
            0.20424746023907805,
            0.19831179379719296,
            0.1755571733324072,
            0.18073324075662714,
            0.16748648801357907,
            0.1500117037960045,
            0.15826069502366913,
            0.14625080116500533,
            0.15868521876635208,
            0.14364491905309887,
            0.14339269143382827,
            0.14964586385391881,
            0.14399611638140475,
            0.2428234502833624,
            0.25833773924094805,
            0.2759236865152912,
            0.14617063754461113,
            0.1249530080564544,
            0.14224500730534612,
            0.1425380733822583,
            0.15047535831907494,
            0.12727703593512377,
            0.1910042457914993,
            0.19834454080879652,
            0.18516817044505016,
            0.1821931297911693,
            0.18490228334125497,
            0.1833855057989497,
            0.19003722671385948,
            0.1713812371586667,
            0.17620975442795966,
            0.17589907828759646,
            0.17568093526049464,
            0.15768482131202627,
            0.22313012179309302,
            0.2244857500386124,
            0.2167081785523896,
            0.21154851442450628,
            0.22138138944071664,
            0.27839601233917244,
            0.25055718181836506,
            0.23529590117989116,
            0.22114942062096501,
            0.22605379022886943,
            0.22122817888396637,
            0.22115234893719862,
            0.22576627188527068,
            0.21752919025500114,
            0.21508844759412354,
            0.2288179169766769,
            0.2092468844985784,
            0.21179512324050107,
            0.22022717851170334,
            0.21998683098980873,
            0.21755280615734554,
            0.2193188010208568,
            0.15885751349764213,
            0.15747322146225556,
            0.15745169189903296,
            0.14370838331749708
        ],
        [
            0.15574801639594832,
            0.1569863190959203,
            0.010796115042370383,
            0,
            0.011346907670480518,
            0.15016775832889334,
            0.1527472979689008,
            0.1650549712210132,
            0.12427547562519667,
            0.20794200160728754,
            0.20901534143836126,
            0.2040288659031182,
            0.2064583144734033,
            0.20487839277394893,
            0.20256394871348904,
            0.20504172052521696,
            0.20268360078623687,
            0.19674793434435178,
            0.17399331387956601,
            0.17916938130378596,
            0.1659226285607379,
            0.14844784434316333,
            0.15669683557082797,
            0.14468694171216417,
            0.1571213593135109,
            0.1420810596002577,
            0.1418288319809871,
            0.14808200440107766,
            0.1424322569285636,
            0.24125959083052123,
            0.2567738797881069,
            0.27435982706245,
            0.14460677809176997,
            0.12338914860361323,
            0.14068114785250496,
            0.1409742139294171,
            0.14891149886623378,
            0.12571317648228258,
            0.18944038633865812,
            0.19678068135595533,
            0.18360431099220897,
            0.18062927033832815,
            0.18333842388841382,
            0.18182164634610853,
            0.18847336726101832,
            0.16981737770582556,
            0.1746458949751185,
            0.17433521883475528,
            0.17411707580765345,
            0.15612096185918511,
            0.22156626234025184,
            0.22292189058577122,
            0.21514431909954845,
            0.20998465497166513,
            0.21981752998787546,
            0.2768321528863313,
            0.2489933223655239,
            0.23373204172704998,
            0.21958556116812383,
            0.22448993077602825,
            0.2196643194311252,
            0.21958848948435744,
            0.2242024124324295,
            0.21596533080215996,
            0.2135245881412824,
            0.2272540575238357,
            0.2076830250457372,
            0.21023126378765988,
            0.21866331905886216,
            0.21842297153696755,
            0.21598894670450436,
            0.21775494156801561,
            0.15729365404480095,
            0.1559093620094144,
            0.1558878324461918,
            0.14214452386465593
        ],
        [
            0.15786266847689961,
            0.1591009711768716,
            0.012910767123321697,
            0.011346907670480518,
            0,
            0.15228241040984467,
            0.15486195004985212,
            0.1671696233019645,
            0.126390127706148,
            0.21005665368823884,
            0.21112999351931255,
            0.2061435179840695,
            0.2085729665543546,
            0.20699304485490022,
            0.20467860079444034,
            0.20715637260616826,
            0.20479825286718817,
            0.19886258642530308,
            0.1761079659605173,
            0.18128403338473725,
            0.1680372806416892,
            0.15056249642411465,
            0.15881148765177927,
            0.14680159379311547,
            0.15923601139446222,
            0.144195711681209,
            0.1439434840619384,
            0.15019665648202896,
            0.1445469090095149,
            0.24337424291147255,
            0.25888853186905825,
            0.2764744791434013,
            0.14672143017272127,
            0.12550380068456454,
            0.14279579993345626,
            0.14308886601036844,
            0.15102615094718508,
            0.1278278285632339,
            0.19155503841960944,
            0.19889533343690666,
            0.1857189630731603,
            0.18274392241927945,
            0.1854530759693651,
            0.18393629842705983,
            0.19058801934196962,
            0.17193202978677685,
            0.1767605470560698,
            0.1764498709157066,
            0.17623172788860478,
            0.1582356139401364,
            0.22368091442120316,
            0.22503654266672254,
            0.21725897118049975,
            0.21209930705261643,
            0.22193218206882678,
            0.27894680496728264,
            0.25110797444647526,
            0.2358466938080013,
            0.22170021324907516,
            0.22660458285697957,
            0.2217789715120765,
            0.22170314156530876,
            0.22631706451338082,
            0.21807998288311128,
            0.21563924022223369,
            0.22936870960478703,
            0.20979767712668854,
            0.2123459158686112,
            0.22077797113981348,
            0.22053762361791887,
            0.21810359878545568,
            0.21986959364896694,
            0.15940830612575227,
            0.1580240140903657,
            0.1580024845271431,
            0.14425917594560722
        ],
        [
            0.2340160310339423,
            0.2352543337339143,
            0.15173161778173452,
            0.15016775832889334,
            0.15228241040984467,
            0,
            0.0262444821941877,
            0.07922606044344532,
            0.04298482783844311,
            0.18606559600088907,
            0.18713893583196278,
            0.1821524602967197,
            0.18458190886700482,
            0.18300198716755045,
            0.18068754310709054,
            0.18316531491881846,
            0.18080719517983837,
            0.1748715287379533,
            0.18281472935843213,
            0.18799079678265207,
            0.17474404403960397,
            0.22671585898115734,
            0.23496485020882196,
            0.22295495635015816,
            0.23538937395150492,
            0.2203490742382517,
            0.2200968466189811,
            0.22635001903907165,
            0.22070027156655758,
            0.3195276054685152,
            0.3350418944261009,
            0.35262784170044403,
            0.22287479272976396,
            0.20165716324160723,
            0.21894916249049895,
            0.21924222856741113,
            0.22717951350422777,
            0.2039811911202766,
            0.26770840097665216,
            0.2750486959939493,
            0.261872325630203,
            0.25889728497632214,
            0.2616064385264078,
            0.2600896609841025,
            0.2667413818990123,
            0.24808539234381954,
            0.2529139096131125,
            0.25260323347274927,
            0.2523850904456475,
            0.2343889764971791,
            0.29983427697824583,
            0.3011899052237652,
            0.29341233373754244,
            0.2882526696096591,
            0.29808554462586945,
            0.35510016752432527,
            0.3272613370035179,
            0.312000056365044,
            0.2978535758061178,
            0.30275794541402223,
            0.29793233406911923,
            0.29785650412235143,
            0.3024704270704235,
            0.294233345440154,
            0.2917926027792764,
            0.3055220721618297,
            0.28595103968373126,
            0.2884992784256539,
            0.2969313336968562,
            0.2966909861749616,
            0.29425696134249835,
            0.2960229562060096,
            0.23556166868279496,
            0.2341773766474084,
            0.2341558470841858,
            0.2204125385026499
        ],
        [
            0.23659557067394976,
            0.23783387337392176,
            0.15431115742174198,
            0.1527472979689008,
            0.15486195004985212,
            0.0262444821941877,
            0,
            0.08180560008345275,
            0.045564367478450545,
            0.18864513564089652,
            0.18971847547197024,
            0.18473199993672712,
            0.18716144850701225,
            0.1855815268075579,
            0.18326708274709796,
            0.1857448545588259,
            0.1833867348198458,
            0.17745106837796076,
            0.18539426899843958,
            0.19057033642265953,
            0.17732358367961143,
            0.2292953986211648,
            0.23754438984882942,
            0.22553449599016562,
            0.23796891359151237,
            0.22292861387825916,
            0.22267638625898856,
            0.2289295586790791,
            0.22327981120656504,
            0.3221071451085227,
            0.33762143406610834,
            0.3552073813404515,
            0.22545433236977142,
            0.2042367028816147,
            0.2215287021305064,
            0.22182176820741858,
            0.22975905314423523,
            0.20656073076028406,
            0.2702879406166596,
            0.2776282356339568,
            0.2644518652702105,
            0.2614768246163296,
            0.26418597816641526,
            0.26266920062411,
            0.26932092153901976,
            0.250664931983827,
            0.25549344925311995,
            0.2551827731127567,
            0.25496463008565495,
            0.23696851613718656,
            0.3024138166182533,
            0.30376944486377266,
            0.2959918733775499,
            0.2908322092496666,
            0.3006650842658769,
            0.3576797071643327,
            0.32984087664352535,
            0.3145795960050515,
            0.3004331154461253,
            0.3053374850540297,
            0.3005118737091267,
            0.3004360437623589,
            0.30504996671043094,
            0.29681288508016146,
            0.29437214241928383,
            0.30810161180183715,
            0.2885305793237387,
            0.2910788180656614,
            0.29951087333686366,
            0.29927052581496905,
            0.2968365009825058,
            0.29860249584601706,
            0.23814120832280242,
            0.23675691628741585,
            0.23673538672419325,
            0.22299207814265737
        ],
        [
            0.2489032439260621,
            0.2501415466260341,
            0.16661883067385438,
            0.1650549712210132,
            0.1671696233019645,
            0.07922606044344532,
            0.08180560008345275,
            0,
            0.05787204073056297,
            0.20095280889300893,
            0.20202614872408264,
            0.19703967318883955,
            0.19946912175912468,
            0.1978892000596703,
            0.1955747559992104,
            0.19805252781093832,
            0.19569440807195823,
            0.18975874163007317,
            0.197701942250552,
            0.20287800967477193,
            0.18963125693172384,
            0.24160307187327718,
            0.2498520631009418,
            0.237842169242278,
            0.25027658684362475,
            0.23523628713037154,
            0.23498405951110093,
            0.24123723193119148,
            0.23558748445867742,
            0.3344148183606351,
            0.34992910731822074,
            0.36751505459256384,
            0.2377620056218838,
            0.21654437613372707,
            0.23383637538261878,
            0.23412944145953096,
            0.2420667263963476,
            0.21886840401239643,
            0.28259561386877197,
            0.2899359088860692,
            0.2767595385223228,
            0.27378449786844195,
            0.27649365141852766,
            0.2749768738762224,
            0.2816285947911321,
            0.26297260523593935,
            0.26780112250523236,
            0.2674904463648691,
            0.2672723033377673,
            0.24927618938929894,
            0.3147214898703657,
            0.31607711811588507,
            0.3082995466296623,
            0.3031398825017789,
            0.3129727575179893,
            0.36998738041644513,
            0.34214854989563775,
            0.3268872692571638,
            0.3127407886982377,
            0.3176451583061421,
            0.31281954696123904,
            0.3127437170144713,
            0.31735763996254335,
            0.3091205583322738,
            0.30667981567139624,
            0.32040928505394956,
            0.30083825257585106,
            0.30338649131777373,
            0.311818546588976,
            0.3115781990670814,
            0.3091441742346182,
            0.31091016909812946,
            0.2504488815749148,
            0.24906458953952823,
            0.24904305997630563,
            0.23529975139476972
        ],
        [
            0.2081237483302456,
            0.2093620510302176,
            0.12583933507803785,
            0.12427547562519667,
            0.126390127706148,
            0.04298482783844311,
            0.045564367478450545,
            0.05787204073056297,
            0,
            0.16017331329719237,
            0.16124665312826608,
            0.15626017759302302,
            0.15868962616330812,
            0.15710970446385375,
            0.15479526040339386,
            0.1572730322151218,
            0.1549149124761417,
            0.1489792460342566,
            0.15692244665473543,
            0.16209851407895537,
            0.1488517613359073,
            0.20082357627746067,
            0.20907256750512526,
            0.19706267364646146,
            0.20949709124780824,
            0.19445679153455503,
            0.1942045639152844,
            0.20045773633537495,
            0.19480798886286088,
            0.2936353227648186,
            0.30914961172240424,
            0.32673555899674733,
            0.19698251002606726,
            0.17576488053791056,
            0.19305687978680225,
            0.19334994586371446,
            0.20128723080053107,
            0.17808890841657993,
            0.24181611827295546,
            0.24915641329025268,
            0.23598004292650632,
            0.23300500227262544,
            0.2357141558227111,
            0.23419737828040582,
            0.2408490991953156,
            0.22219310964012284,
            0.2270216269094158,
            0.22671095076905262,
            0.2264928077419508,
            0.2084966937934824,
            0.2739419942745492,
            0.27529762252006856,
            0.26752005103384574,
            0.2623603869059624,
            0.2721932619221728,
            0.3292078848206286,
            0.30136905429982125,
            0.2861077736613473,
            0.2719612931024212,
            0.2768656627103256,
            0.27204005136542253,
            0.2719642214186548,
            0.27657814436672684,
            0.2683410627364573,
            0.2659003200755797,
            0.27962978945813305,
            0.26005875698003456,
            0.2626069957219572,
            0.2710390509931595,
            0.2707987034712649,
            0.2683646786388017,
            0.27013067350231296,
            0.2096693859790983,
            0.2082850939437117,
            0.20826356438048912,
            0.1945202557989532
        ],
        [
            0.29179027431233645,
            0.29302857701230844,
            0.20950586106012872,
            0.20794200160728754,
            0.21005665368823884,
            0.18606559600088907,
            0.18864513564089652,
            0.20095280889300893,
            0.16017331329719237,
            0,
            0.008755124688386393,
            0.00842634190575232,
            0.016123854961565293,
            0.019454224129402495,
            0.04701594751484564,
            0.04949371932657355,
            0.04713559958759347,
            0.0411999331457084,
            0.24058897263682633,
            0.24576504006104627,
            0.23251828731799817,
            0.2844901022595515,
            0.29273909348721616,
            0.28072919962855236,
            0.2931636172298991,
            0.2781233175166459,
            0.2778710898973753,
            0.2841242623174658,
            0.2784745148449518,
            0.3773018487469094,
            0.3928161377044951,
            0.4104020849788382,
            0.28064903600815816,
            0.2594314065200014,
            0.2767234057688931,
            0.2770164718458053,
            0.2849537567826219,
            0.26175543439867077,
            0.3254826442550463,
            0.3328229392723435,
            0.31964656890859716,
            0.31667152825471634,
            0.31938068180480195,
            0.31786390426249667,
            0.3245156251774065,
            0.30585963562221374,
            0.31068815289150664,
            0.31037747675114347,
            0.31015933372404164,
            0.29216321977557325,
            0.35760852025664003,
            0.3589641485021594,
            0.3511865770159366,
            0.3460269128880533,
            0.35585978790426365,
            0.41287441080271947,
            0.3850355802819121,
            0.36977429964343816,
            0.355627819084512,
            0.36053218869241643,
            0.3557065773475134,
            0.35563074740074563,
            0.3602446703488177,
            0.35200758871854815,
            0.3495668460576705,
            0.3632963154402239,
            0.3437252829621254,
            0.34627352170404807,
            0.35470557697525035,
            0.35446522945335573,
            0.35203120462089255,
            0.3537971994844038,
            0.29333591196118913,
            0.29195161992580254,
            0.29193009036258,
            0.27818678178104406
        ],
        [
            0.29286361414341017,
            0.29410191684338216,
            0.21057920089120244,
            0.20901534143836126,
            0.21112999351931255,
            0.18713893583196278,
            0.18971847547197024,
            0.20202614872408264,
            0.16124665312826608,
            0.008755124688386393,
            0,
            0.009499681736826047,
            0.017197194792639023,
            0.02052756396047622,
            0.04808928734591937,
            0.05056705915764728,
            0.04820893941866719,
            0.04227327297678213,
            0.24166231246790004,
            0.24683837989211999,
            0.2335916271490719,
            0.28556344209062523,
            0.2938124333182899,
            0.2818025394596261,
            0.2942369570609728,
            0.2791966573477196,
            0.278944429728449,
            0.2851976021485395,
            0.2795478546760255,
            0.37837518857798313,
            0.3938894775355688,
            0.4114754248099119,
            0.2817223758392319,
            0.2605047463510751,
            0.2777967455999668,
            0.278089811676879,
            0.28602709661369563,
            0.2628287742297445,
            0.32655598408612,
            0.33389627910341724,
            0.3207199087396709,
            0.31774486808579006,
            0.32045402163587566,
            0.3189372440935704,
            0.3255889650084802,
            0.30693297545328746,
            0.31176149272258036,
            0.3114508165822172,
            0.31123267355511536,
            0.29323655960664696,
            0.35868186008771374,
            0.3600374883332331,
            0.3522599168470103,
            0.34710025271912703,
            0.35693312773533736,
            0.4139477506337932,
            0.3861089201129858,
            0.3708476394745119,
            0.35670115891558574,
            0.36160552852349015,
            0.3567799171785871,
            0.35670408723181934,
            0.3613180101798914,
            0.35308092854962186,
            0.35064018588874424,
            0.3643696552712976,
            0.3447986227931991,
            0.3473468615351218,
            0.35577891680632406,
            0.35553856928442945,
            0.35310454445196626,
            0.3548705393154775,
            0.29440925179226285,
            0.29302495975687626,
            0.2930034301936537,
            0.2792601216121178
        ],
        [
            0.2878771386081671,
            0.2891154413081391,
            0.20559272535595938,
            0.2040288659031182,
            0.2061435179840695,
            0.1821524602967197,
            0.18473199993672712,
            0.19703967318883955,
            0.15626017759302302,
            0.00842634190575232,
            0.009499681736826047,
            0,
            0.01221071925739593,
            0.01554108842523313,
            0.043102811810676274,
            0.04558058362240419,
            0.0432224638834241,
            0.03728679744153904,
            0.23667583693265692,
            0.24185190435687687,
            0.22860515161382883,
            0.28057696655538217,
            0.28882595778304676,
            0.27681606392438296,
            0.28925048152572974,
            0.27421018181247653,
            0.2739579541932059,
            0.2802111266132965,
            0.2745613791407824,
            0.3733887130427401,
            0.38890300200032574,
            0.40648894927466883,
            0.27673590030398876,
            0.25551827081583206,
            0.2728102700647238,
            0.27310333614163596,
            0.2810406210784526,
            0.2578422986945014,
            0.32156950855087696,
            0.3289098035681742,
            0.3157334332044278,
            0.31275839255054694,
            0.31546754610063266,
            0.3139507685583274,
            0.3206024894732371,
            0.30194649991804434,
            0.30677501718733735,
            0.3064643410469741,
            0.3062461980198723,
            0.28825008407140396,
            0.3536953845524707,
            0.35505101279799006,
            0.3472734413117673,
            0.3421137771838839,
            0.3519466522000943,
            0.4089612750985501,
            0.38112244457774275,
            0.3658611639392688,
            0.3517146833803427,
            0.3566190529882471,
            0.35179344164334403,
            0.3517176116965763,
            0.35633153464464834,
            0.3480944530143788,
            0.34565371035350123,
            0.35938317973605455,
            0.33981214725795605,
            0.3423603859998787,
            0.350792441271081,
            0.3505520937491864,
            0.3481180689167232,
            0.34988406378023446,
            0.2894227762570198,
            0.28803848422163325,
            0.2880169546584106,
            0.2742736460768747
        ],
        [
            0.2903065871784522,
            0.2915448898784242,
            0.20802217392624447,
            0.2064583144734033,
            0.2085729665543546,
            0.18458190886700482,
            0.18716144850701225,
            0.19946912175912468,
            0.15868962616330812,
            0.016123854961565293,
            0.017197194792639023,
            0.01221071925739593,
            0,
            0.01797053699551824,
            0.045532260380961385,
            0.0480100321926893,
            0.04565191245370921,
            0.03971624601182415,
            0.23910528550294208,
            0.24428135292716202,
            0.23103460018411393,
            0.28300641512566727,
            0.2912554063533319,
            0.2792455124946681,
            0.29167993009601484,
            0.2766396303827616,
            0.27638740276349105,
            0.28264057518358154,
            0.27699082771106753,
            0.37581816161302517,
            0.39133245057061083,
            0.40891839784495393,
            0.2791653488742739,
            0.25794771938611716,
            0.27523971863500885,
            0.27553278471192105,
            0.28347006964873767,
            0.2602717472647865,
            0.32399895712116206,
            0.3313392521384593,
            0.3181628817747129,
            0.3151878411208321,
            0.3178969946709177,
            0.3163802171286124,
            0.32303193804352226,
            0.3043759484883295,
            0.3092044657576224,
            0.3088937896172592,
            0.3086756465901574,
            0.290679532641689,
            0.3561248331227558,
            0.35748046136827516,
            0.34970288988205234,
            0.34454322575416907,
            0.3543761007703794,
            0.4113907236688352,
            0.38355189314802784,
            0.3682906125095539,
            0.35414413195062777,
            0.3590485015585322,
            0.3542228902136291,
            0.3541470602668614,
            0.35876098321493344,
            0.3505239015846639,
            0.3480831589237863,
            0.36181262830633965,
            0.34224159582824115,
            0.3447898345701638,
            0.3532218898413661,
            0.3529815423194715,
            0.3505475174870083,
            0.35231351235051955,
            0.2918522248273049,
            0.2904679327919183,
            0.29044640322869575,
            0.2767030946471598
        ],
        [
            0.28872666547899783,
            0.28996496817896983,
            0.2064422522267901,
            0.20487839277394893,
            0.20699304485490022,
            0.18300198716755045,
            0.1855815268075579,
            0.1978892000596703,
            0.15710970446385375,
            0.019454224129402495,
            0.02052756396047622,
            0.01554108842523313,
            0.01797053699551824,
            0,
            0.04395233868150704,
            0.04643011049323495,
            0.044071990754254865,
            0.038136324312369796,
            0.2375253638034877,
            0.24270143122770765,
            0.22945467848465956,
            0.2814264934262129,
            0.2896754846538775,
            0.2776655907952137,
            0.29010000839656047,
            0.27505970868330726,
            0.27480748106403663,
            0.28106065348412723,
            0.2754109060116131,
            0.3742382399135708,
            0.38975252887115647,
            0.40733847614549956,
            0.2775854271748195,
            0.2563677976866628,
            0.27365979693555453,
            0.2739528630124667,
            0.28189014794928335,
            0.25869182556533216,
            0.3224190354217077,
            0.3297593304390049,
            0.31658296007525855,
            0.31360791942137767,
            0.3163170729714634,
            0.3148002954291581,
            0.32145201634406784,
            0.3027960267888751,
            0.3076245440581681,
            0.30731386791780485,
            0.307095724890703,
            0.2890996109422347,
            0.3545449114233014,
            0.3559005396688208,
            0.348122968182598,
            0.34296330405471465,
            0.35279617907092503,
            0.40981080196938086,
            0.3819719714485735,
            0.36671069081009955,
            0.3525642102511734,
            0.3574685798590778,
            0.35264296851417476,
            0.352567138567407,
            0.35718106151547907,
            0.34894397988520953,
            0.34650323722433196,
            0.3602327066068853,
            0.3406616741287868,
            0.34320991287070945,
            0.35164196814191173,
            0.3514016206200171,
            0.34896759578755393,
            0.3507335906510652,
            0.2902723031278505,
            0.288888011092464,
            0.2888664815292413,
            0.27512317294770544
        ],
        [
            0.28641222141853795,
            0.28765052411850994,
            0.20412780816633022,
            0.20256394871348904,
            0.20467860079444034,
            0.18068754310709054,
            0.18326708274709796,
            0.1955747559992104,
            0.15479526040339386,
            0.04701594751484564,
            0.04808928734591937,
            0.043102811810676274,
            0.045532260380961385,
            0.04395233868150704,
            0,
            0.0043052523299513985,
            0.020064162988816133,
            0.014128496546931067,
            0.23521091974302777,
            0.2403869871672477,
            0.22714023442419967,
            0.279112049365753,
            0.2873610405934176,
            0.2753511467347538,
            0.2877855643361006,
            0.27274526462284737,
            0.27249303700357674,
            0.27874620942366735,
            0.2730964619511532,
            0.3719237958531109,
            0.3874380848106966,
            0.4050240320850397,
            0.2752709831143596,
            0.2540533536262029,
            0.27134535287509465,
            0.2716384189520068,
            0.27957570388882347,
            0.25637738150487227,
            0.3201045913612478,
            0.327444886378545,
            0.31426851601479866,
            0.3112934753609178,
            0.3140026289110035,
            0.3124858513686982,
            0.31913757228360795,
            0.3004815827284152,
            0.3053100999977082,
            0.30499942385734496,
            0.30478128083024314,
            0.2867851668817748,
            0.3522304673628415,
            0.3535860956083609,
            0.34580852412213814,
            0.34064885999425476,
            0.35048173501046515,
            0.40749635790892097,
            0.3796575273881136,
            0.36439624674963966,
            0.3502497661907135,
