{
    "NEXUS_FILE_URL": "http://purl.org/phylo/treebase/phylows/study/TB2:S12083",
    "NEWICK_TREE": "(((45:0.01231285,(43:1.0E-8,44:0.00235536):0.00469227):0.09585902,((46:0.04636656,(26:0.05482436,(27:1.0E-8,28:0.00624727):0.02476433):0.03916059):0.10057677,((31:1.0E-8,(29:1.0E-8,30:1.0E-8):1.0E-8):0.0,(35:0.01633028,(32:0.00451908,(33:1.0E-8,34:1.0E-8):0.0):1.0E-8):0.00453147):0.07870483):0.04911388):0.01492314,(((3:2.21E-6,4:0.0055602):0.14632263,(56:0.00205441,57:1.0E-8):0.15905905):0.06458249,(58:0.12511036,(((5:1.0E-8,6:1.0E-8):0.02393539,(((7:1.0E-8,(8:1.0E-8,9:1.0E-8):1.0E-8):0.00755125,(47:0.00218094,(48:1.0E-8,(20:1.0E-8,21:1.0E-8):0.00215155):0.00433748):0.0055846):0.01318931,((22:1.0E-8,(23:1.0E-8,24:0.00220782):0.002211):0.01251031,((13:1.0E-8,14:0.00221398):0.0,(49:1.0E-8,50:1.0E-8):0.01130062):0.01698532):0.00842874):0.0054689):0.01695247,(((15:0.01436694,16:0.0350525):0.036674,(25:0.08618525,(18:0.00436315,(17:1.0E-8,19:1.0E-8):0.01624904):0.03261777):0.01205279):0.06042286,(((54:0.00228911,55:1.0E-8):0.02617707,((10:0.00206676,(11:1.0E-8,12:1.0E-8):0.00243501):0.04401387,(53:1.0E-8,(51:0.00438741,52:0.00219349):1.86E-6):0.03975509):0.01509156):0.0,((41:1.0E-8,42:1.0E-8):0.07222953,((39:1.0E-8,40:1.0E-8):0.08670082,((1:1.0E-8,2:1.0E-8):0.04464454,(38:0.01331733,(36:1.0E-8,37:1.0E-8):0.00973431):0.05474054):0.07280341):0.03735984):0.00605255):0.03708978):0.01134951):0.02517259):0.02161091):0.01492314);",
    "DISTANCE_MATRIX": [
        [
            0.0,
            0.01700513,
            0.01936048,
            0.30422908,
            0.35184747,
            0.32178745,
            0.32803471,
            0.23599059,
            0.2359906,
            0.2359906,
            0.25685233,
            0.24504114,
            0.24052207,
            0.24052207,
            0.34892548,
            0.35448347,
            0.36371410000000004,
            0.36165970000000003,
            0.28473942,
            0.22568952000000003,
            0.22568952000000003,
            0.22796359,
            0.2279636,
            0.2279636,
            0.22817787,
            0.23033441999999998,
            0.23248597,
            0.23248597,
            0.22816208,
            0.23037308,
            0.23258088999999998,
            0.23263709,
            0.23485106,
            0.24393771000000003,
            0.24393771000000003,
            0.30761496,
            0.32830052,
            0.35481206,
            0.30560773,
            0.31749363,
            0.31749363,
            0.26170711999999996,
            0.25941802,
            0.29441313,
            0.29478139000000003,
            0.29478139000000003,
            0.2880876,
            0.29247686,
            0.29028294,
            0.31152303000000003,
            0.31152303000000003,
            0.36335416,
            0.36335416,
            0.39410129,
            0.39410129,
            0.41751460999999995,
            0.41393159999999996,
            0.41393159999999996
        ],
        [
            0.01700513,
            0.0,
            0.00235537,
            0.29660851,
            0.3442269,
            0.31416688000000004,
            0.32041414,
            0.22837002,
            0.22837003,
            0.22837003,
            0.24923176000000002,
            0.23742057,
            0.2329015,
            0.2329015,
            0.34130491,
            0.34686290000000003,
            0.35609353000000005,
            0.35403913000000004,
            0.27711885,
            0.21806895000000004,
            0.21806895000000004,
            0.22034302,
            0.22034303,
            0.22034303,
            0.2205573,
            0.22271385,
            0.2248654,
            0.2248654,
            0.22054151,
            0.22275251000000001,
            0.22496032,
            0.22501652,
            0.22723049,
            0.23631714000000004,
            0.23631714000000004,
            0.29999439000000006,
            0.32067995000000005,
            0.34719149000000005,
            0.29798716000000003,
            0.30987306000000003,
            0.30987306000000003,
            0.25408655,
            0.25179745,
            0.28679256000000003,
            0.28716082,
            0.28716082,
            0.28046703000000006,
            0.28485629,
            0.28266237000000005,
            0.30390246,
            0.30390246,
            0.35573359000000004,
            0.35573359000000004,
            0.38648072,
            0.38648072,
            0.40989403999999996,
            0.40631102999999996,
            0.40631102999999996
        ],
        [
            0.01936048,
            0.00235537,
            0.0,
            0.29896385999999997,
            0.34658225,
            0.31652223,
            0.32276949,
            0.23072536999999999,
            0.23072537999999998,
            0.23072537999999998,
            0.25158711,
            0.23977591999999998,
            0.23525685000000002,
            0.23525685000000002,
            0.34366026,
            0.34921825,
            0.35844888,
            0.35639448,
            0.2794742,
            0.22042430000000002,
            0.22042430000000002,
            0.22269837,
            0.22269838,
            0.22269838,
            0.22291265,
            0.2250692,
            0.22722075,
            0.22722075,
            0.22289686,
            0.22510786,
            0.22731567,
            0.22737187,
            0.22958584,
            0.23867249000000001,
            0.23867249000000001,
            0.30234974000000003,
            0.3230353,
            0.34954684,
            0.30034251,
            0.31222841,
            0.31222841,
            0.2564419,
            0.2541528,
            0.28914791,
            0.28951617,
            0.28951617,
            0.28282238000000004,
            0.28721164,
            0.28501772000000003,
            0.30625781,
            0.30625781,
            0.35808894,
            0.35808894,
            0.38883607,
            0.38883607,
            0.41224938999999994,
            0.40866637999999994,
            0.40866637999999994
        ],
        [
            0.30422908,
            0.29660851,
            0.29896385999999997,
            0.0,
            0.14035151,
            0.11029149,
            0.11653875,
            0.22564816999999998,
            0.22564817999999998,
            0.22564817999999998,
            0.24650991,
            0.23469871999999997,
            0.23017964999999999,
            0.23017964999999999,
            0.43681082,
            0.44236881,
            0.45159944,
            0.44954504,
            0.37262476,
            0.31357486,
            0.31357486,
            0.31584892999999997,
            0.31584893999999997,
            0.31584893999999997,
            0.31606321,
            0.31821975999999996,
            0.32037130999999996,
            0.32037130999999996,
            0.31604741999999997,
            0.31825842,
            0.32046622999999996,
            0.32052242999999997,
            0.3227364,
            0.33182305,
            0.33182305,
            0.3955003,
            0.41618586,
            0.4426974,
            0.39349307,
            0.40537897,
            0.40537897,
            0.34959246,
            0.34730335999999995,
            0.38229847,
            0.38266672999999995,
            0.38266672999999995,
            0.37597294000000003,
            0.3803622,
            0.37816828,
            0.39940836999999996,
            0.39940836999999996,
            0.4512395,
            0.4512395,
            0.48198662999999997,
            0.48198662999999997,
            0.5053999499999999,
            0.5018169399999999,
            0.5018169399999999
        ],
        [
            0.35184747,
            0.3442269,
            0.34658225,
            0.14035151,
            0.0,
            0.07958870000000001,
            0.08583596,
            0.27326656,
            0.27326657,
            0.27326657,
            0.2941283,
            0.28231711,
            0.27779803999999997,
            0.27779803999999997,
            0.48442921,
            0.4899872,
            0.49921783000000003,
            0.49716343,
            0.42024315,
            0.36119325,
            0.36119325,
            0.36346732,
            0.36346733,
            0.36346733,
            0.3636816,
            0.36583815,
            0.3679897,
            0.3679897,
            0.36366581,
            0.36587681,
            0.36808462,
            0.36814082,
            0.37035479,
            0.37944144,
            0.37944144,
            0.44311869000000004,
            0.46380425000000003,
            0.49031579000000003,
            0.44111146,
            0.45299736,
            0.45299736,
            0.39721085,
            0.39492174999999996,
            0.42991686,
            0.43028511999999997,
            0.43028511999999997,
            0.42359133000000004,
            0.42798059,
            0.42578667000000003,
            0.44702675999999997,
            0.44702675999999997,
            0.49885789,
            0.49885789,
            0.52960502,
            0.52960502,
            0.5530183399999999,
            0.5494353299999999,
            0.5494353299999999
        ],
        [
            0.32178745,
            0.31416688000000004,
            0.31652223,
            0.11029149,
            0.07958870000000001,
            0.0,
            0.00624728,
            0.24320654,
            0.24320655000000002,
            0.24320655000000002,
            0.26406828,
            0.25225709,
            0.24773802,
            0.24773802,
            0.45436919,
            0.45992718,
            0.46915781,
            0.46710341,
            0.39018313000000004,
            0.33113323,
            0.33113323,
            0.3334073,
            0.33340731,
            0.33340731,
            0.33362158,
            0.33577813,
            0.33792968,
            0.33792968,
            0.33360579,
            0.33581679,
            0.3380246,
            0.3380808,
            0.34029477,
            0.34938142,
            0.34938142,
            0.41305867,
            0.43374423,
            0.46025577,
            0.41105144000000005,
            0.42293734000000005,
            0.42293734000000005,
            0.36715083,
            0.36486173,
            0.39985684,
            0.4002251,
            0.4002251,
            0.39353131,
            0.39792057000000003,
            0.39572665,
            0.41696674,
            0.41696674,
            0.46879787,
            0.46879787,
            0.499545,
            0.499545,
            0.52295832,
            0.5193753099999999,
            0.5193753099999999
        ],
        [
            0.32803471,
            0.32041414,
            0.32276949,
            0.11653875,
            0.08583596,
            0.00624728,
            0.0,
            0.2494538,
            0.24945381,
            0.24945381,
            0.27031554,
            0.25850435,
            0.25398528,
            0.25398528,
            0.46061645,
            0.46617444,
            0.47540507000000004,
            0.47335067000000003,
            0.39643039,
            0.33738049000000003,
            0.33738049000000003,
            0.33965456,
            0.33965457,
            0.33965457,
            0.33986884,
            0.34202539,
            0.34417694,
            0.34417694,
            0.33985305,
            0.34206405,
            0.34427186,
            0.34432806,
            0.34654203,
            0.35562868000000003,
            0.35562868000000003,
            0.41930593000000005,
            0.43999149000000004,
            0.46650303000000004,
            0.4172987,
            0.4291846,
            0.4291846,
            0.37339809,
            0.37110898999999997,
            0.4061041,
            0.40647236,
            0.40647236,
            0.39977857000000006,
            0.40416783,
            0.40197391000000005,
            0.423214,
            0.423214,
            0.47504513000000004,
            0.47504513000000004,
            0.50579226,
            0.50579226,
            0.52920558,
            0.5256225699999999,
            0.5256225699999999
        ],
        [
            0.23599059,
            0.22837002,
            0.23072536999999999,
            0.22564816999999998,
            0.27326656,
            0.24320654,
            0.2494538,
            0.0,
            3.0000000000000004e-08,
            3.0000000000000004e-08,
            0.02086176,
            0.009050569999999999,
            0.0045315,
            0.0045315,
            0.36857233,
            0.37413032,
            0.38336095000000003,
            0.38130655,
            0.30438627,
            0.24533637000000003,
            0.24533637000000003,
            0.24761044,
            0.24761044999999998,
            0.24761044999999998,
            0.24782472,
            0.24998126999999998,
            0.25213282,
            0.25213282,
            0.24780892999999998,
            0.25001993,
            0.25222774,
            0.25228394,
            0.25449791,
            0.26358456,
            0.26358456,
            0.32726181,
            0.34794737,
            0.37445891,
            0.32525458,
            0.33714048,
            0.33714048,
            0.28135396999999995,
            0.27906487,
            0.31405998,
            0.31442824,
            0.31442824,
            0.30773445,
            0.31212371,
            0.30992979,
            0.33116988,
            0.33116988,
            0.38300101,
            0.38300101,
            0.41374814,
            0.41374814,
            0.43716145999999995,
            0.43357844999999995,
            0.43357844999999995
        ],
        [
            0.2359906,
            0.22837003,
            0.23072537999999998,
            0.22564817999999998,
            0.27326657,
            0.24320655000000002,
            0.24945381,
            3.0000000000000004e-08,
            0.0,
            2e-08,
            0.020861769999999998,
            0.009050579999999999,
            0.00453151,
            0.00453151,
            0.36857234,
            0.37413033,
            0.38336096000000003,
            0.38130656,
            0.30438628,
            0.24533638000000002,
            0.24533638000000002,
            0.24761044999999998,
            0.24761045999999998,
            0.24761045999999998,
            0.24782473,
            0.24998127999999997,
            0.25213283,
            0.25213283,
            0.24780893999999998,
            0.25001994,
            0.25222775,
            0.25228395,
            0.25449792,
            0.26358457,
            0.26358457,
            0.32726182000000004,
            0.34794738000000003,
            0.37445892000000003,
            0.32525459,
            0.33714049,
            0.33714049,
            0.28135398,
            0.27906487999999996,
            0.31405999,
            0.31442824999999996,
            0.31442824999999996,
            0.30773446000000004,
            0.31212372,
            0.30992980000000003,
            0.33116988999999997,
            0.33116988999999997,
            0.38300102,
            0.38300102,
            0.41374815,
            0.41374815,
            0.43716146999999994,
            0.43357845999999994,
            0.43357845999999994
        ],
        [
            0.2359906,
            0.22837003,
            0.23072537999999998,
            0.22564817999999998,
            0.27326657,
            0.24320655000000002,
            0.24945381,
            3.0000000000000004e-08,
            2e-08,
            0.0,
            0.020861769999999998,
            0.009050579999999999,
            0.00453151,
            0.00453151,
            0.36857234,
            0.37413033,
            0.38336096000000003,
            0.38130656,
            0.30438628,
            0.24533638000000002,
            0.24533638000000002,
            0.24761044999999998,
            0.24761045999999998,
            0.24761045999999998,
            0.24782473,
            0.24998127999999997,
            0.25213283,
            0.25213283,
            0.24780893999999998,
            0.25001994,
            0.25222775,
            0.25228395,
            0.25449792,
            0.26358457,
            0.26358457,
            0.32726182000000004,
            0.34794738000000003,
            0.37445892000000003,
            0.32525459,
            0.33714049,
            0.33714049,
            0.28135398,
            0.27906487999999996,
            0.31405999,
            0.31442824999999996,
            0.31442824999999996,
            0.30773446000000004,
            0.31212372,
            0.30992980000000003,
            0.33116988999999997,
            0.33116988999999997,
            0.38300102,
            0.38300102,
            0.41374815,
            0.41374815,
            0.43716146999999994,
            0.43357845999999994,
            0.43357845999999994
        ],
        [
            0.25685233,
            0.24923176000000002,
            0.25158711,
            0.24650991,
            0.2941283,
            0.26406828,
            0.27031554,
            0.02086176,
            0.020861769999999998,
            0.020861769999999998,
            0.0,
            0.02084937,
            0.0163303,
            0.0163303,
            0.38943407,
            0.39499206000000003,
            0.40422269000000005,
            0.40216829000000004,
            0.32524801000000003,
            0.26619811000000004,
            0.26619811000000004,
            0.26847218,
            0.26847219,
            0.26847219,
            0.26868646,
            0.27084301,
            0.27299456,
            0.27299456,
            0.26867067,
            0.27088167,
            0.27308948,
            0.27314568,
            0.27535965,
            0.28444630000000004,
            0.28444630000000004,
            0.34812355000000006,
            0.36880911000000005,
            0.39532065000000005,
            0.34611632000000003,
            0.35800222000000004,
            0.35800222000000004,
            0.30221571,
            0.29992661,
            0.33492172000000003,
            0.33528998,
            0.33528998,
            0.32859619000000007,
            0.33298545,
            0.33079153000000006,
            0.35203162,
            0.35203162,
            0.40386275000000005,
            0.40386275000000005,
            0.43460988,
            0.43460988,
            0.45802319999999996,
            0.45444018999999997,
            0.45444018999999997
        ],
        [
            0.24504114,
            0.23742057,
            0.23977591999999998,
            0.23469871999999997,
            0.28231711,
            0.25225709,
            0.25850435,
            0.009050569999999999,
            0.009050579999999999,
            0.009050579999999999,
            0.02084937,
            0.0,
            0.00451909,
            0.00451909,
            0.37762288,
            0.38318087,
            0.3924115,
            0.3903571,
            0.31343682,
            0.25438692,
            0.25438692,
            0.25666099,
            0.256661,
            0.256661,
            0.25687527,
            0.25903181999999997,
            0.26118336999999997,
            0.26118336999999997,
            0.25685948,
            0.25907048,
            0.26127828999999997,
            0.26133449,
            0.26354846,
            0.27263511,
            0.27263511,
            0.33631236,
            0.35699791999999997,
            0.38350945999999997,
            0.33430513,
            0.34619103,
            0.34619103,
            0.29040451999999994,
            0.28811542,
            0.32311053,
            0.32347879,
            0.32347879,
            0.316785,
            0.32117426,
            0.31898034,
            0.34022043,
            0.34022043,
            0.39205155999999997,
            0.39205155999999997,
            0.42279869,
            0.42279869,
            0.44621200999999994,
            0.44262899999999994,
            0.44262899999999994
        ],
        [
            0.24052207,
            0.2329015,
            0.23525685000000002,
            0.23017964999999999,
            0.27779803999999997,
            0.24773802,
            0.25398528,
            0.0045315,
            0.00453151,
            0.00453151,
            0.0163303,
            0.00451909,
            0.0,
            2e-08,
            0.37310381000000004,
            0.37866180000000005,
            0.38789243000000007,
            0.38583803000000005,
            0.30891775,
            0.24986785,
            0.24986785,
            0.25214192,
            0.25214193,
            0.25214193,
            0.25235620000000003,
            0.25451275,
            0.2566643,
            0.2566643,
            0.25234041,
            0.25455141,
            0.25675922,
            0.25681542,
            0.25902939,
            0.26811604,
            0.26811604,
            0.33179329,
            0.35247885,
            0.37899039,
            0.32978606,
            0.34167196,
            0.34167196,
            0.28588545,
            0.28359635,
            0.31859146000000005,
            0.31895972,
            0.31895972,
            0.31226593,
            0.31665519,
            0.31446127,
            0.33570136,
            0.33570136,
            0.38753249,
            0.38753249,
            0.41827961999999996,
            0.41827961999999996,
            0.4416929399999999,
            0.43810993,
            0.43810993
        ],
        [
            0.24052207,
            0.2329015,
            0.23525685000000002,
            0.23017964999999999,
            0.27779803999999997,
            0.24773802,
            0.25398528,
            0.0045315,
            0.00453151,
            0.00453151,
            0.0163303,
            0.00451909,
            2e-08,
            0.0,
            0.37310381000000004,
            0.37866180000000005,
            0.38789243000000007,
            0.38583803000000005,
            0.30891775,
            0.24986785,
            0.24986785,
            0.25214192,
            0.25214193,
            0.25214193,
            0.25235620000000003,
            0.25451275,
            0.2566643,
            0.2566643,
            0.25234041,
            0.25455141,
            0.25675922,
            0.25681542,
            0.25902939,
            0.26811604,
            0.26811604,
            0.33179329,
            0.35247885,
            0.37899039,
            0.32978606,
            0.34167196,
            0.34167196,
            0.28588545,
            0.28359635,
            0.31859146000000005,
            0.31895972,
            0.31895972,
            0.31226593,
            0.31665519,
            0.31446127,
            0.33570136,
            0.33570136,
            0.38753249,
            0.38753249,
            0.41827961999999996,
            0.41827961999999996,
            0.4416929399999999,
            0.43810993,
            0.43810993
        ],
        [
            0.34892548,
            0.34130491,
            0.34366026,
            0.43681082,
            0.48442921,
            0.45436919,
            0.46061645,
            0.36857233,
            0.36857234,
            0.36857234,
            0.38943407,
            0.37762288,
            0.37310381000000004,
            0.37310381000000004,
            0.0,
            0.00556241,
            0.30743830000000005,
            0.30538390000000004,
            0.3576286,
            0.29857870000000003,
            0.29857870000000003,
            0.30085277,
            0.30085278,
            0.30085278,
            0.30106705,
            0.3032236,
            0.30537515,
            0.30537515,
            0.30105126,
            0.30326226,
            0.30547007,
            0.30552627,
            0.30774024,
            0.31682689,
            0.31682689,
            0.38050414,
            0.4011897,
            0.42770124,
            0.37849691,
            0.39038281,
            0.39038281,
            0.3345963,
            0.3323072,
            0.36730231,
            0.36767057000000003,
            0.36767057000000003,
            0.36097678,
            0.36536604,
            0.36317212,
            0.38441221000000003,
            0.38441221000000003,
            0.43624334,
            0.43624334,
            0.46699047,
            0.46699047,
            0.49040378999999995,
            0.48682077999999995,
            0.48682077999999995
        ],
        [
            0.35448347,
            0.34686290000000003,
            0.34921825,
            0.44236881,
            0.4899872,
            0.45992718,
            0.46617444,
            0.37413032,
            0.37413033,
            0.37413033,
            0.39499206000000003,
            0.38318087,
            0.37866180000000005,
            0.37866180000000005,
            0.00556241,
            0.0,
            0.31299629,
            0.31094189,
            0.36318659000000003,
            0.30413669000000004,
            0.30413669000000004,
            0.30641076,
            0.30641077,
            0.30641077,
            0.30662504,
            0.30878159,
            0.31093314,
            0.31093314,
            0.30660925,
            0.30882025,
            0.31102806,
            0.31108426,
            0.31329823,
            0.32238488000000004,
            0.32238488000000004,
            0.38606213,
            0.40674769,
            0.43325923,
            0.38405490000000003,
            0.39594080000000004,
            0.39594080000000004,
            0.34015429,
            0.33786519000000004,
            0.37286030000000003,
            0.37322856000000004,
            0.37322856000000004,
            0.36653477,
            0.37092403,
            0.36873011,
            0.38997020000000004,
            0.38997020000000004,
            0.44180133,
            0.44180133,
            0.47254846,
            0.47254846,
            0.49596177999999996,
            0.49237876999999997,
            0.49237876999999997
        ],
        [
            0.36371410000000004,
            0.35609353000000005,
            0.35844888,
            0.45159944,
            0.49921783000000003,
            0.46915781,
            0.47540507000000004,
            0.38336095000000003,
            0.38336096000000003,
            0.38336096000000003,
            0.40422269000000005,
            0.3924115,
            0.38789243000000007,
            0.38789243000000007,
            0.30743830000000005,
            0.31299629,
            0.0,
            0.00205442,
            0.37241722000000005,
            0.31336732000000006,
            0.31336732000000006,
            0.31564139,
            0.3156414,
            0.3156414,
            0.31585567000000003,
            0.31801222,
            0.32016377,
            0.32016377,
            0.31583988,
            0.31805088000000004,
            0.32025869,
            0.32031489,
            0.32252886000000003,
            0.33161551000000006,
            0.33161551000000006,
            0.39529276,
            0.41597832,
            0.44248986,
            0.39328553000000005,
            0.40517143000000005,
            0.40517143000000005,
            0.34938492000000004,
            0.34709582000000005,
            0.38209093000000005,
            0.38245919000000006,
            0.38245919000000006,
            0.3757654,
            0.38015466000000003,
            0.37796074,
            0.39920083000000006,
            0.39920083000000006,
            0.45103196,
            0.45103196,
            0.48177909,
            0.48177909,
            0.50519241,
            0.5016094,
            0.5016094
        ],
        [
            0.36165970000000003,
            0.35403913000000004,
            0.35639448,
            0.44954504,
            0.49716343,
            0.46710341,
            0.47335067000000003,
            0.38130655,
            0.38130656,
            0.38130656,
            0.40216829000000004,
            0.3903571,
            0.38583803000000005,
            0.38583803000000005,
            0.30538390000000004,
            0.31094189,
            0.00205442,
            0.0,
            0.37036282000000004,
            0.31131292000000005,
            0.31131292000000005,
            0.31358699,
            0.313587,
            0.313587,
            0.31380127,
            0.31595782,
            0.31810937,
            0.31810937,
            0.31378548,
            0.31599648,
            0.31820429,
            0.31826049,
            0.32047446,
            0.32956111000000005,
            0.32956111000000005,
            0.39323836,
            0.41392392,
            0.44043546,
            0.39123113000000004,
            0.40311703000000004,
            0.40311703000000004,
            0.34733052000000003,
            0.34504142000000004,
            0.38003653000000004,
            0.38040479000000005,
            0.38040479000000005,
            0.373711,
            0.37810026,
            0.37590634,
            0.39714643000000005,
            0.39714643000000005,
            0.44897756,
            0.44897756,
            0.47972469,
            0.47972469,
            0.50313801,
            0.49955499999999997,
            0.49955499999999997
        ],
        [
            0.28473942,
            0.27711885,
            0.2794742,
            0.37262476,
            0.42024315,
            0.39018313000000004,
            0.39643039,
            0.30438627,
            0.30438628,
            0.30438628,
            0.32524801000000003,
            0.31343682,
            0.30891775,
            0.30891775,
            0.3576286,
            0.36318659000000003,
            0.37241722000000005,
            0.37036282000000004,
            0.0,
            0.19117082000000002,
            0.19117082000000002,
            0.19344489,
            0.1934449,
            0.1934449,
            0.19365917,
            0.19581572,
            0.19796727,
            0.19796727,
            0.19364338,
            0.19585438,
            0.19806219,
            0.19811839,
            0.20033236000000001,
            0.20941901000000002,
            0.20941901000000002,
            0.27309626,
            0.29378181999999997,
            0.32029335999999997,
            0.27108903,
            0.28297493,
            0.28297493,
            0.22718842,
            0.22489932,
            0.25989443,
            0.26026269,
            0.26026269,
            0.2535689,
            0.25795816,
            0.25576424,
            0.27700433,
            0.27700433,
            0.32883545999999997,
            0.32883545999999997,
            0.35958259000000004,
            0.35958259000000004,
            0.38299591,
            0.37941289999999994,
            0.37941289999999994
        ],
        [
            0.22568952000000003,
            0.21806895000000004,
            0.22042430000000002,
            0.31357486,
            0.36119325,
            0.33113323,
            0.33738049000000003,
            0.24533637000000003,
            0.24533638000000002,
            0.24533638000000002,
            0.26619811000000004,
            0.25438692,
            0.24986785,
            0.24986785,
            0.29857870000000003,
            0.30413669000000004,
            0.31336732000000006,
            0.31131292000000005,
            0.19117082000000002,
            0.0,
            2e-08,
            0.05014487,
            0.05014488,
            0.05014488,
            0.050359150000000005,
            0.0525157,
            0.05466725,
            0.05466725,
            0.050343360000000004,
            0.05255436,
            0.05476217,
            0.054818370000000005,
            0.05703234000000001,
            0.06611899000000002,
            0.06611899000000002,
            0.16370118,
            0.18438674,
            0.21089828,
            0.16169395000000003,
            0.17357985000000004,
            0.17357985000000004,
            0.11779334000000001,
            0.11550424000000002,
            0.15049935000000003,
            0.15086760999999999,
            0.15086760999999999,
            0.14417382,
            0.14856308000000001,
            0.14636916,
            0.16760925,
            0.16760925,
            0.21944038,
            0.21944038,
            0.25018751,
            0.25018751,
            0.27360082999999996,
            0.27001781999999996,
            0.27001781999999996
        ],
        [
            0.22568952000000003,
            0.21806895000000004,
            0.22042430000000002,
            0.31357486,
            0.36119325,
            0.33113323,
            0.33738049000000003,
            0.24533637000000003,
            0.24533638000000002,
            0.24533638000000002,
            0.26619811000000004,
            0.25438692,
            0.24986785,
            0.24986785,
            0.29857870000000003,
            0.30413669000000004,
            0.31336732000000006,
            0.31131292000000005,
            0.19117082000000002,
            2e-08,
            0.0,
            0.05014487,
            0.05014488,
            0.05014488,
            0.050359150000000005,
            0.0525157,
            0.05466725,
            0.05466725,
            0.050343360000000004,
            0.05255436,
            0.05476217,
            0.054818370000000005,
            0.05703234000000001,
            0.06611899000000002,
            0.06611899000000002,
            0.16370118,
            0.18438674,
            0.21089828,
            0.16169395000000003,
            0.17357985000000004,
            0.17357985000000004,
            0.11779334000000001,
            0.11550424000000002,
            0.15049935000000003,
            0.15086760999999999,
            0.15086760999999999,
            0.14417382,
            0.14856308000000001,
            0.14636916,
            0.16760925,
            0.16760925,
            0.21944038,
            0.21944038,
            0.25018751,
            0.25018751,
            0.27360082999999996,
            0.27001781999999996,
            0.27001781999999996
        ],
        [
            0.22796359,
            0.22034302,
            0.22269837,
            0.31584892999999997,
            0.36346732,
            0.3334073,
            0.33965456,
            0.24761044,
            0.24761044999999998,
            0.24761044999999998,
            0.26847218,
            0.25666099,
            0.25214192,
            0.25214192,
            0.30085277,
            0.30641076,
            0.31564139,
            0.31358699,
            0.19344489,
            0.05014487,
            0.05014487,
            0.0,
            3.0000000000000004e-08,
            3.0000000000000004e-08,
            0.0153168,
            0.017473350000000002,
            0.0196249,
            0.0196249,
            0.04167963,
            0.04389063,
            0.046098440000000004,
            0.046154640000000004,
            0.048368610000000006,
            0.05745526000000001,
            0.05745526000000001,
            0.16597525000000002,
            0.18666081,
            0.21317235,
            0.16396802,
            0.17585392,
            0.17585392,
            0.12006741,
            0.11777831000000001,
            0.15277342,
            0.15314168,
            0.15314168,
            0.14644789000000002,
            0.15083714999999998,
            0.14864323000000002,
            0.16988332,
            0.16988332,
            0.22171445,
            0.22171445,
            0.25246158,
            0.25246158,
            0.2758749,
            0.27229189,
            0.27229189
        ],
        [
            0.2279636,
            0.22034303,
            0.22269838,
            0.31584893999999997,
            0.36346733,
            0.33340731,
            0.33965457,
            0.24761044999999998,
            0.24761045999999998,
            0.24761045999999998,
            0.26847219,
            0.256661,
            0.25214193,
            0.25214193,
            0.30085278,
            0.30641077,
            0.3156414,
            0.313587,
            0.1934449,
            0.05014488,
            0.05014488,
            3.0000000000000004e-08,
            0.0,
            2e-08,
            0.01531681,
            0.01747336,
            0.01962491,
            0.01962491,
            0.041679640000000004,
            0.043890639999999995,
            0.04609845,
            0.046154650000000005,
            0.04836862,
            0.05745527,
            0.05745527,
            0.16597526,
            0.18666082,
            0.21317236,
            0.16396803000000001,
            0.17585393000000002,
            0.17585393000000002,
            0.12006742000000001,
            0.11777832000000002,
            0.15277343000000002,
            0.15314169,
            0.15314169,
            0.14644790000000002,
            0.15083716,
            0.14864324,
            0.16988333,
            0.16988333,
            0.22171446,
            0.22171446,
            0.25246159,
            0.25246159,
            0.27587491,
            0.2722919,
            0.2722919
        ],
        [
            0.2279636,
            0.22034303,
            0.22269838,
            0.31584893999999997,
            0.36346733,
            0.33340731,
            0.33965457,
            0.24761044999999998,
            0.24761045999999998,
            0.24761045999999998,
            0.26847219,
            0.256661,
            0.25214193,
            0.25214193,
            0.30085278,
            0.30641077,
            0.3156414,
            0.313587,
            0.1934449,
            0.05014488,
            0.05014488,
            3.0000000000000004e-08,
            2e-08,
            0.0,
            0.01531681,
            0.01747336,
            0.01962491,
            0.01962491,
            0.041679640000000004,
            0.043890639999999995,
            0.04609845,
            0.046154650000000005,
            0.04836862,
            0.05745527,
            0.05745527,
            0.16597526,
            0.18666082,
            0.21317236,
            0.16396803000000001,
            0.17585393000000002,
            0.17585393000000002,
            0.12006742000000001,
            0.11777832000000002,
            0.15277343000000002,
            0.15314169,
            0.15314169,
            0.14644790000000002,
            0.15083716,
            0.14864324,
            0.16988333,
            0.16988333,
            0.22171446,
            0.22171446,
            0.25246159,
            0.25246159,
            0.27587491,
            0.2722919,
            0.2722919
        ],
        [
            0.22817787,
            0.2205573,
            0.22291265,
            0.31606321,
            0.3636816,
            0.33362158,
            0.33986884,
            0.24782472,
            0.24782473,
            0.24782473,
            0.26868646,
            0.25687527,
            0.25235620000000003,
            0.25235620000000003,
            0.30106705,
            0.30662504,
            0.31585567000000003,
            0.31380127,
            0.19365917,
            0.050359150000000005,
            0.050359150000000005,
            0.0153168,
            0.01531681,
            0.01531681,
