{
    "NEXUS_FILE_URL": "http://purl.org/phylo/treebase/phylows/study/TB2:S13537",
    "NEWICK_TREE": "(((((11:0.057114,10:0.162224):0.111989,(52:0.143541,(((51:0.030964,6:0.076945):0.063747,(47:0.018684,(5:0.028164,7:0.018025):0.024332):0.028363):0.002432,((((53:0.11169,50:0.023307):0.016309,(4:0.00948,49:0.022101):0.011279):0.005785,48:0.045167):0.026367,(9:0.046398,8:0.035543):0.049741):0.011763):0.084422):0.21941):0.027169,((44:0.198954,45:0.090436):0.137204,((((29:0.240916,(((70:0.100011,32:0.033586):0.139966,75:0.326493):0.041019,12:0.169266):0.1197):0.166643,((74:0.05226,(72:0.122507,56:0.149967):0.012863):0.043774,73:0.074243):0.096733):0.039303,(59:0.293639,((((76:0.273551,17:0.179763):0.031233,(35:0.058511,(31:0.054447,(27:0.035387,26:0.044033):0.011372):0.053384):0.087264):0.09181,38:0.187838):0.072462,(41:0.17383,((28:0.030127,39:0.073132):0.084283,(((((30:0.131016,33:0.068412):0.013274,60:0.085336):0.001786,(55:0.032487,40:0.107583):0.052678):0.013672,57:0.109906):0.019094,(37:0.164398,(62:0.037299,61:0.051152):0.099709):0.036473):0.022992):0.075344):0.062641):0.0692):0.02898):0.029659,((24:0.121132,23:0.125259):0.236014,(((((14:0.035929,34:0.1129):0.028441,(20:0.037193,25:0.070128):0.026842):0.239879,((36:0.116679,((71:0.059305,64:0.112725):0.06004,15:0.064969):0.104394):0.098432,(((18:0.063301,63:0.044597):0.072739,((((21:0.076914,46:0.104394):0.033457,22:0.043989):0.016522,(69:0.105521,(16:0.08412,54:0.059951):0.022629):0.015111):5.33E-4,67:0.160235):0.027334):0.049856,13:0.235721):0.033421):0.079428):0.049491,(42:0.141777,(19:0.09876,(43:0.101822,58:0.044829):0.015856):0.027145):0.151366):0.023049,65:0.245462):0.024371):0.028172):0.038209):0.185287):0.490294,(68:0.258019,3:0.138379):0.039169):0.035455,(2:0.076688,66:0.050564):0.169505,1:0.103104);",
    "DISTANCE_MATRIX": [
        [
            0.0,
            0.219338,
            0.532054,
            0.570078,
            0.6160589999999999,
            0.5224139999999999,
            0.556226,
            0.546087,
            0.644849,
            0.556466,
            0.537609,
            0.55023,
            0.5562320000000001,
            0.580837,
            0.569982,
            0.7177169999999999,
            0.609199,
            0.896289,
            1.056069,
            0.989644,
            1.142585,
            0.944339,
            0.681497,
            0.7646069999999999,
            0.792067,
            0.659706,
            0.772046,
            1.016663,
            0.9228750000000001,
            0.8576539999999999,
            0.906974,
            0.8992859999999999,
            0.907932,
            0.8079069999999999,
            0.784078,
            0.800002,
            0.843007,
            0.887426,
            0.8248219999999999,
            0.828472,
            0.826515,
            0.9016109999999999,
            0.837584,
            0.909455,
            0.882065,
            0.895918,
            0.805086,
            0.809213,
            0.8491,
            0.926071,
            0.848765,
            0.8816999999999999,
            0.83939,
            0.94645,
            0.99987,
            0.8920739999999999,
            0.843596,
            0.824892,
            0.862316,
            0.8897959999999999,
            0.7959339999999999,
            0.856055,
            0.857283,
            0.833114,
            0.895125,
            0.8934209999999999,
            0.788503,
            0.772631,
            0.791549,
            0.734556,
            0.717773,
            0.983754,
            0.864114,
            0.968214,
            0.94209,
            0.825125
        ],
        [
            0.219338,
            0.0,
            0.6371640000000001,
            0.675188,
            0.721169,
            0.627524,
            0.661336,
            0.651197,
            0.749959,
            0.661576,
            0.642719,
            0.65534,
            0.6613420000000001,
            0.6859470000000001,
            0.675092,
            0.822827,
            0.7143090000000001,
            1.0013990000000002,
            1.1611790000000002,
            1.094754,
            1.247695,
            1.049449,
            0.7866070000000001,
            0.869717,
            0.897177,
            0.764816,
            0.877156,
            1.1217730000000001,
            1.0279850000000001,
            0.962764,
            1.012084,
            1.0043959999999998,
            1.013042,
            0.913017,
            0.8891880000000001,
            0.905112,
            0.948117,
            0.9925360000000001,
            0.929932,
            0.933582,
            0.931625,
            1.006721,
            0.942694,
            1.0145650000000002,
            0.987175,
            1.001028,
            0.910196,
            0.914323,
            0.95421,
            1.0311810000000001,
            0.953875,
            0.98681,
            0.9445,
            1.05156,
            1.10498,
            0.997184,
            0.948706,
            0.930002,
            0.967426,
            0.994906,
            0.901044,
            0.961165,
            0.962393,
            0.9382240000000001,
            1.000235,
            0.998531,
            0.893613,
            0.877741,
            0.896659,
            0.839666,
            0.822883,
            1.088864,
            0.9692240000000001,
            1.073324,
            1.0472000000000001,
            0.930235
        ],
        [
            0.532054,
            0.6371640000000001,
            0.0,
            0.325106,
            0.37108699999999994,
            0.27744199999999997,
            0.31125400000000003,
            0.301115,
            0.39987700000000004,
            0.311494,
            0.29263700000000004,
            0.30525800000000003,
            0.31126,
            0.33586499999999997,
            0.32501,
            0.911565,
            0.8030470000000001,
            1.090137,
            1.249917,
            1.183492,
            1.336433,
            1.138187,
            0.875345,
            0.958455,
            0.985915,
            0.853554,
            0.965894,
            1.2105110000000001,
            1.1167230000000001,
            1.051502,
            1.100822,
            1.093134,
            1.10178,
            1.001755,
            0.9779260000000001,
            0.99385,
            1.036855,
            1.081274,
            1.01867,
            1.0223200000000001,
            1.0203630000000001,
            1.095459,
            1.0314320000000001,
            1.103303,
            1.075913,
            1.089766,
            0.998934,
            1.003061,
            1.042948,
            1.1199189999999999,
            1.042613,
            1.075548,
            1.0332379999999999,
            1.140298,
            1.193718,
            1.085922,
            1.037444,
            1.01874,
            1.0561639999999999,
            1.083644,
            0.9897819999999999,
            1.049903,
            1.051131,
            1.0269620000000002,
            1.088973,
            1.087269,
            0.982351,
            0.966479,
            0.985397,
            0.928404,
            0.911621,
            1.177602,
            1.057962,
            1.1620620000000002,
            1.1359380000000001,
            1.0189730000000001
        ],
        [
            0.570078,
            0.675188,
            0.325106,
            0.0,
            0.107909,
            0.141758,
            0.17557,
            0.165431,
            0.269057,
            0.180674,
            0.161817,
            0.17443799999999998,
            0.18044,
            0.20504499999999998,
            0.19418999999999997,
            0.9495889999999999,
            0.841071,
            1.128161,
            1.287941,
            1.2215159999999998,
            1.374457,
            1.176211,
            0.913369,
            0.9964789999999999,
            1.023939,
            0.891578,
            1.003918,
            1.248535,
            1.154747,
            1.0895259999999998,
            1.138846,
            1.1311579999999999,
            1.1398039999999998,
            1.0397789999999998,
            1.0159500000000001,
            1.031874,
            1.074879,
            1.1192980000000001,
            1.0566939999999998,
            1.060344,
            1.058387,
            1.133483,
            1.069456,
            1.141327,
            1.113937,
            1.12779,
            1.0369579999999998,
            1.0410849999999998,
            1.080972,
            1.157943,
            1.0806369999999998,
            1.113572,
            1.071262,
            1.178322,
            1.2317420000000001,
            1.123946,
            1.0754679999999999,
            1.0567639999999998,
            1.094188,
            1.1216679999999999,
            1.027806,
            1.087927,
            1.0891549999999999,
            1.064986,
            1.1269969999999998,
            1.1252929999999999,
            1.020375,
            1.004503,
            1.023421,
            0.966428,
            0.949645,
            1.2156259999999999,
            1.095986,
            1.200086,
            1.173962,
            1.056997
        ],
        [
            0.6160589999999999,
            0.721169,
            0.37108699999999994,
            0.107909,
            0.0,
            0.187739,
            0.221551,
            0.211412,
            0.315038,
            0.22665499999999997,
            0.20779799999999998,
            0.22041899999999998,
            0.22642099999999998,
            0.25102599999999997,
            0.24017099999999997,
            0.9955699999999998,
            0.887052,
            1.174142,
            1.333922,
            1.2674969999999999,
            1.4204379999999999,
            1.222192,
            0.9593499999999999,
            1.04246,
            1.06992,
            0.937559,
            1.049899,
            1.294516,
            1.200728,
            1.1355069999999998,
            1.1848269999999999,
            1.177139,
            1.1857849999999999,
            1.0857599999999998,
            1.061931,
            1.077855,
            1.12086,
            1.165279,
            1.1026749999999998,
            1.106325,
            1.104368,
            1.1794639999999998,
            1.115437,
            1.187308,
            1.159918,
            1.173771,
            1.0829389999999999,
            1.0870659999999999,
            1.1269529999999999,
            1.203924,
            1.126618,
            1.1595529999999998,
            1.117243,
            1.224303,
            1.277723,
            1.169927,
            1.121449,
            1.1027449999999999,
            1.140169,
            1.167649,
            1.0737869999999998,
            1.133908,
            1.135136,
            1.110967,
            1.1729779999999999,
            1.171274,
            1.0663559999999999,
            1.050484,
            1.069402,
            1.012409,
            0.9956259999999999,
            1.261607,
            1.141967,
            1.246067,
            1.219943,
            1.102978
        ],
        [
            0.5224139999999999,
            0.627524,
            0.27744199999999997,
            0.141758,
            0.187739,
            0.0,
            0.07118,
            0.061041,
            0.221393,
            0.13301,
            0.11415299999999999,
            0.126774,
            0.132776,
            0.157381,
            0.146526,
            0.9019249999999999,
            0.793407,
            1.080497,
            1.240277,
            1.173852,
            1.326793,
            1.128547,
            0.865705,
            0.948815,
            0.976275,
            0.843914,
            0.9562539999999999,
            1.200871,
            1.107083,
            1.0418619999999998,
            1.0911819999999999,
            1.083494,
            1.0921399999999999,
            0.9921149999999999,
            0.968286,
            0.98421,
            1.027215,
            1.071634,
            1.0090299999999999,
            1.01268,
            1.010723,
            1.0858189999999999,
            1.021792,
            1.093663,
            1.066273,
            1.080126,
            0.9892939999999999,
            0.9934209999999999,
            1.033308,
            1.110279,
            1.032973,
            1.0659079999999999,
            1.023598,
            1.130658,
            1.184078,
            1.076282,
            1.027804,
            1.0090999999999999,
            1.046524,
            1.074004,
            0.9801419999999998,
            1.040263,
            1.041491,
            1.017322,
            1.0793329999999999,
            1.077629,
            0.9727109999999999,
            0.956839,
            0.975757,
            0.9187639999999999,
            0.9019809999999999,
            1.167962,
            1.048322,
            1.152422,
            1.126298,
            1.009333
        ],
        [
            0.556226,
            0.661336,
            0.31125400000000003,
            0.17557,
            0.221551,
            0.07118,
            0.0,
            0.046189,
            0.255205,
            0.166822,
            0.147965,
            0.160586,
            0.166588,
            0.191193,
            0.180338,
            0.9357369999999999,
            0.827219,
            1.114309,
            1.274089,
            1.2076639999999998,
            1.360605,
            1.162359,
            0.899517,
            0.9826269999999999,
            1.010087,
            0.877726,
            0.990066,
            1.234683,
            1.140895,
            1.0756739999999998,
            1.124994,
            1.117306,
            1.1259519999999998,
            1.0259269999999998,
            1.0020980000000002,
            1.018022,
            1.061027,
            1.1054460000000002,
            1.0428419999999998,
            1.046492,
            1.044535,
            1.119631,
            1.055604,
            1.127475,
            1.100085,
            1.113938,
            1.0231059999999998,
            1.0272329999999998,
            1.06712,
            1.144091,
            1.0667849999999999,
            1.09972,
            1.05741,
            1.1644700000000001,
            1.2178900000000001,
            1.110094,
            1.061616,
            1.0429119999999998,
            1.080336,
            1.107816,
            1.013954,
            1.0740750000000001,
            1.075303,
            1.051134,
            1.1131449999999998,
            1.111441,
            1.006523,
            0.990651,
            1.009569,
            0.952576,
            0.935793,
            1.201774,
            1.082134,
            1.186234,
            1.16011,
            1.043145
        ],
        [
            0.546087,
            0.651197,
            0.301115,
            0.165431,
            0.211412,
            0.061041,
            0.046189,
            0.0,
            0.245066,
            0.15668300000000002,
            0.137826,
            0.150447,
            0.156449,
            0.181054,
            0.170199,
            0.9255979999999999,
            0.81708,
            1.1041699999999999,
            1.26395,
            1.197525,
            1.350466,
            1.15222,
            0.889378,
            0.9724879999999999,
            0.999948,
            0.867587,
            0.979927,
            1.224544,
            1.130756,
            1.065535,
            1.114855,
            1.107167,
            1.115813,
            1.015788,
            0.991959,
            1.007883,
            1.050888,
            1.095307,
            1.032703,
            1.036353,
            1.034396,
            1.109492,
            1.045465,
            1.1173359999999999,
            1.0899459999999999,
            1.103799,
            1.012967,
            1.017094,
            1.056981,
            1.1339519999999998,
            1.056646,
            1.089581,
            1.0472709999999998,
            1.154331,
            1.207751,
            1.099955,
            1.051477,
            1.032773,
            1.0701969999999998,
            1.097677,
            1.003815,
            1.063936,
            1.065164,
            1.0409950000000001,
            1.103006,
            1.101302,
            0.9963839999999999,
            0.9805119999999999,
            0.9994299999999999,
            0.942437,
            0.925654,
            1.191635,
            1.071995,
            1.1760950000000001,
            1.149971,
            1.033006
        ],
        [
            0.644849,
            0.749959,
            0.39987700000000004,
            0.269057,
            0.315038,
            0.221393,
            0.255205,
            0.245066,
            0.0,
            0.134997,
            0.148758,
            0.161379,
            0.17895100000000003,
            0.25629,
            0.24543500000000001,
            1.02436,
            0.915842,
            1.2029320000000001,
            1.3627120000000001,
            1.296287,
            1.449228,
            1.250982,
            0.98814,
            1.07125,
            1.09871,
            0.966349,
            1.078689,
            1.323306,
            1.229518,
            1.164297,
            1.213617,
            1.2059289999999998,
            1.214575,
            1.11455,
            1.090721,
            1.1066449999999999,
            1.1496499999999998,
            1.194069,
            1.131465,
            1.1351149999999999,
            1.1331579999999999,
            1.208254,
            1.1442269999999999,
            1.2160980000000001,
            1.188708,
            1.202561,
            1.111729,
            1.115856,
            1.155743,
            1.232714,
            1.155408,
            1.188343,
            1.146033,
            1.253093,
            1.306513,
            1.1987169999999998,
            1.150239,
            1.131535,
            1.168959,
            1.1964389999999998,
            1.102577,
            1.162698,
            1.163926,
            1.139757,
            1.201768,
            1.2000639999999998,
            1.095146,
            1.0792739999999998,
            1.098192,
            1.041199,
            1.024416,
            1.290397,
            1.170757,
            1.274857,
            1.248733,
            1.131768
        ],
        [
            0.556466,
            0.661576,
            0.311494,
            0.180674,
            0.22665499999999997,
            0.13301,
            0.166822,
            0.15668300000000002,
            0.134997,
            0.0,
            0.060375,
            0.072996,
            0.090568,
            0.167907,
            0.157052,
            0.935977,
            0.8274590000000001,
            1.114549,
            1.274329,
            1.207904,
            1.3608449999999999,
            1.1625990000000002,
            0.899757,
            0.9828669999999999,
            1.010327,
            0.877966,
            0.990306,
            1.2349230000000002,
            1.1411350000000002,
            1.075914,
            1.1252339999999998,
            1.117546,
            1.126192,
            1.026167,
            1.002338,
            1.018262,
            1.061267,
            1.105686,
            1.043082,
            1.046732,
            1.044775,
            1.1198709999999998,
            1.055844,
            1.127715,
            1.100325,
            1.114178,
            1.023346,
            1.027473,
            1.0673599999999999,
            1.144331,
            1.0670250000000001,
            1.0999599999999998,
            1.05765,
            1.16471,
            1.21813,
            1.110334,
            1.0618560000000001,
            1.043152,
            1.080576,
            1.108056,
            1.0141939999999998,
            1.074315,
            1.0755430000000001,
            1.051374,
            1.113385,
            1.111681,
            1.0067629999999999,
            0.990891,
            1.009809,
            0.952816,
            0.936033,
            1.2020140000000001,
            1.082374,
            1.186474,
            1.16035,
            1.043385
        ],
        [
            0.537609,
            0.642719,
            0.29263700000000004,
            0.161817,
            0.20779799999999998,
            0.11415299999999999,
            0.147965,
            0.137826,
            0.148758,
            0.060375,
            0.0,
            0.031581,
            0.071711,
            0.14905000000000002,
            0.138195,
            0.9171199999999999,
            0.808602,
            1.095692,
            1.2554720000000001,
            1.189047,
            1.341988,
            1.143742,
            0.8809,
            0.9640099999999999,
            0.99147,
            0.859109,
            0.971449,
            1.216066,
            1.122278,
            1.057057,
            1.106377,
            1.0986889999999998,
            1.107335,
            1.00731,
            0.983481,
            0.999405,
            1.0424099999999998,
            1.086829,
            1.024225,
            1.0278749999999999,
            1.0259179999999999,
            1.101014,
            1.0369869999999999,
            1.1088580000000001,
            1.081468,
            1.095321,
            1.004489,
            1.008616,
            1.048503,
            1.125474,
            1.048168,
            1.081103,
            1.038793,
            1.145853,
            1.199273,
            1.0914769999999998,
            1.042999,
            1.024295,
            1.061719,
            1.0891989999999998,
            0.9953369999999999,
            1.055458,
            1.056686,
            1.032517,
            1.094528,
            1.0928239999999998,
            0.987906,
            0.972034,
            0.9909519999999999,
            0.933959,
            0.917176,
            1.183157,
            1.063517,
            1.167617,
            1.141493,
            1.024528
        ],
        [
            0.55023,
            0.65534,
            0.30525800000000003,
            0.17443799999999998,
            0.22041899999999998,
            0.126774,
            0.160586,
            0.150447,
            0.161379,
            0.072996,
            0.031581,
            0.0,
            0.08433199999999999,
            0.161671,
            0.150816,
            0.9297409999999999,
            0.821223,
            1.1083129999999999,
            1.268093,
            1.201668,
            1.354609,
            1.156363,
            0.893521,
            0.9766309999999999,
            1.0040909999999998,
            0.87173,
            0.98407,
            1.228687,
            1.134899,
            1.069678,
            1.118998,
            1.11131,
            1.119956,
            1.019931,
            0.996102,
            1.012026,
            1.055031,
            1.09945,
            1.036846,
            1.040496,
            1.038539,
            1.113635,
            1.049608,
            1.121479,
            1.0940889999999999,
            1.107942,
            1.01711,
            1.021237,
            1.061124,
            1.1380949999999999,
            1.060789,
            1.093724,
            1.0514139999999998,
            1.158474,
            1.211894,
            1.104098,
            1.05562,
            1.036916,
            1.0743399999999999,
            1.10182,
            1.007958,
            1.068079,
            1.069307,
            1.0451380000000001,
            1.107149,
            1.105445,
            1.000527,
            0.984655,
            1.0035729999999998,
            0.94658,
            0.929797,
            1.195778,
            1.076138,
            1.1802380000000001,
            1.154114,
            1.037149
        ],
        [
            0.5562320000000001,
            0.6613420000000001,
            0.31126,
            0.18044,
            0.22642099999999998,
            0.132776,
            0.166588,
            0.156449,
            0.17895100000000003,
            0.090568,
            0.071711,
            0.08433199999999999,
            0.0,
            0.16767300000000002,
            0.156818,
            0.935743,
            0.8272250000000001,
            1.114315,
            1.274095,
            1.20767,
            1.360611,
            1.162365,
            0.8995230000000001,
            0.9826329999999999,
            1.010093,
            0.877732,
            0.9900720000000001,
            1.2346890000000001,
            1.1409010000000002,
            1.07568,
            1.125,
            1.1173119999999999,
            1.125958,
            1.025933,
            1.002104,
            1.018028,
            1.061033,
            1.105452,
            1.042848,
            1.046498,
            1.044541,
            1.119637,
            1.05561,
            1.127481,
            1.100091,
            1.113944,
            1.023112,
            1.027239,
            1.067126,
            1.144097,
            1.066791,
            1.099726,
            1.057416,
            1.164476,
            1.217896,
            1.1100999999999999,
            1.061622,
            1.042918,
            1.080342,
            1.1078219999999999,
            1.01396,
            1.074081,
            1.075309,
            1.05114,
            1.113151,
            1.1114469999999999,
            1.006529,
            0.9906569999999999,
            1.009575,
            0.952582,
            0.935799,
            1.20178,
            1.08214,
            1.1862400000000002,
            1.1601160000000001,
            1.0431510000000002
        ],
        [
            0.580837,
            0.6859470000000001,
            0.33586499999999997,
            0.20504499999999998,
            0.25102599999999997,
            0.157381,
            0.191193,
            0.181054,
            0.25629,
            0.167907,
            0.14905000000000002,
            0.161671,
            0.16767300000000002,
            0.0,
            0.081941,
            0.960348,
            0.8518300000000001,
            1.13892,
            1.2987,
            1.232275,
            1.385216,
            1.18697,
            0.9241280000000001,
            1.0072379999999999,
            1.034698,
            0.902337,
            1.014677,
            1.2592940000000001,
            1.1655060000000002,
            1.100285,
            1.149605,
            1.1419169999999998,
            1.150563,
            1.050538,
            1.026709,
            1.042633,
            1.0856379999999999,
            1.130057,
            1.067453,
            1.071103,
            1.069146,
            1.144242,
            1.080215,
            1.152086,
            1.124696,
            1.138549,
            1.047717,
            1.051844,
            1.091731,
            1.168702,
            1.091396,
            1.124331,
            1.082021,
            1.189081,
            1.242501,
            1.1347049999999999,
            1.086227,
            1.067523,
            1.104947,
            1.1324269999999999,
            1.038565,
            1.098686,
            1.099914,
            1.075745,
            1.137756,
            1.1360519999999998,
            1.031134,
            1.0152619999999999,
            1.0341799999999999,
            0.977187,
            0.960404,
            1.226385,
            1.106745,
            1.210845,
            1.1847210000000001,
            1.0677560000000001
        ],
        [
            0.569982,
            0.675092,
            0.32501,
            0.19418999999999997,
            0.24017099999999997,
            0.146526,
            0.180338,
            0.170199,
            0.24543500000000001,
            0.157052,
            0.138195,
            0.150816,
            0.156818,
            0.081941,
            0.0,
            0.9494929999999999,
            0.840975,
            1.1280649999999999,
            1.287845,
            1.22142,
            1.374361,
            1.176115,
            0.913273,
            0.9963829999999999,
            1.0238429999999998,
            0.891482,
            1.003822,
            1.248439,
            1.154651,
            1.08943,
            1.13875,
            1.131062,
            1.139708,
            1.039683,
            1.015854,
            1.031778,
            1.074783,
            1.119202,
            1.056598,
            1.060248,
            1.058291,
            1.133387,
            1.06936,
            1.1412309999999999,
            1.1138409999999999,
            1.127694,
            1.036862,
            1.040989,
            1.080876,
            1.1578469999999998,
            1.080541,
            1.113476,
            1.0711659999999998,
            1.178226,
            1.231646,
            1.12385,
            1.075372,
            1.056668,
            1.0940919999999998,
            1.121572,
            1.02771,
            1.087831,
            1.089059,
            1.0648900000000001,
            1.126901,
            1.125197,
            1.020279,
            1.004407,
            1.0233249999999998,
            0.966332,
            0.949549,
            1.21553,
            1.09589,
            1.1999900000000001,
            1.173866,
            1.056901
        ],
        [
            0.7177169999999999,
            0.822827,
            0.911565,
            0.9495889999999999,
            0.9955699999999998,
            0.9019249999999999,
            0.9357369999999999,
            0.9255979999999999,
            1.02436,
            0.935977,
            0.9171199999999999,
            0.9297409999999999,
            0.935743,
            0.960348,
            0.9494929999999999,
            0.0,
            0.28939,
            0.850888,
            1.010668,
            0.9442429999999999,
            1.097184,
            0.898938,
            0.636096,
            0.7192059999999999,
            0.7466659999999998,
            0.614305,
            0.726645,
            0.9712620000000001,
            0.8774740000000001,
            0.8122529999999999,
            0.8615729999999999,
            0.8538849999999999,
            0.8625309999999999,
            0.7625059999999999,
            0.738677,
            0.7546009999999999,
            0.7976059999999999,
            0.842025,
            0.7794209999999999,
            0.783071,
            0.781114,
            0.8562099999999999,
            0.792183,
            0.864054,
            0.836664,
            0.850517,
            0.7596849999999999,
            0.7638119999999999,
            0.8036989999999999,
            0.88067,
            0.803364,
            0.8362989999999999,
            0.7939889999999998,
            0.901049,
            0.954469,
            0.8466729999999999,
            0.798195,
            0.7794909999999999,
            0.8169149999999998,
            0.8443949999999999,
            0.7505329999999999,
            0.810654,
            0.811882,
            0.7877129999999999,
            0.8497239999999999,
            0.8480199999999999,
            0.7431019999999999,
            0.7272299999999998,
            0.7461479999999998,
            0.689155,
            0.672372,
            1.308927,
            1.189287,
            1.293387,
            1.267263,
            1.150298
        ],
        [
            0.609199,
            0.7143090000000001,
            0.8030470000000001,
            0.841071,
            0.887052,
            0.793407,
            0.827219,
            0.81708,
            0.915842,
            0.8274590000000001,
            0.808602,
            0.821223,
            0.8272250000000001,
            0.8518300000000001,
            0.840975,
            0.28939,
            0.0,
            0.74237,
            0.90215,
            0.835725,
            0.988666,
            0.7904200000000001,
            0.5275780000000001,
            0.6106879999999999,
            0.6381479999999999,
            0.505787,
            0.618127,
            0.8627440000000002,
            0.7689560000000002,
            0.703735,
            0.753055,
            0.7453669999999999,
            0.754013,
            0.653988,
            0.630159,
            0.646083,
            0.6890879999999999,
            0.7335070000000001,
            0.670903,
            0.674553,
            0.672596,
            0.747692,
            0.683665,
            0.755536,
            0.728146,
            0.7419990000000001,
            0.651167,
            0.655294,
            0.6951809999999999,
            0.772152,
            0.694846,
            0.727781,
            0.6854709999999999,
            0.7925310000000001,
            0.8459510000000001,
            0.7381549999999999,
            0.689677,
            0.6709729999999999,
            0.7083969999999999,
            0.7358769999999999,
            0.642015,
            0.702136,
            0.703364,
            0.679195,
            0.741206,
            0.7395019999999999,
            0.6345839999999999,
            0.6187119999999999,
            0.6376299999999999,
            0.580637,
            0.563854,
            1.200409,
            1.080769,
            1.184869,
            1.1587450000000001,
            1.0417800000000002
        ],
        [
            0.896289,
            1.0013990000000002,
            1.090137,
            1.128161,
            1.174142,
            1.080497,
            1.114309,
            1.1041699999999999,
            1.2029320000000001,
            1.114549,
            1.095692,
            1.1083129999999999,
            1.114315,
            1.13892,
            1.1280649999999999,
            0.850888,
            0.74237,
            0.0,
            0.6416120000000001,
            0.575187,
            0.728128,
            0.529882,
            0.600326,
            0.6834359999999999,
            0.710896,
            0.578535,
            0.769481,
            1.0140980000000002,
            0.92031,
            0.855089,
            0.904409,
            0.8967209999999999,
            0.905367,
            0.805342,
            0.781513,
            0.797437,
            0.8404419999999999,
            0.884861,
            0.822257,
            0.825907,
            0.82395,
            0.8990459999999999,
            0.835019,
            0.90689,
            0.8795,
            0.893353,
            0.861839,
            0.865966,
            0.9058529999999999,
            0.9828239999999999,
            0.9055179999999999,
            0.938453,
            0.8961429999999999,
            1.003203,
            1.056623,
            0.9488269999999999,
            0.900349,
            0.8816449999999999,
            0.9190689999999999,
            0.9465489999999999,
            0.852687,
            0.912808,
            0.914036,
            0.889867,
            0.9518779999999999,
            0.9501739999999999,
            0.8452559999999999,
            0.8293839999999999,
            0.8483019999999999,
            0.7913089999999999,
            0.7745259999999999,
            1.487499,
            1.367859,
            1.471959,
            1.445835,
            1.32887
        ],
        [
            1.056069,
            1.1611790000000002,
            1.249917,
            1.287941,
            1.333922,
            1.240277,
            1.274089,
            1.26395,
            1.3627120000000001,
            1.274329,
            1.2554720000000001,
            1.268093,
            1.274095,
            1.2987,
            1.287845,
            1.010668,
            0.90215,
            0.6416120000000001,
            0.0,
            0.133597,
            0.56647,
            0.45026200000000005,
            0.7601060000000001,
            0.843216,
            0.870676,
            0.738315,
            0.929261,
            1.1738780000000002,
            1.08009,
            1.014869,
            1.064189,
            1.056501,
            1.065147,
            0.965122,
            0.941293,
            0.957217,
            1.000222,
            1.044641,
            0.982037,
            0.985687,
            0.98373,
            1.0588259999999998,
            0.994799,
            1.06667,
            1.03928,
            1.0531329999999999,
            1.021619,
            1.025746,
            1.065633,
            1.142604,
            1.0652979999999999,
            1.098233,
            1.055923,
            1.162983,
            1.2164030000000001,
            1.108607,
            1.0601289999999999,
            1.0414249999999998,
            1.078849,
            1.106329,
            1.012467,
            1.072588,
            1.0738159999999999,
            1.049647,
            1.1116579999999998,
            1.1099539999999999,
            1.005036,
            0.9891639999999999,
            1.008082,
            0.951089,
            0.934306,
            1.647279,
            1.527639,
            1.631739,
            1.605615,
            1.48865
        ],
        [
            0.989644,
            1.094754,
            1.183492,
            1.2215159999999998,
            1.2674969999999999,
            1.173852,
            1.2076639999999998,
            1.197525,
            1.296287,
            1.207904,
            1.189047,
            1.201668,
            1.20767,
            1.232275,
            1.22142,
            0.9442429999999999,
            0.835725,
            0.575187,
            0.133597,
            0.0,
            0.500045,
            0.383837,
            0.693681,
            0.776791,
            0.8042509999999999,
            0.67189,
            0.8628359999999999,
            1.107453,
            1.013665,
            0.9484439999999998,
            0.9977639999999999,
            0.990076,
            0.9987219999999999,
            0.8986969999999999,
            0.874868,
            0.8907919999999999,
            0.933797,
            0.978216,
            0.9156119999999999,
            0.919262,
            0.917305,
            0.9924009999999999,
            0.928374,
            1.000245,
            0.9728549999999999,
            0.9867079999999999,
            0.9551939999999999,
            0.9593209999999999,
            0.9992079999999999,
            1.0761789999999998,
            0.9988729999999999,
            1.0318079999999998,
            0.9894979999999999,
            1.096558,
            1.149978,
            1.042182,
            0.9937039999999999,
            0.9749999999999999,
            1.0124239999999998,
            1.039904,
            0.9460419999999998,
            1.006163,
            1.007391,
            0.9832219999999999,
            1.0452329999999999,
            1.043529,
            0.9386109999999999,
            0.9227389999999999,
            0.9416569999999999,
            0.8846639999999999,
            0.8678809999999999,
            1.580854,
            1.461214,
            1.5653139999999999,
            1.53919,
            1.422225
        ],
        [
            1.142585,
            1.247695,
            1.336433,
            1.374457,
            1.4204379999999999,
            1.326793,
            1.360605,
            1.350466,
            1.449228,
            1.3608449999999999,
