[
    {
        "NEXUS_FILE_URL": "http://purl.org/phylo/treebase/phylows/study/TB2:S11312",
        "NEWICK_TREE": "(((2:0.068253,41:0.066836):0.009225,(1:0.040592,(53:0.035921,54:0.046803):0.006982):0.009055):0.0070615,(((48:0.0131,49:0.012627):0.003861,(46:7.0E-4,50:0.002125,52:0.001474):0.011799):0.024759,((47:0.009145,51:0.006034):0.019175,(((4:0.0,(44:0.0,45:0.0):3.48E-4):7.17E-4,(3:0.001465,(5:3.65E-4,42:7.03E-4,43:6.97E-4):3.49E-4):6.82E-4):0.017128,(6:0.024823,(9:0.039156,((7:0.001412,8:3.36E-4):0.017239,(((18:0.0,19:0.003158):0.001874,(16:0.001453,32:0.001742,34:0.001454,36:0.0,40:0.001454,(14:7.26E-4,17:0.0,22:0.001042):3.46E-4):0.002846):0.001391,(31:0.002135,(29:0.004899,(15:0.002301,39:0.010996):0.001898,(38:3.47E-4,(10:0.001087,13:0.001819,20:0.001741,21:0.001079,33:6.93E-4,(11:7.29E-4,12:0.001088):0.00109,(23:0.002092,26:7.0E-4):3.41E-4,(28:4.7E-4,(25:0.0,35:0.006265):0.001732):9.31E-4,(30:3.62E-4,(24:0.001744,(27:0.0,37:7.27E-4):3.46E-4):3.5E-4):0.001046):3.48E-4):6.98E-4):6.6E-4):0.001806):0.007405):0.029137):0.007924):0.009018):0.008553):0.010107):0.0070615);",
        "DISTANCE_MATRIX": [
            [
                0,
                0.13508900000000001,
                0.127125,
                0.129436,
                0.140318,
                0.133321,
                0.132848,
                0.128859,
                0.13028399999999998,
                0.129633,
                0.13002799999999998,
                0.126917,
                0.128106,
                0.12845399999999998,
                0.12845399999999998,
                0.12953599999999998,
                0.12878499999999998,
                0.129123,
                0.12911699999999998,
                0.14410199999999998,
                0.16635899999999998,
                0.174991,
                0.173915,
                0.16701,
                0.17016799999999999,
                0.169435,
                0.16972399999999999,
                0.16943599999999998,
                0.167982,
                0.16943599999999998,
                0.16905399999999998,
                0.16832799999999998,
                0.16937,
                0.167686,
                0.17110999999999998,
                0.17041,
                0.17910500000000001,
                0.167256,
                0.168344,
                0.169076,
                0.16899799999999998,
                0.16833599999999999,
                0.16795,
                0.169076,
                0.169435,
                0.16969,
                0.168298,
                0.16865799999999997,
                0.16992,
                0.17618499999999998,
                0.168665,
                0.170397,
                0.168999,
                0.169726
            ],
            [
                0.13508900000000001,
                0,
                0.12570800000000001,
                0.128019,
                0.138901,
                0.131904,
                0.131431,
                0.127442,
                0.128867,
                0.128216,
                0.128611,
                0.1255,
                0.126689,
                0.127037,
                0.127037,
                0.12811899999999998,
                0.127368,
                0.127706,
                0.1277,
                0.142685,
                0.164942,
                0.173574,
                0.172498,
                0.165593,
                0.168751,
                0.168018,
                0.168307,
                0.168019,
                0.16656500000000002,
                0.168019,
                0.167637,
                0.166911,
                0.16795300000000002,
                0.166269,
                0.169693,
                0.168993,
                0.177688,
                0.16583900000000001,
                0.166927,
                0.167659,
                0.167581,
                0.166919,
                0.166533,
                0.167659,
                0.168018,
                0.168273,
                0.166881,
                0.167241,
                0.16850300000000001,
                0.174768,
                0.167248,
                0.16898000000000002,
                0.167582,
                0.168309
            ],
            [
                0.127125,
                0.12570800000000001,
                0,
                0.08349500000000001,
                0.094377,
                0.10549,
                0.105017,
                0.101028,
                0.102453,
                0.101802,
                0.10219700000000001,
                0.09908600000000001,
                0.100275,
                0.10062299999999999,
                0.10062299999999999,
                0.10170499999999999,
                0.100954,
                0.101292,
                0.101286,
                0.116271,
                0.138528,
                0.14716,
                0.14608400000000002,
                0.139179,
                0.14233700000000002,
                0.141604,
                0.14189300000000002,
                0.141605,
                0.140151,
                0.141605,
                0.14122300000000002,
                0.140497,
                0.141539,
                0.139855,
                0.14327900000000002,
                0.142579,
                0.15127400000000002,
                0.139425,
                0.140513,
                0.141245,
                0.14116700000000001,
                0.14050500000000002,
                0.140119,
                0.141245,
                0.141604,
                0.141859,
                0.140467,
                0.140827,
                0.142089,
                0.148354,
                0.14083400000000001,
                0.142566,
                0.14116800000000002,
                0.141895
            ],
            [
                0.129436,
                0.128019,
                0.08349500000000001,
                0,
                0.08272399999999999,
                0.10780100000000001,
                0.107328,
                0.103339,
                0.104764,
                0.104113,
                0.104508,
                0.101397,
                0.102586,
                0.102934,
                0.102934,
                0.104016,
                0.103265,
                0.103603,
                0.103597,
                0.11858199999999999,
                0.140839,
                0.14947100000000002,
                0.148395,
                0.14149,
                0.144648,
                0.14391500000000002,
                0.144204,
                0.143916,
                0.142462,
                0.143916,
                0.143534,
                0.142808,
                0.14385,
                0.14216600000000001,
                0.14559,
                0.14489000000000002,
                0.15358500000000003,
                0.141736,
                0.142824,
                0.14355600000000002,
                0.143478,
                0.142816,
                0.14243,
                0.14355600000000002,
                0.14391500000000002,
                0.14417000000000002,
                0.14277800000000002,
                0.143138,
                0.1444,
                0.150665,
                0.14314500000000002,
                0.144877,
                0.14347900000000002,
                0.144206
            ],
            [
                0.140318,
                0.138901,
                0.094377,
                0.08272399999999999,
                0,
                0.11868300000000001,
                0.11821000000000001,
                0.114221,
                0.115646,
                0.114995,
                0.11539,
                0.112279,
                0.113468,
                0.113816,
                0.113816,
                0.114898,
                0.114147,
                0.114485,
                0.114479,
                0.129464,
                0.151721,
                0.16035300000000002,
                0.159277,
                0.152372,
                0.15553,
                0.15479700000000002,
                0.155086,
                0.154798,
                0.153344,
                0.154798,
                0.154416,
                0.15369,
                0.154732,
                0.15304800000000002,
                0.156472,
                0.15577200000000002,
                0.16446700000000003,
                0.152618,
                0.153706,
                0.15443800000000002,
                0.15436,
                0.153698,
                0.153312,
                0.15443800000000002,
                0.15479700000000002,
                0.15505200000000002,
                0.15366000000000002,
                0.15402,
                0.155282,
                0.161547,
                0.15402700000000003,
                0.155759,
                0.15436100000000003,
                0.155088
            ],
            [
                0.133321,
                0.131904,
                0.10549,
                0.10780100000000001,
                0.11868300000000001,
                0,
                0.025727,
                0.02946,
                0.030885000000000003,
                0.030234,
                0.080147,
                0.077036,
                0.07822499999999999,
                0.078573,
                0.078573,
                0.079655,
                0.078904,
                0.079242,
                0.079236,
                0.094221,
                0.116478,
                0.12511,
                0.124034,
                0.11712900000000001,
                0.120287,
                0.119554,
                0.119843,
                0.119555,
                0.11810100000000001,
                0.119555,
                0.119173,
                0.118447,
                0.11948900000000001,
                0.11780499999999999,
                0.121229,
                0.120529,
                0.129224,
                0.11737500000000001,
                0.11846300000000001,
                0.119195,
                0.119117,
                0.118455,
                0.11806900000000001,
                0.119195,
                0.119554,
                0.119809,
                0.118417,
                0.118777,
                0.120039,
                0.126304,
                0.118784,
                0.12051600000000001,
                0.119118,
                0.11984500000000001
            ],
            [
                0.132848,
                0.131431,
                0.105017,
                0.107328,
                0.11821000000000001,
                0.025727,
                0,
                0.028987,
                0.030412,
                0.029761,
                0.079674,
                0.07656299999999999,
                0.07775199999999999,
                0.0781,
                0.0781,
                0.079182,
                0.078431,
                0.078769,
                0.078763,
                0.093748,
                0.116005,
                0.124637,
                0.123561,
                0.11665600000000001,
                0.119814,
                0.11908099999999999,
                0.11937,
                0.119082,
                0.11762800000000001,
                0.119082,
                0.1187,
                0.117974,
                0.11901600000000001,
                0.11733199999999999,
                0.120756,
                0.120056,
                0.128751,
                0.116902,
                0.11799000000000001,
                0.118722,
                0.118644,
                0.117982,
                0.117596,
                0.118722,
                0.11908099999999999,
                0.119336,
                0.117944,
                0.11830399999999999,
                0.119566,
                0.125831,
                0.118311,
                0.12004300000000001,
                0.118645,
                0.119372
            ],
            [
                0.128859,
                0.127442,
                0.101028,
                0.103339,
                0.114221,
                0.02946,
                0.028987,
                0,
                0.0028250000000000003,
                0.002174,
                0.075685,
                0.072574,
                0.073763,
                0.074111,
                0.074111,
                0.075193,
                0.07444200000000001,
                0.07478,
                0.07477400000000001,
                0.089759,
                0.112016,
                0.120648,
                0.11957200000000001,
                0.112667,
                0.11582500000000001,
                0.115092,
                0.11538100000000001,
                0.115093,
                0.113639,
                0.115093,
                0.11471100000000001,
                0.113985,
                0.115027,
                0.113343,
                0.11676700000000001,
                0.116067,
                0.12476200000000001,
                0.112913,
                0.114001,
                0.114733,
                0.114655,
                0.11399300000000001,
                0.113607,
                0.114733,
                0.115092,
                0.115347,
                0.113955,
                0.114315,
                0.115577,
                0.121842,
                0.11432200000000001,
                0.116054,
                0.11465600000000001,
                0.115383
            ],
            [
                0.13028399999999998,
                0.128867,
                0.102453,
                0.104764,
                0.115646,
                0.030885000000000003,
                0.030412,
                0.0028250000000000003,
                0,
                0.003599,
                0.07711000000000001,
                0.07399900000000001,
                0.075188,
                0.07553599999999999,
                0.07553599999999999,
                0.07661799999999999,
                0.075867,
                0.076205,
                0.076199,
                0.091184,
                0.11344100000000001,
                0.12207300000000001,
                0.12099700000000002,
                0.114092,
                0.11725000000000002,
                0.11651700000000001,
                0.11680600000000002,
                0.11651800000000001,
                0.115064,
                0.11651800000000001,
                0.11613600000000002,
                0.11541000000000001,
                0.116452,
                0.11476800000000001,
                0.11819200000000002,
                0.11749200000000001,
                0.12618700000000002,
                0.114338,
                0.115426,
                0.11615800000000001,
                0.11608000000000002,
                0.11541800000000002,
                0.115032,
                0.11615800000000001,
                0.11651700000000001,
                0.11677200000000001,
                0.11538000000000001,
                0.11574000000000001,
                0.117002,
                0.12326700000000002,
                0.11574700000000002,
                0.117479,
                0.11608100000000002,
                0.116808
            ],
            [
                0.129633,
                0.128216,
                0.101802,
                0.104113,
                0.114995,
                0.030234,
                0.029761,
                0.002174,
                0.003599,
                0,
                0.076459,
                0.073348,
                0.07453699999999999,
                0.074885,
                0.074885,
                0.07596699999999999,
                0.075216,
                0.075554,
                0.075548,
                0.090533,
                0.11279,
                0.121422,
                0.12034600000000001,
                0.113441,
                0.11659900000000001,
                0.115866,
                0.11615500000000001,
                0.115867,
                0.114413,
                0.115867,
                0.115485,
                0.114759,
                0.115801,
                0.114117,
                0.117541,
                0.116841,
                0.125536,
                0.113687,
                0.114775,
                0.115507,
                0.115429,
                0.11476700000000001,
                0.114381,
                0.115507,
                0.115866,
                0.116121,
                0.114729,
                0.115089,
                0.116351,
                0.122616,
                0.115096,
                0.116828,
                0.11543,
                0.116157
            ],
            [
                0.13002799999999998,
                0.128611,
                0.10219700000000001,
                0.104508,
                0.11539,
                0.080147,
                0.079674,
                0.075685,
                0.07711000000000001,
                0.076459,
                0,
                0.015179000000000002,
                0.054718,
                0.055066000000000004,
                0.055066000000000004,
                0.056148,
                0.055397,
                0.05573500000000001,
                0.055729,
                0.070714,
                0.092971,
                0.101603,
                0.100527,
                0.093622,
                0.09678,
                0.096047,
                0.096336,
                0.096048,
                0.094594,
                0.096048,
                0.095666,
                0.09494,
                0.095982,
                0.09429799999999999,
                0.097722,
                0.097022,
                0.105717,
                0.093868,
                0.094956,
                0.095688,
                0.09561,
                0.094948,
                0.094562,
                0.095688,
                0.096047,
                0.096302,
                0.09491,
                0.09527,
                0.09653199999999999,
                0.102797,
                0.095277,
                0.097009,
                0.095611,
                0.096338
            ],
            [
                0.126917,
                0.1255,
                0.09908600000000001,
                0.101397,
                0.112279,
                0.077036,
                0.07656299999999999,
                0.072574,
                0.07399900000000001,
                0.073348,
                0.015179000000000002,
                0,
                0.051607,
                0.051955,
                0.051955,
                0.053037,
                0.052286000000000006,
                0.052624000000000004,
                0.052618000000000005,
                0.067603,
                0.08986,
                0.098492,
                0.097416,
                0.09051100000000001,
                0.093669,
                0.09293599999999999,
                0.093225,
                0.09293699999999999,
                0.09148300000000001,
                0.09293699999999999,
                0.092555,
                0.091829,
                0.09287100000000001,
                0.09118699999999999,
                0.094611,
                0.093911,
                0.102606,
                0.090757,
                0.09184500000000001,
                0.09257699999999999,
                0.092499,
                0.091837,
                0.091451,
                0.09257699999999999,
                0.09293599999999999,
                0.093191,
                0.09179899999999999,
                0.09215899999999999,
                0.093421,
                0.099686,
                0.092166,
                0.09389800000000001,
                0.0925,
                0.093227
            ],
            [
                0.128106,
                0.126689,
                0.100275,
                0.102586,
                0.113468,
                0.07822499999999999,
                0.07775199999999999,
                0.073763,
                0.075188,
                0.07453699999999999,
                0.054718,
                0.051607,
                0,
                0.000348,
                0.000348,
                0.0028640000000000002,
                0.0021130000000000003,
                0.002451,
                0.002445,
                0.051686,
                0.07394300000000001,
                0.082575,
                0.081499,
                0.074594,
                0.077752,
                0.077019,
                0.077308,
                0.07702,
                0.075566,
                0.07702,
                0.076638,
                0.07591200000000001,
                0.076954,
                0.07527,
                0.078694,
                0.077994,
                0.086689,
                0.07483999999999999,
                0.075928,
                0.07666,
                0.076582,
                0.07592,
                0.07553399999999999,
                0.07666,
                0.077019,
                0.077274,
                0.075882,
                0.076242,
                0.07750399999999999,
                0.083769,
                0.076249,
                0.077981,
                0.076583,
                0.07730999999999999
            ],
            [
                0.12845399999999998,
                0.127037,
                0.10062299999999999,
                0.102934,
                0.113816,
                0.078573,
                0.0781,
                0.074111,
                0.07553599999999999,
                0.074885,
                0.055066000000000004,
                0.051955,
                0.000348,
                0,
                0.0,
                0.003212,
                0.002461,
                0.002799,
                0.002793,
                0.052034000000000004,
                0.074291,
                0.082923,
                0.081847,
                0.07494200000000001,
                0.0781,
                0.07736699999999999,
                0.077656,
                0.07736799999999999,
                0.075914,
                0.07736799999999999,
                0.076986,
                0.07626,
                0.077302,
                0.07561799999999999,
                0.079042,
                0.078342,
                0.087037,
                0.075188,
                0.076276,
                0.077008,
                0.07693,
                0.076268,
                0.075882,
                0.077008,
                0.07736699999999999,
                0.077622,
                0.07622999999999999,
                0.07658999999999999,
                0.077852,
                0.084117,
                0.076597,
                0.078329,
                0.076931,
                0.077658
            ],
            [
                0.12845399999999998,
                0.127037,
                0.10062299999999999,
                0.102934,
                0.113816,
                0.078573,
                0.0781,
                0.074111,
                0.07553599999999999,
                0.074885,
                0.055066000000000004,
                0.051955,
                0.000348,
                0.0,
                0,
                0.003212,
                0.002461,
                0.002799,
                0.002793,
                0.052034000000000004,
                0.074291,
                0.082923,
                0.081847,
                0.07494200000000001,
                0.0781,
                0.07736699999999999,
                0.077656,
                0.07736799999999999,
                0.075914,
                0.07736799999999999,
                0.076986,
                0.07626,
                0.077302,
                0.07561799999999999,
                0.079042,
                0.078342,
                0.087037,
                0.075188,
                0.076276,
                0.077008,
                0.07693,
                0.076268,
                0.075882,
                0.077008,
                0.07736699999999999,
                0.077622,
                0.07622999999999999,
                0.07658999999999999,
                0.077852,
                0.084117,
                0.076597,
                0.078329,
                0.076931,
                0.077658
            ],
            [
                0.12953599999999998,
                0.12811899999999998,
                0.10170499999999999,
                0.104016,
                0.114898,
                0.079655,
                0.079182,
                0.075193,
                0.07661799999999999,
                0.07596699999999999,
                0.056148,
                0.053037,
                0.0028640000000000002,
                0.003212,
                0.003212,
                0,
                0.002179,
                0.002517,
                0.002511,
                0.053116000000000003,
                0.075373,
                0.084005,
                0.082929,
                0.07602400000000001,
                0.079182,
                0.07844899999999999,
                0.078738,
                0.07844999999999999,
                0.076996,
                0.07844999999999999,
                0.078068,
                0.077342,
                0.078384,
                0.07669999999999999,
                0.080124,
                0.079424,
                0.088119,
                0.07627,
                0.077358,
                0.07808999999999999,
                0.078012,
                0.07735,
                0.076964,
                0.07808999999999999,
                0.07844899999999999,
                0.078704,
                0.07731199999999999,
                0.07767199999999999,
                0.078934,
                0.085199,
                0.077679,
                0.079411,
                0.078013,
                0.07874
            ],
            [
                0.12878499999999998,
                0.127368,
                0.100954,
                0.103265,
                0.114147,
                0.078904,
                0.078431,
                0.07444200000000001,
                0.075867,
                0.075216,
                0.055397,
                0.052286000000000006,
                0.0021130000000000003,
                0.002461,
                0.002461,
                0.002179,
                0,
                0.001068,
                0.001062,
                0.05236500000000001,
                0.07462200000000001,
                0.083254,
                0.082178,
                0.075273,
                0.078431,
                0.077698,
                0.077987,
                0.077699,
                0.076245,
                0.077699,
                0.077317,
                0.076591,
                0.077633,
                0.075949,
                0.079373,
                0.07867299999999999,
                0.087368,
                0.075519,
                0.076607,
                0.077339,
                0.077261,
                0.076599,
                0.076213,
                0.077339,
                0.077698,
                0.077953,
                0.076561,
                0.076921,
                0.078183,
                0.084448,
                0.076928,
                0.07866,
                0.077262,
                0.077989
            ],
            [
                0.129123,
                0.127706,
                0.101292,
                0.103603,
                0.114485,
                0.079242,
                0.078769,
                0.07478,
                0.076205,
                0.075554,
                0.05573500000000001,
                0.052624000000000004,
                0.002451,
                0.002799,
                0.002799,
                0.002517,
                0.001068,
                0,
                0.0014,
                0.052703,
                0.07496,
                0.083592,
                0.082516,
                0.075611,
                0.078769,
                0.078036,
                0.078325,
                0.078037,
                0.076583,
                0.078037,
                0.077655,
                0.076929,
                0.077971,
                0.076287,
                0.079711,
                0.079011,
                0.087706,
                0.075857,
                0.076945,
                0.077677,
                0.077599,
                0.076937,
                0.076551,
                0.077677,
                0.078036,
                0.078291,
                0.076899,
                0.077259,
                0.078521,
                0.084786,
                0.077266,
                0.078998,
                0.0776,
                0.078327
            ],
            [
                0.12911699999999998,
                0.1277,
                0.101286,
                0.103597,
                0.114479,
                0.079236,
                0.078763,
                0.07477400000000001,
                0.076199,
                0.075548,
                0.055729,
                0.052618000000000005,
                0.002445,
                0.002793,
                0.002793,
                0.002511,
                0.001062,
                0.0014,
                0,
                0.05269700000000001,
                0.074954,
                0.083586,
                0.08251,
                0.075605,
                0.078763,
                0.07803,
                0.078319,
                0.078031,
                0.07657699999999999,
                0.078031,
                0.077649,
                0.076923,
                0.07796499999999999,
                0.076281,
                0.079705,
                0.07900499999999999,
                0.0877,
                0.075851,
                0.076939,
                0.077671,
                0.077593,
                0.076931,
                0.076545,
                0.077671,
                0.07803,
                0.078285,
                0.076893,
                0.077253,
                0.078515,
                0.08478,
                0.07726,
                0.07899199999999999,
                0.077594,
                0.078321
            ],
            [
                0.14410199999999998,
                0.142685,
                0.116271,
                0.11858199999999999,
                0.129464,
                0.094221,
                0.093748,
                0.089759,
                0.091184,
                0.090533,
                0.070714,
                0.067603,
                0.051686,
                0.052034000000000004,
                0.052034000000000004,
                0.053116000000000003,
                0.05236500000000001,
                0.052703,
                0.05269700000000001,
                0,
                0.07190300000000001,
                0.080535,
                0.079459,
                0.07255400000000001,
                0.075712,
                0.074979,
                0.075268,
                0.07498,
                0.073526,
                0.07498,
                0.074598,
                0.07387200000000001,
                0.074914,
                0.07323,
                0.076654,
                0.075954,
                0.084649,
                0.0728,
                0.073888,
                0.07462,
                0.074542,
                0.07388,
                0.073494,
                0.07462,
                0.074979,
                0.075234,
                0.073842,
                0.074202,
                0.075464,
                0.081729,
                0.074209,
                0.075941,
                0.074543,
                0.07527
            ],
            [
                0.16635899999999998,
                0.164942,
                0.138528,
                0.140839,
                0.151721,
                0.116478,
                0.116005,
                0.112016,
                0.11344100000000001,
                0.11279,
                0.092971,
                0.08986,
                0.07394300000000001,
                0.074291,
                0.074291,
                0.075373,
                0.07462200000000001,
                0.07496,
                0.074954,
                0.07190300000000001,
                0,
                0.086944,
                0.085868,
                0.078963,
                0.082121,
                0.081388,
                0.081677,
                0.081389,
                0.079935,
                0.081389,
                0.081007,
                0.080281,
                0.081323,
                0.079639,
                0.083063,
                0.08236299999999999,
                0.091058,
                0.079209,
                0.08029700000000001,
                0.081029,
                0.080951,
                0.080289,
                0.079903,
                0.081029,
                0.081388,
                0.081643,
                0.080251,
                0.080611,
                0.081873,
                0.088138,
                0.080618,
                0.08235,
                0.080952,
                0.081679
            ],
            [
                0.174991,
                0.173574,
                0.14716,
                0.14947100000000002,
                0.16035300000000002,
                0.12511,
                0.124637,
                0.120648,
                0.12207300000000001,
                0.121422,
                0.101603,
                0.098492,
                0.082575,
                0.082923,
                0.082923,
                0.084005,
                0.083254,
                0.083592,
                0.083586,
                0.080535,
                0.086944,
                0,
                0.001748,
                0.029321,
                0.032479,
                0.031745999999999996,
                0.032035,
                0.031747,
                0.030293,
                0.031747,
                0.031365000000000004,
                0.030639,
                0.031681,
                0.029997000000000003,
                0.033421,
                0.032721,
                0.041416,
                0.029567000000000003,
                0.030655,
                0.031387,
                0.031309000000000003,
                0.030647,
                0.030261000000000003,
                0.031387,
                0.031746,
                0.032001,
                0.030609,
                0.030969,
                0.032231,
                0.038496,
                0.030976,
                0.032708,
                0.031310000000000004,
                0.032037
            ],
            [
                0.173915,
                0.172498,
                0.14608400000000002,
                0.148395,
                0.159277,
                0.124034,
                0.123561,
                0.11957200000000001,
                0.12099700000000002,
                0.12034600000000001,
                0.100527,
                0.097416,
                0.081499,
                0.081847,
                0.081847,
                0.082929,
                0.082178,
                0.082516,
                0.08251,
                0.079459,
                0.085868,
                0.001748,
                0,
                0.028245,
                0.031403,
                0.03067,
                0.030959,
                0.030671,
                0.029217,
                0.030671,
                0.030289,
                0.029563,
                0.030605,
                0.028921000000000002,
                0.032345,
                0.031645,
                0.04034,
                0.028491000000000002,
                0.029579,
                0.030311,
                0.030233,
                0.029571,
                0.029185000000000003,
                0.030311,
                0.030670000000000003,
                0.030925,
                0.029533,
                0.029893,
                0.031155000000000002,
                0.03742,
                0.0299,
                0.031632,
                0.030234,
                0.030961000000000002
            ],
            [
                0.16701,
                0.165593,
                0.139179,
                0.14149,
                0.152372,
                0.11712900000000001,
                0.11665600000000001,
                0.112667,
                0.114092,
                0.113441,
                0.093622,
                0.09051100000000001,
                0.074594,
                0.07494200000000001,
                0.07494200000000001,
                0.07602400000000001,
                0.075273,
                0.075611,
                0.075605,
                0.07255400000000001,
                0.078963,
                0.029321,
                0.028245,
                0,
                0.003158,
                0.006173,
                0.006462,
                0.006174,
                0.00472,
                0.006174,
                0.005791999999999999,
                0.005066,
                0.006108,
                0.007206000000000001,
                0.01063,
                0.00993,
                0.018625,
                0.006776000000000001,
                0.007864000000000001,
                0.008596000000000001,
                0.008518,
                0.007856,
                0.007470000000000001,
                0.008596000000000001,
                0.008955000000000001,
                0.009210000000000001,
                0.007818,
                0.008178,
                0.00944,
                0.015705,
                0.008185,
                0.009917,
                0.008519,
                0.009246
            ],
            [
                0.17016799999999999,
                0.168751,
                0.14233700000000002,
                0.144648,
                0.15553,
                0.120287,
                0.119814,
                0.11582500000000001,
                0.11725000000000002,
                0.11659900000000001,
                0.09678,
                0.093669,
                0.077752,
                0.0781,
                0.0781,
                0.079182,
                0.078431,
                0.078769,
                0.078763,
                0.075712,
                0.082121,
                0.032479,
                0.031403,
                0.003158,
                0,
                0.009330999999999999,
                0.00962,
                0.009332,
                0.007878,
                0.009332,
                0.00895,
                0.008224,
                0.009266,
                0.010364,
                0.013788,
                0.013087999999999999,
                0.021783,
                0.009934,
                0.011022,
                0.011754,
                0.011675999999999999,
                0.011014,
                0.010628,
                0.011754,
                0.012113,
                0.012368,
                0.010976,
                0.011335999999999999,
