{
    "NEXUS_FILE_URL": "http://purl.org/phylo/treebase/phylows/study/TB2:S11790",
    "NEWICK_TREE": "((1:0.04017942899533637,(62:0.026587662625347216,61:0.03777168294686936):0.03659481252582621):0.014110334984965682,(82:0.10360036766187021,((14:0.054854569652504494,15:0.06230916868395312):0.14215680832554636,((((9:0.013616124056355438,(8:0.02503539390955098,10:2.13262792800356E-6):0.01719276316624803):0.020731018330342903,(60:0.014820225332876668,(57:0.004158131405099173,(58:0.0015324421522140272,59:2.13262792800356E-6):0.005940312627363634):0.01382774736932721):0.049458256534970824):0.018943058676244344,(13:0.1059129209841608,(84:0.026002035914812566,(7:0.2583332934308931,(5:0.0034405426092052192,(4:0.00277726581118925,(2:2.13262792800356E-6,(6:2.13262792800356E-6,3:0.0038438068834529666):0.0019202168997938438):0.008864098272972253):0.011336943564195895):0.053116668385826064):0.02262934507170672):0.016391594745851258):0.02150555486478919):0.013910021226347425,(77:2.13262792800356E-6,(((78:0.040708168230996794,(11:0.004392288955769091,12:2.13262792800356E-6):0.008764046961268214):0.004040921780644445,(73:0.027990208332818636,((74:0.025923209625364072,(75:0.0041533797059408505,76:0.005605484852836306):0.019824659274809):0.004537184346754754,((64:0.008892021077106519,66:0.008309027813738433):0.007904316169120216,((63:0.0224399119944821,(67:0.02840313963512615,(68:2.13262792800356E-6,69:2.13262792800356E-6):8.332015100737203E-4):0.014180812458086948):0.004088978287253135,(65:0.007593950411449956,(70:0.004722686699820198,(71:2.13262792800356E-6,72:2.13262792800356E-6):6.360624413003004E-4):0.0058547981850225195):0.0054898127611236035):0.003918376237217848):0.005247935830589367):0.008008589870735501):0.02070989485998793):0.025792763133620816,((33:0.01151945996550242,(23:0.004292928742843528,32:0.1579093982153266):0.01635414101382054):0.015394776797149316,((80:0.004030578307421745,(46:0.02258640003796678,(48:2.13262792800356E-6,(51:2.13262792800356E-6,(52:0.0015768182634004091,(50:0.00743642114758406,49:0.0046439215010921015):0.0014663770819956354):2.13262792800356E-6):2.23228013710624E-6):0.012612558251113846):1.67341657093305E-5):0.01079483522258868,((22:5.152351074301152E-4,(31:0.0010542905890784794,(54:2.13262792800356E-6,83:2.13262792800356E-6):4.2499651863765986E-4):4.3157835528628505E-4):0.005804123872247737,(16:0.002894670763396219,(79:0.0028972339072516674,((27:6.620643844733296E-4,21:0.001333356776773568):0.010180069045441158,((26:2.13262792800356E-6,28:5.372922664101618E-4):2.13262792800356E-6,(38:5.358363514150884E-4,((55:0.011130512119734525,(29:2.13262792800356E-6,30:2.13262792800356E-6):7.067755971713025E-4):7.19139283065479E-5,((53:2.13262792800356E-6,(24:2.13262792800356E-6,45:2.13262792800356E-6):2.13262792800356E-6):2.13262792800356E-6,(44:0.0010604475711248086,(34:5.291582168667507E-4,(25:2.13262792800356E-6,(36:2.13262792800356E-6,((41:0.0031865991466872713,35:6.301436753909156E-4):4.780557688266657E-4,(17:2.13262792800356E-6,(37:0.0017661029975438475,((56:2.13262792800356E-6,(39:5.272924426217632E-4,18:2.13262792800356E-6):2.13262792800356E-6):5.293526425645056E-4,(47:2.13262792800356E-6,(81:0.004004919840258045,(40:0.02197816367107171,(42:0.005058934562169529,(43:2.13262792800356E-6,(19:0.018258410184337368,20:2.13262792800356E-6):0.0027773554773798414):6.564181781982966E-4):0.0017721873733318818):0.004638431579235486):8.802714107742364E-4):2.13262792800356E-6):2.13262792800356E-6):2.13262792800356E-6):2.13262792800356E-6):2.13262792800356E-6):2.13262792800356E-6):2.13262792800356E-6):2.13262792800356E-6):2.13262792800356E-6):2.13262792800356E-6):4.4403225849570647E-4):4.3421114218762614E-4):0.00408035512493665):0.003254967690491178):2.13262792800356E-6):2.13262792800356E-6):0.01926011139512671):0.005874323474845571):0.007564113552967204):0.007577323035378876):0.025737784304070525):0.02663815761809351):0.00562522299002694):0.014110334984965682);",
    "DISTANCE_MATRIX": [
        [
            0,
            0.1033619041465098,
            0.11454592446803195,
            0.17200046662713794,
            0.27103669993334556,
            0.2784912989647942,
            0.1678637018626783,
            0.19647573488212186,
            0.17144247360049886,
            0.19779504134382744,
            0.20096069478537715,
            0.20427531815985564,
            0.20274500863556963,
            0.24199197664868563,
            0.1784726863251886,
            0.4334332889129759,
            0.23165720647711407,
            0.24233087324329403,
            0.24841983833300502,
            0.2503400552327989,
            0.25418172948832385,
            0.12640339650538673,
            0.20452044005809966,
            0.17696860774414014,
            0.17257845141629907,
            0.208471453239265,
            0.21895022874930067,
            0.21700505810468645,
            0.2184571632515819,
            0.21053410785399795,
            0.20995111459062987,
            0.2241850371267243,
            0.2443290772254553,
            0.21676127172833087,
            0.21676127172833087,
            0.21073991001756262,
            0.2137234444909554,
            0.2096389528603635,
            0.2096389528603635,
            0.1684569372284565,
            0.17758454701961818,
            0.3312010164921012,
            0.16224243747066078,
            0.18081499336691517,
            0.17084328420799022,
            0.17084551648812735,
            0.17242233475152774,
            0.17974831471770703,
            0.17695581507121505,
            0.17299649431545494,
            0.17396712815238957,
            0.17333996670987678,
            0.17333996670987678,
            0.1695739387271013,
            0.16957863449888472,
            0.18077850171203877,
            0.181449794104339,
            0.17402098866291693,
            0.1745561483013991,
            0.1749867709006636,
            0.18609739285578533,
            0.1756757889611501,
            0.1756757889611501,
            0.17490136469152823,
            0.17490349731945626,
            0.17490349731945626,
            0.17595967963472503,
            0.175430522908395,
            0.17490562994738423,
            0.17490776257531226,
            0.1785724174908262,
            0.17601596201952985,
            0.17491202783116827,
            0.1766781308287121,
            0.17544564572958876,
            0.17597293817221055,
            0.1754477783575168,
            0.17491842571495225,
            0.17980148433805657,
            0.20241315974810573,
            0.18726611801253543,
            0.1828657342564922,
            0.2038993672902814,
            0.18564308973387203
        ],
        [
            0.1033619041465098,
            0,
            0.06435934557221658,
            0.195003512782975,
            0.2940397460891826,
            0.3014943451206312,
            0.19086674801851533,
            0.21947878103795893,
            0.19444551975633592,
            0.2207980874996645,
            0.22396374094121418,
            0.2272783643156927,
            0.2257480547914067,
            0.2649950228045227,
            0.20147573248102565,
            0.4564363350688129,
            0.2546602526329511,
            0.2653339193991311,
            0.27142288448884205,
            0.27334310138863593,
            0.2771847756441609,
            0.14940644266122377,
            0.2275234862139367,
            0.1999716538999772,
            0.1955814975721361,
            0.23147449939510206,
            0.24195327490513774,
            0.2400081042605235,
            0.24146020940741897,
            0.233537154009835,
            0.2329541607464669,
            0.24718808328256137,
            0.26733212338129236,
            0.2397643178841679,
            0.2397643178841679,
            0.23374295617339969,
            0.23672649064679246,
            0.23264199901620053,
            0.23264199901620053,
            0.19145998338429357,
            0.20058759317545521,
            0.35420406264793824,
            0.18524548362649784,
            0.20381803952275224,
            0.19384633036382726,
            0.19384856264396438,
            0.19542538090736478,
            0.20275136087354406,
            0.19995886122705211,
            0.19599954047129198,
            0.1969701743082266,
            0.19634301286571382,
            0.19634301286571382,
            0.19257698488293834,
            0.19258168065472178,
            0.20378154786787583,
            0.20445284026017607,
            0.19702403481875397,
            0.19755919445723613,
            0.19798981705650068,
            0.2091004390116224,
            0.19867883511698714,
            0.19867883511698714,
            0.1979044108473653,
            0.1979065434752933,
            0.1979065434752933,
            0.1989627257905621,
            0.19843356906423204,
            0.1979086761032213,
            0.1979108087311493,
            0.20157546364666323,
            0.19901900817536688,
            0.1979150739870053,
            0.19968117698454915,
            0.19844869188542583,
            0.19897598432804758,
            0.19845082451335383,
            0.19792147187078932,
            0.20280453049389363,
            0.2254162059039428,
            0.2102691641683725,
            0.20586878041232926,
            0.22690241344611844,
            0.2086461358897091
        ],
        [
            0.11454592446803195,
            0.06435934557221658,
            0,
            0.20618753310449717,
            0.30522376641070476,
            0.3126783654421534,
            0.2020507683400375,
            0.23066280135948108,
            0.20562954007785808,
            0.23198210782118667,
            0.23514776126273634,
            0.23846238463721486,
            0.23693207511292885,
            0.27617904312604485,
            0.2126597528025478,
            0.4676203553903351,
            0.26584427295447327,
            0.27651793972065325,
            0.2826069048103642,
            0.2845271217101581,
            0.28836879596568304,
            0.16059046298274593,
            0.23870750653545886,
            0.21115567422149936,
            0.20676551789365827,
            0.24265851971662422,
            0.2531372952266599,
            0.25119212458204565,
            0.2526442297289411,
            0.24472117433135715,
            0.24413818106798907,
            0.2583721036040835,
            0.2785161437028145,
            0.25094833820569007,
            0.25094833820569007,
            0.24492697649492184,
            0.24791051096831462,
            0.2438260193377227,
            0.2438260193377227,
            0.20264400370581573,
            0.21177161349697737,
            0.3653880829694604,
            0.19642950394802,
            0.2150020598442744,
            0.20503035068534942,
            0.20503258296548654,
            0.20660940122888694,
            0.21393538119506622,
            0.21114288154857427,
            0.20718356079281414,
            0.20815419462974877,
            0.20752703318723598,
            0.20752703318723598,
            0.2037610052044605,
            0.20376570097624394,
            0.214965568189398,
            0.21563686058169823,
            0.20820805514027613,
            0.2087432147787583,
            0.20917383737802284,
            0.22028445933314456,
            0.2098628554385093,
            0.2098628554385093,
            0.20908843116888745,
            0.20909056379681545,
            0.20909056379681545,
            0.21014674611208425,
            0.2096175893857542,
            0.20909269642474346,
            0.20909482905267146,
            0.2127594839681854,
            0.21020302849688904,
            0.20909909430852747,
            0.2108651973060713,
            0.20963271220694799,
            0.21016000464956974,
            0.209634844834876,
            0.20910549219231148,
            0.2139885508154158,
            0.23660022622546495,
            0.22145318448989465,
            0.21705280073385141,
            0.2380864337676406,
            0.21983015621123125
        ],
        [
            0.17200046662713794,
            0.195003512782975,
            0.20618753310449717,
            0,
            0.306236968629948,
            0.3136915676613966,
            0.20306397055928077,
            0.2316760035787243,
            0.20664274229710133,
            0.2329953100404299,
            0.23616096348197962,
            0.2394755868564581,
            0.23794527733217208,
            0.2771922453452881,
            0.21367295502179107,
            0.46863355760957837,
            0.26685747517371655,
            0.2775311419398965,
            0.2836201070296075,
            0.2855403239294013,
            0.28938199818492627,
            0.16160366520198918,
            0.23972070875470214,
            0.21216887644074262,
            0.20777872011290155,
            0.24367172193586745,
            0.2541504974459031,
            0.25220532680128893,
            0.25365743194818435,
            0.24573437655060043,
            0.24515138328723235,
            0.25938530582332675,
            0.27952934592205775,
            0.25196154042493335,
            0.25196154042493335,
            0.24594017871416507,
            0.24892371318755785,
            0.24483922155696597,
            0.24483922155696597,
            0.20365720592505898,
            0.21278481571622065,
            0.3664012851887037,
            0.19744270616726325,
            0.21601526206351762,
            0.2060435529045927,
            0.20604578518472982,
            0.20762260344813022,
            0.2149485834143095,
            0.21215608376781753,
            0.20819676301205742,
            0.20916739684899205,
            0.20854023540647926,
            0.20854023540647926,
            0.20477420742370378,
            0.2047789031954872,
            0.21597877040864122,
            0.21665006280094146,
            0.2092212573595194,
            0.20975641699800157,
            0.2101870395972661,
            0.22129766155238778,
            0.21087605765775258,
            0.21087605765775258,
            0.2101016333881307,
            0.21010376601605874,
            0.21010376601605874,
            0.2111599483313275,
            0.21063079160499748,
            0.2101058986439867,
            0.21010803127191474,
            0.21377268618742867,
            0.21121623071613232,
            0.21011229652777075,
            0.21187839952531456,
            0.21064591442619124,
            0.21117320686881302,
            0.21064804705411927,
            0.21011869441155473,
            0.21500175303465902,
            0.23761342844470817,
            0.22246638670913788,
            0.21806600295309464,
            0.23909963598688388,
            0.22084335843047448
        ],
        [
            0.27103669993334556,
            0.2940397460891826,
            0.30522376641070476,
            0.306236968629948,
            0,
            0.11716373833645762,
            0.29084975788543443,
            0.31946179090487803,
            0.29442852962325505,
            0.3207810973665836,
            0.3239467508081333,
            0.3272613741826118,
            0.3257310646583258,
            0.3649780326714418,
            0.3014587423479448,
            0.5564193449357321,
            0.3546432624998702,
            0.3653169292660502,
            0.3714058943557612,
            0.37332611125555504,
            0.37716778551108,
            0.24938945252814287,
            0.3275064960808558,
            0.29995466376689633,
            0.29556450743905527,
            0.33145750926202117,
            0.34193628477205684,
            0.33999111412744265,
            0.3414432192743381,
            0.3335201638767541,
            0.332937170613386,
            0.34717109314948047,
            0.36731513324821147,
            0.33974732775108707,
            0.33974732775108707,
            0.3337259660403188,
            0.33670950051371157,
            0.33262500888311963,
            0.33262500888311963,
            0.2914429932512127,
            0.3005706030423744,
            0.4541870725148574,
            0.28522849349341695,
            0.30380104938967134,
            0.29382934023074636,
            0.29383157251088354,
            0.29540839077428394,
            0.30273437074046317,
            0.29994187109397125,
            0.2959825503382111,
            0.2969531841751457,
            0.296326022732633,
            0.296326022732633,
            0.2925599947498575,
            0.2925646905216409,
            0.30376455773479494,
            0.3044358501270952,
            0.29700704468567307,
            0.29754220432415524,
            0.2979728269234198,
            0.3090834488785415,
            0.29866184498390624,
            0.29866184498390624,
            0.2978874207142844,
            0.29788955334221245,
            0.29788955334221245,
            0.2989457356574812,
            0.29841657893115114,
            0.29789168597014043,
            0.2978938185980684,
            0.30155847351358234,
            0.299002018042286,
            0.29789808385392447,
            0.2996641868514683,
            0.29843170175234496,
            0.29895899419496674,
            0.29843383438027293,
            0.29790448173770845,
            0.30278754036081273,
            0.3253992157708619,
            0.3102521740352916,
            0.30585179027924836,
            0.3268854233130376,
            0.3086291457566282
        ],
        [
            0.2784912989647942,
            0.3014943451206312,
            0.3126783654421534,
            0.3136915676613966,
            0.11716373833645762,
            0,
            0.29830435691688306,
            0.32691638993632666,
            0.3018831286547037,
            0.32823569639803224,
            0.3314013498395819,
            0.33471597321406044,
            0.3331856636897744,
            0.3724326317028904,
            0.3089133413793934,
            0.5638739439671807,
            0.36209786153131884,
            0.3727715282974988,
            0.37886049338720984,
            0.38078071028700367,
            0.3846223845425286,
            0.2568440515595915,
            0.33496109511230443,
            0.30740926279834496,
            0.3030191064705039,
            0.3389121082934698,
            0.34939088380350547,
            0.3474457131588913,
            0.3488978183057867,
            0.3409747629082027,
            0.34039176964483464,
            0.3546256921809291,
            0.3747697322796601,
            0.3472019267825357,
            0.3472019267825357,
            0.3411805650717674,
            0.3441640995451602,
            0.34007960791456826,
            0.34007960791456826,
            0.29889759228266133,
            0.308025202073823,
            0.46164167154630603,
            0.2926830925248656,
            0.31125564842111997,
            0.301283939262195,
            0.30128617154233217,
            0.30286298980573256,
            0.3101889697719118,
            0.3073964701254199,
            0.3034371493696597,
            0.30440778320659434,
            0.3037806217640816,
            0.3037806217640816,
            0.3000145937813061,
            0.30001928955308954,
            0.31121915676624357,
            0.3118904491585438,
            0.3044616437171217,
            0.30499680335560386,
            0.30542742595486844,
            0.31653804790999013,
            0.30611644401535487,
            0.30611644401535487,
            0.30534201974573305,
            0.3053441523736611,
            0.3053441523736611,
            0.30640033468892985,
            0.30587117796259977,
            0.30534628500158906,
            0.30534841762951703,
            0.30901307254503096,
            0.3064566170737346,
            0.3053526828853731,
            0.3071187858829169,
            0.3058863007837936,
            0.30641359322641537,
            0.30588843341172156,
            0.3053590807691571,
            0.31024213939226136,
            0.3328538148023105,
            0.3177067730667402,
            0.313306389310697,
            0.33434002234448623,
            0.3160837447880768
        ],
        [
            0.1678637018626783,
            0.19086674801851533,
            0.2020507683400375,
            0.20306397055928077,
            0.29084975788543443,
            0.29830435691688306,
            0,
            0.05584428113215445,
            0.03081101985053147,
            0.09862562425454582,
            0.10179127769609554,
            0.10510590107057403,
            0.10357559154628801,
            0.18070867691189269,
            0.1171893865883957,
            0.37214998917618297,
            0.17037390674032113,
            0.18104757350650108,
            0.18713653859621207,
            0.18905675549600592,
            0.19289842975153088,
            0.09294013922128863,
            0.17105718277400156,
            0.1435053504600421,
            0.13911519413220097,
            0.17500819595516692,
            0.1854869714652026,
            0.18354180082058835,
            0.18499390596748383,
            0.17707085056989985,
            0.17648785730653177,
            0.19072177984262623,
            0.21086581994135722,
            0.18329801444423277,
            0.18329801444423277,
            0.17727665273346455,
            0.18026018720685733,
            0.1761756955762654,
            0.1761756955762654,
            0.13499367994435846,
            0.1441212897355201,
            0.29773775920800316,
            0.1287791801865627,
            0.1473517360828171,
            0.13738002692389215,
            0.13738225920402924,
            0.13895907746742964,
            0.14628505743360892,
            0.143492557787117,
            0.13953323703135684,
            0.1405038708682915,
            0.13987670942577868,
            0.13987670942577868,
            0.1361106814430032,
            0.13611537721478667,
            0.1473152444279407,
            0.14798653682024093,
            0.14055773137881883,
            0.141092891017301,
            0.14152351361656557,
            0.15263413557168726,
            0.142212531677052,
            0.142212531677052,
            0.14143810740743018,
            0.14144024003535816,
            0.14144024003535816,
            0.14249642235062698,
            0.14196726562429693,
            0.1414423726632862,
            0.14144450529121416,
            0.14510916020672812,
            0.14255270473543175,
            0.1414487705470702,
            0.14321487354461404,
            0.14198238844549071,
            0.14250968088811247,
            0.1419845210734187,
            0.1414551684308542,
            0.1463382270539585,
            0.16894990246400765,
            0.15380286072843735,
            0.14940247697239412,
            0.1704361100061833,
            0.15217983244977396
        ],
        [
            0.19647573488212186,
            0.21947878103795893,
            0.23066280135948108,
            0.2316760035787243,
            0.31946179090487803,
            0.32691638993632666,
            0.05584428113215445,
            0,
            0.025037526537478982,
            0.1272376572739894,
            0.13040331071553912,
            0.1337179340900176,
            0.13218762456573158,
            0.20932070993133625,
            0.14580141960783927,
            0.4007620221956265,
            0.1989859397597647,
            0.20965960652594465,
            0.21574857161565564,
            0.2176687885154495,
            0.22151046277097444,
            0.1215521722407322,
            0.19966921579344515,
            0.17211738347948563,
            0.16772722715164456,
            0.20362022897461046,
            0.21409900448464614,
            0.21215383384003195,
            0.21360593898692737,
            0.20568288358934345,
            0.20509989032597536,
            0.21933381286206977,
            0.23947785296080076,
            0.21191004746367637,
            0.21191004746367637,
            0.20588868575290808,
            0.20887222022630086,
            0.20478772859570898,
            0.20478772859570898,
            0.163605712963802,
            0.17273332275496367,
            0.32634979222744676,
            0.15739121320600627,
            0.17596376910226064,
            0.1659920599433357,
            0.16599429222347284,
            0.16757111048687323,
            0.17489709045305252,
            0.17210459080656054,
            0.16814527005080043,
            0.16911590388773506,
            0.16848874244522227,
            0.16848874244522227,
            0.1647227144624468,
            0.16472741023423024,
            0.17592727744738423,
            0.17659856983968447,
            0.16916976439826242,
            0.1697049240367446,
            0.1701355466360091,
            0.1812461685911308,
            0.1708245646964956,
            0.1708245646964956,
            0.17005014042687372,
            0.17005227305480175,
            0.17005227305480175,
            0.17110845537007055,
            0.1705792986437405,
            0.17005440568272973,
            0.17005653831065776,
            0.1737211932261717,
            0.17116473775487534,
            0.17006080356651376,
            0.1718269065640576,
            0.17059442146493425,
            0.17112171390755604,
            0.17059655409286228,
            0.17006720145029777,
            0.17495026007340203,
            0.1975619354834512,
            0.1824148937478809,
            0.17801450999183766,
            0.1990481430256269,
            0.1807918654692175
        ],
        [
            0.17144247360049886,
            0.19444551975633592,
            0.20562954007785808,
            0.20664274229710133,
            0.29442852962325505,
            0.3018831286547037,
            0.03081101985053147,
            0.025037526537478982,
            0,
            0.10220439599236641,
            0.10537004943391615,
            0.10868467280839464,
            0.1071543632841086,
            0.18428744864971328,
            0.12076815832621629,
            0.37572876091400353,
            0.17395267847814172,
            0.18462634524432167,
            0.19071531033403266,
            0.19263552723382651,
            0.19647720148935147,
            0.09651891095910922,
            0.17463595451182218,
            0.14708412219786265,
            0.1426939658700216,
            0.17858696769298749,
            0.18906574320302316,
            0.18712057255840897,
            0.1885726777053044,
            0.18064962230772047,
            0.1800666290443524,
            0.1943005515804468,
            0.2144445916791778,
            0.1868767861820534,
            0.1868767861820534,
            0.1808554244712851,
            0.1838389589446779,
            0.179754467314086,
            0.179754467314086,
            0.13857245168217902,
            0.1477000614733407,
            0.3013165309458238,
            0.1323579519243833,
            0.15093050782063766,
            0.14095879866171274,
            0.14096103094184986,
            0.14253784920525026,
            0.14986382917142954,
            0.14707132952493757,
            0.14311200876917746,
            0.1440826426061121,
            0.1434554811635993,
            0.1434554811635993,
            0.13968945318082382,
            0.13969414895260726,
            0.15089401616576126,
            0.1515653085580615,
            0.14413650311663945,
            0.1446716627551216,
            0.14510228535438613,
            0.15621290730950782,
            0.14579130341487262,
            0.14579130341487262,
            0.14501687914525074,
            0.14501901177317877,
            0.14501901177317877,
            0.14607519408844757,
            0.14554603736211752,
            0.14502114440110675,
            0.14502327702903478,
            0.1486879319445487,
            0.14613147647325236,
            0.1450275422848908,
            0.14679364528243463,
            0.14556116018331128,
            0.14608845262593306,
            0.1455632928112393,
            0.1450339401686748,
            0.14991699879177905,
            0.1725286742018282,
            0.15738163246625791,
            0.15298124871021468,
            0.17401488174400392,
            0.15575860418759452
        ],
        [
            0.19779504134382744,
            0.2207980874996645,
            0.23198210782118667,
            0.2329953100404299,
            0.3207810973665836,
            0.32823569639803224,
            0.09862562425454582,
            0.1272376572739894,
            0.10220439599236641,
            0,
            0.03280610410730305,
            0.036120727481781544,
            0.03459041795749552,
            0.21064001639304183,
            0.14712072606954485,
            0.40208132865733215,
            0.20030524622147028,
            0.21097891298765023,
            0.21706787807736122,
            0.21898809497715507,
            0.22282976923268003,
            0.12287147870243778,
            0.20098852225515074,
            0.1734366899411912,
            0.16904653361335015,
            0.20493953543631604,
            0.21541831094635172,
            0.21347314030173753,
            0.21492524544863295,
            0.20700219005104903,
            0.20641919678768095,
            0.22065311932377535,
            0.24079715942250635,
            0.21322935392538195,
            0.21322935392538195,
            0.20720799221461367,
            0.21019152668800645,
            0.20610703505741457,
            0.20610703505741457,
            0.16492501942550758,
            0.17405262921666925,
            0.32766909868915234,
            0.15871051966771185,
            0.17728307556396622,
            0.1673113664050413,
            0.16731359868517842,
            0.16889041694857881,
            0.1762163969147581,
            0.17342389726826613,
            0.16946457651250602,
            0.17043521034944065,
            0.16980804890692786,
            0.16980804890692786,
            0.16604202092415238,
            0.16604671669593582,
            0.17724658390908982,
            0.17791787630139005,
            0.170489070859968,
            0.17102423049845017,
            0.1714548530977147,
            0.18256547505283638,
            0.17214387115820118,
            0.17214387115820118,
            0.1713694468885793,
            0.17137157951650733,
            0.17137157951650733,
            0.17242776183177613,
            0.17189860510544608,
            0.1713737121444353,
            0.17137584477236334,
            0.17504049968787727,
            0.17248404421658092,
            0.17138011002821935,
            0.1731462130257632,
            0.17191372792663984,
            0.17244102036926162,
            0.17191586055456787,
            0.17138650791200336,
            0.1762695665351076,
            0.19888124194515677,
            0.18373420020958647,
            0.17933381645354324,
            0.20036744948733248,
            0.18211117193092308
        ],
        [
            0.20096069478537715,
            0.22396374094121418,
            0.23514776126273634,
            0.23616096348197962,
            0.3239467508081333,
            0.3314013498395819,
            0.10179127769609554,
            0.13040331071553912,
            0.10537004943391615,
            0.03280610410730305,
            0,
            0.011630886184676833,
            0.01010057666039081,
            0.21380566983459154,
            0.15028637951109455,
            0.4052469820988818,
            0.20347089966301998,
            0.21414456642919993,
            0.22023353151891092,
            0.22215374841870478,
            0.22599542267422973,
            0.12603713214398748,
            0.2041541756967004,
            0.17660234338274095,
            0.17221218705489982,
            0.20810518887786578,
            0.21858396438790145,
            0.2166387937432872,
            0.21809089889018268,
            0.2101678434925987,
            0.20958485022923062,
            0.22381877276532508,
            0.24396281286405608,
            0.21639500736693162,
            0.21639500736693162,
            0.2103736456561634,
            0.21335718012955618,
            0.20927268849896424,
            0.20927268849896424,
            0.1680906728670573,
            0.17721828265821896,
            0.330834752130702,
            0.16187617310926156,
            0.18044872900551595,
            0.170477019846591,
            0.1704792521267281,
            0.1720560703901285,
            0.17938205035630778,
            0.17658955070981586,
            0.1726302299540557,
            0.17360086379099035,
            0.17297370234847753,
            0.17297370234847753,
            0.16920767436570205,
            0.16921237013748552,
            0.18041223735063955,
            0.18108352974293979,
            0.17365472430151768,
            0.17418988393999985,
            0.17462050653926442,
            0.1857311284943861,
            0.17530952459975085,
            0.17530952459975085,
            0.17453510033012903,
            0.174537232958057,
            0.174537232958057,
            0.17559341527332584,
            0.17506425854699578,
            0.17453936558598504,
            0.17454149821391302,
            0.17820615312942698,
            0.1756496976581306,
            0.17454576346976905,
            0.1763118664673129,
            0.17507938136818957,
            0.17560667381081133,
            0.17508151399611754,
            0.17455216135355306,
            0.17943521997665735,
            0.2020468953867065,
            0.1868998536511362,
            0.18249946989509297,
            0.20353310292888216,
            0.1852768253724728
        ],
        [
            0.20427531815985564,
            0.2272783643156927,
            0.23846238463721486,
            0.2394755868564581,
            0.3272613741826118,
            0.33471597321406044,
            0.10510590107057403,
            0.1337179340900176,
            0.10868467280839464,
            0.036120727481781544,
            0.011630886184676833,
            0,
            0.0015345747801420308,
            0.21712029320907003,
            0.15360100288557305,
            0.4085616054733603,
            0.20678552303749848,
            0.21745918980367843,
            0.22354815489338942,
            0.22546837179318327,
            0.22931004604870822,
            0.12935175551846598,
            0.20746879907117893,
            0.1799169667572194,
            0.17552681042937834,
            0.21141981225234424,
            0.22189858776237992,
            0.21995341711776573,
            0.22140552226466115,
            0.21348246686707723,
            0.21289947360370914,
            0.22713339613980355,
            0.24727743623853454,
            0.21970963074141014,
            0.21970963074141014,
            0.21368826903064186,
            0.21667180350403464,
            0.21258731187344276,
            0.21258731187344276,
            0.17140529624153578,
            0.18053290603269745,
            0.33414937550518053,
            0.16519079648374005,
            0.18376335237999442,
            0.1737916432210695,
            0.17379387550120662,
            0.175370693764607,
            0.1826966737307863,
            0.17990417408429432,
            0.1759448533285342,
            0.17691548716546884,
            0.17628832572295605,
            0.17628832572295605,
            0.17252229774018057,
            0.17252699351196402,
            0.183726860725118,
            0.18439815311741825,
            0.1769693476759962,
            0.17750450731447837,
            0.17793512991374288,
            0.18904575186886458,
            0.17862414797422937,
            0.17862414797422937,
            0.1778497237046075,
            0.17785185633253553,
            0.17785185633253553,
            0.17890803864780433,
            0.17837888192147427,
            0.1778539889604635,
            0.17785612158839154,
            0.18152077650390547,
            0.17896432103260912,
            0.17786038684424754,
            0.1796264898417914,
            0.17839400474266803,
            0.17892129718528982,
            0.17839613737059606,
            0.17786678472803155,
            0.1827498433511358,
            0.20536151876118497,
            0.19021447702561467,
            0.18581409326957143,
            0.20684772630336068,
            0.18859144874695127
        ],
        [
            0.20274500863556963,
            0.2257480547914067,
            0.23693207511292885,
            0.23794527733217208,
            0.3257310646583258,
            0.3331856636897744,
            0.10357559154628801,
            0.13218762456573158,
            0.1071543632841086,
            0.03459041795749552,
            0.01010057666039081,
            0.0015345747801420308,
            0,
            0.21558998368478402,
            0.15207069336128703,
            0.4070312959490743,
            0.20525521351321246,
            0.21592888027939242,
            0.2220178453691034,
            0.22393806226889726,
            0.2277797365244222,
            0.12782144599417997,
            0.20593848954689292,
            0.1783866572329334,
            0.17399650090509233,
            0.20988950272805823,
            0.2203682782380939,
            0.21842310759347972,
            0.21987521274037514,
            0.21195215734279121,
            0.21136916407942313,
            0.22560308661551753,
            0.24574712671424853,
            0.21817932121712413,
            0.21817932121712413,
            0.21215795950635585,
            0.21514149397974863,
            0.21105700234915675,
            0.21105700234915675,
            0.16987498671724977,
            0.17900259650841144,
            0.3326190659808945,
            0.16366048695945404,
            0.1822330428557084,
            0.17226133369678348,
            0.1722635659769206,
            0.173840384240321,
            0.18116636420650029,
            0.1783738645600083,
            0.1744145438042482,
            0.17538517764118283,
            0.17475801619867004,
            0.17475801619867004,
            0.17099198821589456,
            0.170996683987678,
            0.182196551200832,
            0.18286784359313224,
            0.1754390381517102,
            0.17597419779019235,
            0.17640482038945687,
            0.18751544234457856,
            0.17709383844994336,
            0.17709383844994336,
            0.1763194141803215,
            0.17632154680824952,
            0.17632154680824952,
            0.17737772912351832,
            0.17684857239718826,
            0.1763236794361775,
            0.17632581206410552,
            0.17999046697961946,
            0.1774340115083231,
            0.17633007731996153,
            0.17809618031750538,
            0.17686369521838202,
            0.1773909876610038,
            0.17686582784631005,
            0.17633647520374554,
            0.1812195338268498,
            0.20383120923689896,
            0.18868416750132866,
            0.18428378374528542,
            0.20531741677907467,
            0.18706113922266526
        ],
        [
            0.24199197664868563,
            0.2649950228045227,
            0.27617904312604485,
            0.2771922453452881,
            0.3649780326714418,
            0.3724326317028904,
            0.18070867691189269,
            0.20932070993133625,
            0.18428744864971328,
            0.21064001639304183,
