{
    "NEXUS_FILE_URL": "http://purl.org/phylo/treebase/phylows/study/TB2:S14752",
    "NEWICK_TREE": "((21:0.054482,(19:0.0,20:0.0):0.043899):0.052615,(((5:0.004944,6:0.0):0.021793,(12:0.00165,13:0.0):0.033604):0.054194,((11:0.275874,(14:0.0,15:0.008038):0.119513,(3:0.001304,(1:0.004529,(2:0.0,4:0.003186):0.00494):0.05915):0.021218):0.006243,((16:0.02131,17:0.037027):0.01589,(18:0.039893,((7:0.0,8:0.006488):0.018981,(9:0.001607,10:0.0):0.046322):0.023708):0.002882):0.015355):0.026341):0.052615);",
    "DISTANCE_MATRIX": [
        [
            0.0,
            0.098381,
            0.098381,
            0.240643,
            0.235699,
            0.24916,
            0.24751,
            0.46817000000000003,
            0.311809,
            0.319847,
            0.214818,
            0.277193,
            0.277604,
            0.28079,
            0.238608,
            0.254325,
            0.244183,
            0.246979,
            0.253467,
            0.27592700000000003,
            0.27432
        ],
        [
            0.098381,
            0.0,
            0.0,
            0.23006,
            0.22511599999999998,
            0.23857699999999998,
            0.236927,
            0.457587,
            0.301226,
            0.309264,
            0.204235,
            0.26661,
            0.267021,
            0.27020700000000003,
            0.22802499999999998,
            0.24374200000000001,
            0.23360000000000003,
            0.236396,
            0.242884,
            0.265344,
            0.263737
        ],
        [
            0.098381,
            0.0,
            0.0,
            0.23006,
            0.22511599999999998,
            0.23857699999999998,
            0.236927,
            0.457587,
            0.301226,
            0.309264,
            0.204235,
            0.26661,
            0.267021,
            0.27020700000000003,
            0.22802499999999998,
            0.24374200000000001,
            0.23360000000000003,
            0.236396,
            0.242884,
            0.265344,
            0.263737
        ],
        [
            0.240643,
            0.23006,
            0.23006,
            0.0,
            0.004944,
            0.061991000000000004,
            0.060341000000000006,
            0.389389,
            0.233028,
            0.241066,
            0.13603700000000002,
            0.198412,
            0.19882300000000003,
            0.202009,
            0.159827,
            0.175544,
            0.165402,
            0.16819800000000001,
            0.174686,
            0.19714600000000002,
            0.19553900000000002
        ],
        [
            0.235699,
            0.22511599999999998,
            0.22511599999999998,
            0.004944,
            0.0,
            0.057047,
            0.055397,
            0.38444500000000004,
            0.228084,
            0.236122,
            0.13109300000000002,
            0.193468,
            0.19387900000000002,
            0.197065,
            0.154883,
            0.1706,
            0.160458,
            0.163254,
            0.169742,
            0.192202,
            0.19059500000000001
        ],
        [
            0.24916,
            0.23857699999999998,
            0.23857699999999998,
            0.061991000000000004,
            0.057047,
            0.0,
            0.00165,
            0.397906,
            0.241545,
            0.249583,
            0.14455400000000002,
            0.206929,
            0.20734000000000002,
            0.210526,
            0.168344,
            0.184061,
            0.173919,
            0.176715,
            0.183203,
            0.205663,
            0.20405600000000002
        ],
        [
            0.24751,
            0.236927,
            0.236927,
            0.060341000000000006,
            0.055397,
            0.00165,
            0.0,
            0.396256,
            0.23989500000000002,
            0.24793300000000001,
            0.142904,
            0.205279,
            0.20569,
            0.208876,
            0.166694,
            0.182411,
            0.172269,
            0.17506500000000003,
            0.18155300000000002,
            0.204013,
            0.20240600000000003
        ],
        [
            0.46817000000000003,
            0.457587,
            0.457587,
            0.389389,
            0.38444500000000004,
            0.397906,
            0.396256,
            0.0,
            0.395387,
            0.40342500000000003,
            0.298396,
            0.360771,
            0.361182,
            0.364368,
            0.334672,
            0.350389,
            0.340247,
            0.343043,
            0.34953100000000004,
            0.371991,
            0.37038400000000005
        ],
        [
            0.311809,
            0.301226,
            0.301226,
            0.233028,
            0.228084,
            0.241545,
            0.23989500000000002,
            0.395387,
            0.0,
            0.008038,
            0.142035,
            0.20440999999999998,
            0.204821,
            0.208007,
            0.178311,
            0.194028,
            0.183886,
            0.18668200000000001,
            0.19317,
            0.21563000000000002,
            0.21402300000000002
        ],
        [
            0.319847,
            0.309264,
            0.309264,
            0.241066,
            0.236122,
            0.249583,
            0.24793300000000001,
            0.40342500000000003,
            0.008038,
            0.0,
            0.150073,
            0.212448,
            0.21285900000000002,
            0.216045,
            0.186349,
            0.202066,
            0.19192399999999998,
            0.19472,
            0.201208,
            0.223668,
            0.222061
        ],
        [
            0.214818,
            0.204235,
            0.204235,
            0.13603700000000002,
            0.13109300000000002,
            0.14455400000000002,
            0.142904,
            0.298396,
            0.142035,
            0.150073,
            0.0,
            0.064983,
            0.06539400000000001,
            0.06858,
            0.08132,
            0.097037,
            0.086895,
            0.089691,
            0.096179,
            0.11863900000000001,
            0.11703200000000001
        ],
        [
            0.277193,
            0.26661,
            0.26661,
            0.198412,
            0.193468,
            0.206929,
            0.205279,
            0.360771,
            0.20440999999999998,
            0.212448,
            0.064983,
            0.0,
            0.009469,
            0.012655,
            0.143695,
            0.159412,
            0.14927,
            0.152066,
            0.158554,
            0.181014,
            0.179407
        ],
        [
            0.277604,
            0.267021,
            0.267021,
            0.19882300000000003,
            0.19387900000000002,
            0.20734000000000002,
            0.20569,
            0.361182,
            0.204821,
            0.21285900000000002,
            0.06539400000000001,
            0.009469,
            0.0,
            0.003186,
            0.144106,
            0.159823,
            0.149681,
            0.15247700000000003,
            0.15896500000000002,
            0.181425,
            0.17981800000000003
        ],
        [
            0.28079,
            0.27020700000000003,
            0.27020700000000003,
            0.202009,
            0.197065,
            0.210526,
            0.208876,
            0.364368,
            0.208007,
            0.216045,
            0.06858,
            0.012655,
            0.003186,
            0.0,
            0.147292,
            0.16300900000000001,
            0.152867,
            0.155663,
            0.162151,
            0.18461100000000003,
            0.183004
        ],
        [
            0.238608,
            0.22802499999999998,
            0.22802499999999998,
            0.159827,
            0.154883,
            0.168344,
            0.166694,
            0.334672,
            0.178311,
            0.186349,
            0.08132,
            0.143695,
            0.144106,
            0.147292,
            0.0,
            0.058337,
            0.07997499999999999,
            0.08277100000000001,
            0.089259,
            0.111719,
            0.110112
        ],
        [
            0.254325,
            0.24374200000000001,
            0.24374200000000001,
            0.175544,
            0.1706,
            0.184061,
            0.182411,
            0.350389,
            0.194028,
            0.202066,
            0.097037,
            0.159412,
            0.159823,
            0.16300900000000001,
            0.058337,
            0.0,
            0.095692,
            0.098488,
            0.104976,
            0.127436,
            0.125829
        ],
        [
            0.244183,
            0.23360000000000003,
            0.23360000000000003,
            0.165402,
            0.160458,
            0.173919,
            0.172269,
            0.340247,
            0.183886,
            0.19192399999999998,
            0.086895,
            0.14927,
            0.149681,
            0.152867,
            0.07997499999999999,
            0.095692,
            0.0,
            0.082582,
            0.08907,
            0.11153,
            0.109923
        ],
        [
            0.246979,
            0.236396,
            0.236396,
            0.16819800000000001,
            0.163254,
            0.176715,
            0.17506500000000003,
            0.343043,
            0.18668200000000001,
            0.19472,
            0.089691,
            0.152066,
            0.15247700000000003,
            0.155663,
            0.08277100000000001,
            0.098488,
            0.082582,
            0.0,
            0.006488,
            0.06691,
            0.065303
        ],
        [
            0.253467,
            0.242884,
            0.242884,
            0.174686,
            0.169742,
            0.183203,
            0.18155300000000002,
            0.34953100000000004,
            0.19317,
            0.201208,
            0.096179,
            0.158554,
            0.15896500000000002,
            0.162151,
            0.089259,
            0.104976,
            0.08907,
            0.006488,
            0.0,
            0.073398,
            0.07179100000000001
        ],
        [
            0.27592700000000003,
            0.265344,
            0.265344,
            0.19714600000000002,
            0.192202,
            0.205663,
            0.204013,
            0.371991,
            0.21563000000000002,
            0.223668,
            0.11863900000000001,
            0.181014,
            0.181425,
            0.18461100000000003,
            0.111719,
            0.127436,
            0.11153,
            0.06691,
            0.073398,
            0.0,
            0.001607
        ],
        [
            0.27432,
            0.263737,
            0.263737,
            0.19553900000000002,
            0.19059500000000001,
            0.20405600000000002,
            0.20240600000000003,
            0.37038400000000005,
            0.21402300000000002,
            0.222061,
            0.11703200000000001,
            0.179407,
            0.17981800000000003,
            0.183004,
            0.110112,
            0.125829,
            0.109923,
            0.065303,
            0.07179100000000001,
            0.001607,
            0.0
        ]
    ],
    "NODE_MAPPING": {
        "0": "21",
        "1": "19",
        "2": "20",
        "3": "5",
        "4": "6",
        "5": "12",
        "6": "13",
        "7": "11",
        "8": "14",
        "9": "15",
        "10": "3",
        "11": "1",
        "12": "2",
        "13": "4",
        "14": "16",
        "15": "17",
        "16": "18",
        "17": "7",
        "18": "8",
        "19": "9",
        "20": "10"
    }
}