{
    "NEXUS_FILE_URL": "http://purl.org/phylo/treebase/phylows/study/TB2:S12692",
    "NEWICK_TREE": "((2:0.00575586,9:1.0E-8):0.014654785,(3:0.0292066,(12:9.8E-7,((13:0.00575786,(15:1.0E-8,16:1.0E-8):1.0E-8):1.0E-8,(10:0.01155874,((11:0.00577346,(8:1.0E-8,(4:1.0E-8,5:1.0E-8):1.0E-8):0.0057557):0.00579248,(1:0.01154425,(7:1.0E-8,(6:0.00576908,(14:1.0E-8,17:1.0E-8):1.0E-8):1.0E-8):1.0E-8):1.0E-8):1.0E-8):0.00575997):0.00575612):0.01154085):0.014654785);",
    "DISTANCE_MATRIX": [
        [
            0,
            0.00575587,
            0.06427203000000001,
            0.04660726,
            0.058120269999999995,
            0.052362429999999995,
            0.052362429999999995,
            0.06968110999999999,
            0.06968832,
            0.06967056999999999,
            0.06967058000000001,
            0.06967058000000001,
            0.06966664,
            0.05812240999999999,
            0.06389149,
            0.058122429999999996,
            0.058122429999999996
        ],
        [
            0.00575587,
            0,
            0.05851618,
            0.04085141,
            0.052364419999999995,
            0.046606579999999995,
            0.046606579999999995,
            0.06392526,
            0.06393247,
            0.06391472,
            0.06391473,
            0.06391473,
            0.06391079,
            0.05236655999999999,
            0.05813564,
            0.052366579999999996,
            0.052366579999999996
        ],
        [
            0.06427203000000001,
            0.05851618,
            0,
            0.04074843,
            0.05226144,
            0.0465036,
            0.0465036,
            0.06382228000000001,
            0.06382949,
            0.06381174,
            0.06381175,
            0.06381175,
            0.06380780999999999,
            0.05226358,
            0.05803266,
            0.0522636,
            0.0522636
        ],
        [
            0.04660726,
            0.04085141,
            0.04074843,
            0,
            0.01151497,
            0.00575713,
            0.00575713,
            0.023075810000000002,
            0.023083020000000003,
            0.02306527,
            0.02306528,
            0.02306528,
            0.02306134,
            0.011517109999999999,
            0.01728619,
            0.011517129999999999,
            0.011517129999999999
        ],
        [
            0.058120269999999995,
            0.052364419999999995,
            0.05226144,
            0.01151497,
            0,
            0.00575788,
            0.00575788,
            0.02307658,
            0.02308379,
            0.023066039999999996,
            0.023066049999999998,
            0.023066049999999998,
            0.023062109999999997,
            0.01151788,
            0.017286959999999997,
            0.0115179,
            0.0115179
        ],
        [
            0.052362429999999995,
            0.046606579999999995,
            0.0465036,
            0.00575713,
            0.00575788,
            0,
            2e-08,
            0.017318740000000003,
            0.017325950000000003,
            0.0173082,
            0.01730821,
            0.01730821,
            0.01730427,
            0.005760039999999999,
            0.011529119999999999,
            0.005760059999999999,
            0.005760059999999999
        ],
        [
            0.052362429999999995,
            0.046606579999999995,
            0.0465036,
            0.00575713,
            0.00575788,
            2e-08,
            0,
            0.017318740000000003,
            0.017325950000000003,
            0.0173082,
            0.01730821,
            0.01730821,
            0.01730427,
            0.005760039999999999,
            0.011529119999999999,
            0.005760059999999999,
            0.005760059999999999
        ],
        [
            0.06968110999999999,
            0.06392526,
            0.06382228000000001,
            0.023075810000000002,
            0.02307658,
            0.017318740000000003,
            0.017318740000000003,
            0,
            0.02312469,
            0.02310694,
            0.02310695,
            0.02310695,
            0.02310301,
            0.01155878,
            0.01732786,
            0.0115588,
            0.0115588
        ],
        [
            0.06968832,
            0.06393247,
            0.06382949,
            0.023083020000000003,
            0.02308379,
            0.017325950000000003,
            0.017325950000000003,
            0.02312469,
            0,
            0.01152917,
            0.01152918,
            0.01152918,
            0.0231102,
            0.01156597,
            0.01733505,
            0.01156599,
            0.01156599
        ],
        [
            0.06967056999999999,
            0.06391472,
            0.06381174,
            0.02306527,
            0.023066039999999996,
            0.0173082,
            0.0173082,
            0.02310694,
            0.01152917,
            0,
            3.0000000000000004e-08,
            3.0000000000000004e-08,
            0.02309245,
            0.01154822,
            0.0173173,
            0.01154824,
            0.01154824
        ],
        [
            0.06967058000000001,
            0.06391473,
            0.06381175,
            0.02306528,
            0.023066049999999998,
            0.01730821,
            0.01730821,
            0.02310695,
            0.01152918,
            3.0000000000000004e-08,
            0,
            2e-08,
            0.023092460000000002,
            0.01154823,
            0.01731731,
            0.01154825,
            0.01154825
        ],
        [
            0.06967058000000001,
            0.06391473,
            0.06381175,
            0.02306528,
            0.023066049999999998,
            0.01730821,
            0.01730821,
            0.02310695,
            0.01152918,
            3.0000000000000004e-08,
            2e-08,
            0,
            0.023092460000000002,
            0.01154823,
            0.01731731,
            0.01154825,
            0.01154825
        ],
        [
            0.06966664,
            0.06391079,
            0.06380780999999999,
            0.02306134,
            0.023062109999999997,
            0.01730427,
            0.01730427,
            0.02310301,
            0.0231102,
            0.02309245,
            0.023092460000000002,
            0.023092460000000002,
            0,
            0.01154427,
            0.01731335,
            0.01154429,
            0.01154429
        ],
        [
            0.05812240999999999,
            0.05236655999999999,
            0.05226358,
            0.011517109999999999,
            0.01151788,
            0.005760039999999999,
            0.005760039999999999,
            0.01155878,
            0.01156597,
            0.01154822,
            0.01154823,
            0.01154823,
            0.01154427,
            0,
            0.0057691,
            4e-08,
            4e-08
        ],
        [
            0.06389149,
            0.05813564,
            0.05803266,
            0.01728619,
            0.017286959999999997,
            0.011529119999999999,
            0.011529119999999999,
            0.01732786,
            0.01733505,
            0.0173173,
            0.01731731,
            0.01731731,
            0.01731335,
            0.0057691,
            0,
            0.0057691,
            0.0057691
        ],
        [
            0.058122429999999996,
            0.052366579999999996,
            0.0522636,
            0.011517129999999999,
            0.0115179,
            0.005760059999999999,
            0.005760059999999999,
            0.0115588,
            0.01156599,
            0.01154824,
            0.01154825,
            0.01154825,
            0.01154429,
            4e-08,
            0.0057691,
            0,
            2e-08
        ],
        [
            0.058122429999999996,
            0.052366579999999996,
            0.0522636,
            0.011517129999999999,
            0.0115179,
            0.005760059999999999,
            0.005760059999999999,
            0.0115588,
            0.01156599,
            0.01154824,
            0.01154825,
            0.01154825,
            0.01154429,
            4e-08,
            0.0057691,
            2e-08,
            0
        ]
    ],
    "NODE_MAPPING": {
        "0": "2",
        "1": "9",
        "2": "3",
        "3": "12",
        "4": "13",
        "5": "15",
        "6": "16",
        "7": "10",
        "8": "11",
        "9": "8",
        "10": "4",
        "11": "5",
        "12": "1",
        "13": "7",
        "14": "6",
        "15": "14",
        "16": "17"
    }
}