{
    "NEXUS_FILE_URL": "http://purl.org/phylo/treebase/phylows/study/TB2:S10940",
    "NEWICK_TREE": "(((((((((1:0.001656,3:0.0,4:0.001653,5:0.0,6:0.001658,8:0.0,10:0.0,11:0.0):0.01484,9:0.0):0.002076,2:0.001671,7:0.0):0.03561,(12:0.0,13:0.0):0.05959):0.058527,(24:0.061109,(25:0.007049,26:0.0):0.04713):0.061081):0.00808,((14:0.0,15:0.0,16:0.0,17:0.002107):0.041325,(((((18:0.011811,22:0.0):0.001902,20:0.0,21:0.0):0.004404,19:0.007487):0.007271,23:0.025591):0.029336,(((31:0.00543,32:0.011792):0.01254,((34:0.0,(37:0.0,44:0.0):0.001693,40:0.0,43:0.0,45:0.0):0.005197,(35:0.0,36:0.0,38:0.0,39:0.0,41:0.0,42:0.0):0.013678):0.023541):0.012219,33:0.059359):0.025852):0.004842):0.00896):0.047908,(28:0.025046,29:0.022353):0.016834):0.023928,30:0.122225):0.047167,27:0.0);",
    "DISTANCE_MATRIX": [
        [
            0.0,
            0.001656,
            0.003309,
            0.001656,
            0.003314,
            0.001656,
            0.001656,
            0.001656,
            0.016496,
            0.020243,
            0.018572,
            0.11377200000000001,
            0.11377200000000001,
            0.234899,
            0.227969,
            0.22092,
            0.171074,
            0.171074,
            0.171074,
            0.173181,
            0.189315,
            0.177504,
            0.175602,
            0.175602,
            0.178685,
            0.18951800000000002,
            0.19063200000000002,
            0.196994,
            0.20140000000000002,
            0.20309300000000002,
            0.20309300000000002,
            0.20140000000000002,
            0.20140000000000002,
            0.20140000000000002,
            0.20988099999999998,
            0.20988099999999998,
            0.20988099999999998,
            0.20988099999999998,
            0.20988099999999998,
            0.20988099999999998,
            0.219802,
            0.21057700000000001,
            0.207884,
            0.31485,
            0.239792
        ],
        [
            0.001656,
            0.0,
            0.001653,
            0.0,
            0.001658,
            0.0,
            0.0,
            0.0,
            0.01484,
            0.018587,
            0.016916,
            0.112116,
            0.112116,
            0.233243,
            0.22631300000000001,
            0.21926400000000001,
            0.169418,
            0.169418,
            0.169418,
            0.171525,
            0.18765900000000002,
            0.175848,
            0.17394600000000002,
            0.17394600000000002,
            0.17702900000000002,
            0.18786200000000003,
            0.18897600000000003,
            0.195338,
            0.19974400000000003,
            0.20143700000000003,
            0.20143700000000003,
            0.19974400000000003,
            0.19974400000000003,
            0.19974400000000003,
            0.208225,
            0.208225,
            0.208225,
            0.208225,
            0.208225,
            0.208225,
            0.218146,
            0.20892100000000002,
            0.20622800000000002,
            0.31319400000000003,
            0.23813600000000001
        ],
        [
            0.003309,
            0.001653,
            0.0,
            0.001653,
            0.0033109999999999997,
            0.001653,
            0.001653,
            0.001653,
            0.016493,
            0.02024,
            0.018569000000000002,
            0.11376900000000001,
            0.11376900000000001,
            0.234896,
            0.227966,
            0.220917,
            0.171071,
            0.171071,
            0.171071,
            0.173178,
            0.189312,
            0.17750100000000002,
            0.175599,
            0.175599,
            0.178682,
            0.189515,
            0.190629,
            0.196991,
            0.201397,
            0.20309,
            0.20309,
            0.201397,
            0.201397,
            0.201397,
            0.209878,
            0.209878,
            0.209878,
            0.209878,
            0.209878,
            0.209878,
            0.21979900000000002,
            0.210574,
            0.207881,
            0.314847,
            0.23978900000000003
        ],
        [
            0.001656,
            0.0,
            0.001653,
            0.0,
            0.001658,
            0.0,
            0.0,
            0.0,
            0.01484,
            0.018587,
            0.016916,
            0.112116,
            0.112116,
            0.233243,
            0.22631300000000001,
            0.21926400000000001,
            0.169418,
            0.169418,
            0.169418,
            0.171525,
            0.18765900000000002,
            0.175848,
            0.17394600000000002,
            0.17394600000000002,
            0.17702900000000002,
            0.18786200000000003,
            0.18897600000000003,
            0.195338,
            0.19974400000000003,
            0.20143700000000003,
            0.20143700000000003,
            0.19974400000000003,
            0.19974400000000003,
            0.19974400000000003,
            0.208225,
            0.208225,
            0.208225,
            0.208225,
            0.208225,
            0.208225,
            0.218146,
            0.20892100000000002,
            0.20622800000000002,
            0.31319400000000003,
            0.23813600000000001
        ],
        [
            0.003314,
            0.001658,
            0.0033109999999999997,
            0.001658,
            0.0,
            0.001658,
            0.001658,
            0.001658,
            0.016498000000000002,
            0.020245000000000003,
            0.018574000000000004,
            0.11377400000000001,
            0.11377400000000001,
            0.234901,
            0.227971,
            0.220922,
            0.171076,
            0.171076,
            0.171076,
            0.173183,
            0.189317,
            0.177506,
            0.175604,
            0.175604,
            0.178687,
            0.18952000000000002,
            0.19063400000000003,
            0.196996,
            0.20140200000000003,
            0.20309500000000003,
            0.20309500000000003,
            0.20140200000000003,
            0.20140200000000003,
            0.20140200000000003,
            0.209883,
            0.209883,
            0.209883,
            0.209883,
            0.209883,
            0.209883,
            0.219804,
            0.21057900000000002,
            0.20788600000000002,
            0.314852,
            0.239794
        ],
        [
            0.001656,
            0.0,
            0.001653,
            0.0,
            0.001658,
            0.0,
            0.0,
            0.0,
            0.01484,
            0.018587,
            0.016916,
            0.112116,
            0.112116,
            0.233243,
            0.22631300000000001,
            0.21926400000000001,
            0.169418,
            0.169418,
            0.169418,
            0.171525,
            0.18765900000000002,
            0.175848,
            0.17394600000000002,
            0.17394600000000002,
            0.17702900000000002,
            0.18786200000000003,
            0.18897600000000003,
            0.195338,
            0.19974400000000003,
            0.20143700000000003,
            0.20143700000000003,
            0.19974400000000003,
            0.19974400000000003,
            0.19974400000000003,
            0.208225,
            0.208225,
            0.208225,
            0.208225,
            0.208225,
            0.208225,
            0.218146,
            0.20892100000000002,
            0.20622800000000002,
            0.31319400000000003,
            0.23813600000000001
        ],
        [
            0.001656,
            0.0,
            0.001653,
            0.0,
            0.001658,
            0.0,
            0.0,
            0.0,
            0.01484,
            0.018587,
            0.016916,
            0.112116,
            0.112116,
            0.233243,
            0.22631300000000001,
            0.21926400000000001,
            0.169418,
            0.169418,
            0.169418,
            0.171525,
            0.18765900000000002,
            0.175848,
            0.17394600000000002,
            0.17394600000000002,
            0.17702900000000002,
            0.18786200000000003,
            0.18897600000000003,
            0.195338,
            0.19974400000000003,
            0.20143700000000003,
            0.20143700000000003,
            0.19974400000000003,
            0.19974400000000003,
            0.19974400000000003,
            0.208225,
            0.208225,
            0.208225,
            0.208225,
            0.208225,
            0.208225,
            0.218146,
            0.20892100000000002,
            0.20622800000000002,
            0.31319400000000003,
            0.23813600000000001
        ],
        [
            0.001656,
            0.0,
            0.001653,
            0.0,
            0.001658,
            0.0,
            0.0,
            0.0,
            0.01484,
            0.018587,
            0.016916,
            0.112116,
            0.112116,
            0.233243,
            0.22631300000000001,
            0.21926400000000001,
            0.169418,
            0.169418,
            0.169418,
            0.171525,
            0.18765900000000002,
            0.175848,
            0.17394600000000002,
            0.17394600000000002,
            0.17702900000000002,
            0.18786200000000003,
            0.18897600000000003,
            0.195338,
            0.19974400000000003,
            0.20143700000000003,
            0.20143700000000003,
            0.19974400000000003,
            0.19974400000000003,
            0.19974400000000003,
            0.208225,
            0.208225,
            0.208225,
            0.208225,
            0.208225,
            0.208225,
            0.218146,
            0.20892100000000002,
            0.20622800000000002,
            0.31319400000000003,
            0.23813600000000001
        ],
        [
            0.016496,
            0.01484,
            0.016493,
            0.01484,
            0.016498000000000002,
            0.01484,
            0.01484,
            0.01484,
            0.0,
            0.0037470000000000003,
            0.002076,
            0.097276,
            0.097276,
            0.218403,
            0.21147300000000002,
            0.204424,
            0.154578,
            0.154578,
            0.154578,
            0.15668500000000002,
            0.172819,
            0.161008,
            0.15910600000000003,
            0.15910600000000003,
            0.16218900000000003,
            0.173022,
            0.174136,
            0.180498,
            0.184904,
            0.186597,
            0.186597,
            0.184904,
            0.184904,
            0.184904,
            0.193385,
            0.193385,
            0.193385,
            0.193385,
            0.193385,
            0.193385,
            0.20330600000000001,
            0.194081,
            0.191388,
            0.298354,
            0.223296
        ],
        [
            0.020243,
            0.018587,
            0.02024,
            0.018587,
            0.020245000000000003,
            0.018587,
            0.018587,
            0.018587,
            0.0037470000000000003,
            0.0,
            0.001671,
            0.096871,
            0.096871,
            0.217998,
            0.211068,
            0.204019,
            0.154173,
            0.154173,
            0.154173,
            0.15628,
            0.172414,
            0.160603,
            0.158701,
            0.158701,
            0.161784,
            0.17261700000000002,
            0.17373100000000002,
            0.180093,
            0.18449900000000002,
            0.18619200000000002,
            0.18619200000000002,
            0.18449900000000002,
            0.18449900000000002,
            0.18449900000000002,
            0.19297999999999998,
            0.19297999999999998,
            0.19297999999999998,
            0.19297999999999998,
            0.19297999999999998,
            0.19297999999999998,
            0.202901,
            0.19367600000000001,
            0.190983,
            0.297949,
            0.222891
        ],
        [
            0.018572,
            0.016916,
            0.018569000000000002,
            0.016916,
            0.018574000000000004,
            0.016916,
            0.016916,
            0.016916,
            0.002076,
            0.001671,
            0.0,
            0.0952,
            0.0952,
            0.216327,
            0.209397,
            0.202348,
            0.152502,
            0.152502,
            0.152502,
            0.154609,
            0.170743,
            0.15893200000000002,
            0.15703,
            0.15703,
            0.160113,
            0.170946,
            0.17206,
            0.178422,
            0.182828,
            0.184521,
            0.184521,
            0.182828,
            0.182828,
            0.182828,
            0.191309,
            0.191309,
            0.191309,
            0.191309,
            0.191309,
            0.191309,
            0.20123000000000002,
            0.192005,
            0.189312,
            0.29627800000000004,
            0.22122000000000003
        ],
        [
            0.11377200000000001,
            0.112116,
            0.11376900000000001,
            0.112116,
            0.11377400000000001,
            0.112116,
            0.112116,
            0.112116,
            0.097276,
            0.096871,
            0.0952,
            0.0,
            0.0,
            0.240307,
            0.233377,
            0.226328,
            0.176482,
            0.176482,
            0.176482,
            0.178589,
            0.194723,
            0.18291200000000002,
            0.18101,
            0.18101,
            0.184093,
            0.194926,
            0.19604,
            0.202402,
            0.206808,
            0.208501,
            0.208501,
            0.206808,
            0.206808,
            0.206808,
            0.215289,
            0.215289,
            0.215289,
            0.215289,
            0.215289,
            0.215289,
            0.22521000000000002,
            0.215985,
            0.213292,
            0.32025800000000004,
            0.24520000000000003
        ],
        [
            0.11377200000000001,
            0.112116,
            0.11376900000000001,
            0.112116,
            0.11377400000000001,
            0.112116,
            0.112116,
            0.112116,
            0.097276,
            0.096871,
            0.0952,
            0.0,
            0.0,
            0.240307,
            0.233377,
            0.226328,
            0.176482,
            0.176482,
            0.176482,
            0.178589,
            0.194723,
            0.18291200000000002,
            0.18101,
            0.18101,
            0.184093,
            0.194926,
            0.19604,
            0.202402,
            0.206808,
            0.208501,
            0.208501,
            0.206808,
            0.206808,
            0.206808,
            0.215289,
            0.215289,
            0.215289,
            0.215289,
            0.215289,
            0.215289,
            0.22521000000000002,
            0.215985,
            0.213292,
            0.32025800000000004,
            0.24520000000000003
        ],
        [
            0.234899,
            0.233243,
            0.234896,
            0.233243,
            0.234901,
            0.233243,
            0.233243,
            0.233243,
            0.218403,
            0.217998,
            0.216327,
            0.240307,
            0.240307,
            0.0,
            0.115288,
            0.108239,
            0.180555,
            0.180555,
            0.180555,
            0.182662,
            0.198796,
            0.186985,
            0.185083,
            0.185083,
            0.188166,
            0.19899899999999998,
            0.20011299999999999,
            0.206475,
            0.21088099999999999,
            0.21257399999999999,
            0.21257399999999999,
            0.21088099999999999,
            0.21088099999999999,
            0.21088099999999999,
            0.219362,
            0.219362,
            0.219362,
            0.219362,
            0.219362,
            0.219362,
            0.22928300000000001,
            0.220058,
            0.217365,
            0.32433100000000004,
            0.24927300000000002
        ],
        [
            0.227969,
            0.22631300000000001,
            0.227966,
            0.22631300000000001,
            0.227971,
            0.22631300000000001,
            0.22631300000000001,
            0.22631300000000001,
            0.21147300000000002,
            0.211068,
            0.209397,
            0.233377,
            0.233377,
            0.115288,
            0.0,
            0.007049,
            0.173625,
            0.173625,
            0.173625,
            0.175732,
            0.191866,
            0.18005500000000002,
            0.178153,
            0.178153,
            0.181236,
            0.192069,
            0.193183,
            0.199545,
            0.203951,
            0.205644,
            0.205644,
            0.203951,
            0.203951,
            0.203951,
            0.212432,
            0.212432,
            0.212432,
            0.212432,
            0.212432,
            0.212432,
            0.22235300000000002,
            0.213128,
            0.210435,
            0.31740100000000004,
            0.24234300000000003
        ],
        [
            0.22092,
            0.21926400000000001,
            0.220917,
            0.21926400000000001,
            0.220922,
            0.21926400000000001,
            0.21926400000000001,
            0.21926400000000001,
            0.204424,
            0.204019,
            0.202348,
            0.226328,
            0.226328,
            0.108239,
            0.007049,
            0.0,
            0.166576,
            0.166576,
            0.166576,
            0.168683,
            0.184817,
            0.173006,
            0.171104,
            0.171104,
            0.174187,
            0.18502000000000002,
            0.18613400000000002,
            0.192496,
            0.19690200000000002,
            0.19859500000000002,
            0.19859500000000002,
            0.19690200000000002,
            0.19690200000000002,
            0.19690200000000002,
            0.20538299999999998,
            0.20538299999999998,
            0.20538299999999998,
            0.20538299999999998,
            0.20538299999999998,
            0.20538299999999998,
            0.215304,
            0.206079,
            0.203386,
            0.310352,
            0.235294
        ],
        [
            0.171074,
            0.169418,
            0.171071,
            0.169418,
            0.171076,
            0.169418,
            0.169418,
            0.169418,
            0.154578,
            0.154173,
            0.152502,
            0.176482,
            0.176482,
            0.180555,
            0.173625,
            0.166576,
            0.0,
            0.0,
            0.0,
            0.002107,
            0.10089100000000001,
            0.08907999999999999,
            0.087178,
            0.087178,
            0.09026100000000001,
            0.101094,
            0.102208,
            0.10857,
            0.11297600000000001,
            0.11466900000000001,
            0.11466900000000001,
            0.11297600000000001,
            0.11297600000000001,
            0.11297600000000001,
            0.121457,
            0.121457,
            0.121457,
            0.121457,
            0.121457,
            0.121457,
            0.131378,
            0.140073,
            0.13738,
            0.244346,
            0.169288
        ],
        [
            0.171074,
            0.169418,
            0.171071,
            0.169418,
            0.171076,
            0.169418,
            0.169418,
            0.169418,
            0.154578,
            0.154173,
            0.152502,
            0.176482,
            0.176482,
            0.180555,
            0.173625,
            0.166576,
            0.0,
            0.0,
            0.0,
            0.002107,
            0.10089100000000001,
            0.08907999999999999,
            0.087178,
            0.087178,
            0.09026100000000001,
            0.101094,
            0.102208,
            0.10857,
            0.11297600000000001,
            0.11466900000000001,
            0.11466900000000001,
            0.11297600000000001,
            0.11297600000000001,
            0.11297600000000001,
            0.121457,
            0.121457,
            0.121457,
            0.121457,
            0.121457,
            0.121457,
            0.131378,
            0.140073,
            0.13738,
            0.244346,
            0.169288
        ],
        [
            0.171074,
            0.169418,
            0.171071,
            0.169418,
            0.171076,
            0.169418,
            0.169418,
            0.169418,
            0.154578,
            0.154173,
            0.152502,
            0.176482,
            0.176482,
            0.180555,
            0.173625,
            0.166576,
            0.0,
            0.0,
            0.0,
            0.002107,
            0.10089100000000001,
            0.08907999999999999,
            0.087178,
            0.087178,
            0.09026100000000001,
            0.101094,
            0.102208,
            0.10857,
            0.11297600000000001,
            0.11466900000000001,
            0.11466900000000001,
            0.11297600000000001,
            0.11297600000000001,
            0.11297600000000001,
            0.121457,
            0.121457,
            0.121457,
            0.121457,
            0.121457,
            0.121457,
            0.131378,
            0.140073,
            0.13738,
            0.244346,
            0.169288
        ],
        [
            0.173181,
            0.171525,
            0.173178,
            0.171525,
            0.173183,
            0.171525,
            0.171525,
            0.171525,
            0.15668500000000002,
            0.15628,
            0.154609,
            0.178589,
            0.178589,
            0.182662,
            0.175732,
            0.168683,
            0.002107,
            0.002107,
            0.002107,
            0.0,
            0.102998,
            0.09118699999999999,
            0.089285,
            0.089285,
            0.092368,
            0.103201,
            0.10431499999999999,
            0.110677,
            0.115083,
            0.116776,
            0.116776,
            0.115083,
            0.115083,
            0.115083,
            0.123564,
            0.123564,
            0.123564,
            0.123564,
            0.123564,
            0.123564,
            0.13348500000000002,
            0.14218,
            0.139487,
            0.246453,
            0.17139500000000002
        ],
        [
            0.189315,
            0.18765900000000002,
            0.189312,
            0.18765900000000002,
            0.189317,
            0.18765900000000002,
            0.18765900000000002,
            0.18765900000000002,
            0.172819,
            0.172414,
            0.170743,
            0.194723,
            0.194723,
            0.198796,
            0.191866,
            0.184817,
            0.10089100000000001,
            0.10089100000000001,
            0.10089100000000001,
            0.102998,
            0.0,
            0.011811,
            0.013713,
            0.013713,
            0.025604000000000002,
            0.050979,
            0.110765,
            0.11712700000000001,
            0.121533,
            0.123226,
            0.123226,
            0.121533,
            0.121533,
            0.121533,
            0.130014,
            0.130014,
            0.130014,
            0.130014,
            0.130014,
            0.130014,
            0.139935,
            0.158314,
            0.155621,
            0.262587,
            0.187529
        ],
        [
            0.177504,
            0.175848,
            0.17750100000000002,
            0.175848,
            0.177506,
            0.175848,
            0.175848,
            0.175848,
            0.161008,
            0.160603,
            0.15893200000000002,
            0.18291200000000002,
            0.18291200000000002,
            0.186985,
            0.18005500000000002,
            0.173006,
            0.08907999999999999,
            0.08907999999999999,
            0.08907999999999999,
            0.09118699999999999,
            0.011811,
            0.0,
            0.001902,
            0.001902,
            0.013793,
            0.039167999999999994,
            0.098954,
            0.10531599999999999,
            0.10972200000000001,
            0.11141500000000001,
            0.11141500000000001,
            0.10972200000000001,
            0.10972200000000001,
            0.10972200000000001,
            0.118203,
            0.118203,
            0.118203,
            0.118203,
            0.118203,
            0.118203,
            0.12812400000000002,
            0.146503,
            0.14381,
            0.250776,
            0.17571799999999999
        ],
        [
            0.175602,
            0.17394600000000002,
            0.175599,
            0.17394600000000002,
            0.175604,
            0.17394600000000002,
            0.17394600000000002,
            0.17394600000000002,
            0.15910600000000003,
            0.158701,
            0.15703,
            0.18101,
            0.18101,
            0.185083,
            0.178153,
            0.171104,
            0.087178,
            0.087178,
            0.087178,
            0.089285,
            0.013713,
            0.001902,
            0.0,
            0.0,
            0.011890999999999999,
            0.037266,
            0.097052,
            0.103414,
            0.10782,
            0.109513,
            0.109513,
            0.10782,
            0.10782,
            0.10782,
            0.11630099999999999,
            0.11630099999999999,
            0.11630099999999999,
            0.11630099999999999,
            0.11630099999999999,
            0.11630099999999999,
            0.126222,
            0.144601,
            0.141908,
            0.248874,
            0.17381600000000003
        ],
        [
            0.175602,
            0.17394600000000002,
            0.175599,
            0.17394600000000002,
            0.175604,
            0.17394600000000002,
            0.17394600000000002,
            0.17394600000000002,
            0.15910600000000003,
            0.158701,
            0.15703,
            0.18101,
            0.18101,
            0.185083,
            0.178153,
            0.171104,
            0.087178,
            0.087178,
            0.087178,
            0.089285,
            0.013713,
            0.001902,
            0.0,
            0.0,
            0.011890999999999999,
            0.037266,
            0.097052,
            0.103414,
            0.10782,
            0.109513,
            0.109513,
            0.10782,
            0.10782,
            0.10782,
            0.11630099999999999,
            0.11630099999999999,
            0.11630099999999999,
            0.11630099999999999,
            0.11630099999999999,
            0.11630099999999999,
            0.126222,
            0.144601,
            0.141908,
            0.248874,
            0.17381600000000003
        ],
        [
            0.178685,
            0.17702900000000002,
            0.178682,
            0.17702900000000002,
            0.178687,
            0.17702900000000002,
            0.17702900000000002,
            0.17702900000000002,
            0.16218900000000003,
            0.161784,
            0.160113,
            0.184093,
            0.184093,
            0.188166,
            0.181236,
            0.174187,
            0.09026100000000001,
            0.09026100000000001,
            0.09026100000000001,
            0.092368,
            0.025604000000000002,
            0.013793,
            0.011890999999999999,
            0.011890999999999999,
            0.0,
            0.040348999999999996,
            0.100135,
            0.10649700000000001,
            0.110903,
            0.112596,
            0.112596,
            0.110903,
            0.110903,
            0.110903,
            0.11938399999999999,
            0.11938399999999999,
            0.11938399999999999,
            0.11938399999999999,
            0.11938399999999999,
            0.11938399999999999,
            0.129305,
            0.147684,
            0.144991,
            0.251957,
            0.17689900000000003
        ],
        [
            0.18951800000000002,
            0.18786200000000003,
            0.189515,
            0.18786200000000003,
            0.18952000000000002,
            0.18786200000000003,
            0.18786200000000003,
            0.18786200000000003,
            0.173022,
            0.17261700000000002,
            0.170946,
            0.194926,
            0.194926,
            0.19899899999999998,
            0.192069,
            0.18502000000000002,
            0.101094,
            0.101094,
            0.101094,
            0.103201,
            0.050979,
            0.039167999999999994,
            0.037266,
            0.037266,
            0.040348999999999996,
            0.0,
            0.11096800000000001,
            0.11733,
            0.12173600000000001,
            0.12342900000000001,
            0.12342900000000001,
            0.12173600000000001,
            0.12173600000000001,
            0.12173600000000001,
            0.130217,
            0.130217,
            0.130217,
            0.130217,
            0.130217,
            0.130217,
            0.140138,
            0.158517,
            0.155824,
            0.26278999999999997,
            0.187732
        ],
        [
            0.19063200000000002,
            0.18897600000000003,
            0.190629,
            0.18897600000000003,
            0.19063400000000003,
            0.18897600000000003,
            0.18897600000000003,
            0.18897600000000003,
            0.174136,
            0.17373100000000002,
            0.17206,
            0.19604,
            0.19604,
            0.20011299999999999,
            0.193183,
            0.18613400000000002,
            0.102208,
            0.102208,
            0.102208,
            0.10431499999999999,
            0.110765,
            0.098954,
            0.097052,
            0.097052,
            0.100135,
            0.11096800000000001,
            0.0,
            0.017222,
            0.046708,
            0.048401,
            0.048401,
            0.046708,
            0.046708,
            0.046708,
            0.055189,
            0.055189,
            0.055189,
            0.055189,
            0.055189,
            0.055189,
            0.089548,
            0.159631,
            0.156938,
            0.263904,
            0.188846
        ],
        [
            0.196994,
            0.195338,
            0.196991,
            0.195338,
            0.196996,
            0.195338,
            0.195338,
            0.195338,
            0.180498,
            0.180093,
            0.178422,
            0.202402,
            0.202402,
            0.206475,
            0.199545,
            0.192496,
            0.10857,
            0.10857,
            0.10857,
            0.110677,
            0.11712700000000001,
            0.10531599999999999,
            0.103414,
            0.103414,
            0.10649700000000001,
            0.11733,
            0.017222,
            0.0,
            0.05307,
            0.054763,
            0.054763,
            0.05307,
            0.05307,
            0.05307,
            0.061551,
            0.061551,
            0.061551,
            0.061551,
            0.061551,
            0.061551,
            0.09591,
            0.165993,
            0.1633,
            0.270266,
            0.195208
        ],
        [
            0.20140000000000002,
            0.19974400000000003,
            0.201397,
            0.19974400000000003,
            0.20140200000000003,
            0.19974400000000003,
            0.19974400000000003,
            0.19974400000000003,
            0.184904,
            0.18449900000000002,
            0.182828,
            0.206808,
            0.206808,
            0.21088099999999999,
            0.203951,
            0.19690200000000002,
            0.11297600000000001,
            0.11297600000000001,
            0.11297600000000001,
            0.115083,
            0.121533,
            0.10972200000000001,
            0.10782,
            0.10782,
            0.110903,
            0.12173600000000001,
            0.046708,
            0.05307,
            0.0,
            0.001693,
            0.001693,
            0.0,
            0.0,
            0.0,
            0.018875,
            0.018875,
            0.018875,
            0.018875,
            0.018875,
            0.018875,
            0.100316,
            0.170399,
            0.167706,
            0.274672,
            0.199614
        ],
        [
            0.20309300000000002,
            0.20143700000000003,
            0.20309,
            0.20143700000000003,
            0.20309500000000003,
            0.20143700000000003,
            0.20143700000000003,
            0.20143700000000003,
            0.186597,
            0.18619200000000002,
            0.184521,
            0.208501,
            0.208501,
            0.21257399999999999,
            0.205644,
            0.19859500000000002,
            0.11466900000000001,
            0.11466900000000001,
            0.11466900000000001,
            0.116776,
            0.123226,
            0.11141500000000001,
            0.109513,
            0.109513,
            0.112596,
            0.12342900000000001,
            0.048401,
            0.054763,
            0.001693,
            0.0,
            0.0,
            0.001693,
            0.001693,
            0.001693,
            0.020568,
            0.020568,
            0.020568,
            0.020568,
            0.020568,
            0.020568,
            0.102009,
            0.172092,
            0.169399,
            0.27636499999999997,
            0.201307
        ],
        [
            0.20309300000000002,
            0.20143700000000003,
            0.20309,
            0.20143700000000003,
            0.20309500000000003,
            0.20143700000000003,
            0.20143700000000003,
            0.20143700000000003,
            0.186597,
            0.18619200000000002,
            0.184521,
            0.208501,
            0.208501,
            0.21257399999999999,
            0.205644,
            0.19859500000000002,
            0.11466900000000001,
            0.11466900000000001,
            0.11466900000000001,
            0.116776,
            0.123226,
            0.11141500000000001,
            0.109513,
            0.109513,
            0.112596,
            0.12342900000000001,
            0.048401,
            0.054763,
            0.001693,
            0.0,
            0.0,
            0.001693,
            0.001693,
            0.001693,
            0.020568,
            0.020568,
            0.020568,
            0.020568,
            0.020568,
            0.020568,
            0.102009,
            0.172092,
            0.169399,
            0.27636499999999997,
            0.201307
        ],
        [
            0.20140000000000002,
            0.19974400000000003,
            0.201397,
            0.19974400000000003,
            0.20140200000000003,
            0.19974400000000003,
            0.19974400000000003,
            0.19974400000000003,
            0.184904,
            0.18449900000000002,
            0.182828,
            0.206808,
            0.206808,
            0.21088099999999999,
            0.203951,
            0.19690200000000002,
            0.11297600000000001,
            0.11297600000000001,
            0.11297600000000001,
            0.115083,
            0.121533,
            0.10972200000000001,
            0.10782,
            0.10782,
            0.110903,
            0.12173600000000001,
            0.046708,
            0.05307,
            0.0,
            0.001693,
            0.001693,
            0.0,
            0.0,
            0.0,
            0.018875,
            0.018875,
            0.018875,
            0.018875,
            0.018875,
            0.018875,
            0.100316,
            0.170399,
            0.167706,
            0.274672,
            0.199614
        ],
        [
            0.20140000000000002,
            0.19974400000000003,
            0.201397,
            0.19974400000000003,
            0.20140200000000003,
            0.19974400000000003,
            0.19974400000000003,
            0.19974400000000003,
            0.184904,
            0.18449900000000002,
            0.182828,
            0.206808,
            0.206808,
            0.21088099999999999,
            0.203951,
            0.19690200000000002,
            0.11297600000000001,
            0.11297600000000001,
            0.11297600000000001,
            0.115083,
            0.121533,
            0.10972200000000001,
            0.10782,
            0.10782,
            0.110903,
            0.12173600000000001,
            0.046708,
            0.05307,
            0.0,
            0.001693,
            0.001693,
            0.0,
            0.0,
            0.0,
            0.018875,
            0.018875,
            0.018875,
            0.018875,
            0.018875,
            0.018875,
            0.100316,
            0.170399,
            0.167706,
            0.274672,
            0.199614
        ],
        [
            0.20140000000000002,
            0.19974400000000003,
            0.201397,
            0.19974400000000003,
            0.20140200000000003,
            0.19974400000000003,
            0.19974400000000003,
            0.19974400000000003,
            0.184904,
            0.18449900000000002,
            0.182828,
            0.206808,
            0.206808,
            0.21088099999999999,
            0.203951,
            0.19690200000000002,
            0.11297600000000001,
            0.11297600000000001,
            0.11297600000000001,
            0.115083,
            0.121533,
            0.10972200000000001,
            0.10782,
            0.10782,
            0.110903,
            0.12173600000000001,
            0.046708,
            0.05307,
            0.0,
            0.001693,
            0.001693,
            0.0,
            0.0,
            0.0,
            0.018875,
            0.018875,
            0.018875,
            0.018875,
            0.018875,
            0.018875,
            0.100316,
            0.170399,
            0.167706,
            0.274672,
            0.199614
        ],
        [
            0.20988099999999998,
            0.208225,
            0.209878,
            0.208225,
            0.209883,
            0.208225,
            0.208225,
            0.208225,
            0.193385,
            0.19297999999999998,
            0.191309,
            0.215289,
            0.215289,
            0.219362,
