{
    "NEXUS_FILE_URL": "http://purl.org/phylo/treebase/phylows/study/TB2:S14144",
    "NEWICK_TREE": "(1:0.806297,2:1.233481,(((3:0.004116,(4:0.006483,5:0.005545):0.005653,6:0.001643,7:0.002036,(8:0.004958,9:0.005091):0.076119):0.37768,(((10:0.002568,11:0.002171,16:9.85E-4,17:0.002581,18:0.006961,19:0.004766):0.013342,(25:0.018126,26:0.015146):0.039076):0.020368,(12:0.005905,13:0.004557,14:0.00632,15:0.002314,(20:0.011869,24:0.002636,29:0.014594):0.005128,21:0.001029,(22:9.52E-4,23:9.77E-4):0.005287,27:0.005728,28:0.005759):0.02653):0.196185):0.201843,((((30:7.35E-4,(31:0.001882,(37:0.005414,39:0.008597):0.002533):0.001871,32:7.83E-4,33:0.002221,34:0.002186,35:0.004734,36:0.008509,38:0.002245,40:0.002256,43:0.005552,46:0.004752,47:0.004983,49:0.046141,50:0.011284):0.034526,(44:0.008917,45:0.02076):0.025181):0.051087,((41:0.012987,42:0.008758):0.05198,48:0.091563):0.017694):0.041065,(51:0.024723,52:0.024899,53:0.127243):0.171939):0.266307):0.757683);",
    "DISTANCE_MATRIX": [
        [
            0.0,
            2.039778,
            2.1476189999999997,
            2.155639,
            2.154701,
            2.1451460000000004,
            2.1455390000000003,
            2.2245800000000004,
            2.2247130000000004,
            1.998286,
            1.997889,
            1.996703,
            1.998299,
            2.002679,
            2.000484,
            2.0395779999999997,
            2.0365979999999997,
            1.994443,
            1.993095,
            1.994858,
            1.990852,
            2.005535,
            1.996302,
            2.00826,
            1.989567,
            1.994777,
            1.994802,
            1.994266,
            1.994297,
            1.9577,
            1.9607180000000002,
            1.9667830000000002,
            1.969966,
            1.957748,
            1.959186,
            1.959151,
            1.961699,
            1.9654740000000002,
            1.95921,
            1.959221,
            1.962517,
            1.961717,
            1.961948,
            2.003106,
            1.968249,
            1.9565370000000002,
            1.96838,
            1.954013,
            1.949784,
            1.980609,
            2.026949,
            2.027125,
            2.1294690000000003
        ],
        [
            2.039778,
            0.0,
            2.574803,
            2.5828230000000003,
            2.5818849999999998,
            2.57233,
            2.572723,
            2.651764,
            2.651897,
            2.42547,
            2.4250730000000003,
            2.4238869999999997,
            2.425483,
            2.429863,
            2.4276679999999997,
            2.466762,
            2.463782,
            2.421627,
            2.420279,
            2.4220420000000003,
            2.418036,
            2.432719,
            2.423486,
            2.4354440000000004,
            2.416751,
            2.421961,
            2.421986,
            2.42145,
            2.421481,
            2.384884,
            2.3879020000000004,
            2.393967,
            2.39715,
            2.384932,
            2.3863700000000003,
            2.386335,
            2.388883,
            2.392658,
            2.386394,
            2.386405,
            2.389701,
            2.3889009999999997,
            2.389132,
            2.4302900000000003,
            2.3954329999999997,
            2.3837210000000004,
            2.3955640000000002,
            2.3811970000000002,
            2.3769679999999997,
            2.407793,
            2.454133,
            2.4543090000000003,
            2.556653
        ],
        [
            2.1476189999999997,
            2.574803,
            0.0,
            0.016252000000000003,
            0.015314,
            0.005759,
            0.0061519999999999995,
            0.085193,
            0.085326,
            0.614259,
            0.613862,
            0.612676,
            0.614272,
            0.618652,
            0.616457,
            0.655551,
            0.652571,
            0.6104160000000001,
            0.609068,
            0.610831,
            0.6068250000000001,
            0.621508,
            0.612275,
            0.624233,
            0.60554,
            0.61075,
            0.6107750000000001,
            0.610239,
            0.6102700000000001,
            0.9773590000000001,
            0.980377,
            0.986442,
            0.989625,
            0.977407,
            0.978845,
            0.9788100000000001,
            0.9813580000000001,
            0.985133,
            0.978869,
            0.97888,
            0.982176,
            0.981376,
            0.981607,
            1.0227650000000001,
            0.987908,
            0.9761960000000001,
            0.988039,
            0.9736720000000001,
            0.969443,
            1.0002680000000002,
            1.046608,
            1.0467840000000002,
            1.1491280000000001
        ],
        [
            2.155639,
            2.5828230000000003,
            0.016252000000000003,
            0.0,
            0.012028,
            0.013779000000000001,
            0.014172,
            0.09321300000000002,
            0.09334600000000001,
            0.622279,
            0.621882,
            0.620696,
            0.6222920000000001,
            0.626672,
            0.624477,
            0.6635709999999999,
            0.6605909999999999,
            0.618436,
            0.617088,
            0.618851,
            0.614845,
            0.629528,
            0.620295,
            0.632253,
            0.61356,
            0.61877,
            0.618795,
            0.618259,
            0.61829,
            0.985379,
            0.988397,
            0.994462,
            0.9976449999999999,
            0.9854269999999999,
            0.9868649999999999,
            0.98683,
            0.989378,
            0.993153,
            0.9868889999999999,
            0.9868999999999999,
            0.990196,
            0.9893959999999999,
            0.9896269999999999,
            1.0307849999999998,
            0.9959279999999999,
            0.984216,
            0.9960589999999999,
            0.981692,
            0.977463,
            1.0082879999999999,
            1.054628,
            1.0548039999999999,
            1.1571479999999998
        ],
        [
            2.154701,
            2.5818849999999998,
            0.015314,
            0.012028,
            0.0,
            0.012841,
            0.013234,
            0.09227500000000001,
            0.092408,
            0.621341,
            0.6209439999999999,
            0.619758,
            0.621354,
            0.625734,
            0.6235390000000001,
            0.662633,
            0.659653,
            0.617498,
            0.61615,
            0.6179129999999999,
            0.613907,
            0.62859,
            0.6193569999999999,
            0.6313150000000001,
            0.612622,
            0.6178319999999999,
            0.617857,
            0.617321,
            0.617352,
            0.9844410000000001,
            0.9874590000000001,
            0.9935240000000001,
            0.996707,
            0.9844890000000001,
            0.985927,
            0.9858920000000001,
            0.9884400000000001,
            0.9922150000000001,
            0.985951,
            0.985962,
            0.9892580000000001,
            0.9884580000000001,
            0.988689,
            1.0298470000000002,
            0.99499,
            0.9832780000000001,
            0.995121,
            0.9807540000000001,
            0.9765250000000001,
            1.0073500000000002,
            1.05369,
            1.0538660000000002,
            1.1562100000000002
        ],
        [
            2.1451460000000004,
            2.57233,
            0.005759,
            0.013779000000000001,
            0.012841,
            0.0,
            0.003679,
            0.08272000000000002,
            0.08285300000000001,
            0.611786,
            0.611389,
            0.610203,
            0.611799,
            0.616179,
            0.6139840000000001,
            0.653078,
            0.6500980000000001,
            0.607943,
            0.606595,
            0.608358,
            0.604352,
            0.619035,
            0.609802,
            0.6217600000000001,
            0.603067,
            0.608277,
            0.608302,
            0.607766,
            0.607797,
            0.9748860000000001,
            0.9779040000000001,
            0.9839690000000001,
            0.987152,
            0.9749340000000001,
            0.976372,
            0.9763370000000001,
            0.9788850000000001,
            0.9826600000000001,
            0.976396,
            0.976407,
            0.9797030000000001,
            0.9789030000000001,
            0.9791340000000001,
            1.020292,
            0.9854350000000001,
            0.9737230000000001,
            0.985566,
            0.9711990000000001,
            0.9669700000000001,
            0.9977950000000001,
            1.044135,
            1.044311,
            1.146655
        ],
        [
            2.1455390000000003,
            2.572723,
            0.0061519999999999995,
            0.014172,
            0.013234,
            0.003679,
            0.0,
            0.083113,
            0.083246,
            0.612179,
            0.611782,
            0.610596,
            0.6121920000000001,
            0.616572,
            0.614377,
            0.6534709999999999,
            0.6504909999999999,
            0.608336,
            0.606988,
            0.608751,
            0.604745,
            0.619428,
            0.610195,
            0.622153,
            0.60346,
            0.60867,
            0.608695,
            0.608159,
            0.60819,
            0.975279,
            0.978297,
            0.984362,
            0.9875449999999999,
            0.9753269999999999,
            0.9767649999999999,
            0.97673,
            0.979278,
            0.983053,
            0.9767889999999999,
            0.9767999999999999,
            0.980096,
            0.9792959999999999,
            0.9795269999999999,
            1.0206849999999998,
            0.9858279999999999,
            0.974116,
            0.9859589999999999,
            0.971592,
            0.967363,
            0.998188,
            1.044528,
            1.0447039999999999,
            1.1470479999999998
        ],
        [
            2.2245800000000004,
            2.651764,
            0.085193,
            0.09321300000000002,
            0.09227500000000001,
            0.08272000000000002,
            0.083113,
            0.0,
            0.010048999999999999,
            0.6912200000000001,
            0.690823,
            0.6896370000000001,
            0.691233,
            0.695613,
            0.6934180000000001,
            0.732512,
            0.7295320000000001,
            0.687377,
            0.686029,
            0.687792,
            0.683786,
            0.698469,
            0.689236,
            0.7011940000000001,
            0.682501,
            0.687711,
            0.687736,
            0.6872,
            0.687231,
            1.0543200000000001,
            1.0573380000000001,
            1.063403,
            1.066586,
            1.0543680000000002,
            1.055806,
            1.055771,
            1.058319,
            1.062094,
            1.05583,
            1.055841,
            1.0591370000000002,
            1.058337,
            1.0585680000000002,
            1.099726,
            1.064869,
            1.0531570000000001,
            1.065,
            1.0506330000000002,
            1.0464040000000001,
            1.077229,
            1.123569,
            1.123745,
            1.226089
        ],
        [
            2.2247130000000004,
            2.651897,
            0.085326,
            0.09334600000000001,
            0.092408,
            0.08285300000000001,
            0.083246,
            0.010048999999999999,
            0.0,
            0.691353,
            0.690956,
            0.68977,
            0.691366,
            0.695746,
            0.693551,
            0.732645,
            0.729665,
            0.6875100000000001,
            0.686162,
            0.687925,
            0.683919,
            0.698602,
            0.689369,
            0.701327,
            0.682634,
            0.687844,
            0.6878690000000001,
            0.687333,
            0.6873640000000001,
            1.054453,
            1.057471,
            1.063536,
            1.066719,
            1.0545010000000001,
            1.055939,
            1.055904,
            1.058452,
            1.062227,
            1.055963,
            1.055974,
            1.0592700000000002,
            1.05847,
            1.0587010000000001,
            1.099859,
            1.065002,
            1.05329,
            1.0651329999999999,
            1.050766,
            1.046537,
            1.077362,
            1.123702,
            1.123878,
            1.226222
        ],
        [
            1.998286,
            2.42547,
            0.614259,
            0.622279,
            0.621341,
            0.611786,
            0.612179,
            0.6912200000000001,
            0.691353,
            0.0,
            0.004739,
            0.0035529999999999997,
            0.005149,
            0.009529,
            0.007334,
            0.07311200000000001,
            0.070132,
            0.068713,
            0.06736500000000001,
            0.06912800000000001,
            0.06512200000000001,
            0.079805,
            0.07057200000000001,
            0.08253,
            0.063837,
            0.069047,
            0.06907200000000001,
            0.06853600000000001,
            0.068567,
            0.8280259999999999,
            0.831044,
            0.837109,
            0.840292,
            0.828074,
            0.829512,
            0.829477,
            0.832025,
            0.8358,
            0.8295359999999999,
            0.829547,
            0.832843,
            0.832043,
            0.832274,
            0.873432,
            0.838575,
            0.826863,
            0.838706,
            0.8243389999999999,
            0.82011,
            0.850935,
            0.897275,
            0.897451,
            0.999795
        ],
        [
            1.997889,
            2.4250730000000003,
            0.613862,
            0.621882,
            0.6209439999999999,
            0.611389,
            0.611782,
            0.690823,
            0.690956,
            0.004739,
            0.0,
            0.003156,
            0.004752,
            0.009132000000000001,
            0.0069370000000000005,
            0.072715,
            0.06973499999999999,
            0.06831599999999999,
            0.066968,
            0.068731,
            0.064725,
            0.07940799999999999,
            0.070175,
            0.082133,
            0.06344,
            0.06864999999999999,
            0.068675,
            0.068139,
            0.06817,
            0.827629,
            0.830647,
            0.836712,
            0.8398950000000001,
            0.827677,
            0.829115,
            0.82908,
            0.831628,
            0.835403,
            0.829139,
            0.82915,
            0.832446,
            0.831646,
            0.831877,
            0.873035,
            0.838178,
            0.826466,
            0.838309,
            0.823942,
            0.819713,
            0.850538,
            0.8968780000000001,
            0.897054,
            0.999398
        ],
        [
            1.996703,
            2.4238869999999997,
            0.612676,
            0.620696,
            0.619758,
            0.610203,
            0.610596,
            0.6896370000000001,
            0.68977,
            0.0035529999999999997,
            0.003156,
            0.0,
            0.0035659999999999997,
            0.007946,
            0.005751,
            0.07152900000000001,
            0.068549,
            0.06713,
            0.06578200000000001,
            0.06754500000000001,
            0.06353900000000001,
            0.078222,
            0.06898900000000001,
            0.080947,
            0.062254000000000004,
            0.067464,
            0.06748900000000001,
            0.06695300000000001,
            0.066984,
            0.826443,
            0.829461,
            0.835526,
            0.8387089999999999,
            0.826491,
            0.8279289999999999,
            0.827894,
            0.830442,
            0.834217,
            0.8279529999999999,
            0.8279639999999999,
            0.83126,
            0.83046,
            0.830691,
            0.871849,
            0.836992,
            0.82528,
            0.837123,
            0.822756,
            0.818527,
            0.849352,
            0.8956919999999999,
            0.895868,
            0.998212
        ],
        [
            1.998299,
            2.425483,
            0.614272,
            0.6222920000000001,
            0.621354,
            0.611799,
            0.6121920000000001,
            0.691233,
            0.691366,
            0.005149,
            0.004752,
            0.0035659999999999997,
            0.0,
            0.009542,
            0.007347,
            0.073125,
            0.070145,
            0.06872600000000001,
            0.06737800000000001,
            0.06914100000000001,
            0.065135,
            0.079818,
            0.07058500000000001,
            0.082543,
            0.06385,
            0.06906000000000001,
            0.06908500000000001,
            0.068549,
            0.06858,
            0.828039,
            0.831057,
            0.837122,
            0.8403050000000001,
            0.828087,
            0.8295250000000001,
            0.8294900000000001,
            0.832038,
            0.835813,
            0.829549,
            0.8295600000000001,
            0.832856,
            0.832056,
            0.832287,
            0.873445,
            0.838588,
            0.826876,
            0.838719,
            0.824352,
            0.820123,
            0.850948,
            0.8972880000000001,
            0.897464,
            0.999808
        ],
        [
            2.002679,
            2.429863,
            0.618652,
            0.626672,
            0.625734,
            0.616179,
            0.616572,
            0.695613,
            0.695746,
            0.009529,
            0.009132000000000001,
            0.007946,
            0.009542,
            0.0,
            0.011727000000000001,
            0.077505,
            0.07452500000000001,
            0.073106,
            0.071758,
            0.073521,
            0.069515,
            0.084198,
            0.074965,
            0.086923,
            0.06823,
            0.07344,
            0.073465,
            0.072929,
            0.07296,
            0.832419,
            0.835437,
            0.841502,
            0.844685,
            0.8324670000000001,
            0.833905,
            0.8338700000000001,
            0.8364180000000001,
            0.840193,
            0.8339289999999999,
            0.83394,
            0.8372360000000001,
            0.836436,
            0.836667,
            0.8778250000000001,
            0.8429679999999999,
            0.831256,
            0.843099,
            0.828732,
            0.824503,
            0.8553280000000001,
            0.901668,
            0.9018440000000001,
            1.004188
        ],
        [
            2.000484,
            2.4276679999999997,
            0.616457,
            0.624477,
            0.6235390000000001,
            0.6139840000000001,
            0.614377,
            0.6934180000000001,
            0.693551,
            0.007334,
            0.0069370000000000005,
            0.005751,
            0.007347,
            0.011727000000000001,
            0.0,
            0.07531,
            0.07233,
            0.070911,
            0.069563,
            0.071326,
            0.06731999999999999,
            0.08200299999999999,
            0.07277,
            0.084728,
            0.066035,
            0.071245,
            0.07127,
            0.07073399999999999,
            0.070765,
            0.8302240000000001,
            0.833242,
            0.839307,
            0.84249,
            0.830272,
            0.83171,
            0.831675,
            0.834223,
            0.837998,
            0.831734,
            0.831745,
            0.835041,
            0.834241,
            0.834472,
            0.87563,
            0.840773,
            0.829061,
            0.840904,
            0.8265370000000001,
            0.822308,
            0.853133,
            0.899473,
            0.899649,
            1.0019930000000001
        ],
        [
            2.0395779999999997,
            2.466762,
            0.655551,
            0.6635709999999999,
            0.662633,
            0.653078,
            0.6534709999999999,
            0.732512,
            0.732645,
            0.07311200000000001,
            0.072715,
            0.07152900000000001,
            0.073125,
            0.077505,
            0.07531,
            0.0,
            0.033271999999999996,
            0.11000499999999999,
            0.108657,
            0.11042,
            0.10641400000000001,
            0.121097,
            0.111864,
            0.123822,
            0.105129,
            0.11033899999999999,
            0.110364,
            0.10982800000000001,
            0.109859,
            0.869318,
            0.872336,
            0.878401,
            0.8815839999999999,
            0.869366,
            0.8708039999999999,
            0.870769,
            0.873317,
            0.877092,
            0.8708279999999999,
            0.8708389999999999,
            0.874135,
            0.873335,
            0.873566,
            0.914724,
            0.879867,
            0.868155,
            0.879998,
            0.865631,
            0.861402,
            0.892227,
            0.9385669999999999,
            0.938743,
            1.041087
        ],
        [
            2.0365979999999997,
            2.463782,
            0.652571,
            0.6605909999999999,
            0.659653,
            0.6500980000000001,
            0.6504909999999999,
            0.7295320000000001,
            0.729665,
            0.070132,
            0.06973499999999999,
            0.068549,
            0.070145,
            0.07452500000000001,
            0.07233,
            0.033271999999999996,
            0.0,
            0.10702500000000001,
            0.10567700000000001,
            0.10744000000000001,
            0.103434,
            0.118117,
            0.10888400000000001,
            0.120842,
            0.102149,
            0.10735900000000001,
            0.10738400000000001,
            0.106848,
            0.106879,
            0.866338,
            0.869356,
            0.875421,
            0.8786039999999999,
            0.866386,
            0.8678239999999999,
            0.867789,
            0.870337,
            0.874112,
            0.867848,
            0.8678589999999999,
            0.871155,
            0.870355,
            0.870586,
            0.911744,
            0.876887,
            0.865175,
            0.877018,
            0.8626510000000001,
            0.858422,
            0.889247,
            0.935587,
            0.935763,
            1.0381070000000001
        ],
        [
            1.994443,
            2.421627,
            0.6104160000000001,
            0.618436,
            0.617498,
            0.607943,
            0.608336,
            0.687377,
            0.6875100000000001,
            0.068713,
            0.06831599999999999,
            0.06713,
            0.06872600000000001,
            0.073106,
            0.070911,
            0.11000499999999999,
            0.10702500000000001,
            0.0,
            0.010461999999999999,
            0.012225,
            0.008219,
            0.022902,
            0.013669,
            0.025627,
            0.006933999999999999,
            0.012143999999999999,
            0.012169,
            0.011633,
            0.011664,
            0.824183,
            0.8272010000000001,
            0.8332660000000001,
            0.836449,
            0.8242309999999999,
            0.825669,
            0.825634,
            0.828182,
            0.8319570000000001,
            0.825693,
            0.825704,
            0.829,
            0.8282,
            0.8284309999999999,
            0.869589,
            0.834732,
            0.8230200000000001,
            0.8348629999999999,
            0.820496,
            0.8162670000000001,
            0.847092,
            0.893432,
            0.893608,
            0.995952
        ],
        [
            1.993095,
            2.420279,
            0.609068,
            0.617088,
            0.61615,
            0.606595,
            0.606988,
            0.686029,
            0.686162,
            0.06736500000000001,
            0.066968,
            0.06578200000000001,
            0.06737800000000001,
            0.071758,
            0.069563,
            0.108657,
            0.10567700000000001,
            0.010461999999999999,
            0.0,
            0.010877000000000001,
            0.006871,
            0.021553999999999997,
            0.012321,
            0.024279000000000002,
            0.005586000000000001,
            0.010796,
            0.010821,
            0.010284999999999999,
            0.010316,
            0.822835,
            0.8258530000000001,
            0.831918,
            0.8351010000000001,
            0.822883,
            0.8243210000000001,
            0.8242860000000001,
            0.8268340000000001,
            0.830609,
            0.824345,
            0.8243560000000001,
            0.827652,
            0.826852,
            0.827083,
            0.868241,
            0.833384,
            0.8216720000000001,
            0.833515,
            0.819148,
            0.8149190000000001,
            0.845744,
            0.8920840000000001,
            0.89226,
            0.994604
        ],
        [
            1.994858,
            2.4220420000000003,
            0.610831,
            0.618851,
            0.6179129999999999,
            0.608358,
            0.608751,
            0.687792,
            0.687925,
            0.06912800000000001,
            0.068731,
            0.06754500000000001,
            0.06914100000000001,
            0.073521,
            0.071326,
            0.11042,
            0.10744000000000001,
            0.012225,
            0.010877000000000001,
            0.0,
            0.008634,
            0.023316999999999997,
            0.014084,
            0.026042,
            0.007349,
            0.012559,
            0.012584000000000001,
            0.012048,
            0.012079,
            0.8245979999999999,
            0.827616,
            0.833681,
            0.836864,
            0.824646,
            0.826084,
            0.826049,
            0.828597,
            0.832372,
            0.826108,
            0.826119,
            0.829415,
            0.828615,
            0.828846,
            0.870004,
            0.835147,
            0.823435,
            0.835278,
            0.820911,
            0.816682,
            0.847507,
            0.8938470000000001,
            0.894023,
            0.996367
        ],
        [
            1.990852,
            2.418036,
            0.6068250000000001,
            0.614845,
            0.613907,
            0.604352,
            0.604745,
            0.683786,
            0.683919,
            0.06512200000000001,
            0.064725,
            0.06353900000000001,
            0.065135,
            0.069515,
            0.06731999999999999,
            0.10641400000000001,
            0.103434,
            0.008219,
            0.006871,
            0.008634,
            0.0,
            0.019311,
            0.010078,
            0.022036,
            0.003343,
            0.008553,
            0.008578,
            0.008042,
            0.008073,
            0.820592,
            0.8236100000000001,
            0.829675,
            0.8328580000000001,
            0.82064,
            0.8220780000000001,
            0.8220430000000001,
            0.8245910000000001,
            0.828366,
            0.822102,
            0.8221130000000001,
            0.8254090000000001,
            0.824609,
            0.82484,
            0.865998,
            0.831141,
            0.8194290000000001,
            0.831272,
            0.816905,
            0.8126760000000001,
            0.8435010000000001,
            0.8898410000000001,
            0.8900170000000001,
            0.992361
        ],
        [
            2.005535,
            2.432719,
            0.621508,
            0.629528,
            0.62859,
            0.619035,
            0.619428,
            0.698469,
            0.698602,
            0.079805,
            0.07940799999999999,
            0.078222,
            0.079818,
            0.084198,
            0.08200299999999999,
            0.121097,
            0.118117,
            0.022902,
            0.021553999999999997,
            0.023316999999999997,
            0.019311,
            0.0,
            0.014504999999999999,
            0.026463,
            0.018025999999999997,
            0.023236,
            0.023260999999999997,
            0.022725,
            0.022756,
            0.835275,
            0.838293,
            0.8443579999999999,
            0.847541,
            0.835323,
            0.836761,
            0.8367260000000001,
            0.8392740000000001,
            0.8430489999999999,
            0.8367849999999999,
            0.836796,
            0.8400920000000001,
            0.8392919999999999,
            0.839523,
            0.880681,
            0.8458239999999999,
            0.834112,
            0.845955,
            0.831588,
            0.827359,
            0.8581840000000001,
            0.904524,
            0.9047000000000001,
            1.007044
        ],
        [
            1.996302,
            2.423486,
            0.612275,
            0.620295,
            0.6193569999999999,
            0.609802,
            0.610195,
            0.689236,
            0.689369,
            0.07057200000000001,
            0.070175,
            0.06898900000000001,
            0.07058500000000001,
            0.074965,
            0.07277,
            0.111864,
            0.10888400000000001,
            0.013669,
            0.012321,
            0.014084,
            0.010078,
            0.014504999999999999,
            0.0,
            0.01723,
            0.008793,
            0.014003,
            0.014028,
            0.013492,
            0.013523,
            0.8260419999999999,
            0.82906,
            0.835125,
            0.838308,
            0.82609,
            0.827528,
            0.827493,
            0.830041,
            0.833816,
            0.827552,
            0.827563,
            0.830859,
            0.830059,
            0.83029,
            0.871448,
            0.836591,
            0.824879,
            0.836722,
            0.822355,
            0.818126,
            0.848951,
            0.8952910000000001,
            0.895467,
            0.997811
        ],
        [
            2.00826,
            2.4354440000000004,
            0.624233,
            0.632253,
            0.6313150000000001,
            0.6217600000000001,
            0.622153,
            0.7011940000000001,
            0.701327,
            0.08253,
            0.082133,
            0.080947,
            0.082543,
            0.086923,
            0.084728,
            0.123822,
            0.120842,
            0.025627,
            0.024279000000000002,
            0.026042,
            0.022036,
            0.026463,
            0.01723,
            0.0,
            0.020751,
            0.025960999999999998,
            0.025986000000000002,
            0.02545,
            0.025481,
            0.8380000000000001,
            0.841018,
            0.847083,
            0.850266,
            0.838048,
            0.839486,
            0.8394510000000001,
            0.841999,
            0.845774,
            0.83951,
            0.839521,
            0.842817,
            0.842017,
            0.842248,
            0.883406,
            0.848549,
            0.836837,
            0.84868,
            0.8343130000000001,
            0.830084,
            0.860909,
            0.907249,
            0.907425,
            1.009769
        ],
        [
            1.989567,
            2.416751,
            0.60554,
            0.61356,
            0.612622,
            0.603067,
            0.60346,
            0.682501,
            0.682634,
            0.063837,
            0.06344,
            0.062254000000000004,
            0.06385,
            0.06823,
            0.066035,
            0.105129,
            0.102149,
            0.006933999999999999,
            0.005586000000000001,
            0.007349,
            0.003343,
            0.018025999999999997,
            0.008793,
            0.020751,
            0.0,
            0.007268,
            0.007293000000000001,
            0.006756999999999999,
            0.006788000000000001,
            0.819307,
            0.822325,
            0.82839,
            0.831573,
            0.819355,
            0.820793,
            0.8207580000000001,
            0.8233060000000001,
            0.827081,
            0.8208169999999999,
            0.820828,
            0.8241240000000001,
            0.823324,
            0.823555,
            0.8647130000000001,
            0.8298559999999999,
            0.818144,
            0.829987,
            0.81562,
            0.811391,
            0.8422160000000001,
            0.888556,
            0.8887320000000001,
            0.9910760000000001
        ],
        [
            1.994777,
            2.421961,
            0.61075,
            0.61877,
            0.6178319999999999,
            0.608277,
            0.60867,
            0.687711,
            0.687844,
            0.069047,
            0.06864999999999999,
            0.067464,
            0.06906000000000001,
            0.07344,
            0.071245,
            0.11033899999999999,
            0.10735900000000001,
            0.012143999999999999,
            0.010796,
            0.012559,
            0.008553,
            0.023236,
            0.014003,
            0.025960999999999998,
            0.007268,
            0.0,
            0.0019290000000000002,
            0.011966999999999998,
            0.011998,
            0.8245169999999999,
            0.827535,
            0.8336,
            0.836783,
            0.824565,
            0.826003,
            0.825968,
            0.828516,
            0.832291,
            0.826027,
            0.826038,
            0.829334,
            0.828534,
            0.828765,
            0.869923,
            0.835066,
            0.823354,
            0.835197,
            0.82083,
            0.816601,
            0.847426,
            0.8937660000000001,
            0.893942,
            0.996286
        ],
        [
            1.994802,
            2.421986,
            0.6107750000000001,
            0.618795,
            0.617857,
            0.608302,
            0.608695,
            0.687736,
            0.6878690000000001,
            0.06907200000000001,
            0.068675,
            0.06748900000000001,
            0.06908500000000001,
            0.073465,
            0.07127,
            0.110364,
            0.10738400000000001,
            0.012169,
            0.010821,
            0.012584000000000001,
            0.008578,
            0.023260999999999997,
            0.014028,
            0.025986000000000002,
            0.007293000000000001,
            0.0019290000000000002,
            0.0,
            0.011992,
            0.012023,
            0.824542,
            0.8275600000000001,
            0.8336250000000001,
            0.836808,
            0.8245899999999999,
            0.826028,
            0.825993,
            0.828541,
            0.8323160000000001,
            0.826052,
            0.826063,
            0.829359,
            0.828559,
            0.8287899999999999,
            0.8699479999999999,
            0.835091,
            0.8233790000000001,
            0.8352219999999999,
            0.820855,
            0.8166260000000001,
            0.847451,
            0.893791,
            0.893967,
            0.996311
        ],
        [
            1.994266,
            2.42145,
            0.610239,
            0.618259,
            0.617321,
            0.607766,
            0.608159,
            0.6872,
            0.687333,
            0.06853600000000001,
            0.068139,
            0.06695300000000001,
            0.068549,
            0.072929,
            0.07073399999999999,
            0.10982800000000001,
            0.106848,
            0.011633,
            0.010284999999999999,
            0.012048,
            0.008042,
            0.022725,
            0.013492,
            0.02545,
            0.006756999999999999,
            0.011966999999999998,
            0.011992,
            0.0,
            0.011487,
            0.824006,
            0.827024,
            0.833089,
            0.836272,
            0.8240540000000001,
            0.825492,
            0.8254570000000001,
            0.8280050000000001,
            0.83178,
            0.8255159999999999,
            0.825527,
            0.8288230000000001,
            0.828023,
            0.828254,
            0.8694120000000001,
            0.8345549999999999,
            0.822843,
            0.834686,
            0.820319,
            0.81609,
            0.8469150000000001,
            0.893255,
            0.8934310000000001,
            0.9957750000000001
        ],
        [
            1.994297,
            2.421481,
            0.6102700000000001,
            0.61829,
            0.617352,
            0.607797,
            0.60819,
            0.687231,
            0.6873640000000001,
            0.068567,
            0.06817,
            0.066984,
            0.06858,
            0.07296,
            0.070765,
            0.109859,
            0.106879,
            0.011664,
            0.010316,
            0.012079,
            0.008073,
            0.022756,
            0.013523,
            0.025481,
            0.006788000000000001,
            0.011998,
            0.012023,
            0.011487,
            0.0,
            0.824037,
            0.8270550000000001,
            0.8331200000000001,
            0.836303,
            0.824085,
            0.825523,
            0.825488,
            0.828036,
            0.8318110000000001,
            0.825547,
            0.825558,
            0.828854,
            0.8280540000000001,
            0.8282849999999999,
            0.869443,
            0.834586,
            0.8228740000000001,
            0.8347169999999999,
            0.82035,
            0.8161210000000001,
            0.846946,
            0.893286,
            0.893462,
            0.995806
        ],
        [
            1.9577,
            2.384884,
            0.9773590000000001,
            0.985379,
            0.9844410000000001,
            0.9748860000000001,
            0.975279,
            1.0543200000000001,
