{
    "NEXUS_FILE_URL": "http://purl.org/phylo/treebase/phylows/study/TB2:S15214",
    "NEWICK_TREE": "((10:0.06857287294868614,11:0.09297487225317513):0.1316879796124321,((46:0.06249180299926227,(5:0.0033857016177530896,(7:0.00834331778111519,(4:0.0020713161255584978,(6:0.00244813801503041,8:0.00368474402234531):0.0020405771048879195):5.493301357053504E-4):0.002787642179159444):0.04140510401790992):0.03797596489219118,((((29:0.0014948141094163758,31:0.0015174893603856487):-5.807762747210288E-4,(30:0.002378684950424592,28:6.593252315965081E-4):0.0024742738099863826):0.023353517190350226,((12:0.026970569199714467,50:0.025251941509162185):0.03163046067380887,((47:0.011059941833951148,(9:0.008668533199692685,(48:0.005133364581275335,51:0.012145329081657552):0.006143895321057247):0.0019111140596497767):0.00411747971244375,(49:0.007595387281856214,(43:0.01097188944392441,(44:0.010821628844977199,45:0.006449354672834529):0.0018026716613738225):0.009841650359651566):0.0029424246998761006):0.018793510813785497):0.023494464400187876):0.005943394608990071,((14:0.0034755358994958407,(13:7.844001601030604E-4,22:0.00635858643504944):0.0011643156671057309):0.01450562883864942,((((35:7.291014935415507E-4,36:5.922775962728943E-4):0.007983687248521665,(1:0.0025297632825379,(2:5.573723339186154E-4,3:8.91431078575089E-4):0.003522501282492152):0.011990503647334894):0.003475143043444706,((18:0.0019209536707768815,(17:0.0010227874077546883,19:3.5511191132137077E-4):7.124938254748914E-4):0.013701294675086018,(26:9.488482061263959E-4,(25:0.0020898143613691245,27:7.954391259006877E-4):1.2045876545940803E-4):0.00929656921511024):0.004164847637373237):0.0032778646754744734,((24:0.0011291120489115292,23:7.325245390885082E-4):0.009674694282531926,((41:0.0027211753711615105,(40:0.0020565991012866935,42:0.00293690453927109):0.0036297860582833463):0.006520920904715621,(33:0.00346304518551932,((32:4.8464138552284375E-4,34:0.001213654761954952):0.006023538953385199,((37:0.0059301308960533206,(39:4.0618393265934305E-4,38:3.485501232274868E-4):7.175194612632496E-4):0.0037889511886288196,((15:8.177408399125397E-4,16:7.484194451962134E-4):0.003468714850756671,(20:7.165593586867525E-4,21:5.150195669610946E-4):0.006745669735647719):9.740695136118971E-4):0.0021279849225903646):0.0015338197728702596):-0.001256293453071211):0.004218738102557851):0.004973695219815055):0.015822892346239514):0.004555218024567931):0.03641737354427371):0.1316879796124321);",
    "DISTANCE_MATRIX": [
        [
            0.0,
            0.16154774520186127,
            0.43241660006500376,
            0.4147156027014045,
            0.42246086104392605,
            0.4167381895240747,
            0.41915558851843454,
            0.42039219452574944,
            0.39857715535185967,
            0.39859983060282894,
            0.4025160762775753,
            0.4007967165587472,
            0.45640509460052536,
            0.45468646690997305,
            0.43177499708718237,
            0.4312947025125737,
            0.4339034292152136,
            0.4409153937155958,
            0.4271353875225198,
            0.44035354004423954,
            0.4420059511066662,
            0.4376336769345235,
            0.3909025884805372,
            0.38937576840825017,
            0.39494995468319655,
            0.40421011254961386,
            0.4040732886523452,
            0.41001759073742344,
            0.4115677010712963,
            0.4119017598159528,
            0.4118092767473421,
            0.4116236043097948,
            0.41095592881336146,
            0.4064324458227158,
            0.40769387074341795,
            0.4063994955079495,
            0.40452181763989,
            0.40412523013006696,
            0.4071788456868815,
            0.41014405547529004,
            0.41102436091327443,
            0.4001435011434525,
            0.40472245606971147,
            0.4054514694461436,
            0.41006134273807593,
            0.4052549152359452,
            0.40519728142651334,
            0.4056027858576749,
            0.40553346446295857,
            0.40877855926134016,
            0.4085770194696145
        ],
        [
            0.16154774520186127,
            0.0,
            0.45681859936949276,
            0.4391176020058935,
            0.44686286034841505,
            0.4411401888285637,
            0.44355758782292354,
            0.44479419383023844,
            0.42297915465634867,
            0.42300182990731794,
            0.4269180755820643,
            0.4251987158632362,
            0.4808070939050143,
            0.479088466214462,
            0.45617699639167136,
            0.4556967018170627,
            0.4583054285197026,
            0.4653173930200848,
            0.4515373868270088,
            0.46475553934872854,
            0.4664079504111551,
            0.4620356762390125,
            0.4153045877850262,
            0.41377776771273916,
            0.41935195398768554,
            0.42861211185410286,
            0.4284752879568342,
            0.43441959004191244,
            0.4359697003757853,
            0.4363037591204418,
            0.4362112760518311,
            0.4360256036142838,
            0.43535792811785046,
            0.4308344451272048,
            0.43209587004790695,
            0.4308014948124385,
            0.428923816944379,
            0.42852722943455596,
            0.4315808449913705,
            0.43454605477977903,
            0.43542636021776343,
            0.4245455004479415,
            0.42912445537420046,
            0.4298534687506326,
            0.4344633420425649,
            0.4296569145404342,
            0.42959928073100234,
            0.4300047851621639,
            0.42993546376744757,
            0.43318055856582915,
            0.4329790187741035
        ],
        [
            0.43241660006500376,
            0.45681859936949276,
            0.0,
            0.10728260863492528,
            0.11502786697744682,
            0.10930519545759548,
            0.11172259445195531,
            0.11295920045927021,
            0.1670960910697628,
            0.16711876632073208,
            0.17103501199547844,
            0.16931565227665035,
            0.22492403031842845,
            0.22320540262787616,
            0.2002939328050855,
            0.19981363823047682,
            0.20242236493311672,
            0.20943432943349893,
            0.19565432324042292,
            0.20887247576214268,
            0.2105248868245693,
            0.20615261265242663,
            0.15942152419844036,
            0.1578947041261533,
            0.1634688904010997,
            0.172729048267517,
            0.17259222437024835,
            0.17853652645532658,
            0.18008663678919945,
            0.18042069553385592,
            0.18032821246524522,
            0.18014254002769792,
            0.1794748645312646,
            0.17495138154061896,
            0.1762128064613211,
            0.17491843122585266,
            0.17304075335779312,
            0.1726441658479701,
            0.17569778140478465,
            0.17866299119319318,
            0.17954329663117757,
            0.16866243686135562,
            0.1732413917876146,
            0.17397040516404672,
            0.17858027845597907,
            0.17377385095384834,
            0.17371621714441648,
            0.17412172157557804,
            0.1740524001808617,
            0.1772974949792433,
            0.17709595518751764
        ],
        [
            0.4147156027014045,
            0.4391176020058935,
            0.10728260863492528,
            0.0,
            0.014516661578027723,
            0.008793990058176382,
            0.011211389052536214,
            0.012447995059851114,
            0.14939509370616355,
            0.14941776895713282,
            0.15333401463187918,
            0.1516146549130511,
            0.2072230329548292,
            0.2055044052642769,
            0.18259293544148625,
            0.18211264086687756,
            0.18472136756951746,
            0.19173333206989968,
            0.17795332587682366,
            0.19117147839854343,
            0.19282388946097004,
            0.18845161528882737,
            0.1417205268348411,
            0.14019370676255405,
            0.14576789303750043,
            0.15502805090391775,
            0.1548912270066491,
            0.16083552909172733,
            0.1623856394256002,
            0.16271969817025667,
            0.16262721510164596,
            0.16244154266409866,
            0.16177386716766534,
            0.1572503841770197,
            0.15851180909772183,
            0.1572174338622534,
            0.15533975599419386,
            0.15494316848437084,
            0.1579967840411854,
            0.16096199382959392,
            0.16184229926757832,
            0.15096143949775637,
            0.15554039442401535,
            0.15626940780044746,
            0.1608792810923798,
            0.15607285359024908,
            0.15601521978081723,
            0.15642072421197878,
            0.15635140281726245,
            0.15959649761564404,
            0.15939495782391838
        ],
        [
            0.42246086104392605,
            0.44686286034841505,
            0.11502786697744682,
            0.014516661578027723,
            0.0,
            0.010963964042379037,
            0.01338136303673887,
            0.014617969044053769,
            0.1571403520486851,
            0.15716302729965437,
            0.16107927297440072,
            0.15935991325557264,
            0.21496829129735073,
            0.21324966360679845,
            0.1903381937840078,
            0.1898578992093991,
            0.192466625912039,
            0.19947859041242122,
            0.1856985842193452,
            0.19891673674106497,
            0.20056914780349158,
            0.1961968736313489,
            0.14946578517736264,
            0.1479389651050756,
            0.15351315138002197,
            0.1627733092464393,
            0.16263648534917063,
            0.16858078743424887,
            0.17013089776812174,
            0.1704649565127782,
            0.1703724734441675,
            0.1701868010066202,
            0.16951912551018689,
            0.16499564251954124,
            0.16625706744024338,
            0.16496269220477494,
            0.1630850143367154,
            0.16268842682689238,
            0.16574204238370693,
            0.16870725217211546,
            0.16958755761009986,
            0.1587066978402779,
            0.1632856527665369,
            0.164014666142969,
            0.16862453943490135,
            0.16381811193277063,
            0.16376047812333877,
            0.16416598255450032,
            0.164096661159784,
            0.16734175595816558,
            0.16714021616643993
        ],
        [
            0.4167381895240747,
            0.4411401888285637,
            0.10930519545759548,
            0.008793990058176382,
            0.010963964042379037,
            0.0,
            0.006560031245476827,
            0.007796637252791727,
            0.15141768052883375,
            0.15144035577980303,
            0.15535660145454938,
            0.1536372417357213,
            0.2092456197774994,
            0.2075269920869471,
            0.18461552226415645,
            0.18413522768954776,
            0.18674395439218766,
            0.19375591889256988,
            0.17997591269949387,
            0.19319406522121363,
            0.19484647628364024,
            0.19047420211149757,
            0.1437431136575113,
            0.14221629358522425,
            0.14779047986017063,
            0.15705063772658795,
            0.1569138138293193,
            0.16285811591439753,
            0.1644082262482704,
            0.16474228499292687,
            0.16464980192431616,
            0.16446412948676886,
            0.16379645399033554,
            0.1592729709996899,
            0.16053439592039204,
            0.1592400206849236,
            0.15736234281686406,
            0.15696575530704104,
            0.1600193708638556,
            0.16298458065226412,
            0.16386488609024852,
            0.15298402632042657,
            0.15756298124668555,
            0.15829199462311766,
            0.16290186791505,
            0.15809544041291929,
            0.15803780660348743,
            0.15844331103464898,
            0.15837398963993266,
            0.16161908443831424,
            0.16141754464658858
        ],
        [
            0.41915558851843454,
            0.44355758782292354,
            0.11172259445195531,
            0.011211389052536214,
            0.01338136303673887,
            0.006560031245476827,
            0.0,
            0.00613288203737572,
            0.15383507952319359,
            0.15385775477416286,
            0.1577740004489092,
            0.15605464073008113,
            0.21166301877185922,
            0.20994439108130694,
            0.18703292125851628,
            0.1865526266839076,
            0.1891613533865475,
            0.1961733178869297,
            0.1823933116938537,
            0.19561146421557346,
            0.19726387527800007,
            0.1928916011058574,
            0.14616051265187113,
            0.14463369257958408,
            0.15020787885453046,
            0.15946803672094778,
            0.15933121282367912,
            0.16527551490875736,
            0.16682562524263023,
            0.1671596839872867,
            0.167067200918676,
            0.1668815284811287,
            0.16621385298469538,
            0.16169036999404973,
            0.16295179491475187,
            0.16165741967928343,
            0.1597797418112239,
            0.15938315430140088,
            0.16243676985821542,
            0.16540197964662395,
            0.16628228508460835,
            0.1554014253147864,
            0.15998038024104538,
            0.1607093936174775,
            0.16531926690940985,
            0.16051283940727912,
            0.16045520559784726,
            0.1608607100290088,
            0.1607913886342925,
            0.16403648343267407,
            0.16383494364094842
        ],
        [
            0.42039219452574944,
            0.44479419383023844,
            0.11295920045927021,
            0.012447995059851114,
            0.014617969044053769,
            0.007796637252791727,
            0.00613288203737572,
            0.0,
            0.15507168553050849,
            0.15509436078147776,
            0.1590106064562241,
            0.15729124673739603,
            0.21289962477917412,
            0.21118099708862184,
            0.18826952726583118,
            0.1877892326912225,
            0.1903979593938624,
            0.1974099238942446,
            0.1836299177011686,
            0.19684807022288836,
            0.19850048128531497,
            0.1941282071131723,
            0.14739711865918603,
            0.14587029858689898,
            0.15144448486184536,
            0.16070464272826268,
            0.16056781883099402,
            0.16651212091607226,
            0.16806223124994513,
            0.1683962899946016,
            0.1683038069259909,
            0.1681181344884436,
            0.16745045899201028,
            0.16292697600136463,
            0.16418840092206677,
            0.16289402568659833,
            0.1610163478185388,
            0.16061976030871578,
            0.16367337586553032,
            0.16663858565393885,
            0.16751889109192325,
            0.1566380313221013,
            0.16121698624836028,
            0.1619459996247924,
            0.16655587291672475,
            0.16174944541459402,
            0.16169181160516216,
            0.1620973160363237,
            0.1620279946416074,
            0.16527308943998897,
            0.16507154964826332
        ],
        [
            0.39857715535185967,
            0.42297915465634867,
            0.1670960910697628,
            0.14939509370616355,
            0.1571403520486851,
            0.15141768052883375,
            0.15383507952319359,
            0.15507168553050849,
            0.0,
            0.0030123034698020246,
            0.005766996595106322,
            0.004047636876278238,
            0.10636304929875678,
            0.1046444216082045,
            0.08173295178541384,
            0.08125265721080516,
            0.08386138391344505,
            0.09087334841382727,
            0.07709334222075126,
            0.09031149474247102,
            0.09196390580489763,
            0.08759163163275496,
            0.052747332396748836,
            0.05122051232446179,
            0.05679469859940817,
            0.06605485646582548,
            0.06591803256855683,
            0.07186233465363506,
            0.07341244498750793,
            0.0737465037321644,
            0.0736540206635537,
            0.0734683482260064,
            0.07280067272957308,
            0.06827718973892744,
            0.06953861465962957,
            0.06824423942416113,
            0.0663665615561016,
            0.06596997404627858,
            0.06902358960309313,
            0.07198879939150166,
            0.07286910482948605,
            0.061988245059664104,
            0.06656719998592309,
            0.0672962133623552,
            0.07190608665428755,
            0.06709965915215682,
            0.06704202534272496,
            0.06744752977388652,
            0.06737820837917019,
            0.07062330317755178,
            0.07042176338582612
        ],
        [
            0.39859983060282894,
            0.42300182990731794,
            0.16711876632073208,
            0.14941776895713282,
            0.15716302729965437,
            0.15144035577980303,
            0.15385775477416286,
            0.15509436078147776,
            0.0030123034698020246,
            0.0,
            0.005789671846075595,
            0.004070312127247511,
            0.10638572454972606,
            0.10466709685917377,
            0.08175562703638312,
            0.08127533246177443,
            0.08388405916441433,
            0.09089602366479654,
            0.07711601747172053,
            0.0903341699934403,
            0.0919865810558669,
            0.08761430688372424,
            0.05277000764771811,
            0.05124318757543106,
            0.05681737385037744,
            0.06607753171679476,
            0.0659407078195261,
            0.07188500990460434,
            0.0734351202384772,
            0.07376917898313368,
            0.07367669591452297,
            0.07349102347697567,
            0.07282334798054235,
            0.06829986498989671,
            0.06956128991059884,
            0.06826691467513041,
            0.06638923680707087,
            0.06599264929724785,
            0.0690462648540624,
            0.07201147464247093,
            0.07289178008045533,
            0.06201092031063338,
            0.06658987523689236,
            0.06731888861332447,
            0.07192876190525682,
            0.0671223344031261,
            0.06706470059369424,
            0.06747020502485579,
            0.06740088363013946,
            0.07064597842852105,
            0.07044443863679539
        ],
        [
            0.4025160762775753,
            0.4269180755820643,
            0.17103501199547844,
            0.15333401463187918,
            0.16107927297440072,
            0.15535660145454938,
            0.1577740004489092,
            0.1590106064562241,
            0.005766996595106322,
            0.005789671846075595,
            0.0,
            0.0030380101820211003,
            0.11030197022447241,
            0.10858334253392013,
            0.08567187271112947,
            0.08519157813652078,
            0.08780030483916068,
            0.0948122693395429,
            0.08103226314646689,
            0.09425041566818665,
            0.09590282673061326,
            0.09153055255847059,
            0.056686253322464464,
            0.055159433250177414,
            0.060733619525123794,
            0.06999377739154111,
            0.06985695349427246,
            0.07580125557935069,
            0.07735136591322356,
            0.07768542465788003,
            0.07759294158926933,
            0.07740726915172202,
            0.07673959365528871,
            0.07221611066464306,
            0.0734775355853452,
            0.07218316034987676,
            0.07030548248181723,
            0.0699088949719942,
            0.07296251052880875,
            0.07592772031721728,
            0.07680802575520168,
            0.06592716598537973,
            0.07050612091163871,
            0.07123513428807082,
            0.07584500758000318,
            0.07103858007787245,
            0.07098094626844059,
            0.07138645069960214,
            0.07131712930488582,
            0.0745622241032674,
            0.07436068431154175
        ],
        [
            0.4007967165587472,
            0.4251987158632362,
            0.16931565227665035,
            0.1516146549130511,
            0.15935991325557264,
            0.1536372417357213,
            0.15605464073008113,
            0.15729124673739603,
            0.004047636876278238,
            0.004070312127247511,
            0.0030380101820211003,
            0.0,
            0.10858261050564433,
            0.10686398281509205,
            0.08395251299230139,
            0.0834722184176927,
            0.0860809451203326,
            0.09309290962071481,
            0.0793129034276388,
            0.09253105594935856,
            0.09418346701178518,
            0.0898111928396425,
            0.05496689360363638,
            0.05344007353134933,
            0.05901425980629571,
            0.06827441767271303,
            0.06813759377544437,
            0.0740818958605226,
            0.07563200619439547,
            0.07596606493905195,
            0.07587358187044124,
            0.07568790943289394,
            0.07502023393646062,
            0.07049675094581498,
            0.07175817586651712,
            0.07046380063104868,
            0.06858612276298914,
            0.06818953525316612,
            0.07124315080998067,
            0.0742083605983892,
            0.0750886660363736,
            0.06420780626655165,
            0.06878676119281063,
            0.06951577456924274,
            0.07412564786117509,
            0.06931922035904436,
            0.06926158654961251,
            0.06966709098077406,
            0.06959776958605773,
            0.07284286438443932,
            0.07264132459271366
        ],
        [
            0.45640509460052536,
            0.4808070939050143,
            0.22492403031842845,
            0.2072230329548292,
            0.21496829129735073,
            0.2092456197774994,
            0.21166301877185922,
            0.21289962477917412,
            0.10636304929875678,
            0.10638572454972606,
            0.11030197022447241,
            0.10858261050564433,
            0.0,
            0.05222251070887665,
            0.09257196223370373,
            0.09209166765909504,
            0.09470039436173494,
            0.10171235886211716,
            0.08793235266904115,
            0.10115050519076091,
            0.10280291625318752,
            0.09843064208104485,
            0.11057527164541447,
            0.10904845157312743,
            0.1146226378480738,
            0.12388279571449112,
            0.12374597181722247,
            0.1296902739023007,
            0.13124038423617357,
            0.13157444298083004,
            0.13148195991221934,
            0.13129628747467204,
            0.13062861197823872,
            0.12610512898759307,
            0.1273665539082952,
            0.12607217867282677,
            0.12419450080476724,
            0.12379791329494422,
            0.12685152885175877,
            0.1298167386401673,
            0.1306970440781517,
            0.11981618430832974,
            0.12439513923458873,
            0.12512415261102083,
            0.1297340259029532,
            0.12492759840082246,
            0.1248699645913906,
            0.12527546902255215,
            0.12520614762783583,
            0.12845124242621742,
            0.12824970263449176
        ],
        [
            0.45468646690997305,
            0.479088466214462,
            0.22320540262787616,
            0.2055044052642769,
            0.21324966360679845,
            0.2075269920869471,
            0.20994439108130694,
            0.21118099708862184,
            0.1046444216082045,
            0.10466709685917377,
            0.10858334253392013,
            0.10686398281509205,
            0.05222251070887665,
            0.0,
            0.09085333454315145,
            0.09037303996854276,
            0.09298176667118266,
            0.09999373117156488,
            0.08621372497848886,
            0.09943187750020863,
            0.10108428856263524,
            0.09671201439049257,
            0.10885664395486219,
            0.10732982388257514,
            0.11290401015752152,
            0.12216416802393884,
            0.12202734412667018,
            0.12797164621174842,
            0.12952175654562129,
            0.12985581529027776,
            0.12976333222166705,
            0.12957765978411975,
            0.12890998428768644,
            0.12438650129704079,
            0.12564792621774293,
            0.12435355098227449,
            0.12247587311421496,
            0.12207928560439193,
            0.12513290116120648,
            0.128098110949615,
            0.1289784163875994,
            0.11809755661777746,
            0.12267651154403644,
            0.12340552492046855,
            0.1280153982124009,
            0.12320897071027018,
            0.12315133690083832,
            0.12355684133199987,
            0.12348751993728355,
            0.12673261473566513,
            0.12653107494393948
        ],
        [
            0.43177499708718237,
            0.45617699639167136,
            0.2002939328050855,
            0.18259293544148625,
            0.1903381937840078,
            0.18461552226415645,
            0.18703292125851628,
            0.18826952726583118,
            0.08173295178541384,
            0.08175562703638312,
            0.08567187271112947,
            0.08395251299230139,
            0.09257196223370373,
            0.09085333454315145,
            0.0,
            0.02163958909329361,
            0.024248315795933506,
            0.03126028029631572,
            0.025715233528127213,
            0.038933386049846974,
            0.040585797112273586,
            0.036213522940130916,
            0.08594517413207153,
            0.08441835405978448,
            0.08999254033473086,
            0.09925269820114818,
            0.09911587430387953,
            0.10506017638895776,
            0.10661028672283063,
            0.1069443454674871,
            0.1068518623988764,
            0.1066661899613291,
            0.10599851446489578,
            0.10147503147425013,
            0.10273645639495227,
            0.10144208115948383,
            0.0995644032914243,
            0.09916781578160128,
            0.10222143133841582,
            0.10518664112682435,
            0.10606694656480875,
            0.0951860867949868,
            0.09976504172124578,
            0.10049405509767789,
            0.10510392838961025,
            0.10029750088747952,
            0.10023986707804766,
            0.10064537150920921,
            0.10057605011449289,
            0.10382114491287447,
            0.10361960512114882
        ],
        [
            0.4312947025125737,
            0.4556967018170627,
            0.19981363823047682,
            0.18211264086687756,
            0.1898578992093991,
            0.18413522768954776,
            0.1865526266839076,
            0.1877892326912225,
            0.08125265721080516,
            0.08127533246177443,
            0.08519157813652078,
            0.0834722184176927,
            0.09209166765909504,
            0.09037303996854276,
            0.02163958909329361,
            0.0,
            0.019945793102025267,
            0.026957757602407484,
            0.025234938953518526,
            0.03845309147523829,
            0.0401055025376649,
            0.03573322836552223,
            0.08546487955746285,
            0.0839380594851758,
            0.08951224576012218,
            0.0987724036265395,
            0.09863557972927084,
            0.10457988181434907,
            0.10612999214822194,
            0.10646405089287841,
            0.10637156782426771,
            0.10618589538672041,
            0.10551821989028709,
            0.10099473689964145,
            0.10225616182034358,
            0.10096178658487515,
            0.09908410871681561,
            0.09868752120699259,
            0.10174113676380714,
            0.10470634655221567,
            0.10558665199020006,
            0.09470579222037812,
            0.0992847471466371,
            0.1000137605230692,
            0.10462363381500156,
            0.09981720631287083,
            0.09975957250343898,
            0.10016507693460053,
            0.1000957555398842,
            0.10334085033826579,
            0.10313931054654013
        ],
        [
            0.4339034292152136,
            0.4583054285197026,
            0.20242236493311672,
            0.18472136756951746,
            0.192466625912039,
            0.18674395439218766,
            0.1891613533865475,
            0.1903979593938624,
            0.08386138391344505,
            0.08388405916441433,
            0.08780030483916068,
            0.0860809451203326,
            0.09470039436173494,
            0.09298176667118266,
            0.024248315795933506,
            0.019945793102025267,
            0.0,
            0.017278693662932887,
            0.027843665656158423,
            0.041061818177878184,
            0.042714229240304796,
            0.038341955068162126,
            0.08807360626010274,
            0.0865467861878157,
            0.09212097246276207,
            0.10138113032917939,
            0.10124430643191074,
            0.10718860851698897,
            0.10873871885086184,
            0.10907277759551831,
            0.1089802945269076,
            0.1087946220893603,
            0.10812694659292699,
            0.10360346360228134,
            0.10486488852298348,
            0.10357051328751504,
            0.10169283541945551,
            0.10129624790963249,
            0.10434986346644703,
            0.10731507325485556,
            0.10819537869283996,
            0.09731451892301801,
            0.101893473849277,
            0.1026224872257091,
            0.10723236051764146,
            0.10242593301551073,
            0.10236829920607887,
            0.10277380363724042,
            0.1027044822425241,
            0.10594957704090568,
            0.10574803724918003
        ],
        [
            0.4409153937155958,
            0.4653173930200848,
            0.20943432943349893,
            0.19173333206989968,
            0.19947859041242122,
            0.19375591889256988,
            0.1961733178869297,
            0.1974099238942446,
            0.09087334841382727,
            0.09089602366479654,
            0.0948122693395429,
            0.09309290962071481,
            0.10171235886211716,
            0.09999373117156488,
            0.03126028029631572,
            0.026957757602407484,
            0.017278693662932887,
            0.0,
            0.03485563015654064,
            0.0480737826782604,
            0.049726193740687014,
            0.04535391956854434,
            0.09508557076048496,
            0.09355875068819791,
            0.09913293696314429,
            0.10839309482956161,
            0.10825627093229295,
            0.11420057301737119,
            0.11575068335124405,
            0.11608474209590053,
            0.11599225902728982,
            0.11580658658974252,
            0.1151389110933092,
            0.11061542810266356,
            0.1118768530233657,
            0.11058247778789726,
            0.10870479991983772,
            0.1083082124100147,
            0.11136182796682925,
            0.11432703775523778,
            0.11520734319322218,
            0.10432648342340023,
            0.10890543834965921,
            0.10963445172609132,
            0.11424432501802367,
            0.10943789751589295,
            0.10938026370646109,
            0.10978576813762264,
            0.10971644674290632,
            0.1129615415412879,
            0.11276000174956224
        ],
        [
            0.4271353875225198,
            0.4515373868270088,
            0.19565432324042292,
            0.17795332587682366,
            0.1856985842193452,
            0.17997591269949387,
            0.1823933116938537,
            0.1836299177011686,
            0.07709334222075126,
            0.07711601747172053,
            0.08103226314646689,
            0.0793129034276388,
            0.08793235266904115,
            0.08621372497848886,
            0.025715233528127213,
            0.025234938953518526,
            0.027843665656158423,
            0.03485563015654064,
            0.0,
            0.02840892708543219,
            0.0300613381478588,
            0.02568906397571613,
            0.08130556456740895,
            0.0797787444951219,
            0.08535293077006828,
            0.0946130886364856,
            0.09447626473921694,
            0.10042056682429518,
            0.10197067715816804,
            0.10230473590282452,
            0.10221225283421381,
            0.10202658039666651,
            0.1013589049002332,
            0.09683542190958755,
            0.09809684683028969,
            0.09680247159482125,
            0.09492479372676171,
            0.09452820621693869,
            0.09758182177375324,
            0.10054703156216177,
            0.10142733700014617,
            0.09054647723032422,
            0.0951254321565832,
            0.09585444553301531,
            0.10046431882494766,
            0.09565789132281693,
            0.09560025751338508,
            0.09600576194454663,
            0.0959364405498303,
            0.09918153534821189,
            0.09897999555648623
        ],
        [
            0.44035354004423954,
            0.46475553934872854,
            0.20887247576214268,
            0.19117147839854343,
            0.19891673674106497,
            0.19319406522121363,
            0.19561146421557346,
            0.19684807022288836,
            0.09031149474247102,
            0.0903341699934403,
            0.09425041566818665,
            0.09253105594935856,
            0.10115050519076091,
            0.09943187750020863,
            0.038933386049846974,
            0.03845309147523829,
            0.041061818177878184,
            0.0480737826782604,
            0.02840892708543219,
            0.0,
            0.02359618995027543,
            0.01922391577813276,
            0.09452371708912871,
            0.09299689701684166,
            0.09857108329178804,
            0.10783124115820536,
            0.1076944172609367,
            0.11363871934601494,
            0.1151888296798878,
            0.11552288842454428,
            0.11543040535593357,
            0.11524473291838627,
            0.11457705742195295,
            0.11005357443130731,
            0.11131499935200945,
            0.11002062411654101,
            0.10814294624848148,
            0.10774635873865845,
            0.110799974295473,
            0.11376518408388153,
            0.11464548952186593,
            0.10376462975204398,
            0.10834358467830296,
            0.10907259805473507,
            0.11368247134666742,
            0.1088760438445367,
            0.10881841003510484,
            0.10922391446626639,
            0.10915459307155007,
            0.11239968786993165,
            0.112198148078206
        ],
        [
            0.4420059511066662,
            0.4664079504111551,
            0.2105248868245693,
            0.19282388946097004,
            0.20056914780349158,
            0.19484647628364024,
            0.19726387527800007,
            0.19850048128531497,
            0.09196390580489763,
            0.0919865810558669,
            0.09590282673061326,
            0.09418346701178518,
            0.10280291625318752,
            0.10108428856263524,
            0.040585797112273586,
            0.0401055025376649,
            0.042714229240304796,
            0.049726193740687014,
            0.0300613381478588,
            0.02359618995027543,
            0.0,
            0.017270983517811728,
            0.09617612815155532,
            0.09464930807926827,
            0.10022349435421465,
            0.10948365222063197,
            0.10934682832336332,
            0.11529113040844155,
            0.11684124074231442,
            0.11717529948697089,
            0.11708281641836019,
            0.11689714398081288,
            0.11622946848437957,
            0.11170598549373392,
            0.11296741041443606,
            0.11167303517896762,
            0.10979535731090809,
            0.10939876980108507,
            0.11245238535789961,
            0.11541759514630814,
            0.11629790058429254,
            0.10541704081447059,
            0.10999599574072957,
            0.11072500911716168,
            0.11533488240909404,
            0.11052845490696331,
            0.11047082109753145,
            0.110876325528693,
            0.11080700413397668,
            0.11405209893235826,
            0.1138505591406326
        ],
        [
            0.4376336769345235,
            0.4620356762390125,
            0.20615261265242663,
            0.18845161528882737,
            0.1961968736313489,
            0.19047420211149757,
            0.1928916011058574,
            0.1941282071131723,
            0.08759163163275496,
            0.08761430688372424,
            0.09153055255847059,
            0.0898111928396425,
            0.09843064208104485,
            0.09671201439049257,
            0.036213522940130916,
            0.03573322836552223,
            0.038341955068162126,
            0.04535391956854434,
            0.02568906397571613,
            0.01922391577813276,
            0.017270983517811728,
            0.0,
            0.09180385397941265,
            0.0902770339071256,
            0.09585122018207198,
            0.1051113780484893,
            0.10497455415122064,
            0.11091885623629888,
            0.11246896657017175,
            0.11280302531482822,
            0.11271054224621752,
            0.11252486980867021,
            0.1118571943122369,
            0.10733371132159125,
            0.10859513624229339,
            0.10730076100682495,
            0.10542308313876542,
            0.1050264956289424,
            0.10808011118575694,
            0.11104532097416547,
            0.11192562641214987,
            0.10104476664232792,
            0.1056237215685869,
            0.10635273494501901,
            0.11096260823695137,
            0.10615618073482064,
            0.10609854692538878,
            0.10650405135655033,
            0.10643472996183401,
            0.1096798247602156,
            0.10947828496848994
        ],
        [
            0.3909025884805372,
            0.4153045877850262,
            0.15942152419844036,
            0.1417205268348411,
            0.14946578517736264,
            0.1437431136575113,
            0.14616051265187113,
            0.14739711865918603,
            0.052747332396748836,
            0.05277000764771811,
            0.056686253322464464,
            0.05496689360363638,
            0.11057527164541447,
            0.10885664395486219,
            0.08594517413207153,
            0.08546487955746285,
            0.08807360626010274,
            0.09508557076048496,
