{
    "NEXUS_FILE_URL": "http://purl.org/phylo/treebase/phylows/study/TB2:S12306",
    "NEWICK_TREE": "(((((((((83:0.2642,59:0.2843):0.1919,64:0.342):0.1436,((60:0.4705,((71:0.07426,43:0.1276):0.09302,(68:0.106,42:0.1971):0.1125):0.03712):0.07998,(56:0.09516,77:0.2585):0.04659):0.3192):0.04549,55:0.363):0.06093,((((((((48:0.2076,((74:0.1953,(((72:0.01863,70:0.02332):0.04193,61:0.0658):0.03317,69:0.047):0.1435):0.05804,80:0.1843):0.04467):0.03667,(63:0.0,62:0.0):0.246):0.0222,(79:0.2953,75:0.2026):0.09755):0.06895,73:0.3684):0.1655,81:0.4262):0.05818,((78:0.0,76:0.0255):0.1777,46:0.3844):0.1303):0.1411,(((53:0.2297,67:0.2549):0.2239,(54:0.318,65:0.695):0.0721):0.02884,(66:0.2889,84:0.4812):0.3036):0.1103):0.04032,82:0.4673):0.05664):0.07599,(((36:0.1679,34:0.03984):0.1591,49:0.2602):0.04273,39:0.2666):0.1258):0.06266,57:0.4012):0.1805,(((((38:0.2437,35:0.09329):0.1686,((50:0.0,(47:0.0,52:0.0):0.008):0.04474,40:0.02274):0.2323):0.1061,(37:0.3678,33:0.2703):0.1458):0.04976,(45:0.3051,(44:0.1994,41:0.1864):0.587):0.2311):0.08643,(51:0.3157,58:0.4983):0.2098):0.1024):0.1771,(22:0.304,(25:0.4228,(((29:0.1278,19:0.05134):0.04141,31:0.09141):0.3878,(28:0.2166,((21:0.145,16:0.2072):0.05929,(12:0.1297,((26:0.2193,14:0.1147):0.1436,(((((30:0.01744,32:0.1042):0.0245,23:0.02381):0.2117,11:0.2479):0.05563,(13:0.1385,((((18:0.1618,9:0.07444):0.021,(((17:0.03157,27:0.117):0.02429,15:0.08314):0.03799,20:0.05358):0.1376):0.04902,10:0.1375):0.04365,24:0.2191):0.04787):0.03212):0.05189,(8:0.1916,(6:0.1421,((2:0.00775,1:0.00827):0.0907,(5:0.08328,(7:0.1065,(4:0.0,3:0.0):0.05904):0.1581):0.04894):0.02944):0.1065):0.3506):0.023):0.04371):0.06895):0.04155):0.03095):0.07899):0.2943):0.1178);",
    "DISTANCE_MATRIX": [
        [
            0.0,
            0.5485,
            0.7981,
            1.46938,
            1.20328,
            1.2566199999999998,
            1.2545,
            1.3456,
            1.0606499999999999,
            1.22399,
            1.00819,
            1.5032800000000002,
            1.59369,
            1.6356199999999999,
            1.64031,
            1.64086,
            1.5888900000000001,
            1.52465,
            1.50501,
            1.50501,
            1.62966,
            1.53696,
            1.53626,
            1.42856,
            1.25218,
            1.2776800000000001,
            1.4588800000000002,
            1.39582,
            1.42102,
            1.33232,
            1.70932,
            1.5058799999999999,
            1.6981799999999998,
            1.23006,
            1.2776399999999999,
            1.1495799999999998,
            1.21084,
            1.17451,
            1.24597,
            1.78226,
            1.63185,
            1.647,
            1.655,
            1.655,
            1.625,
            1.77746,
            1.67996,
            1.7503,
            2.2316000000000003,
            2.2186,
            1.6531699999999998,
            1.83577,
            1.62417,
            2.03727,
            2.25047,
            2.17401,
            2.17267,
            1.94101,
            1.97025,
            2.03245,
            1.96461,
            2.24152,
            2.13692,
            2.2627800000000002,
            2.34954,
            2.24465,
            2.25704,
            2.12413,
            2.30897,
            2.22161,
            2.35762,
            2.44305,
            2.3849,
            2.3173500000000002,
            2.21465,
            2.2526,
            2.4438199999999997,
            2.50082,
            2.4866099999999998,
            2.4871299999999996,
            2.52038,
            2.7016999999999998,
            2.6542399999999997,
            2.6542399999999997
        ],
        [
            0.5485,
            0.0,
            0.8182,
            1.48948,
            1.22338,
            1.2767199999999999,
            1.2746,
            1.3657,
            1.0807499999999999,
            1.24409,
            1.02829,
            1.52338,
            1.61379,
            1.65572,
            1.6604100000000002,
            1.66096,
            1.60899,
            1.54475,
            1.5251100000000002,
            1.5251100000000002,
            1.6497600000000001,
            1.55706,
            1.5563600000000002,
            1.44866,
            1.2722799999999999,
            1.29778,
            1.47898,
            1.4159199999999998,
            1.44112,
            1.35242,
            1.7294199999999997,
            1.5259800000000001,
            1.71828,
            1.25016,
            1.29774,
            1.16968,
            1.23094,
            1.19461,
            1.26607,
            1.8023600000000002,
            1.6519500000000003,
            1.6671000000000002,
            1.6751000000000003,
            1.6751000000000003,
            1.6451000000000002,
            1.7975600000000003,
            1.7000600000000001,
            1.7704000000000002,
            2.2517000000000005,
            2.2387,
            1.67327,
            1.8558700000000001,
            1.6442700000000001,
            2.05737,
            2.27057,
            2.1941100000000002,
            2.1927700000000003,
            1.9611100000000001,
            1.9903500000000003,
            2.05255,
            1.9847100000000002,
            2.26162,
            2.15702,
            2.2828800000000005,
            2.3696400000000004,
            2.2647500000000003,
            2.27714,
            2.1442300000000003,
            2.32907,
            2.2417100000000003,
            2.37772,
            2.46315,
            2.4050000000000002,
            2.3374500000000005,
            2.23475,
            2.2727000000000004,
            2.46392,
            2.5209200000000003,
            2.50671,
            2.50723,
            2.54048,
            2.7218,
            2.67434,
            2.67434
        ],
        [
            0.7981,
            0.8182,
            0.0,
            1.35528,
            1.08918,
            1.14252,
            1.1404,
            1.2315,
            0.94655,
            1.10989,
            0.89409,
            1.38918,
            1.4795900000000002,
            1.5215200000000002,
            1.5262100000000003,
            1.5267600000000001,
            1.47479,
            1.4105500000000002,
            1.3909100000000003,
            1.3909100000000003,
            1.5155600000000002,
            1.4228600000000002,
            1.4221600000000003,
            1.3144600000000002,
            1.13808,
            1.16358,
            1.34478,
            1.28172,
            1.30692,
            1.21822,
            1.5952199999999999,
            1.3917800000000002,
            1.5840800000000002,
            1.11596,
            1.16354,
            1.0354800000000002,
            1.09674,
            1.06041,
            1.1318700000000002,
            1.6681600000000003,
            1.5177500000000004,
            1.5329000000000002,
            1.5409000000000002,
            1.5409000000000002,
            1.5109000000000004,
            1.6633600000000004,
            1.5658600000000003,
            1.6362,
            2.1175,
            2.1045000000000003,
            1.5390700000000002,
            1.72167,
            1.51007,
            1.9231700000000003,
            2.1363700000000003,
            2.05991,
            2.05857,
            1.8269100000000003,
            1.85615,
            1.9183500000000002,
            1.85051,
            2.12742,
            2.0228200000000003,
            2.14868,
            2.23544,
            2.1305500000000004,
            2.1429400000000003,
            2.01003,
            2.19487,
            2.10751,
            2.24352,
            2.32895,
            2.2708,
            2.20325,
            2.10055,
            2.1385,
            2.32972,
            2.38672,
            2.37251,
            2.37303,
            2.4062799999999998,
            2.5876,
            2.54014,
            2.54014
        ],
        [
            1.46938,
            1.48948,
            1.35528,
            0.0,
            0.6749,
            0.72824,
            0.72612,
            0.81722,
            0.6922299999999999,
            0.8555699999999999,
            1.27817,
            1.77326,
            1.8636700000000002,
            1.9056000000000002,
            1.9102900000000003,
            1.91084,
            1.85887,
            1.7946300000000002,
            1.7749900000000003,
            1.7749900000000003,
            1.8996400000000002,
            1.8069400000000002,
            1.8062400000000003,
            1.6985400000000002,
            1.52216,
            1.54766,
            1.72886,
            1.6658,
            1.691,
            1.6023,
            1.9792999999999998,
            1.7758600000000002,
            1.9681600000000001,
            1.50004,
            1.5476200000000002,
            1.4195600000000002,
            1.48082,
            1.44449,
            1.5159500000000001,
            2.0522400000000003,
            1.9018300000000004,
            1.9169800000000004,
            1.9249800000000004,
            1.9249800000000004,
            1.8949800000000003,
            2.0474400000000004,
            1.9499400000000002,
            2.0202800000000005,
            2.5015800000000006,
            2.4885800000000002,
            1.9231500000000001,
            2.1057500000000005,
            1.8941500000000002,
            2.3072500000000002,
            2.5204500000000003,
            2.4439900000000003,
            2.4426500000000004,
            2.2109900000000002,
            2.2402300000000004,
            2.30243,
            2.2345900000000003,
            2.5115000000000003,
            2.4069000000000003,
            2.5327600000000006,
            2.6195200000000005,
            2.5146300000000004,
            2.5270200000000003,
            2.3941100000000004,
            2.5789500000000003,
            2.4915900000000004,
            2.6276,
            2.7130300000000003,
            2.6548800000000004,
            2.5873300000000006,
            2.48463,
            2.5225800000000005,
            2.7138,
            2.7708000000000004,
            2.75659,
            2.75711,
            2.79036,
            2.97168,
            2.92422,
            2.92422
        ],
        [
            1.20328,
            1.22338,
            1.08918,
            0.6749,
            0.0,
            0.20185999999999998,
            0.38578,
            0.47687999999999997,
            0.42613,
            0.58947,
            1.01207,
            1.5071600000000003,
            1.5975700000000002,
            1.6395,
            1.64419,
            1.64474,
            1.5927700000000002,
            1.5285300000000002,
            1.50889,
            1.50889,
            1.6335400000000002,
            1.5408400000000002,
            1.54014,
            1.4324400000000002,
            1.2560600000000002,
            1.2815600000000003,
            1.4627600000000003,
            1.3997000000000002,
            1.4249,
            1.3362,
            1.7132,
            1.50976,
            1.70206,
            1.23394,
            1.28152,
            1.15346,
            1.21472,
            1.17839,
            1.2498500000000001,
            1.78614,
            1.6357300000000001,
            1.6508800000000001,
            1.6588800000000001,
            1.6588800000000001,
            1.62888,
            1.7813400000000001,
            1.68384,
            1.75418,
            2.23548,
            2.22248,
            1.65705,
            1.83965,
            1.62805,
            2.04115,
            2.25435,
            2.17789,
            2.17655,
            1.94489,
            1.9741300000000002,
            2.03633,
            1.96849,
            2.2454,
            2.1408,
            2.26666,
            2.35342,
            2.24853,
            2.26092,
            2.12801,
            2.31285,
            2.2254899999999997,
            2.3615,
            2.44693,
            2.3887799999999997,
            2.32123,
            2.21853,
            2.25648,
            2.4477,
            2.5046999999999997,
            2.4904900000000003,
            2.49101,
            2.52426,
            2.70558,
            2.6581200000000003,
            2.6581200000000003
        ],
        [
            1.2566199999999998,
            1.2767199999999999,
            1.14252,
            0.72824,
            0.20185999999999998,
            0.0,
            0.43911999999999995,
            0.5302199999999999,
            0.47946999999999995,
            0.64281,
            1.06541,
            1.5605000000000002,
            1.65091,
            1.69284,
            1.69753,
            1.69808,
            1.6461100000000002,
            1.58187,
            1.56223,
            1.56223,
            1.6868800000000002,
            1.5941800000000002,
            1.59348,
            1.48578,
            1.3094000000000001,
            1.3349000000000002,
            1.5161000000000002,
            1.45304,
            1.47824,
            1.38954,
            1.76654,
            1.5631,
            1.7553999999999998,
            1.28728,
            1.33486,
            1.2067999999999999,
            1.26806,
            1.23173,
            1.30319,
            1.83948,
            1.68907,
            1.70422,
            1.71222,
            1.71222,
            1.68222,
            1.83468,
            1.73718,
            1.80752,
            2.2888200000000003,
            2.27582,
            1.7103899999999999,
            1.89299,
            1.68139,
            2.09449,
            2.30769,
            2.23123,
            2.22989,
            1.99823,
            2.02747,
            2.08967,
            2.02183,
            2.29874,
            2.19414,
            2.3200000000000003,
            2.4067600000000002,
            2.30187,
            2.31426,
            2.18135,
            2.36619,
            2.27883,
            2.41484,
            2.50027,
            2.44212,
            2.3745700000000003,
            2.27187,
            2.30982,
            2.5010399999999997,
            2.55804,
            2.54383,
            2.5443499999999997,
            2.5776,
            2.75892,
            2.7114599999999998,
            2.7114599999999998
        ],
        [
            1.2545,
            1.2746,
            1.1404,
            0.72612,
            0.38578,
            0.43911999999999995,
            0.0,
            0.3031,
            0.47735,
            0.64069,
            1.06329,
            1.55838,
            1.6487900000000002,
            1.6907200000000002,
            1.6954100000000003,
            1.6959600000000001,
            1.64399,
            1.5797500000000002,
            1.5601100000000003,
            1.5601100000000003,
            1.6847600000000003,
            1.5920600000000003,
            1.5913600000000003,
            1.4836600000000002,
            1.30728,
            1.33278,
            1.51398,
            1.45092,
            1.47612,
            1.38742,
            1.7644199999999999,
            1.5609800000000003,
            1.7532800000000002,
            1.28516,
            1.33274,
            1.2046800000000002,
            1.26594,
            1.22961,
            1.3010700000000002,
            1.8373600000000003,
            1.6869500000000004,
            1.7021000000000004,
            1.7101000000000004,
            1.7101000000000004,
            1.6801000000000004,
            1.8325600000000004,
            1.7350600000000003,
            1.8054000000000003,
            2.2867000000000006,
            2.2737000000000003,
            1.7082700000000002,
            1.8908700000000003,
            1.6792700000000003,
            2.0923700000000003,
            2.3055700000000003,
            2.2291100000000004,
            2.2277700000000005,
            1.9961100000000003,
            2.0253500000000004,
            2.0875500000000002,
            2.0197100000000003,
            2.2966200000000003,
            2.1920200000000003,
            2.3178800000000006,
            2.4046400000000006,
            2.2997500000000004,
            2.3121400000000003,
            2.1792300000000004,
            2.3640700000000003,
            2.2767100000000005,
            2.41272,
            2.4981500000000003,
            2.4400000000000004,
            2.3724500000000006,
            2.26975,
            2.3077000000000005,
            2.49892,
            2.5559200000000004,
            2.54171,
            2.54223,
            2.57548,
            2.7568,
            2.70934,
            2.70934
        ],
        [
            1.3456,
            1.3657,
            1.2315,
            0.81722,
            0.47687999999999997,
            0.5302199999999999,
            0.3031,
            0.0,
            0.5684499999999999,
            0.7317899999999999,
            1.15439,
            1.64948,
            1.7398900000000002,
            1.7818200000000002,
            1.7865100000000003,
            1.78706,
            1.73509,
            1.6708500000000002,
            1.6512100000000003,
            1.6512100000000003,
            1.7758600000000002,
            1.6831600000000002,
            1.6824600000000003,
            1.5747600000000002,
            1.39838,
            1.42388,
            1.60508,
            1.54202,
            1.56722,
            1.47852,
            1.8555199999999998,
            1.6520800000000002,
            1.8443800000000001,
            1.37626,
            1.42384,
            1.2957800000000002,
            1.35704,
            1.32071,
            1.3921700000000001,
            1.9284600000000003,
            1.7780500000000004,
            1.7932000000000003,
            1.8012000000000004,
            1.8012000000000004,
            1.7712000000000003,
            1.9236600000000004,
            1.8261600000000002,
            1.8965000000000003,
            2.3778000000000006,
            2.3648000000000002,
            1.7993700000000001,
            1.9819700000000002,
            1.7703700000000002,
            2.1834700000000002,
            2.3966700000000003,
            2.3202100000000003,
            2.3188700000000004,
            2.0872100000000002,
            2.1164500000000004,
            2.17865,
            2.1108100000000003,
            2.3877200000000003,
            2.2831200000000003,
            2.4089800000000006,
            2.4957400000000005,
            2.3908500000000004,
            2.4032400000000003,
            2.2703300000000004,
            2.4551700000000003,
            2.3678100000000004,
            2.50382,
            2.5892500000000003,
            2.5311000000000003,
            2.4635500000000006,
            2.36085,
            2.3988000000000005,
            2.59002,
            2.6470200000000004,
            2.63281,
            2.63333,
            2.66658,
            2.8479,
            2.80044,
            2.80044
        ],
        [
            1.0606499999999999,
            1.0807499999999999,
            0.94655,
            0.6922299999999999,
            0.42613,
            0.47946999999999995,
            0.47735,
            0.5684499999999999,
            0.0,
            0.35366,
            0.86944,
            1.3645300000000002,
            1.4549400000000001,
            1.49687,
            1.50156,
            1.50211,
            1.4501400000000002,
            1.3859000000000001,
            1.36626,
            1.36626,
            1.4909100000000002,
            1.3982100000000002,
            1.39751,
            1.2898100000000001,
            1.1134300000000001,
            1.1389300000000002,
            1.3201300000000002,
            1.2570700000000001,
            1.28227,
            1.19357,
            1.57057,
            1.36713,
            1.5594299999999999,
            1.09131,
            1.13889,
            1.01083,
            1.07209,
            1.03576,
            1.10722,
            1.64351,
            1.4931,
            1.5082500000000003,
            1.5162500000000003,
            1.5162500000000003,
            1.48625,
            1.63871,
            1.5412100000000002,
            1.6115500000000003,
            2.0928500000000003,
            2.07985,
            1.51442,
            1.6970200000000002,
            1.48542,
            1.89852,
            2.11172,
            2.03526,
            2.03392,
            1.80226,
            1.8315000000000001,
            1.8937,
            1.82586,
            2.10277,
            1.99817,
            2.1240300000000003,
            2.2107900000000003,
            2.1059,
            2.11829,
            1.9853800000000001,
            2.17022,
            2.08286,
            2.21887,
            2.3043,
            2.24615,
            2.1786000000000003,
            2.0759,
            2.1138500000000002,
            2.3050699999999997,
            2.36207,
            2.34786,
            2.3483799999999997,
            2.38163,
            2.56295,
            2.51549,
            2.51549
        ],
        [
            1.22399,
            1.24409,
            1.10989,
            0.8555699999999999,
            0.58947,
            0.64281,
            0.64069,
            0.7317899999999999,
            0.35366,
            0.0,
            1.03278,
            1.52787,
            1.6182800000000002,
            1.6602100000000002,
            1.6649000000000003,
            1.66545,
            1.61348,
            1.5492400000000002,
            1.5296000000000003,
            1.5296000000000003,
            1.6542500000000002,
            1.5615500000000002,
            1.5608500000000003,
            1.4531500000000002,
            1.27677,
            1.30227,
            1.48347,
            1.42041,
            1.44561,
            1.35691,
            1.7339099999999998,
            1.5304700000000002,
            1.7227700000000001,
            1.25465,
            1.30223,
            1.1741700000000002,
            1.23543,
            1.1991,
            1.2705600000000001,
            1.8068500000000003,
            1.6564400000000004,
            1.6715900000000004,
            1.6795900000000004,
            1.6795900000000004,
            1.6495900000000003,
            1.8020500000000004,
            1.7045500000000002,
            1.7748900000000003,
            2.25619,
            2.2431900000000002,
            1.6777600000000001,
            1.8603600000000002,
            1.6487600000000002,
            2.0618600000000002,
            2.2750600000000003,
            2.1986000000000003,
            2.1972600000000004,
            1.9656000000000002,
            1.9948400000000004,
            2.05704,
            1.9892000000000003,
            2.2661100000000003,
            2.1615100000000003,
            2.28737,
            2.37413,
            2.2692400000000004,
            2.2816300000000003,
            2.1487200000000004,
            2.3335600000000003,
            2.2462,
            2.38221,
            2.4676400000000003,
            2.40949,
            2.34194,
            2.23924,
            2.27719,
            2.4684100000000004,
            2.52541,
            2.5112000000000005,
            2.5117200000000004,
            2.54497,
            2.72629,
            2.6788300000000005,
            2.6788300000000005
        ],
        [
            1.00819,
            1.02829,
            0.89409,
            1.27817,
            1.01207,
            1.06541,
            1.06329,
            1.15439,
            0.86944,
            1.03278,
            0.0,
            1.22109,
            1.3115,
            1.35343,
            1.35812,
            1.35867,
            1.3067,
            1.2424600000000001,
            1.22282,
            1.22282,
            1.3474700000000002,
            1.2547700000000002,
            1.25407,
            1.1463700000000001,
            0.9699899999999999,
            0.99549,
            1.17669,
            1.11363,
            1.13883,
            1.05013,
            1.4271299999999998,
            1.22369,
            1.4159899999999999,
            0.94787,
            0.99545,
            0.8673899999999999,
            0.92865,
            0.89232,
            0.96378,
            1.50007,
            1.34966,
            1.36481,
            1.37281,
            1.37281,
            1.34281,
            1.49527,
            1.39777,
            1.46811,
            1.94941,
            1.93641,
            1.3709799999999999,
            1.55358,
            1.34198,
            1.75508,
            1.96828,
            1.89182,
            1.8904800000000002,
            1.65882,
            1.6880600000000001,
            1.75026,
            1.68242,
            1.95933,
            1.85473,
            1.98059,
            2.0673500000000002,
            1.96246,
            1.97485,
            1.8419400000000001,
            2.02678,
            1.93942,
            2.07543,
            2.16086,
            2.10271,
            2.0351600000000003,
            1.9324599999999998,
            1.97041,
            2.1616299999999997,
            2.21863,
            2.20442,
            2.2049399999999997,
            2.23819,
            2.41951,
            2.3720499999999998,
            2.3720499999999998
        ],
        [
            1.5032800000000002,
            1.52338,
            1.38918,
            1.77326,
            1.5071600000000003,
            1.5605000000000002,
            1.55838,
            1.64948,
            1.3645300000000002,
            1.52787,
            1.22109,
            0.0,
            0.50561,
            0.5475399999999999,
            0.55223,
            0.55278,
            0.50081,
            0.43657,
            0.49027,
            0.49027,
            0.6593200000000001,
            0.5666200000000001,
            0.7038200000000001,
            0.92712,
            0.8671,
            0.8926000000000001,
            1.0738,
            1.29294,
            1.31814,
            1.2294399999999999,
            1.6064399999999999,
            1.403,
            1.5953,
            1.2078200000000001,
            1.36868,
            1.24062,
            1.3018800000000001,
            1.2655500000000002,
            1.33701,
            1.8733,
            1.72289,
            1.73804,
            1.74604,
            1.74604,
            1.71604,
            1.8685,
            1.771,
            1.84134,
            2.32264,
            2.30964,
            1.7442099999999998,
            1.92681,
            1.71521,
            2.12831,
            2.34151,
            2.26505,
            2.26371,
            2.03205,
            2.06129,
            2.12349,
            2.05565,
            2.33256,
            2.22796,
            2.35382,
            2.4405799999999997,
            2.33569,
            2.34808,
            2.21517,
            2.40001,
            2.3126499999999997,
            2.44866,
            2.53409,
            2.4759399999999996,
            2.40839,
            2.30569,
            2.3436399999999997,
            2.53486,
            2.5918599999999996,
            2.57765,
            2.57817,
            2.61142,
            2.79274,
            2.74528,
            2.74528
        ],
        [
            1.59369,
            1.61379,
            1.4795900000000002,
            1.8636700000000002,
            1.5975700000000002,
            1.65091,
            1.6487900000000002,
            1.7398900000000002,
            1.4549400000000001,
            1.6182800000000002,
            1.3115,
            0.50561,
            0.0,
            0.43252999999999997,
            0.43722,
            0.43777,
            0.38580000000000003,
            0.43764000000000003,
            0.58068,
            0.58068,
            0.74973,
            0.65703,
            0.79423,
            1.01753,
            0.9575100000000001,
            0.98301,
            1.1642100000000002,
            1.38335,
            1.40855,
            1.31985,
            1.69685,
            1.49341,
            1.6857099999999998,
            1.29823,
            1.45909,
            1.3310300000000002,
            1.39229,
            1.35596,
            1.4274200000000001,
            1.9637100000000003,
            1.8133000000000004,
            1.8284500000000004,
            1.8364500000000004,
            1.8364500000000004,
            1.8064500000000003,
            1.9589100000000004,
            1.8614100000000002,
            1.9317500000000003,
            2.41305,
            2.4000500000000002,
            1.8346200000000001,
            2.01722,
            1.8056200000000002,
            2.2187200000000002,
            2.4319200000000003,
            2.3554600000000003,
            2.3541200000000004,
            2.1224600000000002,
            2.1517000000000004,
            2.2139,
            2.1460600000000003,
            2.4229700000000003,
            2.3183700000000003,
            2.44423,
            2.53099,
            2.4261000000000004,
            2.4384900000000003,
            2.3055800000000004,
            2.4904200000000003,
            2.40306,
            2.53907,
            2.6245000000000003,
            2.56635,
            2.4988,
            2.3961,
            2.43405,
            2.6252700000000004,
            2.68227,
            2.6680600000000005,
            2.6685800000000004,
            2.70183,
            2.88315,
            2.8356900000000005,
            2.8356900000000005
        ],
        [
            1.6356199999999999,
            1.65572,
            1.5215200000000002,
            1.9056000000000002,
            1.6395,
            1.69284,
            1.6907200000000002,
            1.7818200000000002,
            1.49687,
            1.6602100000000002,
            1.35343,
            0.5475399999999999,
            0.43252999999999997,
            0.0,
            0.04195,
            0.12636,
            0.14073000000000002,
            0.47956999999999994,
            0.6226099999999999,
            0.6226099999999999,
            0.79166,
            0.69896,
            0.83616,
            1.05946,
            0.9994399999999999,
            1.02494,
            1.20614,
            1.4252799999999999,
            1.4504799999999998,
            1.36178,
            1.7387799999999998,
            1.53534,
            1.7276399999999998,
            1.34016,
            1.50102,
            1.37296,
            1.4342199999999998,
            1.3978899999999999,
            1.46935,
            2.00564,
            1.8552300000000002,
            1.8703800000000002,
            1.8783800000000002,
            1.8783800000000002,
            1.8483800000000001,
            2.00084,
            1.90334,
            1.97368,
            2.45498,
            2.44198,
            1.87655,
            2.05915,
            1.84755,
            2.26065,
            2.47385,
            2.39739,
            2.3960500000000002,
            2.16439,
            2.19363,
            2.25583,
            2.18799,
            2.4649,
            2.3603,
            2.48616,
            2.57292,
            2.46803,
            2.48042,
            2.34751,
            2.53235,
            2.4449899999999998,
            2.581,
            2.66643,
            2.6082799999999997,
            2.54073,
            2.43803,
            2.47598,
            2.6672000000000002,
            2.7241999999999997,
            2.7099900000000003,
            2.71051,
            2.74376,
            2.92508,
            2.8776200000000003,
            2.8776200000000003
        ],
        [
            1.64031,
            1.6604100000000002,
            1.5262100000000003,
            1.9102900000000003,
            1.64419,
            1.69753,
            1.6954100000000003,
            1.7865100000000003,
            1.50156,
            1.6649000000000003,
            1.35812,
            0.55223,
            0.43722,
            0.04195,
            0.0,
            0.13105,
            0.14542,
            0.48426,
            0.6273,
            0.6273,
            0.79635,
            0.70365,
            0.84085,
            1.0641500000000002,
            1.00413,
            1.02963,
            1.21083,
            1.42997,
            1.4551699999999999,
            1.36647,
            1.7434699999999999,
            1.54003,
            1.73233,
            1.34485,
            1.50571,
            1.37765,
            1.43891,
            1.40258,
            1.47404,
            2.01033,
            1.8599200000000002,
            1.8750700000000002,
            1.8830700000000002,
            1.8830700000000002,
            1.8530700000000002,
            2.0055300000000003,
            1.9080300000000001,
            1.9783700000000002,
            2.45967,
            2.44667,
            1.88124,
            2.06384,
            1.85224,
            2.26534,
            2.47854,
            2.40208,
            2.4007400000000003,
            2.16908,
            2.1983200000000003,
            2.26052,
            2.19268,
            2.46959,
            2.36499,
            2.49085,
            2.57761,
            2.4727200000000003,
            2.48511,
            2.3522000000000003,
            2.53704,
            2.44968,
            2.58569,
            2.67112,
            2.61297,
            2.54542,
            2.44272,
            2.48067,
            2.6718900000000003,
            2.72889,
            2.7146800000000004,
            2.7152000000000003,
            2.74845,
            2.92977,
            2.8823100000000004,
            2.8823100000000004
        ],
        [
            1.64086,
            1.66096,
            1.5267600000000001,
            1.91084,
            1.64474,
            1.69808,
            1.6959600000000001,
            1.78706,
            1.50211,
            1.66545,
            1.35867,
            0.55278,
            0.43777,
            0.12636,
            0.13105,
            0.0,
            0.14597,
            0.48480999999999996,
            0.62785,
            0.62785,
            0.7968999999999999,
            0.7041999999999999,
            0.8413999999999999,
            1.0647,
            1.00468,
            1.03018,
            1.2113800000000001,
            1.43052,
            1.45572,
            1.36702,
            1.74402,
            1.5405799999999998,
            1.7328799999999998,
            1.3454,
            1.5062600000000002,
            1.3782,
            1.43946,
            1.40313,
            1.47459,
            2.0108800000000002,
            1.8604700000000003,
            1.8756200000000003,
            1.8836200000000003,
            1.8836200000000003,
            1.8536200000000003,
            2.0060800000000003,
            1.9085800000000002,
            1.9789200000000002,
            2.4602200000000005,
            2.44722,
            1.88179,
            2.0643900000000004,
            1.8527900000000002,
            2.26589,
            2.4790900000000002,
            2.4026300000000003,
            2.4012900000000004,
            2.16963,
            2.1988700000000003,
            2.26107,
            2.1932300000000002,
            2.4701400000000002,
            2.36554,
            2.4914000000000005,
            2.5781600000000005,
            2.4732700000000003,
            2.48566,
            2.3527500000000003,
            2.5375900000000002,
            2.4502300000000004,
            2.58624,
            2.67167,
            2.6135200000000003,
            2.5459700000000005,
            2.44327,
            2.4812200000000004,
            2.67244,
            2.7294400000000003,
            2.71523,
            2.71575,
            2.749,
            2.93032,
            2.88286,
            2.88286
        ],
        [
            1.5888900000000001,
            1.60899,
            1.47479,
            1.85887,
            1.5927700000000002,
            1.6461100000000002,
            1.64399,
            1.73509,
            1.4501400000000002,
            1.61348,
            1.3067,
            0.50081,
            0.38580000000000003,
            0.14073000000000002,
            0.14542,
            0.14597,
            0.0,
            0.43284,
            0.57588,
            0.57588,
            0.7449300000000001,
            0.6522300000000001,
            0.7894300000000001,
            1.01273,
            0.95271,
            0.97821,
            1.15941,
            1.37855,
            1.40375,
            1.3150499999999998,
            1.6920499999999998,
            1.48861,
            1.68091,
            1.29343,
            1.4542899999999999,
            1.32623,
            1.3874900000000001,
            1.3511600000000001,
            1.42262,
            1.95891,
            1.8085,
            1.82365,
            1.83165,
            1.83165,
            1.80165,
            1.95411,
            1.8566099999999999,
            1.92695,
            2.40825,
            2.39525,
            1.8298199999999998,
            2.0124199999999997,
            1.8008199999999999,
            2.21392,
            2.42712,
            2.35066,
            2.34932,
            2.11766,
            2.1469,
            2.2091,
            2.14126,
            2.41817,
            2.31357,
            2.4394299999999998,
            2.5261899999999997,
            2.4213,
            2.43369,
            2.30078,
            2.48562,
            2.3982599999999996,
            2.53427,
            2.6197,
            2.5615499999999995,
            2.4939999999999998,
            2.3912999999999998,
            2.4292499999999997,
            2.62047,
            2.6774699999999996,
            2.66326,
            2.66378,
            2.69703,
            2.8783499999999997,
            2.83089,
            2.83089
        ],
        [
            1.52465,
            1.54475,
            1.4105500000000002,
            1.7946300000000002,
            1.5285300000000002,
            1.58187,
            1.5797500000000002,
            1.6708500000000002,
            1.3859000000000001,
            1.5492400000000002,
            1.2424600000000001,
            0.43657,
            0.43764000000000003,
            0.47956999999999994,
            0.48426,
            0.48480999999999996,
            0.43284,
            0.0,
            0.51164,
            0.51164,
            0.68069,
            0.58799,
            0.72519,
            0.94849,
            0.8884700000000001,
            0.9139700000000001,
            1.09517,
            1.3143099999999999,
            1.33951,
            1.25081,
            1.6278099999999998,
            1.4243700000000001,
            1.61667,
            1.22919,
            1.39005,
            1.26199,
            1.32325,
            1.28692,
            1.3583800000000001,
            1.89467,
            1.7442600000000001,
            1.7594100000000001,
            1.7674100000000001,
            1.7674100000000001,
            1.7374100000000001,
            1.8898700000000002,
            1.79237,
            1.86271,
            2.34401,
            2.33101,
            1.76558,
            1.94818,
            1.73658,
            2.14968,
            2.36288,
            2.28642,
            2.2850800000000002,
            2.05342,
            2.08266,
            2.14486,
            2.07702,
            2.35393,
            2.24933,
