{
    "NEXUS_FILE_URL": "http://purl.org/phylo/treebase/phylows/study/TB2:S15110",
    "NEWICK_TREE": "(8:0.02149512,(((((((((((((12:0.0010191,15:0.00119531):0.0016548,14:8.9122E-4):2.8811E-4,11:0.0017203,13:2.946E-4):0.00102105,(17:8.7043E-4,16:3.3324E-4):0.00421216):0.00155387,(27:5.8181E-4,28:0.00118214):0.0039646):9.0789E-4,((39:0.00116563,36:5.7758E-4):0.00173766,(37:3.3556E-4,38:2.4886E-4):6.4873E-4):0.00750626):0.00271553,(((43:0.00206416,44:3.7179E-4):0.00109226,40:2.9604E-4):2.9091E-4,42:1.0E-8,41:5.877E-4):0.00879246):5.5826E-4,((24:3.4623E-4,23:0.00128868):0.00186852,(22:0.00246672,21:0.00117077):0.00277161):0.00375921):0.00474086,((29:0.00119133,30:8.8896E-4):0.01455077,(10:0.02504914,(5:0.00882026,(3:0.00553897,(33:0.03320135,4:0.02064815):0.00562815):0.00353967):0.00470683):0.00373197):0.0022785):0.00108823,(((1:0.00819683,2:0.00997777):0.00519927,6:0.00975085):0.00232186,((34:3.1828E-4,35:1.0E-8):0.00519312,((26:7.6107E-4,25:7.7561E-4):6.1142E-4,(20:0.00154495,19:0.00280476):0.002149):0.00340543):0.00703001):0.00537496):7.3545E-4,(32:0.00816025,31:0.00796477):0.00660444):0.00429745,18:0.02865349):0.00442741,9:0.01947171):0.00916984,7:0.03695449);",
    "DISTANCE_MATRIX": [
        [
            0,
            0.055672969999999995,
            0.05584918,
            0.05389029,
            0.054431259999999995,
            0.05300556,
            0.0567725,
            0.05623531,
            0.05468245,
            0.05528278,
            0.0596377,
            0.05904965,
            0.0577187,
            0.057631999999999996,
            0.05875241,
            0.05706004,
            0.055892029999999995,
            0.05530509,
            0.055892779999999996,
            0.05192832,
            0.05287077,
            0.0549519,
            0.05365595,
            0.0592341,
            0.058931729999999995,
            0.07227311,
            0.060751059999999996,
            0.06100944,
            0.09429997000000001,
            0.08174677000000001,
            0.06121819,
            0.06299912999999999,
            0.057572939999999996,
            0.05804164,
            0.057723369999999996,
            0.05730816,
            0.0573227,
            0.059629619999999994,
            0.060889429999999994,
            0.05415451,
            0.05395903,
            0.06374585999999999,
            0.05013667,
            0.05844961
        ],
        [
            0.055672969999999995,
            0,
            0.00221441,
            0.0035651199999999997,
            0.004682309999999999,
            0.0032566099999999996,
            0.009065650000000001,
            0.008528460000000002,
            0.01008334,
            0.01068367,
            0.01685437,
            0.01626632,
            0.01493537,
            0.014848669999999998,
            0.021400139999999998,
            0.01970777,
            0.01853976,
            0.01795282,
            0.01854051,
            0.01569257,
            0.01663502,
            0.018716149999999997,
            0.017420199999999997,
            0.03248007,
            0.0321777,
            0.04551908,
            0.03399703,
            0.03425541,
            0.06754594,
            0.05499274000000001,
            0.03664062,
            0.038421559999999993,
            0.032995369999999996,
            0.03346407,
            0.033145799999999996,
            0.03273059,
            0.03274513,
            0.035052049999999994,
            0.036311859999999994,
            0.031047839999999997,
            0.030852359999999995,
            0.049234089999999994,
            0.04447972,
            0.07113233999999999
        ],
        [
            0.05584918,
            0.00221441,
            0,
            0.00374133,
            0.00485852,
            0.00343282,
            0.009241860000000001,
            0.008704670000000001,
            0.01025955,
            0.010859879999999999,
            0.01703058,
            0.01644253,
            0.01511158,
            0.015024879999999997,
            0.02157635,
            0.01988398,
            0.01871597,
            0.018129029999999997,
            0.01871672,
            0.01586878,
            0.016811229999999996,
            0.018892359999999997,
            0.01759641,
            0.032656279999999996,
            0.03235391,
            0.04569529,
            0.034173239999999994,
            0.034431619999999996,
            0.06772215000000001,
            0.05516895000000001,
            0.036816829999999995,
            0.03859776999999999,
            0.03317157999999999,
            0.033640279999999995,
            0.03332201,
            0.0329068,
            0.03292133999999999,
            0.03522826,
            0.03648807,
            0.031224049999999996,
            0.031028569999999995,
            0.0494103,
            0.044655929999999996,
            0.07130855
        ],
        [
            0.05389029,
            0.0035651199999999997,
            0.00374133,
            0,
            0.00289963,
            0.00147393,
            0.007282970000000001,
            0.006745780000000001,
            0.008300660000000001,
            0.008900990000000001,
            0.015071689999999999,
            0.014483639999999999,
            0.013152689999999998,
            0.01306599,
            0.01961746,
            0.017925089999999998,
            0.01675708,
            0.01617014,
            0.01675783,
            0.01390989,
            0.014852339999999999,
            0.01693347,
            0.01563752,
            0.030697389999999998,
            0.03039502,
            0.0437364,
            0.03221435,
            0.03247273,
            0.06576326,
            0.05321006000000001,
            0.034857940000000004,
            0.03663888,
            0.031212689999999998,
            0.031681390000000004,
            0.031363119999999994,
            0.03094791,
            0.03096245,
            0.03326936999999999,
            0.03452917999999999,
            0.02926516,
            0.02906968,
            0.04745141,
            0.04269704,
            0.06934966000000001
        ],
        [
            0.054431259999999995,
            0.004682309999999999,
            0.00485852,
            0.00289963,
            0,
            0.0020149,
            0.007823940000000001,
            0.007286750000000001,
            0.00884163,
            0.00944196,
            0.01561266,
            0.01502461,
            0.01369366,
            0.013606959999999998,
            0.020158429999999998,
            0.01846606,
            0.01729805,
            0.01671111,
            0.0172988,
            0.01445086,
            0.015393309999999999,
            0.017474439999999997,
            0.016178489999999997,
            0.031238359999999996,
            0.030935989999999997,
            0.044277369999999996,
            0.03275532,
            0.03301369999999999,
            0.06630423,
            0.053751030000000005,
            0.03539891,
            0.03717984999999999,
            0.031753659999999996,
            0.03222236,
            0.031904089999999996,
            0.03148888,
            0.03150342,
            0.033810339999999994,
            0.035070149999999994,
            0.02980613,
            0.029610649999999995,
            0.04799238,
            0.04323800999999999,
            0.06989063
        ],
        [
            0.05300556,
            0.0032566099999999996,
            0.00343282,
            0.00147393,
            0.0020149,
            0,
            0.00639824,
            0.0058610500000000005,
            0.00741593,
            0.00801626,
            0.014186959999999998,
            0.013598909999999999,
            0.012267959999999998,
            0.01218126,
            0.01873273,
            0.017040359999999997,
            0.01587235,
            0.01528541,
            0.0158731,
            0.01302516,
            0.013967609999999998,
            0.01604874,
            0.014752789999999998,
            0.029812659999999998,
            0.029510289999999998,
            0.04285167,
            0.03132962,
            0.031588,
            0.06487853,
            0.05232533000000001,
            0.033973210000000004,
            0.03575415,
            0.030327959999999998,
            0.03079666,
            0.030478389999999998,
            0.03006318,
            0.03007772,
            0.03238463999999999,
            0.03364444999999999,
            0.028380429999999998,
            0.02818495,
            0.04656668,
            0.04181231,
            0.06846493000000001
        ],
        [
            0.0567725,
            0.009065650000000001,
            0.009241860000000001,
            0.007282970000000001,
            0.007823940000000001,
            0.00639824,
            0,
            0.00120367,
            0.011182870000000001,
            0.0117832,
            0.017953900000000002,
            0.017365850000000002,
            0.016034899999999998,
            0.0159482,
            0.02249967,
            0.0208073,
            0.019639289999999997,
            0.01905235,
            0.019640039999999997,
            0.016792099999999997,
            0.017734549999999998,
            0.019815679999999995,
            0.018519729999999998,
            0.0335796,
            0.03327723,
            0.046618610000000005,
            0.03509656,
            0.03535494,
            0.06864547,
            0.056092270000000014,
            0.03774015,
            0.039521089999999995,
            0.0340949,
            0.0345636,
            0.03424533,
            0.03383012,
            0.03384466,
            0.036151579999999996,
            0.037411389999999996,
            0.032147369999999995,
            0.03195189,
            0.050333619999999996,
            0.04557925,
            0.07223187
        ],
        [
            0.05623531,
            0.008528460000000002,
            0.008704670000000001,
            0.006745780000000001,
            0.007286750000000001,
            0.0058610500000000005,
            0.00120367,
            0,
            0.010645680000000001,
            0.01124601,
            0.017416710000000002,
            0.016828660000000002,
            0.01549771,
            0.01541101,
            0.02196248,
            0.02027011,
            0.019102099999999997,
            0.01851516,
            0.019102849999999998,
            0.016254909999999997,
            0.01719736,
            0.019278489999999995,
            0.017982539999999998,
            0.033042409999999994,
            0.03274004,
            0.04608142,
            0.03455937,
            0.034817749999999995,
            0.06810828000000001,
            0.05555508000000001,
            0.03720296,
            0.038983899999999995,
            0.03355771,
            0.03402641,
            0.03370814,
            0.03329293,
            0.03330747,
            0.035614389999999996,
            0.036874199999999996,
            0.03161018,
            0.0314147,
            0.04979643,
            0.045042059999999995,
            0.07169468
        ],
        [
            0.05468245,
            0.01008334,
            0.01025955,
            0.008300660000000001,
            0.00884163,
            0.00741593,
            0.011182870000000001,
            0.010645680000000001,
            0,
            0.0017639499999999998,
            0.01586385,
            0.0152758,
            0.01394485,
            0.01385815,
            0.02040962,
            0.018717249999999998,
            0.01754924,
            0.0169623,
            0.01754999,
            0.01470205,
            0.0156445,
            0.01772563,
            0.01642968,
            0.03148955,
            0.03118718,
            0.04452856,
            0.03300651,
            0.03326489,
            0.06655542,
            0.05400222000000001,
            0.035650100000000004,
            0.03743104,
            0.03200485,
            0.032473550000000004,
            0.032155279999999994,
            0.031740069999999995,
            0.03175461,
            0.03406152999999999,
            0.03532133999999999,
            0.03005732,
            0.02986184,
            0.04824357,
            0.0434892,
            0.07014182
        ],
        [
            0.05528278,
            0.01068367,
            0.010859879999999999,
            0.008900990000000001,
            0.00944196,
            0.00801626,
            0.0117832,
            0.01124601,
            0.0017639499999999998,
            0,
            0.016464180000000002,
            0.015876130000000002,
            0.01454518,
            0.01445848,
            0.02100995,
            0.01931758,
            0.018149569999999997,
            0.01756263,
            0.018150319999999998,
            0.015302379999999999,
            0.01624483,
            0.018325959999999995,
            0.017030009999999998,
            0.03208988,
            0.03178751,
            0.045128890000000005,
            0.03360684,
            0.03386522,
            0.06715575,
            0.054602550000000014,
            0.03625043,
            0.038031369999999995,
            0.03260518,
            0.03307388,
            0.03275561,
            0.0323404,
            0.03235494,
            0.034661859999999996,
            0.035921669999999996,
            0.030657649999999998,
            0.030462169999999997,
            0.048843899999999996,
            0.04408953,
            0.07074215
        ],
        [
            0.0596377,
            0.01685437,
            0.01703058,
            0.015071689999999999,
            0.01561266,
            0.014186959999999998,
            0.017953900000000002,
            0.017416710000000002,
            0.01586385,
            0.016464180000000002,
            0,
            0.0017432099999999998,
            0.0038875800000000003,
            0.0038008800000000004,
            0.02536487,
            0.0236725,
            0.022504490000000002,
            0.02191755,
            0.022505240000000003,
            0.019657300000000003,
            0.02059975,
            0.02268088,
            0.02138493,
            0.0364448,
            0.03614243,
            0.04948381,
            0.03796176,
            0.03822014,
            0.07151067,
            0.05895747000000001,
            0.04060535,
            0.04238628999999999,
            0.036960099999999996,
            0.0374288,
            0.03711053,
            0.036695320000000003,
            0.03670986,
            0.03901678,
            0.04027659,
            0.03501257,
            0.034817089999999995,
            0.05319882,
            0.04844445,
            0.07509707
        ],
        [
            0.05904965,
            0.01626632,
            0.01644253,
            0.014483639999999999,
            0.01502461,
            0.013598909999999999,
            0.017365850000000002,
            0.016828660000000002,
            0.0152758,
            0.015876130000000002,
            0.0017432099999999998,
            0,
            0.00329953,
            0.00321283,
            0.02477682,
            0.02308445,
            0.021916440000000002,
            0.0213295,
            0.021917190000000003,
            0.019069250000000003,
            0.0200117,
            0.02209283,
            0.02079688,
            0.03585675,
            0.03555438,
            0.04889576,
            0.037373710000000004,
            0.03763209,
            0.07092262,
            0.05836942000000001,
            0.040017300000000006,
            0.04179824,
            0.03637205,
            0.036840750000000005,
            0.036522479999999996,
            0.03610727,
            0.036121810000000004,
            0.038428729999999994,
            0.039688539999999994,
            0.03442452,
            0.03422904,
            0.05261077,
            0.0478564,
            0.07450902000000001
        ],
        [
            0.0577187,
            0.01493537,
            0.01511158,
            0.013152689999999998,
            0.01369366,
            0.012267959999999998,
            0.016034899999999998,
            0.01549771,
            0.01394485,
            0.01454518,
            0.0038875800000000003,
            0.00329953,
            0,
            0.00058442,
            0.02344587,
            0.021753500000000002,
            0.020585489999999998,
            0.01999855,
            0.02058624,
            0.0177383,
            0.01868075,
            0.020761879999999996,
            0.01946593,
            0.034525799999999995,
            0.03422343,
            0.04756481,
            0.03604276,
            0.036301139999999996,
            0.06959167000000001,
            0.05703847000000001,
            0.03868635,
            0.040467289999999996,
            0.0350411,
            0.0355098,
            0.03519153,
            0.03477632,
            0.03479086,
            0.03709778,
            0.03835759,
            0.03309357,
            0.03289809,
            0.051279820000000004,
            0.046525449999999996,
            0.07317807
        ],
        [
            0.057631999999999996,
            0.014848669999999998,
            0.015024879999999997,
            0.01306599,
            0.013606959999999998,
            0.01218126,
            0.0159482,
            0.01541101,
            0.01385815,
            0.01445848,
            0.0038008800000000004,
            0.00321283,
            0.00058442,
            0,
            0.02335917,
            0.0216668,
            0.020498789999999996,
            0.01991185,
            0.020499539999999997,
            0.017651599999999996,
            0.018594049999999997,
            0.020675179999999994,
            0.019379229999999997,
            0.0344391,
            0.03413673,
            0.047478110000000004,
            0.03595606,
            0.03621444,
            0.06950497,
            0.05695177000000001,
            0.03859965,
            0.040380589999999994,
            0.0349544,
            0.0354231,
            0.03510483,
            0.03468962,
            0.03470416,
            0.037011079999999995,
            0.038270889999999995,
            0.033006869999999994,
            0.032811389999999996,
            0.051193119999999995,
            0.04643875,
            0.07309136999999999
        ],
        [
            0.05875241,
            0.021400139999999998,
            0.02157635,
            0.01961746,
            0.020158429999999998,
            0.01873273,
            0.02249967,
            0.02196248,
            0.02040962,
            0.02100995,
            0.02536487,
            0.02477682,
            0.02344587,
            0.02335917,
            0,
            0.00243595,
            0.00345246,
            0.00344734,
            0.00403503,
            0.01877201,
            0.01971446,
            0.021795589999999997,
            0.02049964,
            0.03555951,
            0.03525714,
            0.048598520000000006,
            0.03707647,
            0.03733485,
            0.07062538,
            0.058072180000000015,
            0.03972006,
            0.041500999999999996,
            0.03607481,
            0.03654351,
            0.03622524,
            0.03581003,
            0.03582457,
            0.03813149,
            0.0393913,
            0.034127279999999996,
            0.0339318,
            0.05231353,
            0.04755916,
            0.07421178
        ],
        [
            0.05706004,
            0.01970777,
            0.01988398,
            0.017925089999999998,
            0.01846606,
            0.017040359999999997,
            0.0208073,
            0.02027011,
            0.018717249999999998,
            0.01931758,
            0.0236725,
            0.02308445,
            0.021753500000000002,
            0.0216668,
            0.00243595,
            0,
            0.0017600900000000002,
            0.0017549700000000002,
            0.0023426600000000003,
            0.01707964,
            0.018022089999999998,
            0.020103219999999998,
            0.01880727,
            0.03386714,
            0.033564769999999994,
            0.04690615,
            0.0353841,
            0.03564248,
            0.06893301,
            0.05637981000000001,
            0.03802769,
            0.03980863,
            0.03438244,
            0.03485114,
            0.03453286999999999,
            0.034117659999999994,
            0.0341322,
            0.03643911999999999,
            0.03769892999999999,
            0.03243491,
            0.03223943,
            0.05062116,
            0.04586679,
            0.07251941
        ],
        [
            0.055892029999999995,
            0.01853976,
            0.01871597,
            0.01675708,
            0.01729805,
            0.01587235,
            0.019639289999999997,
            0.019102099999999997,
            0.01754924,
            0.018149569999999997,
            0.022504490000000002,
            0.021916440000000002,
            0.020585489999999998,
            0.020498789999999996,
            0.00345246,
            0.0017600900000000002,
            0,
            0.0005869600000000001,
            0.0011746500000000002,
            0.01591163,
            0.01685408,
            0.018935209999999997,
            0.017639259999999997,
            0.03269912999999999,
            0.03239676,
            0.04573814,
            0.03421609,
            0.03447446999999999,
            0.067765,
            0.055211800000000005,
            0.03685968,
            0.038640619999999994,
            0.033214429999999996,
            0.03368313,
            0.033364859999999996,
            0.03294965,
            0.03296419,
            0.035271109999999994,
            0.036530919999999995,
            0.0312669,
            0.031071419999999995,
            0.04945315,
            0.044698779999999994,
            0.0713514
        ],
        [
            0.05530509,
            0.01795282,
            0.018129029999999997,
            0.01617014,
            0.01671111,
            0.01528541,
            0.01905235,
            0.01851516,
            0.0169623,
            0.01756263,
            0.02191755,
            0.0213295,
            0.01999855,
            0.01991185,
            0.00344734,
            0.0017549700000000002,
            0.0005869600000000001,
            0,
            0.0005877100000000001,
            0.01532469,
            0.01626714,
            0.01834827,
            0.01705232,
            0.03211219,
            0.03180982,
            0.0451512,
            0.03362915,
            0.03388753,
            0.06717806000000001,
            0.05462486000000001,
            0.03627274,
            0.03805367999999999,
            0.032627489999999995,
            0.03309619,
            0.03277792,
            0.03236271,
            0.032377249999999996,
            0.03468417,
            0.03594398,
            0.03067996,
            0.030484479999999998,
            0.04886621,
            0.04411184,
            0.07076446
        ],
        [
            0.055892779999999996,
            0.01854051,
            0.01871672,
            0.01675783,
            0.0172988,
            0.0158731,
            0.019640039999999997,
            0.019102849999999998,
            0.01754999,
            0.018150319999999998,
            0.022505240000000003,
            0.021917190000000003,
            0.02058624,
            0.020499539999999997,
            0.00403503,
            0.0023426600000000003,
            0.0011746500000000002,
            0.0005877100000000001,
            0,
            0.01591238,
            0.01685483,
            0.018935959999999998,
            0.017640009999999998,
            0.03269988,
            0.03239751,
            0.045738890000000004,
            0.03421684,
            0.03447522,
            0.06776575,
            0.05521255000000001,
            0.03686043,
            0.038641369999999994,
            0.03321518,
            0.03368388,
            0.03336561,
            0.0329504,
            0.03296494,
            0.035271859999999995,
            0.036531669999999995,
            0.031267649999999994,
            0.031072169999999996,
            0.049453899999999995,
            0.04469953,
            0.07135215
        ],
        [
            0.05192832,
            0.01569257,
            0.01586878,
            0.01390989,
            0.01445086,
            0.01302516,
            0.016792099999999997,
            0.016254909999999997,
            0.01470205,
            0.015302379999999999,
            0.019657300000000003,
            0.019069250000000003,
            0.0177383,
            0.017651599999999996,
            0.01877201,
            0.01707964,
            0.01591163,
            0.01532469,
            0.01591238,
            0,
            0.0016349099999999998,
            0.007453079999999999,
            0.00615713,
            0.028735419999999998,
            0.028433049999999998,
            0.04177443,
            0.03025238,
            0.030510759999999998,
            0.06380129000000001,
            0.05124809000000001,
            0.03289597,
            0.03467690999999999,
            0.029250719999999997,
            0.02971942,
            0.029401149999999997,
            0.028985939999999998,
            0.02900048,
            0.0313074,
            0.03256721,
            0.027303189999999998,
            0.02710771,
            0.04548944,
            0.04073507,
            0.06738769
        ],
        [
            0.05287077,
            0.01663502,
            0.016811229999999996,
            0.014852339999999999,
            0.015393309999999999,
            0.013967609999999998,
            0.017734549999999998,
            0.01719736,
            0.0156445,
            0.01624483,
            0.02059975,
            0.0200117,
            0.01868075,
            0.018594049999999997,
            0.01971446,
            0.018022089999999998,
            0.01685408,
            0.01626714,
            0.01685483,
            0.0016349099999999998,
            0,
            0.008395529999999998,
            0.007099579999999999,
            0.02967787,
            0.0293755,
            0.04271688,
            0.03119483,
            0.031453209999999995,
            0.06474374000000001,
            0.05219054000000001,
            0.03383842,
            0.035619359999999996,
            0.03019317,
            0.03066187,
            0.0303436,
            0.02992839,
            0.02994293,
            0.03224985,
            0.03350966,
            0.028245640000000002,
            0.028050159999999998,
            0.04643189,
            0.041677519999999996,
            0.06833014
        ],
        [
            0.0549519,
            0.018716149999999997,
            0.018892359999999997,
            0.01693347,
            0.017474439999999997,
            0.01604874,
            0.019815679999999995,
            0.019278489999999995,
            0.01772563,
            0.018325959999999995,
            0.02268088,
            0.02209283,
            0.020761879999999996,
            0.020675179999999994,
            0.021795589999999997,
            0.020103219999999998,
            0.018935209999999997,
            0.01834827,
            0.018935959999999998,
            0.007453079999999999,
            0.008395529999999998,
            0,
            0.00363749,
            0.031758999999999996,
            0.03145663,
            0.04479801,
            0.03327595999999999,
            0.033534339999999996,
            0.06682487000000001,
            0.05427167000000001,
            0.035919549999999995,
            0.03770048999999999,
            0.03227429999999999,
            0.032742999999999994,
            0.03242473,
            0.03200952,
            0.03202405999999999,
            0.03433098,
            0.03559079,
            0.030326769999999996,
            0.030131289999999998,
            0.04851302,
            0.043758649999999996,
            0.07041127
        ],
        [
            0.05365595,
            0.017420199999999997,
            0.01759641,
            0.01563752,
            0.016178489999999997,
            0.014752789999999998,
            0.018519729999999998,
            0.017982539999999998,
            0.01642968,
            0.017030009999999998,
            0.02138493,
            0.02079688,
            0.01946593,
            0.019379229999999997,
            0.02049964,
            0.01880727,
            0.017639259999999997,
            0.01705232,
            0.017640009999999998,
            0.00615713,
            0.007099579999999999,
            0.00363749,
            0,
            0.03046305,
            0.03016068,
            0.04350206,
            0.03198001,
            0.03223839,
            0.06552892,
            0.05297572000000001,
            0.034623600000000004,
            0.03640454,
            0.030978349999999998,
            0.031447050000000004,
            0.031128779999999998,
            0.03071357,
            0.03072811,
            0.03303502999999999,
            0.03429483999999999,
            0.02903082,
            0.02883534,
            0.04721707,
            0.0424627,
            0.06911532000000001
        ],
        [
            0.0592341,
            0.03248007,
            0.032656279999999996,
            0.030697389999999998,
            0.031238359999999996,
            0.029812659999999998,
            0.0335796,
            0.033042409999999994,
            0.03148955,
            0.03208988,
            0.0364448,
            0.03585675,
            0.034525799999999995,
            0.0344391,
            0.03555951,
            0.03386714,
            0.03269912999999999,
            0.03211219,
            0.03269988,
            0.028735419999999998,
            0.02967787,
            0.031758999999999996,
            0.03046305,
            0,
            0.0020802900000000003,
            0.04452321,
            0.03300116,
            0.03325954,
            0.06655007,
            0.05399687,
            0.040201749999999994,
            0.04198268999999999,
            0.03655649999999999,
            0.037025199999999994,
            0.03670693,
            0.03629172,
            0.03630625999999999,
            0.03861318,
            0.03987299,
            0.034608969999999996,
            0.03441348999999999,
            0.05279522,
            0.048040849999999996,
            0.07469347
        ],
        [
            0.058931729999999995,
            0.0321777,
            0.03235391,
            0.03039502,
            0.030935989999999997,
            0.029510289999999998,
            0.03327723,
            0.03274004,
            0.03118718,
            0.03178751,
            0.03614243,
            0.03555438,
            0.03422343,
            0.03413673,
            0.03525714,
            0.033564769999999994,
            0.03239676,
            0.03180982,
            0.03239751,
            0.028433049999999998,
            0.0293755,
            0.03145663,
            0.03016068,
            0.0020802900000000003,
            0,
            0.04422084,
            0.03269879,
            0.032957169999999994,
            0.06624769999999999,
            0.053694500000000006,
            0.03989938,
            0.04168031999999999,
            0.036254129999999996,
            0.03672283,
            0.036404559999999996,
            0.035989349999999996,
            0.03600389,
            0.038310809999999994,
            0.039570619999999994,
            0.03430659999999999,
            0.034111119999999995,
            0.052492849999999994,
            0.04773848,
            0.07439109999999999
        ],
        [
            0.07227311,
            0.04551908,
            0.04569529,
            0.0437364,
            0.044277369999999996,
            0.04285167,
            0.046618610000000005,
            0.04608142,
            0.04452856,
            0.045128890000000005,
            0.04948381,
            0.04889576,
            0.04756481,
            0.047478110000000004,
            0.048598520000000006,
            0.04690615,
            0.04573814,
            0.0451512,
            0.045738890000000004,
            0.04177443,
            0.04271688,
            0.04479801,
            0.04350206,
            0.04452321,
            0.04422084,
            0,
            0.03857623,
            0.03883461,
            0.07212514,
            0.059571940000000004,
            0.053240760000000005,
            0.0550217,
            0.04959551,
            0.050064210000000005,
            0.04974594,
            0.04933073,
            0.049345270000000004,
            0.05165219,
            0.052912,
            0.047647980000000006,
            0.0474525,
            0.06583423000000001,
            0.06107986,
            0.08773248
        ],
        [
            0.060751059999999996,
            0.03399703,
            0.034173239999999994,
            0.03221435,
            0.03275532,
            0.03132962,
            0.03509656,
            0.03455937,
            0.03300651,
            0.03360684,
            0.03796176,
            0.037373710000000004,
            0.03604276,
            0.03595606,
            0.03707647,
            0.0353841,
            0.03421609,
            0.03362915,
            0.03421684,
            0.03025238,
            0.03119483,
            0.03327595999999999,
            0.03198001,
            0.03300116,
            0.03269879,
            0.03857623,
            0,
            0.0178989,
            0.051189429999999994,
            0.03863623000000001,
            0.04171871,
            0.043499649999999994,
            0.038073459999999996,
            0.03854216,
            0.038223889999999996,
            0.03780868,
            0.03782322,
            0.040130139999999995,
            0.041389949999999995,
            0.03612593,
            0.035930449999999996,
            0.05431218,
            0.049557809999999994,
            0.07621043
        ],
        [
            0.06100944,
            0.03425541,
            0.034431619999999996,
            0.03247273,
            0.03301369999999999,
            0.031588,
            0.03535494,
            0.034817749999999995,
            0.03326489,
            0.03386522,
            0.03822014,
            0.03763209,
            0.036301139999999996,
            0.03621444,
            0.03733485,
            0.03564248,
            0.03447446999999999,
            0.03388753,
            0.03447522,
            0.030510759999999998,
            0.031453209999999995,
            0.033534339999999996,
            0.03223839,
            0.03325954,
            0.032957169999999994,
            0.03883461,
            0.0178989,
            0,
            0.04436846999999999,
            0.03181527,
            0.041977089999999995,
            0.04375802999999999,
            0.03833183999999999,
            0.038800539999999994,
            0.03848227,
            0.03806706,
            0.03808159999999999,
            0.04038852,
            0.04164833,
            0.036384309999999996,
            0.03618882999999999,
            0.05457056,
            0.049816189999999996,
            0.07646881
        ],
        [
            0.09429997000000001,
            0.06754594,
            0.06772215000000001,
            0.06576326,
            0.06630423,
            0.06487853,
            0.06864547,
            0.06810828000000001,
            0.06655542,
            0.06715575,
            0.07151067,
            0.07092262,
            0.06959167000000001,
            0.06950497,
            0.07062538,
            0.06893301,
            0.067765,
            0.06717806000000001,
            0.06776575,
            0.06380129000000001,
            0.06474374000000001,
            0.06682487000000001,
            0.06552892,
            0.06655007,
            0.06624769999999999,
            0.07212514,
            0.051189429999999994,
            0.04436846999999999,
            0,
            0.053849499999999995,
            0.07526762000000001,
            0.07704856,
            0.07162237,
            0.07209107000000001,
            0.0717728,
            0.07135759,
            0.07137213,
            0.07367905,
            0.07493886,
            0.06967484,
            0.06947936,
            0.08786109,
            0.08310672000000001,
            0.10975934000000001
        ],
        [
            0.08174677000000001,
            0.05499274000000001,
            0.05516895000000001,
            0.05321006000000001,
            0.053751030000000005,
            0.05232533000000001,
            0.056092270000000014,
            0.05555508000000001,
            0.05400222000000001,
            0.054602550000000014,
            0.05895747000000001,
            0.05836942000000001,
            0.05703847000000001,
            0.05695177000000001,
            0.058072180000000015,
            0.05637981000000001,
            0.055211800000000005,
            0.05462486000000001,
            0.05521255000000001,
            0.05124809000000001,
            0.05219054000000001,
            0.05427167000000001,
            0.05297572000000001,
            0.05399687,
            0.053694500000000006,
            0.059571940000000004,
            0.03863623000000001,
            0.03181527,
            0.053849499999999995,
            0,
            0.06271442000000002,
            0.06449536,
            0.05906917000000001,
            0.059537870000000014,
            0.05921960000000001,
            0.05880439000000001,
            0.05881893000000001,
            0.06112585000000001,
            0.06238566000000001,
            0.057121640000000015,
            0.05692616000000001,
            0.07530789000000002,
            0.07055352000000001,
            0.09720614000000001
        ],
        [
            0.06121819,
            0.03664062,
            0.036816829999999995,
            0.034857940000000004,
            0.03539891,
            0.033973210000000004,
            0.03774015,
            0.03720296,
            0.035650100000000004,
            0.03625043,
            0.04060535,
            0.040017300000000006,
            0.03868635,
            0.03859965,
            0.03972006,
            0.03802769,
            0.03685968,
            0.03627274,
            0.03686043,
            0.03289597,
            0.03383842,
            0.035919549999999995,
            0.034623600000000004,
            0.040201749999999994,
            0.03989938,
            0.053240760000000005,
            0.04171871,
            0.041977089999999995,
            0.07526762000000001,
            0.06271442000000002,
            0,
            0.0181746,
            0.02314695,
            0.02825937,
            0.0279411,
            0.027525889999999997,
            0.027540429999999998,
            0.029847349999999998,
            0.03110716,
            0.03659306,
            0.03639758,
            0.05477931,
            0.050024940000000004,
            0.07667756
        ],
        [
            0.06299912999999999,
            0.038421559999999993,
            0.03859776999999999,
            0.03663888,
            0.03717984999999999,
            0.03575415,
            0.039521089999999995,
            0.038983899999999995,
            0.03743104,
