{
    "NEXUS_FILE_URL": "http://purl.org/phylo/treebase/phylows/study/TB2:S13860",
    "NEWICK_TREE": "((1:0.023368934000000008,(2:0.006588434000000004,3:0.004692109100000008):0.041931318199999984):0.11597884960000004,(((34:0.0036698381999999974,35:0.0034938511000000005):0.0017983098571428546,(36:0.004788010900000028,37:0.0020060756999999985):0.0021493386956521476):0.022529137500000018,((16:0.0019188434000000087,17:0.002832284399999996,(10:5.051699999980563E-6,15:0.0017844566999999922):0.002747260306122462,(18:0.0020245510000000133,19:0.0022744192000000163):0.0019087966666666567):0.004333264444444457,((31:0.0013820754000000157,(27:9.354564000000065E-4,28:4.7558750000001315E-4):0.0034735055000000015):0.0037667969999999884,(4:0.005808284400000002,5:0.0050304025999999835,((32:9.999999994736442E-9,33:9.999999994736442E-9):0.0031413846999999995,((22:0.0022033842999999997,26:0.0021997871999999974):0.0027319043000000043,((20:4.4998509999999436E-4,21:9.999999994736442E-9):0.0028185938999999993,(29:0.0013065264000000076,30:9.999999994736442E-9):0.004146499393939379,(7:6.206855000000233E-4,(6:3.104530999999966E-4,8:9.999999994736442E-9,9:9.999999994736442E-9):0.0019693950505050573):0.003647622199999978,((23:0.0013045679000000254,24:9.510220000000236E-4,25:3.3994010000001906E-4):0.002600675899999988,(11:9.999999994736442E-9,12:9.999999994736442E-9,13:4.5306230000000114E-4,14:9.999999994736442E-9):0.003066465800000001):0.001283803975903608):8.192287878787952E-4):0.0013482143478260877):5.868884313725564E-4):6.808685937499948E-4):0.0045215935999999846):0.036718695999999995):0.057989424800000015);",
    "DISTANCE_MATRIX": [
        [
            0.0,
            0.0718886862,
            0.0699923613,
            0.22533449395714295,
            0.22515850685714295,
            0.22680369549565227,
            0.22402176029565224,
            0.24030801224444454,
            0.24122145324444452,
            0.24114148085056697,
            0.24292088585056698,
            0.2423225165111112,
            0.2425723847111112,
            0.24372637040000006,
            0.24675325690000005,
            0.24629338800000006,
            0.24506665099375005,
            0.24428876919375003,
            0.2429866497251226,
            0.2429866497251226,
            0.2461287579729487,
            0.2461251608729487,
            0.24528127716082748,
            0.24483130206082748,
            0.24746572395476688,
            0.24615920755476686,
            0.2462810058608275,
            0.24794016851133252,
            0.24762972541133252,
            0.24762972541133252,
            0.2472017459367311,
            0.2468482000367311,
            0.2462371181367311,
            0.2463629779367311,
            0.2463629779367311,
            0.2468160302367311,
            0.2463629779367311
        ],
        [
            0.0718886862,
            0.0,
            0.011280543100000012,
            0.2504853121571429,
            0.25030932505714293,
            0.25195451369565225,
            0.24917257849565222,
            0.2654588304444445,
            0.26637227144444453,
            0.26629229905056695,
            0.26807170405056696,
            0.2674733347111112,
            0.2677232029111112,
            0.26887718860000004,
            0.27190407510000003,
            0.27144420620000004,
            0.27021746919375,
            0.26943958739375,
            0.2681374679251226,
            0.2681374679251226,
            0.2712795761729487,
            0.27127597907294865,
            0.27043209536082746,
            0.26998212026082746,
            0.2726165421547668,
            0.2713100257547668,
            0.27143182406082744,
            0.2730909867113325,
            0.2727805436113325,
            0.2727805436113325,
            0.2723525641367311,
            0.2719990182367311,
            0.2713879363367311,
            0.2715137961367311,
            0.2715137961367311,
            0.2719668484367311,
            0.2715137961367311
        ],
        [
            0.0699923613,
            0.011280543100000012,
            0.0,
            0.24858898725714293,
            0.24841300015714293,
            0.2500581887956522,
            0.24727625359565222,
            0.2635625055444445,
            0.2644759465444445,
            0.2643959741505669,
            0.266175379150567,
            0.2655770098111112,
            0.26582687801111116,
            0.26698086370000007,
            0.2700077502,
            0.26954788130000007,
            0.26832114429375004,
            0.26754326249375004,
            0.2662411430251226,
            0.2662411430251226,
            0.2693832512729487,
            0.2693796541729487,
            0.26853577046082744,
            0.26808579536082744,
            0.27072021725476686,
            0.26941370085476685,
            0.2695354991608275,
            0.2711946618113325,
            0.2708842187113325,
            0.2708842187113325,
            0.2704562392367311,
            0.2701026933367311,
            0.26949161143673106,
            0.2696174712367311,
            0.2696174712367311,
            0.2700705235367311,
            0.2696174712367311
        ],
        [
            0.22533449395714295,
            0.2504853121571429,
            0.24858898725714293,
            0.0,
            0.007163689299999998,
            0.012405497652795028,
            0.009623562452794998,
            0.07096808940158733,
            0.07188153040158732,
            0.07180155800770976,
            0.07358096300770978,
            0.07298259366825399,
            0.073232461868254,
            0.07438644755714285,
            0.07741333405714285,
            0.07695346515714285,
            0.07572672815089285,
            0.07494884635089283,
            0.0736467268822654,
            0.0736467268822654,
            0.07678883513009149,
            0.07678523803009149,
            0.07594135431797028,
            0.07549137921797028,
            0.07812580111190967,
            0.07681928471190966,
            0.07694108301797029,
            0.07860024566847532,
            0.07828980256847531,
            0.07828980256847531,
            0.0778618230938739,
            0.0775082771938739,
            0.0768971952938739,
            0.07702305509387389,
            0.07702305509387389,
            0.0774761073938739,
            0.07702305509387389
        ],
        [
            0.22515850685714295,
            0.25030932505714293,
            0.24841300015714293,
            0.007163689299999998,
            0.0,
            0.012229510552795031,
            0.009447575352795001,
            0.07079210230158733,
            0.07170554330158732,
            0.07162557090770977,
            0.07340497590770978,
            0.072806606568254,
            0.073056474768254,
            0.07421046045714286,
            0.07723734695714285,
            0.07677747805714286,
            0.07555074105089285,
            0.07477285925089283,
            0.0734707397822654,
            0.0734707397822654,
            0.0766128480300915,
            0.0766092509300915,
            0.07576536721797028,
            0.07531539211797028,
            0.07794981401190967,
            0.07664329761190966,
            0.07676509591797029,
            0.07842425856847532,
            0.07811381546847532,
            0.07811381546847532,
            0.07768583599387391,
            0.0773322900938739,
            0.0767212081938739,
            0.07684706799387389,
            0.07684706799387389,
            0.0773001202938739,
            0.07684706799387389
        ],
        [
            0.22680369549565227,
            0.25195451369565225,
            0.2500581887956522,
            0.012405497652795028,
            0.012229510552795031,
            0.0,
            0.006794086600000027,
            0.07243729094009665,
            0.07335073194009664,
            0.07327075954621909,
            0.0750501645462191,
            0.07445179520676332,
            0.07470166340676332,
            0.07585564909565218,
            0.07888253559565217,
            0.07842266669565218,
            0.07719592968940217,
            0.07641804788940215,
            0.07511592842077472,
            0.07511592842077472,
            0.07825803666860082,
            0.07825443956860081,
            0.0774105558564796,
            0.0769605807564796,
            0.079595002650419,
            0.07828848625041898,
            0.07841028455647961,
            0.08006944720698464,
            0.07975900410698464,
            0.07975900410698464,
            0.07933102463238323,
            0.07897747873238323,
            0.07836639683238322,
            0.07849225663238321,
            0.07849225663238321,
            0.07894530893238322,
            0.07849225663238321
        ],
        [
            0.22402176029565224,
            0.24917257849565222,
            0.24727625359565222,
            0.009623562452794998,
            0.009447575352795001,
            0.006794086600000027,
            0.0,
            0.06965535574009663,
            0.07056879674009661,
            0.07048882434621906,
            0.07226822934621907,
            0.07166986000676329,
            0.07191972820676329,
            0.07307371389565215,
            0.07610060039565214,
            0.07564073149565215,
            0.07441399448940214,
            0.07363611268940212,
            0.07233399322077469,
            0.07233399322077469,
            0.07547610146860079,
            0.07547250436860078,
            0.07462862065647957,
            0.07417864555647957,
            0.07681306745041896,
            0.07550655105041895,
            0.07562834935647958,
            0.07728751200698461,
            0.07697706890698461,
            0.07697706890698461,
            0.0765490894323832,
            0.0761955435323832,
            0.07558446163238319,
            0.07571032143238318,
            0.07571032143238318,
            0.07616337373238319,
            0.07571032143238318
        ],
        [
            0.24030801224444454,
            0.2654588304444445,
            0.2635625055444445,
            0.07096808940158733,
            0.07079210230158733,
            0.07243729094009665,
            0.06965535574009663,
            0.0,
            0.0047511278000000046,
            0.004671155406122451,
            0.006450560406122463,
            0.005852191066666679,
            0.006102059266666682,
            0.015922573844444454,
            0.018949460344444446,
            0.018489591444444453,
            0.017262854438194447,
            0.01648497263819443,
            0.015182853169566995,
            0.015182853169566995,
            0.018324961417393093,
            0.01832136431739309,
            0.017477480605271878,
            0.017027505505271878,
            0.01966192739921127,
            0.018355410999211258,
            0.018477209305271886,
            0.020136371955776916,
            0.019825928855776914,
            0.019825928855776914,
            0.019397949381175505,
            0.019044403481175504,
            0.0184333215811755,
            0.018559181381175488,
            0.018559181381175488,
            0.019012233681175494,
            0.018559181381175488
        ],
        [
            0.24122145324444452,
            0.26637227144444453,
            0.2644759465444445,
            0.07188153040158732,
            0.07170554330158732,
            0.07335073194009664,
            0.07056879674009661,
            0.0047511278000000046,
            0.0,
            0.0055845964061224385,
            0.00736400140612245,
            0.006765632066666666,
            0.007015500266666669,
            0.01683601484444444,
            0.019862901344444434,
            0.01940303244444444,
            0.018176295438194434,
            0.017398413638194415,
            0.016096294169566983,
            0.016096294169566983,
            0.01923840241739308,
            0.019234805317393078,
            0.018390921605271865,
            0.017940946505271865,
            0.020575368399211258,
            0.019268851999211245,
            0.019390650305271873,
            0.021049812955776903,
            0.0207393698557769,
            0.0207393698557769,
            0.020311390381175493,
            0.01995784448117549,
            0.019346762581175486,
            0.019472622381175475,
            0.019472622381175475,
            0.01992567468117548,
            0.019472622381175475
        ],
        [
            0.24114148085056697,
            0.26629229905056695,
            0.2643959741505669,
            0.07180155800770976,
            0.07162557090770977,
            0.07327075954621909,
            0.07048882434621906,
            0.004671155406122451,
            0.0055845964061224385,
            0.0,
            0.0017895083999999728,
            0.006685659672789113,
            0.006935527872789116,
            0.016756042450566888,
            0.01978292895056688,
            0.019323060050566887,
            0.01809632304431688,
            0.017318441244316862,
            0.01601632177568943,
            0.01601632177568943,
            0.019158430023515527,
            0.019154832923515525,
            0.018310949211394312,
            0.017860974111394312,
            0.020495396005333705,
            0.019188879605333692,
            0.01931067791139432,
            0.02096984056189935,
            0.020659397461899348,
            0.020659397461899348,
            0.02023141798729794,
            0.019877872087297938,
            0.019266790187297933,
            0.019392649987297922,
            0.019392649987297922,
            0.01984570228729793,
            0.019392649987297922
        ],
        [
            0.24292088585056698,
            0.26807170405056696,
            0.266175379150567,
            0.07358096300770978,
            0.07340497590770978,
            0.0750501645462191,
            0.07226822934621907,
            0.006450560406122463,
            0.00736400140612245,
            0.0017895083999999728,
            0.0,
            0.008465064672789124,
            0.008714932872789127,
            0.0185354474505669,
            0.021562333950566892,
            0.0211024650505669,
            0.019875728044316893,
            0.019097846244316874,
            0.01779572677568944,
            0.01779572677568944,
            0.02093783502351554,
            0.020934237923515536,
            0.020090354211394323,
            0.019640379111394324,
            0.022274801005333716,
            0.020968284605333704,
            0.02109008291139433,
            0.02274924556189936,
            0.02243880246189936,
            0.02243880246189936,
            0.02201082298729795,
            0.02165727708729795,
            0.021046195187297945,
            0.021172054987297934,
            0.021172054987297934,
            0.02162510728729794,
            0.021172054987297934
        ],
        [
            0.2423225165111112,
            0.2674733347111112,
            0.2655770098111112,
            0.07298259366825399,
            0.072806606568254,
            0.07445179520676332,
            0.07166986000676329,
            0.005852191066666679,
            0.006765632066666666,
            0.006685659672789113,
            0.008465064672789124,
            0.0,
            0.00429897020000003,
            0.017937078111111115,
            0.020963964611111108,
            0.020504095711111114,
            0.01927735870486111,
            0.01849947690486109,
            0.017197357436233657,
            0.017197357436233657,
            0.020339465684059754,
            0.020335868584059752,
            0.01949198487193854,
            0.01904200977193854,
            0.021676431665877932,
            0.02036991526587792,
            0.020491713571938547,
            0.022150876222443577,
            0.021840433122443575,
            0.021840433122443575,
            0.021412453647842167,
            0.021058907747842165,
            0.02044782584784216,
            0.02057368564784215,
            0.02057368564784215,
            0.021026737947842156,
            0.02057368564784215
        ],
        [
            0.2425723847111112,
            0.2677232029111112,
            0.26582687801111116,
            0.073232461868254,
            0.073056474768254,
            0.07470166340676332,
            0.07191972820676329,
            0.006102059266666682,
            0.007015500266666669,
            0.006935527872789116,
            0.008714932872789127,
            0.00429897020000003,
            0.0,
            0.01818694631111112,
            0.02121383281111111,
            0.020753963911111117,
            0.01952722690486111,
            0.018749345104861093,
            0.01744722563623366,
            0.01744722563623366,
            0.020589333884059757,
            0.020585736784059755,
            0.019741853071938542,
            0.019291877971938542,
            0.021926299865877935,
            0.020619783465877922,
            0.02074158177193855,
            0.02240074442244358,
            0.02209030132244358,
            0.02209030132244358,
            0.02166232184784217,
            0.021308775947842168,
            0.020697694047842163,
            0.020823553847842152,
            0.020823553847842152,
            0.02127660614784216,
            0.020823553847842152
        ],
        [
            0.24372637040000006,
            0.26887718860000004,
            0.26698086370000007,
            0.07438644755714285,
            0.07421046045714286,
            0.07585564909565218,
            0.07307371389565215,
            0.015922573844444454,
            0.01683601484444444,
            0.016756042450566888,
            0.0185354474505669,
            0.017937078111111115,
            0.01818694631111112,
            0.0,
            0.005791037300000024,
            0.00533116840000003,
            0.011638025393750001,
            0.010860143593749982,
            0.00955802412512255,
            0.00955802412512255,
            0.012700132372948647,
            0.012696535272948645,
            0.011852651560827432,
            0.011402676460827432,
            0.014037098354766825,
            0.012730581954766812,
            0.01285238026082744,
            0.01451154291133247,
            0.014201099811332468,
            0.014201099811332468,
            0.01377312033673106,
            0.013419574436731058,
            0.012808492536731053,
            0.012934352336731042,
            0.012934352336731042,
            0.013387404636731048,
            0.012934352336731042
        ],
        [
            0.24675325690000005,
            0.27190407510000003,
            0.2700077502,
            0.07741333405714285,
            0.07723734695714285,
            0.07888253559565217,
            0.07610060039565214,
            0.018949460344444446,
            0.019862901344444434,
            0.01978292895056688,
            0.021562333950566892,
            0.020963964611111108,
            0.02121383281111111,
            0.005791037300000024,
            0.0,
            0.0014110439000000197,
            0.014664911893749993,
            0.013887030093749975,
            0.012584910625122542,
            0.012584910625122542,
            0.01572701887294864,
            0.015723421772948637,
            0.014879538060827424,
            0.014429562960827425,
            0.017063984854766817,
            0.015757468454766804,
            0.015879266760827432,
            0.017538429411332462,
            0.01722798631133246,
            0.01722798631133246,
            0.016800006836731052,
            0.01644646093673105,
            0.015835379036731045,
            0.015961238836731034,
            0.015961238836731034,
            0.01641429113673104,
            0.015961238836731034
        ],
        [
            0.24629338800000006,
            0.27144420620000004,
            0.26954788130000007,
            0.07695346515714285,
            0.07677747805714286,
            0.07842266669565218,
            0.07564073149565215,
            0.018489591444444453,
            0.01940303244444444,
            0.019323060050566887,
            0.0211024650505669,
            0.020504095711111114,
            0.020753963911111117,
            0.00533116840000003,
            0.0014110439000000197,
            0.0,
            0.01420504299375,
            0.013427161193749981,
            0.012125041725122548,
            0.012125041725122548,
            0.015267149972948646,
            0.015263552872948644,
            0.01441966916082743,
            0.013969694060827431,
            0.016604115954766824,
            0.015297599554766811,
            0.015419397860827438,
            0.01707856051133247,
            0.016768117411332467,
            0.016768117411332467,
            0.01634013793673106,
            0.015986592036731057,
            0.015375510136731052,
            0.015501369936731041,
            0.015501369936731041,
            0.015954422236731047,
            0.015501369936731041
        ],
        [
            0.24506665099375005,
            0.27021746919375,
            0.26832114429375004,
            0.07572672815089285,
            0.07555074105089285,
            0.07719592968940217,
            0.07441399448940214,
            0.017262854438194447,
            0.018176295438194434,
            0.01809632304431688,
            0.019875728044316893,
            0.01927735870486111,
            0.01952722690486111,
            0.011638025393750001,
            0.014664911893749993,
            0.01420504299375,
            0.0,
            0.010838686999999986,
            0.009536567531372553,
            0.009536567531372553,
            0.01267867577919865,
            0.012675078679198648,
            0.011831194967077435,
            0.011381219867077436,
            0.014015641761016828,
            0.012709125361016815,
            0.012830923667077443,
            0.014490086317582473,
            0.014179643217582472,
            0.014179643217582472,
            0.013751663742981063,
            0.013398117842981061,
            0.012787035942981057,
            0.012912895742981045,
            0.012912895742981045,
            0.013365948042981052,
            0.012912895742981045
        ],
        [
            0.24428876919375003,
            0.26943958739375,
            0.26754326249375004,
            0.07494884635089283,
            0.07477285925089283,
            0.07641804788940215,
            0.07363611268940212,
            0.01648497263819443,
            0.017398413638194415,
            0.017318441244316862,
            0.019097846244316874,
            0.01849947690486109,
            0.018749345104861093,
            0.010860143593749982,
            0.013887030093749975,
            0.013427161193749981,
            0.010838686999999986,
            0.0,
            0.008758685731372534,
            0.008758685731372534,
            0.011900793979198632,
            0.01189719687919863,
            0.011053313167077417,
            0.010603338067077417,
            0.01323775996101681,
            0.011931243561016797,
            0.012053041867077424,
            0.013712204517582455,
            0.013401761417582453,
            0.013401761417582453,
            0.012973781942981044,
            0.012620236042981042,
            0.012009154142981038,
            0.012135013942981027,
            0.012135013942981027,
            0.012588066242981033,
            0.012135013942981027
        ],
        [
            0.2429866497251226,
            0.2681374679251226,
            0.2662411430251226,
            0.0736467268822654,
            0.0734707397822654,
            0.07511592842077472,
            0.07233399322077469,
            0.015182853169566995,
            0.016096294169566983,
            0.01601632177568943,
            0.01779572677568944,
            0.017197357436233657,
            0.01744722563623366,
            0.00955802412512255,
            0.012584910625122542,
            0.012125041725122548,
            0.009536567531372553,
            0.008758685731372534,
            0.0,
            1.9999999989472883e-08,
            0.009424897647826086,
            0.009421300547826084,
            0.00857741683570487,
            0.008127441735704871,
            0.010761863629644264,
            0.009455347229644251,
            0.009577145535704878,
            0.011236308186209909,
            0.010925865086209907,
            0.010925865086209907,
            0.010497885611608498,
            0.010144339711608497,
            0.009533257811608492,
            0.009659117611608481,
            0.009659117611608481,
            0.010112169911608487,
            0.009659117611608481
        ],
        [
            0.2429866497251226,
            0.2681374679251226,
            0.2662411430251226,
            0.0736467268822654,
            0.0734707397822654,
            0.07511592842077472,
            0.07233399322077469,
            0.015182853169566995,
            0.016096294169566983,
            0.01601632177568943,
            0.01779572677568944,
            0.017197357436233657,
            0.01744722563623366,
            0.00955802412512255,
            0.012584910625122542,
            0.012125041725122548,
            0.009536567531372553,
            0.008758685731372534,
            1.9999999989472883e-08,
            0.0,
            0.009424897647826086,
            0.009421300547826084,
            0.00857741683570487,
            0.008127441735704871,
            0.010761863629644264,
            0.009455347229644251,
            0.009577145535704878,
            0.011236308186209909,
            0.010925865086209907,
            0.010925865086209907,
            0.010497885611608498,
            0.010144339711608497,
            0.009533257811608492,
            0.009659117611608481,
            0.009659117611608481,
            0.010112169911608487,
            0.009659117611608481
        ],
        [
            0.2461287579729487,
            0.2712795761729487,
            0.2693832512729487,
            0.07678883513009149,
            0.0766128480300915,
            0.07825803666860082,
            0.07547610146860079,
            0.018324961417393093,
            0.01923840241739308,
            0.019158430023515527,
            0.02093783502351554,
            0.020339465684059754,
            0.020589333884059757,
            0.012700132372948647,
            0.01572701887294864,
            0.015267149972948646,
            0.01267867577919865,
            0.011900793979198632,
            0.009424897647826086,
            0.009424897647826086,
            0.0,
            0.004403171499999997,
            0.009023096387878793,
            0.008573121287878793,
            0.011207543181818186,
            0.009901026781818173,
            0.0100228250878788,
            0.011681987738383831,
            0.01137154463838383,
            0.01137154463838383,
            0.01094356516378242,
            0.010590019263782419,
            0.009978937363782414,
            0.010104797163782403,
            0.010104797163782403,
            0.01055784946378241,
            0.010104797163782403
        ],
        [
            0.2461251608729487,
            0.27127597907294865,
            0.2693796541729487,
            0.07678523803009149,
            0.0766092509300915,
            0.07825443956860081,
            0.07547250436860078,
            0.01832136431739309,
            0.019234805317393078,
            0.019154832923515525,
            0.020934237923515536,
            0.020335868584059752,
            0.020585736784059755,
            0.012696535272948645,
            0.015723421772948637,
            0.015263552872948644,
            0.012675078679198648,
            0.01189719687919863,
            0.009421300547826084,
            0.009421300547826084,
            0.004403171499999997,
            0.0,
            0.00901949928787879,
            0.008569524187878791,
            0.011203946081818184,
            0.00989742968181817,
            0.010019227987878798,
            0.011678390638383829,
            0.011367947538383827,
            0.011367947538383827,
            0.010939968063782418,
            0.010586422163782416,
            0.009975340263782412,
            0.0101012000637824,
            0.0101012000637824,
            0.010554252363782407,
            0.0101012000637824
        ],
        [
            0.24528127716082748,
            0.27043209536082746,
            0.26853577046082744,
            0.07594135431797028,
            0.07576536721797028,
            0.0774105558564796,
            0.07462862065647957,
            0.017477480605271878,
            0.018390921605271865,
            0.018310949211394312,
            0.020090354211394323,
            0.01949198487193854,
            0.019741853071938542,
            0.011852651560827432,
            0.014879538060827424,
            0.01441966916082743,
            0.011831194967077435,
            0.011053313167077417,
            0.00857741683570487,
            0.00857741683570487,
            0.009023096387878793,
            0.00901949928787879,
            0.0,
            0.0004499950999999891,
            0.00872160479393938,
            0.0074150883939393675,
            0.007536886699999995,
            0.009196049350505026,
            0.008885606250505024,
            0.008885606250505024,
            0.008457626775903615,
            0.008104080875903613,
            0.007492998975903609,
            0.0076188587759035975,
            0.0076188587759035975,
            0.008071911075903604,
            0.0076188587759035975
        ],
        [
            0.24483130206082748,
            0.26998212026082746,
            0.26808579536082744,
            0.07549137921797028,
            0.07531539211797028,
            0.0769605807564796,
            0.07417864555647957,
            0.017027505505271878,
            0.017940946505271865,
            0.017860974111394312,
            0.019640379111394324,
            0.01904200977193854,
            0.019291877971938542,
            0.011402676460827432,
            0.014429562960827425,
            0.013969694060827431,
            0.011381219867077436,
            0.010603338067077417,
            0.008127441735704871,
            0.008127441735704871,
            0.008573121287878793,
            0.008569524187878791,
            0.0004499950999999891,
            0.0,
            0.00827162969393938,
            0.006965113293939368,
            0.007086911599999995,
            0.008746074250505026,
            0.008435631150505024,
            0.008435631150505024,
            0.008007651675903615,
            0.0076541057759036135,
            0.007043023875903609,
            0.007168883675903598,
            0.007168883675903598,
            0.007621935975903604,
            0.007168883675903598
        ],
        [
            0.24746572395476688,
            0.2726165421547668,
            0.27072021725476686,
            0.07812580111190967,
            0.07794981401190967,
            0.079595002650419,
            0.07681306745041896,
            0.01966192739921127,
            0.020575368399211258,
            0.020495396005333705,
            0.022274801005333716,
            0.021676431665877932,
            0.021926299865877935,
            0.014037098354766825,
            0.017063984854766817,
            0.016604115954766824,
            0.014015641761016828,
            0.01323775996101681,
            0.010761863629644264,
            0.010761863629644264,
            0.011207543181818186,
            0.011203946081818184,
            0.00872160479393938,
            0.00827162969393938,
            0.0,
            0.0013065364000000024,
            0.009721333493939388,
            0.011380496144444419,
            0.011070053044444417,
            0.011070053044444417,
            0.010642073569843008,
            0.010288527669843006,
            0.009677445769843002,
            0.00980330556984299,
            0.00980330556984299,
            0.010256357869842997,
            0.00980330556984299
        ],
        [
            0.24615920755476686,
            0.2713100257547668,
            0.26941370085476685,
            0.07681928471190966,
            0.07664329761190966,
            0.07828848625041898,
            0.07550655105041895,
            0.018355410999211258,
            0.019268851999211245,
            0.019188879605333692,
            0.020968284605333704,
            0.02036991526587792,
            0.020619783465877922,
            0.012730581954766812,
            0.015757468454766804,
            0.015297599554766811,
            0.012709125361016815,
            0.011931243561016797,
            0.009455347229644251,
            0.009455347229644251,
            0.009901026781818173,
            0.00989742968181817,
            0.0074150883939393675,
            0.006965113293939368,
            0.0013065364000000024,
            0.0,
            0.008414817093939375,
            0.010073979744444406,
            0.009763536644444404,
            0.009763536644444404,
            0.009335557169842995,
            0.008982011269842993,
            0.008370929369842989,
            0.008496789169842978,
            0.008496789169842978,
            0.008949841469842984,
            0.008496789169842978
        ],
        [
            0.2462810058608275,
            0.27143182406082744,
            0.2695354991608275,
            0.07694108301797029,
            0.07676509591797029,
            0.07841028455647961,
            0.07562834935647958,
            0.018477209305271886,
            0.019390650305271873,
            0.01931067791139432,
            0.02109008291139433,
            0.020491713571938547,
            0.02074158177193855,
            0.01285238026082744,
            0.015879266760827432,
            0.015419397860827438,
            0.012830923667077443,
            0.012053041867077424,
            0.009577145535704878,
            0.009577145535704878,
            0.0100228250878788,
            0.010019227987878798,
            0.007536886699999995,
            0.007086911599999995,
            0.009721333493939388,
            0.008414817093939375,
            0.0,
            0.002900533650505077,
            0.0025900905505050753,
            0.0025900905505050753,
            0.009457355475903623,
            0.00910380957590362,
            0.008492727675903616,
            0.008618587475903605,
            0.008618587475903605,
            0.009071639775903612,
            0.008618587475903605
        ],
        [
            0.24794016851133252,
            0.2730909867113325,
            0.2711946618113325,
            0.07860024566847532,
            0.07842425856847532,
            0.08006944720698464,
            0.07728751200698461,
            0.020136371955776916,
            0.021049812955776903,
            0.02096984056189935,
            0.02274924556189936,
            0.022150876222443577,
            0.02240074442244358,
            0.01451154291133247,
            0.017538429411332462,
            0.01707856051133247,
            0.014490086317582473,
            0.013712204517582455,
            0.011236308186209909,
            0.011236308186209909,
            0.011681987738383831,
            0.011678390638383829,
            0.009196049350505026,
            0.008746074250505026,
            0.011380496144444419,
            0.010073979744444406,
            0.002900533650505077,
            0.0,
            0.00031046309999999133,
            0.00031046309999999133,
            0.011116518126408653,
            0.010762972226408651,
            0.010151890326408647,
            0.010277750126408636,
            0.010277750126408636,
            0.010730802426408642,
            0.010277750126408636
        ],
        [
            0.24762972541133252,
            0.2727805436113325,
            0.2708842187113325,
            0.07828980256847531,
            0.07811381546847532,
            0.07975900410698464,
            0.07697706890698461,
            0.019825928855776914,
            0.0207393698557769,
            0.020659397461899348,
            0.02243880246189936,
            0.021840433122443575,
            0.02209030132244358,
            0.014201099811332468,
            0.01722798631133246,
            0.016768117411332467,
            0.014179643217582472,
            0.013401761417582453,
            0.010925865086209907,
            0.010925865086209907,
            0.01137154463838383,
            0.011367947538383827,
            0.008885606250505024,
            0.008435631150505024,
            0.011070053044444417,
            0.009763536644444404,
            0.0025900905505050753,
            0.00031046309999999133,
            0.0,
            1.9999999989472883e-08,
            0.010806075026408651,
            0.01045252912640865,
            0.009841447226408645,
            0.009967307026408634,
            0.009967307026408634,
            0.01042035932640864,
            0.009967307026408634
        ],
        [
            0.24762972541133252,
            0.2727805436113325,
            0.2708842187113325,
            0.07828980256847531,
            0.07811381546847532,
            0.07975900410698464,
            0.07697706890698461,
            0.019825928855776914,
            0.0207393698557769,
            0.020659397461899348,
            0.02243880246189936,
            0.021840433122443575,
            0.02209030132244358,
            0.014201099811332468,
            0.01722798631133246,
            0.016768117411332467,
            0.014179643217582472,
            0.013401761417582453,
            0.010925865086209907,
            0.010925865086209907,
            0.01137154463838383,
            0.011367947538383827,
            0.008885606250505024,
            0.008435631150505024,
            0.011070053044444417,
            0.009763536644444404,
            0.0025900905505050753,
            0.00031046309999999133,
            1.9999999989472883e-08,
            0.0,
            0.010806075026408651,
            0.01045252912640865,
            0.009841447226408645,
            0.009967307026408634,
            0.009967307026408634,
            0.01042035932640864,
            0.009967307026408634
        ],
        [
            0.2472017459367311,
            0.2723525641367311,
            0.2704562392367311,
            0.0778618230938739,
            0.07768583599387391,
            0.07933102463238323,
            0.0765490894323832,
            0.019397949381175505,
            0.020311390381175493,
            0.02023141798729794,
            0.02201082298729795,
            0.021412453647842167,
            0.02166232184784217,
            0.01377312033673106,
            0.016800006836731052,
            0.01634013793673106,
            0.013751663742981063,
            0.012973781942981044,
            0.010497885611608498,
            0.010497885611608498,
            0.01094356516378242,
            0.010939968063782418,
            0.008457626775903615,
            0.008007651675903615,
            0.010642073569843008,
            0.009335557169842995,
            0.009457355475903623,
            0.011116518126408653,
            0.010806075026408651,
            0.010806075026408651,
            0.0,
            0.002255589900000049,
            0.0016445080000000445,
            0.006971719600000009,
            0.006971719600000009,
            0.007424771900000016,
            0.006971719600000009
        ],
        [
