{
    "NEXUS_FILE_URL": "http://purl.org/phylo/treebase/phylows/study/TB2:S11313",
    "NEWICK_TREE": "(7:0.280673,((6:0.037781,(4:0.047935,5:0.224558):0.038956):0.0,((3:0.031704,11:0.053944):0.016263,((16:0.058052,(1:0.001089,2:0.001279):0.157904):0.0,((8:0.035784,(9:0.016562,10:0.027339):0.004441):0.024852,(12:0.053415,13:0.006662,14:0.001882,15:9.36E-4):0.036752):0.0):0.0):3.05E-4):0.280673);",
    "DISTANCE_MATRIX": [
        [
            0,
            0.599127,
            0.648237,
            0.8248599999999999,
            0.609618,
            0.631858,
            0.619703,
            0.7206440000000001,
            0.720834,
            0.622287,
            0.607506,
            0.618283,
            0.651818,
            0.605065,
            0.600285,
            0.5993390000000001
        ],
        [
            0.599127,
            0,
            0.124672,
            0.30129500000000004,
            0.086053,
            0.108293,
            0.096138,
            0.197079,
            0.197269,
            0.098722,
            0.083941,
            0.094718,
            0.128253,
            0.0815,
            0.07672000000000001,
            0.07577400000000001
        ],
        [
            0.648237,
            0.124672,
            0,
            0.272493,
            0.135163,
            0.157403,
            0.145248,
            0.246189,
            0.246379,
            0.147832,
            0.133051,
            0.14382799999999998,
            0.177363,
            0.13061,
            0.12583,
            0.124884
        ],
        [
            0.8248599999999999,
            0.30129500000000004,
            0.272493,
            0,
            0.311786,
            0.33402600000000005,
            0.321871,
            0.422812,
            0.423002,
            0.32445500000000005,
            0.309674,
            0.32045100000000004,
            0.353986,
            0.30723300000000003,
            0.302453,
            0.301507
        ],
        [
            0.609618,
            0.086053,
            0.135163,
            0.311786,
            0,
            0.085648,
            0.106019,
            0.20696,
            0.20715,
            0.108603,
            0.093822,
            0.104599,
            0.138134,
            0.091381,
            0.08660100000000001,
            0.08565500000000001
        ],
        [
            0.631858,
            0.108293,
            0.157403,
            0.33402600000000005,
            0.085648,
            0,
            0.12825899999999998,
            0.2292,
            0.22938999999999998,
            0.130843,
            0.116062,
            0.12683899999999998,
            0.160374,
            0.113621,
            0.108841,
            0.10789499999999999
        ],
        [
            0.619703,
            0.096138,
            0.145248,
            0.321871,
            0.106019,
            0.12825899999999998,
            0,
            0.217045,
            0.21723499999999998,
            0.118688,
            0.103907,
            0.114684,
            0.148219,
            0.101466,
            0.096686,
            0.09573999999999999
        ],
        [
            0.7206440000000001,
            0.197079,
            0.246189,
            0.422812,
            0.20696,
            0.2292,
            0.217045,
            0,
            0.002368,
            0.219629,
            0.204848,
            0.21562499999999998,
            0.24916,
            0.202407,
            0.197627,
            0.196681
        ],
        [
            0.720834,
            0.197269,
            0.246379,
            0.423002,
            0.20715,
            0.22938999999999998,
            0.21723499999999998,
            0.002368,
            0,
            0.219819,
            0.205038,
            0.21581499999999998,
            0.24935,
            0.202597,
            0.197817,
            0.196871
        ],
        [
            0.622287,
            0.098722,
            0.147832,
            0.32445500000000005,
            0.108603,
            0.130843,
            0.118688,
            0.219629,
            0.219819,
            0,
            0.056787000000000004,
            0.067564,
            0.150803,
            0.10405,
            0.09927,
            0.098324
        ],
        [
            0.607506,
            0.083941,
            0.133051,
            0.309674,
            0.093822,
            0.116062,
            0.103907,
            0.204848,
            0.205038,
            0.056787000000000004,
            0,
            0.043900999999999996,
            0.136022,
            0.089269,
            0.08448900000000001,
            0.083543
        ],
        [
            0.618283,
            0.094718,
            0.14382799999999998,
            0.32045100000000004,
            0.104599,
            0.12683899999999998,
            0.114684,
            0.21562499999999998,
            0.21581499999999998,
            0.067564,
            0.043900999999999996,
            0,
            0.14679899999999999,
            0.100046,
            0.09526599999999999,
            0.09431999999999999
        ],
        [
            0.651818,
            0.128253,
            0.177363,
            0.353986,
            0.138134,
            0.160374,
            0.148219,
            0.24916,
            0.24935,
            0.150803,
            0.136022,
            0.14679899999999999,
            0,
            0.060077,
            0.055297,
            0.054351
        ],
        [
            0.605065,
            0.0815,
            0.13061,
            0.30723300000000003,
            0.091381,
            0.113621,
            0.101466,
            0.202407,
            0.202597,
            0.10405,
            0.089269,
            0.100046,
            0.060077,
            0,
            0.008544,
            0.007598000000000001
        ],
        [
            0.600285,
            0.07672000000000001,
            0.12583,
            0.302453,
            0.08660100000000001,
            0.108841,
            0.096686,
            0.197627,
            0.197817,
            0.09927,
            0.08448900000000001,
            0.09526599999999999,
            0.055297,
            0.008544,
            0,
            0.002818
        ],
        [
            0.5993390000000001,
            0.07577400000000001,
            0.124884,
            0.301507,
            0.08565500000000001,
            0.10789499999999999,
            0.09573999999999999,
            0.196681,
            0.196871,
            0.098324,
            0.083543,
            0.09431999999999999,
            0.054351,
            0.007598000000000001,
            0.002818,
            0
        ]
    ],
    "NODE_MAPPING": {
        "0": "7",
        "1": "6",
        "2": "4",
        "3": "5",
        "4": "3",
        "5": "11",
        "6": "16",
        "7": "1",
        "8": "2",
        "9": "8",
        "10": "9",
        "11": "10",
        "12": "12",
        "13": "13",
        "14": "14",
        "15": "15"
    }
}