{
    "NEXUS_FILE_URL": "http://purl.org/phylo/treebase/phylows/study/TB2:S13994",
    "NEWICK_TREE": "((((64:62.3513,65:62.3513):203.514,((46:181.247,(55:102.479,62:102.479):78.768):19.884,(66:53.5586,(67:46.2864,4:46.2864):7.27222):147.572):64.7349):45.5037,(((63:18.2587,7:18.2587):247.57,(((59:91.6575,10:91.6575):87.256,(((24:101.262,(28:76.7214,61:76.7214):24.5409):51.8734,((48:67.8956,(47:14.6277,36:14.6277):53.2679):49.9259,((35:87.1372,(13:52.4309,(41:3.12421,40:3.12421):49.3067):34.7063):13.7399,(32:27.3013,53:27.3013):73.5758):16.9444):35.3143):14.1062,(14:20.201,18:20.201):147.041):11.6715):41.1082,(49:172.97,((20:81.0632,8:81.0632):19.4792,(21:28.2811,22:28.2811):72.2613):72.4274):47.0519):45.8071):25.1077,(((23:81.9395,(45:28.3342,9:28.3342):53.6054):152.912,(2:192.397,((((50:31.1668,51:31.1668):45.155,(12:0.736363,11:0.736363):75.5855):10.4943,((39:1.04499,58:1.04499):52.5012,(25:4.02229,33:4.02229):49.5239):33.27):53.9095,((1:18.1774,6:18.1774):114.905,(17:110.128,((19:9.92024,(56:4.27717,5:4.27717):5.64306):58.8101,(43:61.2906,((34:0.542043,44:0.542043):53.0,(((27:5.49037,3:5.49037):10.6778,(42:5.9609,(31:0.557865,30:0.557865,29:0.557865):5.40303):10.2072):7.54841,(38:1.88841,(37:0.0,57:0.0):1.88841):21.8281):29.8255):7.74858):7.43973):41.3972):22.9545):7.64358):51.6711):42.4545):32.0945,((16:62.8589,15:62.8589):169.91,(54:99.9236,26:99.9236):132.845):34.1769):23.9907):20.433):108.631,(52:289.655,60:289.655):130.345);",
    "DISTANCE_MATRIX": [
        [
            0.0,
            124.7026,
            531.7312,
            531.7312,
            531.7312,
            531.7308,
            531.73082,
            531.73082,
            622.7384,
            622.7384,
            622.7384999999999,
            622.7384999999999,
            622.7381,
            622.7384,
            622.7384,
            622.7384999999999,
            622.7384999999999,
            622.7384999999999,
            622.7384999999999,
            622.7384999999999,
            622.7385099999999,
            622.7385099999999,
            622.7384999999999,
            622.7384999999999,
            622.7384999999999,
            622.7384999999999,
            622.7387,
            622.7384999999999,
            622.7384999999999,
            622.7384999999999,
            622.7384999999999,
            622.7386999999999,
            622.7388,
            622.7388,
            622.7386999999999,
            622.7384,
            622.7384,
            622.7384629999999,
            622.7384629999999,
            622.73849,
            622.73849,
            622.73849,
            622.73849,
            622.7387799999999,
            622.7387799999999,
            622.73888,
            622.7384199999999,
            622.7384099999999,
            622.7384099999999,
            622.7384099999999,
            622.738433,
            622.738433,
            622.73847,
            622.73847,
            622.7384,
            622.738395,
            622.738395,
            622.738395,
            622.7384,
            622.7384,
            622.7384,
            622.7384999999999,
            622.7384999999999,
            622.7382,
            622.7382,
            840.0,
            840.0
        ],
        [
            124.7026,
            0.0,
            531.7312,
            531.7312,
            531.7312,
            531.7308,
            531.73082,
            531.73082,
            622.7384,
            622.7384,
            622.7384999999999,
            622.7384999999999,
            622.7381,
            622.7384,
            622.7384,
            622.7384999999999,
            622.7384999999999,
            622.7384999999999,
            622.7384999999999,
            622.7384999999999,
            622.7385099999999,
            622.7385099999999,
            622.7384999999999,
            622.7384999999999,
            622.7384999999999,
            622.7384999999999,
            622.7387,
            622.7384999999999,
            622.7384999999999,
            622.7384999999999,
            622.7384999999999,
            622.7386999999999,
            622.7388,
            622.7388,
            622.7386999999999,
            622.7384,
            622.7384,
            622.7384629999999,
            622.7384629999999,
            622.73849,
            622.73849,
            622.73849,
            622.73849,
            622.7387799999999,
            622.7387799999999,
            622.73888,
            622.7384199999999,
            622.7384099999999,
            622.7384099999999,
            622.7384099999999,
            622.738433,
            622.738433,
            622.73847,
            622.73847,
            622.7384,
            622.738395,
            622.738395,
            622.738395,
            622.7384,
            622.7384,
            622.7384,
            622.7384999999999,
            622.7384999999999,
            622.7382,
            622.7382,
            840.0,
            840.0
        ],
        [
            531.7312,
            531.7312,
            0.0,
            362.494,
            362.494,
            402.26160000000004,
            402.26162,
            402.26162,
            622.739,
            622.739,
            622.7391,
            622.7391,
            622.7387,
            622.739,
            622.739,
            622.7391,
            622.7391,
            622.7391,
            622.7391,
            622.7391,
            622.73911,
            622.73911,
            622.7391,
            622.7391,
            622.7391,
            622.7391,
            622.7393,
            622.7391,
            622.7391,
            622.7391,
            622.7391,
            622.7393,
            622.7393999999999,
            622.7393999999999,
            622.7393,
            622.739,
            622.739,
            622.739063,
            622.739063,
            622.73909,
            622.73909,
            622.73909,
            622.73909,
            622.73938,
            622.73938,
            622.73948,
            622.73902,
            622.73901,
            622.73901,
            622.73901,
            622.7390330000001,
            622.7390330000001,
            622.73907,
            622.73907,
            622.739,
            622.7389949999999,
            622.7389949999999,
            622.7389949999999,
            622.739,
            622.739,
            622.739,
            622.7391,
            622.7391,
            622.7388,
            622.7388,
            840.0006,
            840.0006
        ],
        [
            531.7312,
            531.7312,
            362.494,
            0.0,
            204.958,
            402.26160000000004,
            402.26162,
            402.26162,
            622.739,
            622.739,
            622.7391,
            622.7391,
            622.7387,
            622.739,
            622.739,
            622.7391,
            622.7391,
            622.7391,
            622.7391,
            622.7391,
            622.73911,
            622.73911,
            622.7391,
            622.7391,
            622.7391,
            622.7391,
            622.7393,
            622.7391,
            622.7391,
            622.7391,
            622.7391,
            622.7393,
            622.7393999999999,
            622.7393999999999,
            622.7393,
            622.739,
            622.739,
            622.739063,
            622.739063,
            622.73909,
            622.73909,
            622.73909,
            622.73909,
            622.73938,
            622.73938,
            622.73948,
            622.73902,
            622.73901,
            622.73901,
            622.73901,
            622.7390330000001,
            622.7390330000001,
            622.73907,
            622.73907,
            622.739,
            622.7389949999999,
            622.7389949999999,
            622.7389949999999,
            622.739,
            622.739,
            622.739,
            622.7391,
            622.7391,
            622.7388,
            622.7388,
            840.0006,
            840.0006
        ],
        [
            531.7312,
            531.7312,
            362.494,
            204.958,
            0.0,
            402.26160000000004,
            402.26162,
            402.26162,
            622.739,
            622.739,
            622.7391,
            622.7391,
            622.7387,
            622.739,
            622.739,
            622.7391,
            622.7391,
            622.7391,
            622.7391,
            622.7391,
            622.73911,
            622.73911,
            622.7391,
            622.7391,
            622.7391,
            622.7391,
            622.7393,
            622.7391,
            622.7391,
            622.7391,
            622.7391,
            622.7393,
            622.7393999999999,
            622.7393999999999,
            622.7393,
            622.739,
            622.739,
            622.739063,
            622.739063,
            622.73909,
            622.73909,
            622.73909,
            622.73909,
            622.73938,
            622.73938,
            622.73948,
            622.73902,
            622.73901,
            622.73901,
            622.73901,
            622.7390330000001,
            622.7390330000001,
            622.73907,
            622.73907,
            622.739,
            622.7389949999999,
            622.7389949999999,
            622.7389949999999,
            622.739,
            622.739,
            622.739,
            622.7391,
            622.7391,
            622.7388,
            622.7388,
            840.0006,
            840.0006
        ],
        [
            531.7308,
            531.7308,
            402.26160000000004,
            402.26160000000004,
            402.26160000000004,
            0.0,
            107.11722,
            107.11722,
            622.7385999999999,
            622.7385999999999,
            622.7387,
            622.7387,
            622.7383,
            622.7386,
            622.7386,
            622.7387,
            622.7387,
            622.7387,
            622.7387,
            622.7387,
            622.73871,
            622.73871,
            622.7387,
            622.7387,
            622.7387,
            622.7387,
            622.7389000000001,
            622.7387,
            622.7387,
            622.7387,
            622.7387,
            622.7389,
            622.739,
            622.739,
            622.7389,
            622.7385999999999,
            622.7385999999999,
            622.738663,
            622.738663,
            622.7386899999999,
            622.7386899999999,
            622.7386899999999,
            622.7386899999999,
            622.73898,
            622.73898,
            622.7390800000001,
            622.73862,
            622.73861,
            622.73861,
            622.73861,
            622.7386329999999,
            622.7386329999999,
            622.73867,
            622.73867,
            622.7385999999999,
            622.738595,
            622.738595,
            622.738595,
            622.7385999999999,
            622.7385999999999,
            622.7385999999999,
            622.7387,
            622.7387,
            622.7384,
            622.7384,
            840.0002,
            840.0002
        ],
        [
            531.73082,
            531.73082,
            402.26162,
            402.26162,
            402.26162,
            107.11722,
            0.0,
            92.5728,
            622.73862,
            622.73862,
            622.7387200000001,
            622.7387200000001,
            622.7383199999999,
            622.7386200000001,
            622.7386200000001,
            622.7387200000001,
            622.7387200000001,
            622.7387200000001,
            622.7387200000001,
            622.7387200000001,
            622.73873,
            622.73873,
            622.7387200000001,
            622.7387200000001,
            622.7387200000001,
            622.7387200000001,
            622.73892,
            622.7387200000001,
            622.7387200000001,
            622.7387200000001,
            622.7387200000001,
            622.73892,
            622.73902,
            622.73902,
            622.73892,
            622.73862,
            622.73862,
            622.738683,
            622.738683,
            622.73871,
            622.73871,
            622.73871,
            622.73871,
            622.739,
            622.739,
            622.7391,
            622.73864,
            622.7386300000001,
            622.7386300000001,
            622.7386300000001,
            622.738653,
            622.738653,
            622.7386899999999,
            622.7386899999999,
            622.73862,
            622.738615,
            622.738615,
            622.738615,
            622.73862,
            622.73862,
            622.73862,
            622.7387200000001,
            622.7387200000001,
            622.7384199999999,
            622.7384199999999,
            840.00022,
            840.00022
        ],
        [
            531.73082,
            531.73082,
            402.26162,
            402.26162,
            402.26162,
            107.11722,
            92.5728,
            0.0,
            622.73862,
            622.73862,
            622.7387200000001,
            622.7387200000001,
            622.7383199999999,
            622.7386200000001,
            622.7386200000001,
            622.7387200000001,
            622.7387200000001,
            622.7387200000001,
            622.7387200000001,
            622.7387200000001,
            622.73873,
            622.73873,
            622.7387200000001,
            622.7387200000001,
            622.7387200000001,
            622.7387200000001,
            622.73892,
            622.7387200000001,
            622.7387200000001,
            622.7387200000001,
            622.7387200000001,
            622.73892,
            622.73902,
            622.73902,
            622.73892,
            622.73862,
            622.73862,
            622.738683,
            622.738683,
            622.73871,
            622.73871,
            622.73871,
            622.73871,
            622.739,
            622.739,
            622.7391,
            622.73864,
            622.7386300000001,
            622.7386300000001,
            622.7386300000001,
            622.738653,
            622.738653,
            622.7386899999999,
            622.7386899999999,
            622.73862,
            622.738615,
            622.738615,
            622.738615,
            622.73862,
            622.73862,
            622.73862,
            622.7387200000001,
            622.7387200000001,
            622.7384199999999,
            622.7384199999999,
            840.00022,
            840.00022
        ],
        [
            622.7384,
            622.7384,
            622.739,
            622.739,
            622.739,
            622.7385999999999,
            622.73862,
            622.73862,
            0.0,
            36.5174,
            531.6575,
            531.6575,
            531.6570999999999,
            531.6574,
            531.6574,
            531.6575,
            531.6575,
            531.6575,
            531.6575,
            531.6575,
            531.65751,
            531.65751,
            531.6575,
            531.6575,
            531.6575,
            531.6575,
            531.6577,
            531.6575,
            531.6575,
            531.6575,
            531.6575,
            581.8731,
            581.8732,
            581.8732,
            581.8731,
            581.8728,
            581.8728,
            581.872863,
            581.872863,
            581.87289,
            581.87289,
            581.87289,
            581.87289,
            581.87318,
            581.87318,
            581.87328,
            581.87282,
            581.8728100000001,
            581.8728100000001,
            581.8728100000001,
            581.872833,
            581.872833,
            581.8728699999999,
            581.8728699999999,
            581.8728,
            581.872795,
            581.872795,
            581.872795,
            581.8728,
            581.8728,
            581.8728,
            581.8729000000001,
            581.8729000000001,
            581.8725999999999,
            581.8725999999999,
            840.0004,
            840.0004
        ],
        [
            622.7384,
            622.7384,
            622.739,
            622.739,
            622.739,
            622.7385999999999,
            622.73862,
            622.73862,
            36.5174,
            0.0,
            531.6575,
            531.6575,
            531.6570999999999,
            531.6574,
            531.6574,
            531.6575,
            531.6575,
            531.6575,
            531.6575,
            531.6575,
            531.65751,
            531.65751,
            531.6575,
            531.6575,
            531.6575,
            531.6575,
            531.6577,
            531.6575,
            531.6575,
            531.6575,
            531.6575,
            581.8731,
            581.8732,
            581.8732,
            581.8731,
            581.8728,
            581.8728,
            581.872863,
            581.872863,
            581.87289,
            581.87289,
            581.87289,
            581.87289,
            581.87318,
            581.87318,
            581.87328,
            581.87282,
            581.8728100000001,
            581.8728100000001,
            581.8728100000001,
            581.872833,
            581.872833,
            581.8728699999999,
            581.8728699999999,
            581.8728,
            581.872795,
            581.872795,
            581.872795,
            581.8728,
            581.8728,
            581.8728,
            581.8729000000001,
            581.8729000000001,
            581.8725999999999,
            581.8725999999999,
            840.0004,
            840.0004
        ],
        [
            622.7384999999999,
            622.7384999999999,
            622.7391,
            622.7391,
            622.7391,
            622.7387,
            622.7387200000001,
            622.7387200000001,
            531.6575,
            531.6575,
            0.0,
            183.315,
            357.8266,
            357.8269,
            357.8269,
            357.827,
            357.827,
            357.827,
            357.827,
            357.827,
            357.82701,
            357.82701,
            357.827,
            357.827,
            357.827,
            357.827,
            440.0436,
            440.0434,
            440.0434,
            440.0434,
            440.0434,
            581.8732,
            581.8733,
            581.8733,
            581.8732,
            581.8729000000001,
            581.8729000000001,
            581.872963,
            581.872963,
            581.8729900000001,
            581.8729900000001,
            581.8729900000001,
            581.8729900000001,
            581.87328,
            581.87328,
            581.87338,
            581.87292,
            581.87291,
            581.87291,
            581.87291,
            581.8729330000001,
            581.8729330000001,
            581.87297,
            581.87297,
            581.8729000000001,
            581.872895,
            581.872895,
            581.872895,
            581.8729000000001,
            581.8729000000001,
            581.8729000000001,
            581.873,
            581.873,
            581.8727,
            581.8727,
            840.0005,
            840.0005
        ],
        [
            622.7384999999999,
            622.7384999999999,
            622.7391,
            622.7391,
            622.7391,
            622.7387,
            622.7387200000001,
            622.7387200000001,
            531.6575,
            531.6575,
            183.315,
            0.0,
            357.8266,
            357.8269,
            357.8269,
            357.827,
            357.827,
            357.827,
            357.827,
            357.827,
            357.82701,
            357.82701,
            357.827,
            357.827,
            357.827,
            357.827,
            440.0436,
            440.0434,
            440.0434,
            440.0434,
            440.0434,
            581.8732,
            581.8733,
            581.8733,
            581.8732,
            581.8729000000001,
            581.8729000000001,
            581.872963,
            581.872963,
            581.8729900000001,
            581.8729900000001,
            581.8729900000001,
            581.8729900000001,
            581.87328,
            581.87328,
            581.87338,
            581.87292,
            581.87291,
            581.87291,
            581.87291,
            581.8729330000001,
            581.8729330000001,
            581.87297,
            581.87297,
            581.8729000000001,
            581.872895,
            581.872895,
            581.872895,
            581.8729000000001,
            581.8729000000001,
            581.8729000000001,
            581.873,
            581.873,
            581.8727,
            581.8727,
            840.0005,
            840.0005
        ],
        [
            622.7381,
            622.7381,
            622.7387,
            622.7387,
            622.7387,
            622.7383,
            622.7383199999999,
            622.7383199999999,
            531.6570999999999,
            531.6570999999999,
            357.8266,
            357.8266,
            0.0,
            202.5243,
            202.5243,
            306.2712,
            306.2712,
            306.2712,
            306.2712,
            306.2712,
            306.27121,
            306.27121,
            306.2712,
            306.2712,
            334.4836,
            334.4836,
            440.0432,
            440.043,
            440.043,
            440.043,
            440.043,
            581.8728,
            581.8729000000001,
            581.8729000000001,
            581.8728,
            581.8725,
            581.8725,
            581.872563,
            581.872563,
            581.87259,
            581.87259,
            581.87259,
            581.87259,
            581.87288,
            581.87288,
            581.8729800000001,
            581.87252,
            581.87251,
            581.87251,
            581.87251,
            581.872533,
            581.872533,
            581.87257,
            581.87257,
            581.8725,
            581.8724950000001,
            581.8724950000001,
            581.8724950000001,
            581.8725,
            581.8725,
            581.8725,
            581.8726,
            581.8726,
            581.8723,
            581.8723,
            840.0001,
            840.0001
        ],
        [
            622.7384,
            622.7384,
            622.739,
            622.739,
            622.739,
            622.7386,
            622.7386200000001,
            622.7386200000001,
            531.6574,
            531.6574,
            357.8269,
            357.8269,
            202.5243,
            0.0,
            153.4428,
            306.27150000000006,
            306.27150000000006,
            306.27150000000006,
            306.27150000000006,
            306.27150000000006,
            306.27151000000003,
            306.27151000000003,
            306.27150000000006,
            306.27150000000006,
            334.4839,
            334.4839,
            440.04350000000005,
            440.04330000000004,
            440.04330000000004,
            440.04330000000004,
            440.04330000000004,
            581.8731,
            581.8732,
            581.8732,
            581.8731,
            581.8728000000001,
            581.8728000000001,
            581.872863,
            581.872863,
            581.8728900000001,
            581.8728900000001,
            581.8728900000001,
            581.8728900000001,
            581.87318,
            581.87318,
            581.87328,
            581.87282,
            581.8728100000001,
            581.8728100000001,
            581.8728100000001,
            581.8728330000001,
            581.8728330000001,
            581.87287,
            581.87287,
            581.8728000000001,
            581.872795,
            581.872795,
            581.872795,
            581.8728000000001,
            581.8728000000001,
            581.8728000000001,
            581.8729000000001,
            581.8729000000001,
            581.8726,
            581.8726,
            840.0004,
            840.0004
        ],
        [
            622.7384,
            622.7384,
            622.739,
            622.739,
            622.739,
            622.7386,
            622.7386200000001,
            622.7386200000001,
            531.6574,
            531.6574,
            357.8269,
            357.8269,
            202.5243,
            153.4428,
            0.0,
            306.27150000000006,
            306.27150000000006,
            306.27150000000006,
            306.27150000000006,
            306.27150000000006,
            306.27151000000003,
            306.27151000000003,
            306.27150000000006,
            306.27150000000006,
            334.4839,
            334.4839,
            440.04350000000005,
            440.04330000000004,
            440.04330000000004,
            440.04330000000004,
            440.04330000000004,
            581.8731,
            581.8732,
            581.8732,
            581.8731,
            581.8728000000001,
            581.8728000000001,
            581.872863,
            581.872863,
            581.8728900000001,
            581.8728900000001,
            581.8728900000001,
            581.8728900000001,
            581.87318,
            581.87318,
            581.87328,
            581.87282,
            581.8728100000001,
            581.8728100000001,
            581.8728100000001,
            581.8728330000001,
            581.8728330000001,
            581.87287,
            581.87287,
            581.8728000000001,
            581.872795,
            581.872795,
            581.872795,
            581.8728000000001,
            581.8728000000001,
            581.8728000000001,
            581.8729000000001,
            581.8729000000001,
            581.8726,
            581.8726,
            840.0004,
            840.0004
        ],
        [
            622.7384999999999,
            622.7384999999999,
            622.7391,
            622.7391,
            622.7391,
            622.7387,
            622.7387200000001,
            622.7387200000001,
            531.6575,
            531.6575,
            357.827,
            357.827,
            306.2712,
            306.27150000000006,
            306.27150000000006,
            0.0,
            135.7912,
            135.7912,
            235.64300000000003,
            235.64300000000003,
            235.64301,
            235.64301,
            235.643,
            235.643,
            334.48400000000004,
            334.48400000000004,
            440.0436,
            440.0434,
            440.0434,
            440.0434,
            440.0434,
            581.8732,
            581.8733,
            581.8733,
            581.8732,
            581.8729000000001,
            581.8729000000001,
            581.872963,
            581.872963,
            581.8729900000001,
            581.8729900000001,
            581.8729900000001,
            581.8729900000001,
            581.87328,
            581.87328,
            581.87338,
            581.87292,
            581.87291,
            581.87291,
            581.87291,
            581.8729330000001,
            581.8729330000001,
            581.87297,
            581.87297,
            581.8729000000001,
            581.872895,
            581.872895,
            581.872895,
            581.8729000000001,
            581.8729000000001,
            581.8729000000001,
            581.873,
            581.873,
            581.8727,
            581.8727,
            840.0005,
            840.0005
        ],
        [
            622.7384999999999,
            622.7384999999999,
            622.7391,
            622.7391,
            622.7391,
            622.7387,
            622.7387200000001,
            622.7387200000001,
            531.6575,
            531.6575,
            357.827,
            357.827,
            306.2712,
            306.27150000000006,
            306.27150000000006,
            135.7912,
            0.0,
            29.2554,
            235.64300000000003,
            235.64300000000003,
            235.64301,
            235.64301,
            235.643,
            235.643,
            334.48400000000004,
            334.48400000000004,
            440.0436,
            440.0434,
            440.0434,
            440.0434,
            440.0434,
            581.8732,
            581.8733,
            581.8733,
            581.8732,
            581.8729000000001,
            581.8729000000001,
            581.872963,
            581.872963,
            581.8729900000001,
            581.8729900000001,
            581.8729900000001,
            581.8729900000001,
            581.87328,
            581.87328,
            581.87338,
            581.87292,
            581.87291,
            581.87291,
            581.87291,
            581.8729330000001,
            581.8729330000001,
            581.87297,
            581.87297,
            581.8729000000001,
            581.872895,
            581.872895,
            581.872895,
            581.8729000000001,
            581.8729000000001,
            581.8729000000001,
            581.873,
            581.873,
            581.8727,
            581.8727,
            840.0005,
            840.0005
        ],
        [
            622.7384999999999,
            622.7384999999999,
            622.7391,
            622.7391,
            622.7391,
            622.7387,
            622.7387200000001,
            622.7387200000001,
            531.6575,
            531.6575,
            357.827,
            357.827,
            306.2712,
            306.27150000000006,
            306.27150000000006,
            135.7912,
            29.2554,
            0.0,
            235.64300000000003,
            235.64300000000003,
            235.64301,
            235.64301,
            235.643,
            235.643,
            334.48400000000004,
            334.48400000000004,
            440.0436,
            440.0434,
            440.0434,
            440.0434,
            440.0434,
            581.8732,
            581.8733,
            581.8733,
            581.8732,
            581.8729000000001,
            581.8729000000001,
            581.872963,
            581.872963,
            581.8729900000001,
            581.8729900000001,
            581.8729900000001,
            581.8729900000001,
            581.87328,
            581.87328,
            581.87338,
            581.87292,
            581.87291,
            581.87291,
            581.87291,
            581.8729330000001,
            581.8729330000001,
            581.87297,
            581.87297,
            581.8729000000001,
            581.872895,
            581.872895,
            581.872895,
            581.8729000000001,
            581.8729000000001,
            581.8729000000001,
            581.873,
            581.873,
            581.8727,
            581.8727,
            840.0005,
            840.0005
        ],
        [
            622.7384999999999,
            622.7384999999999,
            622.7391,
            622.7391,
            622.7391,
            622.7387,
            622.7387200000001,
            622.7387200000001,
            531.6575,
            531.6575,
            357.827,
            357.827,
            306.2712,
            306.27150000000006,
            306.27150000000006,
            235.64300000000003,
            235.64300000000003,
            235.64300000000003,
            0.0,
            174.2744,
            174.27441,
            174.27441,
            201.75420000000003,
            201.75420000000003,
            334.48400000000004,
            334.48400000000004,
            440.0436,
            440.0434,
            440.0434,
            440.0434,
            440.0434,
            581.8732,
            581.8733,
            581.8733,
            581.8732,
            581.8729000000001,
            581.8729000000001,
            581.872963,
            581.872963,
            581.8729900000001,
            581.8729900000001,
            581.8729900000001,
            581.8729900000001,
            581.87328,
            581.87328,
            581.87338,
            581.87292,
            581.87291,
            581.87291,
            581.87291,
            581.8729330000001,
            581.8729330000001,
            581.87297,
            581.87297,
            581.8729000000001,
            581.872895,
            581.872895,
            581.872895,
            581.8729000000001,
            581.8729000000001,
            581.8729000000001,
            581.873,
            581.873,
            581.8727,
            581.8727,
            840.0005,
            840.0005
        ],
        [
            622.7384999999999,
            622.7384999999999,
            622.7391,
            622.7391,
            622.7391,
            622.7387,
            622.7387200000001,
            622.7387200000001,
            531.6575,
            531.6575,
            357.827,
            357.827,
            306.2712,
            306.27150000000006,
            306.27150000000006,
            235.64300000000003,
            235.64300000000003,
            235.64300000000003,
            174.2744,
            0.0,
            104.86180999999999,
            104.86180999999999,
            201.75420000000003,
            201.75420000000003,
            334.48400000000004,
            334.48400000000004,
            440.0436,
            440.0434,
            440.0434,
            440.0434,
            440.0434,
            581.8732,
            581.8733,
            581.8733,
            581.8732,
            581.8729000000001,
            581.8729000000001,
            581.872963,
            581.872963,
            581.8729900000001,
            581.8729900000001,
            581.8729900000001,
            581.8729900000001,
            581.87328,
            581.87328,
            581.87338,
            581.87292,
            581.87291,
            581.87291,
            581.87291,
            581.8729330000001,
            581.8729330000001,
            581.87297,
            581.87297,
            581.8729000000001,
            581.872895,
            581.872895,
            581.872895,
            581.8729000000001,
            581.8729000000001,
            581.8729000000001,
            581.873,
            581.873,
            581.8727,
            581.8727,
            840.0005,
            840.0005
        ],
        [
            622.7385099999999,
            622.7385099999999,
            622.73911,
            622.73911,
            622.73911,
            622.73871,
            622.73873,
            622.73873,
            531.65751,
            531.65751,
            357.82701,
            357.82701,
            306.27121,
            306.27151000000003,
            306.27151000000003,
            235.64301,
            235.64301,
            235.64301,
            174.27441,
            104.86180999999999,
            0.0,
            6.24842,
            201.75421,
            201.75421,
            334.48401,
            334.48401,
            440.04361,
            440.04341,
            440.04341,
            440.04341,
            440.04341,
            581.87321,
            581.87331,
            581.87331,
            581.87321,
            581.87291,
            581.87291,
            581.872973,
            581.872973,
            581.873,
            581.873,
            581.873,
            581.873,
            581.87329,
            581.87329,
            581.87339,
            581.87293,
            581.87292,
            581.87292,
            581.87292,
            581.8729430000001,
            581.8729430000001,
            581.87298,
            581.87298,
            581.87291,
            581.872905,
            581.872905,
            581.872905,
            581.87291,
            581.87291,
            581.87291,
            581.87301,
            581.87301,
            581.87271,
            581.87271,
            840.00051,
            840.00051
        ],
        [
            622.7385099999999,
            622.7385099999999,
            622.73911,
            622.73911,
            622.73911,
            622.73871,
            622.73873,
            622.73873,
            531.65751,
            531.65751,
            357.82701,
            357.82701,
            306.27121,
            306.27151000000003,
            306.27151000000003,
            235.64301,
            235.64301,
            235.64301,
            174.27441,
            104.86180999999999,
            6.24842,
            0.0,
            201.75421,
            201.75421,
            334.48401,
            334.48401,
            440.04361,
            440.04341,
            440.04341,
            440.04341,
            440.04341,
            581.87321,
            581.87331,
            581.87331,
            581.87321,
            581.87291,
            581.87291,
            581.872973,
            581.872973,
            581.873,
            581.873,
            581.873,
            581.873,
            581.87329,
            581.87329,
            581.87339,
            581.87293,
            581.87292,
            581.87292,
            581.87292,
            581.8729430000001,
            581.8729430000001,
            581.87298,
            581.87298,
            581.87291,
            581.872905,
            581.872905,
            581.872905,
            581.87291,
            581.87291,
            581.87291,
            581.87301,
            581.87301,
            581.87271,
            581.87271,
            840.00051,
            840.00051
        ],
        [
            622.7384999999999,
            622.7384999999999,
            622.7391,
            622.7391,
            622.7391,
            622.7387,
            622.7387200000001,
            622.7387200000001,
            531.6575,
            531.6575,
            357.827,
            357.827,
            306.2712,
            306.27150000000006,
            306.27150000000006,
            235.643,
            235.643,
            235.643,
            201.75420000000003,
            201.75420000000003,
            201.75421,
            201.75421,
            0.0,
            54.6026,
            334.48400000000004,
            334.48400000000004,
            440.0436,
            440.0434,
            440.0434,
            440.0434,
            440.0434,
            581.8732,
            581.8733,
            581.8733,
            581.8732,
            581.8729000000001,
            581.8729000000001,
            581.872963,
            581.872963,
            581.8729900000001,
            581.8729900000001,
            581.8729900000001,
            581.8729900000001,
            581.87328,
            581.87328,
            581.87338,
            581.87292,
            581.87291,
            581.87291,
            581.87291,
            581.8729330000001,
            581.8729330000001,
            581.87297,
            581.87297,
            581.8729000000001,
            581.872895,
            581.872895,
            581.872895,
