{
    "NEXUS_FILE_URL": "http://purl.org/phylo/treebase/phylows/study/TB2:S12410",
    "NEWICK_TREE": "(1:76.62954584546502,(2:60.02026310089599,(3:49.23224762007837,((4:20.932025363358612,(5:12.810795357376449,6:12.810795357376492):8.121230005982206):9.513001041287595,((((((7:10.703227982101538,8:10.703227982101545):2.5694358218049658,((9:1.516385830988483,(10:0.6898671996178862,(11:0.2982865398443266,12:0.2982865398443266):0.3915806597735596):0.8265186313705968):5.478243582351112,(13:2.0541819366574927,14:2.0541819366574927):4.9404474766821025):6.278034390567008):2.5509591992693927,15:15.823623003175598):2.591090406044998,(((16:10.263849130558597,17:10.263849130558597):5.920080684204805,18:16.183929814763005):0.5928338186633901,(19:14.092767485812338,(20:12.11249023867921,(21:0.7721614675857893,22:0.7721614675857893):11.340328771093393):1.9802772471331558):2.6839961476142555):1.6379497757942012):3.5939362883323156,(((23:10.90047668296991,((24:5.1143484017371605,25:5.1143484017371605):1.9889317826878425,26:7.103280184425003):3.7971964985450057):3.3866290770341934,((27:0.3732713342703988,28:0.3732713342703988):8.988785058167093,(29:3.6463744261345923,30:3.6463744261345923):5.715681966302899):4.925049367566711):4.379613489535799,31:18.666719249539604):3.341930448013308):2.4790168121744856,((32:1.8180292261738344,33:1.8180292261738344):6.162183225909146,34:7.980212452082995):16.5074540576448):5.957359894918511):18.787221215432076):10.78801548081762):16.609282744569);",
    "DISTANCE_MATRIX": [
        [
            0.0,
            153.25909169093,
            153.25909169093,
            153.25909169092992,
            153.25909169092995,
            153.25909169093,
            153.25909169092992,
            153.25909169092995,
            153.25909169093,
            153.25909169093,
            153.25909169093,
            153.25909169093,
            153.25909169093,
            153.25909169093,
            153.2590916909296,
            153.25909169093,
            153.25909169093,
            153.2590916909296,
            153.25909169092984,
            153.25909169092984,
            153.25909169092984,
            153.25909169092984,
            153.25909169092992,
            153.25909169093,
            153.25909169093,
            153.25909169093,
            153.25909169093,
            153.25909169093,
            153.25909169093,
            153.25909169093,
            153.2590916909296,
            153.25909169093,
            153.25909169093,
            153.25909169093
        ],
        [
            153.25909169093,
            0.0,
            120.04052620179198,
            120.04052620179189,
            120.04052620179193,
            120.04052620179198,
            120.04052620179189,
            120.04052620179189,
            120.04052620179199,
            120.04052620179199,
            120.04052620179199,
            120.04052620179199,
            120.04052620179199,
            120.04052620179199,
            120.0405262017916,
            120.04052620179199,
            120.04052620179199,
            120.0405262017916,
            120.04052620179179,
            120.04052620179182,
            120.04052620179179,
            120.04052620179179,
            120.04052620179189,
            120.04052620179199,
            120.04052620179199,
            120.04052620179199,
            120.04052620179199,
            120.04052620179199,
            120.04052620179199,
            120.04052620179199,
            120.0405262017916,
            120.04052620179198,
            120.04052620179198,
            120.04052620179199
        ],
        [
            153.25909169093,
            120.04052620179198,
            0.0,
            98.46449524015665,
            98.4644952401567,
            98.46449524015674,
            98.46449524015665,
            98.46449524015665,
            98.46449524015675,
            98.46449524015675,
            98.46449524015675,
            98.46449524015675,
            98.46449524015675,
            98.46449524015675,
            98.46449524015635,
            98.46449524015675,
            98.46449524015675,
            98.46449524015635,
            98.46449524015655,
            98.46449524015658,
            98.46449524015655,
            98.46449524015655,
            98.46449524015665,
            98.46449524015675,
            98.46449524015675,
            98.46449524015675,
            98.46449524015675,
            98.46449524015675,
            98.46449524015675,
            98.46449524015675,
            98.46449524015635,
            98.46449524015674,
            98.46449524015674,
            98.46449524015675
        ],
        [
            153.25909169092992,
            120.04052620179189,
            98.46449524015665,
            0.0,
            41.86405072671727,
            41.86405072671731,
            60.89005280929241,
            60.89005280929242,
            60.89005280929251,
            60.89005280929251,
            60.89005280929251,
            60.89005280929251,
            60.89005280929251,
            60.89005280929251,
            60.890052809292115,
            60.89005280929251,
            60.89005280929251,
            60.890052809292115,
            60.890052809292314,
            60.89005280929234,
            60.890052809292314,
            60.890052809292314,
            60.89005280929241,
            60.89005280929251,
            60.89005280929251,
            60.89005280929251,
            60.89005280929251,
            60.89005280929251,
            60.89005280929251,
            60.89005280929251,
            60.890052809292115,
            60.8900528092925,
            60.8900528092925,
            60.89005280929251
        ],
        [
            153.25909169092995,
            120.04052620179193,
            98.4644952401567,
            41.86405072671727,
            0.0,
            25.62159071475294,
            60.890052809292456,
            60.89005280929246,
            60.890052809292555,
            60.890052809292555,
            60.890052809292555,
            60.890052809292555,
            60.890052809292555,
            60.890052809292555,
            60.89005280929216,
            60.890052809292555,
            60.890052809292555,
            60.89005280929216,
            60.89005280929236,
            60.890052809292385,
            60.89005280929236,
            60.89005280929236,
            60.890052809292456,
            60.890052809292555,
            60.890052809292555,
            60.890052809292555,
            60.890052809292555,
            60.890052809292555,
            60.890052809292555,
            60.890052809292555,
            60.89005280929216,
            60.89005280929254,
            60.89005280929254,
            60.890052809292555
        ],
        [
            153.25909169093,
            120.04052620179198,
            98.46449524015674,
            41.86405072671731,
            25.62159071475294,
            0.0,
            60.8900528092925,
            60.890052809292506,
            60.8900528092926,
            60.8900528092926,
            60.8900528092926,
            60.8900528092926,
            60.8900528092926,
            60.8900528092926,
            60.8900528092922,
            60.8900528092926,
            60.8900528092926,
            60.8900528092922,
            60.8900528092924,
            60.89005280929243,
            60.8900528092924,
            60.8900528092924,
            60.8900528092925,
            60.8900528092926,
            60.8900528092926,
            60.8900528092926,
            60.8900528092926,
            60.8900528092926,
            60.8900528092926,
            60.8900528092926,
            60.8900528092922,
            60.890052809292584,
            60.890052809292584,
            60.8900528092926
        ],
        [
            153.25909169092992,
            120.04052620179189,
            98.46449524015665,
            60.89005280929241,
            60.890052809292456,
            60.8900528092925,
            0.0,
            21.406455964203083,
            26.545327607813107,
            26.545327607813107,
            26.545327607813107,
            26.545327607813107,
            26.545327607813107,
            26.545327607813107,
            31.647246006351494,
            36.82942681844189,
            36.82942681844189,
            36.82942681844149,
            36.82942681844169,
            36.82942681844172,
            36.82942681844169,
            36.82942681844169,
            44.01729939510642,
            44.01729939510652,
            44.01729939510652,
            44.01729939510652,
            44.01729939510652,
            44.01729939510652,
            44.01729939510652,
            44.01729939510652,
            44.01729939510612,
            48.975333019455476,
            48.975333019455476,
            48.97533301945549
        ],
        [
            153.25909169092995,
            120.04052620179189,
            98.46449524015665,
            60.89005280929242,
            60.89005280929246,
            60.890052809292506,
            21.406455964203083,
            0.0,
            26.545327607813114,
            26.545327607813114,
            26.545327607813114,
            26.545327607813114,
            26.545327607813114,
            26.545327607813114,
            31.6472460063515,
            36.829426818441895,
            36.829426818441895,
            36.8294268184415,
            36.829426818441696,
            36.829426818441725,
            36.829426818441696,
            36.829426818441696,
            44.01729939510643,
            44.01729939510653,
            44.01729939510653,
            44.01729939510653,
            44.01729939510653,
            44.01729939510653,
            44.01729939510653,
            44.01729939510653,
            44.01729939510613,
            48.97533301945548,
            48.97533301945548,
            48.9753330194555
        ],
        [
            153.25909169093,
            120.04052620179199,
            98.46449524015675,
            60.89005280929251,
            60.890052809292555,
            60.8900528092926,
            26.545327607813107,
            26.545327607813114,
            0.0,
            3.032771661976966,
            3.032771661976966,
            3.032771661976966,
            13.98925882667919,
            13.98925882667919,
            31.647246006351594,
            36.82942681844199,
            36.82942681844199,
            36.82942681844159,
            36.82942681844179,
            36.82942681844182,
            36.82942681844179,
            36.82942681844179,
            44.01729939510652,
            44.01729939510662,
            44.01729939510662,
            44.01729939510662,
            44.01729939510662,
            44.01729939510662,
            44.01729939510662,
            44.01729939510662,
            44.01729939510622,
            48.975333019455576,
            48.975333019455576,
            48.97533301945559
        ],
        [
            153.25909169093,
            120.04052620179199,
            98.46449524015675,
            60.89005280929251,
            60.890052809292555,
            60.8900528092926,
            26.545327607813107,
            26.545327607813114,
            3.032771661976966,
            0.0,
            1.3797343992357725,
            1.3797343992357725,
            13.98925882667919,
            13.98925882667919,
            31.647246006351594,
            36.82942681844199,
            36.82942681844199,
            36.82942681844159,
            36.82942681844179,
            36.82942681844182,
            36.82942681844179,
            36.82942681844179,
            44.01729939510652,
            44.01729939510662,
            44.01729939510662,
            44.01729939510662,
            44.01729939510662,
            44.01729939510662,
            44.01729939510662,
            44.01729939510662,
            44.01729939510622,
            48.975333019455576,
            48.975333019455576,
            48.97533301945559
        ],
        [
            153.25909169093,
            120.04052620179199,
            98.46449524015675,
            60.89005280929251,
            60.890052809292555,
            60.8900528092926,
            26.545327607813107,
            26.545327607813114,
            3.032771661976966,
            1.3797343992357725,
            0.0,
            0.5965730796886533,
            13.98925882667919,
            13.98925882667919,
            31.647246006351594,
            36.82942681844199,
            36.82942681844199,
            36.82942681844159,
            36.82942681844179,
            36.82942681844182,
            36.82942681844179,
            36.82942681844179,
            44.01729939510652,
            44.01729939510662,
            44.01729939510662,
            44.01729939510662,
            44.01729939510662,
            44.01729939510662,
            44.01729939510662,
            44.01729939510662,
            44.01729939510622,
            48.975333019455576,
            48.975333019455576,
            48.97533301945559
        ],
        [
            153.25909169093,
            120.04052620179199,
            98.46449524015675,
            60.89005280929251,
            60.890052809292555,
            60.8900528092926,
            26.545327607813107,
            26.545327607813114,
            3.032771661976966,
            1.3797343992357725,
            0.5965730796886533,
            0.0,
            13.98925882667919,
            13.98925882667919,
            31.647246006351594,
            36.82942681844199,
            36.82942681844199,
            36.82942681844159,
            36.82942681844179,
            36.82942681844182,
            36.82942681844179,
            36.82942681844179,
            44.01729939510652,
            44.01729939510662,
            44.01729939510662,
            44.01729939510662,
            44.01729939510662,
            44.01729939510662,
            44.01729939510662,
            44.01729939510662,
            44.01729939510622,
            48.975333019455576,
            48.975333019455576,
            48.97533301945559
        ],
        [
            153.25909169093,
            120.04052620179199,
            98.46449524015675,
            60.89005280929251,
            60.890052809292555,
            60.8900528092926,
            26.545327607813107,
            26.545327607813114,
            13.98925882667919,
            13.98925882667919,
            13.98925882667919,
            13.98925882667919,
            0.0,
            4.108363873314985,
            31.647246006351594,
            36.82942681844199,
            36.82942681844199,
            36.82942681844159,
            36.82942681844179,
            36.82942681844182,
            36.82942681844179,
            36.82942681844179,
            44.01729939510652,
            44.01729939510662,
            44.01729939510662,
            44.01729939510662,
            44.01729939510662,
            44.01729939510662,
            44.01729939510662,
            44.01729939510662,
            44.01729939510622,
            48.975333019455576,
            48.975333019455576,
            48.97533301945559
        ],
        [
            153.25909169093,
            120.04052620179199,
            98.46449524015675,
            60.89005280929251,
            60.890052809292555,
            60.8900528092926,
            26.545327607813107,
            26.545327607813114,
            13.98925882667919,
            13.98925882667919,
            13.98925882667919,
            13.98925882667919,
            4.108363873314985,
            0.0,
            31.647246006351594,
            36.82942681844199,
            36.82942681844199,
            36.82942681844159,
            36.82942681844179,
            36.82942681844182,
            36.82942681844179,
            36.82942681844179,
            44.01729939510652,
            44.01729939510662,
            44.01729939510662,
            44.01729939510662,
            44.01729939510662,
            44.01729939510662,
            44.01729939510662,
            44.01729939510662,
            44.01729939510622,
            48.975333019455576,
            48.975333019455576,
            48.97533301945559
        ],
        [
            153.2590916909296,
            120.0405262017916,
            98.46449524015635,
            60.890052809292115,
            60.89005280929216,
            60.8900528092922,
            31.647246006351494,
            31.6472460063515,
            31.647246006351594,
            31.647246006351594,
            31.647246006351594,
            31.647246006351594,
            31.647246006351594,
            31.647246006351594,
            0.0,
            36.82942681844159,
            36.82942681844159,
            36.82942681844119,
            36.82942681844139,
            36.82942681844142,
            36.82942681844139,
            36.82942681844139,
            44.01729939510612,
            44.01729939510622,
            44.01729939510622,
            44.01729939510622,
            44.01729939510622,
            44.01729939510622,
            44.01729939510622,
            44.01729939510622,
            44.01729939510582,
            48.97533301945518,
            48.97533301945518,
            48.97533301945519
        ],
        [
            153.25909169093,
            120.04052620179199,
            98.46449524015675,
            60.89005280929251,
            60.890052809292555,
            60.8900528092926,
            36.82942681844189,
            36.829426818441895,
            36.82942681844199,
            36.82942681844199,
            36.82942681844199,
            36.82942681844199,
            36.82942681844199,
            36.82942681844199,
            36.82942681844159,
            0.0,
            20.527698261117195,
            32.36785962952641,
            33.553527266853386,
            33.553527266853415,
            33.553527266853386,
            33.553527266853386,
            44.01729939510652,
            44.01729939510662,
            44.01729939510662,
            44.01729939510662,
            44.01729939510662,
            44.01729939510662,
            44.01729939510662,
            44.01729939510662,
            44.01729939510622,
            48.975333019455576,
            48.975333019455576,
            48.97533301945559
        ],
        [
            153.25909169093,
            120.04052620179199,
            98.46449524015675,
            60.89005280929251,
            60.890052809292555,
            60.8900528092926,
            36.82942681844189,
            36.829426818441895,
            36.82942681844199,
            36.82942681844199,
            36.82942681844199,
            36.82942681844199,
            36.82942681844199,
            36.82942681844199,
            36.82942681844159,
            20.527698261117195,
            0.0,
            32.36785962952641,
            33.553527266853386,
            33.553527266853415,
            33.553527266853386,
            33.553527266853386,
            44.01729939510652,
            44.01729939510662,
            44.01729939510662,
            44.01729939510662,
            44.01729939510662,
            44.01729939510662,
            44.01729939510662,
            44.01729939510662,
            44.01729939510622,
            48.975333019455576,
            48.975333019455576,
            48.97533301945559
        ],
        [
            153.2590916909296,
            120.0405262017916,
            98.46449524015635,
            60.890052809292115,
            60.89005280929216,
            60.8900528092922,
            36.82942681844149,
            36.8294268184415,
            36.82942681844159,
            36.82942681844159,
            36.82942681844159,
            36.82942681844159,
            36.82942681844159,
            36.82942681844159,
            36.82942681844119,
            32.36785962952641,
            32.36785962952641,
            0.0,
            33.55352726685299,
            33.55352726685302,
            33.55352726685299,
            33.55352726685299,
            44.01729939510612,
            44.01729939510622,
            44.01729939510622,
            44.01729939510622,
            44.01729939510622,
            44.01729939510622,
            44.01729939510622,
            44.01729939510622,
            44.01729939510582,
            48.97533301945518,
            48.97533301945518,
            48.97533301945519
        ],
        [
            153.25909169092984,
            120.04052620179179,
            98.46449524015655,
            60.890052809292314,
            60.89005280929236,
            60.8900528092924,
            36.82942681844169,
            36.829426818441696,
            36.82942681844179,
            36.82942681844179,
            36.82942681844179,
            36.82942681844179,
            36.82942681844179,
            36.82942681844179,
            36.82942681844139,
            33.553527266853386,
            33.553527266853386,
            33.55352726685299,
            0.0,
            28.185534971624705,
            28.185534971624676,
            28.185534971624676,
            44.01729939510632,
            44.01729939510642,
            44.01729939510642,
            44.01729939510642,
            44.01729939510642,
            44.01729939510642,
            44.01729939510642,
            44.01729939510642,
            44.01729939510602,
            48.97533301945538,
            48.97533301945538,
            48.97533301945539
        ],
        [
            153.25909169092984,
            120.04052620179182,
            98.46449524015658,
            60.89005280929234,
            60.890052809292385,
            60.89005280929243,
            36.82942681844172,
            36.829426818441725,
            36.82942681844182,
            36.82942681844182,
            36.82942681844182,
            36.82942681844182,
            36.82942681844182,
            36.82942681844182,
            36.82942681844142,
            33.553527266853415,
            33.553527266853415,
            33.55352726685302,
            28.185534971624705,
            0.0,
            24.224980477358393,
            24.224980477358393,
            44.01729939510635,
            44.01729939510645,
            44.01729939510645,
            44.01729939510645,
            44.01729939510645,
            44.01729939510645,
            44.01729939510645,
            44.01729939510645,
            44.01729939510605,
            48.975333019455405,
            48.975333019455405,
            48.97533301945542
        ],
        [
            153.25909169092984,
            120.04052620179179,
            98.46449524015655,
            60.890052809292314,
            60.89005280929236,
            60.8900528092924,
            36.82942681844169,
            36.829426818441696,
            36.82942681844179,
            36.82942681844179,
            36.82942681844179,
            36.82942681844179,
            36.82942681844179,
            36.82942681844179,
            36.82942681844139,
            33.553527266853386,
            33.553527266853386,
            33.55352726685299,
            28.185534971624676,
            24.224980477358393,
            0.0,
            1.5443229351715786,
            44.01729939510632,
            44.01729939510642,
            44.01729939510642,
            44.01729939510642,
            44.01729939510642,
            44.01729939510642,
            44.01729939510642,
            44.01729939510642,
            44.01729939510602,
            48.97533301945538,
            48.97533301945538,
            48.97533301945539
        ],
        [
            153.25909169092984,
            120.04052620179179,
            98.46449524015655,
            60.890052809292314,
            60.89005280929236,
            60.8900528092924,
            36.82942681844169,
            36.829426818441696,
            36.82942681844179,
            36.82942681844179,
            36.82942681844179,
            36.82942681844179,
            36.82942681844179,
            36.82942681844179,
            36.82942681844139,
            33.553527266853386,
            33.553527266853386,
            33.55352726685299,
            28.185534971624676,
            24.224980477358393,
            1.5443229351715786,
            0.0,
            44.01729939510632,
            44.01729939510642,
            44.01729939510642,
            44.01729939510642,
            44.01729939510642,
            44.01729939510642,
            44.01729939510642,
            44.01729939510642,
            44.01729939510602,
            48.97533301945538,
            48.97533301945538,
            48.97533301945539
        ],
        [
            153.25909169092992,
            120.04052620179189,
            98.46449524015665,
            60.89005280929241,
            60.890052809292456,
            60.8900528092925,
            44.01729939510642,
            44.01729939510643,
            44.01729939510652,
            44.01729939510652,
            44.01729939510652,
            44.01729939510652,
            44.01729939510652,
            44.01729939510652,
            44.01729939510612,
            44.01729939510652,
            44.01729939510652,
            44.01729939510612,
            44.01729939510632,
            44.01729939510635,
            44.01729939510632,
            44.01729939510632,
            0.0,
            21.800953365939918,
            21.800953365939918,
            21.800953365939918,
            28.574211520008305,
            28.574211520008305,
            28.574211520008305,
            28.574211520008305,
            37.333438499079506,
            48.975333019455476,
            48.975333019455476,
            48.97533301945549
        ],
        [
            153.25909169093,
            120.04052620179199,
            98.46449524015675,
            60.89005280929251,
            60.890052809292555,
            60.8900528092926,
            44.01729939510652,
            44.01729939510653,
            44.01729939510662,
            44.01729939510662,
            44.01729939510662,
            44.01729939510662,
            44.01729939510662,
            44.01729939510662,
            44.01729939510622,
            44.01729939510662,
            44.01729939510662,
            44.01729939510622,
            44.01729939510642,
            44.01729939510645,
            44.01729939510642,
            44.01729939510642,
            21.800953365939918,
            0.0,
            10.228696803474321,
            14.206560368850006,
            28.574211520008404,
            28.574211520008404,
            28.574211520008404,
            28.574211520008404,
            37.333438499079605,
            48.975333019455576,
            48.975333019455576,
            48.97533301945559
        ],
        [
            153.25909169093,
            120.04052620179199,
            98.46449524015675,
            60.89005280929251,
            60.890052809292555,
            60.8900528092926,
            44.01729939510652,
            44.01729939510653,
            44.01729939510662,
            44.01729939510662,
            44.01729939510662,
            44.01729939510662,
            44.01729939510662,
            44.01729939510662,
            44.01729939510622,
            44.01729939510662,
            44.01729939510662,
            44.01729939510622,
            44.01729939510642,
            44.01729939510645,
            44.01729939510642,
            44.01729939510642,
            21.800953365939918,
            10.228696803474321,
            0.0,
            14.206560368850006,
            28.574211520008404,
            28.574211520008404,
            28.574211520008404,
            28.574211520008404,
            37.333438499079605,
            48.975333019455576,
            48.975333019455576,
            48.97533301945559
        ],
        [
            153.25909169093,
            120.04052620179199,
            98.46449524015675,
            60.89005280929251,
            60.890052809292555,
            60.8900528092926,
            44.01729939510652,
            44.01729939510653,
            44.01729939510662,
            44.01729939510662,
            44.01729939510662,
            44.01729939510662,
            44.01729939510662,
            44.01729939510662,
            44.01729939510622,
            44.01729939510662,
            44.01729939510662,
            44.01729939510622,
            44.01729939510642,
            44.01729939510645,
            44.01729939510642,
            44.01729939510642,
            21.800953365939918,
            14.206560368850006,
            14.206560368850006,
            0.0,
            28.574211520008404,
            28.574211520008404,
            28.574211520008404,
            28.574211520008404,
            37.333438499079605,
            48.975333019455576,
            48.975333019455576,
            48.97533301945559
        ],
        [
            153.25909169093,
            120.04052620179199,
            98.46449524015675,
            60.89005280929251,
            60.890052809292555,
            60.8900528092926,
            44.01729939510652,
            44.01729939510653,
            44.01729939510662,
            44.01729939510662,
            44.01729939510662,
            44.01729939510662,
            44.01729939510662,
            44.01729939510662,
            44.01729939510622,
            44.01729939510662,
            44.01729939510662,
            44.01729939510622,
            44.01729939510642,
            44.01729939510645,
            44.01729939510642,
            44.01729939510642,
            28.574211520008305,
            28.574211520008404,
            28.574211520008404,
            28.574211520008404,
            0.0,
            0.7465426685407976,
            18.724112784874983,
            18.724112784874983,
            37.333438499079605,
            48.975333019455576,
            48.975333019455576,
            48.97533301945559
        ],
        [
            153.25909169093,
            120.04052620179199,
            98.46449524015675,
            60.89005280929251,
            60.890052809292555,
            60.8900528092926,
            44.01729939510652,
            44.01729939510653,
            44.01729939510662,
            44.01729939510662,
            44.01729939510662,
            44.01729939510662,
            44.01729939510662,
            44.01729939510662,
            44.01729939510622,
            44.01729939510662,
            44.01729939510662,
            44.01729939510622,
            44.01729939510642,
            44.01729939510645,
            44.01729939510642,
            44.01729939510642,
            28.574211520008305,
            28.574211520008404,
            28.574211520008404,
            28.574211520008404,
            0.7465426685407976,
            0.0,
            18.724112784874983,
            18.724112784874983,
            37.333438499079605,
            48.975333019455576,
            48.975333019455576,
            48.97533301945559
        ],
        [
            153.25909169093,
            120.04052620179199,
            98.46449524015675,
            60.89005280929251,
            60.890052809292555,
            60.8900528092926,
            44.01729939510652,
            44.01729939510653,
            44.01729939510662,
            44.01729939510662,
            44.01729939510662,
            44.01729939510662,
            44.01729939510662,
            44.01729939510662,
            44.01729939510622,
            44.01729939510662,
            44.01729939510662,
            44.01729939510622,
            44.01729939510642,
            44.01729939510645,
            44.01729939510642,
            44.01729939510642,
            28.574211520008305,
            28.574211520008404,
            28.574211520008404,
            28.574211520008404,
            18.724112784874983,
            18.724112784874983,
            0.0,
            7.292748852269185,
            37.333438499079605,
            48.975333019455576,
            48.975333019455576,
            48.97533301945559
        ],
        [
            153.25909169093,
            120.04052620179199,
            98.46449524015675,
            60.89005280929251,
            60.890052809292555,
            60.8900528092926,
            44.01729939510652,
            44.01729939510653,
            44.01729939510662,
            44.01729939510662,
            44.01729939510662,
            44.01729939510662,
            44.01729939510662,
            44.01729939510662,
            44.01729939510622,
            44.01729939510662,
            44.01729939510662,
            44.01729939510622,
            44.01729939510642,
            44.01729939510645,
            44.01729939510642,
            44.01729939510642,
            28.574211520008305,
            28.574211520008404,
            28.574211520008404,
            28.574211520008404,
            18.724112784874983,
            18.724112784874983,
            7.292748852269185,
            0.0,
            37.333438499079605,
            48.975333019455576,
            48.975333019455576,
            48.97533301945559
        ],
        [
            153.2590916909296,
            120.0405262017916,
            98.46449524015635,
            60.890052809292115,
            60.89005280929216,
            60.8900528092922,
            44.01729939510612,
            44.01729939510613,
            44.01729939510622,
            44.01729939510622,
            44.01729939510622,
            44.01729939510622,
            44.01729939510622,
            44.01729939510622,
            44.01729939510582,
            44.01729939510622,
            44.01729939510622,
            44.01729939510582,
            44.01729939510602,
            44.01729939510605,
            44.01729939510602,
            44.01729939510602,
            37.333438499079506,
            37.333438499079605,
            37.333438499079605,
            37.333438499079605,
            37.333438499079605,
            37.333438499079605,
            37.333438499079605,
            37.333438499079605,
            0.0,
            48.97533301945518,
            48.97533301945518,
            48.97533301945519
        ],
        [
            153.25909169093,
            120.04052620179198,
            98.46449524015674,
            60.8900528092925,
            60.89005280929254,
            60.890052809292584,
            48.975333019455476,
            48.97533301945548,
            48.975333019455576,
            48.975333019455576,
            48.975333019455576,
            48.975333019455576,
            48.975333019455576,
            48.975333019455576,
            48.97533301945518,
            48.975333019455576,
            48.975333019455576,
            48.97533301945518,
            48.97533301945538,
            48.975333019455405,
            48.97533301945538,
            48.97533301945538,
            48.975333019455476,
            48.975333019455576,
            48.975333019455576,
            48.975333019455576,
            48.975333019455576,
            48.975333019455576,
            48.975333019455576,
            48.975333019455576,
            48.97533301945518,
            0.0,
            3.636058452347669,
            15.960424904165976
        ],
        [
            153.25909169093,
            120.04052620179198,
            98.46449524015674,
            60.8900528092925,
            60.89005280929254,
            60.890052809292584,
            48.975333019455476,
            48.97533301945548,
            48.975333019455576,
            48.975333019455576,
            48.975333019455576,
            48.975333019455576,
            48.975333019455576,
            48.975333019455576,
            48.97533301945518,
            48.975333019455576,
            48.975333019455576,
            48.97533301945518,
            48.97533301945538,
            48.975333019455405,
            48.97533301945538,
            48.97533301945538,
            48.975333019455476,
            48.975333019455576,
            48.975333019455576,
            48.975333019455576,
            48.975333019455576,
            48.975333019455576,
            48.975333019455576,
            48.975333019455576,
            48.97533301945518,
            3.636058452347669,
            0.0,
            15.960424904165976
        ],
        [
            153.25909169093,
            120.04052620179199,
            98.46449524015675,
            60.89005280929251,
            60.890052809292555,
            60.8900528092926,
            48.97533301945549,
            48.9753330194555,
            48.97533301945559,
            48.97533301945559,
            48.97533301945559,
            48.97533301945559,
            48.97533301945559,
            48.97533301945559,
            48.97533301945519,
            48.97533301945559,
            48.97533301945559,
            48.97533301945519,
            48.97533301945539,
            48.97533301945542,
            48.97533301945539,
            48.97533301945539,
            48.97533301945549,
            48.97533301945559,
            48.97533301945559,
            48.97533301945559,
            48.97533301945559,
            48.97533301945559,
            48.97533301945559,
            48.97533301945559,
            48.97533301945519,
            15.960424904165976,
            15.960424904165976,
            0.0
        ]
    ],
    "NODE_MAPPING": {
        "0": "1",
        "1": "2",
        "2": "3",
        "3": "4",
        "4": "5",
        "5": "6",
        "6": "7",
        "7": "8",
        "8": "9",
        "9": "10",
        "10": "11",
        "11": "12",
        "12": "13",
        "13": "14",
        "14": "15",
        "15": "16",
        "16": "17",
        "17": "18",
        "18": "19",
        "19": "20",
        "20": "21",
        "21": "22",
        "22": "23",
        "23": "24",
        "24": "25",
        "25": "26",
        "26": "27",
        "27": "28",
        "28": "29",
        "29": "30",
        "30": "31",
        "31": "32",
        "32": "33",
        "33": "34"
    }
}