{
    "NEXUS_FILE_URL": "http://purl.org/phylo/treebase/phylows/study/TB2:S13449",
    "NEWICK_TREE": "(1:1.0E-8,((5:1.0E-8,6:1.0E-8):0.0068758,(((((((61:1.0E-8,56:1.0E-8,62:1.0E-8,55:1.0E-8):0.00333814,(48:1.0E-8,47:1.0E-8):0.00337376,(60:0.02090176,(58:1.0E-8,59:1.0E-8):0.0034097):7.7145E-4):0.00247031,(63:1.0E-8,65:1.0E-8,57:1.0E-8,66:1.0E-8,64:1.0E-8):0.01028414):9.793E-4,(50:8.3575E-4,52:1.0E-8,54:1.0E-8,49:8.3761E-4,53:1.0E-8,51:1.0E-8):0.0049743):0.05609296,((71:0.129628,70:0.09417114):0.01173624,(74:0.08452237,(69:0.0760232,((68:0.08899713,72:0.07682542):0.02063723,(67:0.02355588,73:0.01009244):0.03783555):0.00424726):0.004694):0.0193695):0.03751451):0.03575058,((((28:0.00165936,29:1.0E-8,(39:1.0E-8,38:0.00249599):8.2679E-4):0.00167254,(30:1.0E-8,31:1.0E-8):0.00590914):0.01139634,((9:1.0E-8,45:8.4502E-4,41:8.2648E-4,8:1.0E-8,46:1.0E-8,42:1.0E-8):0.01195401,((34:1.0E-8,32:1.0E-8,33:1.0E-8):0.01172521,((((44:0.0016611,(11:1.0E-8,37:1.0E-8):0.0041859,(19:1.0E-8,14:0.00167016):0.00333432):8.3444E-4,40:8.391E-4):8.313E-4,7:0.00168294):8.4405E-4,(((17:0.00495709,15:8.5757E-4):8.1703E-4,(((10:0.00248091,12:1.0E-8,21:0.00332566):8.1733E-4,22:0.00166974):0.00163883,13:0.00585277,16:0.00334976):0.00166315):8.893E-4,((18:1.0E-8,35:3.4927E-4):4.3778E-4,(20:8.2276E-4,(43:1.0E-8,36:1.0E-8):8.249E-4):0.00112231):0.00131705):0.00342643):0.00613897):0.01565689):0.00541341):0.01417499,((26:1.0E-8,25:1.0E-8):0.00962497,(24:1.0E-8,27:1.0E-8,23:1.0E-8):7.1524E-4):0.00926622):0.01440067):0.0182015,(4:1.0E-8,3:1.0E-8):0.00321567):0.00455457):0.0025502,2:1.0E-8);",
    "DISTANCE_MATRIX": [
        [
            0.0,
            0.009426019999999998,
            0.009426019999999998,
            0.12393757999999999,
            0.12393757999999999,
            0.12393757999999999,
            0.12393757999999999,
            0.12397319999999998,
            0.12397319999999998,
            0.14227264,
            0.12478058999999997,
            0.12478058999999997,
            0.12841327,
            0.12841327,
            0.12841327,
            0.12841327,
            0.12841327,
            0.12295986999999997,
            0.12212412999999998,
            0.12212412999999998,
            0.12296172999999999,
            0.12212412999999998,
            0.12212412999999998,
            0.23993561000000002,
            0.20447875000000001,
            0.20246324000000002,
            0.19865807000000002,
            0.23651649000000002,
            0.22434478000000005,
            0.18827356000000003,
            0.17481012,
            0.06861017999999999,
            0.06695082999999999,
            0.06777761999999998,
            0.07027359999999999,
            0.07118742999999998,
            0.07118742999999998,
            0.07124936999999999,
            0.07209437999999999,
            0.07207583999999999,
            0.07124936999999999,
            0.07124936999999999,
            0.07124936999999999,
            0.08667745999999998,
            0.08667745999999998,
            0.08667745999999998,
            0.08526209999999998,
            0.08778690999999998,
            0.08778690999999998,
            0.08693532999999998,
            0.08860547999999999,
            0.08360565999999998,
            0.08361819999999999,
            0.09118105999999998,
            0.08708153999999999,
            0.09200715999999999,
            0.08952625999999998,
            0.09285190999999998,
            0.09037865999999999,
            0.09292285999999998,
            0.09041984999999998,
            0.08627247999999998,
            0.08662173999999999,
            0.08777975999999998,
            0.08778190999999999,
            0.08778190999999999,
            0.05859815,
            0.05859815,
            0.04968842000000001,
            0.04968842000000001,
            0.04968842000000001,
            0.010320459999999998,
            0.010320459999999998,
            2e-08
        ],
        [
            0.009426019999999998,
            0.0,
            2e-08,
            0.12826318,
            0.12826318,
            0.12826318,
            0.12826318,
            0.1282988,
            0.1282988,
            0.14659824000000002,
            0.12910618999999998,
            0.12910618999999998,
            0.13273887,
            0.13273887,
            0.13273887,
            0.13273887,
            0.13273887,
            0.12728546999999998,
            0.12644972999999998,
            0.12644972999999998,
            0.12728733,
            0.12644972999999998,
            0.12644972999999998,
            0.24426121000000003,
            0.20880435000000003,
            0.20678884000000003,
            0.20298367000000003,
            0.24084209000000004,
            0.22867038000000006,
            0.19259916000000005,
            0.17913572000000003,
            0.07293577999999999,
            0.07127642999999999,
            0.07210321999999998,
            0.07459919999999999,
            0.07551302999999998,
            0.07551302999999998,
            0.07557496999999999,
            0.07641997999999998,
            0.07640143999999999,
            0.07557496999999999,
            0.07557496999999999,
            0.07557496999999999,
            0.09100305999999998,
            0.09100305999999998,
            0.09100305999999998,
            0.08958769999999998,
            0.09211250999999998,
            0.09211250999999998,
            0.09126092999999998,
            0.09293107999999999,
            0.08793125999999998,
            0.08794379999999999,
            0.09550665999999998,
            0.09140713999999998,
            0.09633275999999999,
            0.09385185999999998,
            0.09717750999999998,
            0.09470425999999998,
            0.09724845999999998,
            0.09474544999999998,
            0.09059807999999998,
            0.09094733999999999,
            0.09210535999999998,
            0.09210750999999999,
            0.09210750999999999,
            0.06292375,
            0.06292375,
            0.05401402000000001,
            0.05401402000000001,
            0.05401402000000001,
            0.014646059999999999,
            0.014646059999999999,
            0.009426019999999998
        ],
        [
            0.009426019999999998,
            2e-08,
            0.0,
            0.12826318,
            0.12826318,
            0.12826318,
            0.12826318,
            0.1282988,
            0.1282988,
            0.14659824000000002,
            0.12910618999999998,
            0.12910618999999998,
            0.13273887,
            0.13273887,
            0.13273887,
            0.13273887,
            0.13273887,
            0.12728546999999998,
            0.12644972999999998,
            0.12644972999999998,
            0.12728733,
            0.12644972999999998,
            0.12644972999999998,
            0.24426121000000003,
            0.20880435000000003,
            0.20678884000000003,
            0.20298367000000003,
            0.24084209000000004,
            0.22867038000000006,
            0.19259916000000005,
            0.17913572000000003,
            0.07293577999999999,
            0.07127642999999999,
            0.07210321999999998,
            0.07459919999999999,
            0.07551302999999998,
            0.07551302999999998,
            0.07557496999999999,
            0.07641997999999998,
            0.07640143999999999,
            0.07557496999999999,
            0.07557496999999999,
            0.07557496999999999,
            0.09100305999999998,
            0.09100305999999998,
            0.09100305999999998,
            0.08958769999999998,
            0.09211250999999998,
            0.09211250999999998,
            0.09126092999999998,
            0.09293107999999999,
            0.08793125999999998,
            0.08794379999999999,
            0.09550665999999998,
            0.09140713999999998,
            0.09633275999999999,
            0.09385185999999998,
            0.09717750999999998,
            0.09470425999999998,
            0.09724845999999998,
            0.09474544999999998,
            0.09059807999999998,
            0.09094733999999999,
            0.09210535999999998,
            0.09210750999999999,
            0.09210750999999999,
            0.06292375,
            0.06292375,
            0.05401402000000001,
            0.05401402000000001,
            0.05401402000000001,
            0.014646059999999999,
            0.014646059999999999,
            0.009426019999999998
        ],
        [
            0.12393757999999999,
            0.12826318,
            0.12826318,
            0.0,
            2e-08,
            2e-08,
            2e-08,
            0.00671192,
            0.00671192,
            0.025011359999999996,
            0.0075193099999999995,
            0.0075193099999999995,
            0.01609261,
            0.01609261,
            0.01609261,
            0.01609261,
            0.01609261,
            0.01259781,
            0.01176207,
            0.01176207,
            0.01259967,
            0.01176207,
            0.01176207,
            0.24175947,
            0.20630261,
            0.2042871,
            0.20048193,
            0.23834035,
            0.22616864000000003,
            0.19009742000000002,
            0.17663398000000002,
            0.1419352,
            0.14027585,
            0.14110264,
            0.14359862,
            0.14451245000000001,
            0.14451245000000001,
            0.14457439,
            0.1454194,
            0.14540086000000002,
            0.14457439,
            0.14457439,
            0.14457439,
            0.16000248,
            0.16000248,
            0.16000248,
            0.15858712,
            0.16111193000000001,
            0.16111193000000001,
            0.16026035,
            0.1619305,
            0.15693068,
            0.15694322,
            0.16450608,
            0.16040656,
            0.16533218,
            0.16285128,
            0.16617693,
            0.16370368000000002,
            0.16624788000000001,
            0.16374487,
            0.1595975,
            0.15994676000000002,
            0.16110478,
            0.16110693,
            0.16110693,
            0.13192317,
            0.13192317,
            0.12301344,
            0.12301344,
            0.12301344,
            0.12004848,
            0.12004848,
            0.12393757999999999
        ],
        [
            0.12393757999999999,
            0.12826318,
            0.12826318,
            2e-08,
            0.0,
            2e-08,
            2e-08,
            0.00671192,
            0.00671192,
            0.025011359999999996,
            0.0075193099999999995,
            0.0075193099999999995,
            0.01609261,
            0.01609261,
            0.01609261,
            0.01609261,
            0.01609261,
            0.01259781,
            0.01176207,
            0.01176207,
            0.01259967,
            0.01176207,
            0.01176207,
            0.24175947,
            0.20630261,
            0.2042871,
            0.20048193,
            0.23834035,
            0.22616864000000003,
            0.19009742000000002,
            0.17663398000000002,
            0.1419352,
            0.14027585,
            0.14110264,
            0.14359862,
            0.14451245000000001,
            0.14451245000000001,
            0.14457439,
            0.1454194,
            0.14540086000000002,
            0.14457439,
            0.14457439,
            0.14457439,
            0.16000248,
            0.16000248,
            0.16000248,
            0.15858712,
            0.16111193000000001,
            0.16111193000000001,
            0.16026035,
            0.1619305,
            0.15693068,
            0.15694322,
            0.16450608,
            0.16040656,
            0.16533218,
            0.16285128,
            0.16617693,
            0.16370368000000002,
            0.16624788000000001,
            0.16374487,
            0.1595975,
            0.15994676000000002,
            0.16110478,
            0.16110693,
            0.16110693,
            0.13192317,
            0.13192317,
            0.12301344,
            0.12301344,
            0.12301344,
            0.12004848,
            0.12004848,
            0.12393757999999999
        ],
        [
            0.12393757999999999,
            0.12826318,
            0.12826318,
            2e-08,
            2e-08,
            0.0,
            2e-08,
            0.00671192,
            0.00671192,
            0.025011359999999996,
            0.0075193099999999995,
            0.0075193099999999995,
            0.01609261,
            0.01609261,
            0.01609261,
            0.01609261,
            0.01609261,
            0.01259781,
            0.01176207,
            0.01176207,
            0.01259967,
            0.01176207,
            0.01176207,
            0.24175947,
            0.20630261,
            0.2042871,
            0.20048193,
            0.23834035,
            0.22616864000000003,
            0.19009742000000002,
            0.17663398000000002,
            0.1419352,
            0.14027585,
            0.14110264,
            0.14359862,
            0.14451245000000001,
            0.14451245000000001,
            0.14457439,
            0.1454194,
            0.14540086000000002,
            0.14457439,
            0.14457439,
            0.14457439,
            0.16000248,
            0.16000248,
            0.16000248,
            0.15858712,
            0.16111193000000001,
            0.16111193000000001,
            0.16026035,
            0.1619305,
            0.15693068,
            0.15694322,
            0.16450608,
            0.16040656,
            0.16533218,
            0.16285128,
            0.16617693,
            0.16370368000000002,
            0.16624788000000001,
            0.16374487,
            0.1595975,
            0.15994676000000002,
            0.16110478,
            0.16110693,
            0.16110693,
            0.13192317,
            0.13192317,
            0.12301344,
            0.12301344,
            0.12301344,
            0.12004848,
            0.12004848,
            0.12393757999999999
        ],
        [
            0.12393757999999999,
            0.12826318,
            0.12826318,
            2e-08,
            2e-08,
            2e-08,
            0.0,
            0.00671192,
            0.00671192,
            0.025011359999999996,
            0.0075193099999999995,
            0.0075193099999999995,
            0.01609261,
            0.01609261,
            0.01609261,
            0.01609261,
            0.01609261,
            0.01259781,
            0.01176207,
            0.01176207,
            0.01259967,
            0.01176207,
            0.01176207,
            0.24175947,
            0.20630261,
            0.2042871,
            0.20048193,
            0.23834035,
            0.22616864000000003,
            0.19009742000000002,
            0.17663398000000002,
            0.1419352,
            0.14027585,
            0.14110264,
            0.14359862,
            0.14451245000000001,
            0.14451245000000001,
            0.14457439,
            0.1454194,
            0.14540086000000002,
            0.14457439,
            0.14457439,
            0.14457439,
            0.16000248,
            0.16000248,
            0.16000248,
            0.15858712,
            0.16111193000000001,
            0.16111193000000001,
            0.16026035,
            0.1619305,
            0.15693068,
            0.15694322,
            0.16450608,
            0.16040656,
            0.16533218,
            0.16285128,
            0.16617693,
            0.16370368000000002,
            0.16624788000000001,
            0.16374487,
            0.1595975,
            0.15994676000000002,
            0.16110478,
            0.16110693,
            0.16110693,
            0.13192317,
            0.13192317,
            0.12301344,
            0.12301344,
            0.12301344,
            0.12004848,
            0.12004848,
            0.12393757999999999
        ],
        [
            0.12397319999999998,
            0.1282988,
            0.1282988,
            0.00671192,
            0.00671192,
            0.00671192,
            0.00671192,
            0.0,
            2e-08,
            0.025046979999999996,
            0.00755493,
            0.00755493,
            0.01612823,
            0.01612823,
            0.01612823,
            0.01612823,
            0.01612823,
            0.01263343,
            0.01179769,
            0.01179769,
            0.01263529,
            0.01179769,
            0.01179769,
            0.24179509,
            0.20633823,
            0.20432272,
            0.20051755,
            0.23837597,
            0.22620426000000005,
            0.19013304000000003,
            0.1766696,
            0.14197082,
            0.14031147,
            0.14113826,
            0.14363424,
            0.14454806999999997,
            0.14454806999999997,
            0.14461001,
            0.14545502,
            0.14543647999999998,
            0.14461001,
            0.14461001,
            0.14461001,
            0.1600381,
            0.1600381,
            0.1600381,
            0.15862273999999998,
            0.16114754999999997,
            0.16114754999999997,
            0.16029596999999998,
            0.16196612,
            0.1569663,
            0.15697884,
            0.16454169999999999,
            0.16044218,
            0.1653678,
            0.1628869,
            0.16621255,
            0.16373929999999998,
            0.16628349999999997,
            0.16378049,
            0.15963312,
            0.15998237999999998,
            0.1611404,
            0.16114255,
            0.16114255,
            0.13195879,
            0.13195879,
            0.12304905999999999,
            0.12304905999999999,
            0.12304905999999999,
            0.12008409999999999,
            0.12008409999999999,
            0.12397319999999998
        ],
        [
            0.12397319999999998,
            0.1282988,
            0.1282988,
            0.00671192,
            0.00671192,
            0.00671192,
            0.00671192,
            2e-08,
            0.0,
            0.025046979999999996,
            0.00755493,
            0.00755493,
            0.01612823,
            0.01612823,
            0.01612823,
            0.01612823,
            0.01612823,
            0.01263343,
            0.01179769,
            0.01179769,
            0.01263529,
            0.01179769,
            0.01179769,
            0.24179509,
            0.20633823,
            0.20432272,
            0.20051755,
            0.23837597,
            0.22620426000000005,
            0.19013304000000003,
            0.1766696,
            0.14197082,
            0.14031147,
            0.14113826,
            0.14363424,
            0.14454806999999997,
            0.14454806999999997,
            0.14461001,
            0.14545502,
            0.14543647999999998,
            0.14461001,
            0.14461001,
            0.14461001,
            0.1600381,
            0.1600381,
            0.1600381,
            0.15862273999999998,
            0.16114754999999997,
            0.16114754999999997,
            0.16029596999999998,
            0.16196612,
            0.1569663,
            0.15697884,
            0.16454169999999999,
            0.16044218,
            0.1653678,
            0.1628869,
            0.16621255,
            0.16373929999999998,
            0.16628349999999997,
            0.16378049,
            0.15963312,
            0.15998237999999998,
            0.1611404,
            0.16114255,
            0.16114255,
            0.13195879,
            0.13195879,
            0.12304905999999999,
            0.12304905999999999,
            0.12304905999999999,
            0.12008409999999999,
            0.12008409999999999,
            0.12397319999999998
        ],
        [
            0.14227264,
            0.14659824000000002,
            0.14659824000000002,
            0.025011359999999996,
            0.025011359999999996,
            0.025011359999999996,
            0.025011359999999996,
            0.025046979999999996,
            0.025046979999999996,
            0.0,
            0.024311469999999998,
            0.024311469999999998,
            0.03442767,
            0.03442767,
            0.03442767,
            0.03442767,
            0.03442767,
            0.030932869999999998,
            0.030097129999999996,
            0.030097129999999996,
            0.030934729999999997,
            0.030097129999999996,
            0.030097129999999996,
            0.26009453,
            0.22463766999999998,
            0.22262215999999999,
            0.21881699,
            0.25667541,
            0.24450370000000002,
            0.20843248,
            0.19496903999999998,
            0.16027026,
            0.15861091,
            0.1594377,
            0.16193368,
            0.16284750999999997,
            0.16284750999999997,
            0.16290945,
            0.16375446,
            0.16373591999999998,
            0.16290945,
            0.16290945,
            0.16290945,
            0.17833754,
            0.17833754,
            0.17833754,
            0.17692217999999998,
            0.17944698999999997,
            0.17944698999999997,
            0.17859540999999998,
            0.18026556,
            0.17526574,
            0.17527828,
            0.18284113999999999,
            0.17874162,
            0.18366724,
            0.18118634,
            0.18451199,
            0.18203873999999998,
            0.18458293999999997,
            0.18207993,
            0.17793256,
            0.17828181999999998,
            0.17943984,
            0.17944199,
            0.17944199,
            0.15025823,
            0.15025823,
            0.1413485,
            0.1413485,
            0.1413485,
            0.13838354,
            0.13838354,
            0.14227264
        ],
        [
            0.12478058999999997,
            0.12910618999999998,
            0.12910618999999998,
            0.0075193099999999995,
            0.0075193099999999995,
            0.0075193099999999995,
            0.0075193099999999995,
            0.00755493,
            0.00755493,
            0.024311469999999998,
            0.0,
            2e-08,
            0.01693562,
            0.01693562,
            0.01693562,
            0.01693562,
            0.01693562,
            0.01344082,
            0.01260508,
            0.01260508,
            0.013442679999999999,
            0.01260508,
            0.01260508,
            0.24260248,
            0.20714561999999997,
            0.20513010999999998,
            0.20132494,
            0.23918336,
            0.22701165,
            0.19094043,
            0.17747699,
            0.14277821,
            0.14111885999999998,
            0.14194564999999998,
            0.14444163,
            0.14535546,
            0.14535546,
            0.14541739999999997,
            0.14626240999999998,
            0.14624387,
            0.14541739999999997,
            0.14541739999999997,
            0.14541739999999997,
            0.16084548999999998,
            0.16084548999999998,
            0.16084548999999998,
            0.15943012999999998,
            0.16195494,
            0.16195494,
            0.16110335999999997,
            0.16277350999999998,
            0.15777368999999997,
            0.15778622999999997,
            0.16534908999999998,
            0.16124956999999998,
            0.16617518999999997,
            0.16369428999999996,
            0.16701993999999998,
            0.16454669,
            0.16709089,
            0.16458787999999996,
            0.16044050999999998,
            0.16078977,
            0.16194778999999998,
            0.16194994,
            0.16194994,
            0.13276617999999998,
            0.13276617999999998,
            0.12385644999999998,
            0.12385644999999998,
            0.12385644999999998,
            0.12089148999999998,
            0.12089148999999998,
            0.12478058999999997
        ],
        [
            0.12478058999999997,
            0.12910618999999998,
            0.12910618999999998,
            0.0075193099999999995,
            0.0075193099999999995,
            0.0075193099999999995,
            0.0075193099999999995,
            0.00755493,
            0.00755493,
            0.024311469999999998,
            2e-08,
            0.0,
            0.01693562,
            0.01693562,
            0.01693562,
            0.01693562,
            0.01693562,
            0.01344082,
            0.01260508,
            0.01260508,
            0.013442679999999999,
            0.01260508,
            0.01260508,
            0.24260248,
            0.20714561999999997,
            0.20513010999999998,
            0.20132494,
            0.23918336,
            0.22701165,
            0.19094043,
            0.17747699,
            0.14277821,
            0.14111885999999998,
            0.14194564999999998,
            0.14444163,
            0.14535546,
            0.14535546,
            0.14541739999999997,
            0.14626240999999998,
            0.14624387,
            0.14541739999999997,
            0.14541739999999997,
            0.14541739999999997,
            0.16084548999999998,
            0.16084548999999998,
            0.16084548999999998,
            0.15943012999999998,
            0.16195494,
            0.16195494,
            0.16110335999999997,
            0.16277350999999998,
            0.15777368999999997,
            0.15778622999999997,
            0.16534908999999998,
            0.16124956999999998,
            0.16617518999999997,
            0.16369428999999996,
            0.16701993999999998,
            0.16454669,
            0.16709089,
            0.16458787999999996,
            0.16044050999999998,
            0.16078977,
            0.16194778999999998,
            0.16194994,
            0.16194994,
            0.13276617999999998,
            0.13276617999999998,
            0.12385644999999998,
            0.12385644999999998,
            0.12385644999999998,
            0.12089148999999998,
            0.12089148999999998,
            0.12478058999999997
        ],
        [
            0.12841327,
            0.13273887,
            0.13273887,
            0.01609261,
            0.01609261,
            0.01609261,
            0.01609261,
            0.01612823,
            0.01612823,
            0.03442767,
            0.01693562,
            0.01693562,
            0.0,
            2e-08,
            2e-08,
            2e-08,
            2e-08,
            0.017073500000000002,
            0.01623776,
            0.01623776,
            0.01707536,
            0.01623776,
            0.01623776,
            0.24623516,
            0.2107783,
            0.20876279,
            0.20495762,
            0.24281604,
            0.23064433000000004,
            0.19457311000000002,
            0.18110967,
            0.14641089000000002,
            0.14475154,
            0.14557833,
            0.14807431000000001,
            0.14898814,
            0.14898814,
            0.14905008000000003,
            0.14989509,
            0.14987655,
            0.14905008000000003,
            0.14905008000000003,
            0.14905008000000003,
            0.16447817,
            0.16447817,
            0.16447817,
            0.16306281,
            0.16558762,
            0.16558762,
            0.16473604,
            0.16640619,
            0.16140637000000002,
            0.16141891000000003,
            0.16898177,
            0.16488225,
            0.16980787000000003,
            0.16732697000000002,
            0.17065262,
            0.16817937,
            0.17072357,
            0.16822056000000002,
            0.16407319,
            0.16442245,
            0.16558047,
            0.16558262,
            0.16558262,
            0.13639886,
            0.13639886,
            0.12748913,
            0.12748913,
            0.12748913,
            0.12452417,
            0.12452417,
            0.12841327
        ],
        [
            0.12841327,
            0.13273887,
            0.13273887,
            0.01609261,
            0.01609261,
            0.01609261,
            0.01609261,
            0.01612823,
            0.01612823,
            0.03442767,
            0.01693562,
            0.01693562,
            2e-08,
            0.0,
            2e-08,
            2e-08,
            2e-08,
            0.017073500000000002,
            0.01623776,
            0.01623776,
            0.01707536,
            0.01623776,
            0.01623776,
            0.24623516,
            0.2107783,
            0.20876279,
            0.20495762,
            0.24281604,
            0.23064433000000004,
            0.19457311000000002,
            0.18110967,
            0.14641089000000002,
            0.14475154,
            0.14557833,
            0.14807431000000001,
            0.14898814,
            0.14898814,
            0.14905008000000003,
            0.14989509,
            0.14987655,
            0.14905008000000003,
            0.14905008000000003,
            0.14905008000000003,
            0.16447817,
            0.16447817,
            0.16447817,
            0.16306281,
            0.16558762,
            0.16558762,
            0.16473604,
            0.16640619,
            0.16140637000000002,
            0.16141891000000003,
            0.16898177,
            0.16488225,
            0.16980787000000003,
            0.16732697000000002,
            0.17065262,
            0.16817937,
            0.17072357,
            0.16822056000000002,
            0.16407319,
            0.16442245,
            0.16558047,
            0.16558262,
            0.16558262,
            0.13639886,
            0.13639886,
            0.12748913,
            0.12748913,
            0.12748913,
            0.12452417,
            0.12452417,
            0.12841327
        ],
        [
            0.12841327,
            0.13273887,
            0.13273887,
            0.01609261,
            0.01609261,
            0.01609261,
            0.01609261,
            0.01612823,
            0.01612823,
            0.03442767,
            0.01693562,
            0.01693562,
            2e-08,
            2e-08,
            0.0,
            2e-08,
            2e-08,
            0.017073500000000002,
            0.01623776,
            0.01623776,
            0.01707536,
            0.01623776,
            0.01623776,
            0.24623516,
            0.2107783,
            0.20876279,
            0.20495762,
            0.24281604,
            0.23064433000000004,
            0.19457311000000002,
            0.18110967,
            0.14641089000000002,
            0.14475154,
            0.14557833,
            0.14807431000000001,
            0.14898814,
            0.14898814,
            0.14905008000000003,
            0.14989509,
            0.14987655,
            0.14905008000000003,
            0.14905008000000003,
            0.14905008000000003,
            0.16447817,
            0.16447817,
            0.16447817,
            0.16306281,
            0.16558762,
            0.16558762,
            0.16473604,
            0.16640619,
            0.16140637000000002,
            0.16141891000000003,
            0.16898177,
            0.16488225,
            0.16980787000000003,
            0.16732697000000002,
            0.17065262,
            0.16817937,
            0.17072357,
            0.16822056000000002,
            0.16407319,
            0.16442245,
            0.16558047,
            0.16558262,
            0.16558262,
            0.13639886,
            0.13639886,
            0.12748913,
            0.12748913,
            0.12748913,
            0.12452417,
            0.12452417,
            0.12841327
        ],
        [
            0.12841327,
            0.13273887,
            0.13273887,
            0.01609261,
            0.01609261,
            0.01609261,
            0.01609261,
            0.01612823,
            0.01612823,
            0.03442767,
            0.01693562,
            0.01693562,
            2e-08,
            2e-08,
            2e-08,
            0.0,
            2e-08,
            0.017073500000000002,
            0.01623776,
            0.01623776,
            0.01707536,
            0.01623776,
            0.01623776,
            0.24623516,
            0.2107783,
            0.20876279,
            0.20495762,
            0.24281604,
            0.23064433000000004,
            0.19457311000000002,
            0.18110967,
            0.14641089000000002,
            0.14475154,
            0.14557833,
            0.14807431000000001,
            0.14898814,
            0.14898814,
            0.14905008000000003,
            0.14989509,
            0.14987655,
            0.14905008000000003,
            0.14905008000000003,
            0.14905008000000003,
            0.16447817,
            0.16447817,
            0.16447817,
            0.16306281,
            0.16558762,
            0.16558762,
            0.16473604,
            0.16640619,
            0.16140637000000002,
            0.16141891000000003,
            0.16898177,
            0.16488225,
            0.16980787000000003,
            0.16732697000000002,
            0.17065262,
            0.16817937,
            0.17072357,
            0.16822056000000002,
            0.16407319,
            0.16442245,
            0.16558047,
            0.16558262,
            0.16558262,
            0.13639886,
            0.13639886,
            0.12748913,
            0.12748913,
            0.12748913,
            0.12452417,
            0.12452417,
            0.12841327
        ],
        [
            0.12841327,
            0.13273887,
            0.13273887,
            0.01609261,
            0.01609261,
            0.01609261,
            0.01609261,
            0.01612823,
            0.01612823,
            0.03442767,
            0.01693562,
            0.01693562,
            2e-08,
            2e-08,
            2e-08,
            2e-08,
            0.0,
            0.017073500000000002,
            0.01623776,
            0.01623776,
            0.01707536,
            0.01623776,
            0.01623776,
            0.24623516,
            0.2107783,
            0.20876279,
            0.20495762,
            0.24281604,
            0.23064433000000004,
            0.19457311000000002,
            0.18110967,
            0.14641089000000002,
            0.14475154,
            0.14557833,
            0.14807431000000001,
            0.14898814,
            0.14898814,
            0.14905008000000003,
            0.14989509,
            0.14987655,
            0.14905008000000003,
            0.14905008000000003,
            0.14905008000000003,
            0.16447817,
            0.16447817,
            0.16447817,
            0.16306281,
            0.16558762,
            0.16558762,
            0.16473604,
            0.16640619,
            0.16140637000000002,
            0.16141891000000003,
            0.16898177,
            0.16488225,
            0.16980787000000003,
            0.16732697000000002,
            0.17065262,
            0.16817937,
            0.17072357,
            0.16822056000000002,
            0.16407319,
            0.16442245,
            0.16558047,
            0.16558262,
            0.16558262,
            0.13639886,
            0.13639886,
            0.12748913,
            0.12748913,
            0.12748913,
            0.12452417,
            0.12452417,
            0.12841327
        ],
        [
            0.12295986999999997,
            0.12728546999999998,
            0.12728546999999998,
            0.01259781,
            0.01259781,
            0.01259781,
            0.01259781,
            0.01263343,
            0.01263343,
            0.030932869999999998,
            0.01344082,
            0.01344082,
            0.017073500000000002,
            0.017073500000000002,
            0.017073500000000002,
            0.017073500000000002,
            0.017073500000000002,
            0.0,
            0.0008357600000000001,
            0.0008357600000000001,
            0.00167336,
            0.0008357600000000001,
            0.0008357600000000001,
            0.24078176,
            0.20532489999999998,
            0.20330938999999998,
            0.19950422,
            0.23736264,
            0.22519093,
            0.18911971,
            0.17565627,
            0.14095749,
            0.13929814,
            0.14012492999999998,
            0.14262091,
            0.14353474,
            0.14353474,
            0.14359667999999998,
            0.14444168999999998,
            0.14442315,
            0.14359667999999998,
            0.14359667999999998,
            0.14359667999999998,
            0.15902476999999998,
            0.15902476999999998,
            0.15902476999999998,
            0.15760940999999998,
            0.16013422,
            0.16013422,
            0.15928263999999998,
            0.16095278999999998,
            0.15595296999999997,
            0.15596550999999997,
            0.16352836999999998,
            0.15942884999999998,
            0.16435446999999997,
            0.16187356999999997,
            0.16519921999999998,
            0.16272597,
            0.16527017,
            0.16276715999999997,
            0.15861978999999998,
            0.15896905,
            0.16012706999999998,
            0.16012922,
            0.16012922,
            0.13094545999999999,
            0.13094545999999999,
            0.12203572999999998,
            0.12203572999999998,
            0.12203572999999998,
            0.11907076999999998,
            0.11907076999999998,
            0.12295986999999997
        ],
        [
            0.12212412999999998,
            0.12644972999999998,
            0.12644972999999998,
            0.01176207,
            0.01176207,
            0.01176207,
            0.01176207,
            0.01179769,
            0.01179769,
            0.030097129999999996,
            0.01260508,
            0.01260508,
            0.01623776,
            0.01623776,
            0.01623776,
            0.01623776,
            0.01623776,
            0.0008357600000000001,
            0.0,
            2e-08,
            0.0008376200000000001,
            2e-08,
            2e-08,
            0.23994602,
            0.20448916,
            0.20247365,
            0.19866848,
            0.2365269,
            0.22435519000000004,
            0.18828397000000002,
            0.17482053,
            0.14012175,
            0.13846239999999999,
            0.13928919,
            0.14178517000000002,
            0.142699,
            0.142699,
            0.14276094,
            0.14360594999999998,
            0.14358741,
            0.14276094,
            0.14276094,
            0.14276094,
            0.15818903,
            0.15818903,
            0.15818903,
            0.15677366999999998,
            0.15929848,
            0.15929848,
            0.1584469,
            0.16011704999999998,
            0.15511723,
            0.15512977,
            0.16269263,
            0.15859310999999998,
            0.16351873,
            0.16103783,
            0.16436348,
            0.16189023,
            0.16443443,
            0.16193142,
            0.15778405,
            0.15813331,
            0.15929133,
            0.15929348,
            0.15929348,
