{
    "NEXUS_FILE_URL": "http://purl.org/phylo/treebase/phylows/study/TB2:S13449",
    "NEWICK_TREE": "(2:1.0E-8,(((3:1.0E-8,4:1.0E-8):0.00403311,(((((32:6.5726E-4,33:9.1762E-4,(43:0.00135394,44:2.8501E-4):5.6817E-4):0.00134336,(34:1.0E-8,35:1.0E-8):0.00525719):0.00859596,(((38:1.0E-8,(36:1.0E-8,37:2.8892E-4):5.778E-4):0.00852918,(((24:3.3452E-4,((((19:0.00258333,25:0.00240459,((12:1.0E-8,14:4.9173E-4,17:1.0E-8,10:0.00112961):8.3673E-4,26:5.7341E-4):2.7785E-4):3.0723E-4,13:0.00337574):0.00112309,(18:0.00208338,20:0.00236077):0.00119866):8.7006E-4,(15:1.0E-8,39:1.0E-8):0.00113421):2.743E-4,21:1.0E-8,40:1.0E-8):2.7886E-4,48:2.8116E-4,41:1.0E-8):0.00276144,((7:0.00153729,45:0.0019173):3.1947E-4,((49:8.4502E-4,(16:5.7008E-4,23:1.0E-8):0.00197975,22:1.0E-8):0.00185286,(42:1.0E-8,11:3.3771E-4):0.00290734):0.00116309):9.3869E-4):0.00539097):0.01335604,(9:3.3893E-4,(51:1.0E-8,50:1.0E-8):3.6371E-4,47:1.0E-8,52:1.0E-8,(8:5.9016E-4,46:2.826E-4):2.0408E-4):0.01039182):0.00224812):0.00777456,((30:3.3419E-4,29:1.0E-8):0.0043721,(27:1.0E-8,31:3.4012E-4,28:1.0E-8):0.0011427):0.00858486):0.01327086,((((72:0.0047364,75:1.0E-8,74:1.0E-8,73:1.0E-8,65:1.0E-8):0.00843087,((68:1.0E-8,69:1.0E-8):0.02004451,(((54:4.0158E-4,53:1.0E-8):0.00162341,(66:1.0E-8,67:1.0E-8):0.00289095):0.0014927,((64:1.0E-8,63:1.0E-8):0.00116617,70:5.5997E-4,71:2.8234E-4):0.00335109):0.00169892):0.00141532):0.00157592,(55:5.6775E-4,61:2.8437E-4,57:2.835E-4,(60:2.8438E-4,59:1.0E-8,62:1.0E-8,58:1.0E-8):2.8054E-4,56:7.012E-4):0.00654662):0.03727334,(84:0.09023412,((83:0.06355962,(((82:0.00661779,76:0.01673301):0.03456348,(81:0.05914422,77:0.07523213):0.00891782):0.00285888,78:0.06116955):0.00440128):0.00795056,(79:0.07226067,80:0.10863771):0.00665137):0.00395033):0.02742485):0.02465439):0.01467959):0.00448118,(5:1.0E-8,6:1.0E-8):0.00465713):0.0034802,1:1.0E-8);",
    "DISTANCE_MATRIX": [
        [
            0.0,
            0.011994510000000002,
            0.011994510000000002,
            0.05428298000000001,
            0.05454334,
            0.055547830000000006,
            0.054478900000000004,
            0.057539560000000003,
            0.057539560000000003,
            0.06781975,
            0.06839755,
            0.06868645999999999,
            0.06805635,
            0.07287984,
            0.0727011,
            0.07141109999999999,
            0.07190281999999999,
            0.07141109999999999,
            0.0725407,
            0.07114777,
            0.07336501999999999,
            0.07214823,
            0.07242562,
            0.06913035,
            0.06913035,
            0.06772183999999999,
            0.06772183999999999,
            0.06772413,
            0.06744298,
            0.06747697999999999,
            0.06785698999999999,
            0.06948119,
            0.071186,
            0.07061593000000001,
            0.06863617999999999,
            0.06969066,
            0.07002836,
            0.056665270000000004,
            0.05669006000000001,
            0.05669006000000001,
            0.056326350000000004,
            0.056326350000000004,
            0.057120580000000004,
            0.056813020000000006,
            0.04920299000000001,
            0.048868810000000006,
            0.045639410000000005,
            0.04597952,
            0.045639410000000005,
            0.0993119,
            0.09457550999999999,
            0.09457550999999999,
            0.09457550999999999,
            0.09457550999999999,
            0.10760447,
            0.10760447,
            0.09277656,
            0.09237499,
            0.09364253000000002,
            0.09364253000000002,
            0.09377614,
            0.09377614,
            0.09316993,
            0.0928923,
            0.09168308000000001,
            0.09139970000000001,
            0.09139883,
            0.09168025,
            0.09139588,
            0.09139588,
            0.09139588,
            0.09181653,
            0.16495433999999998,
            0.15018072999999998,
            0.13506253999999998,
            0.14517776,
            0.16194330999999995,
            0.17803121999999996,
            0.15219193999999997,
            0.15758259,
            0.19395962999999997,
            0.00813735,
            0.00813735,
            2e-08
        ],
        [
            0.011994510000000002,
            0.0,
            2e-08,
            0.050354710000000004,
            0.05061507,
            0.05161956,
            0.05055063,
            0.05361129,
            0.05361129,
            0.06389148,
            0.06446928,
            0.06475819,
            0.06412808,
            0.06895157,
            0.06877283000000001,
            0.06748283,
            0.06797455,
            0.06748283,
            0.06861243,
            0.0672195,
            0.06943674999999999,
            0.06821996,
            0.06849735,
            0.06520208,
            0.06520208,
            0.06379357,
            0.06379357,
            0.06379586,
            0.06351471,
            0.06354871,
            0.06392872,
            0.06555292,
            0.06725773,
            0.06668766000000001,
            0.06470791,
            0.06576239,
            0.06610009,
            0.052737,
            0.05276179,
            0.05276179,
            0.05239808,
            0.05239808,
            0.05319231,
            0.05288475,
            0.045274720000000004,
            0.04494054,
            0.04171114,
            0.04205125,
            0.04171114,
            0.09538363,
            0.09064723999999999,
            0.09064723999999999,
            0.09064723999999999,
            0.09064723999999999,
            0.1036762,
            0.1036762,
            0.08884829,
            0.08844672,
            0.08971426000000002,
            0.08971426000000002,
            0.08984787,
            0.08984787,
            0.08924166,
            0.08896403,
            0.08775481000000002,
            0.08747143000000002,
            0.08747056,
            0.08775198000000001,
            0.08746761,
            0.08746761,
            0.08746761,
            0.08788826,
            0.16102607,
            0.14625246,
            0.13113427,
            0.14124949,
            0.15801503999999997,
            0.17410294999999998,
            0.14826367,
            0.15365432,
            0.19003135999999998,
            0.01317144,
            0.01317144,
            0.011994510000000002
        ],
        [
            0.011994510000000002,
            2e-08,
            0.0,
            0.050354710000000004,
            0.05061507,
            0.05161956,
            0.05055063,
            0.05361129,
            0.05361129,
            0.06389148,
            0.06446928,
            0.06475819,
            0.06412808,
            0.06895157,
            0.06877283000000001,
            0.06748283,
            0.06797455,
            0.06748283,
            0.06861243,
            0.0672195,
            0.06943674999999999,
            0.06821996,
            0.06849735,
            0.06520208,
            0.06520208,
            0.06379357,
            0.06379357,
            0.06379586,
            0.06351471,
            0.06354871,
            0.06392872,
            0.06555292,
            0.06725773,
            0.06668766000000001,
            0.06470791,
            0.06576239,
            0.06610009,
            0.052737,
            0.05276179,
            0.05276179,
            0.05239808,
            0.05239808,
            0.05319231,
            0.05288475,
            0.045274720000000004,
            0.04494054,
            0.04171114,
            0.04205125,
            0.04171114,
            0.09538363,
            0.09064723999999999,
            0.09064723999999999,
            0.09064723999999999,
            0.09064723999999999,
            0.1036762,
            0.1036762,
            0.08884829,
            0.08844672,
            0.08971426000000002,
            0.08971426000000002,
            0.08984787,
            0.08984787,
            0.08924166,
            0.08896403,
            0.08775481000000002,
            0.08747143000000002,
            0.08747056,
            0.08775198000000001,
            0.08746761,
            0.08746761,
            0.08746761,
            0.08788826,
            0.16102607,
            0.14625246,
            0.13113427,
            0.14124949,
            0.15801503999999997,
            0.17410294999999998,
            0.14826367,
            0.15365432,
            0.19003135999999998,
            0.01317144,
            0.01317144,
            0.011994510000000002
        ],
        [
            0.05428298000000001,
            0.050354710000000004,
            0.050354710000000004,
            0.0,
            0.0015748799999999999,
            0.00257937,
            0.00151044,
            0.00725782,
            0.00725782,
            0.03472993,
            0.03530773,
            0.03559664,
            0.034966529999999996,
            0.039790019999999995,
            0.03961128,
            0.03832128,
            0.038813,
            0.03832128,
            0.03945088,
            0.03805795,
            0.0402752,
            0.03905841,
            0.0393358,
            0.03604053,
            0.03604053,
            0.03463202,
            0.03463202,
            0.03463431,
            0.03435316,
            0.03438716,
            0.03476717,
            0.03639137,
            0.03809618,
            0.03752611,
            0.03554636,
            0.036600839999999996,
            0.03693854,
            0.023575449999999998,
            0.02360024,
            0.02360024,
            0.02323653,
            0.02323653,
            0.024030759999999998,
            0.0237232,
            0.03166229,
            0.03132811,
            0.02809871,
            0.02843882,
            0.02809871,
            0.10831292000000001,
            0.10357653,
            0.10357653,
            0.10357653,
            0.10357653,
            0.11660549,
            0.11660549,
            0.10177758,
            0.10137601,
            0.10264355000000001,
            0.10264355000000001,
            0.10277716,
            0.10277716,
            0.10217095000000001,
            0.10189332000000001,
            0.10068410000000001,
            0.10040072000000001,
            0.10039985000000001,
            0.10068127,
            0.10039690000000001,
            0.10039690000000001,
            0.10039690000000001,
            0.10081755,
            0.17395536,
            0.15918175,
            0.14406356,
            0.15417878000000002,
            0.17094432999999998,
            0.18703224,
            0.16119296,
            0.16658361000000002,
            0.20296065,
            0.05545991,
            0.05545991,
            0.05428298000000001
        ],
        [
            0.05454334,
            0.05061507,
            0.05061507,
            0.0015748799999999999,
            0.0,
            0.00283973,
            0.0017707999999999999,
            0.00751818,
            0.00751818,
            0.03499028999999999,
            0.03556809,
            0.035857,
            0.03522689,
            0.04005038,
            0.03987164,
            0.03858164,
            0.03907336,
            0.03858164,
            0.039711239999999995,
            0.038318309999999994,
            0.04053556,
            0.03931877,
            0.03959615999999999,
            0.03630089,
            0.03630089,
            0.03489238,
            0.03489238,
            0.03489467,
            0.034613519999999995,
            0.03464752,
            0.03502753,
            0.036651729999999993,
            0.038356539999999995,
            0.03778647,
            0.03580672,
            0.0368612,
            0.03719889999999999,
            0.02383581,
            0.0238606,
            0.0238606,
            0.02349689,
            0.02349689,
            0.02429112,
            0.023983559999999998,
            0.03192265,
            0.03158847,
            0.02835907,
            0.028699179999999998,
            0.02835907,
            0.10857328,
            0.10383688999999999,
            0.10383688999999999,
            0.10383688999999999,
            0.10383688999999999,
            0.11686585,
            0.11686585,
            0.10203794,
            0.10163637,
            0.10290391000000002,
            0.10290391000000002,
            0.10303752,
            0.10303752,
            0.10243131,
            0.10215368,
            0.10094446000000001,
            0.10066108000000001,
            0.10066021,
            0.10094163,
            0.10065726,
            0.10065726,
            0.10065726,
            0.10107790999999999,
            0.17421572,
            0.15944211,
            0.14432392,
            0.15443914,
            0.17120468999999996,
            0.18729259999999998,
            0.16145331999999998,
            0.16684397,
            0.20322100999999998,
            0.055720269999999995,
            0.055720269999999995,
            0.05454334
        ],
        [
            0.055547830000000006,
            0.05161956,
            0.05161956,
            0.00257937,
            0.00283973,
            0.0,
            0.0016389500000000001,
            0.00852267,
            0.00852267,
            0.03599478,
            0.03657258,
            0.03686149,
            0.036231379999999994,
            0.04105486999999999,
            0.04087613,
            0.03958613,
            0.04007785,
            0.03958613,
            0.04071573,
            0.0393228,
            0.041540049999999995,
            0.04032326,
            0.040600649999999995,
            0.03730538,
            0.03730538,
            0.03589687,
            0.03589687,
            0.03589916,
            0.03561801,
            0.03565201,
            0.03603202,
            0.03765622,
            0.03936103,
            0.03879096,
            0.03681121,
            0.037865689999999994,
            0.03820339,
            0.0248403,
            0.02486509,
            0.02486509,
            0.02450138,
            0.02450138,
            0.02529561,
            0.024988049999999998,
            0.03292714,
            0.03259296,
            0.029363559999999997,
            0.029703669999999998,
            0.029363559999999997,
            0.10957777,
            0.10484138,
            0.10484138,
            0.10484138,
            0.10484138,
            0.11787034,
            0.11787034,
            0.10304243,
            0.10264086,
            0.10390840000000001,
            0.10390840000000001,
            0.10404201,
            0.10404201,
            0.10343580000000001,
            0.10315817000000001,
            0.10194895000000001,
            0.10166557000000001,
            0.10166470000000001,
            0.10194612,
            0.10166175000000001,
            0.10166175000000001,
            0.10166175000000001,
            0.1020824,
            0.17522021,
            0.1604466,
            0.14532841000000002,
            0.15544363,
            0.17220917999999996,
            0.18829709,
            0.16245780999999998,
            0.16784846000000003,
            0.2042255,
            0.05672476,
            0.05672476,
            0.055547830000000006
        ],
        [
            0.054478900000000004,
            0.05055063,
            0.05055063,
            0.00151044,
            0.0017707999999999999,
            0.0016389500000000001,
            0.0,
            0.00745374,
            0.00745374,
            0.034925849999999994,
            0.03550365,
            0.03579256,
            0.03516245,
            0.03998594,
            0.0398072,
            0.0385172,
            0.03900892,
            0.0385172,
            0.039646799999999996,
            0.038253869999999995,
            0.04047112,
            0.039254330000000004,
            0.03953171999999999,
            0.03623645,
            0.03623645,
            0.03482794,
            0.03482794,
            0.034830230000000004,
            0.034549079999999996,
            0.03458308,
            0.03496309,
            0.036587289999999995,
            0.038292099999999996,
            0.037722030000000004,
            0.03574228,
            0.03679676,
            0.037134459999999994,
            0.02377137,
            0.02379616,
            0.02379616,
            0.02343245,
            0.02343245,
            0.02422668,
            0.02391912,
            0.03185821,
            0.03152403,
            0.02829463,
            0.02863474,
            0.02829463,
            0.10850884,
            0.10377244999999999,
            0.10377244999999999,
            0.10377244999999999,
            0.10377244999999999,
            0.11680141,
            0.11680141,
            0.1019735,
            0.10157193,
            0.10283947000000002,
            0.10283947000000002,
            0.10297308,
            0.10297308,
            0.10236687,
            0.10208924,
            0.10088002000000001,
            0.10059664000000001,
            0.10059577,
            0.10087719,
            0.10059282,
            0.10059282,
            0.10059282,
            0.10101347,
            0.17415128,
            0.15937767,
            0.14425948,
            0.1543747,
            0.17114024999999997,
            0.18722815999999998,
            0.16138887999999998,
            0.16677953,
            0.20315656999999998,
            0.055655829999999996,
            0.055655829999999996,
            0.054478900000000004
        ],
        [
            0.057539560000000003,
            0.05361129,
            0.05361129,
            0.00725782,
            0.00751818,
            0.00852267,
            0.00745374,
            0.0,
            2e-08,
            0.03798651,
            0.038564310000000004,
            0.038853219999999994,
            0.03822311,
            0.0430466,
            0.042867859999999994,
            0.041577859999999994,
            0.042069579999999995,
            0.041577859999999994,
            0.04270746,
            0.04131453,
            0.04353177999999999,
            0.04231499,
            0.04259238,
            0.039297109999999996,
            0.039297109999999996,
            0.037888599999999995,
            0.037888599999999995,
            0.037890889999999997,
            0.03760974,
            0.037643739999999995,
            0.038023749999999995,
            0.03964795,
            0.04135276,
            0.040782689999999996,
            0.038802939999999994,
            0.03985742,
            0.04019512,
            0.02683203,
            0.02685682,
            0.02685682,
            0.02649311,
            0.02649311,
            0.02728734,
            0.02697978,
            0.03491887,
            0.03458469,
            0.03135529,
            0.0316954,
            0.03135529,
            0.1115695,
            0.10683311,
            0.10683311,
            0.10683311,
            0.10683311,
            0.11986207,
            0.11986207,
            0.10503416,
            0.10463259,
            0.10590013000000001,
            0.10590013000000001,
            0.10603374,
            0.10603374,
            0.10542753,
            0.1051499,
            0.10394068000000001,
            0.10365730000000001,
            0.10365643000000001,
            0.10393785,
            0.10365348,
            0.10365348,
            0.10365348,
            0.10407413,
            0.17721194,
            0.16243833000000002,
            0.14732014,
            0.15743536,
            0.17420091,
            0.19028881999999997,
            0.16444954,
            0.16984019,
            0.20621722999999997,
            0.058716489999999996,
            0.058716489999999996,
            0.057539560000000003
        ],
        [
            0.057539560000000003,
            0.05361129,
            0.05361129,
            0.00725782,
            0.00751818,
            0.00852267,
            0.00745374,
            2e-08,
            0.0,
            0.03798651,
            0.038564310000000004,
            0.038853219999999994,
            0.03822311,
            0.0430466,
            0.042867859999999994,
            0.041577859999999994,
            0.042069579999999995,
            0.041577859999999994,
            0.04270746,
            0.04131453,
            0.04353177999999999,
            0.04231499,
            0.04259238,
            0.039297109999999996,
            0.039297109999999996,
            0.037888599999999995,
            0.037888599999999995,
            0.037890889999999997,
            0.03760974,
            0.037643739999999995,
            0.038023749999999995,
            0.03964795,
            0.04135276,
            0.040782689999999996,
            0.038802939999999994,
            0.03985742,
            0.04019512,
            0.02683203,
            0.02685682,
            0.02685682,
            0.02649311,
            0.02649311,
            0.02728734,
            0.02697978,
            0.03491887,
            0.03458469,
            0.03135529,
            0.0316954,
            0.03135529,
            0.1115695,
            0.10683311,
            0.10683311,
            0.10683311,
            0.10683311,
            0.11986207,
            0.11986207,
            0.10503416,
            0.10463259,
            0.10590013000000001,
            0.10590013000000001,
            0.10603374,
            0.10603374,
            0.10542753,
            0.1051499,
            0.10394068000000001,
            0.10365730000000001,
            0.10365643000000001,
            0.10393785,
            0.10365348,
            0.10365348,
            0.10365348,
            0.10407413,
            0.17721194,
            0.16243833000000002,
            0.14732014,
            0.15743536,
            0.17420091,
            0.19028881999999997,
            0.16444954,
            0.16984019,
            0.20621722999999997,
            0.058716489999999996,
            0.058716489999999996,
            0.057539560000000003
        ],
        [
            0.06781975,
            0.06389148,
            0.06389148,
            0.03472993,
            0.03499028999999999,
            0.03599478,
            0.034925849999999994,
            0.03798651,
            0.03798651,
            0.0,
            0.00057782,
            0.00086673,
            0.01729498,
            0.02211847,
            0.021939729999999998,
            0.020649729999999998,
            0.02114145,
            0.020649729999999998,
            0.02177933,
            0.0203864,
            0.02260365,
            0.02138686,
            0.02166425,
            0.01836898,
            0.01836898,
            0.01696047,
            0.01696047,
            0.01696276,
            0.01668161,
            0.01671561,
            0.01709562,
            0.018719819999999998,
            0.02042463,
            0.01985456,
            0.017874809999999998,
            0.01892929,
            0.01926699,
            0.032615979999999996,
            0.03264077,
            0.03264077,
            0.032277059999999996,
            0.032277059999999996,
            0.033071289999999996,
            0.03276373,
            0.04519906,
            0.044864879999999996,
            0.041635479999999996,
            0.04197558999999999,
            0.041635479999999996,
            0.12184969000000001,
            0.1171133,
            0.1171133,
            0.1171133,
            0.1171133,
            0.13014226,
            0.13014226,
            0.11531435000000001,
            0.11491277999999999,
            0.11618032,
            0.11618032,
            0.11631393000000001,
            0.11631393000000001,
            0.11570772000000001,
            0.11543009000000001,
            0.11422087,
            0.11393749,
            0.11393662000000002,
            0.11421803999999999,
            0.11393367000000001,
            0.11393367000000001,
            0.11393367000000001,
            0.11435432000000001,
            0.18749213,
            0.17271852000000001,
            0.15760033,
            0.16771555,
            0.18448109999999998,
            0.20056901,
            0.17472973,
            0.18012038000000002,
            0.21649742,
            0.06899668,
            0.06899668,
            0.06781975
        ],
        [
            0.06839755,
            0.06446928,
            0.06446928,
            0.03530773,
            0.03556809,
            0.03657258,
            0.03550365,
            0.038564310000000004,
            0.038564310000000004,
            0.00057782,
            0.0,
            0.00028893,
            0.017872779999999998,
            0.022696269999999998,
            0.02251753,
            0.02122753,
            0.021719250000000002,
            0.02122753,
            0.02235713,
            0.020964200000000002,
            0.02318145,
            0.02196466,
            0.02224205,
            0.018946780000000003,
            0.018946780000000003,
            0.01753827,
            0.01753827,
            0.01754056,
            0.017259410000000003,
            0.017293410000000002,
            0.017673420000000002,
            0.01929762,
            0.021002430000000002,
            0.020432360000000004,
            0.01845261,
            0.019507089999999998,
            0.01984479,
            0.03319378,
            0.03321857,
            0.03321857,
            0.03285486,
            0.03285486,
            0.03364909,
            0.03334153,
            0.04577686,
            0.04544268,
            0.04221328,
            0.042553389999999996,
            0.04221328,
            0.12242749,
            0.11769109999999999,
            0.11769109999999999,
            0.11769109999999999,
            0.11769109999999999,
            0.13072006,
            0.13072006,
            0.11589215,
            0.11549058000000001,
            0.11675812000000002,
            0.11675812000000002,
            0.11689173,
            0.11689173,
            0.11628552,
            0.11600789,
            0.11479867000000002,
            0.11451529000000002,
            0.11451442,
            0.11479584000000001,
            0.11451147,
            0.11451147,
            0.11451147,
            0.11493212,
            0.18806993,
            0.17329632,
            0.15817813,
            0.16829335,
            0.18505889999999997,
            0.20114680999999998,
            0.17530753,
            0.18069818,
            0.21707521999999999,
            0.06957448000000001,
            0.06957448000000001,
            0.06839755
        ],
        [
            0.06868645999999999,
            0.06475819,
            0.06475819,
            0.03559664,
            0.035857,
            0.03686149,
            0.03579256,
            0.038853219999999994,
            0.038853219999999994,
            0.00086673,
            0.00028893,
            0.0,
            0.01816169,
            0.02298518,
            0.022806439999999997,
            0.021516439999999998,
            0.02200816,
            0.021516439999999998,
            0.02264604,
            0.02125311,
            0.02347036,
            0.02225357,
            0.02253096,
            0.01923569,
            0.01923569,
            0.017827179999999998,
            0.017827179999999998,
            0.01782947,
            0.01754832,
            0.01758232,
            0.01796233,
            0.019586529999999998,
            0.02129134,
            0.02072127,
            0.018741519999999998,
            0.019796,
            0.0201337,
            0.033482689999999996,
            0.03350748,
            0.03350748,
            0.033143769999999996,
            0.033143769999999996,
            0.033937999999999996,
            0.03363044,
            0.04606577,
            0.045731589999999996,
            0.042502189999999995,
            0.0428423,
            0.042502189999999995,
            0.1227164,
            0.11798001,
            0.11798001,
            0.11798001,
            0.11798001,
            0.13100897,
            0.13100897,
            0.11618106,
            0.11577949,
            0.11704703000000001,
            0.11704703000000001,
            0.11718064,
            0.11718064,
            0.11657443,
            0.1162968,
            0.11508758000000001,
            0.11480420000000001,
            0.11480333000000001,
            0.11508475,
            0.11480038000000001,
            0.11480038000000001,
            0.11480038000000001,
            0.11522103,
            0.18835884,
            0.17358523,
            0.15846704,
            0.16858225999999998,
            0.18534780999999997,
            0.20143571999999998,
            0.17559644,
            0.18098709000000002,
            0.21736413,
            0.06986339,
            0.06986339,
            0.06868645999999999
        ],
        [
            0.06805635,
            0.06412808,
            0.06412808,
            0.034966529999999996,
            0.03522689,
            0.036231379999999994,
            0.03516245,
            0.03822311,
            0.03822311,
            0.01729498,
            0.017872779999999998,
            0.01816169,
            0.0,
            0.005492529999999999,
            0.005313789999999999,
            0.004023789999999999,
            0.0045155099999999995,
            0.004023789999999999,
            0.005153389999999999,
            0.0037604599999999998,
            0.005977709999999999,
            0.004760919999999999,
            0.005038309999999999,
            0.00174304,
            0.00174304,
            0.00033453,
            0.00033453,
            0.00089454,
            0.00061339,
            0.006170269999999999,
            0.0065502799999999995,
            0.00817448,
            0.00987929,
            0.00930922,
            0.007329469999999999,
            0.00838395,
            0.008721650000000001,
            0.03285258,
            0.032877369999999996,
            0.032877369999999996,
            0.03251366,
            0.03251366,
            0.03330789,
            0.033000329999999994,
            0.04543566,
            0.04510148,
            0.04187208,
            0.04221219,
            0.04187208,
            0.12208629000000001,
            0.11734990000000001,
            0.11734990000000001,
            0.11734990000000001,
            0.11734990000000001,
            0.13037886,
            0.13037886,
            0.11555095000000001,
            0.11514938,
            0.11641692000000001,
            0.11641692000000001,
            0.11655053000000001,
            0.11655053000000001,
            0.11594432000000002,
            0.11566669000000002,
            0.11445747,
            0.11417409,
            0.11417322000000002,
            0.11445464,
            0.11417027000000002,
            0.11417027000000002,
            0.11417027000000002,
            0.11459092000000001,
            0.18772873,
            0.17295512000000002,
            0.15783693000000001,
            0.16795215,
            0.18471769999999998,
            0.20080561,
            0.17496633,
            0.18035698000000003,
            0.21673402,
            0.06923328000000001,
            0.06923328000000001,
            0.06805635
        ],
        [
            0.07287984,
            0.06895157,
            0.06895157,
            0.039790019999999995,
            0.04005038,
            0.04105486999999999,
            0.03998594,
            0.0430466,
            0.0430466,
            0.02211847,
            0.022696269999999998,
            0.02298518,
            0.005492529999999999,
            0.0,
            0.00498792,
            0.0036979200000000004,
            0.00418964,
            0.0036979200000000004,
            0.00482752,
            0.00343459,
            0.0062663,
            0.00729569,
            0.007573079999999999,
            0.0060179299999999995,
            0.0060179299999999995,
            0.005158019999999999,
            0.005158019999999999,
            0.005718029999999999,
            0.005436879999999999,
            0.010993759999999998,
            0.011373769999999998,
            0.012997969999999998,
            0.014702779999999999,
            0.01413271,
            0.012152959999999997,
            0.013207439999999997,
            0.013545139999999999,
            0.03767607,
            0.037700859999999996,
            0.037700859999999996,
            0.03733715,
            0.03733715,
            0.03813138,
            0.037823819999999994,
            0.05025915,
            0.04992497,
            0.04669557,
            0.047035679999999996,
            0.04669557,
            0.12690978,
            0.12217338999999999,
            0.12217338999999999,
            0.12217338999999999,
            0.12217338999999999,
            0.13520235,
            0.13520235,
            0.12037444,
            0.11997287000000001,
            0.12124041000000002,
            0.12124041000000002,
            0.12137402,
            0.12137402,
            0.12076781,
            0.12049018,
            0.11928096000000002,
            0.11899758000000002,
            0.11899671,
            0.11927813000000001,
            0.11899376,
            0.11899376,
            0.11899376,
            0.11941441,
            0.19255222,
            0.17777861,
            0.16266042,
            0.17277564,
            0.18954118999999997,
            0.20562909999999998,
            0.17978982,
            0.18518047,
            0.22155750999999999,
            0.07405677000000001,
            0.07405677000000001,
            0.07287984
        ],
        [
            0.0727011,
            0.06877283000000001,
            0.06877283000000001,
            0.03961128,
            0.03987164,
            0.04087613,
            0.0398072,
            0.042867859999999994,
            0.042867859999999994,
            0.021939729999999998,
            0.02251753,
            0.022806439999999997,
            0.005313789999999999,
            0.00498792,
            0.0,
            0.0035191800000000002,
            0.0040108999999999995,
            0.0035191800000000002,
            0.00464878,
            0.00325585,
            0.00608756,
            0.0071169499999999995,
            0.007394339999999999,
            0.005839189999999999,
            0.005839189999999999,
            0.004979279999999999,
            0.004979279999999999,
            0.005539289999999999,
            0.005258139999999999,
            0.010815019999999998,
            0.011195029999999998,
            0.012819229999999997,
            0.014524039999999998,
            0.01395397,
            0.011974219999999997,
            0.013028699999999997,
            0.013366399999999999,
            0.037497329999999995,
            0.03752212,
            0.03752212,
            0.037158409999999996,
            0.037158409999999996,
            0.037952639999999996,
            0.03764508,
            0.05008041,
            0.049746229999999995,
            0.046516829999999995,
            0.04685694,
            0.046516829999999995,
            0.12673104000000002,
            0.12199465,
            0.12199465,
            0.12199465,
            0.12199465,
            0.13502361000000002,
            0.13502361000000002,
            0.1201957,
            0.11979413,
            0.12106167000000001,
            0.12106167000000001,
            0.12119528,
            0.12119528,
            0.12058907,
            0.12031144,
            0.11910222000000001,
            0.11881884000000001,
            0.11881797000000001,
            0.11909939,
            0.11881502000000001,
            0.11881502000000001,
            0.11881502000000001,
            0.11923567,
            0.19237347999999999,
            0.17759987,
            0.16248168000000002,
            0.1725969,
            0.18936244999999996,
            0.20545036,
            0.17961107999999998,
            0.18500173000000003,
            0.22137877,
            0.07387803000000001,
            0.07387803000000001,
            0.0727011
        ],
        [
            0.07141109999999999,
            0.06748283,
            0.06748283,
            0.03832128,
            0.03858164,
            0.03958613,
            0.0385172,
            0.041577859999999994,
            0.041577859999999994,
            0.020649729999999998,
            0.02122753,
            0.021516439999999998,
            0.004023789999999999,
            0.0036979200000000004,
            0.0035191800000000002,
            0.0,
            0.0004917400000000001,
            2e-08,
            0.00112962,
            0.0014101500000000002,
            0.00479756,
            0.00582695,
            0.00610434,
            0.00454919,
            0.00454919,
            0.0036892799999999996,
            0.0036892799999999996,
            0.004249289999999999,
            0.003968139999999999,
            0.009525019999999999,
            0.009905029999999999,
            0.011529229999999998,
            0.013234039999999999,
            0.01266397,
            0.010684219999999998,
            0.011738699999999998,
            0.0120764,
            0.036207329999999996,
            0.03623212,
            0.03623212,
            0.035868409999999996,
            0.035868409999999996,
            0.036662639999999996,
            0.03635508,
            0.04879041,
            0.048456229999999996,
            0.045226829999999996,
            0.04556694,
            0.045226829999999996,
            0.12544104,
            0.12070465,
            0.12070465,
            0.12070465,
            0.12070465,
            0.13373361,
            0.13373361,
            0.1189057,
            0.11850413,
            0.11977167000000001,
            0.11977167000000001,
            0.11990528,
            0.11990528,
            0.11929907000000001,
            0.11902144,
            0.11781222000000001,
            0.11752884000000001,
            0.11752797000000001,
            0.11780939,
            0.11752502000000001,
            0.11752502000000001,
            0.11752502000000001,
            0.11794567,
            0.19108348,
            0.17630987,
            0.16119168,
            0.17130689999999998,
            0.18807244999999997,
            0.20416035999999999,
            0.17832108,
            0.18371173000000002,
            0.22008877,
            0.07258803,
            0.07258803,
            0.07141109999999999
        ],
        [
            0.07190281999999999,
            0.06797455,
            0.06797455,
            0.038813,
            0.03907336,
            0.04007785,
            0.03900892,
            0.042069579999999995,
            0.042069579999999995,
            0.02114145,
            0.021719250000000002,
            0.02200816,
            0.0045155099999999995,
            0.00418964,
            0.0040108999999999995,
            0.0004917400000000001,
            0.0,
            0.0004917400000000001,
            0.0016213400000000002,
            0.00190187,
            0.00528928,
            0.00631867,
            0.00659606,
            0.00504091,
            0.00504091,
            0.004181,
            0.004181,
            0.0047410099999999995,
            0.0044598599999999995,
            0.01001674,
            0.01039675,
            0.012020949999999999,
            0.01372576,
