{
    "NEXUS_FILE_URL": "http://purl.org/phylo/treebase/phylows/study/TB2:S12493",
    "NEWICK_TREE": "((((((((((14:0.0225261985748387,17:0.031244355176702626):0.00824740129690027,9:0.01584268306424949):0.004281555609682519,(4:0.04543116929168678,5:0.027204885979227544):0.0071455182857546595):0.003562321508462918,(((15:0.008118883201334165,22:0.010846210038566784):0.012864158357151934,12:0.02025365725670647):0.0051267286894056685,13:0.02668718162319389):0.005560530093161153):0.00474193983212523,(((6:0.04543169902717936,20:0.020818546237786117):0.008941348507306657,2:0.010338407596190702):0.00458411404812048,3:0.022601440052573418):0.005644939793912063):1.3410491816467918E-6,((((19:0.017691378231266153,21:0.016105020903428746):0.006487049589102845,23:0.03803662121693979):0.002303785530456459,10:0.055461074986187214):0.011589226080224002,(24:0.00863269405951822,1:0.024936561318438577):0.004106546067052186):0.0030631511782949206):0.0029458055194162003,11:0.008731438889633347):0.026291331048686084,16:0.05096266518782591):0.028405369312602208,18:0.0402221451631469):0.016277973050981113,(((7:0.13336749451821223,25:0.10646823776331066):0.04715495618257043,8:0.034554031682330205):0.005497115045863282,26:0.038189559017675095):0.016277973050981106);",
    "DISTANCE_MATRIX": [
        [
            0.0,
            0.05377055375154133,
            0.04661628293598846,
            0.08763184305886293,
            0.0694055597464037,
            0.07028777733093733,
            0.07301510416816995,
            0.0695583930291577,
            0.07086518870623945,
            0.1079615181985282,
            0.08334836540913496,
            0.06392687826023288,
            0.07160579666849512,
            0.08449534848053566,
            0.08290899115269826,
            0.09835354187710646,
            0.11347421011589742,
            0.05916314917605661,
            0.07546701643497697,
            0.05503800228024083,
            0.12356055962711948,
            0.14122540891504268,
            0.31957877560050396,
            0.2926795188456024,
            0.17361035658205148,
            0.1717487688715331
        ],
        [
            0.05377055375154133,
            0.0,
            0.05533443953785239,
            0.09634999966072685,
            0.07812371634826762,
            0.07900593393280125,
            0.08173326077003387,
            0.07827654963102162,
            0.07958334530810338,
            0.11667967480039212,
            0.09206652201099888,
            0.07264503486209681,
            0.08032395327035904,
            0.09321350508239959,
            0.09162714775456218,
            0.10707169847897038,
            0.12219236671776135,
            0.06788130577792054,
            0.0841851730368409,
            0.06375615888210476,
            0.1322787162289834,
            0.1499435655169066,
            0.3282969322023679,
            0.3013976754474663,
            0.1823285131839154,
            0.18046692547339702
        ],
        [
            0.04661628293598846,
            0.05533443953785239,
            0.0,
            0.07270092625137345,
            0.054474642938914214,
            0.05535686052344785,
            0.05808418736068047,
            0.05462747622166822,
            0.05593427189874997,
            0.09303060139103872,
            0.06841744860164548,
            0.0489959614527434,
            0.05667487986100564,
            0.06956443167304618,
            0.06797807434520878,
            0.08342262506961698,
            0.09854329330840794,
            0.04423223236856713,
            0.06053609962748749,
            0.04010708547275135,
            0.10862964281963,
            0.1262944921075532,
            0.3046478587930145,
            0.2777486020381129,
            0.158679439774562,
            0.1568178520640436
        ],
        [
            0.08763184305886293,
            0.09634999966072685,
            0.07270092625137345,
            0.0,
            0.07263605527091432,
            0.08780930942695728,
            0.0905366362641899,
            0.08707992512517765,
            0.0883867208022594,
            0.12548305029454815,
            0.1008698975051549,
            0.08144841035625283,
            0.08912732876451507,
            0.10201688057655561,
            0.1004305232487182,
            0.11587507397312641,
            0.13099574221191737,
            0.07668468127207656,
            0.09298854853099692,
            0.07255953437626078,
            0.14108209172313943,
            0.15874694101106263,
            0.3371003076965239,
            0.3102010509416223,
            0.19113188867807143,
            0.18927030096755304
        ],
        [
            0.0694055597464037,
            0.07812371634826762,
            0.054474642938914214,
            0.07263605527091432,
            0.0,
            0.06958302611449804,
            0.07231035295173066,
            0.06885364181271841,
            0.07016043748980016,
            0.10725676698208891,
            0.08264361419269567,
            0.0632221270437936,
            0.07090104545205583,
            0.08379059726409638,
            0.08220423993625897,
            0.09764879066066717,
            0.11276945889945814,
            0.058458397959617325,
            0.07476226521853768,
            0.054333251063801546,
            0.1228558084106802,
            0.1405206576986034,
            0.31887402438406465,
            0.2919747676291631,
            0.1729056053656122,
            0.1710440176550938
        ],
        [
            0.07028777733093733,
            0.07900593393280125,
            0.05535686052344785,
            0.08780930942695728,
            0.06958302611449804,
            0.0,
            0.01896509323990095,
            0.04123669881519257,
            0.05279695187108566,
            0.10101434154969671,
            0.07640118876030347,
            0.056979701611401395,
            0.06465862001966363,
            0.07754817183170418,
            0.07596181450386677,
            0.09140636522827497,
            0.10652703346706593,
            0.052215972527225124,
            0.06851983978614548,
            0.048090825631409345,
            0.116613382978288,
            0.1342782322662112,
            0.3126315989516725,
            0.2857323421967709,
            0.16666317993322,
            0.1648015922227016
        ],
        [
            0.07301510416816995,
            0.08173326077003387,
            0.05808418736068047,
            0.0905366362641899,
            0.07231035295173066,
            0.01896509323990095,
            0.0,
            0.04396402565242519,
            0.055524278708318275,
            0.10374166838692933,
            0.07912851559753609,
            0.059707028448634014,
            0.06738594685689625,
            0.0802754986689368,
            0.07868914134109939,
            0.09413369206550759,
            0.10925436030429855,
            0.05494329936445774,
            0.0712471666233781,
            0.050818152468641964,
            0.11934070981552061,
            0.1370055591034438,
            0.31535892578890506,
            0.2884596690340035,
            0.16939050677045261,
            0.16752891905993422
        ],
        [
            0.0695583930291577,
            0.07827654963102162,
            0.05462747622166822,
            0.08707992512517765,
            0.06885364181271841,
            0.04123669881519257,
            0.04396402565242519,
            0.0,
            0.05206756756930603,
            0.10028495724791708,
            0.07567180445852384,
            0.05625031730962177,
            0.063929235717884,
            0.07681878752992455,
            0.07523243020208714,
            0.09067698092649534,
            0.1057976491652863,
            0.051486588225445495,
            0.06779045548436585,
            0.04736144132962972,
            0.11588399867650837,
            0.13354884796443156,
            0.3119022146498928,
            0.28500295789499125,
            0.16593379563144037,
            0.16407220792092198
        ],
        [
            0.07086518870623945,
            0.07958334530810338,
            0.05593427189874997,
            0.0883867208022594,
            0.07016043748980016,
            0.05279695187108566,
            0.055524278708318275,
            0.05206756756930603,
            0.0,
            0.10159175292499883,
            0.07697860013560559,
            0.05755711298670352,
            0.06523603139496575,
            0.0781255832070063,
            0.07653922587916889,
            0.0919837766035771,
            0.10710444484236806,
            0.05279338390252725,
            0.0690972511614476,
            0.04866823700671147,
            0.11719079435359012,
            0.1348556436415133,
            0.31320901032697457,
            0.286309753572073,
            0.16724059130852212,
            0.16537900359800373
        ],
        [
            0.1079615181985282,
            0.11667967480039212,
            0.09303060139103872,
            0.12548305029454815,
            0.10725676698208891,
            0.10101434154969671,
            0.10374166838692933,
            0.10028495724791708,
            0.10159175292499883,
            0.0,
            0.06625024526496548,
            0.06471145513067672,
            0.08155860163517992,
            0.10573803303504459,
            0.10415167570720718,
            0.11959622643161538,
            0.13471689467040635,
            0.08040583373056553,
            0.09670970098948589,
            0.07628068683474976,
            0.1448032441816284,
            0.1624680934695516,
            0.34082146015501286,
            0.3139222034001113,
            0.1948530411365604,
            0.19299145342604201
        ],
        [
            0.08334836540913496,
            0.09206652201099888,
            0.06841744860164548,
            0.1008698975051549,
            0.08264361419269567,
            0.07640118876030347,
            0.07912851559753609,
            0.07567180445852384,
            0.07697860013560559,
            0.06625024526496548,
            0.0,
            0.040098302341283476,
            0.05694544884578667,
            0.08112488024565134,
            0.07953852291781394,
            0.09498307364222214,
            0.1101037418810131,
            0.05579268094117229,
            0.07209654820009265,
            0.05166753404535651,
            0.12019009139223516,
            0.13785494068015836,
            0.3162083073656196,
            0.28930905061071804,
            0.17023988834716716,
            0.16837830063664877
        ],
        [
            0.06392687826023288,
            0.07264503486209681,
            0.0489959614527434,
            0.08144841035625283,
            0.0632221270437936,
            0.056979701611401395,
            0.059707028448634014,
            0.05625031730962177,
            0.05755711298670352,
            0.06471145513067672,
            0.040098302341283476,
            0.0,
            0.0375239616968846,
            0.06170339309674927,
            0.060117035768911864,
            0.07556158649332007,
            0.09068225473211103,
            0.03637119379227022,
            0.052675061051190575,
            0.03224604689645444,
            0.10076860424333309,
            0.11843345353125628,
            0.29678682021671754,
            0.26988756346181597,
            0.1508184011982651,
            0.1489568134877467
        ],
        [
            0.07160579666849512,
            0.08032395327035904,
            0.05667487986100564,
            0.08912732876451507,
            0.07090104545205583,
            0.06465862001966363,
            0.06738594685689625,
            0.063929235717884,
            0.06523603139496575,
            0.08155860163517992,
            0.05694544884578667,
            0.0375239616968846,
            0.0,
            0.0693823115050115,
            0.0677959541771741,
            0.0832405049015823,
            0.09836117314037326,
            0.044050112200532454,
            0.06035397945945281,
            0.039924965304716675,
            0.10844752265159532,
            0.12611237193951852,
            0.3044657386249798,
            0.2775664818700782,
            0.15849731960652733,
            0.15663573189600893
        ],
        [
            0.08449534848053566,
            0.09321350508239959,
            0.06956443167304618,
            0.10201688057655561,
            0.08379059726409638,
            0.07754817183170418,
            0.0802754986689368,
            0.07681878752992455,
            0.0781255832070063,
            0.10573803303504459,
            0.08112488024565134,
            0.06170339309674927,
            0.0693823115050115,
            0.0,
            0.0337963991346949,
            0.06221504903730879,
            0.08194328833701267,
            0.050810679557619864,
            0.06711454681654022,
            0.05281183501839393,
            0.12133439236527258,
            0.13899924165319577,
            0.317352608338657,
            0.29045335158375546,
            0.17138418932020458,
            0.16952260160968619
        ],
        [
            0.08290899115269826,
            0.09162714775456218,
            0.06797807434520878,
            0.1004305232487182,
            0.08220423993625897,
            0.07596181450386677,
            0.07868914134109939,
            0.07523243020208714,
            0.07653922587916889,
            0.10415167570720718,
            0.07953852291781394,
            0.060117035768911864,
            0.0677959541771741,
            0.0337963991346949,
            0.0,
            0.06062869170947138,
            0.08035693100917526,
            0.04922432222978246,
            0.06552818948870281,
            0.05122547769055652,
            0.11974803503743517,
            0.13741288432535836,
            0.3157662510108196,
            0.28886699425591805,
            0.16979783199236717,
            0.16793624428184878
        ],
        [
            0.09835354187710646,
            0.10707169847897038,
            0.08342262506961698,
            0.11587507397312641,
            0.09764879066066717,
            0.09140636522827497,
            0.09413369206550759,
            0.09067698092649534,
            0.0919837766035771,
            0.11959622643161538,
            0.09498307364222214,
            0.07556158649332007,
            0.0832405049015823,
            0.06221504903730879,
            0.06062869170947138,
            0.0,
            0.09580148173358347,
            0.06466887295419066,
            0.08097274021311102,
            0.06667002841496472,
            0.13519258576184337,
            0.15285743504976657,
            0.3312108017352278,
            0.30431154498032625,
            0.18524238271677537,
            0.18338079500625698
        ],
        [
            0.11347421011589742,
            0.12219236671776135,
            0.09854329330840794,
            0.13099574221191737,
            0.11276945889945814,
            0.10652703346706593,
            0.10925436030429855,
            0.1057976491652863,
            0.10710444484236806,
            0.13471689467040635,
            0.1101037418810131,
            0.09068225473211103,
            0.09836117314037326,
            0.08194328833701267,
            0.08035693100917526,
            0.09580148173358347,
            0.0,
            0.07978954119298162,
            0.09609340845190198,
            0.08179069665375568,
            0.15031325400063433,
            0.16797810328855753,
            0.34633146997401876,
            0.3194322132191172,
            0.20036305095556634,
            0.19850146324504794
        ],
        [
            0.05916314917605661,
            0.06788130577792054,
            0.04423223236856713,
            0.07668468127207656,
            0.058458397959617325,
            0.052215972527225124,
            0.05494329936445774,
            0.051486588225445495,
            0.05279338390252725,
            0.08040583373056553,
            0.05579268094117229,
            0.03637119379227022,
            0.044050112200532454,
            0.050810679557619864,
            0.04922432222978246,
            0.06466887295419066,
            0.07978954119298162,
            0.0,
            0.0335692553779568,
            0.027479635713914874,
            0.09600219306079352,
            0.11366704234871672,
            0.292020409034178,
            0.2651211522792764,
            0.14605199001572552,
            0.14419040230520713
        ],
        [
            0.07546701643497697,
            0.0841851730368409,
            0.06053609962748749,
            0.09298854853099692,
            0.07476226521853768,
            0.06851983978614548,
            0.0712471666233781,
            0.06779045548436585,
            0.0690972511614476,
            0.09670970098948589,
            0.07209654820009265,
            0.052675061051190575,
            0.06035397945945281,
            0.06711454681654022,
            0.06552818948870281,
            0.08097274021311102,
            0.09609340845190198,
            0.0335692553779568,
            0.0,
            0.04378350297283523,
            0.11230606031971388,
            0.12997090960763708,
            0.30832427629309833,
            0.28142501953819676,
            0.16235585727464588,
            0.1604942695641275
        ],
        [
            0.05503800228024083,
            0.06375615888210476,
            0.04010708547275135,
            0.07255953437626078,
            0.054333251063801546,
            0.048090825631409345,
            0.050818152468641964,
            0.04736144132962972,
            0.04866823700671147,
            0.07628068683474976,
            0.05166753404535651,
            0.03224604689645444,
            0.039924965304716675,
            0.05281183501839393,
            0.05122547769055652,
            0.06667002841496472,
            0.08179069665375568,
            0.027479635713914874,
            0.04378350297283523,
            0.0,
            0.08598543512614534,
            0.10365028441406854,
            0.2820036510995298,
            0.2551043943446282,
            0.13603523208107735,
            0.13417364437055895
        ],
        [
            0.12356055962711948,
            0.1322787162289834,
            0.10862964281963,
            0.14108209172313943,
            0.1228558084106802,
            0.116613382978288,
            0.11934070981552061,
            0.11588399867650837,
            0.11719079435359012,
            0.1448032441816284,
            0.12019009139223516,
            0.10076860424333309,
            0.10844752265159532,
            0.12133439236527258,
            0.11974803503743517,
            0.13519258576184337,
            0.15031325400063433,
            0.09600219306079352,
            0.11230606031971388,
            0.08598543512614534,
            0.0,
            0.11959017966357502,
            0.2979435463490363,
            0.27104428959413474,
            0.15197512733058383,
            0.15011353962006543
        ],
        [
            0.14122540891504268,
            0.1499435655169066,
            0.1262944921075532,
            0.15874694101106263,
            0.1405206576986034,
            0.1342782322662112,
            0.1370055591034438,
            0.13354884796443156,
            0.1348556436415133,
            0.1624680934695516,
            0.13785494068015836,
            0.11843345353125628,
            0.12611237193951852,
            0.13899924165319577,
            0.13741288432535836,
            0.15285743504976657,
            0.16797810328855753,
            0.11366704234871672,
            0.12997090960763708,
            0.10365028441406854,
            0.11959017966357502,
            0.0,
            0.25879765701175506,
            0.2318984002568535,
            0.1128292379933026,
            0.11096765028278421
        ],
        [
            0.31957877560050396,
            0.3282969322023679,
            0.3046478587930145,
            0.3371003076965239,
            0.31887402438406465,
            0.3126315989516725,
            0.31535892578890506,
            0.3119022146498928,
            0.31320901032697457,
            0.34082146015501286,
            0.3162083073656196,
            0.29678682021671754,
            0.3044657386249798,
            0.317352608338657,
            0.3157662510108196,
            0.3312108017352278,
            0.34633146997401876,
            0.292020409034178,
            0.30832427629309833,
            0.2820036510995298,
            0.2979435463490363,
            0.25879765701175506,
            0.0,
            0.23983573228152288,
            0.21507648238311286,
            0.22420912476432103
        ],
        [
            0.2926795188456024,
            0.3013976754474663,
            0.2777486020381129,
            0.3102010509416223,
            0.2919747676291631,
            0.2857323421967709,
            0.2884596690340035,
            0.28500295789499125,
            0.286309753572073,
            0.3139222034001113,
            0.28930905061071804,
            0.26988756346181597,
            0.2775664818700782,
            0.29045335158375546,
            0.28886699425591805,
            0.30431154498032625,
            0.3194322132191172,
            0.2651211522792764,
            0.28142501953819676,
            0.2551043943446282,
            0.27104428959413474,
            0.2318984002568535,
            0.23983573228152288,
            0.0,
            0.1881772256282113,
            0.19730986800941946
        ],
        [
            0.17361035658205148,
            0.1823285131839154,
            0.158679439774562,
            0.19113188867807143,
            0.1729056053656122,
            0.16666317993322,
            0.16939050677045261,
            0.16593379563144037,
            0.16724059130852212,
            0.1948530411365604,
            0.17023988834716716,
            0.1508184011982651,
            0.15849731960652733,
            0.17138418932020458,
            0.16979783199236717,
            0.18524238271677537,
            0.20036305095556634,
            0.14605199001572552,
            0.16235585727464588,
            0.13603523208107735,
            0.15197512733058383,
            0.1128292379933026,
            0.21507648238311286,
            0.1881772256282113,
            0.0,
            0.07824070574586858
        ],
        [
            0.1717487688715331,
            0.18046692547339702,
            0.1568178520640436,
            0.18927030096755304,
            0.1710440176550938,
            0.1648015922227016,
            0.16752891905993422,
            0.16407220792092198,
            0.16537900359800373,
            0.19299145342604201,
            0.16837830063664877,
            0.1489568134877467,
            0.15663573189600893,
            0.16952260160968619,
            0.16793624428184878,
            0.18338079500625698,
            0.19850146324504794,
            0.14419040230520713,
            0.1604942695641275,
            0.13417364437055895,
            0.15011353962006543,
            0.11096765028278421,
            0.22420912476432103,
            0.19730986800941946,
            0.07824070574586858,
            0.0
        ]
    ],
    "NODE_MAPPING": {
        "0": "14",
        "1": "17",
        "2": "9",
        "3": "4",
        "4": "5",
        "5": "15",
        "6": "22",
        "7": "12",
        "8": "13",
        "9": "6",
        "10": "20",
        "11": "2",
        "12": "3",
        "13": "19",
        "14": "21",
        "15": "23",
        "16": "10",
        "17": "24",
        "18": "1",
        "19": "11",
        "20": "16",
        "21": "18",
        "22": "7",
        "23": "25",
        "24": "8",
        "25": "26"
    }
}