{
    "NEXUS_FILE_URL": "http://purl.org/phylo/treebase/phylows/study/TB2:S11020",
    "NEWICK_TREE": "(((((((((((((((50:0.002,(48:0.002,((47:-1.0E-5,27:0.00806):1.0E-5,(46:0.00201,(44:0.00201,(41:0.00201,(40:0.00201,39:0.00201):-0.0):0.0):-0.0):-0.0):0.0):0.0):0.0,53:0.00201):0.0,49:0.002):1.0E-5,57:0.00199):1.1E-4,42:0.00188):2.2E-4,((55:5.1E-4,54:0.0015):9.2E-4,(43:0.00182,35:0.00421):0.0011):6.8E-4):6.3E-4,(51:0.00355,25:0.01468):0.001):4.0E-4,(56:0.00198,((45:-2.0E-5,34:0.00605):1.0E-5,32:0.00402):3.0E-5):6.3E-4):0.00113,(58:2.0E-5,52:0.00198):0.00121):0.0014,38:0.00272):0.00131,((37:-2.0E-5,36:0.00202):6.0E-5,33:0.00395):0.00342):0.0054,((31:0.00224,((30:0.00452,(24:0.00547,(((23:0.00757,15:0.01066):0.00138,(22:0.00243,19:0.00561):0.00475):0.00381,(((21:0.00162,((17:0.00198,(16:0.00291,((14:0.00187,(10:0.00207,(9:-2.5E-4,8:0.0083):0.00197):1.4E-4):1.6E-4,12:0.00184):8.6E-4):0.00572):0.00428,11:0.0028):0.00126):0.00138,13:0.00543):0.00211,20:0.00229):0.0042):0.00596):7.8E-4):0.00216,(29:0.00368,28:0.00234):0.00196):0.00368):0.00725,(26:3.9E-4,18:0.00968):0.00836):0.0078):0.01144,(7:0.00253,(6:-1.0E-4,(5:-1.0E-4,4:0.0021):0.00211):0.0035):0.02726):0.02622,2:0.04503):0.00457,(3:0.05422,1:0.07212):0.00208);",
    "DISTANCE_MATRIX": [
        [
            0.0,
            0.004,
            0.002,
            0.010069999999999999,
            0.00401,
            0.00401,
            0.00401,
            0.00401,
            0.00401,
            0.00401,
            0.004,
            0.004,
            0.004,
            0.00445,
            0.00544,
            0.00594,
            0.00833,
            0.007520000000000001,
            0.01865,
            0.00598,
            0.00402,
            0.01009,
            0.00805,
            0.005730000000000001,
            0.007690000000000001,
            0.008620000000000001,
            0.01067,
            0.01271,
            0.014580000000000001,
            0.029900000000000003,
            0.038020000000000005,
            0.03975,
            0.053000000000000005,
            0.05609,
            0.05123,
            0.05441000000000001,
            0.04955,
            0.05545,
            0.0621,
            0.06208,
            0.06242,
            0.06207,
            0.07062,
            0.06189,
            0.05199,
            0.051980000000000005,
            0.04673,
            0.036980000000000006,
            0.035640000000000005,
            0.02916,
            0.038450000000000005,
            0.05384,
            0.05471,
            0.05682,
            0.05902,
            0.0953,
            0.11113999999999999,
            0.12904
        ],
        [
            0.004,
            0.0,
            0.002,
            0.010069999999999999,
            0.00401,
            0.00401,
            0.00401,
            0.00401,
            0.00401,
            0.00401,
            0.004,
            0.004,
            0.004,
            0.00445,
            0.00544,
            0.00594,
            0.00833,
            0.007520000000000001,
            0.01865,
            0.00598,
            0.00402,
            0.01009,
            0.00805,
            0.005730000000000001,
            0.007690000000000001,
            0.008620000000000001,
            0.01067,
            0.01271,
            0.014580000000000001,
            0.029900000000000003,
            0.038020000000000005,
            0.03975,
            0.053000000000000005,
            0.05609,
            0.05123,
            0.05441000000000001,
            0.04955,
            0.05545,
            0.0621,
            0.06208,
            0.06242,
            0.06207,
            0.07062,
            0.06189,
            0.05199,
            0.051980000000000005,
            0.04673,
            0.036980000000000006,
            0.035640000000000005,
            0.02916,
            0.038450000000000005,
            0.05384,
            0.05471,
            0.05682,
            0.05902,
            0.0953,
            0.11113999999999999,
            0.12904
        ],
        [
            0.002,
            0.002,
            0.0,
            0.00805,
            0.00201,
            0.00201,
            0.00201,
            0.00201,
            0.00201,
            0.00201,
            0.002,
            0.002,
            0.002,
            0.00245,
            0.0034400000000000003,
            0.00394,
            0.0063300000000000006,
            0.005520000000000001,
            0.016649999999999998,
            0.00398,
            0.00202,
            0.00809,
            0.00605,
            0.00373,
            0.005690000000000001,
            0.00662,
            0.008669999999999999,
            0.010709999999999999,
            0.01258,
            0.0279,
            0.03602,
            0.03775,
            0.051000000000000004,
            0.05409,
            0.049229999999999996,
            0.052410000000000005,
            0.047549999999999995,
            0.05345,
            0.0601,
            0.06008,
            0.06042,
            0.06007,
            0.06862,
            0.05989,
            0.04999,
            0.049980000000000004,
            0.04473,
            0.034980000000000004,
            0.03364,
            0.027159999999999997,
            0.03645,
            0.05184,
            0.05271,
            0.05482,
            0.05702,
            0.0933,
            0.10913999999999999,
            0.12704
        ],
        [
            0.010069999999999999,
            0.010069999999999999,
            0.00805,
            0.0,
            0.010079999999999999,
            0.010079999999999999,
            0.010079999999999999,
            0.010079999999999999,
            0.010079999999999999,
            0.010079999999999999,
            0.010069999999999999,
            0.010069999999999999,
            0.010069999999999999,
            0.010519999999999998,
            0.01151,
            0.01201,
            0.0144,
            0.01359,
            0.02472,
            0.012049999999999998,
            0.010089999999999998,
            0.016159999999999997,
            0.014119999999999999,
            0.0118,
            0.01376,
            0.01469,
            0.01674,
            0.018779999999999998,
            0.02065,
            0.03597,
            0.044090000000000004,
            0.04582,
            0.059070000000000004,
            0.06216,
            0.0573,
            0.060480000000000006,
            0.055619999999999996,
            0.06152,
            0.06817000000000001,
            0.06815,
            0.06849,
            0.06814,
            0.07669000000000001,
            0.06795999999999999,
            0.05806,
            0.058050000000000004,
            0.0528,
            0.043050000000000005,
            0.041710000000000004,
            0.03523,
            0.044520000000000004,
            0.059910000000000005,
            0.06078,
            0.06289,
            0.06509000000000001,
            0.10137,
            0.11721,
            0.13511
        ],
        [
            0.00401,
            0.00401,
            0.00201,
            0.010079999999999999,
            0.0,
            0.00402,
            0.00402,
            0.00402,
            0.00402,
            0.00402,
            0.00401,
            0.00401,
            0.00401,
            0.00446,
            0.00545,
            0.00595,
            0.00834,
            0.00753,
            0.01866,
            0.0059900000000000005,
            0.004030000000000001,
            0.0101,
            0.008060000000000001,
            0.00574,
            0.0077,
            0.00863,
            0.01068,
            0.01272,
            0.01459,
            0.02991,
            0.03803,
            0.03976,
            0.05301,
            0.0561,
            0.051239999999999994,
            0.05442,
            0.04955999999999999,
            0.055459999999999995,
            0.06211,
            0.06209,
            0.06243,
            0.062079999999999996,
            0.07063000000000001,
            0.0619,
            0.052,
            0.05199,
            0.04674,
            0.03699,
            0.03565,
            0.02917,
            0.03846,
            0.05385,
            0.054720000000000005,
            0.056830000000000006,
            0.05903,
            0.09531,
            0.11115,
            0.12905
        ],
        [
            0.00401,
            0.00401,
            0.00201,
            0.010079999999999999,
            0.00402,
            0.0,
            0.00402,
            0.00402,
            0.00402,
            0.00402,
            0.00401,
            0.00401,
            0.00401,
            0.00446,
            0.00545,
            0.00595,
            0.00834,
            0.00753,
            0.01866,
            0.0059900000000000005,
            0.004030000000000001,
            0.0101,
            0.008060000000000001,
            0.00574,
            0.0077,
            0.00863,
            0.01068,
            0.01272,
            0.01459,
            0.02991,
            0.03803,
            0.03976,
            0.05301,
            0.0561,
            0.051239999999999994,
            0.05442,
            0.04955999999999999,
            0.055459999999999995,
            0.06211,
            0.06209,
            0.06243,
            0.062079999999999996,
            0.07063000000000001,
            0.0619,
            0.052,
            0.05199,
            0.04674,
            0.03699,
            0.03565,
            0.02917,
            0.03846,
            0.05385,
            0.054720000000000005,
            0.056830000000000006,
            0.05903,
            0.09531,
            0.11115,
            0.12905
        ],
        [
            0.00401,
            0.00401,
            0.00201,
            0.010079999999999999,
            0.00402,
            0.00402,
            0.0,
            0.00402,
            0.00402,
            0.00402,
            0.00401,
            0.00401,
            0.00401,
            0.00446,
            0.00545,
            0.00595,
            0.00834,
            0.00753,
            0.01866,
            0.0059900000000000005,
            0.004030000000000001,
            0.0101,
            0.008060000000000001,
            0.00574,
            0.0077,
            0.00863,
            0.01068,
            0.01272,
            0.01459,
            0.02991,
            0.03803,
            0.03976,
            0.05301,
            0.0561,
            0.051239999999999994,
            0.05442,
            0.04955999999999999,
            0.055459999999999995,
            0.06211,
            0.06209,
            0.06243,
            0.062079999999999996,
            0.07063000000000001,
            0.0619,
            0.052,
            0.05199,
            0.04674,
            0.03699,
            0.03565,
            0.02917,
            0.03846,
            0.05385,
            0.054720000000000005,
            0.056830000000000006,
            0.05903,
            0.09531,
            0.11115,
            0.12905
        ],
        [
            0.00401,
            0.00401,
            0.00201,
            0.010079999999999999,
            0.00402,
            0.00402,
            0.00402,
            0.0,
            0.00402,
            0.00402,
            0.00401,
            0.00401,
            0.00401,
            0.00446,
            0.00545,
            0.00595,
            0.00834,
            0.00753,
            0.01866,
            0.0059900000000000005,
            0.004030000000000001,
            0.0101,
            0.008060000000000001,
            0.00574,
            0.0077,
            0.00863,
            0.01068,
            0.01272,
            0.01459,
            0.02991,
            0.03803,
            0.03976,
            0.05301,
            0.0561,
            0.051239999999999994,
            0.05442,
            0.04955999999999999,
            0.055459999999999995,
            0.06211,
            0.06209,
            0.06243,
            0.062079999999999996,
            0.07063000000000001,
            0.0619,
            0.052,
            0.05199,
            0.04674,
            0.03699,
            0.03565,
            0.02917,
            0.03846,
            0.05385,
            0.054720000000000005,
            0.056830000000000006,
            0.05903,
            0.09531,
            0.11115,
            0.12905
        ],
        [
            0.00401,
            0.00401,
            0.00201,
            0.010079999999999999,
            0.00402,
            0.00402,
            0.00402,
            0.00402,
            0.0,
            0.00402,
            0.00401,
            0.00401,
            0.00401,
            0.00446,
            0.00545,
            0.00595,
            0.00834,
            0.00753,
            0.01866,
            0.0059900000000000005,
            0.004030000000000001,
            0.0101,
            0.008060000000000001,
            0.00574,
            0.0077,
            0.00863,
            0.01068,
            0.01272,
            0.01459,
            0.02991,
            0.03803,
            0.03976,
            0.05301,
            0.0561,
            0.051239999999999994,
            0.05442,
            0.04955999999999999,
            0.055459999999999995,
            0.06211,
            0.06209,
            0.06243,
            0.062079999999999996,
            0.07063000000000001,
            0.0619,
            0.052,
            0.05199,
            0.04674,
            0.03699,
            0.03565,
            0.02917,
            0.03846,
            0.05385,
            0.054720000000000005,
            0.056830000000000006,
            0.05903,
            0.09531,
            0.11115,
            0.12905
        ],
        [
            0.00401,
            0.00401,
            0.00201,
            0.010079999999999999,
            0.00402,
            0.00402,
            0.00402,
            0.00402,
            0.00402,
            0.0,
            0.00401,
            0.00401,
            0.00401,
            0.00446,
            0.00545,
            0.00595,
            0.00834,
            0.00753,
            0.01866,
            0.0059900000000000005,
            0.004030000000000001,
            0.0101,
            0.008060000000000001,
            0.00574,
            0.0077,
            0.00863,
            0.01068,
            0.01272,
            0.01459,
            0.02991,
            0.03803,
            0.03976,
            0.05301,
            0.0561,
            0.051239999999999994,
            0.05442,
            0.04955999999999999,
            0.055459999999999995,
            0.06211,
            0.06209,
            0.06243,
            0.062079999999999996,
            0.07063000000000001,
            0.0619,
            0.052,
            0.05199,
            0.04674,
            0.03699,
            0.03565,
            0.02917,
            0.03846,
            0.05385,
            0.054720000000000005,
            0.056830000000000006,
            0.05903,
            0.09531,
            0.11115,
            0.12905
        ],
        [
            0.004,
            0.004,
            0.002,
            0.010069999999999999,
            0.00401,
            0.00401,
            0.00401,
            0.00401,
            0.00401,
            0.00401,
            0.0,
            0.004,
            0.004,
            0.00445,
            0.00544,
            0.00594,
            0.00833,
            0.007520000000000001,
            0.01865,
            0.00598,
            0.00402,
            0.01009,
            0.00805,
            0.005730000000000001,
            0.007690000000000001,
            0.008620000000000001,
            0.01067,
            0.01271,
            0.014580000000000001,
            0.029900000000000003,
            0.038020000000000005,
            0.03975,
            0.053000000000000005,
            0.05609,
            0.05123,
            0.05441000000000001,
            0.04955,
            0.05545,
            0.0621,
            0.06208,
            0.06242,
            0.06207,
            0.07062,
            0.06189,
            0.05199,
            0.051980000000000005,
            0.04673,
            0.036980000000000006,
            0.035640000000000005,
            0.02916,
            0.038450000000000005,
            0.05384,
            0.05471,
            0.05682,
            0.05902,
            0.0953,
            0.11113999999999999,
            0.12904
        ],
        [
            0.004,
            0.004,
            0.002,
            0.010069999999999999,
            0.00401,
            0.00401,
            0.00401,
            0.00401,
            0.00401,
            0.00401,
            0.004,
            0.0,
            0.00398,
            0.00443,
            0.00542,
            0.00592,
            0.008310000000000001,
            0.0075,
            0.01863,
            0.00596,
            0.004,
            0.010069999999999999,
            0.00803,
            0.00571,
            0.00767,
            0.0086,
            0.01065,
            0.01269,
            0.01456,
            0.02988,
            0.038000000000000006,
            0.03973,
            0.05298,
            0.056069999999999995,
            0.05120999999999999,
            0.05439000000000001,
            0.04952999999999999,
            0.05542999999999999,
            0.062079999999999996,
            0.062060000000000004,
            0.0624,
            0.062049999999999994,
            0.07060000000000001,
            0.061869999999999994,
            0.05197,
            0.051960000000000006,
            0.04671,
            0.03696000000000001,
            0.03562,
            0.02914,
            0.038430000000000006,
            0.05382000000000001,
            0.05469,
            0.0568,
            0.059000000000000004,
            0.09528,
            0.11112,
            0.12902
        ],
        [
            0.004,
            0.004,
            0.002,
            0.010069999999999999,
            0.00401,
            0.00401,
            0.00401,
            0.00401,
            0.00401,
            0.00401,
            0.004,
            0.00398,
            0.0,
            0.00421,
            0.0052,
            0.0057,
            0.00809,
            0.00728,
            0.01841,
            0.00574,
            0.00378,
            0.00985,
            0.00781,
            0.00549,
            0.00745,
            0.00838,
            0.01043,
            0.01247,
            0.01434,
            0.02966,
            0.03778,
            0.039509999999999997,
            0.05276,
            0.05585,
            0.050989999999999994,
            0.05417,
            0.04930999999999999,
            0.055209999999999995,
            0.06186,
            0.06184,
            0.06218,
            0.061829999999999996,
            0.07038000000000001,
            0.061649999999999996,
            0.05175,
            0.05174,
            0.04649,
            0.03674,
            0.0354,
            0.02892,
            0.03821,
            0.0536,
            0.054470000000000005,
            0.056580000000000005,
            0.05878,
            0.09506,
            0.1109,
            0.1288
        ],
        [
            0.00445,
            0.00445,
            0.00245,
            0.010519999999999998,
            0.00446,
            0.00446,
            0.00446,
            0.00446,
            0.00446,
            0.00446,
            0.00445,
            0.00443,
            0.00421,
            0.0,
            0.00201,
            0.00435,
            0.00674,
            0.00729,
            0.01842,
            0.00575,
            0.00379,
            0.009859999999999999,
            0.00782,
            0.0055,
            0.00746,
            0.00839,
            0.01044,
            0.01248,
            0.01435,
            0.029670000000000002,
            0.037790000000000004,
            0.03952,
            0.052770000000000004,
            0.05586,
            0.051,
            0.054180000000000006,
            0.049319999999999996,
            0.05522,
            0.06187,
            0.06185,
            0.06219,
            0.06184,
            0.07039000000000001,
            0.06166,
            0.05176,
            0.051750000000000004,
            0.0465,
            0.036750000000000005,
            0.035410000000000004,
            0.028929999999999997,
            0.038220000000000004,
            0.053610000000000005,
            0.05448,
            0.05659,
            0.05879,
            0.09507,
            0.11091,
            0.12881
        ],
        [
            0.00544,
            0.00544,
            0.0034400000000000003,
            0.01151,
            0.00545,
            0.00545,
            0.00545,
            0.00545,
            0.00545,
            0.00545,
            0.00544,
            0.00542,
            0.0052,
            0.00201,
            0.0,
            0.00534,
            0.007730000000000001,
            0.008280000000000001,
            0.01941,
            0.0067399999999999995,
            0.0047799999999999995,
            0.010849999999999999,
            0.00881,
            0.00649,
            0.00845,
            0.00938,
            0.01143,
            0.01347,
            0.01534,
            0.03066,
            0.03878,
            0.04051,
            0.05376,
            0.05685,
            0.051989999999999995,
            0.055170000000000004,
            0.050309999999999994,
            0.056209999999999996,
            0.06286,
            0.06284000000000001,
            0.06318,
            0.06283,
            0.07138,
            0.06265,
            0.05275,
            0.05274,
            0.04749,
            0.03774,
            0.0364,
            0.02992,
            0.03921,
            0.054599999999999996,
            0.05547,
            0.05758,
            0.05978,
            0.09606,
            0.1119,
            0.1298
        ],
        [
            0.00594,
            0.00594,
            0.00394,
            0.01201,
            0.00595,
            0.00595,
            0.00595,
            0.00595,
            0.00595,
            0.00595,
            0.00594,
            0.00592,
            0.0057,
            0.00435,
            0.00534,
            0.0,
            0.006030000000000001,
            0.00878,
            0.01991,
            0.00724,
            0.00528,
            0.011349999999999999,
            0.00931,
            0.0069900000000000006,
            0.00895,
            0.00988,
            0.01193,
            0.01397,
            0.01584,
            0.03116,
            0.03928,
            0.04101,
            0.05426,
            0.05735,
            0.052489999999999995,
            0.055670000000000004,
            0.050809999999999994,
            0.056709999999999997,
            0.06336,
            0.06334000000000001,
            0.06368,
            0.06333,
            0.07188,
            0.06315,
            0.05325,
            0.05324,
            0.04799,
            0.03824,
            0.0369,
            0.03042,
            0.03971,
            0.055099999999999996,
            0.05597,
            0.05808,
            0.06028,
            0.09656,
            0.1124,
            0.1303
        ],
        [
            0.00833,
            0.00833,
            0.0063300000000000006,
            0.0144,
            0.00834,
            0.00834,
            0.00834,
            0.00834,
            0.00834,
            0.00834,
            0.00833,
            0.008310000000000001,
            0.00809,
            0.00674,
            0.007730000000000001,
            0.006030000000000001,
            0.0,
            0.011170000000000001,
            0.0223,
            0.009630000000000001,
            0.0076700000000000015,
            0.01374,
            0.011700000000000002,
            0.009380000000000001,
            0.011340000000000001,
            0.012270000000000001,
            0.014320000000000001,
            0.01636,
            0.018230000000000003,
            0.03355,
            0.041670000000000006,
            0.0434,
            0.056650000000000006,
            0.05974,
            0.05488,
            0.05806000000000001,
            0.0532,
            0.0591,
            0.06575,
            0.06573000000000001,
            0.06607,
            0.06572,
            0.07427,
            0.06554,
            0.05564,
            0.055630000000000006,
            0.05038,
            0.040630000000000006,
            0.039290000000000005,
            0.032810000000000006,
            0.042100000000000005,
            0.05749,
            0.05836,
            0.06047,
            0.06267,
            0.09895000000000001,
            0.11479,
            0.13269
        ],
        [
            0.007520000000000001,
            0.007520000000000001,
            0.005520000000000001,
            0.01359,
            0.00753,
            0.00753,
            0.00753,
            0.00753,
            0.00753,
            0.00753,
            0.007520000000000001,
            0.0075,
            0.00728,
            0.00729,
            0.008280000000000001,
            0.00878,
            0.011170000000000001,
            0.0,
            0.01823,
            0.007560000000000001,
            0.005600000000000001,
            0.01167,
            0.00963,
            0.0073100000000000005,
            0.00927,
            0.0102,
            0.01225,
            0.01429,
            0.01616,
            0.03148,
            0.0396,
            0.04133,
            0.054580000000000004,
            0.05767,
            0.052809999999999996,
            0.055990000000000005,
            0.051129999999999995,
            0.05703,
            0.06368,
            0.06366,
            0.064,
            0.06365,
            0.07220000000000001,
            0.06347,
            0.05357,
            0.05356,
            0.04831,
            0.038560000000000004,
            0.03722,
            0.03074,
            0.04003,
            0.05542,
            0.05629,
            0.0584,
            0.0606,
            0.09688,
            0.11271999999999999,
            0.13062
        ],
        [
            0.01865,
            0.01865,
            0.016649999999999998,
            0.02472,
            0.01866,
            0.01866,
            0.01866,
            0.01866,
            0.01866,
            0.01866,
            0.01865,
            0.01863,
            0.01841,
            0.01842,
            0.01941,
            0.01991,
            0.0223,
            0.01823,
            0.0,
            0.018690000000000002,
            0.016730000000000002,
            0.0228,
            0.02076,
            0.018439999999999998,
            0.0204,
            0.02133,
            0.023379999999999998,
            0.025419999999999998,
            0.027289999999999995,
            0.042609999999999995,
            0.05073,
            0.05245999999999999,
            0.06570999999999999,
            0.0688,
            0.06394,
            0.06712,
            0.06225999999999999,
            0.06816,
            0.07480999999999999,
            0.07479,
            0.07513,
            0.07477999999999999,
            0.08333,
            0.0746,
            0.0647,
            0.06469,
            0.05943999999999999,
            0.04969,
            0.04835,
            0.04186999999999999,
            0.05116,
            0.06655,
            0.06742,
            0.06953,
            0.07172999999999999,
            0.10801,
            0.12384999999999999,
            0.14175
        ],
        [
            0.00598,
            0.00598,
            0.00398,
            0.012049999999999998,
            0.0059900000000000005,
            0.0059900000000000005,
            0.0059900000000000005,
            0.0059900000000000005,
            0.0059900000000000005,
            0.0059900000000000005,
            0.00598,
            0.00596,
            0.00574,
            0.00575,
            0.0067399999999999995,
            0.00724,
            0.009630000000000001,
            0.007560000000000001,
            0.018690000000000002,
            0.0,
            0.002,
            0.008069999999999999,
            0.00603,
            0.00497,
            0.00693,
            0.007859999999999999,
            0.009909999999999999,
            0.011949999999999999,
            0.013819999999999999,
            0.02914,
            0.03726,
            0.03899,
            0.05224,
            0.05533,
            0.050469999999999994,
            0.05365,
            0.04878999999999999,
            0.054689999999999996,
            0.06134,
            0.06132,
            0.06166,
            0.061309999999999996,
            0.06986,
            0.06113,
            0.05123,
            0.05122,
            0.04597,
            0.03622,
            0.03488,
            0.028399999999999998,
            0.03769,
            0.05308,
            0.05395,
            0.05606,
            0.05826,
            0.09454,
            0.11037999999999999,
            0.12828
        ],
        [
            0.00402,
            0.00402,
            0.00202,
            0.010089999999999998,
            0.004030000000000001,
            0.004030000000000001,
            0.004030000000000001,
            0.004030000000000001,
            0.004030000000000001,
            0.004030000000000001,
            0.00402,
            0.004,
            0.00378,
            0.00379,
            0.0047799999999999995,
            0.00528,
            0.0076700000000000015,
            0.005600000000000001,
            0.016730000000000002,
            0.002,
            0.0,
            0.00603,
            0.0040100000000000005,
            0.0030099999999999997,
            0.0049700000000000005,
            0.0059,
            0.007949999999999999,
            0.009989999999999999,
            0.011859999999999999,
            0.02718,
            0.0353,
            0.037029999999999993,
            0.050280000000000005,
            0.05337,
            0.04851,
            0.05169,
            0.04683,
            0.05273,
            0.05938,
            0.059359999999999996,
            0.0597,
            0.05935,
            0.0679,
            0.05917,
            0.049269999999999994,
            0.04926,
            0.044009999999999994,
            0.03426,
            0.032920000000000005,
            0.026439999999999998,
            0.03573,
            0.05112,
            0.05199,
            0.0541,
            0.0563,
            0.09258,
            0.10841999999999999,
            0.12632
        ],
        [
            0.01009,
            0.01009,
            0.00809,
            0.016159999999999997,
            0.0101,
            0.0101,
            0.0101,
            0.0101,
            0.0101,
            0.0101,
            0.01009,
            0.010069999999999999,
            0.00985,
            0.009859999999999999,
            0.010849999999999999,
            0.011349999999999999,
            0.01374,
            0.01167,
            0.0228,
            0.008069999999999999,
            0.00603,
            0.0,
            0.010079999999999999,
            0.00908,
            0.01104,
            0.01197,
            0.01402,
            0.016059999999999998,
            0.01793,
            0.03325,
            0.041370000000000004,
            0.0431,
            0.056350000000000004,
            0.05944,
            0.05458,
            0.057760000000000006,
            0.052899999999999996,
            0.0588,
            0.06545000000000001,
            0.06543,
            0.06577,
            0.06542,
            0.07397000000000001,
            0.06523999999999999,
            0.05534,
            0.055330000000000004,
            0.05008,
            0.040330000000000005,
            0.038990000000000004,
            0.03251,
            0.041800000000000004,
            0.057190000000000005,
            0.05806,
            0.06017,
            0.06237,
            0.09865,
            0.11449,
            0.13239
        ],
        [
            0.00805,
            0.00805,
            0.00605,
            0.014119999999999999,
            0.008060000000000001,
            0.008060000000000001,
            0.008060000000000001,
            0.008060000000000001,
            0.008060000000000001,
            0.008060000000000001,
            0.00805,
            0.00803,
            0.00781,
            0.00782,
            0.00881,
            0.00931,
            0.011700000000000002,
            0.00963,
            0.02076,
            0.00603,
            0.0040100000000000005,
            0.010079999999999999,
            0.0,
            0.00704,
            0.009000000000000001,
            0.009930000000000001,
            0.01198,
            0.01402,
            0.01589,
            0.03121,
            0.039330000000000004,
            0.04106,
            0.054310000000000004,
            0.0574,
            0.052539999999999996,
            0.055720000000000006,
            0.050859999999999995,
            0.05676,
            0.06341,
            0.06339,
            0.06373,
            0.06337999999999999,
            0.07193000000000001,
            0.06319999999999999,
            0.0533,
            0.053290000000000004,
            0.04804,
            0.038290000000000005,
            0.036950000000000004,
            0.030469999999999997,
            0.039760000000000004,
            0.055150000000000005,
            0.05602,
            0.05813,
            0.06033,
            0.09661,
            0.11245,
            0.13035
        ],
        [
            0.005730000000000001,
            0.005730000000000001,
            0.00373,
            0.0118,
            0.00574,
            0.00574,
            0.00574,
            0.00574,
            0.00574,
            0.00574,
            0.005730000000000001,
            0.00571,
            0.00549,
            0.0055,
            0.00649,
            0.0069900000000000006,
            0.009380000000000001,
            0.0073100000000000005,
            0.018439999999999998,
            0.00497,
            0.0030099999999999997,
            0.00908,
            0.00704,
            0.0,
            0.002,
            0.005350000000000001,
            0.0074,
            0.00944,
            0.01131,
            0.02663,
            0.03475,
            0.03648,
            0.04973,
            0.05282,
            0.047959999999999996,
            0.051140000000000005,
            0.046279999999999995,
            0.05218,
            0.05883,
            0.05881,
            0.05915,
            0.0588,
            0.06735000000000001,
            0.05862,
            0.04872,
            0.04871,
            0.04346,
            0.033710000000000004,
            0.03237,
            0.02589,
            0.03518,
            0.050570000000000004,
            0.05144,
            0.05355,
            0.05575,
            0.09203,
            0.10787,
            0.12577
        ],
        [
            0.007690000000000001,
            0.007690000000000001,
            0.005690000000000001,
            0.01376,
            0.0077,
            0.0077,
            0.0077,
            0.0077,
            0.0077,
            0.0077,
            0.007690000000000001,
            0.00767,
            0.00745,
            0.00746,
            0.00845,
            0.00895,
            0.011340000000000001,
            0.00927,
            0.0204,
            0.00693,
            0.0049700000000000005,
            0.01104,
            0.009000000000000001,
            0.002,
            0.0,
            0.0073100000000000005,
            0.00936,
            0.0114,
            0.01327,
            0.02859,
            0.036710000000000007,
            0.03844,
            0.05169,
            0.054779999999999995,
            0.04991999999999999,
            0.05310000000000001,
            0.04823999999999999,
            0.054139999999999994,
            0.06079,
            0.060770000000000005,
            0.06111,
            0.060759999999999995,
            0.06931000000000001,
            0.060579999999999995,
            0.05068,
            0.05067000000000001,
            0.04542,
            0.03567000000000001,
            0.03433,
            0.02785,
            0.037140000000000006,
            0.05253000000000001,
            0.0534,
            0.055510000000000004,
            0.057710000000000004,
            0.09399,
            0.10983,
            0.12773
        ],
        [
            0.008620000000000001,
            0.008620000000000001,
            0.00662,
            0.01469,
            0.00863,
            0.00863,
            0.00863,
            0.00863,
            0.00863,
            0.00863,
            0.008620000000000001,
            0.0086,
            0.00838,
            0.00839,
            0.00938,
            0.00988,
            0.012270000000000001,
            0.0102,
            0.02133,
            0.007859999999999999,
            0.0059,
            0.01197,
            0.009930000000000001,
            0.005350000000000001,
            0.0073100000000000005,
            0.0,
            0.00749,
            0.00953,
            0.0114,
            0.02672,
            0.03484,
            0.03657,
            0.04982,
            0.05291,
            0.048049999999999995,
            0.051230000000000005,
            0.046369999999999995,
            0.05227,
            0.05892,
            0.0589,
            0.05924,
            0.05889,
            0.06744,
            0.05871,
            0.04881,
            0.0488,
            0.04355,
            0.033800000000000004,
            0.03246,
            0.02598,
            0.03527,
            0.05066,
            0.05153,
            0.05364,
            0.05584,
            0.09212000000000001,
            0.10796,
            0.12586
        ],
        [
            0.01067,
            0.01067,
            0.008669999999999999,
            0.01674,
            0.01068,
            0.01068,
            0.01068,
            0.01068,
            0.01068,
            0.01068,
            0.01067,
            0.01065,
            0.01043,
            0.01044,
            0.01143,
            0.01193,
            0.014320000000000001,
            0.01225,
            0.023379999999999998,
            0.009909999999999999,
            0.007949999999999999,
            0.01402,
            0.01198,
            0.0074,
            0.00936,
            0.00749,
            0.0,
            0.002,
            0.0039900000000000005,
            0.02615,
            0.03427,
            0.036,
            0.04925,
            0.05234,
            0.047479999999999994,
            0.050660000000000004,
            0.045799999999999993,
            0.051699999999999996,
            0.05835,
            0.05833,
            0.05867,
            0.05832,
            0.06687000000000001,
            0.05814,
            0.04824,
            0.04823,
            0.04298,
            0.03323,
            0.03189,
            0.02541,
            0.0347,
            0.050089999999999996,
            0.05096,
            0.05307,
            0.05527,
            0.09154999999999999,
            0.10738999999999999,
            0.12529
        ],
