{
    "NEXUS_FILE_URL": "http://purl.org/phylo/treebase/phylows/study/TB2:S15601",
    "NEWICK_TREE": "(((((((15:0.08992641,14:0.09609201):0.08961327,(13:0.0,12:0.0):0.24617948):0.05782566,((9:0.11079043,7:0.10225666):0.04593923,8:0.14386975):0.14694096):0.0119397,(16:0.20105016,(1:0.04733933,2:0.05352128):0.13029714):0.06348123):0.05105474,(10:0.2331403,20:0.28138218):0.04704124):0.01008935,3:0.37928897):0.23168262,((17:0.1199629,18:0.1161799):0.31335909,(11:0.28429583,(4:0.21567111,(6:0.05845321,5:0.06720206):0.12236822):0.09242527):0.06580016):0.14982529,19:0.75188036);",
    "DISTANCE_MATRIX": [
        [
            0.0,
            0.18601842000000002,
            0.42571916,
            0.42571916,
            0.54103596,
            0.53250219,
            0.52817605,
            0.51383643,
            0.49042273999999997,
            0.49660468999999996,
            0.58054132,
            0.6287832,
            0.6897381,
            1.12527903,
            1.12149603,
            1.04205303,
            1.06585358,
            1.0310039,
            1.03975275,
            1.2940121100000002
        ],
        [
            0.18601842000000002,
            0.0,
            0.43188476,
            0.43188476,
            0.54720156,
            0.53866779,
            0.53434165,
            0.5200020300000001,
            0.49658834,
            0.5027702900000001,
            0.58670692,
            0.6349488,
            0.6959037,
            1.1314446299999998,
            1.12766163,
            1.04821863,
            1.0720191799999998,
            1.0371695,
            1.04591835,
            1.30017771
        ],
        [
            0.42571916,
            0.43188476,
            0.0,
            0.0,
            0.60767576,
            0.59914199,
            0.59481585,
            0.58047623,
            0.55706254,
            0.56324449,
            0.6471811199999999,
            0.6954229999999999,
            0.7563778999999999,
            1.1919188299999999,
            1.18813583,
            1.1086928299999999,
            1.1324933799999999,
            1.0976436999999999,
            1.1063925499999998,
            1.36065191
        ],
        [
            0.42571916,
            0.43188476,
            0.0,
            0.0,
            0.60767576,
            0.59914199,
            0.59481585,
            0.58047623,
            0.55706254,
            0.56324449,
            0.6471811199999999,
            0.6954229999999999,
            0.7563778999999999,
            1.1919188299999999,
            1.18813583,
            1.1086928299999999,
            1.1324933799999999,
            1.0976436999999999,
            1.1063925499999998,
            1.36065191
        ],
        [
            0.54103596,
            0.54720156,
            0.60767576,
            0.60767576,
            0.0,
            0.21304709,
            0.30059941,
            0.58014171,
            0.55672802,
            0.56290997,
            0.6468465999999999,
            0.6950884799999999,
            0.7560433799999999,
            1.1915843099999999,
            1.18780131,
            1.1083583099999998,
            1.1321588599999999,
            1.0973091799999999,
            1.1060580299999998,
            1.36031739
        ],
        [
            0.53250219,
            0.53866779,
            0.59914199,
            0.59914199,
            0.21304709,
            0.0,
            0.29206564,
            0.57160794,
            0.54819425,
            0.5543762,
            0.63831283,
            0.68655471,
            0.74750961,
            1.18305054,
            1.1792675400000001,
            1.0998245400000002,
            1.12362509,
            1.08877541,
            1.0975242600000001,
            1.35178362
        ],
        [
            0.52817605,
            0.53434165,
            0.59481585,
            0.59481585,
            0.30059941,
            0.29206564,
            0.0,
            0.5672818000000001,
            0.54386811,
            0.55005006,
            0.63398669,
            0.6822285699999999,
            0.74318347,
            1.1787244,
            1.1749414,
            1.0954983999999999,
            1.11929895,
            1.08444927,
            1.0931981199999998,
            1.34745748
        ],
        [
            0.51383643,
            0.5200020300000001,
            0.58047623,
            0.58047623,
            0.58014171,
            0.57160794,
            0.5672818000000001,
            0.0,
            0.37868663,
            0.38486858,
            0.5957676700000001,
            0.64400955,
            0.7049644500000001,
            1.14050538,
            1.1367223800000001,
            1.0572793800000002,
            1.08107993,
            1.04623025,
            1.0549791000000002,
            1.30923846
        ],
        [
            0.49042273999999997,
            0.49658834,
            0.55706254,
            0.55706254,
            0.55672802,
            0.54819425,
            0.54386811,
            0.37868663,
            0.0,
            0.10086060999999999,
            0.5723539799999999,
            0.6205958599999999,
            0.6815507599999999,
            1.1170916899999999,
            1.11330869,
            1.0338656899999998,
            1.0576662399999999,
            1.0228165599999999,
            1.0315654099999998,
            1.28582477
        ],
        [
            0.49660468999999996,
            0.5027702900000001,
            0.56324449,
            0.56324449,
            0.56290997,
            0.5543762,
            0.55005006,
            0.38486858,
            0.10086060999999999,
            0.0,
            0.57853593,
            0.62677781,
            0.68773271,
            1.1232736399999999,
            1.11949064,
            1.04004764,
            1.0638481899999999,
            1.02899851,
            1.03774736,
            1.29200672
        ],
        [
            0.58054132,
            0.58670692,
            0.6471811199999999,
            0.6471811199999999,
            0.6468465999999999,
            0.63831283,
            0.63398669,
            0.5957676700000001,
            0.5723539799999999,
            0.57853593,
            0.0,
            0.51452248,
            0.66955986,
            1.1051007899999998,
            1.10131779,
            1.02187479,
            1.0456753399999998,
            1.01082566,
            1.01957451,
            1.27383387
        ],
        [
            0.6287832,
            0.6349488,
            0.6954229999999999,
            0.6954229999999999,
            0.6950884799999999,
            0.68655471,
            0.6822285699999999,
            0.64400955,
            0.6205958599999999,
            0.62677781,
            0.51452248,
            0.0,
            0.71780174,
            1.1533426699999998,
            1.14955967,
            1.07011667,
            1.0939172199999998,
            1.05906754,
            1.06781639,
            1.32207575
        ],
        [
            0.6897381,
            0.6959037,
            0.7563778999999999,
            0.7563778999999999,
            0.7560433799999999,
            0.74750961,
            0.74318347,
            0.7049644500000001,
            0.6815507599999999,
            0.68773271,
            0.66955986,
            0.71780174,
            0.0,
            1.19411887,
            1.1903358700000002,
            1.11089287,
            1.13469342,
            1.09984374,
            1.10859259,
            1.36285195
        ],
        [
            1.12527903,
            1.1314446299999998,
            1.1919188299999999,
            1.1919188299999999,
            1.1915843099999999,
            1.18305054,
            1.1787244,
            1.14050538,
            1.1170916899999999,
            1.1232736399999999,
            1.1051007899999998,
            1.1533426699999998,
            1.19411887,
            0.0,
            0.23614279999999999,
            0.7834179800000001,
            0.80721853,
            0.77236885,
            0.7811177,
            1.3350276399999998
        ],
        [
            1.12149603,
            1.12766163,
            1.18813583,
            1.18813583,
            1.18780131,
            1.1792675400000001,
            1.1749414,
            1.1367223800000001,
            1.11330869,
            1.11949064,
            1.10131779,
            1.14955967,
            1.1903358700000002,
            0.23614279999999999,
            0.0,
            0.77963498,
            0.80343553,
            0.76858585,
            0.7773346999999999,
            1.33124464
        ],
        [
            1.04205303,
            1.04821863,
            1.1086928299999999,
            1.1086928299999999,
            1.1083583099999998,
            1.0998245400000002,
            1.0954983999999999,
            1.0572793800000002,
            1.0338656899999998,
            1.04004764,
            1.02187479,
            1.07011667,
            1.11089287,
            0.7834179800000001,
            0.77963498,
            0.0,
            0.5923922100000001,
            0.5575425300000001,
            0.56629138,
            1.25180164
        ],
        [
            1.06585358,
            1.0720191799999998,
            1.1324933799999999,
            1.1324933799999999,
            1.1321588599999999,
            1.12362509,
            1.11929895,
            1.08107993,
            1.0576662399999999,
            1.0638481899999999,
            1.0456753399999998,
            1.0939172199999998,
            1.13469342,
            0.80721853,
            0.80343553,
            0.5923922100000001,
            0.0,
            0.39649254,
            0.40524139,
            1.2756021899999999
        ],
        [
            1.0310039,
            1.0371695,
            1.0976436999999999,
            1.0976436999999999,
            1.0973091799999999,
            1.08877541,
            1.08444927,
            1.04623025,
            1.0228165599999999,
            1.02899851,
            1.01082566,
            1.05906754,
            1.09984374,
            0.77236885,
            0.76858585,
            0.5575425300000001,
            0.39649254,
            0.0,
            0.12565526999999999,
            1.24075251
        ],
        [
            1.03975275,
            1.04591835,
            1.1063925499999998,
            1.1063925499999998,
            1.1060580299999998,
            1.0975242600000001,
            1.0931981199999998,
            1.0549791000000002,
            1.0315654099999998,
            1.03774736,
            1.01957451,
            1.06781639,
            1.10859259,
            0.7811177,
            0.7773346999999999,
            0.56629138,
            0.40524139,
            0.12565526999999999,
            0.0,
            1.24950136
        ],
        [
            1.2940121100000002,
            1.30017771,
            1.36065191,
            1.36065191,
            1.36031739,
            1.35178362,
            1.34745748,
            1.30923846,
            1.28582477,
            1.29200672,
            1.27383387,
            1.32207575,
            1.36285195,
            1.3350276399999998,
            1.33124464,
            1.25180164,
            1.2756021899999999,
            1.24075251,
            1.24950136,
            0.0
        ]
    ],
    "NODE_MAPPING": {
        "0": "15",
        "1": "14",
        "2": "13",
        "3": "12",
        "4": "9",
        "5": "7",
        "6": "8",
        "7": "16",
        "8": "1",
        "9": "2",
        "10": "10",
        "11": "20",
        "12": "3",
        "13": "17",
        "14": "18",
        "15": "11",
        "16": "4",
        "17": "6",
        "18": "5",
        "19": "19"
    }
}