{
    "NEXUS_FILE_URL": "http://purl.org/phylo/treebase/phylows/study/TB2:S10999",
    "NEWICK_TREE": "(((((((7:0.026835,(8:0.022076,(4:0.012316,5:0.001123):0.00688):0.002901):0.009185,6:0.066347):0.006893,((1:0.01361,2:0.014304):0.003894,3:0.017981):0.009778):0.004908,(12:0.024929,(10:0.011819,(11:0.01704,9:0.01282):0.002994):0.030017):0.009202):0.018968,13:0.041795):0.016366,((28:0.071724,((26:0.026386,27:0.07143):0.033494,(((((23:0.09952,21:0.069319):0.017933,24:0.056181):0.01789,20:0.041856):0.003219,22:0.091297):0.013412,(14:0.028508,25:0.021464):0.003818):0.013074):0.011421):0.0125,((29:0.070163,(17:0.043004,(19:0.010102,18:0.012901):0.041139):0.01013):0.0149,(16:0.028269,15:0.084097):0.004183):0.005156):0.012023):0.024479,(30:0.096216,31:0.108674):0.0);",
    "DISTANCE_MATRIX": [
        [
            0.0,
            0.051812,
            0.048932,
            0.037739,
            0.10236700000000001,
            0.07019500000000001,
            0.07088900000000001,
            0.07067200000000001,
            0.08195200000000001,
            0.098859,
            0.107074,
            0.102854,
            0.10858400000000001,
            0.179402,
            0.178979,
            0.224023,
            0.28414700000000004,
            0.253946,
            0.22287500000000002,
            0.19066,
            0.236882,
            0.164499,
            0.157455,
            0.185397,
            0.16836800000000002,
            0.176605,
            0.179404,
            0.13278600000000002,
            0.188614,
            0.20385,
            0.216308
        ],
        [
            0.051812,
            0.0,
            0.041272,
            0.030078999999999998,
            0.100509,
            0.068337,
            0.069031,
            0.06881399999999999,
            0.080094,
            0.097001,
            0.105216,
            0.100996,
            0.10672599999999999,
            0.17754399999999998,
            0.17712099999999997,
            0.22216499999999997,
            0.282289,
            0.252088,
            0.221017,
            0.18880199999999997,
            0.23502399999999998,
            0.16264099999999998,
            0.15559699999999999,
            0.18353899999999998,
            0.16651,
            0.17474699999999999,
            0.17754599999999998,
            0.130928,
            0.18675599999999998,
            0.20199199999999998,
            0.21444999999999997
        ],
        [
            0.048932,
            0.041272,
            0.0,
            0.013439000000000001,
            0.09762900000000001,
            0.065457,
            0.066151,
            0.06593399999999999,
            0.077214,
            0.09412100000000001,
            0.10233600000000001,
            0.09811600000000001,
            0.103846,
            0.17466399999999999,
            0.174241,
            0.219285,
            0.279409,
            0.24920800000000004,
            0.21813700000000003,
            0.185922,
            0.23214400000000002,
            0.15976100000000001,
            0.152717,
            0.18065900000000001,
            0.16363,
            0.171867,
            0.174666,
            0.128048,
            0.183876,
            0.199112,
            0.21157
        ],
        [
            0.037739,
            0.030078999999999998,
            0.013439000000000001,
            0.0,
            0.08643600000000001,
            0.05426400000000001,
            0.05495800000000001,
            0.054741,
            0.066021,
            0.082928,
            0.091143,
            0.086923,
            0.092653,
            0.163471,
            0.16304800000000003,
            0.208092,
            0.268216,
            0.23801500000000003,
            0.20694400000000002,
            0.17472900000000002,
            0.220951,
            0.14856800000000003,
            0.141524,
            0.169466,
            0.152437,
            0.160674,
            0.163473,
            0.11685500000000001,
            0.17268300000000003,
            0.187919,
            0.20037700000000003
        ],
        [
            0.10236700000000001,
            0.100509,
            0.09762900000000001,
            0.08643600000000001,
            0.0,
            0.100522,
            0.101216,
            0.100999,
            0.11227899999999999,
            0.129186,
            0.137401,
            0.133181,
            0.138911,
            0.209729,
            0.209306,
            0.25434999999999997,
            0.31447400000000003,
            0.284273,
            0.25320200000000004,
            0.220987,
            0.26720900000000003,
            0.194826,
            0.187782,
            0.215724,
            0.198695,
            0.206932,
            0.209731,
            0.163113,
            0.218941,
            0.234177,
            0.246635
        ],
        [
            0.07019500000000001,
            0.068337,
            0.065457,
            0.05426400000000001,
            0.100522,
            0.0,
            0.027914,
            0.035485,
            0.066321,
            0.083228,
            0.091443,
            0.087223,
            0.09295300000000001,
            0.163771,
            0.163348,
            0.208392,
            0.268516,
            0.23831500000000003,
            0.207244,
            0.175029,
            0.221251,
            0.148868,
            0.141824,
            0.169766,
            0.152737,
            0.160974,
            0.163773,
            0.11715500000000001,
            0.172983,
            0.188219,
            0.200677
        ],
        [
            0.07088900000000001,
            0.069031,
            0.066151,
            0.05495800000000001,
            0.101216,
            0.027914,
            0.0,
            0.036179,
            0.067015,
            0.083922,
            0.092137,
            0.087917,
            0.09364700000000001,
            0.164465,
            0.16404200000000002,
            0.209086,
            0.26921,
            0.23900900000000003,
            0.207938,
            0.17572300000000002,
            0.221945,
            0.14956200000000003,
            0.142518,
            0.17046,
            0.15343099999999998,
            0.161668,
            0.164467,
            0.11784900000000001,
            0.17367700000000003,
            0.188913,
            0.20137100000000002
        ],
        [
            0.07067200000000001,
            0.06881399999999999,
            0.06593399999999999,
            0.054741,
            0.100999,
            0.035485,
            0.036179,
            0.0,
            0.066798,
            0.083705,
            0.09192,
            0.0877,
            0.09343,
            0.164248,
            0.163825,
            0.208869,
            0.26899300000000004,
            0.23879200000000003,
            0.20772100000000002,
            0.175506,
            0.221728,
            0.149345,
            0.142301,
            0.170243,
            0.15321400000000002,
            0.161451,
            0.16425,
            0.11763200000000001,
            0.17346,
            0.188696,
            0.201154
        ],
        [
            0.08195200000000001,
            0.080094,
            0.077214,
            0.066021,
            0.11227899999999999,
            0.066321,
            0.067015,
            0.066798,
            0.0,
            0.06676499999999999,
            0.07497999999999999,
            0.07075999999999999,
            0.094894,
            0.165712,
            0.16528900000000002,
            0.210333,
            0.270457,
            0.24025600000000003,
            0.209185,
            0.17697000000000002,
            0.223192,
            0.15080900000000003,
            0.143765,
            0.171707,
            0.15467799999999998,
            0.162915,
            0.165714,
            0.11909600000000001,
            0.17492400000000002,
            0.19016,
            0.20261800000000002
        ],
        [
            0.098859,
            0.097001,
            0.09412100000000001,
            0.082928,
            0.129186,
            0.083228,
            0.083922,
            0.083705,
            0.06676499999999999,
            0.0,
            0.031853,
            0.027633,
            0.111801,
            0.182619,
            0.18219600000000002,
            0.22724,
            0.287364,
            0.25716300000000003,
            0.22609200000000002,
            0.19387700000000002,
            0.240099,
            0.16771600000000003,
            0.160672,
            0.188614,
            0.171585,
            0.179822,
            0.182621,
            0.136003,
            0.19183100000000003,
            0.207067,
            0.21952500000000003
        ],
        [
            0.107074,
            0.105216,
            0.10233600000000001,
            0.091143,
            0.137401,
            0.091443,
            0.092137,
            0.09192,
            0.07497999999999999,
            0.031853,
            0.0,
            0.029859999999999998,
            0.120016,
            0.190834,
            0.190411,
            0.235455,
            0.29557900000000004,
            0.265378,
            0.23430700000000002,
            0.202092,
            0.248314,
            0.175931,
            0.168887,
            0.196829,
            0.17980000000000002,
            0.188037,
            0.190836,
            0.144218,
            0.200046,
            0.215282,
            0.22774
        ],
        [
            0.102854,
            0.100996,
            0.09811600000000001,
            0.086923,
            0.133181,
            0.087223,
            0.087917,
            0.0877,
            0.07075999999999999,
            0.027633,
            0.029859999999999998,
            0.0,
            0.115796,
            0.186614,
            0.186191,
            0.231235,
            0.29135900000000003,
            0.261158,
            0.230087,
            0.197872,
            0.244094,
            0.171711,
            0.164667,
            0.192609,
            0.17558,
            0.183817,
            0.186616,
            0.139998,
            0.195826,
            0.211062,
            0.22352
        ],
        [
            0.10858400000000001,
            0.10672599999999999,
            0.103846,
            0.092653,
            0.138911,
            0.09295300000000001,
            0.09364700000000001,
            0.09343,
            0.094894,
            0.111801,
            0.120016,
            0.115796,
            0.0,
            0.154408,
            0.153985,
            0.19902899999999998,
            0.259153,
            0.22895200000000002,
            0.197881,
            0.165666,
            0.211888,
            0.13950500000000002,
            0.132461,
            0.160403,
            0.143374,
            0.151611,
            0.15441,
            0.107792,
            0.16362000000000002,
            0.178856,
            0.19131399999999998
        ],
        [
            0.179402,
            0.17754399999999998,
            0.17466399999999999,
            0.163471,
            0.209729,
            0.163771,
            0.164465,
            0.164248,
            0.165712,
            0.182619,
            0.190834,
            0.186614,
            0.154408,
            0.0,
            0.143025,
            0.188069,
            0.248193,
            0.21799200000000002,
            0.186921,
            0.154706,
            0.200928,
            0.128545,
            0.121501,
            0.174443,
            0.157414,
            0.165651,
            0.16845,
            0.121832,
            0.17765999999999998,
            0.216942,
            0.2294
        ],
        [
            0.178979,
            0.17712099999999997,
            0.174241,
            0.16304800000000003,
            0.209306,
            0.163348,
            0.16404200000000002,
            0.163825,
            0.16528900000000002,
            0.18219600000000002,
            0.190411,
            0.186191,
            0.153985,
            0.143025,
            0.0,
            0.09781599999999999,
            0.22492800000000002,
            0.19472700000000004,
            0.16365600000000002,
            0.131441,
            0.17766300000000002,
            0.10528000000000001,
            0.098236,
            0.17402,
            0.156991,
            0.16522799999999999,
            0.16802699999999998,
            0.121409,
            0.177237,
            0.21651900000000002,
            0.228977
        ],
        [
            0.224023,
            0.22216499999999997,
            0.219285,
            0.208092,
            0.25434999999999997,
            0.208392,
            0.209086,
            0.208869,
            0.210333,
            0.22724,
            0.235455,
            0.231235,
            0.19902899999999998,
            0.188069,
            0.09781599999999999,
            0.0,
            0.269972,
            0.239771,
            0.2087,
            0.176485,
            0.222707,
            0.15032399999999999,
            0.14328,
            0.21906399999999998,
            0.20203499999999996,
            0.210272,
            0.21307099999999998,
            0.166453,
            0.222281,
            0.261563,
            0.274021
        ],
        [
            0.28414700000000004,
            0.282289,
            0.279409,
            0.268216,
            0.31447400000000003,
            0.268516,
            0.26921,
            0.26899300000000004,
            0.270457,
            0.287364,
            0.29557900000000004,
            0.29135900000000003,
            0.259153,
            0.248193,
            0.22492800000000002,
            0.269972,
            0.0,
            0.16883900000000002,
            0.173634,
            0.177199,
            0.22985899999999998,
            0.1843,
            0.177256,
            0.279188,
            0.262159,
            0.27039599999999997,
            0.27319499999999997,
            0.226577,
            0.282405,
            0.321687,
            0.334145
        ],
        [
            0.253946,
            0.252088,
            0.24920800000000004,
            0.23801500000000003,
            0.284273,
            0.23831500000000003,
            0.23900900000000003,
            0.23879200000000003,
            0.24025600000000003,
            0.25716300000000003,
            0.265378,
            0.261158,
            0.22895200000000002,
            0.21799200000000002,
            0.19472700000000004,
            0.239771,
            0.16883900000000002,
            0.0,
            0.143433,
            0.14699800000000002,
            0.199658,
            0.154099,
            0.14705500000000002,
            0.248987,
            0.231958,
            0.24019500000000002,
            0.24299400000000002,
            0.19637600000000002,
            0.25220400000000004,
            0.291486,
            0.30394400000000005
        ],
        [
            0.22287500000000002,
            0.221017,
            0.21813700000000003,
            0.20694400000000002,
            0.25320200000000004,
            0.207244,
            0.207938,
            0.20772100000000002,
            0.209185,
            0.22609200000000002,
            0.23430700000000002,
            0.230087,
            0.197881,
            0.186921,
            0.16365600000000002,
            0.2087,
            0.173634,
            0.143433,
            0.0,
            0.115927,
            0.168587,
            0.123028,
            0.115984,
            0.217916,
            0.20088699999999998,
            0.209124,
            0.211923,
            0.165305,
            0.22113300000000002,
            0.260415,
            0.27287300000000003
        ],
        [
            0.19066,
            0.18880199999999997,
            0.185922,
            0.17472900000000002,
            0.220987,
            0.175029,
            0.17572300000000002,
            0.175506,
            0.17697000000000002,
            0.19387700000000002,
            0.202092,
            0.197872,
            0.165666,
            0.154706,
            0.131441,
            0.176485,
            0.177199,
            0.14699800000000002,
            0.115927,
            0.0,
            0.136372,
            0.090813,
            0.083769,
            0.185701,
            0.168672,
            0.17690899999999998,
            0.17970799999999998,
            0.13308999999999999,
            0.188918,
            0.2282,
            0.24065799999999998
        ],
        [
            0.236882,
            0.23502399999999998,
            0.23214400000000002,
            0.220951,
            0.26720900000000003,
            0.221251,
            0.221945,
            0.221728,
            0.223192,
            0.240099,
            0.248314,
            0.244094,
            0.211888,
            0.200928,
            0.17766300000000002,
            0.222707,
            0.22985899999999998,
            0.199658,
            0.168587,
            0.136372,
            0.0,
            0.137035,
            0.129991,
            0.231923,
            0.21489399999999997,
            0.223131,
            0.22593,
            0.179312,
            0.23514000000000002,
            0.274422,
            0.28688
        ],
        [
            0.164499,
            0.16264099999999998,
            0.15976100000000001,
            0.14856800000000003,
            0.194826,
            0.148868,
            0.14956200000000003,
            0.149345,
            0.15080900000000003,
            0.16771600000000003,
            0.175931,
            0.171711,
            0.13950500000000002,
            0.128545,
            0.10528000000000001,
            0.15032399999999999,
            0.1843,
            0.154099,
            0.123028,
            0.090813,
            0.137035,
            0.0,
            0.049972,
            0.15954000000000002,
            0.142511,
            0.150748,
            0.153547,
            0.10692900000000001,
            0.162757,
            0.20203900000000002,
            0.21449700000000002
        ],
        [
            0.157455,
            0.15559699999999999,
            0.152717,
            0.141524,
            0.187782,
            0.141824,
            0.142518,
            0.142301,
            0.143765,
            0.160672,
            0.168887,
            0.164667,
            0.132461,
            0.121501,
            0.098236,
            0.14328,
            0.177256,
            0.14705500000000002,
            0.115984,
            0.083769,
            0.129991,
            0.049972,
            0.0,
            0.152496,
            0.135467,
            0.143704,
            0.146503,
            0.099885,
            0.155713,
            0.194995,
            0.207453
        ],
        [
            0.185397,
            0.18353899999999998,
            0.18065900000000001,
            0.169466,
            0.215724,
            0.169766,
            0.17046,
            0.170243,
            0.171707,
            0.188614,
            0.196829,
            0.192609,
            0.160403,
            0.174443,
            0.17402,
            0.21906399999999998,
            0.279188,
            0.248987,
            0.217916,
            0.185701,
            0.231923,
            0.15954000000000002,
            0.152496,
            0.0,
            0.123297,
            0.131534,
            0.134333,
            0.11751500000000001,
            0.17334300000000002,
            0.222937,
            0.23539500000000002
        ],
        [
            0.16836800000000002,
            0.16651,
            0.16363,
            0.152437,
            0.198695,
            0.152737,
            0.15343099999999998,
            0.15321400000000002,
            0.15467799999999998,
            0.171585,
            0.17980000000000002,
            0.17558,
            0.143374,
            0.157414,
            0.156991,
            0.20203499999999996,
            0.262159,
            0.231958,
            0.20088699999999998,
            0.168672,
            0.21489399999999997,
            0.142511,
            0.135467,
            0.123297,
            0.0,
            0.094245,
            0.097044,
            0.10048599999999999,
            0.156314,
            0.20590799999999998,
            0.218366
        ],
        [
            0.176605,
            0.17474699999999999,
            0.171867,
            0.160674,
            0.206932,
            0.160974,
            0.161668,
            0.161451,
            0.162915,
            0.179822,
            0.188037,
            0.183817,
            0.151611,
            0.165651,
            0.16522799999999999,
            0.210272,
            0.27039599999999997,
            0.24019500000000002,
            0.209124,
            0.17690899999999998,
            0.223131,
            0.150748,
            0.143704,
            0.131534,
            0.094245,
            0.0,
            0.023003,
            0.10872300000000001,
            0.164551,
            0.214145,
            0.226603
        ],
        [
            0.179404,
            0.17754599999999998,
            0.174666,
            0.163473,
            0.209731,
            0.163773,
            0.164467,
            0.16425,
            0.165714,
            0.182621,
            0.190836,
            0.186616,
            0.15441,
            0.16845,
            0.16802699999999998,
            0.21307099999999998,
            0.27319499999999997,
            0.24299400000000002,
            0.211923,
            0.17970799999999998,
            0.22593,
            0.153547,
            0.146503,
            0.134333,
            0.097044,
            0.023003,
            0.0,
            0.11152200000000001,
            0.16735,
            0.216944,
            0.229402
        ],
        [
            0.13278600000000002,
            0.130928,
            0.128048,
            0.11685500000000001,
            0.163113,
            0.11715500000000001,
            0.11784900000000001,
            0.11763200000000001,
            0.11909600000000001,
            0.136003,
            0.144218,
            0.139998,
            0.107792,
            0.121832,
            0.121409,
            0.166453,
            0.226577,
            0.19637600000000002,
            0.165305,
            0.13308999999999999,
            0.179312,
            0.10692900000000001,
            0.099885,
            0.11751500000000001,
            0.10048599999999999,
            0.10872300000000001,
            0.11152200000000001,
            0.0,
            0.11236600000000001,
            0.170326,
            0.182784
        ],
        [
            0.188614,
            0.18675599999999998,
            0.183876,
            0.17268300000000003,
            0.218941,
            0.172983,
            0.17367700000000003,
            0.17346,
            0.17492400000000002,
            0.19183100000000003,
            0.200046,
            0.195826,
            0.16362000000000002,
            0.17765999999999998,
            0.177237,
            0.222281,
            0.282405,
            0.25220400000000004,
            0.22113300000000002,
            0.188918,
            0.23514000000000002,
            0.162757,
            0.155713,
            0.17334300000000002,
            0.156314,
            0.164551,
            0.16735,
            0.11236600000000001,
            0.0,
            0.226154,
            0.238612
        ],
        [
            0.20385,
            0.20199199999999998,
            0.199112,
            0.187919,
            0.234177,
            0.188219,
            0.188913,
            0.188696,
            0.19016,
            0.207067,
            0.215282,
            0.211062,
            0.178856,
            0.216942,
            0.21651900000000002,
            0.261563,
            0.321687,
            0.291486,
            0.260415,
            0.2282,
            0.274422,
            0.20203900000000002,
            0.194995,
            0.222937,
            0.20590799999999998,
            0.214145,
            0.216944,
            0.170326,
            0.226154,
            0.0,
            0.20489000000000002
        ],
        [
            0.216308,
            0.21444999999999997,
            0.21157,
            0.20037700000000003,
            0.246635,
            0.200677,
            0.20137100000000002,
            0.201154,
            0.20261800000000002,
            0.21952500000000003,
            0.22774,
            0.22352,
            0.19131399999999998,
            0.2294,
            0.228977,
            0.274021,
            0.334145,
            0.30394400000000005,
            0.27287300000000003,
            0.24065799999999998,
            0.28688,
            0.21449700000000002,
            0.207453,
            0.23539500000000002,
            0.218366,
            0.226603,
            0.229402,
            0.182784,
            0.238612,
            0.20489000000000002,
            0.0
        ]
    ],
    "NODE_MAPPING": {
        "0": "7",
        "1": "8",
        "2": "4",
        "3": "5",
        "4": "6",
        "5": "1",
        "6": "2",
        "7": "3",
        "8": "12",
        "9": "10",
        "10": "11",
        "11": "9",
        "12": "13",
        "13": "28",
        "14": "26",
        "15": "27",
        "16": "23",
        "17": "21",
        "18": "24",
        "19": "20",
        "20": "22",
        "21": "14",
        "22": "25",
        "23": "29",
        "24": "17",
        "25": "19",
        "26": "18",
        "27": "16",
        "28": "15",
        "29": "30",
        "30": "31"
    }
}