{
    "NEXUS_FILE_URL": "http://purl.org/phylo/treebase/phylows/study/TB2:S12861",
    "NEWICK_TREE": "(1:0.056348,19:0.087223,(20:0.033468,(16:0.082767,(17:0.069848,29:0.061996,((14:0.108309,(9:0.089945,(3:0.057265,(2:0.065986,7:0.033374):0.01089):0.042334):0.042613):0.026248,((22:0.043659,(12:0.04508,13:0.039316):0.029854):0.014759,(21:0.028549,(24:0.01482,(15:0.016349,23:0.032432):0.022735):0.012521):0.042599):0.021915):0.010012,((28:0.06536,(((18:0.015556,(4:0.006354,11:0.022368):0.011091):0.030074,(5:0.162169,10:0.134308):0.061792):0.017634,(27:0.037494,(6:0.007152,8:0.054579):0.029024):0.009079):0.025891):0.008851,(25:0.036483,26:0.068719):0.009596):0.058844):0.023458):0.044054):0.681221);",
    "DISTANCE_MATRIX": [
        [
            0.0,
            0.143571,
            0.7710369999999999,
            0.8643899999999999,
            0.874929,
            0.867077,
            0.94965,
            0.973899,
            0.9835529999999999,
            1.003164,
            0.970552,
            0.8954259999999999,
            0.9267009999999999,
            0.9209369999999999,
            0.908156,
            0.906948,
            0.9312119999999999,
            0.9472949999999999,
            0.938136,
            0.961931,
            0.9638199999999999,
            0.979834,
            1.140262,
            1.112401,
            0.94524,
            0.9439219999999999,
            0.9913489999999999,
            0.9100039999999999,
            0.94224
        ],
        [
            0.143571,
            0.0,
            0.801912,
            0.895265,
            0.905804,
            0.8979520000000001,
            0.9805250000000001,
            1.004774,
            1.0144279999999999,
            1.034039,
            1.001427,
            0.926301,
            0.957576,
            0.9518119999999999,
            0.939031,
            0.9378230000000001,
            0.9620869999999999,
            0.97817,
            0.9690110000000001,
            0.9928060000000001,
            0.9946949999999999,
            1.010709,
            1.171137,
            1.143276,
            0.9761150000000001,
            0.9747969999999999,
            1.022224,
            0.940879,
            0.973115
        ],
        [
            0.7710369999999999,
            0.801912,
            0.0,
            0.160289,
            0.170828,
            0.162976,
            0.24554900000000002,
            0.269798,
            0.27945200000000003,
            0.29906299999999997,
            0.266451,
            0.19132500000000002,
            0.22260000000000002,
            0.216836,
            0.20405500000000001,
            0.20284700000000003,
            0.227111,
            0.243194,
            0.23403500000000002,
            0.25783,
            0.25971900000000003,
            0.275733,
            0.436161,
            0.40829999999999994,
            0.24113900000000002,
            0.239821,
            0.287248,
            0.205903,
            0.23813900000000002
        ],
        [
            0.8643899999999999,
            0.895265,
            0.160289,
            0.0,
            0.17607299999999998,
            0.168221,
            0.250794,
            0.275043,
            0.284697,
            0.30430799999999997,
            0.271696,
            0.19657000000000002,
            0.22784500000000002,
            0.22208099999999997,
            0.20929999999999999,
            0.208092,
            0.232356,
            0.24843899999999997,
            0.23928,
            0.263075,
            0.264964,
            0.280978,
            0.441406,
            0.41354499999999994,
            0.246384,
            0.245066,
            0.292493,
            0.211148,
            0.243384
        ],
        [
            0.874929,
            0.905804,
            0.170828,
            0.17607299999999998,
            0.0,
            0.131844,
            0.214417,
            0.238666,
            0.24831999999999999,
            0.267931,
            0.23531899999999997,
            0.160193,
            0.191468,
            0.18570399999999998,
            0.172923,
            0.171715,
            0.195979,
            0.21206199999999997,
            0.202903,
            0.22669799999999998,
            0.22858699999999998,
            0.24460099999999999,
            0.4050290000000001,
            0.37716799999999995,
            0.210007,
            0.20868899999999999,
            0.256116,
            0.174771,
            0.207007
        ],
        [
            0.867077,
            0.8979520000000001,
            0.162976,
            0.168221,
            0.131844,
            0.0,
            0.206565,
            0.230814,
            0.240468,
            0.260079,
            0.22746699999999997,
            0.152341,
            0.183616,
            0.17785199999999998,
            0.165071,
            0.163863,
            0.188127,
            0.20420999999999997,
            0.195051,
            0.21884599999999998,
            0.220735,
            0.236749,
            0.39717700000000006,
            0.369316,
            0.202155,
            0.200837,
            0.248264,
            0.166919,
            0.199155
        ],
        [
            0.94965,
            0.9805250000000001,
            0.24554900000000002,
            0.250794,
            0.214417,
            0.206565,
            0.0,
            0.240867,
            0.250521,
            0.270132,
            0.23752,
            0.21489000000000003,
            0.24616500000000002,
            0.240401,
            0.22762000000000002,
            0.226412,
            0.250676,
            0.26675899999999997,
            0.277624,
            0.301419,
            0.303308,
            0.319322,
            0.47975000000000007,
            0.451889,
            0.284728,
            0.28341,
            0.33083700000000005,
            0.249492,
            0.281728
        ],
        [
            0.973899,
            1.004774,
            0.269798,
            0.275043,
            0.238666,
            0.230814,
            0.240867,
            0.0,
            0.189544,
            0.20915499999999998,
            0.176543,
            0.239139,
            0.270414,
            0.26465,
            0.251869,
            0.250661,
            0.274925,
            0.291008,
            0.301873,
            0.32566799999999996,
            0.327557,
            0.34357099999999996,
            0.5039990000000001,
            0.47613799999999995,
            0.308977,
            0.307659,
            0.355086,
            0.273741,
            0.305977
        ],
        [
            0.9835529999999999,
            1.0144279999999999,
            0.27945200000000003,
            0.284697,
            0.24831999999999999,
            0.240468,
            0.250521,
            0.189544,
            0.0,
            0.134141,
            0.10152900000000001,
            0.248793,
            0.280068,
            0.274304,
            0.261523,
            0.260315,
            0.28457899999999997,
            0.300662,
            0.311527,
            0.335322,
            0.337211,
            0.353225,
            0.513653,
            0.485792,
            0.318631,
            0.31731299999999996,
            0.36474,
            0.283395,
            0.315631
        ],
        [
            1.003164,
            1.034039,
            0.29906299999999997,
            0.30430799999999997,
            0.267931,
            0.260079,
            0.270132,
            0.20915499999999998,
            0.134141,
            0.0,
            0.09936,
            0.268404,
            0.299679,
            0.293915,
            0.281134,
            0.279926,
            0.30418999999999996,
            0.320273,
            0.331138,
            0.35493299999999994,
            0.356822,
            0.37283599999999995,
            0.5332640000000001,
            0.5054029999999999,
            0.338242,
            0.336924,
            0.384351,
            0.303006,
            0.335242
        ],
        [
            0.970552,
            1.001427,
            0.266451,
            0.271696,
            0.23531899999999997,
            0.22746699999999997,
            0.23752,
            0.176543,
            0.10152900000000001,
            0.09936,
            0.0,
            0.235792,
            0.267067,
            0.26130299999999995,
            0.248522,
            0.24731399999999998,
            0.271578,
            0.28766099999999994,
            0.29852599999999996,
            0.32232099999999997,
            0.32421,
            0.34022399999999997,
            0.5006520000000001,
            0.47279099999999996,
            0.30562999999999996,
            0.30431199999999997,
            0.351739,
            0.27039399999999997,
            0.30262999999999995
        ],
        [
            0.8954259999999999,
            0.926301,
            0.19132500000000002,
            0.19657000000000002,
            0.160193,
            0.152341,
            0.21489000000000003,
            0.239139,
            0.248793,
            0.268404,
            0.235792,
            0.0,
            0.118593,
            0.112829,
            0.12956600000000001,
            0.128358,
            0.15262199999999998,
            0.168705,
            0.22340000000000002,
            0.247195,
            0.249084,
            0.265098,
            0.42552600000000007,
            0.397665,
            0.23050400000000001,
            0.229186,
            0.276613,
            0.195268,
            0.227504
        ],
        [
            0.9267009999999999,
            0.957576,
            0.22260000000000002,
            0.22784500000000002,
            0.191468,
            0.183616,
            0.24616500000000002,
            0.270414,
            0.280068,
            0.299679,
            0.267067,
            0.118593,
            0.0,
            0.084396,
            0.160841,
            0.159633,
            0.18389699999999998,
            0.19998,
            0.254675,
            0.27847,
            0.280359,
            0.296373,
            0.45680100000000007,
            0.42894,
            0.261779,
            0.260461,
            0.30788800000000005,
            0.226543,
            0.258779
        ],
        [
            0.9209369999999999,
            0.9518119999999999,
            0.216836,
            0.22208099999999997,
            0.18570399999999998,
            0.17785199999999998,
            0.240401,
            0.26465,
            0.274304,
            0.293915,
            0.26130299999999995,
            0.112829,
            0.084396,
            0.0,
            0.155077,
            0.15386899999999998,
            0.17813299999999999,
            0.194216,
            0.248911,
            0.272706,
            0.274595,
            0.290609,
            0.451037,
            0.423176,
            0.256015,
            0.25469699999999995,
            0.302124,
            0.220779,
            0.253015
        ],
        [
            0.908156,
            0.939031,
            0.20405500000000001,
            0.20929999999999999,
            0.172923,
            0.165071,
            0.22762000000000002,
            0.251869,
            0.261523,
            0.281134,
            0.248522,
            0.12956600000000001,
            0.160841,
            0.155077,
            0.0,
            0.055889999999999995,
            0.08015399999999999,
            0.096237,
            0.23613,
            0.25992499999999996,
            0.261814,
            0.27782799999999996,
            0.4382560000000001,
            0.41039499999999995,
            0.243234,
            0.241916,
            0.289343,
            0.20799800000000002,
            0.240234
        ],
        [
            0.906948,
            0.9378230000000001,
            0.20284700000000003,
            0.208092,
            0.171715,
            0.163863,
            0.226412,
            0.250661,
            0.260315,
            0.279926,
            0.24731399999999998,
            0.128358,
            0.159633,
            0.15386899999999998,
            0.055889999999999995,
            0.0,
            0.053903999999999994,
            0.069987,
            0.23492200000000002,
            0.258717,
            0.260606,
            0.27662,
            0.4370480000000001,
            0.40918699999999997,
            0.24202600000000002,
            0.240708,
            0.28813500000000003,
            0.20679000000000003,
            0.23902600000000002
        ],
        [
            0.9312119999999999,
            0.9620869999999999,
            0.227111,
            0.232356,
            0.195979,
            0.188127,
            0.250676,
            0.274925,
            0.28457899999999997,
            0.30418999999999996,
            0.271578,
            0.15262199999999998,
            0.18389699999999998,
            0.17813299999999999,
            0.08015399999999999,
            0.053903999999999994,
            0.0,
            0.048781000000000005,
            0.259186,
            0.282981,
            0.28486999999999996,
            0.300884,
            0.46131200000000006,
            0.433451,
            0.26629,
            0.264972,
            0.312399,
            0.23105399999999998,
            0.26329
        ],
        [
            0.9472949999999999,
            0.97817,
            0.243194,
            0.24843899999999997,
            0.21206199999999997,
            0.20420999999999997,
            0.26675899999999997,
            0.291008,
            0.300662,
            0.320273,
            0.28766099999999994,
            0.168705,
            0.19998,
            0.194216,
            0.096237,
            0.069987,
            0.048781000000000005,
            0.0,
            0.275269,
            0.299064,
            0.30095299999999997,
            0.316967,
            0.477395,
            0.449534,
            0.282373,
            0.28105499999999994,
            0.328482,
            0.247137,
            0.279373
        ],
        [
            0.938136,
            0.9690110000000001,
            0.23403500000000002,
            0.23928,
            0.202903,
            0.195051,
            0.277624,
            0.301873,
            0.311527,
            0.331138,
            0.29852599999999996,
            0.22340000000000002,
            0.254675,
            0.248911,
            0.23613,
            0.23492200000000002,
            0.259186,
            0.275269,
            0.0,
            0.154515,
            0.156404,
            0.17241800000000002,
            0.3328460000000001,
            0.304985,
            0.137824,
            0.13650600000000002,
            0.183933,
            0.12029000000000001,
            0.152526
        ],
        [
            0.961931,
            0.9928060000000001,
            0.25783,
            0.263075,
            0.22669799999999998,
            0.21884599999999998,
            0.301419,
            0.32566799999999996,
            0.335322,
            0.35493299999999994,
            0.32232099999999997,
            0.247195,
            0.27847,
            0.272706,
            0.25992499999999996,
            0.258717,
            0.282981,
            0.299064,
            0.154515,
            0.0,
            0.033001,
            0.049015,
            0.269591,
            0.24173,
            0.109837,
            0.108519,
            0.15594600000000003,
            0.144085,
            0.176321
        ],
        [
            0.9638199999999999,
            0.9946949999999999,
            0.25971900000000003,
            0.264964,
            0.22858699999999998,
            0.220735,
            0.303308,
            0.327557,
            0.337211,
            0.356822,
            0.32421,
            0.249084,
            0.280359,
            0.274595,
            0.261814,
            0.260606,
            0.28486999999999996,
            0.30095299999999997,
            0.156404,
            0.033001,
            0.0,
            0.028721999999999998,
            0.27148000000000005,
            0.243619,
            0.111726,
            0.110408,
            0.157835,
            0.145974,
            0.17820999999999998
        ],
        [
            0.979834,
            1.010709,
            0.275733,
            0.280978,
            0.24460099999999999,
            0.236749,
            0.319322,
            0.34357099999999996,
            0.353225,
            0.37283599999999995,
            0.34022399999999997,
            0.265098,
            0.296373,
            0.290609,
            0.27782799999999996,
            0.27662,
            0.300884,
            0.316967,
            0.17241800000000002,
            0.049015,
            0.028721999999999998,
            0.0,
            0.287494,
            0.259633,
            0.12774000000000002,
            0.126422,
            0.17384900000000003,
            0.161988,
            0.194224
        ],
        [
            1.140262,
            1.171137,
            0.436161,
            0.441406,
            0.4050290000000001,
            0.39717700000000006,
            0.47975000000000007,
            0.5039990000000001,
            0.513653,
            0.5332640000000001,
            0.5006520000000001,
            0.42552600000000007,
            0.45680100000000007,
            0.451037,
            0.4382560000000001,
            0.4370480000000001,
            0.46131200000000006,
            0.477395,
            0.3328460000000001,
            0.269591,
            0.27148000000000005,
            0.287494,
            0.0,
            0.296477,
            0.28816800000000004,
            0.28685000000000005,
            0.33427700000000005,
            0.32241600000000004,
            0.3546520000000001
        ],
        [
            1.112401,
            1.143276,
            0.40829999999999994,
            0.41354499999999994,
            0.37716799999999995,
            0.369316,
            0.451889,
            0.47613799999999995,
            0.485792,
            0.5054029999999999,
            0.47279099999999996,
            0.397665,
            0.42894,
            0.423176,
            0.41039499999999995,
            0.40918699999999997,
            0.433451,
            0.449534,
            0.304985,
            0.24173,
            0.243619,
            0.259633,
            0.296477,
            0.0,
            0.260307,
            0.258989,
            0.306416,
            0.294555,
            0.326791
        ],
        [
            0.94524,
            0.9761150000000001,
            0.24113900000000002,
            0.246384,
            0.210007,
            0.202155,
            0.284728,
            0.308977,
            0.318631,
            0.338242,
            0.30562999999999996,
            0.23050400000000001,
            0.261779,
            0.256015,
            0.243234,
            0.24202600000000002,
            0.26629,
            0.282373,
            0.137824,
            0.109837,
            0.111726,
            0.12774000000000002,
            0.28816800000000004,
            0.260307,
            0.0,
            0.07367,
            0.12109700000000001,
            0.127394,
            0.15963
        ],
        [
            0.9439219999999999,
            0.9747969999999999,
            0.239821,
            0.245066,
            0.20868899999999999,
            0.200837,
            0.28341,
            0.307659,
            0.31731299999999996,
            0.336924,
            0.30431199999999997,
            0.229186,
            0.260461,
            0.25469699999999995,
            0.241916,
            0.240708,
            0.264972,
            0.28105499999999994,
            0.13650600000000002,
            0.108519,
            0.110408,
            0.126422,
            0.28685000000000005,
            0.258989,
            0.07367,
            0.0,
            0.061731,
            0.126076,
            0.158312
        ],
        [
            0.9913489999999999,
            1.022224,
            0.287248,
            0.292493,
            0.256116,
            0.248264,
            0.33083700000000005,
            0.355086,
            0.36474,
            0.384351,
            0.351739,
            0.276613,
            0.30788800000000005,
            0.302124,
            0.289343,
            0.28813500000000003,
            0.312399,
            0.328482,
            0.183933,
            0.15594600000000003,
            0.157835,
            0.17384900000000003,
            0.33427700000000005,
            0.306416,
            0.12109700000000001,
            0.061731,
            0.0,
            0.17350300000000002,
            0.205739
        ],
        [
            0.9100039999999999,
            0.940879,
            0.205903,
            0.211148,
            0.174771,
            0.166919,
            0.249492,
            0.273741,
            0.283395,
            0.303006,
            0.27039399999999997,
            0.195268,
            0.226543,
            0.220779,
            0.20799800000000002,
            0.20679000000000003,
            0.23105399999999998,
            0.247137,
            0.12029000000000001,
            0.144085,
            0.145974,
            0.161988,
            0.32241600000000004,
            0.294555,
            0.127394,
            0.126076,
            0.17350300000000002,
            0.0,
            0.105202
        ],
        [
            0.94224,
            0.973115,
            0.23813900000000002,
            0.243384,
            0.207007,
            0.199155,
            0.281728,
            0.305977,
            0.315631,
            0.335242,
            0.30262999999999995,
            0.227504,
            0.258779,
            0.253015,
            0.240234,
            0.23902600000000002,
            0.26329,
            0.279373,
            0.152526,
            0.176321,
            0.17820999999999998,
            0.194224,
            0.3546520000000001,
            0.326791,
            0.15963,
            0.158312,
            0.205739,
            0.105202,
            0.0
        ]
    ],
    "NODE_MAPPING": {
        "0": "1",
        "1": "19",
        "2": "20",
        "3": "16",
        "4": "17",
        "5": "29",
        "6": "14",
        "7": "9",
        "8": "3",
        "9": "2",
        "10": "7",
        "11": "22",
        "12": "12",
        "13": "13",
        "14": "21",
        "15": "24",
        "16": "15",
        "17": "23",
        "18": "28",
        "19": "18",
        "20": "4",
        "21": "11",
        "22": "5",
        "23": "10",
        "24": "27",
        "25": "6",
        "26": "8",
        "27": "25",
        "28": "26"
    }
}