{
    "NEXUS_FILE_URL": "http://purl.org/phylo/treebase/phylows/study/TB2:S12310",
    "NEWICK_TREE": "(((3:0.103143,50:0.090325):0.143429,(43:0.147995,((29:0.004287,30:0.002424):0.17843,((19:0.120589,(23:0.047122,38:0.050461):0.044665):0.029485,(28:0.081381,(18:0.112424,(15:0.085902,33:0.064866):0.020092):0.029904):0.014308):0.025451):0.050354):0.025293):0.047528,(((6:0.115782,37:0.095664):0.155158,((1:0.160195,16:0.155941):0.113394,(27:0.081833,(4:0.011321,8:0.013253):0.058749):0.097938):0.01974):0.033463,(((41:0.139819,(35:0.141194,(17:0.09799,31:0.104442):0.012674):0.017261):0.035196,((11:0.083142,(7:0.054623,34:0.062565):0.046675):0.116432,(49:0.121139,(46:0.10668,(39:0.026161,40:0.032524):0.058469):0.1119):0.016694):0.010908):0.019224,(((21:0.099463,24:0.1267):0.03355,(42:0.109767,(20:0.085639,(26:0.053944,32:0.039145):0.03612):0.024225):0.038518):0.080411,(((14:0.12874,(9:0.006743,10:0.008178):0.101756):0.11059,(12:0.152797,(44:0.097416,45:0.07226):0.041226):0.120233):0.068826,(36:0.221711,(25:0.173985,((47:0.060224,48:0.096739):0.019404,(5:0.133917,(2:0.094156,(13:0.118887,22:0.139201):0.011695):0.006203):0.005365):0.051818):0.027186):0.059831):0.019761):0.016133):0.022814):0.047528);",
    "DISTANCE_MATRIX": [
        [
            0.0,
            0.193468,
            0.41986,
            0.504936,
            0.5030730000000001,
            0.497744,
            0.468942,
            0.47228100000000006,
            0.44335900000000006,
            0.504306,
            0.49787600000000004,
            0.47684000000000004,
            0.646031,
            0.625913,
            0.66842,
            0.664166,
            0.5746020000000001,
            0.5628390000000001,
            0.564771,
            0.558681,
            0.5773170000000001,
            0.546787,
            0.553239,
            0.594148,
            0.612304,
            0.6202460000000001,
            0.5324070000000001,
            0.629848,
            0.6077980000000001,
            0.614161,
            0.593999,
            0.6212360000000001,
            0.6092710000000001,
            0.6093680000000001,
            0.613793,
            0.598994,
            0.7084920000000001,
            0.688251,
            0.689686,
            0.742192,
            0.728037,
            0.7028810000000001,
            0.681878,
            0.661338,
            0.6187990000000001,
            0.6553140000000002,
            0.678453,
            0.644895,
            0.6813210000000001,
            0.701635
        ],
        [
            0.193468,
            0.0,
            0.407042,
            0.49211800000000006,
            0.49025500000000005,
            0.484926,
            0.45612400000000003,
            0.45946300000000007,
            0.43054100000000006,
            0.49148800000000004,
            0.48505800000000004,
            0.46402200000000005,
            0.633213,
            0.6130950000000001,
            0.655602,
            0.651348,
            0.5617840000000001,
            0.5500210000000001,
            0.551953,
            0.545863,
            0.5644990000000001,
            0.533969,
            0.540421,
            0.58133,
            0.599486,
            0.6074280000000001,
            0.5195890000000001,
            0.61703,
            0.5949800000000001,
            0.601343,
            0.5811810000000001,
            0.6084180000000001,
            0.5964530000000001,
            0.5965500000000001,
            0.600975,
            0.586176,
            0.6956740000000001,
            0.675433,
            0.676868,
            0.729374,
            0.715219,
            0.6900630000000001,
            0.66906,
            0.64852,
            0.6059810000000001,
            0.6424960000000002,
            0.665635,
            0.632077,
            0.6685030000000001,
            0.688817
        ],
        [
            0.41986,
            0.407042,
            0.0,
            0.381066,
            0.379203,
            0.37387400000000004,
            0.345072,
            0.348411,
            0.319489,
            0.380436,
            0.374006,
            0.35297,
            0.572747,
            0.552629,
            0.595136,
            0.590882,
            0.501318,
            0.489555,
            0.491487,
            0.485397,
            0.504033,
            0.473503,
            0.479955,
            0.520864,
            0.53902,
            0.546962,
            0.459123,
            0.5565640000000001,
            0.5345139999999999,
            0.540877,
            0.520715,
            0.547952,
            0.535987,
            0.536084,
            0.540509,
            0.52571,
            0.635208,
            0.614967,
            0.6164020000000001,
            0.6689080000000001,
            0.6547529999999999,
            0.629597,
            0.6085940000000001,
            0.5880540000000001,
            0.545515,
            0.58203,
            0.6051690000000001,
            0.5716110000000001,
            0.6080369999999999,
            0.6283510000000001
        ],
        [
            0.504936,
            0.49211800000000006,
            0.381066,
            0.0,
            0.006711,
            0.35824200000000006,
            0.32944,
            0.33277900000000005,
            0.30385700000000004,
            0.364804,
            0.358374,
            0.337338,
            0.657823,
            0.6377050000000001,
            0.680212,
            0.6759580000000001,
            0.5863940000000001,
            0.5746310000000001,
            0.576563,
            0.570473,
            0.5891090000000001,
            0.558579,
            0.5650310000000001,
            0.60594,
            0.624096,
            0.6320380000000001,
            0.5441990000000001,
            0.64164,
            0.6195900000000001,
            0.625953,
            0.6057910000000001,
            0.6330280000000001,
            0.6210630000000001,
            0.6211600000000002,
            0.6255850000000001,
            0.610786,
            0.7202840000000001,
            0.700043,
            0.701478,
            0.753984,
            0.7398290000000001,
            0.7146730000000001,
            0.69367,
            0.67313,
            0.6305910000000001,
            0.6671060000000002,
            0.690245,
            0.656687,
            0.6931130000000001,
            0.713427
        ],
        [
            0.5030730000000001,
            0.49025500000000005,
            0.379203,
            0.006711,
            0.0,
            0.356379,
            0.327577,
            0.330916,
            0.301994,
            0.362941,
            0.356511,
            0.33547499999999997,
            0.6559600000000001,
            0.635842,
            0.6783490000000001,
            0.6740950000000001,
            0.5845310000000001,
            0.572768,
            0.5747,
            0.5686100000000001,
            0.587246,
            0.556716,
            0.5631680000000001,
            0.604077,
            0.622233,
            0.630175,
            0.542336,
            0.639777,
            0.617727,
            0.62409,
            0.603928,
            0.6311650000000001,
            0.6192000000000001,
            0.6192970000000001,
            0.6237220000000001,
            0.6089230000000001,
            0.7184210000000001,
            0.69818,
            0.6996150000000001,
            0.752121,
            0.737966,
            0.71281,
            0.6918070000000001,
            0.6712670000000001,
            0.6287280000000001,
            0.6652430000000001,
            0.688382,
            0.6548240000000001,
            0.69125,
            0.7115640000000001
        ],
        [
            0.497744,
            0.484926,
            0.37387400000000004,
            0.35824200000000006,
            0.356379,
            0.0,
            0.212376,
            0.215715,
            0.245763,
            0.30671000000000004,
            0.30028,
            0.279244,
            0.650631,
            0.6305130000000001,
            0.67302,
            0.668766,
            0.579202,
            0.567439,
            0.5693710000000001,
            0.563281,
            0.581917,
            0.5513870000000001,
            0.557839,
            0.5987480000000001,
            0.616904,
            0.624846,
            0.537007,
            0.634448,
            0.612398,
            0.618761,
            0.5985990000000001,
            0.6258360000000001,
            0.613871,
            0.6139680000000001,
            0.618393,
            0.603594,
            0.7130920000000001,
            0.692851,
            0.6942860000000001,
            0.746792,
            0.732637,
            0.707481,
            0.686478,
            0.665938,
            0.623399,
            0.6599140000000001,
            0.683053,
            0.649495,
            0.685921,
            0.7062350000000001
        ],
        [
            0.468942,
            0.45612400000000003,
            0.345072,
            0.32944,
            0.327577,
            0.212376,
            0.0,
            0.097583,
            0.21696100000000001,
            0.277908,
            0.271478,
            0.250442,
            0.621829,
            0.6017110000000001,
            0.644218,
            0.639964,
            0.5504,
            0.538637,
            0.5405690000000001,
            0.534479,
            0.553115,
            0.5225850000000001,
            0.529037,
            0.5699460000000001,
            0.588102,
            0.596044,
            0.508205,
            0.605646,
            0.583596,
            0.589959,
            0.5697970000000001,
            0.5970340000000001,
            0.5850690000000001,
            0.5851660000000001,
            0.589591,
            0.574792,
            0.6842900000000001,
            0.664049,
            0.6654840000000001,
            0.71799,
            0.703835,
            0.678679,
            0.657676,
            0.637136,
            0.594597,
            0.6311120000000001,
            0.654251,
            0.620693,
            0.657119,
            0.6774330000000001
        ],
        [
            0.47228100000000006,
            0.45946300000000007,
            0.348411,
            0.33277900000000005,
            0.330916,
            0.215715,
            0.097583,
            0.0,
            0.2203,
            0.281247,
            0.274817,
            0.253781,
            0.625168,
            0.6050500000000001,
            0.6475569999999999,
            0.643303,
            0.553739,
            0.541976,
            0.5439080000000001,
            0.537818,
            0.556454,
            0.5259240000000001,
            0.532376,
            0.573285,
            0.591441,
            0.599383,
            0.511544,
            0.608985,
            0.586935,
            0.593298,
            0.5731360000000001,
            0.600373,
            0.588408,
            0.5885050000000001,
            0.59293,
            0.578131,
            0.687629,
            0.667388,
            0.6688230000000001,
            0.721329,
            0.707174,
            0.682018,
            0.661015,
            0.640475,
            0.597936,
            0.6344510000000001,
            0.65759,
            0.624032,
            0.660458,
            0.680772
        ],
        [
            0.44335900000000006,
            0.43054100000000006,
            0.319489,
            0.30385700000000004,
            0.301994,
            0.245763,
            0.21696100000000001,
            0.2203,
            0.0,
            0.223709,
            0.217279,
            0.196243,
            0.596246,
            0.576128,
            0.618635,
            0.6143810000000001,
            0.5248170000000001,
            0.513054,
            0.5149859999999999,
            0.508896,
            0.527532,
            0.497002,
            0.5034540000000001,
            0.5443629999999999,
            0.562519,
            0.570461,
            0.482622,
            0.580063,
            0.558013,
            0.564376,
            0.544214,
            0.571451,
            0.559486,
            0.559583,
            0.5640080000000001,
            0.5492090000000001,
            0.658707,
            0.638466,
            0.639901,
            0.692407,
            0.678252,
            0.653096,
            0.632093,
            0.611553,
            0.569014,
            0.6055290000000001,
            0.628668,
            0.59511,
            0.631536,
            0.65185
        ],
        [
            0.504306,
            0.49148800000000004,
            0.380436,
            0.364804,
            0.362941,
            0.30671000000000004,
            0.277908,
            0.281247,
            0.223709,
            0.0,
            0.218418,
            0.197382,
            0.657193,
            0.6370750000000001,
            0.679582,
            0.675328,
            0.5857640000000001,
            0.574001,
            0.575933,
            0.5698430000000001,
            0.588479,
            0.557949,
            0.564401,
            0.60531,
            0.6234660000000001,
            0.631408,
            0.543569,
            0.6410100000000001,
            0.61896,
            0.6253230000000001,
            0.6051610000000001,
            0.632398,
            0.620433,
            0.62053,
            0.624955,
            0.610156,
            0.719654,
            0.6994130000000001,
            0.7008480000000001,
            0.7533540000000001,
            0.7391989999999999,
            0.714043,
            0.6930400000000001,
            0.6725000000000001,
            0.629961,
            0.6664760000000001,
            0.6896150000000001,
            0.6560570000000001,
            0.692483,
            0.7127970000000001
        ],
        [
            0.49787600000000004,
            0.48505800000000004,
            0.374006,
            0.358374,
            0.356511,
            0.30028,
            0.271478,
            0.274817,
            0.217279,
            0.218418,
            0.0,
            0.150768,
            0.650763,
            0.6306450000000001,
            0.673152,
            0.668898,
            0.579334,
            0.567571,
            0.5695030000000001,
            0.563413,
            0.582049,
            0.5515190000000001,
            0.557971,
            0.5988800000000001,
            0.617036,
            0.624978,
            0.537139,
            0.63458,
            0.61253,
            0.618893,
            0.5987310000000001,
            0.6259680000000001,
            0.6140030000000001,
            0.6141000000000001,
            0.618525,
            0.603726,
            0.7132240000000001,
            0.692983,
            0.6944180000000001,
            0.746924,
            0.732769,
            0.707613,
            0.68661,
            0.66607,
            0.6235310000000001,
            0.6600460000000001,
            0.683185,
            0.6496270000000001,
            0.686053,
            0.7063670000000001
        ],
        [
            0.47684000000000004,
            0.46402200000000005,
            0.35297,
            0.337338,
            0.33547499999999997,
            0.279244,
            0.250442,
            0.253781,
            0.196243,
            0.197382,
            0.150768,
            0.0,
            0.6297269999999999,
            0.6096090000000001,
            0.6521159999999999,
            0.6478619999999999,
            0.558298,
            0.546535,
            0.548467,
            0.542377,
            0.561013,
            0.530483,
            0.5369349999999999,
            0.577844,
            0.596,
            0.603942,
            0.516103,
            0.613544,
            0.591494,
            0.597857,
            0.5776950000000001,
            0.604932,
            0.592967,
            0.593064,
            0.5974889999999999,
            0.5826899999999999,
            0.692188,
            0.671947,
            0.673382,
            0.725888,
            0.711733,
            0.686577,
            0.665574,
            0.645034,
            0.602495,
            0.6390100000000001,
            0.662149,
            0.628591,
            0.665017,
            0.685331
        ],
        [
            0.646031,
            0.633213,
            0.572747,
            0.657823,
            0.6559600000000001,
            0.650631,
            0.621829,
            0.625168,
            0.596246,
            0.657193,
            0.650763,
            0.6297269999999999,
            0.0,
            0.211446,
            0.5642689999999999,
            0.5600149999999999,
            0.47045099999999995,
            0.458688,
            0.4606199999999999,
            0.5214559999999999,
            0.540092,
            0.509562,
            0.516014,
            0.556923,
            0.5750789999999999,
            0.583021,
            0.49518199999999996,
            0.5926229999999999,
            0.570573,
            0.5769359999999999,
            0.556774,
            0.5840110000000001,
            0.572046,
            0.5721430000000001,
            0.576568,
            0.561769,
            0.6712670000000001,
            0.6510259999999999,
            0.652461,
            0.7049669999999999,
            0.690812,
            0.665656,
            0.6446529999999999,
            0.6241129999999999,
            0.581574,
            0.6180890000000001,
            0.6412279999999999,
            0.6076699999999999,
            0.644096,
            0.66441
        ],
        [
            0.625913,
            0.6130950000000001,
            0.552629,
            0.6377050000000001,
            0.635842,
            0.6305130000000001,
            0.6017110000000001,
            0.6050500000000001,
            0.576128,
            0.6370750000000001,
            0.6306450000000001,
            0.6096090000000001,
            0.211446,
            0.0,
            0.5441509999999999,
            0.539897,
            0.450333,
            0.43857,
            0.44050199999999995,
            0.5013380000000001,
            0.5199739999999999,
            0.489444,
            0.495896,
            0.536805,
            0.554961,
            0.5629029999999999,
            0.475064,
            0.572505,
            0.5504549999999999,
            0.556818,
            0.536656,
            0.563893,
            0.551928,
            0.552025,
            0.55645,
            0.541651,
            0.651149,
            0.630908,
            0.6323430000000001,
            0.684849,
            0.6706939999999999,
            0.645538,
            0.6245350000000001,
            0.6039950000000001,
            0.561456,
            0.597971,
            0.62111,
            0.5875520000000001,
            0.6239779999999999,
            0.6442920000000001
        ],
        [
            0.66842,
            0.655602,
            0.595136,
            0.680212,
            0.6783490000000001,
            0.67302,
            0.644218,
            0.6475569999999999,
            0.618635,
            0.679582,
            0.673152,
            0.6521159999999999,
            0.5642689999999999,
            0.5441509999999999,
            0.0,
            0.316136,
            0.45336,
            0.44159699999999996,
            0.44352899999999995,
            0.5438449999999999,
            0.562481,
            0.531951,
            0.538403,
            0.5793119999999999,
            0.5974679999999999,
            0.60541,
            0.517571,
            0.6150119999999999,
            0.592962,
            0.5993249999999999,
            0.579163,
            0.6064,
            0.594435,
            0.5945320000000001,
            0.598957,
            0.584158,
            0.693656,
            0.6734149999999999,
            0.67485,
            0.7273559999999999,
            0.713201,
            0.688045,
            0.6670419999999999,
            0.6465019999999999,
            0.603963,
            0.6404780000000001,
            0.6636169999999999,
            0.6300589999999999,
            0.666485,
            0.6867989999999999
        ],
        [
            0.664166,
            0.651348,
            0.590882,
            0.6759580000000001,
            0.6740950000000001,
            0.668766,
            0.639964,
            0.643303,
            0.6143810000000001,
            0.675328,
            0.668898,
            0.6478619999999999,
            0.5600149999999999,
            0.539897,
            0.316136,
            0.0,
            0.449106,
            0.437343,
            0.43927499999999997,
            0.5395909999999999,
            0.558227,
            0.527697,
            0.534149,
            0.575058,
            0.5932139999999999,
            0.601156,
            0.513317,
            0.6107579999999999,
            0.588708,
            0.5950709999999999,
            0.574909,
            0.6021460000000001,
            0.5901810000000001,
            0.5902780000000001,
            0.594703,
            0.579904,
            0.6894020000000001,
            0.6691609999999999,
            0.670596,
            0.7231019999999999,
            0.708947,
            0.683791,
            0.6627879999999999,
            0.6422479999999999,
            0.599709,
            0.6362240000000001,
            0.6593629999999999,
            0.625805,
            0.662231,
            0.682545
        ],
        [
            0.5746020000000001,
            0.5617840000000001,
            0.501318,
            0.5863940000000001,
            0.5845310000000001,
            0.579202,
            0.5504,
            0.553739,
            0.5248170000000001,
            0.5857640000000001,
            0.579334,
            0.558298,
            0.47045099999999995,
            0.450333,
            0.45336,
            0.449106,
            0.0,
            0.151903,
            0.153835,
            0.450027,
            0.468663,
            0.438133,
            0.444585,
            0.485494,
            0.5036499999999999,
            0.511592,
            0.423753,
            0.5211939999999999,
            0.499144,
            0.5055069999999999,
            0.485345,
            0.5125820000000001,
            0.5006170000000001,
            0.5007140000000001,
            0.505139,
            0.49034,
            0.5998380000000001,
            0.5795969999999999,
            0.581032,
            0.6335379999999999,
            0.619383,
            0.5942270000000001,
            0.573224,
            0.552684,
            0.5101450000000001,
            0.5466600000000001,
            0.5697989999999999,
            0.536241,
            0.572667,
            0.592981
        ],
        [
            0.5628390000000001,
            0.5500210000000001,
            0.489555,
            0.5746310000000001,
            0.572768,
            0.567439,
            0.538637,
            0.541976,
            0.513054,
            0.574001,
            0.567571,
            0.546535,
            0.458688,
            0.43857,
            0.44159699999999996,
            0.437343,
            0.151903,
            0.0,
            0.024574,
            0.438264,
            0.4569,
            0.42637,
            0.432822,
            0.47373099999999996,
            0.49188699999999996,
            0.49982899999999997,
            0.41198999999999997,
            0.509431,
            0.48738099999999995,
            0.49374399999999996,
            0.473582,
            0.500819,
            0.488854,
            0.488951,
            0.493376,
            0.478577,
            0.588075,
            0.567834,
            0.569269,
            0.621775,
            0.6076199999999999,
            0.582464,
            0.561461,
            0.540921,
            0.498382,
            0.5348970000000001,
            0.558036,
            0.524478,
            0.560904,
            0.581218
        ],
        [
            0.564771,
            0.551953,
            0.491487,
            0.576563,
            0.5747,
            0.5693710000000001,
            0.5405690000000001,
            0.5439080000000001,
            0.5149859999999999,
            0.575933,
            0.5695030000000001,
            0.548467,
            0.4606199999999999,
            0.44050199999999995,
            0.44352899999999995,
            0.43927499999999997,
            0.153835,
            0.024574,
            0.0,
            0.440196,
            0.45883199999999996,
            0.42830199999999996,
            0.434754,
            0.47566299999999995,
            0.49381899999999995,
            0.5017609999999999,
            0.41392199999999996,
            0.511363,
            0.48931299999999994,
            0.49567599999999995,
            0.475514,
            0.502751,
            0.490786,
            0.490883,
            0.49530799999999997,
            0.48050899999999996,
            0.590007,
            0.569766,
            0.5712010000000001,
            0.623707,
            0.6095519999999999,
            0.5843959999999999,
            0.563393,
            0.542853,
            0.5003139999999999,
            0.536829,
            0.559968,
            0.52641,
            0.5628359999999999,
            0.5831500000000001
        ],
        [
            0.558681,
            0.545863,
            0.485397,
            0.570473,
            0.5686100000000001,
            0.563281,
            0.534479,
            0.537818,
            0.508896,
            0.5698430000000001,
            0.563413,
            0.542377,
            0.5214559999999999,
            0.5013380000000001,
            0.5438449999999999,
            0.5395909999999999,
            0.450027,
            0.438264,
            0.440196,
            0.0,
            0.298274,
            0.267744,
            0.274196,
            0.385497,
            0.403653,
            0.411595,
            0.323756,
            0.421197,
            0.399147,
            0.40551,
            0.423796,
            0.451033,
            0.439068,
            0.439165,
            0.44359,
            0.428791,
            0.538289,
            0.518048,
            0.519483,
            0.571989,
            0.5578339999999999,
            0.532678,
            0.511675,
            0.491135,
            0.448596,
            0.48511100000000007,
            0.50825,
            0.474692,
            0.511118,
            0.531432
        ],
        [
            0.5773170000000001,
            0.5644990000000001,
            0.504033,
            0.5891090000000001,
            0.587246,
            0.581917,
            0.553115,
            0.556454,
            0.527532,
            0.588479,
            0.582049,
            0.561013,
            0.540092,
            0.5199739999999999,
            0.562481,
            0.558227,
            0.468663,
            0.4569,
            0.45883199999999996,
            0.298274,
            0.0,
            0.25185799999999997,
            0.25831,
            0.40413299999999996,
            0.42228899999999997,
            0.430231,
            0.342392,
            0.439833,
            0.41778299999999996,
            0.42414599999999997,
            0.442432,
            0.469669,
            0.457704,
            0.457801,
            0.46222599999999997,
            0.44742699999999996,
            0.556925,
            0.5366839999999999,
            0.538119,
            0.590625,
            0.5764699999999999,
            0.551314,
            0.530311,
            0.509771,
            0.467232,
            0.5037470000000001,
            0.526886,
            0.493328,
            0.529754,
            0.550068
        ],
        [
            0.546787,
            0.533969,
            0.473503,
            0.558579,
            0.556716,
            0.5513870000000001,
            0.5225850000000001,
            0.5259240000000001,
            0.497002,
            0.557949,
            0.5515190000000001,
            0.530483,
            0.509562,
            0.489444,
            0.531951,
            0.527697,
            0.438133,
            0.42637,
            0.42830199999999996,
            0.267744,
            0.25185799999999997,
            0.0,
            0.202432,
            0.373603,
            0.39175899999999997,
            0.399701,
            0.311862,
            0.409303,
            0.38725299999999996,
            0.39361599999999997,
            0.411902,
            0.43913900000000006,
            0.42717400000000005,
            0.42727100000000007,
            0.43169599999999997,
            0.41689699999999996,
            0.5263950000000001,
            0.506154,
            0.5075890000000001,
            0.560095,
            0.54594,
            0.520784,
            0.49978100000000003,
            0.47924100000000003,
            0.43670200000000003,
            0.4732170000000001,
            0.496356,
            0.46279800000000004,
            0.499224,
            0.519538
        ],
        [
            0.553239,
            0.540421,
            0.479955,
            0.5650310000000001,
            0.5631680000000001,
            0.557839,
            0.529037,
            0.532376,
            0.5034540000000001,
            0.564401,
            0.557971,
            0.5369349999999999,
            0.516014,
            0.495896,
            0.538403,
            0.534149,
            0.444585,
            0.432822,
            0.434754,
            0.274196,
            0.25831,
            0.202432,
            0.0,
            0.380055,
            0.398211,
            0.406153,
            0.318314,
            0.415755,
            0.39370499999999997,
            0.400068,
            0.418354,
            0.445591,
            0.433626,
            0.433723,
            0.438148,
            0.423349,
            0.5328470000000001,
            0.5126059999999999,
            0.514041,
            0.5665469999999999,
            0.552392,
            0.527236,
            0.5062329999999999,
            0.485693,
            0.443154,
            0.47966900000000007,
            0.5028079999999999,
            0.46925,
            0.505676,
            0.52599
        ],
        [
            0.594148,
            0.58133,
            0.520864,
            0.60594,
            0.604077,
            0.5987480000000001,
            0.5699460000000001,
            0.573285,
            0.5443629999999999,
            0.60531,
            0.5988800000000001,
            0.577844,
            0.556923,
            0.536805,
            0.5793119999999999,
            0.575058,
            0.485494,
            0.47373099999999996,
            0.47566299999999995,
            0.385497,
            0.40413299999999996,
            0.373603,
            0.380055,
            0.0,
            0.18444,
            0.192382,
            0.33740699999999996,
            0.43484799999999996,
            0.41279799999999994,
            0.41916099999999995,
            0.459263,
            0.4865,
            0.474535,
            0.474632,
            0.47905699999999996,
            0.46425799999999995,
            0.5737559999999999,
            0.553515,
            0.55495,
            0.607456,
            0.5933009999999999,
            0.5681449999999999,
            0.547142,
            0.526602,
            0.48406299999999997,
            0.520578,
            0.543717,
            0.510159,
            0.5465849999999999,
            0.566899
        ],
        [
            0.612304,
            0.599486,
            0.53902,
            0.624096,
            0.622233,
            0.616904,
            0.588102,
            0.591441,
            0.562519,
            0.6234660000000001,
            0.617036,
            0.596,
            0.5750789999999999,
            0.554961,
            0.5974679999999999,
            0.5932139999999999,
            0.5036499999999999,
            0.49188699999999996,
            0.49381899999999995,
            0.403653,
            0.42228899999999997,
            0.39175899999999997,
            0.398211,
            0.18444,
            0.0,
            0.11718799999999999,
            0.35556299999999996,
            0.45300399999999996,
            0.43095399999999995,
            0.43731699999999996,
            0.477419,
            0.504656,
            0.492691,
            0.492788,
            0.49721299999999996,
            0.48241399999999995,
            0.591912,
            0.5716709999999999,
            0.573106,
            0.625612,
            0.6114569999999999,
            0.586301,
            0.565298,
            0.544758,
            0.502219,
            0.538734,
            0.561873,
            0.528315,
            0.5647409999999999,
            0.585055
        ],
        [
            0.6202460000000001,
            0.6074280000000001,
            0.546962,
            0.6320380000000001,
            0.630175,
            0.624846,
            0.596044,
            0.599383,
            0.570461,
            0.631408,
            0.624978,
            0.603942,
            0.583021,
            0.5629029999999999,
            0.60541,
            0.601156,
            0.511592,
            0.49982899999999997,
            0.5017609999999999,
            0.411595,
            0.430231,
            0.399701,
            0.406153,
            0.192382,
            0.11718799999999999,
            0.0,
            0.36350499999999997,
            0.46094599999999997,
            0.43889599999999995,
            0.44525899999999996,
            0.485361,
            0.512598,
            0.500633,
            0.50073,
            0.505155,
            0.49035599999999996,
            0.599854,
            0.5796129999999999,
            0.581048,
            0.633554,
            0.6193989999999999,
            0.594243,
            0.57324,
            0.5527,
            0.510161,
            0.546676,
            0.569815,
            0.536257,
            0.5726829999999999,
            0.592997
        ],
        [
            0.5324070000000001,
            0.5195890000000001,
            0.459123,
            0.5441990000000001,
            0.542336,
            0.537007,
            0.508205,
            0.511544,
            0.482622,
            0.543569,
            0.537139,
            0.516103,
            0.49518199999999996,
            0.475064,
            0.517571,
            0.513317,
            0.423753,
            0.41198999999999997,
            0.41392199999999996,
            0.323756,
            0.342392,
            0.311862,
            0.318314,
            0.33740699999999996,
            0.35556299999999996,
            0.36350499999999997,
            0.0,
            0.339719,
            0.317669,
            0.324032,
            0.397522,
            0.424759,
            0.412794,
            0.412891,
            0.41731599999999996,
            0.40251699999999996,
            0.512015,
            0.49177399999999993,
            0.493209,
            0.545715,
            0.5315599999999999,
            0.506404,
            0.48540099999999997,
            0.46486099999999997,
            0.422322,
            0.45883700000000005,
            0.48197599999999996,
            0.448418,
            0.48484399999999994,
            0.505158
        ],
        [
            0.629848,
            0.61703,
            0.5565640000000001,
            0.64164,
            0.639777,
            0.634448,
            0.605646,
            0.608985,
            0.580063,
            0.6410100000000001,
            0.63458,
            0.613544,
            0.5926229999999999,
            0.572505,
            0.6150119999999999,
            0.6107579999999999,
            0.5211939999999999,
            0.509431,
            0.511363,
            0.421197,
            0.439833,
            0.409303,
            0.415755,
            0.43484799999999996,
            0.45300399999999996,
            0.46094599999999997,
            0.339719,
            0.0,
            0.19130999999999998,
            0.197673,
            0.494963,
            0.5222,
            0.510235,
            0.510332,
            0.5147569999999999,
            0.49995799999999996,
            0.609456,
            0.5892149999999999,
            0.59065,
            0.643156,
            0.6290009999999999,
            0.603845,
            0.582842,
            0.562302,
            0.519763,
            0.556278,
            0.579417,
            0.545859,
            0.5822849999999999,
            0.602599
        ],
        [
            0.6077980000000001,
            0.5949800000000001,
            0.5345139999999999,
            0.6195900000000001,
            0.617727,
            0.612398,
            0.583596,
            0.586935,
            0.558013,
            0.61896,
            0.61253,
            0.591494,
            0.570573,
            0.5504549999999999,
            0.592962,
            0.588708,
            0.499144,
            0.48738099999999995,
            0.48931299999999994,
            0.399147,
            0.41778299999999996,
            0.38725299999999996,
            0.39370499999999997,
            0.41279799999999994,
            0.43095399999999995,
            0.43889599999999995,
            0.317669,
            0.19130999999999998,
            0.0,
            0.058685,
            0.472913,
            0.50015,
            0.488185,
            0.488282,
            0.49270699999999995,
            0.47790799999999994,
            0.587406,
            0.5671649999999999,
            0.5686,
            0.6211059999999999,
            0.6069509999999999,
            0.581795,
            0.560792,
            0.540252,
            0.49771299999999996,
            0.534228,
            0.557367,
            0.523809,
            0.5602349999999999,
            0.580549
        ],
        [
            0.614161,
            0.601343,
            0.540877,
            0.625953,
            0.62409,
            0.618761,
            0.589959,
            0.593298,
            0.564376,
            0.6253230000000001,
            0.618893,
            0.597857,
            0.5769359999999999,
            0.556818,
            0.5993249999999999,
            0.5950709999999999,
            0.5055069999999999,
            0.49374399999999996,
            0.49567599999999995,
            0.40551,
            0.42414599999999997,
            0.39361599999999997,
            0.400068,
            0.41916099999999995,
            0.43731699999999996,
            0.44525899999999996,
            0.324032,
            0.197673,
            0.058685,
            0.0,
            0.479276,
            0.506513,
            0.494548,
            0.494645,
            0.49906999999999996,
            0.48427099999999995,
            0.593769,
            0.5735279999999999,
            0.574963,
            0.6274689999999999,
            0.6133139999999999,
            0.588158,
            0.567155,
            0.546615,
            0.504076,
            0.540591,
            0.56373,
            0.530172,
            0.5665979999999999,
            0.586912
        ],
        [
            0.593999,
            0.5811810000000001,
