{
    "NEXUS_FILE_URL": "http://purl.org/phylo/treebase/phylows/study/TB2:S13998",
    "NEWICK_TREE": "((50:0.00602704,(51:9.889E-4,52:0.0018346):0.0047102):0.037345305,((((9:5.8211E-4,27:1.0E-8):0.00172375,(40:3.0812E-4,47:3.0547E-4):0.00128402):0.00570158,((28:1.0E-8,29:1.0E-8):0.00410426,((14:2.9274E-4,(18:1.0E-8,22:1.0E-8):0.0):0.00451025,(11:8.725E-4,(8:1.0E-8,19:1.0E-8,23:2.919E-4):5.8868E-4):0.0020772):0.00349203):0.00125068):0.00207526,((20:0.00220316,(32:3.2476E-4,((5:0.00472213,21:6.5485E-4):3.1739E-4,(37:6.1779E-4,45:6.1562E-4):0.00119002):0.00206103):0.00385735):0.00418477,(((2:5.853E-4,13:1.0E-8,30:1.0E-8):0.00288175,(31:0.00239655,(1:8.8623E-4,(12:2.9512E-4,25:5.8685E-4):2.9425E-4):2.6854E-4):0.00197743):0.0014307,(((3:1.0E-8,4:1.0E-8):0.00460893,(36:0.00419027,(34:0.0024466,(33:7.3782E-4,35:3.363E-4):0.00313852):0.00286377):0.00105751):2.8616E-4,((7:2.9182E-4,17:1.0E-8):0.00382025,(((41:9.2107E-4,42:1.0E-8):0.00190961,((39:1.0E-8,46:3.0682E-4):0.00115915,(15:5.423E-4,(10:2.9134E-4,26:1.0E-8):5.4175E-4):7.9488E-4):0.00121019):0.00159887,(49:0.00643376,(6:0.00270946,((38:2.8373E-4,43:8.4991E-4):0.00114812,((16:2.9208E-4,24:1.0E-8):5.3256E-4,(44:2.8167E-4,48:3.067E-4):5.7461E-4):2.7247E-4):0.00109558):0.0012677):8.0142E-4):0.00208251):9.3146E-4):6.7722E-4):0.00324809):0.00137976):0.037345305);",
    "DISTANCE_MATRIX": [
        [
            0,
            0.01172614,
            0.01257184,
            0.09080035,
            0.09021825,
            0.09008663,
            0.09008398000000001,
            0.08814786,
            0.08814786,
            0.09233861,
            0.09204588,
            0.09204588,
            0.09048532000000001,
            0.09020151000000001,
            0.09020151000000001,
            0.0904934,
            0.08848534,
            0.09046429,
            0.09724008,
            0.0931728,
            0.09400837000000001,
            0.09400620000000001,
            0.09024325,
            0.08965796000000001,
            0.08965796000000001,
            0.09115018,
            0.0899084,
            0.08961154,
            0.08990327000000001,
            0.09091782000000001,
            0.09091782000000001,
            0.09155666000000001,
            0.09267676,
            0.09410650000000001,
            0.09370498,
            0.09106625,
            0.09077444000000001,
            0.09346624,
            0.09254518,
            0.09300491,
            0.09331172000000001,
            0.09318293,
            0.09347372000000001,
            0.09318239,
            0.09627187000000001,
            0.09381527,
            0.09363324,
            0.09419942,
            0.0932985,
            0.09300643,
            0.09333014,
            0.09335517
        ],
        [
            0.01172614,
            0,
            0.0028235,
            0.09047241,
            0.08989031,
            0.08975869,
            0.08975604000000001,
            0.08781992,
            0.08781992,
            0.09201067,
            0.09171794,
            0.09171794,
            0.09015738000000001,
            0.08987357000000001,
            0.08987357000000001,
            0.09016546,
            0.0881574,
            0.09013635,
            0.09691214000000001,
            0.09284486,
            0.09368043000000001,
            0.09367826000000001,
            0.08991531,
            0.08933002000000001,
            0.08933002000000001,
            0.09082224,
            0.08958046,
            0.0892836,
            0.08957533000000001,
            0.09058988000000001,
            0.09058988000000001,
            0.09122872000000001,
            0.09234882,
            0.09377856000000001,
            0.09337704,
            0.09073831,
            0.09044650000000001,
            0.09313830000000001,
            0.09221724,
            0.09267697,
            0.09298378000000002,
            0.09285499,
            0.09314578000000001,
            0.09285445,
            0.09594393000000001,
            0.09348733000000001,
            0.09330530000000001,
            0.09387148000000001,
            0.09297056000000001,
            0.09267849,
            0.09300220000000001,
            0.09302723
        ],
        [
            0.01257184,
            0.0028235,
            0,
            0.09131811000000001,
            0.09073601,
            0.09060439,
            0.09060174,
            0.08866562,
            0.08866562,
            0.09285637,
            0.09256364,
            0.09256364,
            0.09100308,
            0.09071927,
            0.09071927,
            0.09101116000000001,
            0.0890031,
            0.09098205000000001,
            0.09775784,
            0.09369056,
            0.09452613,
            0.09452396,
            0.09076101,
            0.09017572,
            0.09017572,
            0.09166794,
            0.09042616,
            0.0901293,
            0.09042103,
            0.09143558,
            0.09143558,
            0.09207442,
            0.09319452,
            0.09462426,
            0.09422274,
            0.09158401,
            0.0912922,
            0.093984,
            0.09306294000000001,
            0.09352267,
            0.09382948,
            0.09370069,
            0.09399148,
            0.09370015000000001,
            0.09678963,
            0.09433303,
            0.094151,
            0.09471718,
            0.09381626,
            0.09352419000000001,
            0.0938479,
            0.09387293
        ],
        [
            0.09080035,
            0.09047241,
            0.09131811000000001,
            0,
            0.0005821200000000001,
            0.003898,
            0.0038953499999999997,
            0.013362390000000002,
            0.013362390000000002,
            0.017553140000000002,
            0.017260410000000004,
            0.017260410000000004,
            0.01569985,
            0.01541604,
            0.01541604,
            0.015707930000000002,
            0.01785039,
            0.01982934,
            0.026605130000000005,
            0.022537850000000005,
            0.023373420000000002,
            0.023371250000000003,
            0.019608300000000002,
            0.019023010000000003,
            0.019023010000000003,
            0.020515230000000002,
            0.019273450000000004,
            0.01897659,
            0.019268320000000002,
            0.02028287,
            0.02028287,
            0.020921710000000003,
            0.022041810000000002,
            0.02347155,
            0.023070030000000002,
            0.020431300000000003,
            0.020139490000000003,
            0.022831290000000004,
            0.021910230000000003,
            0.02236996,
            0.022676770000000006,
            0.022547980000000002,
            0.02283877,
            0.022547440000000002,
            0.02563692,
            0.023180320000000004,
            0.022998290000000005,
            0.023564470000000004,
            0.022663550000000005,
            0.022371480000000003,
            0.022695190000000004,
            0.022720220000000003
        ],
        [
            0.09021825,
            0.08989031,
            0.09073601,
            0.0005821200000000001,
            0,
            0.0033159,
            0.0033132500000000002,
            0.012780290000000001,
            0.012780290000000001,
            0.01697104,
            0.016678310000000002,
            0.016678310000000002,
            0.015117750000000001,
            0.01483394,
            0.01483394,
            0.015125830000000002,
            0.017268290000000002,
            0.019247240000000002,
            0.026023030000000003,
            0.021955750000000003,
            0.022791320000000004,
            0.02278915,
            0.0190262,
            0.018440910000000005,
            0.018440910000000005,
            0.01993313,
            0.018691350000000002,
            0.018394490000000003,
            0.018686220000000003,
            0.01970077,
            0.01970077,
            0.02033961,
            0.02145971,
            0.022889450000000002,
            0.022487930000000003,
            0.019849200000000004,
            0.01955739,
            0.022249190000000002,
            0.02132813,
            0.021787860000000003,
            0.022094670000000004,
            0.021965880000000004,
            0.022256670000000003,
            0.021965340000000003,
            0.025054820000000002,
            0.022598220000000002,
            0.022416190000000003,
            0.022982370000000002,
            0.022081450000000002,
            0.021789380000000004,
            0.022113090000000002,
            0.022138120000000004
        ],
        [
            0.09008663,
            0.08975869,
            0.09060439,
            0.003898,
            0.0033159,
            0,
            0.00061359,
            0.01264867,
            0.01264867,
            0.01683942,
            0.016546690000000003,
            0.016546690000000003,
            0.01498613,
            0.01470232,
            0.01470232,
            0.014994210000000001,
            0.01713667,
            0.01911562,
            0.025891410000000004,
            0.021824130000000004,
            0.0226597,
            0.022657530000000002,
            0.01889458,
            0.018309290000000002,
            0.018309290000000002,
            0.01980151,
            0.018559730000000003,
            0.01826287,
            0.0185546,
            0.01956915,
            0.01956915,
            0.020207990000000002,
            0.02132809,
            0.02275783,
            0.02235631,
            0.019717580000000002,
            0.019425770000000002,
            0.022117570000000003,
            0.021196510000000002,
            0.02165624,
            0.021963050000000005,
            0.02183426,
            0.02212505,
            0.02183372,
            0.0249232,
            0.022466600000000003,
            0.022284570000000004,
            0.022850750000000003,
            0.021949830000000004,
            0.02165776,
            0.021981470000000003,
            0.022006500000000002
        ],
        [
            0.09008398000000001,
            0.08975604000000001,
            0.09060174,
            0.0038953499999999997,
            0.0033132500000000002,
            0.00061359,
            0,
            0.012646020000000001,
            0.012646020000000001,
            0.01683677,
            0.016544040000000003,
            0.016544040000000003,
            0.01498348,
            0.01469967,
            0.01469967,
            0.014991560000000001,
            0.01713402,
            0.01911297,
            0.025888760000000004,
            0.021821480000000004,
            0.02265705,
            0.022654880000000002,
            0.01889193,
            0.018306640000000002,
            0.018306640000000002,
            0.01979886,
            0.018557080000000004,
            0.01826022,
            0.01855195,
            0.0195665,
            0.0195665,
            0.020205340000000002,
            0.02132544,
            0.02275518,
            0.02235366,
            0.019714930000000002,
            0.019423120000000002,
            0.022114920000000003,
            0.021193860000000002,
            0.02165359,
            0.021960400000000005,
            0.02183161,
            0.0221224,
            0.02183107,
            0.02492055,
            0.022463950000000003,
            0.022281920000000004,
            0.022848100000000003,
            0.021947180000000004,
            0.02165511,
            0.021978820000000003,
            0.022003850000000002
        ],
        [
            0.08814786,
            0.08781992,
            0.08866562,
            0.013362390000000002,
            0.012780290000000001,
            0.01264867,
            0.012646020000000001,
            0,
            2e-08,
            0.01239929,
            0.01210656,
            0.01210656,
            0.010546,
            0.010262190000000001,
            0.010262190000000001,
            0.01055408,
            0.0151979,
            0.01717685,
            0.023952640000000004,
            0.019885360000000005,
            0.020720930000000002,
            0.020718760000000003,
            0.01695581,
            0.016370520000000003,
            0.016370520000000003,
            0.017862740000000002,
            0.016620960000000004,
            0.0163241,
            0.01661583,
            0.01763038,
            0.01763038,
            0.018269220000000003,
            0.01938932,
            0.02081906,
            0.02041754,
            0.017778810000000003,
            0.017487000000000003,
            0.020178800000000004,
            0.019257740000000002,
            0.01971747,
            0.020024280000000005,
            0.019895490000000002,
            0.02018628,
            0.01989495,
            0.02298443,
            0.020527830000000004,
            0.020345800000000004,
            0.020911980000000004,
            0.020011060000000004,
            0.019718990000000002,
            0.020042700000000004,
            0.020067730000000002
        ],
        [
            0.08814786,
            0.08781992,
            0.08866562,
            0.013362390000000002,
            0.012780290000000001,
            0.01264867,
            0.012646020000000001,
            2e-08,
            0,
            0.01239929,
            0.01210656,
            0.01210656,
            0.010546,
            0.010262190000000001,
            0.010262190000000001,
            0.01055408,
            0.0151979,
            0.01717685,
            0.023952640000000004,
            0.019885360000000005,
            0.020720930000000002,
            0.020718760000000003,
            0.01695581,
            0.016370520000000003,
            0.016370520000000003,
            0.017862740000000002,
            0.016620960000000004,
            0.0163241,
            0.01661583,
            0.01763038,
            0.01763038,
            0.018269220000000003,
            0.01938932,
            0.02081906,
            0.02041754,
            0.017778810000000003,
            0.017487000000000003,
            0.020178800000000004,
            0.019257740000000002,
            0.01971747,
            0.020024280000000005,
            0.019895490000000002,
            0.02018628,
            0.01989495,
            0.02298443,
            0.020527830000000004,
            0.020345800000000004,
            0.020911980000000004,
            0.020011060000000004,
            0.019718990000000002,
            0.020042700000000004,
            0.020067730000000002
        ],
        [
            0.09233861,
            0.09201067,
            0.09285637,
            0.017553140000000002,
            0.01697104,
            0.01683942,
            0.01683677,
            0.01239929,
            0.01239929,
            0,
            0.00029275,
            0.00029275,
            0.00775269,
            0.00746888,
            0.00746888,
            0.00776077,
            0.01938865,
            0.0213676,
            0.028143390000000004,
            0.024076110000000005,
            0.024911680000000002,
            0.024909510000000003,
            0.021146560000000002,
            0.020561270000000003,
            0.020561270000000003,
            0.022053490000000002,
            0.020811710000000004,
            0.02051485,
            0.02080658,
            0.02182113,
            0.02182113,
            0.022459970000000003,
            0.02358007,
            0.02500981,
            0.02460829,
            0.021969560000000003,
            0.021677750000000003,
            0.024369550000000004,
            0.023448490000000002,
            0.02390822,
            0.024215030000000005,
            0.024086240000000002,
            0.02437703,
            0.0240857,
            0.02717518,
            0.024718580000000004,
            0.024536550000000004,
            0.025102730000000004,
            0.024201810000000004,
            0.023909740000000002,
            0.024233450000000004,
            0.024258480000000002
        ],
        [
            0.09204588,
            0.09171794,
            0.09256364,
            0.017260410000000004,
            0.016678310000000002,
            0.016546690000000003,
            0.016544040000000003,
            0.01210656,
            0.01210656,
            0.00029275,
            0,
            2e-08,
            0.00745996,
            0.00717615,
            0.00717615,
            0.0074680400000000004,
            0.019095920000000002,
            0.021074870000000002,
            0.027850660000000003,
            0.023783380000000003,
            0.02461895,
            0.02461678,
            0.020853830000000004,
            0.02026854,
            0.02026854,
            0.021760760000000004,
            0.020518980000000003,
            0.020222120000000003,
            0.02051385,
            0.021528400000000003,
            0.021528400000000003,
            0.022167240000000005,
            0.023287340000000004,
            0.024717080000000002,
            0.02431556,
            0.02167683,
            0.021385020000000005,
            0.024076820000000002,
            0.023155760000000004,
            0.023615490000000003,
            0.023922300000000004,
            0.023793510000000004,
            0.024084300000000003,
            0.023792970000000004,
            0.026882450000000002,
            0.024425850000000002,
            0.024243820000000003,
            0.024810000000000002,
            0.023909080000000003,
            0.02361701,
            0.023940720000000002,
            0.02396575
        ],
        [
            0.09204588,
            0.09171794,
            0.09256364,
            0.017260410000000004,
            0.016678310000000002,
            0.016546690000000003,
            0.016544040000000003,
            0.01210656,
            0.01210656,
            0.00029275,
            2e-08,
            0,
            0.00745996,
            0.00717615,
            0.00717615,
            0.0074680400000000004,
            0.019095920000000002,
            0.021074870000000002,
            0.027850660000000003,
            0.023783380000000003,
            0.02461895,
            0.02461678,
            0.020853830000000004,
            0.02026854,
            0.02026854,
            0.021760760000000004,
            0.020518980000000003,
            0.020222120000000003,
            0.02051385,
            0.021528400000000003,
            0.021528400000000003,
            0.022167240000000005,
            0.023287340000000004,
            0.024717080000000002,
            0.02431556,
            0.02167683,
            0.021385020000000005,
            0.024076820000000002,
            0.023155760000000004,
            0.023615490000000003,
            0.023922300000000004,
            0.023793510000000004,
            0.024084300000000003,
            0.023792970000000004,
            0.026882450000000002,
            0.024425850000000002,
            0.024243820000000003,
            0.024810000000000002,
            0.023909080000000003,
            0.02361701,
            0.023940720000000002,
            0.02396575
        ],
        [
            0.09048532000000001,
            0.09015738000000001,
            0.09100308,
            0.01569985,
            0.015117750000000001,
            0.01498613,
            0.01498348,
            0.010546,
            0.010546,
            0.00775269,
            0.00745996,
            0.00745996,
            0,
            0.00146119,
            0.00146119,
            0.00175308,
            0.01753536,
            0.01951431,
            0.026290100000000004,
            0.022222820000000004,
            0.02305839,
            0.023056220000000002,
            0.01929327,
            0.018707980000000003,
            0.018707980000000003,
            0.0202002,
            0.018958420000000004,
            0.01866156,
            0.01895329,
            0.01996784,
            0.01996784,
            0.020606680000000002,
            0.02172678,
            0.02315652,
            0.022755,
            0.020116270000000002,
            0.019824460000000002,
            0.022516260000000003,
            0.021595200000000002,
            0.02205493,
            0.022361740000000005,
            0.02223295,
            0.02252374,
            0.02223241,
            0.02532189,
            0.022865290000000003,
            0.022683260000000004,
            0.023249440000000003,
            0.022348520000000004,
            0.022056450000000002,
            0.022380160000000003,
            0.022405190000000002
        ],
        [
            0.09020151000000001,
            0.08987357000000001,
            0.09071927,
            0.01541604,
            0.01483394,
            0.01470232,
            0.01469967,
            0.010262190000000001,
            0.010262190000000001,
            0.00746888,
            0.00717615,
            0.00717615,
            0.00146119,
            0,
            2e-08,
            0.00029191,
            0.01725155,
            0.0192305,
            0.02600629,
            0.021939010000000002,
            0.022774580000000003,
            0.02277241,
            0.01900946,
            0.018424170000000004,
            0.018424170000000004,
            0.01991639,
            0.01867461,
            0.01837775,
            0.018669480000000002,
            0.019684029999999998,
            0.019684029999999998,
            0.02032287,
            0.02144297,
            0.02287271,
            0.022471190000000002,
            0.019832460000000003,
            0.01954065,
            0.02223245,
            0.02131139,
            0.02177112,
            0.022077930000000003,
            0.021949140000000002,
            0.02223993,
            0.021948600000000002,
            0.02503808,
            0.02258148,
            0.02239945,
            0.02296563,
            0.02206471,
            0.021772640000000003,
            0.02209635,
            0.022121380000000003
        ],
        [
            0.09020151000000001,
            0.08987357000000001,
            0.09071927,
            0.01541604,
            0.01483394,
            0.01470232,
            0.01469967,
            0.010262190000000001,
            0.010262190000000001,
            0.00746888,
            0.00717615,
            0.00717615,
            0.00146119,
            2e-08,
            0,
            0.00029191,
            0.01725155,
            0.0192305,
            0.02600629,
            0.021939010000000002,
            0.022774580000000003,
            0.02277241,
            0.01900946,
            0.018424170000000004,
            0.018424170000000004,
            0.01991639,
            0.01867461,
            0.01837775,
            0.018669480000000002,
            0.019684029999999998,
            0.019684029999999998,
            0.02032287,
            0.02144297,
            0.02287271,
            0.022471190000000002,
            0.019832460000000003,
            0.01954065,
            0.02223245,
            0.02131139,
            0.02177112,
            0.022077930000000003,
            0.021949140000000002,
            0.02223993,
            0.021948600000000002,
            0.02503808,
            0.02258148,
            0.02239945,
            0.02296563,
            0.02206471,
            0.021772640000000003,
            0.02209635,
            0.022121380000000003
        ],
        [
            0.0904934,
            0.09016546,
            0.09101116000000001,
            0.015707930000000002,
            0.015125830000000002,
            0.014994210000000001,
            0.014991560000000001,
            0.01055408,
            0.01055408,
            0.00776077,
            0.0074680400000000004,
            0.0074680400000000004,
            0.00175308,
            0.00029191,
            0.00029191,
            0,
            0.01754344,
            0.01952239,
            0.026298180000000004,
            0.022230900000000005,
            0.023066470000000002,
            0.023064300000000003,
            0.019301350000000002,
            0.018716060000000003,
            0.018716060000000003,
            0.020208280000000002,
            0.018966500000000004,
            0.01866964,
            0.01896137,
            0.01997592,
            0.01997592,
            0.020614760000000003,
            0.02173486,
            0.0231646,
            0.02276308,
            0.020124350000000003,
            0.019832540000000003,
            0.022524340000000004,
            0.021603280000000002,
            0.02206301,
            0.022369820000000006,
            0.022241030000000002,
            0.02253182,
            0.02224049,
            0.02532997,
            0.022873370000000004,
            0.022691340000000004,
            0.023257520000000004,
            0.022356600000000004,
            0.022064530000000002,
            0.022388240000000004,
            0.022413270000000002
        ],
        [
            0.08848534,
            0.0881574,
            0.0890031,
            0.01785039,
            0.017268290000000002,
            0.01713667,
            0.01713402,
            0.0151979,
            0.0151979,
            0.01938865,
            0.019095920000000002,
            0.019095920000000002,
            0.01753536,
            0.01725155,
            0.01725155,
            0.01754344,
            0,
            0.00638527,
            0.013161059999999999,
            0.00909378,
            0.00992935,
            0.00992718,
            0.01453377,
            0.013948480000000001,
            0.013948480000000001,
            0.0154407,
            0.01419892,
            0.01390206,
            0.01419379,
            0.015208339999999999,
            0.015208339999999999,
            0.015847180000000002,
            0.01696728,
            0.01839702,
            0.017995499999999998,
            0.01535677,
            0.01506496,
            0.01775676,
            0.016835700000000002,
            0.01729543,
            0.01760224,
            0.01747345,
            0.01776424,
            0.01747291,
            0.02056239,
            0.01810579,
            0.01792376,
            0.01848994,
            0.01758902,
            0.01729695,
            0.01762066,
            0.01764569
        ],
        [
            0.09046429,
            0.09013635,
            0.09098205000000001,
            0.01982934,
            0.019247240000000002,
            0.01911562,
            0.01911297,
            0.01717685,
            0.01717685,
            0.0213676,
            0.021074870000000002,
            0.021074870000000002,
            0.01951431,
            0.0192305,
            0.0192305,
            0.01952239,
            0.00638527,
            0,
            0.00742531,
            0.00335803,
            0.0041936000000000005,
            0.00419143,
            0.01651272,
            0.01592743,
            0.01592743,
            0.017419650000000002,
            0.01617787,
            0.01588101,
            0.016172739999999998,
            0.01718729,
            0.01718729,
            0.017826130000000003,
            0.01894623,
            0.02037597,
            0.019974449999999998,
            0.01733572,
            0.017043910000000002,
            0.01973571,
            0.018814650000000002,
            0.01927438,
            0.019581190000000002,
            0.0194524,
            0.01974319,
            0.01945186,
            0.02254134,
            0.02008474,
            0.01990271,
            0.02046889,
            0.01956797,
            0.0192759,
            0.01959961,
            0.01962464
        ],
        [
            0.09724008,
            0.09691214000000001,
            0.09775784,
            0.026605130000000005,
            0.026023030000000003,
            0.025891410000000004,
            0.025888760000000004,
            0.023952640000000004,
            0.023952640000000004,
            0.028143390000000004,
            0.027850660000000003,
            0.027850660000000003,
            0.026290100000000004,
            0.02600629,
            0.02600629,
            0.026298180000000004,
            0.013161059999999999,
            0.00742531,
            0,
            0.00537698,
            0.0068473299999999996,
            0.0068451599999999994,
            0.02328851,
            0.022703220000000003,
            0.022703220000000003,
            0.02419544,
            0.02295366,
            0.0226568,
            0.02294853,
            0.023963079999999998,
            0.023963079999999998,
            0.02460192,
            0.025722019999999998,
            0.02715176,
            0.02675024,
            0.024111510000000003,
            0.0238197,
            0.0265115,
            0.02559044,
            0.02605017,
            0.026356980000000002,
            0.026228190000000002,
            0.02651898,
            0.02622765,
            0.02931713,
            0.02686053,
            0.0266785,
            0.02724468,
            0.02634376,
            0.026051690000000002,
            0.0263754,
            0.026400430000000003
        ],
        [
            0.0931728,
            0.09284486,
            0.09369056,
            0.022537850000000005,
            0.021955750000000003,
            0.021824130000000004,
            0.021821480000000004,
            0.019885360000000005,
            0.019885360000000005,
            0.024076110000000005,
            0.023783380000000003,
            0.023783380000000003,
            0.022222820000000004,
            0.021939010000000002,
            0.021939010000000002,
            0.022230900000000005,
            0.00909378,
            0.00335803,
            0.00537698,
            0,
            0.00278005,
            0.00277788,
            0.01922123,
            0.018635940000000004,
            0.018635940000000004,
            0.02012816,
            0.01888638,
            0.018589520000000002,
            0.018881250000000002,
            0.019895799999999998,
            0.019895799999999998,
            0.02053464,
            0.02165474,
            0.02308448,
            0.022682960000000002,
            0.020044230000000003,
            0.01975242,
            0.02244422,
            0.02152316,
            0.02198289,
            0.022289700000000003,
            0.022160910000000002,
            0.0224517,
            0.022160370000000002,
            0.02524985,
            0.02279325,
            0.02261122,
            0.0231774,
            0.02227648,
            0.021984410000000003,
            0.02230812,
            0.022333150000000003
        ],
        [
            0.09400837000000001,
            0.09368043000000001,
            0.09452613,
            0.023373420000000002,
            0.022791320000000004,
            0.0226597,
            0.02265705,
            0.020720930000000002,
            0.020720930000000002,
            0.024911680000000002,
            0.02461895,
            0.02461895,
            0.02305839,
            0.022774580000000003,
            0.022774580000000003,
            0.023066470000000002,
            0.00992935,
            0.0041936000000000005,
            0.0068473299999999996,
            0.00278005,
            0,
            0.0012334099999999999,
            0.0200568,
            0.01947151,
            0.01947151,
            0.02096373,
            0.019721950000000002,
            0.01942509,
            0.01971682,
            0.02073137,
            0.02073137,
            0.02137021,
            0.02249031,
            0.023920049999999998,
            0.02351853,
            0.0208798,
            0.02058799,
            0.02327979,
            0.02235873,
            0.02281846,
            0.023125270000000003,
            0.02299648,
            0.02328727,
            0.02299594,
            0.026085419999999998,
            0.023628820000000002,
            0.023446790000000002,
            0.02401297,
            0.023112050000000002,
            0.02281998,
            0.02314369,
            0.02316872
        ],
        [
            0.09400620000000001,
            0.09367826000000001,
            0.09452396,
            0.023371250000000003,
            0.02278915,
            0.022657530000000002,
            0.022654880000000002,
            0.020718760000000003,
            0.020718760000000003,
            0.024909510000000003,
            0.02461678,
            0.02461678,
            0.023056220000000002,
            0.02277241,
            0.02277241,
            0.023064300000000003,
            0.00992718,
            0.00419143,
            0.0068451599999999994,
            0.00277788,
            0.0012334099999999999,
            0,
            0.020054629999999997,
            0.01946934,
            0.01946934,
            0.020961559999999997,
            0.01971978,
            0.01942292,
            0.01971465,
            0.020729199999999996,
            0.020729199999999996,
            0.021368039999999998,
            0.022488139999999997,
            0.02391788,
            0.02351636,
            0.02087763,
            0.020585819999999998,
            0.02327762,
            0.022356559999999998,
            0.02281629,
            0.0231231,
            0.02299431,
            0.0232851,
            0.02299377,
            0.02608325,
            0.02362665,
            0.02344462,
            0.0240108,
            0.02310988,
            0.02281781,
            0.02314152,
            0.02316655
        ],
        [
            0.09024325,
            0.08991531,
            0.09076101,
            0.019608300000000002,
            0.0190262,
            0.01889458,
            0.01889193,
            0.01695581,
            0.01695581,
            0.021146560000000002,
            0.020853830000000004,
            0.020853830000000004,
            0.01929327,
            0.01900946,
            0.01900946,
            0.019301350000000002,
            0.01453377,
            0.01651272,
            0.02328851,
            0.01922123,
            0.0200568,
            0.020054629999999997,
            0,
            0.00058531,
            0.00058531,
            0.007841029999999999,
            0.00659925,
            0.006302390000000001,
            0.00659412,
            0.01047007,
            0.01047007,
            0.01110891,
            0.01222901,
            0.01365875,
            0.013257229999999998,
            0.0106185,
            0.01032669,
            0.01301849,
            0.012097430000000001,
            0.012557160000000001,
            0.012863970000000002,
            0.012735180000000002,
            0.013025970000000001,
            0.012734640000000002,
            0.01582412,
            0.01336752,
            0.013185490000000001,
            0.01375167,
            0.012850750000000001,
            0.012558680000000001,
            0.01288239,
            0.01290742
        ],
        [
            0.08965796000000001,
            0.08933002000000001,
            0.09017572,
            0.019023010000000003,
            0.018440910000000005,
            0.018309290000000002,
            0.018306640000000002,
            0.016370520000000003,
            0.016370520000000003,
            0.020561270000000003,
            0.02026854,
            0.02026854,
            0.018707980000000003,
            0.018424170000000004,
            0.018424170000000004,
            0.018716060000000003,
            0.013948480000000001,
            0.01592743,
            0.022703220000000003,
            0.018635940000000004,
            0.01947151,
            0.01946934,
            0.00058531,
            0,
            2e-08,
            0.00725574,
            0.0060139600000000005,
            0.005717100000000001,
            0.00600883,
            0.00988478,
            0.00988478,
            0.010523620000000001,
            0.01164372,
            0.01307346,
            0.01267194,
            0.01003321,
            0.0097414,
            0.0124332,
            0.01151214,
            0.01197187,
            0.012278680000000002,
            0.012149890000000002,
            0.01244068,
            0.012149350000000001,
            0.01523883,
            0.01278223,
            0.0126002,
            0.01316638,
            0.01226546,
            0.01197339,
            0.0122971,
            0.01232213
        ],
        [
            0.08965796000000001,
            0.08933002000000001,
            0.09017572,
            0.019023010000000003,
            0.018440910000000005,
            0.018309290000000002,
            0.018306640000000002,
            0.016370520000000003,
            0.016370520000000003,
            0.020561270000000003,
            0.02026854,
            0.02026854,
            0.018707980000000003,
            0.018424170000000004,
            0.018424170000000004,
            0.018716060000000003,
            0.013948480000000001,
            0.01592743,
            0.022703220000000003,
            0.018635940000000004,
            0.01947151,
            0.01946934,
            0.00058531,
            2e-08,
            0,
            0.00725574,
            0.0060139600000000005,
            0.005717100000000001,
            0.00600883,
            0.00988478,
            0.00988478,
            0.010523620000000001,
            0.01164372,
            0.01307346,
            0.01267194,
            0.01003321,
            0.0097414,
            0.0124332,
            0.01151214,
            0.01197187,
            0.012278680000000002,
            0.012149890000000002,
            0.01244068,
            0.012149350000000001,
            0.01523883,
            0.01278223,
            0.0126002,
            0.01316638,
            0.01226546,
            0.01197339,
            0.0122971,
            0.01232213
        ],
        [
            0.09115018,
            0.09082224,
            0.09166794,
            0.020515230000000002,
            0.01993313,
            0.01980151,
            0.01979886,
            0.017862740000000002,
            0.017862740000000002,
            0.022053490000000002,
            0.021760760000000004,
            0.021760760000000004,
            0.0202002,
            0.01991639,
            0.01991639,
            0.020208280000000002,
            0.0154407,
            0.017419650000000002,
            0.02419544,
            0.02012816,
            0.02096373,
            0.020961559999999997,
            0.007841029999999999,
            0.00725574,
            0.00725574,
            0,
            0.00355132,
            0.00325446,
            0.00354619,
            0.011376999999999998,
            0.011376999999999998,
            0.01201584,
            0.013135939999999999,
            0.01456568,
            0.014164159999999999,
            0.01152543,
            0.01123362,
            0.013925419999999999,
            0.01300436,
            0.01346409,
            0.0137709,
            0.01364211,
            0.0139329,
            0.01364157,
            0.016731049999999997,
            0.01427445,
            0.01409242,
            0.014658599999999999,
            0.01375768,
            0.01346561,
            0.013789319999999999,
            0.01381435
        ],
        [
            0.0899084,
            0.08958046,
            0.09042616,
            0.019273450000000004,
            0.018691350000000002,
            0.018559730000000003,
