{
    "NEXUS_FILE_URL": "http://purl.org/phylo/treebase/phylows/study/TB2:S14698",
    "NEWICK_TREE": "((74:0.01814738,80:0.02239777):0.00372197,(((79:0.00292221,(9:0.00541952,61:0.00267646):0.00229999):0.01219794,((43:0.00645618,((18:0.00104914,19:0.00725256):0.00116838,(63:0.00523242,(30:0.00662809,(70:0.00156806,71:0.00155037):0.00156293):0.00207984):0.00102273):0.00248951):0.00423384,(10:0.02065201,16:0.0093506,25:0.01540013,28:0.01656621,(2:0.01026558,4:0.00409551):0.01115624,(62:0.00310269,(7:0.00423392,8:0.01066791):0.0037645):0.00110213):0.00154993,(20:0.00736372,(14:0.01877725,27:0.00754085):0.0032444,(73:0.01620059,(65:4.1289E-4,66:0.00164765):0.00102835):5.9951E-4,((3:0.00417102,55:0.00296023):0.00345251,(17:0.0050468,60:0.00978049):0.00219669):0.00740992):0.00307707):0.00764076):0.00112798,(12:0.02270388,((13:0.02082726,((1:0.01190017,58:0.00443671):2.1342E-4,(29:0.01002925,64:0.01085312):0.00355941):9.5247E-4):0.00235444,(45:0.00472495,53:0.006348,(56:0.00490174,(67:0.00893543,(75:5.4297E-4,76:5.8258E-4):0.00536676):4.2464E-4):0.00103679):0.00208562,((11:0.00446622,(31:0.00164528,37:5.3915E-4):0.00853556):0.00748554,((((24:0.01381176,26:0.00869743):0.00408812,(77:0.00450994,(15:0.01327063,23:0.01315903):0.00273382):0.00363138):0.00521726,((5:0.00967901,6:0.00596345):0.00363377,(59:0.00405323,72:0.00637265,(68:0.00497831,81:0.00481005,(32:0.00862933,69:0.00804795):0.00121545):6.1165E-4):4.819E-4):0.0056501):0.0011765,((21:0.00222181,22:0.00119126,39:0.00611458,40:0.00153602):0.00520868,(42:0.0053028,50:0.01012877,78:0.00216563,(33:0.00471093,38:1.0E-8):0.00356534,(34:0.00108756,44:0.00218418,52:0.00256582,(41:0.00908173,47:0.0063541):0.00253642):0.00296691,((35:5.1128E-4,51:0.00162161):0.00315536,((46:5.2262E-4,48:0.0023841):0.00233374,(36:5.5056E-4,49:1.0E-8,54:0.00207949,57:0.00311807):0.00313281):0.0031217):0.0020061):0.00147932):0.00488398):0.00323944):4.1015E-4):9.0107E-4):0.00513906):0.00372197);",
    "DISTANCE_MATRIX": [
        [
            0,
            0.04054515,
            0.04183945,
            0.046636750000000005,
            0.043893690000000006,
            0.04505008,
            0.04330093,
            0.04950435,
            0.04733856,
            0.05081407,
            0.04731697,
            0.047299280000000006,
            0.056562,
            0.04526059,
            0.05131012,
            0.05247620000000001,
            0.057331810000000004,
            0.051161740000000004,
            0.04011481,
            0.04501054,
            0.05144453,
            0.04480085,
            0.05945878,
            0.04822238,
            0.054237230000000004,
            0.03947788000000001,
            0.04071264,
            0.05247058,
            0.051259790000000006,
            0.052090540000000005,
            0.05682423,
            0.053434260000000004,
            0.054813150000000005,
            0.04705195,
            0.039588490000000004,
            0.048527020000000004,
            0.04935089,
            0.03844202,
            0.04006507,
            0.039655600000000006,
            0.04411393,
            0.04108823,
            0.041127840000000006,
            0.04399336,
            0.049707980000000006,
            0.04860185,
            0.059574680000000005,
            0.054460350000000005,
            0.049816120000000005,
            0.061310630000000005,
            0.06119903,
            0.055420420000000005,
            0.051704860000000005,
            0.04664277,
            0.04896219,
            0.04817950000000001,
            0.048011240000000004,
            0.053045970000000005,
            0.052464590000000005,
            0.04759551,
            0.04656496,
            0.051488280000000004,
            0.04690972,
            0.04694714,
            0.051773110000000004,
            0.043809970000000004,
            0.049920610000000004,
            0.045209690000000004,
            0.04569881,
            0.04679543,
            0.04717707,
            0.056229400000000006,
            0.053501770000000004,
            0.047317080000000004,
            0.048427410000000004,
            0.049628500000000006,
            0.051489980000000005,
            0.05045551,
            0.049904960000000005,
            0.05198444000000001,
            0.053023020000000004
        ],
        [
            0.04054515,
            0,
            0.04608984,
            0.050887140000000004,
            0.048144080000000006,
            0.04930047,
            0.04755132,
            0.05375474,
            0.05158895,
            0.05506446,
            0.05156736,
            0.051549670000000006,
            0.06081239,
            0.04951098,
            0.05556051,
            0.05672659000000001,
            0.061582200000000004,
            0.055412130000000004,
            0.0443652,
            0.04926093,
            0.05569492,
            0.04905124,
            0.06370917000000001,
            0.05247277,
            0.058487620000000004,
            0.04372827,
            0.04496303,
            0.05672097,
            0.055510180000000006,
            0.056340930000000004,
            0.06107462,
            0.057684650000000004,
            0.059063540000000005,
            0.05130234,
            0.043838880000000004,
            0.052777410000000004,
            0.05360128,
            0.04269241,
            0.04431546,
            0.043905990000000006,
            0.04836432,
            0.04533862,
            0.045378230000000006,
            0.04824375,
            0.053958370000000005,
            0.05285224,
            0.06382507000000001,
            0.058710740000000004,
            0.054066510000000005,
            0.06556102,
            0.06544942000000001,
            0.059670810000000005,
            0.055955250000000005,
            0.05089316,
            0.05321258,
            0.05242989000000001,
            0.05226163,
            0.057296360000000005,
            0.056714980000000005,
            0.0518459,
            0.05081535,
            0.055738670000000004,
            0.05116011,
            0.05119753,
            0.056023500000000004,
            0.04806036,
            0.054171000000000004,
            0.049460080000000003,
            0.0499492,
            0.05104582,
            0.05142746,
            0.060479790000000005,
            0.057752160000000004,
            0.051567470000000004,
            0.052677800000000004,
            0.053878890000000006,
            0.055740370000000004,
            0.0547059,
            0.054155350000000005,
            0.056234830000000006,
            0.057273410000000004
        ],
        [
            0.04183945,
            0.04608984,
            0,
            0.01064172,
            0.00789866,
            0.03345093,
            0.03170178,
            0.0379052,
            0.03573941,
            0.03921492,
            0.03571782,
            0.035700130000000004,
            0.04496285,
            0.03366144,
            0.03971097,
            0.040877050000000005,
            0.04573266,
            0.03956259,
            0.028515659999999998,
            0.03341139,
            0.03984538,
            0.0332017,
            0.04785963,
            0.03662323,
            0.04263808,
            0.02787873,
            0.02911349,
            0.04087143,
            0.039660640000000004,
            0.04049139,
            0.04522508,
            0.044091069999999996,
            0.045469960000000004,
            0.03770876,
            0.0302453,
            0.03918383,
            0.0400077,
            0.02909883,
            0.03072188,
            0.03031241,
            0.03477074,
            0.03174504,
            0.03178465,
            0.034650169999999994,
            0.04036479,
            0.03925866,
            0.050231490000000004,
            0.04511716,
            0.040472930000000004,
            0.051967440000000004,
            0.05185584,
            0.046077230000000004,
            0.042361670000000004,
            0.03729958,
            0.039619,
            0.03883631,
            0.03866805,
            0.043702780000000004,
            0.043121400000000004,
            0.03825232,
            0.03722177,
            0.042145089999999996,
            0.03756653,
            0.03760395,
            0.042429919999999996,
            0.03446678,
            0.04057742,
            0.035866499999999996,
            0.03635562,
            0.03745224,
            0.03783388,
            0.04688621,
            0.04415858,
            0.037973889999999996,
            0.03908422,
            0.040285310000000005,
            0.04214679,
            0.04111232,
            0.04056177,
            0.042641250000000006,
            0.04367983
        ],
        [
            0.046636750000000005,
            0.050887140000000004,
            0.01064172,
            0,
            0.00809598,
            0.038248229999999994,
            0.03649908,
            0.042702500000000004,
            0.040536710000000004,
            0.04401222,
            0.04051512,
            0.04049743,
            0.04976015,
            0.038458740000000005,
            0.04450827,
            0.04567435,
            0.05052996,
            0.04435989,
            0.03331296,
            0.038208690000000003,
            0.044642680000000004,
            0.037999000000000005,
            0.052656930000000005,
            0.04142053,
            0.04743538,
            0.03267603,
            0.033910789999999996,
            0.045668730000000005,
            0.04445794,
            0.04528869,
            0.05002238,
            0.04888837,
            0.05026726,
            0.04250606,
            0.0350426,
            0.04398113,
            0.044805,
            0.03389613,
            0.03551918,
            0.03510971,
            0.03956804,
            0.036542340000000006,
            0.03658195,
            0.03944747,
            0.04516209,
            0.044055960000000005,
            0.05502879000000001,
            0.04991446000000001,
            0.04527023000000001,
            0.05676474000000001,
            0.056653140000000005,
            0.05087453,
            0.04715897,
            0.04209688,
            0.044416300000000006,
            0.04363361,
            0.04346535,
            0.04850008,
            0.04791870000000001,
            0.04304962,
            0.04201907,
            0.04694239,
            0.04236383,
            0.04240125,
            0.04722722,
            0.03926408,
            0.04537472000000001,
            0.0406638,
            0.041152919999999996,
            0.04224954,
            0.04263118,
            0.05168351,
            0.04895588,
            0.04277119,
            0.04388152000000001,
            0.04508261,
            0.04694409,
            0.04590962,
            0.04535907,
            0.04743855,
            0.04847713
        ],
        [
            0.043893690000000006,
            0.048144080000000006,
            0.00789866,
            0.00809598,
            0,
            0.03550517,
            0.03375602,
            0.03995944,
            0.03779365,
            0.04126916,
            0.037772059999999996,
            0.03775437,
            0.04701709,
            0.03571568,
            0.04176521,
            0.042931290000000004,
            0.04778690000000001,
            0.04161683,
            0.0305699,
            0.03546563,
            0.04189962,
            0.03525594,
            0.04991387,
            0.038677470000000005,
            0.04469232000000001,
            0.029932970000000003,
            0.03116773,
            0.04292567,
            0.04171488,
            0.04254563,
            0.04727932,
            0.04614531,
            0.0475242,
            0.03976300000000001,
            0.03229954,
            0.04123807,
            0.042061940000000006,
            0.03115307,
            0.032776120000000006,
            0.032366650000000004,
            0.03682498000000001,
            0.03379928,
            0.03383889,
            0.03670441,
            0.04241903,
            0.0413129,
            0.05228573,
            0.0471714,
            0.04252717,
            0.05402168,
            0.05391008,
            0.04813147000000001,
            0.04441591,
            0.03935382,
            0.04167324,
            0.040890550000000005,
            0.04072229000000001,
            0.04575702000000001,
            0.04517564,
            0.040306560000000005,
            0.03927601,
            0.04419933,
            0.03962077,
            0.039658189999999996,
            0.04448416,
            0.03652102,
            0.04263166,
            0.03792074,
            0.038409860000000004,
            0.03950648,
            0.03988812,
            0.04894045,
            0.04621282,
            0.04002813,
            0.04113846,
            0.042339550000000004,
            0.04420103,
            0.04316656000000001,
            0.04261601,
            0.044695490000000004,
            0.04573407
        ],
        [
            0.04505008,
            0.04930047,
            0.03345093,
            0.038248229999999994,
            0.03550517,
            0,
            0.01116321,
            0.01736663,
            0.01520084,
            0.018676349999999998,
            0.015179249999999998,
            0.015161560000000001,
            0.03289196,
            0.02159055,
            0.027640079999999997,
            0.028806160000000004,
            0.03366177,
            0.0274917,
            0.016444769999999997,
            0.0213405,
            0.02777449,
            0.02113081,
            0.03578874,
            0.02455234,
            0.03056719,
            0.01580784,
            0.017042599999999998,
            0.02880054,
            0.027589750000000003,
            0.0284205,
            0.03315419,
            0.0473017,
            0.048680589999999996,
            0.04091939,
            0.033455929999999995,
            0.042394459999999995,
            0.04321833,
            0.03230946,
            0.03393251,
            0.033523040000000004,
            0.03798137,
            0.03495567,
            0.034995280000000004,
            0.0378608,
            0.043575420000000004,
            0.04246929,
            0.05344212,
            0.04832779,
            0.04368356,
            0.05517807,
            0.05506647,
            0.04928786,
            0.045572299999999996,
            0.04051021,
            0.04282963,
            0.042046940000000005,
            0.04187868,
            0.04691341,
            0.04633203,
            0.04146295,
            0.04043239999999999,
            0.04535572,
            0.04077715999999999,
            0.040814579999999996,
            0.04564055,
            0.037677409999999995,
            0.04378805,
            0.03907713,
            0.03956625,
            0.04066287,
            0.04104450999999999,
            0.050096840000000004,
            0.047369209999999995,
            0.04118452,
            0.04229485,
            0.04349594,
            0.045357419999999996,
            0.04432295,
            0.0437724,
            0.04585188,
            0.046890459999999995
        ],
        [
            0.04330093,
            0.04755132,
            0.03170178,
            0.03649908,
            0.03375602,
            0.01116321,
            0,
            0.0083017,
            0.008472669999999998,
            0.01194818,
            0.00845108,
            0.008433389999999999,
            0.03114281,
            0.019841400000000002,
            0.02589093,
            0.027057010000000003,
            0.03191262,
            0.02574255,
            0.01469562,
            0.01959135,
            0.02602534,
            0.019381660000000002,
            0.03403959,
            0.02280319,
            0.028818040000000003,
            0.01405869,
            0.01529345,
            0.02705139,
            0.025840600000000002,
            0.02667135,
            0.031405039999999995,
            0.04555255,
            0.046931440000000005,
            0.03917024,
            0.031706780000000004,
            0.040645310000000004,
            0.04146918,
            0.03056031,
            0.03218336,
            0.03177389,
            0.03623222,
            0.03320652,
            0.03324613,
            0.036111649999999995,
            0.04182627,
            0.04072014,
            0.051692970000000005,
            0.046578640000000004,
            0.041934410000000005,
            0.053428920000000005,
            0.05331732,
            0.047538710000000005,
            0.043823150000000005,
            0.03876106,
            0.04108048,
            0.04029779,
            0.040129530000000004,
            0.045164260000000005,
            0.044582880000000005,
            0.0397138,
            0.03868325,
            0.04360657,
            0.03902801,
            0.03906543,
            0.0438914,
            0.035928260000000004,
            0.042038900000000004,
            0.03732798,
            0.0378171,
            0.03891372,
            0.03929536,
            0.04834769,
            0.045620060000000004,
            0.03943537,
            0.040545700000000004,
            0.041746790000000006,
            0.043608270000000005,
            0.0425738,
            0.04202325,
            0.04410273000000001,
            0.045141310000000004
        ],
        [
            0.04950435,
            0.05375474,
            0.0379052,
            0.042702500000000004,
            0.03995944,
            0.01736663,
            0.0083017,
            0,
            0.01467609,
            0.018151599999999997,
            0.014654499999999999,
            0.01463681,
            0.03734623,
            0.026044820000000003,
            0.03209435,
            0.03326043000000001,
            0.038116040000000004,
            0.031945970000000004,
            0.02089904,
            0.02579477,
            0.03222876,
            0.025585080000000003,
            0.04024301,
            0.029006610000000002,
            0.035021460000000004,
            0.02026211,
            0.02149687,
            0.03325481,
            0.032044020000000006,
            0.03287477,
            0.037608459999999996,
            0.05175597,
            0.053134860000000006,
            0.04537366,
            0.037910200000000005,
            0.046848730000000005,
            0.0476726,
            0.03676373,
            0.03838678,
            0.03797731,
            0.042435640000000004,
            0.039409940000000004,
            0.03944955,
            0.042315069999999996,
            0.04802969,
            0.04692356,
            0.057896390000000006,
            0.052782060000000006,
            0.048137830000000006,
            0.059632340000000006,
            0.05952074,
            0.053742130000000006,
            0.050026570000000006,
            0.04496448,
            0.047283900000000004,
            0.04650121,
            0.046332950000000005,
            0.051367680000000006,
            0.050786300000000006,
            0.04591722,
            0.044886670000000004,
            0.04980999,
            0.04523143,
            0.04526885,
            0.05009482,
            0.042131680000000005,
            0.048242320000000005,
            0.0435314,
            0.04402052,
            0.04511714,
            0.04549878,
            0.05455111,
            0.051823480000000005,
            0.04563879,
            0.046749120000000005,
            0.04795021000000001,
            0.049811690000000006,
            0.04877722,
            0.04822667,
            0.05030615000000001,
            0.051344730000000005
        ],
        [
            0.04733856,
            0.05158895,
            0.03573941,
            0.040536710000000004,
            0.03779365,
            0.01520084,
            0.008472669999999998,
            0.01467609,
            0,
            0.013940349999999999,
            0.01044325,
            0.01042556,
            0.03518044,
            0.023879030000000002,
            0.02992856,
            0.031094640000000003,
            0.03595025,
            0.02978018,
            0.01873325,
            0.02362898,
            0.03006297,
            0.023419290000000002,
            0.03807722,
            0.02684082,
            0.032855670000000003,
            0.01809632,
            0.01933108,
            0.031089020000000002,
            0.029878230000000002,
            0.03070898,
            0.035442669999999996,
            0.04959018,
            0.050969070000000005,
            0.04320787,
            0.035744410000000004,
            0.044682940000000004,
            0.04550681,
            0.03459794,
            0.03622099,
            0.03581152,
            0.04026985,
            0.037244150000000004,
            0.03728376,
            0.040149279999999996,
            0.0458639,
            0.04475777,
            0.055730600000000005,
            0.050616270000000005,
            0.045972040000000006,
            0.057466550000000005,
            0.05735495,
            0.051576340000000005,
            0.047860780000000006,
            0.04279869,
            0.04511811,
            0.04433542,
            0.044167160000000004,
            0.049201890000000005,
            0.048620510000000006,
            0.04375143,
            0.04272088,
            0.0476442,
            0.04306564,
            0.04310306,
            0.04792903,
            0.039965890000000004,
            0.046076530000000004,
            0.04136561,
            0.04185473,
            0.04295135,
            0.04333299,
            0.05238532,
            0.049657690000000004,
            0.043473,
            0.044583330000000004,
            0.045784420000000006,
            0.047645900000000005,
            0.04661143,
            0.04606088,
            0.04814036000000001,
            0.049178940000000004
        ],
        [
            0.05081407,
            0.05506446,
            0.03921492,
            0.04401222,
            0.04126916,
            0.018676349999999998,
            0.01194818,
            0.018151599999999997,
            0.013940349999999999,
            0,
            0.00975908,
            0.009741389999999999,
            0.038655949999999994,
            0.027354539999999997,
            0.033404069999999994,
            0.03457015,
            0.039425760000000004,
            0.03325569,
            0.022208759999999998,
            0.02710449,
            0.033538479999999996,
            0.026894799999999996,
            0.041552729999999996,
            0.030316329999999996,
            0.036331180000000005,
            0.02157183,
            0.022806589999999998,
            0.034564529999999996,
            0.03335374,
            0.03418449,
            0.03891818,
            0.05306569,
            0.05444458,
            0.04668338,
            0.03921992,
            0.04815845,
            0.048982319999999996,
            0.038073449999999995,
            0.039696499999999996,
            0.03928703,
            0.04374536,
            0.040719660000000005,
            0.04075927,
            0.04362479,
            0.04933941,
            0.04823328,
            0.059206110000000006,
            0.054091780000000006,
            0.04944755000000001,
            0.060942060000000006,
            0.06083046,
            0.05505185,
            0.05133629,
            0.0462742,
            0.048593620000000004,
            0.04781093,
            0.04764267,
            0.0526774,
            0.05209602000000001,
            0.047226939999999995,
            0.04619639,
            0.05111971,
            0.046541149999999996,
            0.04657857,
            0.05140454,
            0.0434414,
            0.049552040000000006,
            0.04484112,
            0.045330239999999994,
            0.04642686,
            0.046808499999999996,
            0.05586083,
            0.0531332,
            0.04694851,
            0.048058840000000005,
            0.04925993,
            0.05112141,
            0.050086939999999996,
            0.04953639,
            0.05161587,
            0.05265445
        ],
        [
            0.04731697,
            0.05156736,
            0.03571782,
            0.04051512,
            0.037772059999999996,
            0.015179249999999998,
            0.00845108,
            0.014654499999999999,
            0.01044325,
            0.00975908,
            0,
            0.00311843,
            0.03515885,
            0.02385744,
            0.029906969999999998,
            0.03107305,
            0.03592866,
            0.029758589999999998,
            0.018711659999999998,
            0.02360739,
            0.03004138,
            0.0233977,
            0.03805563,
            0.02681923,
            0.03283408,
            0.018074729999999997,
            0.01930949,
            0.03106743,
            0.02985664,
            0.03068739,
            0.035421079999999994,
            0.049568589999999996,
            0.05094748,
            0.04318628,
            0.03572282,
            0.04466135,
            0.04548522,
            0.03457635,
            0.0361994,
            0.03578993,
            0.04024826,
            0.03722256,
            0.03726217,
            0.040127689999999994,
            0.04584231,
            0.04473618,
            0.05570901,
            0.05059468,
            0.045950450000000004,
            0.05744496,
            0.05733336,
            0.05155475,
            0.047839190000000004,
            0.0427771,
            0.04509652,
            0.04431383,
            0.04414557,
            0.0491803,
            0.048598920000000004,
            0.04372984,
            0.04269929,
            0.047622609999999996,
            0.04304405,
            0.04308147,
            0.047907439999999996,
            0.0399443,
            0.04605494,
            0.041344019999999995,
            0.04183314,
            0.04292976,
            0.0433114,
            0.05236373,
            0.0496361,
            0.043451409999999996,
            0.04456174,
            0.045762830000000004,
            0.04762431,
            0.04658984,
            0.04603929,
            0.048118770000000005,
            0.04915735
        ],
        [
            0.047299280000000006,
            0.051549670000000006,
            0.035700130000000004,
            0.04049743,
            0.03775437,
            0.015161560000000001,
            0.008433389999999999,
            0.01463681,
            0.01042556,
            0.009741389999999999,
            0.00311843,
            0,
            0.035141160000000005,
            0.02383975,
            0.02988928,
            0.031055360000000004,
            0.03591097,
            0.0297409,
            0.01869397,
            0.0235897,
            0.030023690000000002,
            0.02338001,
            0.038037940000000006,
            0.02680154,
            0.03281639,
            0.018057040000000003,
            0.0192918,
            0.031049740000000003,
            0.029838950000000003,
            0.0306697,
            0.03540339,
            0.0495509,
            0.05092979,
            0.04316859000000001,
            0.03570513,
            0.04464366,
            0.045467530000000006,
            0.034558660000000005,
            0.036181710000000006,
            0.035772240000000004,
            0.04023057000000001,
            0.03720487,
            0.03724448,
            0.04011,
            0.04582462,
            0.04471849,
            0.05569132,
            0.05057699,
            0.04593276,
            0.05742727,
            0.05731567,
            0.05153706000000001,
            0.0478215,
            0.04275941,
            0.04507883,
            0.044296140000000005,
            0.04412788000000001,
            0.04916261000000001,
            0.04858123,
            0.043712150000000005,
            0.0426816,
            0.04760492,
            0.04302636,
            0.043063779999999996,
            0.04788975,
            0.03992661,
            0.04603725,
            0.04132633,
            0.041815450000000004,
            0.04291207,
            0.04329371,
            0.05234604,
            0.04961841,
            0.04343372,
            0.04454405,
            0.045745140000000004,
            0.04760662,
            0.04657215000000001,
            0.0460216,
            0.048101080000000004,
            0.04913966
        ],
        [
            0.056562,
            0.06081239,
            0.04496285,
            0.04976015,
            0.04701709,
            0.03289196,
            0.03114281,
            0.03734623,
            0.03518044,
            0.038655949999999994,
            0.03515885,
            0.035141160000000005,
            0,
            0.03000261,
            0.036052139999999996,
            0.037218219999999996,
            0.04207383,
            0.03590376,
            0.024856829999999996,
            0.029752559999999997,
            0.03618655,
            0.03264273,
            0.04730066,
            0.03606426,
            0.04207911,
            0.02731976,
            0.02855452,
            0.04031246,
            0.039101670000000005,
            0.039932419999999996,
            0.044666109999999995,
            0.05881362,
            0.060192510000000005,
            0.05243131,
            0.044967850000000004,
            0.053906380000000004,
            0.05473025,
            0.04382138,
            0.04544443,
            0.04503496,
            0.04949329,
            0.04646759,
            0.0465072,
            0.049372719999999995,
            0.05508734,
            0.05398121,
            0.06495404,
            0.059839710000000004,
            0.055195480000000005,
            0.06668999,
            0.06657839,
            0.060799780000000005,
            0.057084220000000005,
            0.05202213,
            0.05434155,
            0.05355886,
            0.0533906,
            0.058425330000000004,
            0.057843950000000005,
            0.05297487,
            0.05194432,
            0.05686764,
            0.05228908,
            0.0523265,
            0.05715247,
            0.04918933,
            0.055299970000000004,
            0.050589049999999997,
            0.05107817,
            0.05217479,
            0.05255643,
            0.06160876,
            0.058881130000000004,
            0.05269644,
            0.053806770000000004,
            0.055007860000000006,
            0.056869340000000004,
            0.05583487,
            0.05528432,
            0.057363800000000006,
            0.058402380000000004
        ],
        [
            0.04526059,
            0.04951098,
            0.03366144,
            0.038458740000000005,
            0.03571568,
            0.02159055,
            0.019841400000000002,
            0.026044820000000003,
            0.023879030000000002,
            0.027354539999999997,
            0.02385744,
            0.02383975,
            0.03000261,
            0,
            0.02475073,
            0.025916810000000002,
            0.03077242,
            0.024602350000000002,
            0.01355542,
            0.01845115,
            0.02488514,
            0.02134132,
            0.03599925,
            0.02476285,
            0.030777700000000005,
            0.01601835,
            0.017253110000000002,
            0.029011050000000004,
            0.02780026,
            0.02863101,
            0.0333647,
            0.04751221,
            0.04889110000000001,
            0.041129900000000004,
            0.033666440000000006,
            0.042604970000000006,
            0.04342884,
            0.03251997,
            0.03414302,
            0.03373355,
            0.038191880000000004,
            0.035166180000000005,
            0.03520579,
            0.03807131,
            0.04378593,
            0.042679800000000004,
            0.05365263000000001,
            0.048538300000000006,
            0.04389407000000001,
            0.05538858000000001,
            0.05527698,
            0.04949837000000001,
            0.04578281000000001,
            0.04072072,
            0.043040140000000005,
            0.04225745,
            0.042089190000000005,
            0.04712392000000001,
            0.04654254000000001,
            0.04167346,
            0.040642910000000004,
            0.04556623,
            0.040987670000000004,
            0.04102509,
            0.04585106,
            0.037887920000000005,
            0.043998560000000006,
            0.03928764,
            0.03977676,
            0.04087338,
            0.04125502,
            0.05030735,
            0.047579720000000006,
            0.04139503,
            0.042505360000000006,
            0.04370645000000001,
            0.045567930000000006,
            0.044533460000000004,
            0.04398291,
            0.04606239000000001,
            0.047100970000000006
        ],
        [
            0.05131012,
            0.05556051,
            0.03971097,
            0.04450827,
            0.04176521,
            0.027640079999999997,
            0.02589093,
            0.03209435,
            0.02992856,
            0.033404069999999994,
            0.029906969999999998,
            0.02988928,
            0.036052139999999996,
            0.02475073,
            0,
            0.03196634,
            0.03682195,
            0.03065188,
            0.01960495,
            0.02450068,
            0.030934669999999997,
            0.02739085,
            0.04204878,
            0.03081238,
            0.03682723,
            0.022067879999999998,
            0.02330264,
            0.03506058,
            0.033849790000000005,
            0.034680539999999996,
            0.039414229999999995,
            0.05356174,
            0.054940630000000004,
            0.04717943,
            0.03971597,
            0.0486545,
            0.04947837,
            0.0385695,
            0.04019255,
            0.03978308,
            0.04424141,
            0.04121571,
            0.04125532,
            0.044120839999999995,
            0.04983546,
            0.04872933,
            0.059702160000000004,
            0.054587830000000004,
            0.049943600000000005,
            0.061438110000000004,
            0.06132651,
            0.055547900000000004,
            0.051832340000000005,
            0.04677025,
            0.04908967,
            0.04830698,
            0.04813872,
            0.053173450000000004,
            0.052592070000000005,
            0.04772299,
            0.04669244,
            0.05161576,
            0.0470372,
            0.04707462,
            0.051900589999999996,
            0.04393745,
            0.05004809,
            0.045337169999999996,
            0.04582629,
            0.04692291,
            0.04730455,
            0.05635688,
            0.05362925,
            0.04744456,
            0.04855489,
            0.049755980000000005,
            0.051617460000000004,
            0.05058299,
            0.05003244,
            0.052111920000000006,
            0.0531505
        ],
        [
            0.05247620000000001,
            0.05672659000000001,
            0.040877050000000005,
            0.04567435,
            0.042931290000000004,
            0.028806160000000004,
            0.027057010000000003,
            0.03326043000000001,
            0.031094640000000003,
            0.03457015,
            0.03107305,
            0.031055360000000004,
            0.037218219999999996,
            0.025916810000000002,
            0.03196634,
            0,
            0.037988030000000006,
            0.03181796,
            0.020771030000000003,
            0.025666760000000004,
            0.03210075,
            0.02855693,
            0.04321486000000001,
            0.03197846,
            0.03799331,
            0.023233960000000005,
            0.024468720000000003,
            0.03622666000000001,
            0.035015870000000004,
            0.03584662,
            0.04058031,
            0.05472782,
            0.056106710000000004,
            0.04834551000000001,
            0.04088205,
            0.04982058,
            0.05064445000000001,
            0.039735580000000006,
            0.04135863000000001,
            0.040949160000000005,
            0.04540749000000001,
            0.04238179,
            0.042421400000000005,
            0.04528692,
            0.051001540000000005,
            0.04989541,
            0.060868240000000004,
            0.055753910000000004,
            0.051109680000000005,
            0.06260419,
            0.06249259,
            0.05671398000000001,
            0.052998420000000004,
            0.04793633,
            0.05025575,
            0.049473060000000006,
            0.04930480000000001,
            0.05433953000000001,
            0.053758150000000005,
            0.04888907000000001,
            0.04785852,
            0.052781840000000003,
            0.04820328,
            0.0482407,
            0.05306667,
            0.04510353,
            0.05121417,
            0.04650325,
            0.046992370000000006,
            0.04808899,
            0.04847063,
            0.057522960000000005,
            0.05479533,
            0.048610640000000004,
            0.04972097,
            0.050922060000000005,
            0.052783540000000004,
            0.05174907000000001,
            0.051198520000000004,
            0.053278000000000006,
            0.05431658
        ],
        [
            0.057331810000000004,
            0.061582200000000004,
            0.04573266,
            0.05052996,
            0.04778690000000001,
            0.03366177,
            0.03191262,
            0.038116040000000004,
            0.03595025,
            0.039425760000000004,
            0.03592866,
            0.03591097,
            0.04207383,
            0.03077242,
            0.03682195,
            0.037988030000000006,
            0,
            0.01436109,
            0.02562664,
            0.03052237,
            0.03695636,
            0.033412540000000004,
            0.048070470000000004,
            0.036834070000000003,
            0.042848920000000006,
            0.02808957,
            0.029324330000000003,
            0.041082270000000004,
            0.03987148,
            0.040702230000000006,
            0.045435920000000005,
            0.05958343000000001,
            0.06096232,
            0.053201120000000005,
            0.04573766,
            0.05467619,
            0.055500060000000004,
            0.04459119,
            0.046214240000000004,
            0.04580477000000001,
            0.050263100000000005,
            0.047237400000000006,
            0.04727701000000001,
            0.050142530000000005,
            0.05585715000000001,
            0.054751020000000004,
            0.06572385,
            0.06060952000000001,
            0.05596529000000001,
            0.06745980000000001,
            0.0673482,
            0.06156959000000001,
            0.05785403,
            0.05279194,
            0.055111360000000005,
            0.05432867000000001,
            0.054160410000000006,
            0.05919514000000001,
            0.05861376000000001,
            0.05374468,
            0.05271413,
            0.05763745000000001,
            0.05305889,
            0.05309631,
            0.05792228000000001,
            0.04995914,
            0.05606978000000001,
            0.051358860000000006,
