{
    "NEXUS_FILE_URL": "http://purl.org/phylo/treebase/phylows/study/TB2:S15442",
    "NEWICK_TREE": "(1:0.052327569473290377,(5:0.006990730018206909,(42:0.002095639750744463,(35:0.0020914699499284817,((28:0.0020913170088192323,27:0.0020913790481201233):1.3078599988280981E-6,(((31:0.0020913805029606075,11:0.002091318437315165):1.3078599988280981E-6,(18:0.002091317163500875,(24:1.307859998841976E-6,(10:1.3078599988280981E-6,19:1.3078599988280981E-6):1.307859998841976E-6):0.0020913171598090224):1.3078599988280981E-6):1.3078599988280981E-6,((23:1.307859998841976E-6,40:1.307859998841976E-6):1.3078599988280981E-6,(15:1.307859998841976E-6,((21:1.307859998841976E-6,(16:1.3078599988280981E-6,(13:1.3078599988280981E-6,(7:1.307859998841976E-6,(14:1.3078599988280981E-6,(32:1.3078599988280981E-6,(39:1.307859998841976E-6,22:1.307859998841976E-6):1.3078599988280981E-6):1.3078599988280981E-6):1.307859998841976E-6):1.3078599988280981E-6):1.3078599988280981E-6):1.307859998841976E-6):1.3078599988280981E-6,(((30:1.3078599988280981E-6,25:1.3078599988280981E-6):1.3078599988280981E-6,(9:1.3078599988280981E-6,26:1.3078599988280981E-6):1.3078599988280981E-6):1.307859998841976E-6,(17:1.3078599988280981E-6,(8:1.3078599988280981E-6,(((36:1.307859998841976E-6,38:0.004197981295521042):0.0020913717552460687,(2:1.3078599988280981E-6,(3:1.3078599988280981E-6,4:1.3078599988280981E-6):1.3078599988280981E-6):0.002091380422189801):1.307859998841976E-6,(41:0.002089712844661362,(6:0.002091255370593112,((37:1.307859998841976E-6,33:1.307859998841976E-6):1.3078599988280981E-6,(12:1.307859998841976E-6,(29:1.3078599988280981E-6,(34:1.307859998841976E-6,20:1.307859998841976E-6):1.3078599988280981E-6):1.307859998841976E-6):1.3078599988280981E-6):1.3078599988280981E-6):0.002091312731072034):1.307859998841976E-6):1.3078599988280981E-6):1.3078599988280981E-6):1.307859998841976E-6):1.3078599988280981E-6):1.307859998841976E-6):1.3078599988280981E-6):1.3078599988280981E-6):1.307859998841976E-6):1.307859998841976E-6):0.0021008150811980264):0.010990121844088763):0.0852617703705385);",
    "DISTANCE_MATRIX": [
        [
            0.0,
            0.14458006986203578,
            0.1506751014386621,
            0.15277174671904414,
            0.15277420949793258,
            0.15277427153723347,
            0.15277688871207162,
            0.15277682664642617,
            0.1527768253726119,
            0.15277813322891887,
            0.1527794410889177,
            0.1527794410889177,
            0.15068681606910986,
            0.15068681606910986,
            0.15068681606910986,
            0.15068943178910751,
            0.15069073964910634,
            0.15069204750910517,
            0.15069335536910403,
            0.15069466322910285,
            0.15069597108910168,
            0.1506972789491005,
            0.1506972789491005,
            0.15069204750910517,
            0.15069204750910517,
            0.15069204750910517,
            0.15069204750910517,
            0.15069073964910634,
            0.15069204750910517,
            0.15278603498434892,
            0.15698270841987114,
            0.15278604365129264,
            0.15278735151129147,
            0.15278735151129147,
            0.1527830682137654,
            0.15487592347076917,
            0.15278859168017256,
            0.15278859168017256,
            0.15278859168017256,
            0.1527898995401714,
            0.15279120740017021,
            0.15279120740017021
        ],
        [
            0.14458006986203578,
            0.0,
            0.020076491613040134,
            0.02217313689342218,
            0.0221755996723106,
            0.02217566171161149,
            0.022178278886449646,
            0.022178216820804203,
            0.022178215546989913,
            0.022179523403296902,
            0.02218083126329573,
            0.02218083126329573,
            0.02008820624348788,
            0.02008820624348788,
            0.02008820624348788,
            0.02009082196348555,
            0.020092129823484378,
            0.020093437683483206,
            0.020094745543482048,
            0.020096053403480876,
            0.020097361263479704,
            0.020098669123478546,
            0.020098669123478546,
            0.020093437683483206,
            0.020093437683483206,
            0.020093437683483206,
            0.020093437683483206,
            0.020092129823484378,
            0.020093437683483206,
            0.02218742515872696,
            0.02638409859424916,
            0.022187433825670677,
            0.022188741685669505,
            0.022188741685669505,
            0.02218445838814341,
            0.024277313645147194,
            0.02218998185455058,
            0.02218998185455058,
            0.02218998185455058,
            0.02219128971454941,
            0.02219259757454825,
            0.02219259757454825
        ],
        [
            0.1506751014386621,
            0.020076491613040134,
            0.0,
            0.006287924781870971,
            0.006290387560759392,
            0.006290449600060283,
            0.006293066774898437,
            0.0062930047092529945,
            0.006293003435438704,
            0.006294311291745694,
            0.006295619151744522,
            0.006295619151744522,
            0.0042029941319366715,
            0.0042029941319366715,
            0.0042029941319366715,
            0.0042056098519343416,
            0.00420691771193317,
            0.004208225571931998,
            0.00420953343193084,
            0.004210841291929668,
            0.004212149151928496,
            0.004213457011927338,
            0.004213457011927338,
            0.004208225571931998,
            0.004208225571931998,
            0.004208225571931998,
            0.004208225571931998,
            0.00420691771193317,
            0.004208225571931998,
            0.00630221304717575,
            0.01049888648269795,
            0.006302221714119469,
            0.006303529574118297,
            0.006303529574118297,
            0.006299246276592202,
            0.008392101533595986,
            0.006304769742999372,
            0.006304769742999372,
            0.006304769742999372,
            0.0063060776029982,
            0.006307385462997042,
            0.006307385462997042
        ],
        [
            0.15277174671904414,
            0.02217313689342218,
            0.006287924781870971,
            0.0,
            0.004185402678745384,
            0.004185464718046275,
            0.004188081892884429,
            0.004188019827238987,
            0.004188018553424697,
            0.004189326409731686,
            0.004190634269730514,
            0.004190634269730514,
            0.002098009249922664,
            0.002098009249922664,
            0.002098009249922664,
            0.002100624969920334,
            0.002101932829919162,
            0.00210324068991799,
            0.002104548549916832,
            0.00210585640991566,
            0.0021071642699144882,
            0.0021084721299133302,
            0.0021084721299133302,
            0.00210324068991799,
            0.00210324068991799,
            0.00210324068991799,
            0.00210324068991799,
            0.002101932829919162,
            0.00210324068991799,
            0.004197228165161743,
            0.008393901600683942,
            0.004197236832105461,
            0.004198544692104289,
            0.004198544692104289,
            0.004194261394578194,
            0.006287116651581978,
            0.004199784860985364,
            0.004199784860985364,
            0.004199784860985364,
            0.0042010927209841925,
            0.0042024005809830345,
            0.0042024005809830345
        ],
        [
            0.15277420949793258,
            0.0221755996723106,
            0.006290387560759392,
            0.004185402678745384,
            0.0,
            0.004182696056939356,
            0.004187928951775166,
            0.004187866886129724,
            0.004187865612315433,
            0.004189173468622423,
            0.004190481328621251,
            0.004190481328621251,
            0.0020978563088134006,
            0.0020978563088134006,
            0.0020978563088134006,
            0.0021004720288110706,
            0.0021017798888098987,
            0.002103087748808727,
            0.002104395608807569,
            0.002105703468806397,
            0.002107011328805225,
            0.002108319188804067,
            0.002108319188804067,
            0.002103087748808727,
            0.002103087748808727,
            0.002103087748808727,
            0.002103087748808727,
            0.0021017798888098987,
            0.002103087748808727,
            0.0041970752240524795,
            0.008393748659574679,
            0.004197083890996198,
            0.004198391750995026,
            0.004198391750995026,
            0.004194108453468931,
            0.006286963710472715,
            0.004199631919876101,
            0.004199631919876101,
            0.004199631919876101,
            0.004200939779874929,
            0.004202247639873771,
            0.004202247639873771
        ],
        [
            0.15277427153723347,
            0.02217566171161149,
            0.006290449600060283,
            0.004185464718046275,
            0.004182696056939356,
            0.0,
            0.004187990991076057,
            0.004187928925430615,
            0.004187927651616324,
            0.004189235507923314,
            0.004190543367922142,
            0.004190543367922142,
            0.0020979183481142916,
            0.0020979183481142916,
            0.0020979183481142916,
            0.0021005340681119616,
            0.0021018419281107897,
            0.002103149788109618,
            0.00210445764810846,
            0.002105765508107288,
            0.002107073368106116,
            0.002108381228104958,
            0.002108381228104958,
            0.002103149788109618,
            0.002103149788109618,
            0.002103149788109618,
            0.002103149788109618,
            0.0021018419281107897,
            0.002103149788109618,
            0.0041971372633533705,
            0.00839381069887557,
            0.004197145930297089,
            0.004198453790295917,
            0.004198453790295917,
            0.004194170492769822,
            0.006287025749773606,
            0.004199693959176992,
            0.004199693959176992,
            0.004199693959176992,
            0.00420100181917582,
            0.004202309679174662,
            0.004202309679174662
        ],
        [
            0.15277688871207162,
            0.022178278886449646,
            0.006293066774898437,
            0.004188081892884429,
            0.004187928951775166,
            0.004187990991076057,
            0.0,
            0.0041826989402757725,
            0.0041853133864591385,
            0.004186621242766128,
            0.004187929102764956,
            0.004187929102764956,
            0.002097919802954762,
            0.002097919802954762,
            0.002097919802954762,
            0.002100535522952432,
            0.00210184338295126,
            0.002103151242950088,
            0.00210445910294893,
            0.0021057669629477582,
            0.0021070748229465863,
            0.0021083826829454283,
            0.0021083826829454283,
            0.002103151242950088,
            0.002103151242950088,
            0.002103151242950088,
            0.002103151242950088,
            0.00210184338295126,
            0.002103151242950088,
            0.004197138718193841,
            0.00839381215371604,
            0.004197147385137559,
            0.004198455245136387,
            0.004198455245136387,
            0.004194171947610292,
            0.006287027204614076,
            0.0041996954140174625,
            0.0041996954140174625,
            0.0041996954140174625,
            0.004201003274016291,
            0.0042023111340151326,
            0.0042023111340151326
        ],
        [
            0.15277682664642617,
            0.022178216820804203,
            0.0062930047092529945,
            0.004188019827238987,
            0.004187866886129724,
            0.004187928925430615,
            0.0041826989402757725,
            0.0,
            0.004185251320813696,
            0.004186559177120686,
            0.004187867037119514,
            0.004187867037119514,
            0.0020978577373093193,
            0.0020978577373093193,
            0.0020978577373093193,
            0.0021004734573069894,
            0.0021017813173058175,
            0.0021030891773046456,
            0.0021043970373034876,
            0.0021057048973023157,
            0.002107012757301144,
            0.0021083206172999858,
            0.0021083206172999858,
            0.0021030891773046456,
            0.0021030891773046456,
            0.0021030891773046456,
            0.0021030891773046456,
            0.0021017813173058175,
            0.0021030891773046456,
            0.004197076652548398,
            0.008393750088070598,
            0.0041970853194921165,
            0.004198393179490945,
            0.004198393179490945,
            0.00419410988196485,
            0.006286965138968634,
            0.00419963334837202,
            0.00419963334837202,
            0.00419963334837202,
            0.004200941208370848,
            0.00420224906836969,
            0.00420224906836969
        ],
        [
            0.1527768253726119,
            0.022178215546989913,
            0.006293003435438704,
            0.004188018553424697,
            0.004187865612315433,
            0.004187927651616324,
            0.0041853133864591385,
            0.004185251320813696,
            0.0,
            0.004183942183308739,
            0.004185250043307567,
            0.004185250043307567,
            0.002097856463495029,
            0.002097856463495029,
            0.002097856463495029,
            0.0021004721834926993,
            0.0021017800434915274,
            0.0021030879034903555,
            0.0021043957634891974,
            0.0021057036234880255,
            0.0021070114834868536,
            0.0021083193434856956,
            0.0021083193434856956,
            0.0021030879034903555,
            0.0021030879034903555,
            0.0021030879034903555,
            0.0021030879034903555,
            0.0021017800434915274,
            0.0021030879034903555,
            0.004197075378734108,
            0.008393748814256308,
            0.004197084045677826,
            0.0041983919056766544,
            0.0041983919056766544,
            0.00419410860815056,
            0.006286963865154344,
            0.00419963207455773,
            0.00419963207455773,
            0.00419963207455773,
            0.004200939934556558,
            0.0042022477945554,
            0.0042022477945554
        ],
        [
            0.15277813322891887,
            0.022179523403296902,
            0.006294311291745694,
            0.004189326409731686,
            0.004189173468622423,
            0.004189235507923314,
            0.004186621242766128,
            0.004186559177120686,
            0.004183942183308739,
            0.0,
            3.92357999651205e-06,
            3.92357999651205e-06,
            0.002099164319802019,
            0.002099164319802019,
            0.002099164319802019,
            0.002101780039799689,
            0.002103087899798517,
            0.002104395759797345,
            0.002105703619796187,
            0.002107011479795015,
            0.0021083193397938432,
            0.002109627199792685,
            0.002109627199792685,
            0.002104395759797345,
            0.002104395759797345,
            0.002104395759797345,
            0.002104395759797345,
            0.002103087899798517,
            0.002104395759797345,
            0.004198383235041098,
            0.008395056670563297,
            0.004198391901984816,
            0.004199699761983644,
            0.004199699761983644,
            0.004195416464457549,
            0.006288271721461333,
            0.004200939930864719,
            0.004200939930864719,
            0.004200939930864719,
            0.0042022477908635475,
            0.0042035556508623895,
            0.0042035556508623895
        ],
        [
            0.1527794410889177,
            0.02218083126329573,
            0.006295619151744522,
            0.004190634269730514,
            0.004190481328621251,
            0.004190543367922142,
            0.004187929102764956,
            0.004187867037119514,
            0.004185250043307567,
            3.92357999651205e-06,
            0.0,
            2.6157199976561962e-06,
            0.002100472179800847,
            0.002100472179800847,
            0.002100472179800847,
            0.002103087899798517,
            0.002104395759797345,
            0.002105703619796173,
            0.002107011479795015,
            0.0021083193397938432,
            0.0021096271997926713,
            0.0021109350597915133,
            0.0021109350597915133,
            0.002105703619796173,
            0.002105703619796173,
            0.002105703619796173,
            0.002105703619796173,
            0.002104395759797345,
            0.002105703619796173,
            0.004199691095039926,
            0.008396364530562125,
            0.004199699761983644,
            0.004201007621982472,
            0.004201007621982472,
            0.004196724324456377,
            0.006289579581460161,
            0.0042022477908635475,
            0.0042022477908635475,
            0.0042022477908635475,
            0.004203555650862376,
            0.004204863510861218,
            0.004204863510861218
        ],
        [
            0.1527794410889177,
            0.02218083126329573,
            0.006295619151744522,
            0.004190634269730514,
            0.004190481328621251,
            0.004190543367922142,
            0.004187929102764956,
            0.004187867037119514,
            0.004185250043307567,
            3.92357999651205e-06,
            2.6157199976561962e-06,
            0.0,
            0.002100472179800847,
            0.002100472179800847,
            0.002100472179800847,
            0.002103087899798517,
            0.002104395759797345,
            0.002105703619796173,
            0.002107011479795015,
            0.0021083193397938432,
            0.0021096271997926713,
            0.0021109350597915133,
            0.0021109350597915133,
            0.002105703619796173,
            0.002105703619796173,
            0.002105703619796173,
            0.002105703619796173,
            0.002104395759797345,
            0.002105703619796173,
            0.004199691095039926,
            0.008396364530562125,
            0.004199699761983644,
            0.004201007621982472,
            0.004201007621982472,
            0.004196724324456377,
            0.006289579581460161,
            0.0042022477908635475,
            0.0042022477908635475,
            0.0042022477908635475,
            0.004203555650862376,
            0.004204863510861218,
            0.004204863510861218
        ],
        [
            0.15068681606910986,
            0.02008820624348788,
            0.0042029941319366715,
            0.002098009249922664,
            0.0020978563088134006,
            0.0020979183481142916,
            0.002097919802954762,
            0.0020978577373093193,
            0.002097856463495029,
            0.002099164319802019,
            0.002100472179800847,
            0.002100472179800847,
            0.0,
            2.615719997683952e-06,
            5.231439995340148e-06,
            7.847159993010222e-06,
            9.15501999183832e-06,
            1.0462879990666418e-05,
            1.1770739989508394e-05,
            1.3078599988336492e-05,
            1.438645998716459e-05,
            1.5694319986006566e-05,
            1.5694319986006566e-05,
            1.0462879990666418e-05,
            1.0462879990666418e-05,
            1.0462879990666418e-05,
            1.0462879990666418e-05,
            9.15501999183832e-06,
            1.0462879990666418e-05,
            0.002104450355234419,
            0.006301123790756619,
            0.0021044590221781373,
            0.0021057668821769654,
            0.0021057668821769654,
            0.0021014835846508706,
            0.0041943388416546545,
            0.0021070070510580408,
            0.0021070070510580408,
            0.0021070070510580408,
            0.002108314911056869,
            0.002109622771055711,
            0.002109622771055711
        ],
        [
            0.15068681606910986,
            0.02008820624348788,
            0.0042029941319366715,
            0.002098009249922664,
            0.0020978563088134006,
            0.0020979183481142916,
            0.002097919802954762,
            0.0020978577373093193,
            0.002097856463495029,
            0.002099164319802019,
            0.002100472179800847,
            0.002100472179800847,
            2.615719997683952e-06,
            0.0,
            5.231439995340148e-06,
            7.847159993010222e-06,
            9.15501999183832e-06,
            1.0462879990666418e-05,
            1.1770739989508394e-05,
            1.3078599988336492e-05,
            1.438645998716459e-05,
            1.5694319986006566e-05,
            1.5694319986006566e-05,
            1.0462879990666418e-05,
            1.0462879990666418e-05,
            1.0462879990666418e-05,
            1.0462879990666418e-05,
            9.15501999183832e-06,
            1.0462879990666418e-05,
            0.002104450355234419,
            0.006301123790756619,
            0.0021044590221781373,
            0.0021057668821769654,
            0.0021057668821769654,
            0.0021014835846508706,
            0.0041943388416546545,
            0.0021070070510580408,
            0.0021070070510580408,
            0.0021070070510580408,
            0.002108314911056869,
            0.002109622771055711,
            0.002109622771055711
        ],
        [
            0.15068681606910986,
            0.02008820624348788,
            0.0042029941319366715,
            0.002098009249922664,
            0.0020978563088134006,
            0.0020979183481142916,
            0.002097919802954762,
            0.0020978577373093193,
            0.002097856463495029,
            0.002099164319802019,
            0.002100472179800847,
            0.002100472179800847,
            5.231439995340148e-06,
            5.231439995340148e-06,
            0.0,
            5.231439995354026e-06,
            6.539299994182124e-06,
            7.847159993010222e-06,
            9.155019991852198e-06,
            1.0462879990680296e-05,
            1.1770739989508394e-05,
            1.307859998835037e-05,
            1.307859998835037e-05,
            7.847159993010222e-06,
            7.847159993010222e-06,
            7.847159993010222e-06,
            7.847159993010222e-06,
            6.539299994182124e-06,
            7.847159993010222e-06,
            0.002101834635236763,
            0.0062985080707589625,
            0.002101843302180481,
            0.002103151162179309,
            0.002103151162179309,
            0.0020988678646532144,
            0.004191723121656998,
            0.0021043913310603846,
            0.0021043913310603846,
            0.0021043913310603846,
            0.0021056991910592127,
            0.0021070070510580546,
            0.0021070070510580546
        ],
        [
            0.15068943178910751,
            0.02009082196348555,
            0.0042056098519343416,
            0.002100624969920334,
            0.0021004720288110706,
            0.0021005340681119616,
            0.002100535522952432,
            0.0021004734573069894,
            0.0021004721834926993,
            0.002101780039799689,
            0.002103087899798517,
            0.002103087899798517,
            7.847159993010222e-06,
            7.847159993010222e-06,
            5.231439995354026e-06,
            0.0,
            3.92357999651205e-06,
            5.231439995340148e-06,
            6.539299994182124e-06,
            7.847159993010222e-06,
            9.15501999183832e-06,
            1.0462879990680296e-05,
            1.0462879990680296e-05,
            7.847159992996344e-06,
            7.847159992996344e-06,
            7.847159992996344e-06,
            7.847159992996344e-06,
            6.539299994168246e-06,
            7.847159992996344e-06,
            0.002101834635236749,
            0.006298508070758949,
            0.0021018433021804672,
            0.0021031511621792953,
            0.0021031511621792953,
            0.0020988678646532005,
            0.0041917231216569845,
            0.0021043913310603707,
            0.0021043913310603707,
            0.0021043913310603707,
            0.0021056991910591988,
            0.0021070070510580408,
            0.0021070070510580408
        ],
        [
            0.15069073964910634,
            0.020092129823484378,
            0.00420691771193317,
            0.002101932829919162,
            0.0021017798888098987,
            0.0021018419281107897,
            0.00210184338295126,
            0.0021017813173058175,
            0.0021017800434915274,
            0.002103087899798517,
            0.002104395759797345,
            0.002104395759797345,
            9.15501999183832e-06,
            9.15501999183832e-06,
            6.539299994182124e-06,
            3.92357999651205e-06,
            0.0,
            3.923579996484294e-06,
            5.23143999532627e-06,
            6.539299994154368e-06,
            7.847159992982466e-06,
            9.155019991824442e-06,
            9.155019991824442e-06,
            9.155019991824442e-06,
            9.155019991824442e-06,
            9.155019991824442e-06,
            9.155019991824442e-06,
            7.847159992996344e-06,
            9.155019991824442e-06,
            0.002103142495235577,
            0.006299815930757777,
            0.0021031511621792953,
            0.0021044590221781234,
            0.0021044590221781234,
            0.0021001757246520286,
            0.0041930309816558126,
            0.0021056991910591988,
            0.0021056991910591988,
            0.0021056991910591988,
            0.002107007051058027,
            0.002108314911056869,
            0.002108314911056869
        ],
        [
            0.15069204750910517,
            0.020093437683483206,
            0.004208225571931998,
            0.00210324068991799,
            0.002103087748808727,
            0.002103149788109618,
            0.002103151242950088,
            0.0021030891773046456,
            0.0021030879034903555,
            0.002104395759797345,
            0.002105703619796173,
            0.002105703619796173,
            1.0462879990666418e-05,
            1.0462879990666418e-05,
            7.847159993010222e-06,
            5.231439995340148e-06,
            3.923579996484294e-06,
            0.0,
            3.923579996498172e-06,
            5.23143999532627e-06,
            6.539299994154368e-06,
            7.847159992996344e-06,
            7.847159992996344e-06,
            1.046287999065254e-05,
            1.046287999065254e-05,
            1.046287999065254e-05,
            1.046287999065254e-05,
            9.155019991824442e-06,
            1.046287999065254e-05,
            0.002104450355234405,
            0.006301123790756605,
            0.0021044590221781234,
            0.0021057668821769515,
            0.0021057668821769515,
            0.0021014835846508567,
            0.004194338841654641,
            0.002107007051058027,
            0.002107007051058027,
            0.002107007051058027,
            0.002108314911056855,
            0.002109622771055697,
            0.002109622771055697
        ],
        [
            0.15069335536910403,
            0.020094745543482048,
            0.00420953343193084,
            0.002104548549916832,
            0.002104395608807569,
            0.00210445764810846,
            0.00210445910294893,
            0.0021043970373034876,
            0.0021043957634891974,
            0.002105703619796187,
            0.002107011479795015,
            0.002107011479795015,
            1.1770739989508394e-05,
            1.1770739989508394e-05,
            9.155019991852198e-06,
            6.539299994182124e-06,
            5.23143999532627e-06,
            3.923579996498172e-06,
            0.0,
            3.92357999651205e-06,
            5.231439995340148e-06,
            6.539299994182124e-06,
            6.539299994182124e-06,
            1.1770739989494516e-05,
            1.1770739989494516e-05,
            1.1770739989494516e-05,
            1.1770739989494516e-05,
            1.0462879990666418e-05,
            1.1770739989494516e-05,
            0.002105758215233247,
            0.006302431650755447,
            0.0021057668821769654,
            0.0021070747421757935,
            0.0021070747421757935,
            0.0021027914446496987,
            0.004195646701653483,
            0.002108314911056869,
            0.002108314911056869,
            0.002108314911056869,
            0.002109622771055697,
            0.002110930631054539,
            0.002110930631054539
        ],
        [
            0.15069466322910285,
            0.020096053403480876,
            0.004210841291929668,
            0.00210585640991566,
            0.002105703468806397,
            0.002105765508107288,
            0.0021057669629477582,
            0.0021057048973023157,
            0.0021057036234880255,
            0.002107011479795015,
            0.0021083193397938432,
            0.0021083193397938432,
            1.3078599988336492e-05,
            1.3078599988336492e-05,
            1.0462879990680296e-05,
            7.847159993010222e-06,
            6.539299994154368e-06,
            5.23143999532627e-06,
            3.92357999651205e-06,
            0.0,
            3.923579996484294e-06,
            5.23143999532627e-06,
            5.23143999532627e-06,
            1.3078599988322615e-05,
            1.3078599988322615e-05,
            1.3078599988322615e-05,
            1.3078599988322615e-05,
            1.1770739989494516e-05,
            1.3078599988322615e-05,
            0.0021070660752320752,
            0.006303739510754275,
            0.0021070747421757935,
            0.0021083826021746216,
            0.0021083826021746216,
            0.002104099304648527,
            0.004196954561652311,
            0.002109622771055697,
            0.002109622771055697,
            0.002109622771055697,
            0.002110930631054525,
            0.002112238491053367,
            0.002112238491053367
        ],
        [
            0.15069597108910168,
            0.020097361263479704,
            0.004212149151928496,
            0.0021071642699144882,
            0.002107011328805225,
            0.002107073368106116,
            0.0021070748229465863,
            0.002107012757301144,
            0.0021070114834868536,
            0.0021083193397938432,
            0.0021096271997926713,
            0.0021096271997926713,
            1.438645998716459e-05,
            1.438645998716459e-05,
            1.1770739989508394e-05,
            9.15501999183832e-06,
            7.847159992982466e-06,
            6.539299994154368e-06,
            5.231439995340148e-06,
            3.923579996484294e-06,
            0.0,
            3.923579996498172e-06,
            3.923579996498172e-06,
            1.4386459987150713e-05,
            1.4386459987150713e-05,
            1.4386459987150713e-05,
            1.4386459987150713e-05,
            1.3078599988322615e-05,
            1.4386459987150713e-05,
            0.0021083739352309033,
            0.006305047370753103,
            0.0021083826021746216,
            0.0021096904621734497,
            0.0021096904621734497,
            0.002105407164647355,
            0.004198262421651139,
            0.002110930631054525,
            0.002110930631054525,
            0.002110930631054525,
            0.002112238491053353,
            0.002113546351052195,
            0.002113546351052195
        ],
        [
            0.1506972789491005,
            0.020098669123478546,
            0.004213457011927338,
            0.0021084721299133302,
            0.002108319188804067,
            0.002108381228104958,
            0.0021083826829454283,
            0.0021083206172999858,
            0.0021083193434856956,
            0.002109627199792685,
            0.0021109350597915133,
            0.0021109350597915133,
            1.5694319986006566e-05,
            1.5694319986006566e-05,
            1.307859998835037e-05,
            1.0462879990680296e-05,
            9.155019991824442e-06,
            7.847159992996344e-06,
            6.539299994182124e-06,
            5.23143999532627e-06,
            3.923579996498172e-06,
            0.0,
            2.615719997683952e-06,
            1.569431998599269e-05,
            1.569431998599269e-05,
            1.569431998599269e-05,
            1.569431998599269e-05,
            1.438645998716459e-05,
            1.569431998599269e-05,
            0.0021096817952297453,
            0.006306355230751945,
            0.0021096904621734636,
            0.0021109983221722917,
            0.0021109983221722917,
            0.002106715024646197,
            0.004199570281649981,
            0.002112238491053367,
            0.002112238491053367,
            0.002112238491053367,
            0.002113546351052195,
            0.002114854211051037,
            0.002114854211051037
        ],
        [
            0.1506972789491005,
            0.020098669123478546,
            0.004213457011927338,
            0.0021084721299133302,
            0.002108319188804067,
            0.002108381228104958,
            0.0021083826829454283,
            0.0021083206172999858,
            0.0021083193434856956,
            0.002109627199792685,
            0.0021109350597915133,
            0.0021109350597915133,
            1.5694319986006566e-05,
            1.5694319986006566e-05,
            1.307859998835037e-05,
            1.0462879990680296e-05,
            9.155019991824442e-06,
            7.847159992996344e-06,
            6.539299994182124e-06,
            5.23143999532627e-06,
            3.923579996498172e-06,
            2.615719997683952e-06,
            0.0,
            1.569431998599269e-05,
            1.569431998599269e-05,
            1.569431998599269e-05,
            1.569431998599269e-05,
            1.438645998716459e-05,
            1.569431998599269e-05,
            0.0021096817952297453,
            0.006306355230751945,
            0.0021096904621734636,
            0.0021109983221722917,
            0.0021109983221722917,
            0.002106715024646197,
            0.004199570281649981,
            0.002112238491053367,
            0.002112238491053367,
            0.002112238491053367,
            0.002113546351052195,
            0.002114854211051037,
            0.002114854211051037
        ],
        [
            0.15069204750910517,
            0.020093437683483206,
            0.004208225571931998,
            0.00210324068991799,
            0.002103087748808727,
            0.002103149788109618,
            0.002103151242950088,
            0.0021030891773046456,
            0.0021030879034903555,
            0.002104395759797345,
            0.002105703619796173,
            0.002105703619796173,
            1.0462879990666418e-05,
            1.0462879990666418e-05,
            7.847159993010222e-06,
            7.847159992996344e-06,
            9.155019991824442e-06,
            1.046287999065254e-05,
            1.1770739989494516e-05,
            1.3078599988322615e-05,
            1.4386459987150713e-05,
            1.569431998599269e-05,
            1.569431998599269e-05,
            0.0,
            2.6157199976561962e-06,
            5.2314399953123925e-06,
            5.2314399953123925e-06,
            6.539299994168246e-06,
            7.847159992996344e-06,
            0.002101834635236749,
            0.006298508070758949,
            0.0021018433021804672,
            0.0021031511621792953,
            0.0021031511621792953,
            0.0020988678646532005,
            0.0041917231216569845,
            0.0021043913310603707,
            0.0021043913310603707,
            0.0021043913310603707,
            0.0021056991910591988,
            0.0021070070510580408,
            0.0021070070510580408
        ],
        [
            0.15069204750910517,
            0.020093437683483206,
            0.004208225571931998,
            0.00210324068991799,
            0.002103087748808727,
            0.002103149788109618,
            0.002103151242950088,
            0.0021030891773046456,
            0.0021030879034903555,
            0.002104395759797345,
            0.002105703619796173,
            0.002105703619796173,
            1.0462879990666418e-05,
            1.0462879990666418e-05,
            7.847159993010222e-06,
            7.847159992996344e-06,
            9.155019991824442e-06,
            1.046287999065254e-05,
            1.1770739989494516e-05,
            1.3078599988322615e-05,
            1.4386459987150713e-05,
            1.569431998599269e-05,
            1.569431998599269e-05,
            2.6157199976561962e-06,
            0.0,
            5.2314399953123925e-06,
            5.2314399953123925e-06,
            6.539299994168246e-06,
            7.847159992996344e-06,
            0.002101834635236749,
            0.006298508070758949,
            0.0021018433021804672,
            0.0021031511621792953,
            0.0021031511621792953,
            0.0020988678646532005,
            0.0041917231216569845,
            0.0021043913310603707,
            0.0021043913310603707,
            0.0021043913310603707,
            0.0021056991910591988,
            0.0021070070510580408,
            0.0021070070510580408
        ],
        [
            0.15069204750910517,
            0.020093437683483206,
            0.004208225571931998,
            0.00210324068991799,
            0.002103087748808727,
            0.002103149788109618,
            0.002103151242950088,
            0.0021030891773046456,
            0.0021030879034903555,
            0.002104395759797345,
            0.002105703619796173,
            0.002105703619796173,
            1.0462879990666418e-05,
            1.0462879990666418e-05,
            7.847159993010222e-06,
            7.847159992996344e-06,
            9.155019991824442e-06,
            1.046287999065254e-05,
            1.1770739989494516e-05,
            1.3078599988322615e-05,
            1.4386459987150713e-05,
            1.569431998599269e-05,
            1.569431998599269e-05,
            5.2314399953123925e-06,
            5.2314399953123925e-06,
            0.0,
            2.6157199976561962e-06,
            6.539299994168246e-06,
            7.847159992996344e-06,
            0.002101834635236749,
            0.006298508070758949,
            0.0021018433021804672,
            0.0021031511621792953,
            0.0021031511621792953,
            0.0020988678646532005,
            0.0041917231216569845,
            0.0021043913310603707,
            0.0021043913310603707,
            0.0021043913310603707,
            0.0021056991910591988,
            0.0021070070510580408,
            0.0021070070510580408
        ],
        [
            0.15069204750910517,
            0.020093437683483206,
            0.004208225571931998,
            0.00210324068991799,
            0.002103087748808727,
            0.002103149788109618,
            0.002103151242950088,
            0.0021030891773046456,
            0.0021030879034903555,
