{
    "NEXUS_FILE_URL": "http://purl.org/phylo/treebase/phylows/study/TB2:S15260",
    "NEWICK_TREE": "((22:0.084778,((20:0.060232,8:0.067225):0.059079,((15:0.156399,((19:0.11046,(24:0.072809,((23:0.056201,16:0.080138):0.01758,13:0.058668):0.011078):0.031183):0.005667,((34:0.049768,(33:0.027587,9:0.044545):0.01583):0.037006,((51:0.031802,50:0.067222):0.108908,((((39:0.016184,17:0.005796):0.069483,((38:0.05061,(((66:0.020747,64:0.009251):0.056263,(65:0.012616,63:0.026024):0.016496):0.008347,62:0.031944):0.016116):0.01443,((18:0.001489,37:0.002718):0.041816,36:0.01825):0.027699):0.022285):0.046258,28:0.087695):0.021834,(((40:0.022796,53:0.037756):0.02416,31:0.125151):0.044062,(42:0.066406,((((26:0.06066,25:0.029797):0.03499,(21:0.049164,((52:0.005686,32:0.005351):0.044167,(48:0.016521,(47:0.032171,7:0.020842):0.010911):0.006787):0.022156):0.014892):0.008401,(14:0.050871,((4:0.00266,45:0.006464):0.016912,((44:0.010488,43:0.010154):0.010267,(46:0.010116,30:0.010476):0.003731):0.00866):0.030548):0.016262):0.001945,((59:0.031209,(56:0.018271,((61:0.02448,41:0.007396):0.005787,((58:0.014743,57:0.020255):0.012605,(55:0.003079,(60:0.012547,54:0.005861):0.011576):0.006933):0.00308):0.00965):0.010315):0.018276,(27:0.046559,(3:0.042454,(29:0.013694,2:0.019208):0.009644):0.010613):0.016183):0.007394):0.017642):0.008114):0.011848):0.005198):0.008162):0.005379):0.002962):0.003701,((49:0.096764,35:0.129967):0.02337,(6:0.091122,(((12:0.02897,11:0.049238):0.030786,5:0.071837):0.007067,(1:0.074075,10:0.049505):0.019869):0.020613):0.005249):0.006115):0.007901):0.084778));",
    "DISTANCE_MATRIX": [
        [
            0.0,
            0.28886700000000004,
            0.29586,
            0.33755700000000005,
            0.30024700000000004,
            0.293779,
            0.305829,
            0.329766,
            0.29071600000000003,
            0.276273,
            0.269922,
            0.28688,
            0.33837100000000003,
            0.37379100000000004,
            0.35661800000000005,
            0.34623000000000004,
            0.35827600000000004,
            0.409139,
            0.397643,
            0.36124100000000003,
            0.374649,
            0.355726,
            0.36424,
            0.365469,
            0.339185,
            0.312388,
            0.305725,
            0.320685,
            0.38392000000000004,
            0.289227,
            0.346459,
            0.315596,
            0.314865,
            0.33771,
            0.33737500000000004,
            0.311165,
            0.337726,
            0.32639700000000005,
            0.309541,
            0.30879,
            0.31259400000000004,
            0.318633,
            0.318299,
            0.31172500000000003,
            0.312085,
            0.297342,
            0.294719,
            0.316365,
            0.299281,
            0.316526,
            0.322038,
            0.29919,
            0.320234,
            0.313548,
            0.310599,
            0.31710699999999997,
            0.297991,
            0.303505,
            0.30370600000000003,
            0.336909,
            0.279943,
            0.27625700000000003,
            0.29652500000000004,
            0.28833800000000004,
            0.30337800000000004,
            0.27880800000000006
        ],
        [
            0.28886700000000004,
            0.0,
            0.127457,
            0.287312,
            0.250002,
            0.24353400000000003,
            0.25558400000000003,
            0.279521,
            0.24047100000000002,
            0.226028,
            0.219677,
            0.23663499999999998,
            0.288126,
            0.323546,
            0.306373,
            0.295985,
            0.308031,
            0.35889399999999994,
            0.347398,
            0.310996,
            0.324404,
            0.305481,
            0.313995,
            0.31522399999999995,
            0.28894,
            0.262143,
            0.25548,
            0.27043999999999996,
            0.333675,
            0.238982,
            0.296214,
            0.265351,
            0.26461999999999997,
            0.28746499999999997,
            0.28713,
            0.26092000000000004,
            0.287481,
            0.276152,
            0.25929599999999997,
            0.258545,
            0.262349,
            0.26838799999999996,
            0.268054,
            0.26148,
            0.26183999999999996,
            0.24709699999999998,
            0.244474,
            0.26611999999999997,
            0.24903599999999998,
            0.266281,
            0.27179299999999995,
            0.24894499999999997,
            0.269989,
            0.26330299999999995,
            0.260354,
            0.26686199999999993,
            0.247746,
            0.25326,
            0.253461,
            0.28666400000000003,
            0.229698,
            0.22601200000000002,
            0.24628,
            0.238093,
            0.253133,
            0.22856300000000002
        ],
        [
            0.29586,
            0.127457,
            0.0,
            0.29430500000000004,
            0.256995,
            0.250527,
            0.262577,
            0.286514,
            0.24746400000000002,
            0.23302099999999998,
            0.22666999999999998,
            0.243628,
            0.295119,
            0.330539,
            0.31336600000000003,
            0.30297799999999997,
            0.31502399999999997,
            0.36588699999999996,
            0.354391,
            0.31798899999999997,
            0.331397,
            0.312474,
            0.320988,
            0.322217,
            0.295933,
            0.269136,
            0.26247299999999996,
            0.27743299999999993,
            0.34066799999999997,
            0.245975,
            0.303207,
            0.272344,
            0.271613,
            0.294458,
            0.294123,
            0.267913,
            0.294474,
            0.283145,
            0.266289,
            0.265538,
            0.26934199999999997,
            0.275381,
            0.275047,
            0.26847299999999996,
            0.268833,
            0.25409,
            0.251467,
            0.27311299999999994,
            0.25602899999999995,
            0.27327399999999996,
            0.278786,
            0.255938,
            0.27698199999999995,
            0.270296,
            0.267347,
            0.27385499999999996,
            0.254739,
            0.26025299999999996,
            0.26045399999999996,
            0.293657,
            0.23669099999999998,
            0.23300500000000002,
            0.25327299999999997,
            0.245086,
            0.26012599999999997,
            0.23555600000000002
        ],
        [
            0.33755700000000005,
            0.287312,
            0.29430500000000004,
            0.0,
            0.275488,
            0.26902000000000004,
            0.28107000000000004,
            0.30500700000000003,
            0.265957,
            0.251514,
            0.24516300000000002,
            0.262121,
            0.313612,
            0.349032,
            0.331859,
            0.321471,
            0.333517,
            0.38437999999999994,
            0.372884,
            0.336482,
            0.34989000000000003,
            0.330967,
            0.33948100000000003,
            0.34070999999999996,
            0.314426,
            0.287629,
            0.280966,
            0.29592599999999997,
            0.359161,
            0.26446800000000004,
            0.3217,
            0.290837,
            0.290106,
            0.312951,
            0.312616,
            0.28640600000000005,
            0.312967,
            0.301638,
            0.284782,
            0.28403100000000003,
            0.287835,
            0.29387399999999997,
            0.29354,
            0.286966,
            0.28732599999999997,
            0.272583,
            0.26996,
            0.291606,
            0.274522,
            0.291767,
            0.29727899999999996,
            0.274431,
            0.295475,
            0.28878899999999996,
            0.28584,
            0.29234799999999994,
            0.27323200000000003,
            0.278746,
            0.286349,
            0.31955200000000006,
            0.262586,
            0.2589,
            0.279168,
            0.270981,
            0.286021,
            0.26145100000000004
        ],
        [
            0.30024700000000004,
            0.250002,
            0.256995,
            0.275488,
            0.0,
            0.214452,
            0.226502,
            0.25043899999999997,
            0.211389,
            0.20828,
            0.201929,
            0.218887,
            0.270378,
            0.305798,
            0.288625,
            0.278237,
            0.290283,
            0.34114599999999995,
            0.32965,
            0.293248,
            0.30665600000000004,
            0.287733,
            0.29624700000000004,
            0.29747599999999996,
            0.271192,
            0.244395,
            0.237732,
            0.25269199999999997,
            0.315927,
            0.221234,
            0.278466,
            0.247603,
            0.246872,
            0.269717,
            0.269382,
            0.24317200000000003,
            0.269733,
            0.258404,
            0.241548,
            0.24079699999999998,
            0.244601,
            0.25064,
            0.25030600000000003,
            0.243732,
            0.244092,
            0.229349,
            0.22672599999999998,
            0.24837199999999998,
            0.231288,
            0.24853299999999998,
            0.25404499999999997,
            0.23119699999999999,
            0.252241,
            0.245555,
            0.24260600000000002,
            0.24911399999999997,
            0.22999799999999998,
            0.235512,
            0.249039,
            0.282242,
            0.225276,
            0.22159,
            0.24185800000000002,
            0.23367100000000002,
            0.24871100000000002,
            0.22414100000000003
        ],
        [
            0.293779,
            0.24353400000000003,
            0.250527,
            0.26902000000000004,
            0.214452,
            0.0,
            0.157668,
            0.18160500000000002,
            0.142555,
            0.201812,
            0.195461,
            0.212419,
            0.26391,
            0.29933,
            0.282157,
            0.27176900000000004,
            0.28381500000000004,
            0.334678,
            0.32318199999999997,
            0.28678000000000003,
            0.300188,
            0.281265,
            0.289779,
            0.291008,
            0.264724,
            0.237927,
            0.23126399999999997,
            0.24622399999999997,
            0.30945900000000004,
            0.214766,
            0.271998,
            0.241135,
            0.240404,
            0.263249,
            0.26291400000000004,
            0.23670400000000003,
            0.263265,
            0.25193600000000005,
            0.23508,
            0.234329,
            0.238133,
            0.244172,
            0.243838,
            0.237264,
            0.237624,
            0.222881,
            0.220258,
            0.24190399999999998,
            0.22482,
            0.24206499999999997,
            0.247577,
            0.22472899999999998,
            0.245773,
            0.239087,
            0.23613800000000001,
            0.24264599999999997,
            0.22353,
            0.229044,
            0.242571,
            0.275774,
            0.218808,
            0.21512200000000004,
            0.23539,
            0.227203,
            0.242243,
            0.217673
        ],
        [
            0.305829,
            0.25558400000000003,
            0.262577,
            0.28107000000000004,
            0.226502,
            0.157668,
            0.0,
            0.136339,
            0.13244899999999998,
            0.213862,
            0.207511,
            0.224469,
            0.27596,
            0.31138,
            0.294207,
            0.28381900000000004,
            0.29586500000000004,
            0.346728,
            0.335232,
            0.29883000000000004,
            0.312238,
            0.293315,
            0.301829,
            0.303058,
            0.276774,
            0.249977,
            0.24331399999999997,
            0.258274,
            0.32150900000000004,
            0.22681600000000002,
            0.284048,
            0.253185,
            0.252454,
            0.275299,
            0.27496400000000004,
            0.24875400000000003,
            0.27531500000000003,
            0.26398600000000005,
            0.24713000000000002,
            0.24637900000000001,
            0.25018300000000004,
            0.256222,
            0.255888,
            0.249314,
            0.249674,
            0.234931,
            0.23230800000000001,
            0.253954,
            0.23687,
            0.254115,
            0.259627,
            0.236779,
            0.257823,
            0.251137,
            0.24818800000000002,
            0.254696,
            0.23558,
            0.241094,
            0.254621,
            0.287824,
            0.230858,
            0.22717200000000004,
            0.24744,
            0.239253,
            0.254293,
            0.229723
        ],
        [
            0.329766,
            0.279521,
            0.286514,
            0.30500700000000003,
            0.25043899999999997,
            0.18160500000000002,
            0.136339,
            0.0,
            0.156386,
            0.23779899999999998,
            0.231448,
            0.248406,
            0.29989699999999997,
            0.335317,
            0.318144,
            0.30775600000000003,
            0.31980200000000003,
            0.37066499999999997,
            0.35916899999999996,
            0.322767,
            0.336175,
            0.317252,
            0.325766,
            0.326995,
            0.300711,
            0.273914,
            0.26725099999999996,
            0.282211,
            0.34544600000000003,
            0.250753,
            0.307985,
            0.277122,
            0.276391,
            0.299236,
            0.29890100000000003,
            0.272691,
            0.299252,
            0.28792300000000004,
            0.271067,
            0.270316,
            0.27412000000000003,
            0.280159,
            0.279825,
            0.273251,
            0.273611,
            0.258868,
            0.256245,
            0.277891,
            0.260807,
            0.27805199999999997,
            0.283564,
            0.26071599999999995,
            0.28176,
            0.275074,
            0.272125,
            0.27863299999999996,
            0.259517,
            0.265031,
            0.278558,
            0.311761,
            0.254795,
            0.251109,
            0.271377,
            0.26319,
            0.27823,
            0.25366
        ],
        [
            0.29071600000000003,
            0.24047100000000002,
            0.24746400000000002,
            0.265957,
            0.211389,
            0.142555,
            0.13244899999999998,
            0.156386,
            0.0,
            0.198749,
            0.192398,
            0.209356,
            0.260847,
            0.296267,
            0.279094,
            0.268706,
            0.280752,
            0.331615,
            0.320119,
            0.283717,
            0.29712500000000003,
            0.278202,
            0.286716,
            0.287945,
            0.26166100000000003,
            0.23486400000000002,
            0.228201,
            0.24316099999999996,
            0.306396,
            0.211703,
            0.26893500000000004,
            0.238072,
            0.23734100000000002,
            0.26018600000000003,
            0.25985100000000005,
            0.23364100000000004,
            0.26020200000000004,
            0.248873,
            0.23201700000000003,
            0.231266,
            0.23507,
            0.24110900000000002,
            0.24077500000000002,
            0.234201,
            0.23456100000000002,
            0.219818,
            0.217195,
            0.23884099999999997,
            0.22175699999999998,
            0.239002,
            0.244514,
            0.22166599999999997,
            0.24270999999999998,
            0.236024,
            0.23307500000000003,
            0.239583,
            0.220467,
            0.225981,
            0.239508,
            0.27271100000000004,
            0.21574500000000002,
            0.21205900000000003,
            0.232327,
            0.22414,
            0.23918,
            0.21461000000000002
        ],
        [
            0.276273,
            0.226028,
            0.23302099999999998,
            0.251514,
            0.20828,
            0.201812,
            0.213862,
            0.23779899999999998,
            0.198749,
            0.0,
            0.09318499999999999,
            0.11014299999999999,
            0.235646,
            0.27106600000000003,
            0.25389300000000004,
            0.243505,
            0.255551,
            0.30641399999999996,
            0.294918,
            0.25851599999999997,
            0.271924,
            0.253001,
            0.261515,
            0.262744,
            0.23646,
            0.209663,
            0.20299999999999996,
            0.21795999999999996,
            0.281195,
            0.186502,
            0.243734,
            0.21287099999999998,
            0.21214,
            0.234985,
            0.23465000000000003,
            0.20844000000000001,
            0.23500100000000002,
            0.223672,
            0.206816,
            0.206065,
            0.20986899999999997,
            0.215908,
            0.215574,
            0.20899999999999996,
            0.20936,
            0.19461699999999998,
            0.191994,
            0.21363999999999997,
            0.19655599999999998,
            0.21380099999999996,
            0.21931299999999998,
            0.19646499999999997,
            0.21750899999999998,
            0.21082299999999998,
            0.207874,
            0.21438199999999996,
            0.195266,
            0.20078,
            0.225065,
            0.258268,
            0.20130199999999998,
            0.197616,
            0.21788399999999997,
            0.20969699999999997,
            0.224737,
            0.20016699999999998
        ],
        [
            0.269922,
            0.219677,
            0.22666999999999998,
            0.24516300000000002,
            0.201929,
            0.195461,
            0.207511,
            0.231448,
            0.192398,
            0.09318499999999999,
            0.0,
            0.072132,
            0.229295,
            0.26471500000000003,
            0.247542,
            0.237154,
            0.2492,
            0.30006299999999997,
            0.288567,
            0.252165,
            0.265573,
            0.24664999999999998,
            0.255164,
            0.256393,
            0.230109,
            0.203312,
            0.19664899999999996,
            0.21160899999999996,
            0.274844,
            0.180151,
            0.237383,
            0.20651999999999998,
            0.205789,
            0.228634,
            0.22829900000000003,
            0.20208900000000002,
            0.22865000000000002,
            0.21732100000000001,
            0.200465,
            0.199714,
            0.20351799999999998,
            0.209557,
            0.209223,
            0.20264899999999997,
            0.203009,
            0.188266,
            0.185643,
            0.20728899999999997,
            0.19020499999999999,
            0.20744999999999997,
            0.21296199999999998,
            0.19011399999999998,
            0.21115799999999998,
            0.204472,
            0.201523,
            0.20803099999999997,
            0.188915,
            0.194429,
            0.218714,
            0.251917,
            0.19495099999999999,
            0.19126500000000002,
            0.21153299999999997,
            0.20334599999999997,
            0.218386,
            0.193816
        ],
        [
            0.28688,
            0.23663499999999998,
            0.243628,
            0.262121,
            0.218887,
            0.212419,
            0.224469,
            0.248406,
            0.209356,
            0.11014299999999999,
            0.072132,
            0.0,
            0.246253,
            0.281673,
            0.2645,
            0.254112,
            0.266158,
            0.317021,
            0.305525,
            0.269123,
            0.282531,
            0.26360799999999995,
            0.272122,
            0.273351,
            0.247067,
            0.22026999999999997,
            0.213607,
            0.22856699999999996,
            0.291802,
            0.19710899999999998,
            0.25434100000000004,
            0.22347799999999998,
            0.222747,
            0.245592,
            0.24525700000000003,
            0.219047,
            0.24560800000000002,
            0.23427900000000002,
            0.21742299999999998,
            0.21667199999999998,
            0.220476,
            0.226515,
            0.226181,
            0.219607,
            0.21996699999999997,
            0.205224,
            0.20260099999999998,
            0.22424699999999997,
            0.20716299999999999,
            0.22440799999999997,
            0.22991999999999999,
            0.20707199999999998,
            0.22811599999999999,
            0.22143,
            0.21848099999999998,
            0.22498899999999997,
            0.20587299999999997,
            0.211387,
            0.235672,
            0.268875,
            0.211909,
            0.208223,
            0.228491,
            0.220304,
            0.235344,
            0.21077400000000002
        ],
        [
            0.33837100000000003,
            0.288126,
            0.295119,
            0.313612,
            0.270378,
            0.26391,
            0.27596,
            0.29989699999999997,
            0.260847,
            0.235646,
            0.229295,
            0.246253,
            0.0,
            0.099024,
            0.299667,
            0.289279,
            0.301325,
            0.35218799999999995,
            0.340692,
            0.30429,
            0.31769800000000004,
            0.298775,
            0.30728900000000003,
            0.30851799999999996,
            0.282234,
            0.25543699999999997,
            0.248774,
            0.26373399999999997,
            0.326969,
            0.23227599999999998,
            0.289508,
            0.258645,
            0.257914,
            0.280759,
            0.280424,
            0.254214,
            0.280775,
            0.269446,
            0.25259,
            0.251839,
            0.255643,
            0.26168199999999997,
            0.261348,
            0.254774,
            0.25513399999999997,
            0.240391,
            0.23776799999999998,
            0.259414,
            0.24233,
            0.259575,
            0.26508699999999996,
            0.24223899999999998,
            0.263283,
            0.25659699999999996,
            0.253648,
            0.260156,
            0.24103999999999998,
            0.246554,
            0.287163,
            0.32036600000000004,
            0.26339999999999997,
            0.259714,
            0.279982,
            0.271795,
            0.286835,
            0.262265
        ],
        [
            0.37379100000000004,
            0.323546,
            0.330539,
            0.349032,
            0.305798,
            0.29933,
            0.31138,
            0.335317,
            0.296267,
            0.27106600000000003,
            0.26471500000000003,
            0.281673,
            0.099024,
            0.0,
            0.335087,
            0.324699,
            0.336745,
            0.38760799999999995,
            0.376112,
            0.33971,
            0.35311800000000004,
            0.334195,
            0.34270900000000004,
            0.34393799999999997,
            0.317654,
            0.290857,
            0.284194,
            0.299154,
            0.362389,
            0.267696,
            0.324928,
            0.294065,
            0.293334,
            0.316179,
            0.315844,
            0.289634,
            0.316195,
            0.304866,
            0.28801,
            0.287259,
            0.291063,
            0.297102,
            0.29676800000000003,
            0.290194,
            0.290554,
            0.27581100000000003,
            0.273188,
            0.294834,
            0.27775,
            0.294995,
            0.30050699999999997,
            0.277659,
            0.298703,
            0.29201699999999997,
            0.289068,
            0.295576,
            0.27646,
            0.281974,
            0.322583,
            0.35578600000000005,
            0.29882,
            0.295134,
            0.315402,
            0.307215,
            0.322255,
            0.29768500000000003
        ],
        [
            0.35661800000000005,
            0.306373,
            0.31336600000000003,
            0.331859,
            0.288625,
            0.282157,
            0.294207,
            0.318144,
            0.279094,
            0.25389300000000004,
            0.247542,
            0.2645,
            0.299667,
            0.335087,
            0.0,
            0.02198,
            0.172992,
            0.22385499999999997,
            0.21235900000000002,
            0.175957,
            0.189365,
            0.17044199999999998,
            0.178956,
            0.18018499999999998,
            0.153901,
            0.21962,
            0.256625,
            0.27158499999999997,
            0.33482,
            0.240127,
            0.29735900000000004,
            0.266496,
            0.26576500000000003,
            0.28861000000000003,
            0.28827500000000006,
            0.262065,
            0.28862600000000005,
            0.277297,
            0.26044100000000003,
            0.25969,
            0.263494,
            0.269533,
            0.269199,
            0.262625,
            0.262985,
            0.24824200000000002,
            0.245619,
            0.267265,
            0.250181,
            0.267426,
            0.272938,
            0.25009,
            0.271134,
            0.264448,
            0.26149900000000004,
            0.268007,
            0.248891,
            0.254405,
            0.30541,
            0.33861300000000005,
            0.281647,
            0.277961,
            0.298229,
            0.290042,
            0.305082,
            0.28051200000000004
        ],
        [
            0.34623000000000004,
            0.295985,
            0.30297799999999997,
            0.321471,
            0.278237,
            0.27176900000000004,
            0.28381900000000004,
            0.30775600000000003,
            0.268706,
            0.243505,
            0.237154,
            0.254112,
            0.289279,
            0.324699,
            0.02198,
            0.0,
            0.162604,
            0.21346699999999996,
            0.201971,
            0.165569,
            0.178977,
            0.16005399999999997,
            0.168568,
            0.16979699999999998,
            0.143513,
            0.209232,
            0.24623699999999998,
            0.261197,
            0.324432,
            0.229739,
            0.286971,
            0.256108,
            0.255377,
            0.27822199999999997,
            0.277887,
            0.25167700000000004,
            0.278238,
            0.266909,
            0.25005299999999997,
            0.249302,
            0.253106,
            0.259145,
            0.258811,
            0.252237,
            0.25259699999999996,
            0.237854,
            0.235231,
            0.256877,
            0.23979299999999998,
            0.257038,
            0.26255,
            0.23970199999999997,
            0.260746,
            0.25406,
            0.251111,
            0.257619,
            0.238503,
            0.24401699999999998,
            0.295022,
            0.328225,
            0.27125900000000003,
            0.267573,
            0.287841,
            0.279654,
            0.294694,
            0.27012400000000003
        ],
        [
            0.35827600000000004,
            0.308031,
            0.31502399999999997,
            0.333517,
            0.290283,
            0.28381500000000004,
            0.29586500000000004,
            0.31980200000000003,
            0.280752,
            0.255551,
            0.2492,
            0.266158,
            0.301325,
            0.336745,
            0.172992,
            0.162604,
            0.0,
            0.15208299999999997,
            0.14058700000000002,
            0.104185,
            0.117593,
            0.09867000000000001,
            0.136044,
            0.13727299999999998,
            0.110989,
            0.221278,
            0.258283,
            0.273243,
            0.336478,
            0.241785,
            0.299017,
            0.268154,
            0.267423,
            0.29026799999999997,
            0.289933,
            0.26372300000000004,
            0.290284,
            0.278955,
            0.26209899999999997,
            0.261348,
            0.265152,
            0.271191,
            0.270857,
            0.264283,
            0.26464299999999996,
            0.2499,
            0.247277,
            0.268923,
            0.251839,
            0.269084,
            0.274596,
            0.25174799999999997,
            0.272792,
            0.266106,
            0.263157,
            0.269665,
            0.250549,
            0.256063,
            0.307068,
            0.340271,
            0.28330500000000003,
            0.279619,
            0.299887,
            0.2917,
            0.30674,
            0.28217000000000003
        ],
        [
            0.409139,
            0.35889399999999994,
            0.36588699999999996,
            0.38437999999999994,
            0.34114599999999995,
            0.334678,
            0.346728,
            0.37066499999999997,
            0.331615,
            0.30641399999999996,
            0.30006299999999997,
            0.317021,
            0.35218799999999995,
            0.38760799999999995,
            0.22385499999999997,
            0.21346699999999996,
            0.15208299999999997,
            0.0,
            0.029998000000000004,
            0.106122,
            0.11953,
            0.11730099999999999,
            0.186907,
            0.18813599999999997,
            0.161852,
            0.27214099999999997,
            0.3091459999999999,
            0.32410599999999995,
            0.38734099999999994,
            0.29264799999999996,
            0.34987999999999997,
            0.319017,
            0.31828599999999996,
            0.34113099999999996,
            0.340796,
            0.314586,
            0.341147,
            0.32981799999999994,
            0.31296199999999996,
            0.31221099999999996,
            0.31601499999999993,
            0.32205399999999995,
            0.32171999999999995,
            0.3151459999999999,
            0.31550599999999995,
            0.30076299999999995,
            0.29813999999999996,
            0.31978599999999996,
            0.30270199999999997,
            0.319947,
            0.32545899999999994,
            0.30261099999999996,
            0.32365499999999997,
            0.31696899999999995,
            0.31401999999999997,
            0.3205279999999999,
            0.30141199999999996,
            0.306926,
            0.357931,
            0.391134,
            0.33416799999999997,
            0.330482,
            0.35074999999999995,
            0.34256299999999995,
            0.357603,
            0.33303299999999997
        ],
        [
            0.397643,
            0.347398,
            0.354391,
            0.372884,
            0.32965,
            0.32318199999999997,
            0.335232,
            0.35916899999999996,
            0.320119,
            0.294918,
            0.288567,
            0.305525,
            0.340692,
            0.376112,
            0.21235900000000002,
            0.201971,
            0.14058700000000002,
            0.029998000000000004,
            0.0,
            0.094626,
            0.108034,
            0.10580500000000001,
            0.17541099999999998,
            0.17664,
            0.150356,
            0.260645,
            0.29764999999999997,
            0.31260999999999994,
            0.375845,
            0.28115199999999996,
            0.338384,
            0.307521,
            0.30679,
            0.329635,
            0.32930000000000004,
            0.30308999999999997,
            0.329651,
            0.318322,
            0.301466,
            0.30071499999999995,
            0.304519,
            0.310558,
            0.310224,
            0.30365,
            0.30401,
            0.289267,
            0.286644,
            0.30828999999999995,
            0.29120599999999996,
            0.308451,
            0.313963,
            0.29111499999999996,
            0.31215899999999996,
            0.305473,
            0.302524,
            0.309032,
            0.28991599999999995,
            0.29542999999999997,
            0.346435,
            0.37963800000000003,
            0.32267199999999996,
            0.318986,
            0.339254,
            0.331067,
            0.346107,
            0.321537
        ],
        [
            0.36124100000000003,
            0.310996,
            0.31798899999999997,
            0.336482,
            0.293248,
            0.28678000000000003,
            0.29883000000000004,
            0.322767,
            0.283717,
            0.25851599999999997,
            0.252165,
            0.269123,
            0.30429,
            0.33971,
            0.175957,
            0.165569,
            0.104185,
            0.106122,
            0.094626,
            0.0,
            0.03864,
            0.06940299999999999,
            0.139009,
            0.14023799999999997,
            0.113954,
            0.224243,
            0.261248,
            0.276208,
            0.339443,
            0.24475,
            0.301982,
            0.271119,
            0.270388,
            0.29323299999999997,
            0.292898,
            0.26668800000000004,
            0.293249,
            0.28192,
            0.26506399999999997,
            0.264313,
            0.268117,
            0.274156,
            0.273822,
            0.267248,
            0.26760799999999996,
            0.252865,
            0.25024199999999996,
            0.271888,
            0.254804,
            0.272049,
            0.277561,
            0.25471299999999997,
            0.275757,
            0.269071,
            0.26612199999999997,
            0.27263,
            0.253514,
            0.259028,
            0.310033,
            0.343236,
            0.28627,
            0.282584,
            0.302852,
            0.294665,
            0.309705,
            0.285135
        ],
        [
            0.374649,
            0.324404,
            0.331397,
            0.34989000000000003,
            0.30665600000000004,
            0.300188,
            0.312238,
            0.336175,
            0.29712500000000003,
            0.271924,
            0.265573,
            0.282531,
            0.31769800000000004,
            0.35311800000000004,
            0.189365,
            0.178977,
            0.117593,
            0.11953,
            0.108034,
            0.03864,
            0.0,
            0.082811,
            0.152417,
            0.153646,
            0.127362,
            0.237651,
            0.274656,
            0.289616,
            0.352851,
            0.258158,
            0.31539,
            0.284527,
            0.283796,
            0.306641,
            0.306306,
            0.280096,
            0.306657,
            0.29532800000000003,
            0.278472,
            0.277721,
            0.281525,
            0.287564,
            0.28723,
            0.280656,
            0.281016,
            0.266273,
            0.26365,
            0.285296,
            0.268212,
            0.28545699999999996,
            0.290969,
            0.268121,
            0.289165,
            0.282479,
            0.27953,
            0.286038,
            0.266922,
            0.272436,
            0.323441,
            0.356644,
            0.299678,
            0.29599200000000003,
            0.31626,
            0.308073,
            0.323113,
            0.298543
        ],
        [
            0.355726,
            0.305481,
            0.312474,
            0.330967,
            0.287733,
            0.281265,
            0.293315,
            0.317252,
            0.278202,
            0.253001,
            0.24664999999999998,
            0.26360799999999995,
            0.298775,
            0.334195,
            0.17044199999999998,
            0.16005399999999997,
            0.09867000000000001,
            0.11730099999999999,
            0.10580500000000001,
            0.06940299999999999,
            0.082811,
            0.0,
            0.133494,
            0.13472299999999998,
            0.10843900000000001,
            0.21872799999999998,
            0.255733,
            0.27069299999999996,
            0.333928,
            0.23923499999999998,
            0.296467,
            0.26560399999999995,
            0.26487299999999997,
            0.287718,
            0.287383,
            0.261173,
            0.287734,
            0.276405,
            0.259549,
            0.258798,
            0.262602,
            0.26864099999999996,
            0.26830699999999996,
            0.261733,
            0.26209299999999996,
            0.24734999999999996,
            0.24472699999999997,
            0.26637299999999997,
            0.24928899999999998,
            0.26653399999999994,
            0.27204599999999995,
            0.24919799999999998,
            0.270242,
            0.26355599999999996,
            0.260607,
            0.267115,
            0.24799899999999997,
            0.253513,
            0.30451799999999996,
            0.337721,
            0.280755,
            0.277069,
            0.29733699999999996,
            0.28914999999999996,
            0.30418999999999996,
            0.27962
        ],
        [
            0.36424,
            0.313995,
            0.320988,
            0.33948100000000003,
            0.29624700000000004,
            0.289779,
            0.301829,
            0.325766,
            0.286716,
            0.261515,
            0.255164,
            0.272122,
            0.30728900000000003,
            0.34270900000000004,
            0.178956,
            0.168568,
            0.136044,
            0.186907,
            0.17541099999999998,
            0.139009,
            0.152417,
            0.133494,
            0.0,
            0.004207,
            0.061555,
            0.227242,
            0.264247,
            0.279207,
            0.342442,
            0.247749,
            0.304981,
            0.274118,
            0.273387,
            0.296232,
            0.295897,
            0.269687,
            0.296248,
            0.28491900000000003,
            0.268063,
