{
    "NEXUS_FILE_URL": "http://purl.org/phylo/treebase/phylows/study/TB2:S10535",
    "NEWICK_TREE": "((1:0.023431,2:0.006037):0.075944,(((((((3:0.020406,((15:0.009047,27:0.014642):0.00588,17:0.039589):0.002507):0.00671,19:0.023688):0.05316,(((12:0.001602,(13:0.00159,14:0.014175):0.00152):0.003279,(22:0.104059,23:0.004592):0.015659):0.050723,(29:0.016866,30:0.007206):0.011731):0.021429):0.01725,(((9:0.020714,10:0.010196):0.072386,(11:0.042411,20:0.038458):0.035735):0.043571,21:0.139676):0.023867):0.0,((4:0.085649,((6:0.073124,8:0.016757):0.003138,16:0.041417):0.014936):0.018684,7:0.108099):0.022949):0.050011,(5:0.118656,(26:0.078748,28:0.229449):0.020898):0.033953):0.029561,(18:0.128253,(24:0.107971,25:0.011858):0.050889):0.113043):0.205793);",
    "DISTANCE_MATRIX": [
        [
            0.0,
            0.029468,
            0.482266,
            0.479294,
            0.484889,
            0.5039560000000001,
            0.478838,
            0.479023,
            0.480531,
            0.493116,
            0.59386,
            0.49439299999999997,
            0.452016,
            0.44235599999999997,
            0.5452779999999999,
            0.53476,
            0.530324,
            0.526371,
            0.548283,
            0.512022,
            0.517571,
            0.461204,
            0.482726,
            0.515788,
            0.487338,
            0.46832799999999997,
            0.619029,
            0.5464640000000001,
            0.577071,
            0.480958
        ],
        [
            0.029468,
            0.0,
            0.46487199999999995,
            0.4619,
            0.467495,
            0.48656200000000005,
            0.46144399999999997,
            0.46162899999999996,
            0.463137,
            0.475722,
            0.576466,
            0.47699899999999995,
            0.43462199999999995,
            0.42496199999999995,
            0.527884,
            0.517366,
            0.51293,
            0.508977,
            0.5308889999999999,
            0.49462799999999996,
            0.500177,
            0.44381000000000004,
            0.46533199999999997,
            0.498394,
            0.46994400000000003,
            0.45093399999999995,
            0.601635,
            0.52907,
            0.559677,
            0.463564
        ],
        [
            0.482266,
            0.46487199999999995,
            0.0,
            0.03784,
            0.043435,
            0.062502,
            0.050804,
            0.157309,
            0.15881699999999999,
            0.171402,
            0.272146,
            0.172679,
            0.130302,
            0.120642,
            0.25806399999999996,
            0.24754600000000002,
            0.24311,
            0.239157,
            0.261069,
            0.224808,
            0.230357,
            0.17399,
            0.195512,
            0.228574,
            0.300146,
            0.281136,
            0.431837,
            0.41839400000000004,
            0.449001,
            0.352888
        ],
        [
            0.479294,
            0.4619,
            0.03784,
            0.0,
            0.023689,
            0.054515999999999995,
            0.047832,
            0.154337,
            0.155845,
            0.16843,
            0.26917399999999997,
            0.169707,
            0.12733,
            0.11767,
            0.255092,
            0.244574,
            0.240138,
            0.236185,
            0.258097,
            0.221836,
            0.227385,
            0.171018,
            0.19254,
            0.225602,
            0.297174,
            0.27816399999999997,
            0.428865,
            0.415422,
            0.446029,
            0.349916
        ],
        [
            0.484889,
            0.467495,
            0.043435,
            0.023689,
            0.0,
            0.060111,
            0.053427,
            0.15993200000000002,
            0.16144,
            0.17402499999999999,
            0.274769,
            0.175302,
            0.13292500000000002,
            0.123265,
            0.260687,
            0.25016900000000003,
            0.24573299999999998,
            0.24178,
            0.263692,
            0.227431,
            0.23298000000000002,
            0.17661300000000002,
            0.198135,
            0.23119699999999999,
            0.302769,
            0.283759,
            0.43446,
            0.42101700000000003,
            0.451624,
            0.355511
        ],
        [
            0.5039560000000001,
            0.48656200000000005,
            0.062502,
            0.054515999999999995,
            0.060111,
            0.0,
            0.072494,
            0.17899900000000002,
            0.180507,
            0.19309199999999999,
            0.293836,
            0.19436900000000001,
            0.15199200000000002,
            0.14233200000000001,
            0.279754,
            0.26923600000000003,
            0.2648,
            0.260847,
            0.282759,
            0.246498,
            0.252047,
            0.19568000000000002,
            0.217202,
            0.250264,
            0.321836,
            0.30282600000000004,
            0.453527,
            0.44008400000000003,
            0.470691,
            0.374578
        ],
        [
            0.478838,
            0.46144399999999997,
            0.050804,
            0.047832,
            0.053427,
            0.072494,
            0.0,
            0.153881,
            0.155389,
            0.167974,
            0.268718,
            0.16925099999999998,
            0.126874,
            0.117214,
            0.254636,
            0.244118,
            0.239682,
            0.23572900000000002,
            0.257641,
            0.22138000000000002,
            0.226929,
            0.170562,
            0.19208399999999998,
            0.225146,
            0.296718,
            0.27770799999999995,
            0.428409,
            0.414966,
            0.445573,
            0.34946
        ],
        [
            0.479023,
            0.46162899999999996,
            0.157309,
            0.154337,
            0.15993200000000002,
            0.17899900000000002,
            0.153881,
            0.0,
            0.004712,
            0.017297,
            0.12459899999999999,
            0.025131999999999998,
            0.084201,
            0.074541,
            0.25482099999999996,
            0.24430300000000002,
            0.239867,
            0.235914,
            0.257826,
            0.221565,
            0.227114,
            0.170747,
            0.192269,
            0.225331,
            0.29690300000000003,
            0.277893,
            0.42859400000000003,
            0.41515100000000005,
            0.445758,
            0.349645
        ],
        [
            0.480531,
            0.463137,
            0.15881699999999999,
            0.155845,
            0.16144,
            0.180507,
            0.155389,
            0.004712,
            0.0,
            0.015765,
            0.126107,
            0.026639999999999997,
            0.085709,
            0.07604899999999999,
            0.256329,
            0.245811,
            0.241375,
            0.23742200000000002,
            0.259334,
            0.22307300000000002,
            0.228622,
            0.172255,
            0.19377699999999998,
            0.226839,
            0.298411,
            0.279401,
            0.430102,
            0.416659,
            0.447266,
            0.351153
        ],
        [
            0.493116,
            0.475722,
            0.171402,
            0.16843,
            0.17402499999999999,
            0.19309199999999999,
            0.167974,
            0.017297,
            0.015765,
            0.0,
            0.13869199999999998,
            0.039224999999999996,
            0.09829399999999999,
            0.08863399999999999,
            0.268914,
            0.258396,
            0.25395999999999996,
            0.250007,
            0.271919,
            0.235658,
            0.241207,
            0.18484,
            0.206362,
            0.239424,
            0.310996,
            0.29198599999999997,
            0.442687,
            0.429244,
            0.459851,
            0.363738
        ],
        [
            0.59386,
            0.576466,
            0.272146,
            0.26917399999999997,
            0.274769,
            0.293836,
            0.268718,
            0.12459899999999999,
            0.126107,
            0.13869199999999998,
            0.0,
            0.108651,
            0.199038,
            0.189378,
            0.36965799999999993,
            0.35914,
            0.35470399999999996,
            0.350751,
            0.37266299999999997,
            0.336402,
            0.341951,
            0.28558399999999995,
            0.307106,
            0.34016799999999997,
            0.41174,
            0.39273,
            0.543431,
            0.529988,
            0.560595,
            0.464482
        ],
        [
            0.49439299999999997,
            0.47699899999999995,
            0.172679,
            0.169707,
            0.175302,
            0.19436900000000001,
            0.16925099999999998,
            0.025131999999999998,
            0.026639999999999997,
            0.039224999999999996,
            0.108651,
            0.0,
            0.09957099999999999,
            0.08991099999999999,
            0.27019099999999996,
            0.25967300000000004,
            0.255237,
            0.251284,
            0.273196,
            0.236935,
            0.242484,
            0.186117,
            0.207639,
            0.240701,
            0.312273,
            0.293263,
            0.443964,
            0.43052100000000004,
            0.461128,
            0.365015
        ],
        [
            0.452016,
            0.43462199999999995,
            0.130302,
            0.12733,
            0.13292500000000002,
            0.15199200000000002,
            0.126874,
            0.084201,
            0.085709,
            0.09829399999999999,
            0.199038,
            0.09957099999999999,
            0.0,
            0.024072,
            0.227814,
            0.21729600000000002,
            0.21286,
            0.208907,
            0.230819,
            0.194558,
            0.200107,
            0.14374,
            0.165262,
            0.198324,
            0.269896,
            0.250886,
            0.401587,
            0.38814400000000004,
            0.418751,
            0.322638
        ],
        [
            0.44235599999999997,
            0.42496199999999995,
            0.120642,
            0.11767,
            0.123265,
            0.14233200000000001,
            0.117214,
            0.074541,
            0.07604899999999999,
            0.08863399999999999,
            0.189378,
            0.08991099999999999,
            0.024072,
            0.0,
            0.218154,
            0.20763600000000001,
            0.2032,
            0.199247,
            0.221159,
            0.184898,
            0.190447,
            0.13408,
            0.155602,
            0.188664,
            0.260236,
            0.241226,
            0.391927,
            0.37848400000000004,
            0.409091,
            0.312978
        ],
        [
            0.5452779999999999,
            0.527884,
            0.25806399999999996,
            0.255092,
            0.260687,
            0.279754,
            0.254636,
            0.25482099999999996,
            0.256329,
            0.268914,
            0.36965799999999993,
            0.27019099999999996,
            0.227814,
            0.218154,
            0.0,
            0.03091,
            0.171246,
            0.16729300000000003,
            0.276347,
            0.28781999999999996,
            0.293369,
            0.237002,
            0.258524,
            0.291586,
            0.363158,
            0.344148,
            0.494849,
            0.481406,
            0.512013,
            0.4159
        ],
        [
            0.53476,
            0.517366,
            0.24754600000000002,
            0.244574,
            0.25016900000000003,
            0.26923600000000003,
            0.244118,
            0.24430300000000002,
            0.245811,
            0.258396,
            0.35914,
            0.25967300000000004,
            0.21729600000000002,
            0.20763600000000001,
            0.03091,
            0.0,
            0.16072799999999998,
            0.156775,
            0.265829,
            0.27730200000000005,
            0.282851,
            0.22648400000000002,
            0.248006,
            0.281068,
            0.35264,
            0.33363,
            0.484331,
            0.47088800000000003,
            0.501495,
            0.405382
        ],
        [
            0.530324,
            0.51293,
            0.24311,
            0.240138,
            0.24573299999999998,
            0.2648,
            0.239682,
            0.239867,
            0.241375,
            0.25395999999999996,
            0.35470399999999996,
            0.255237,
            0.21286,
            0.2032,
            0.171246,
            0.16072799999999998,
            0.0,
            0.080869,
            0.261393,
            0.272866,
            0.27841499999999997,
            0.222048,
            0.24356999999999998,
            0.276632,
            0.34820399999999996,
            0.329194,
            0.47989499999999996,
            0.466452,
            0.49705900000000003,
            0.400946
        ],
        [
            0.526371,
            0.508977,
            0.239157,
            0.236185,
            0.24178,
            0.260847,
            0.23572900000000002,
            0.235914,
            0.23742200000000002,
            0.250007,
            0.350751,
            0.251284,
            0.208907,
            0.199247,
            0.16729300000000003,
            0.156775,
            0.080869,
            0.0,
            0.25744,
            0.268913,
            0.274462,
            0.218095,
            0.239617,
            0.272679,
            0.344251,
            0.325241,
            0.475942,
            0.462499,
            0.49310600000000004,
            0.39699300000000004
        ],
        [
            0.548283,
            0.5308889999999999,
            0.261069,
            0.258097,
            0.263692,
            0.282759,
            0.257641,
            0.257826,
            0.259334,
            0.271919,
            0.37266299999999997,
            0.273196,
            0.230819,
            0.221159,
            0.276347,
            0.265829,
            0.261393,
            0.25744,
            0.0,
            0.290825,
            0.296374,
            0.240007,
            0.261529,
            0.294591,
            0.366163,
            0.347153,
            0.497854,
            0.48441100000000004,
            0.515018,
            0.41890499999999997
        ],
        [
            0.512022,
            0.49462799999999996,
            0.224808,
            0.221836,
            0.227431,
            0.246498,
            0.22138000000000002,
            0.221565,
            0.22307300000000002,
            0.235658,
            0.336402,
            0.236935,
            0.194558,
            0.184898,
            0.28781999999999996,
            0.27730200000000005,
            0.272866,
            0.268913,
            0.290825,
            0.0,
            0.176847,
            0.12048,
            0.14200200000000002,
            0.212432,
            0.32990200000000003,
            0.310892,
            0.46159300000000003,
            0.44815000000000005,
            0.478757,
            0.382644
        ],
        [
            0.517571,
            0.500177,
            0.230357,
            0.227385,
            0.23298000000000002,
            0.252047,
            0.226929,
            0.227114,
            0.228622,
            0.241207,
            0.341951,
            0.242484,
            0.200107,
            0.190447,
            0.293369,
            0.282851,
            0.27841499999999997,
            0.274462,
            0.296374,
            0.176847,
            0.0,
            0.08988099999999999,
            0.117679,
            0.217981,
            0.335451,
            0.316441,
            0.467142,
            0.453699,
            0.484306,
            0.388193
        ],
        [
            0.461204,
            0.44381000000000004,
            0.17399,
            0.171018,
            0.17661300000000002,
            0.19568000000000002,
            0.170562,
            0.170747,
            0.172255,
            0.18484,
            0.28558399999999995,
            0.186117,
            0.14374,
            0.13408,
            0.237002,
            0.22648400000000002,
            0.222048,
            0.218095,
            0.240007,
            0.12048,
            0.08988099999999999,
            0.0,
            0.061312000000000005,
            0.161614,
            0.279084,
            0.260074,
            0.410775,
            0.397332,
            0.427939,
            0.331826
        ],
        [
            0.482726,
            0.46533199999999997,
            0.195512,
            0.19254,
            0.198135,
            0.217202,
            0.19208399999999998,
            0.192269,
            0.19377699999999998,
            0.206362,
            0.307106,
            0.207639,
            0.165262,
            0.155602,
            0.258524,
            0.248006,
            0.24356999999999998,
            0.239617,
            0.261529,
            0.14200200000000002,
            0.117679,
            0.061312000000000005,
            0.0,
            0.183136,
            0.300606,
            0.28159599999999996,
            0.432297,
            0.418854,
            0.449461,
            0.353348
        ],
        [
            0.515788,
            0.498394,
            0.228574,
            0.225602,
            0.23119699999999999,
            0.250264,
            0.225146,
            0.225331,
            0.226839,
            0.239424,
            0.34016799999999997,
            0.240701,
            0.198324,
            0.188664,
            0.291586,
            0.281068,
            0.276632,
            0.272679,
            0.294591,
            0.212432,
            0.217981,
            0.161614,
            0.183136,
            0.0,
            0.33366799999999996,
            0.314658,
            0.46535899999999997,
            0.451916,
            0.48252300000000004,
            0.38641000000000003
        ],
        [
            0.487338,
            0.46994400000000003,
            0.300146,
            0.297174,
            0.302769,
            0.321836,
            0.296718,
            0.29690300000000003,
            0.298411,
            0.310996,
            0.41174,
            0.312273,
            0.269896,
            0.260236,
            0.363158,
            0.35264,
            0.34820399999999996,
            0.344251,
            0.366163,
            0.32990200000000003,
            0.335451,
            0.279084,
            0.300606,
            0.33366799999999996,
            0.0,
            0.218302,
            0.36900299999999997,
            0.423466,
            0.454073,
            0.35796
        ],
        [
            0.46832799999999997,
            0.45093399999999995,
            0.281136,
            0.27816399999999997,
            0.283759,
            0.30282600000000004,
            0.27770799999999995,
            0.277893,
            0.279401,
            0.29198599999999997,
            0.39273,
            0.293263,
            0.250886,
            0.241226,
            0.344148,
            0.33363,
            0.329194,
            0.325241,
            0.347153,
            0.310892,
            0.316441,
            0.260074,
            0.28159599999999996,
            0.314658,
            0.218302,
            0.0,
            0.308197,
            0.40445600000000004,
            0.435063,
            0.33895
        ],
        [
            0.619029,
            0.601635,
            0.431837,
            0.428865,
            0.43446,
            0.453527,
            0.428409,
            0.42859400000000003,
            0.430102,
            0.442687,
            0.543431,
            0.443964,
            0.401587,
            0.391927,
            0.494849,
            0.484331,
            0.47989499999999996,
            0.475942,
            0.497854,
            0.46159300000000003,
            0.467142,
            0.410775,
            0.432297,
            0.46535899999999997,
            0.36900299999999997,
            0.308197,
            0.0,
            0.555157,
            0.585764,
            0.489651
        ],
        [
            0.5464640000000001,
            0.52907,
            0.41839400000000004,
            0.415422,
            0.42101700000000003,
            0.44008400000000003,
            0.414966,
            0.41515100000000005,
            0.416659,
            0.429244,
            0.529988,
            0.43052100000000004,
            0.38814400000000004,
            0.37848400000000004,
            0.481406,
            0.47088800000000003,
            0.466452,
            0.462499,
            0.48441100000000004,
            0.44815000000000005,
            0.453699,
            0.397332,
            0.418854,
            0.451916,
            0.423466,
            0.40445600000000004,
            0.555157,
            0.0,
            0.287113,
            0.191
        ],
        [
            0.577071,
            0.559677,
            0.449001,
            0.446029,
            0.451624,
            0.470691,
            0.445573,
            0.445758,
            0.447266,
            0.459851,
            0.560595,
            0.461128,
            0.418751,
            0.409091,
            0.512013,
            0.501495,
            0.49705900000000003,
            0.49310600000000004,
            0.515018,
            0.478757,
            0.484306,
            0.427939,
            0.449461,
            0.48252300000000004,
            0.454073,
            0.435063,
            0.585764,
            0.287113,
            0.0,
            0.11982899999999999
        ],
        [
            0.480958,
            0.463564,
            0.352888,
            0.349916,
            0.355511,
            0.374578,
            0.34946,
            0.349645,
            0.351153,
            0.363738,
            0.464482,
            0.365015,
            0.322638,
            0.312978,
            0.4159,
            0.405382,
            0.400946,
            0.39699300000000004,
            0.41890499999999997,
            0.382644,
            0.388193,
            0.331826,
            0.353348,
            0.38641000000000003,
            0.35796,
            0.33895,
            0.489651,
            0.191,
            0.11982899999999999,
            0.0
        ]
    ],
    "NODE_MAPPING": {
        "0": "1",
        "1": "2",
        "2": "3",
        "3": "15",
        "4": "27",
        "5": "17",
        "6": "19",
        "7": "12",
        "8": "13",
        "9": "14",
        "10": "22",
        "11": "23",
        "12": "29",
        "13": "30",
        "14": "9",
        "15": "10",
        "16": "11",
        "17": "20",
        "18": "21",
        "19": "4",
        "20": "6",
        "21": "8",
        "22": "16",
        "23": "7",
        "24": "5",
        "25": "26",
        "26": "28",
        "27": "18",
        "28": "24",
        "29": "25"
    }
}