{
    "NEXUS_FILE_URL": "http://purl.org/phylo/treebase/phylows/study/TB2:S11472",
    "NEWICK_TREE": "((53:0.159232,1:0.309702):0.063017,(2:0.304825,((54:0.161438,(4:0.07256,(3:0.097317,5:0.090689):0.013165):0.067137):0.043838,(6:0.075424,(((10:0.0,11:0.0):0.039622,(7:0.001546,(9:0.0,8:0.0):0.002901):0.031275):0.056103,(12:0.077878,((15:0.044198,(13:0.016528,(14:0.010229,(16:0.003807,17:0.002472):7.9E-4):0.0):0.0):0.021418,(((22:0.002689,(21:0.001795,(24:0.005114,(47:0.0,48:0.001977):0.0):0.015204):0.0):0.009906,((50:0.0,52:0.00354):0.006819,((43:0.0,27:0.013879):0.004463,(25:0.0,(26:0.007301,(49:0.0,45:0.004969):0.0):0.0):0.008096):0.005919):0.003734):0.009026,(((32:0.022278,(46:0.002679,44:0.004468):7.25E-4):0.003239,((29:0.002688,31:0.003523):0.005004,(28:0.002687,(41:8.88E-4,(23:0.004909,(30:0.001995,51:0.003364):0.0):0.0):0.001857):0.008017):0.001934):0.006567,(((34:8.81E-4,33:9.04E-4):0.014215,(38:8.85E-4,(37:0.011718,39:0.0):8.82E-4):0.01409):3.7E-4,((36:0.007225,35:0.006917):0.002949,((18:8.79E-4,20:8.83E-4):0.004454,(40:8.74E-4,(42:9.93E-4,19:0.004455):0.0):0.001756):0.0):0.004401):0.002154):0.010257):0.023277):0.01586):0.017627):0.020332):0.035424):0.084813):0.063017);",
    "DISTANCE_MATRIX": [
        [
            0,
            0.46893399999999996,
            0.590091,
            0.5753550000000001,
            0.553614,
            0.5915360000000001,
            0.584908,
            0.48092700000000005,
            0.52156,
            0.52156,
            0.514759,
            0.516114,
            0.516114,
            0.52134,
            0.5249380000000001,
            0.49726800000000004,
            0.49096900000000004,
            0.485337,
            0.48400200000000004,
            0.5042200000000001,
            0.503326,
            0.521849,
            0.516735,
            0.5187120000000001,
            0.502178,
            0.5057180000000001,
            0.505741,
            0.51962,
            0.509374,
            0.516675,
            0.509374,
            0.514343,
            0.5249400000000001,
            0.506066,
            0.5078550000000001,
            0.5090490000000001,
            0.509884,
            0.5120610000000001,
            0.512119,
            0.51614,
            0.513226,
            0.514595,
            0.510476,
            0.510499,
            0.5103550000000001,
            0.52207,
            0.510352,
            0.5095850000000001,
            0.509277,
            0.5047440000000001,
            0.504748,
            0.502041,
            0.50216,
            0.505622
        ],
        [
            0.46893399999999996,
            0,
            0.740561,
            0.7258249999999999,
            0.7040839999999999,
            0.7420059999999999,
            0.7353779999999999,
            0.631397,
            0.6720299999999999,
            0.6720299999999999,
            0.665229,
            0.666584,
            0.666584,
            0.67181,
            0.675408,
            0.6477379999999999,
            0.641439,
            0.635807,
            0.6344719999999999,
            0.65469,
            0.653796,
            0.672319,
            0.667205,
            0.6691819999999999,
            0.6526479999999999,
            0.656188,
            0.656211,
            0.67009,
            0.659844,
            0.667145,
            0.659844,
            0.664813,
            0.6754100000000001,
            0.656536,
            0.658325,
            0.659519,
            0.660354,
            0.662531,
            0.662589,
            0.6666099999999999,
            0.663696,
            0.665065,
            0.660946,
            0.6609689999999999,
            0.660825,
            0.6725399999999999,
            0.660822,
            0.6600550000000001,
            0.659747,
            0.655214,
            0.655218,
            0.652511,
            0.65263,
            0.6560919999999999
        ],
        [
            0.590091,
            0.740561,
            0,
            0.594914,
            0.573173,
            0.611095,
            0.604467,
            0.500486,
            0.541119,
            0.541119,
            0.5343180000000001,
            0.5356730000000001,
            0.5356730000000001,
            0.540899,
            0.544497,
            0.516827,
            0.510528,
            0.504896,
            0.503561,
            0.523779,
            0.522885,
            0.541408,
            0.536294,
            0.538271,
            0.521737,
            0.525277,
            0.5253,
            0.5391790000000001,
            0.528933,
            0.536234,
            0.528933,
            0.533902,
            0.5444990000000001,
            0.525625,
            0.527414,
            0.528608,
            0.529443,
            0.53162,
            0.531678,
            0.535699,
            0.5327850000000001,
            0.534154,
            0.530035,
            0.530058,
            0.529914,
            0.541629,
            0.529911,
            0.5291440000000001,
            0.528836,
            0.524303,
            0.524307,
            0.5216000000000001,
            0.521719,
            0.525181
        ],
        [
            0.5753550000000001,
            0.7258249999999999,
            0.594914,
            0,
            0.30113500000000004,
            0.339057,
            0.332429,
            0.316124,
            0.356757,
            0.356757,
            0.34995600000000004,
            0.35131100000000004,
            0.35131100000000004,
            0.356537,
            0.36013500000000004,
            0.332465,
            0.326166,
            0.320534,
            0.319199,
            0.339417,
            0.338523,
            0.35704600000000003,
            0.351932,
            0.35390900000000003,
            0.337375,
            0.340915,
            0.340938,
            0.35481700000000005,
            0.344571,
            0.351872,
            0.344571,
            0.34954,
            0.36013700000000004,
            0.341263,
            0.343052,
            0.34424600000000005,
            0.345081,
            0.347258,
            0.347316,
            0.351337,
            0.34842300000000004,
            0.349792,
            0.345673,
            0.345696,
            0.345552,
            0.357267,
            0.345549,
            0.34478200000000003,
            0.344474,
            0.339941,
            0.339945,
            0.33723800000000004,
            0.337357,
            0.340819
        ],
        [
            0.553614,
            0.7040839999999999,
            0.573173,
            0.30113500000000004,
            0,
            0.18304199999999998,
            0.17641400000000002,
            0.294383,
            0.335016,
            0.335016,
            0.32821500000000003,
            0.32957000000000003,
            0.32957000000000003,
            0.334796,
            0.33839400000000003,
            0.310724,
            0.304425,
            0.298793,
            0.297458,
            0.317676,
            0.316782,
            0.335305,
            0.330191,
            0.332168,
            0.31563399999999997,
            0.319174,
            0.319197,
            0.33307600000000004,
            0.32283,
            0.330131,
            0.32283,
            0.327799,
            0.33839600000000003,
            0.319522,
            0.321311,
            0.32250500000000004,
            0.32334,
            0.325517,
            0.325575,
            0.329596,
            0.32668200000000003,
            0.328051,
            0.323932,
            0.323955,
            0.323811,
            0.335526,
            0.323808,
            0.323041,
            0.322733,
            0.3182,
            0.318204,
            0.315497,
            0.315616,
            0.319078
        ],
        [
            0.5915360000000001,
            0.7420059999999999,
            0.611095,
            0.339057,
            0.18304199999999998,
            0,
            0.188006,
            0.332305,
            0.372938,
            0.372938,
            0.36613700000000005,
            0.36749200000000004,
            0.36749200000000004,
            0.372718,
            0.37631600000000004,
            0.348646,
            0.342347,
            0.336715,
            0.33538,
            0.355598,
            0.354704,
            0.37322700000000003,
            0.368113,
            0.37009000000000003,
            0.353556,
            0.357096,
            0.357119,
            0.37099800000000005,
            0.360752,
            0.368053,
            0.360752,
            0.365721,
            0.37631800000000004,
            0.357444,
            0.359233,
            0.36042700000000005,
            0.361262,
            0.363439,
            0.363497,
            0.367518,
            0.36460400000000004,
            0.365973,
            0.361854,
            0.361877,
            0.361733,
            0.373448,
            0.36173,
            0.36096300000000003,
            0.360655,
            0.356122,
            0.356126,
            0.35341900000000004,
            0.353538,
            0.357
        ],
        [
            0.584908,
            0.7353779999999999,
            0.604467,
            0.332429,
            0.17641400000000002,
            0.188006,
            0,
            0.325677,
            0.36631,
            0.36631,
            0.35950899999999997,
            0.36086399999999996,
            0.36086399999999996,
            0.36609,
            0.369688,
            0.342018,
            0.335719,
            0.330087,
            0.328752,
            0.34897,
            0.348076,
            0.366599,
            0.361485,
            0.363462,
            0.346928,
            0.350468,
            0.350491,
            0.36436999999999997,
            0.354124,
            0.361425,
            0.354124,
            0.359093,
            0.36969,
            0.350816,
            0.352605,
            0.353799,
            0.354634,
            0.356811,
            0.356869,
            0.36089,
            0.35797599999999996,
            0.359345,
            0.355226,
            0.355249,
            0.355105,
            0.36682,
            0.35510200000000003,
            0.354335,
            0.354027,
            0.34949399999999997,
            0.349498,
            0.34679099999999996,
            0.34691,
            0.350372
        ],
        [
            0.48092700000000005,
            0.631397,
            0.500486,
            0.316124,
            0.294383,
            0.332305,
            0.325677,
            0,
            0.191481,
            0.191481,
            0.18468,
            0.186035,
            0.186035,
            0.19126100000000001,
            0.194859,
            0.167189,
            0.16089,
            0.155258,
            0.153923,
            0.174141,
            0.173247,
            0.19177,
            0.18665600000000002,
            0.188633,
            0.172099,
            0.175639,
            0.17566199999999998,
            0.18954100000000002,
            0.179295,
            0.186596,
            0.179295,
            0.184264,
            0.194861,
            0.175987,
            0.17777600000000002,
            0.17897000000000002,
            0.17980500000000002,
            0.181982,
            0.18204,
            0.186061,
            0.183147,
            0.184516,
            0.180397,
            0.18042000000000002,
            0.18027600000000002,
            0.19199100000000002,
            0.18027300000000002,
            0.179506,
            0.17919800000000002,
            0.17466500000000001,
            0.17466900000000002,
            0.171962,
            0.172081,
            0.175543
        ],
        [
            0.52156,
            0.6720299999999999,
            0.541119,
            0.356757,
            0.335016,
            0.372938,
            0.36631,
            0.191481,
            0,
            0.0,
            0.072443,
            0.073798,
            0.073798,
            0.19123,
            0.194828,
            0.167158,
            0.160859,
            0.155227,
            0.153892,
            0.17411,
            0.173216,
            0.191739,
            0.186625,
            0.188602,
            0.172068,
            0.175608,
            0.17563099999999998,
            0.18951,
            0.179264,
            0.186565,
            0.179264,
            0.184233,
            0.19483,
            0.175956,
            0.17774500000000001,
            0.17893900000000001,
            0.17977400000000002,
            0.181951,
            0.182009,
            0.18603,
            0.183116,
            0.184485,
            0.180366,
            0.18038900000000002,
            0.18024500000000002,
            0.19196000000000002,
            0.180242,
            0.179475,
            0.17916700000000002,
            0.174634,
            0.17463800000000002,
            0.171931,
            0.17205,
            0.175512
        ],
        [
            0.52156,
            0.6720299999999999,
            0.541119,
            0.356757,
            0.335016,
            0.372938,
            0.36631,
            0.191481,
            0.0,
            0,
            0.072443,
            0.073798,
            0.073798,
            0.19123,
            0.194828,
            0.167158,
            0.160859,
            0.155227,
            0.153892,
            0.17411,
            0.173216,
            0.191739,
            0.186625,
            0.188602,
            0.172068,
            0.175608,
            0.17563099999999998,
            0.18951,
            0.179264,
            0.186565,
            0.179264,
            0.184233,
            0.19483,
            0.175956,
            0.17774500000000001,
            0.17893900000000001,
            0.17977400000000002,
            0.181951,
            0.182009,
            0.18603,
            0.183116,
            0.184485,
            0.180366,
            0.18038900000000002,
            0.18024500000000002,
            0.19196000000000002,
            0.180242,
            0.179475,
            0.17916700000000002,
            0.174634,
            0.17463800000000002,
            0.171931,
            0.17205,
            0.175512
        ],
        [
            0.514759,
            0.665229,
            0.5343180000000001,
            0.34995600000000004,
            0.32821500000000003,
            0.36613700000000005,
            0.35950899999999997,
            0.18468,
            0.072443,
            0.072443,
            0,
            0.0044469999999999996,
            0.0044469999999999996,
            0.184429,
            0.188027,
            0.160357,
            0.154058,
            0.148426,
            0.147091,
            0.16730899999999999,
            0.166415,
            0.184938,
            0.179824,
            0.181801,
            0.165267,
            0.16880699999999998,
            0.16882999999999998,
            0.182709,
            0.172463,
            0.179764,
            0.172463,
            0.177432,
            0.188029,
            0.169155,
            0.170944,
            0.172138,
            0.17297300000000002,
            0.17515,
            0.175208,
            0.179229,
            0.176315,
            0.177684,
            0.173565,
            0.17358800000000002,
            0.17344400000000001,
            0.18515900000000002,
            0.173441,
            0.172674,
            0.17236600000000002,
            0.167833,
            0.16783700000000001,
            0.16513,
            0.165249,
            0.168711
        ],
        [
            0.516114,
            0.666584,
            0.5356730000000001,
            0.35131100000000004,
            0.32957000000000003,
            0.36749200000000004,
            0.36086399999999996,
            0.186035,
            0.073798,
            0.073798,
            0.0044469999999999996,
            0,
            0.0,
            0.185784,
            0.189382,
            0.161712,
            0.155413,
            0.149781,
            0.148446,
            0.16866399999999998,
            0.16777,
            0.186293,
            0.181179,
            0.18315599999999999,
            0.166622,
            0.17016199999999998,
            0.17018499999999998,
            0.184064,
            0.173818,
            0.181119,
            0.173818,
            0.178787,
            0.189384,
            0.17051,
            0.172299,
            0.173493,
            0.174328,
            0.176505,
            0.176563,
            0.180584,
            0.17767,
            0.179039,
            0.17492,
            0.17494300000000002,
            0.174799,
            0.186514,
            0.174796,
            0.174029,
            0.17372100000000001,
            0.169188,
            0.169192,
            0.166485,
            0.166604,
            0.170066
        ],
        [
            0.516114,
            0.666584,
            0.5356730000000001,
            0.35131100000000004,
            0.32957000000000003,
            0.36749200000000004,
            0.36086399999999996,
            0.186035,
            0.073798,
            0.073798,
            0.0044469999999999996,
            0.0,
            0,
            0.185784,
            0.189382,
            0.161712,
            0.155413,
            0.149781,
            0.148446,
            0.16866399999999998,
            0.16777,
            0.186293,
            0.181179,
            0.18315599999999999,
            0.166622,
            0.17016199999999998,
            0.17018499999999998,
            0.184064,
            0.173818,
            0.181119,
            0.173818,
            0.178787,
            0.189384,
            0.17051,
            0.172299,
            0.173493,
            0.174328,
            0.176505,
            0.176563,
            0.180584,
            0.17767,
            0.179039,
            0.17492,
            0.17494300000000002,
            0.174799,
            0.186514,
            0.174796,
            0.174029,
            0.17372100000000001,
            0.169188,
            0.169192,
            0.166485,
            0.166604,
            0.170066
        ],
        [
            0.52134,
            0.67181,
            0.540899,
            0.356537,
            0.334796,
            0.372718,
            0.36609,
            0.19126100000000001,
            0.19123,
            0.19123,
            0.184429,
            0.185784,
            0.185784,
            0,
            0.159354,
            0.131684,
            0.125385,
            0.119753,
            0.118418,
            0.138636,
            0.137742,
            0.156265,
            0.151151,
            0.153128,
            0.136594,
            0.140134,
            0.140157,
            0.154036,
            0.14379,
            0.151091,
            0.14379,
            0.148759,
            0.159356,
            0.140482,
            0.142271,
            0.143465,
            0.1443,
            0.146477,
            0.146535,
            0.150556,
            0.147642,
            0.149011,
            0.144892,
            0.14491500000000002,
            0.144771,
            0.15648600000000001,
            0.144768,
            0.144001,
            0.14369300000000002,
            0.13916,
            0.139164,
            0.136457,
            0.136576,
            0.140038
        ],
        [
            0.5249380000000001,
            0.675408,
            0.544497,
            0.36013500000000004,
            0.33839400000000003,
            0.37631600000000004,
            0.369688,
            0.194859,
            0.194828,
            0.194828,
            0.188027,
            0.189382,
            0.189382,
            0.159354,
            0,
            0.060726,
            0.054427,
            0.048795000000000005,
            0.04746,
            0.110514,
            0.10962000000000001,
            0.128143,
            0.123029,
            0.125006,
            0.10847200000000001,
            0.112012,
            0.112035,
            0.125914,
            0.115668,
            0.12296900000000001,
            0.115668,
            0.12063700000000001,
            0.13123400000000002,
            0.11236000000000002,
            0.114149,
            0.115343,
            0.116178,
            0.11835500000000002,
            0.11841300000000002,
            0.12243400000000002,
            0.11952000000000002,
            0.12088900000000001,
            0.11677000000000001,
            0.11679300000000001,
            0.116649,
            0.128364,
            0.116646,
            0.11587900000000001,
            0.11557100000000001,
            0.111038,
            0.111042,
            0.10833500000000001,
            0.10845400000000001,
            0.11191600000000002
        ],
        [
            0.49726800000000004,
            0.6477379999999999,
            0.516827,
            0.332465,
            0.310724,
            0.348646,
            0.342018,
            0.167189,
            0.167158,
            0.167158,
            0.160357,
            0.161712,
            0.161712,
            0.131684,
            0.060726,
            0,
            0.026757000000000003,
            0.021125,
            0.019790000000000002,
            0.082844,
            0.08195,
            0.100473,
            0.095359,
            0.097336,
            0.080802,
            0.084342,
            0.084365,
            0.098244,
            0.08799799999999999,
            0.095299,
            0.08799799999999999,
            0.092967,
            0.10356400000000002,
            0.08469,
            0.086479,
            0.087673,
            0.088508,
            0.090685,
            0.090743,
            0.094764,
            0.09185,
            0.093219,
            0.0891,
            0.08912300000000001,
            0.088979,
            0.100694,
            0.088976,
            0.08820900000000001,
            0.087901,
            0.083368,
            0.083372,
            0.080665,
            0.080784,
            0.084246
        ],
        [
            0.49096900000000004,
            0.641439,
            0.510528,
            0.326166,
            0.304425,
            0.342347,
            0.335719,
            0.16089,
            0.160859,
            0.160859,
            0.154058,
            0.155413,
            0.155413,
            0.125385,
            0.054427,
            0.026757000000000003,
            0,
            0.014826,
            0.013491,
            0.076545,
            0.075651,
            0.09417400000000001,
            0.08906,
            0.091037,
            0.074503,
            0.078043,
            0.078066,
            0.091945,
            0.081699,
            0.089,
            0.081699,
            0.086668,
            0.09726500000000002,
            0.078391,
            0.08018,
            0.081374,
            0.082209,
            0.084386,
            0.084444,
            0.088465,
            0.085551,
            0.08692,
            0.082801,
            0.08282400000000001,
            0.08268,
            0.094395,
            0.082677,
            0.08191000000000001,
            0.08160200000000001,
            0.077069,
            0.077073,
            0.074366,
            0.074485,
            0.077947
        ],
        [
            0.485337,
            0.635807,
            0.504896,
            0.320534,
            0.298793,
            0.336715,
            0.330087,
            0.155258,
            0.155227,
            0.155227,
            0.148426,
            0.149781,
            0.149781,
            0.119753,
            0.048795000000000005,
            0.021125,
            0.014826,
            0,
            0.006279,
            0.070913,
            0.070019,
            0.088542,
            0.083428,
            0.085405,
            0.068871,
            0.072411,
            0.072434,
            0.086313,
            0.076067,
            0.083368,
            0.076067,
            0.081036,
            0.091633,
            0.072759,
            0.074548,
            0.075742,
            0.076577,
            0.078754,
            0.07881200000000001,
            0.082833,
            0.079919,
            0.081288,
            0.077169,
            0.077192,
            0.077048,
            0.088763,
            0.077045,
            0.076278,
            0.07597,
            0.071437,
            0.071441,
            0.068734,
            0.068853,
            0.072315
        ],
        [
            0.48400200000000004,
            0.6344719999999999,
            0.503561,
            0.319199,
            0.297458,
            0.33538,
            0.328752,
            0.153923,
            0.153892,
            0.153892,
            0.147091,
            0.148446,
            0.148446,
            0.118418,
            0.04746,
            0.019790000000000002,
            0.013491,
            0.006279,
            0,
            0.069578,
            0.068684,
            0.087207,
            0.082093,
            0.08407,
            0.067536,
            0.071076,
            0.071099,
            0.084978,
            0.07473199999999999,
            0.082033,
            0.07473199999999999,
            0.079701,
            0.09029800000000002,
            0.071424,
            0.073213,
            0.074407,
            0.075242,
            0.077419,
            0.077477,
            0.081498,
            0.078584,
            0.079953,
            0.075834,
            0.07585700000000001,
            0.075713,
            0.087428,
            0.07571,
            0.07494300000000001,
            0.074635,
            0.070102,
            0.070106,
            0.067399,
            0.067518,
            0.07098
        ],
        [
            0.5042200000000001,
            0.65469,
            0.523779,
            0.339417,
            0.317676,
            0.355598,
            0.34897,
            0.174141,
            0.17411,
            0.17411,
            0.16730899999999999,
            0.16866399999999998,
            0.16866399999999998,
            0.138636,
            0.110514,
            0.082844,
            0.076545,
            0.070913,
            0.069578,
            0,
            0.004484,
            0.023007,
            0.017893,
            0.019870000000000002,
            0.023148000000000002,
            0.026688,
            0.026711,
            0.04059,
            0.030344000000000003,
            0.037645000000000005,
            0.030344000000000003,
            0.035313000000000004,
            0.063962,
            0.045088,
            0.046877,
            0.048071,
            0.048906000000000005,
            0.051083,
            0.051141000000000006,
            0.055162,
            0.052248,
            0.053617000000000005,
            0.049498,
            0.049521,
            0.049377000000000004,
            0.061092,
            0.049374,
            0.048607000000000004,
            0.048299,
            0.043766,
            0.04377,
            0.041063,
            0.041182,
            0.044644
        ],
        [
            0.503326,
            0.653796,
            0.522885,
            0.338523,
            0.316782,
            0.354704,
            0.348076,
            0.173247,
            0.173216,
            0.173216,
            0.166415,
            0.16777,
            0.16777,
            0.137742,
            0.10962000000000001,
            0.08195,
            0.075651,
            0.070019,
            0.068684,
            0.004484,
            0,
            0.022113,
            0.016999,
            0.018976000000000003,
            0.022254,
            0.025793999999999997,
            0.025817,
            0.039696,
            0.02945,
            0.036751000000000006,
            0.02945,
            0.034419000000000005,
            0.063068,
            0.044194,
            0.045982999999999996,
            0.047177,
            0.048012,
            0.050189,
            0.050247,
            0.054268,
            0.051354,
            0.052723000000000006,
            0.048603999999999994,
            0.048627000000000004,
            0.048483,
            0.060198,
            0.048479999999999995,
            0.047713000000000005,
            0.047405,
            0.04287199999999999,
            0.042876,
            0.040168999999999996,
            0.040288000000000004,
            0.04375
        ],
        [
            0.521849,
            0.672319,
            0.541408,
            0.35704600000000003,
            0.335305,
            0.37322700000000003,
            0.366599,
            0.19177,
            0.191739,
            0.191739,
            0.184938,
            0.186293,
            0.186293,
            0.156265,
            0.128143,
            0.100473,
            0.09417400000000001,
            0.088542,
            0.087207,
            0.023007,
            0.022113,
            0,
            0.005114,
            0.007091,
            0.040777,
            0.044317,
            0.04434,
            0.05821900000000001,
            0.047973,
            0.055274000000000004,
            0.047973,
            0.052942,
            0.081591,
            0.062717,
            0.06450600000000001,
            0.06570000000000001,
            0.06653500000000001,
            0.068712,
            0.06877,
            0.072791,
            0.069877,
            0.071246,
            0.06712699999999999,
            0.06715,
            0.06700600000000001,
            0.078721,
            0.06700300000000001,
            0.066236,
            0.065928,
            0.061395,
            0.061399,
            0.058692,
            0.058811,
            0.062273
        ],
        [
            0.516735,
            0.667205,
            0.536294,
            0.351932,
            0.330191,
            0.368113,
            0.361485,
            0.18665600000000002,
            0.186625,
            0.186625,
            0.179824,
            0.181179,
            0.181179,
            0.151151,
            0.123029,
            0.095359,
            0.08906,
            0.083428,
            0.082093,
            0.017893,
            0.016999,
            0.005114,
            0,
            0.001977,
            0.035663,
            0.039203,
            0.039226,
            0.053105,
            0.042859,
            0.05016,
            0.042859,
            0.047828,
            0.076477,
            0.057603,
            0.059392,
            0.060586,
            0.061421,
            0.063598,
            0.063656,
            0.067677,
            0.064763,
            0.066132,
            0.062013,
            0.062036,
            0.061892,
            0.073607,
            0.061889,
            0.061122,
            0.060814,
            0.056281,
            0.056285,
            0.053578,
            0.053697,
            0.057159
        ],
        [
            0.5187120000000001,
            0.6691819999999999,
            0.538271,
            0.35390900000000003,
            0.332168,
            0.37009000000000003,
            0.363462,
            0.188633,
            0.188602,
            0.188602,
            0.181801,
            0.18315599999999999,
            0.18315599999999999,
            0.153128,
            0.125006,
            0.097336,
            0.091037,
            0.085405,
            0.08407,
            0.019870000000000002,
            0.018976000000000003,
            0.007091,
            0.001977,
            0,
            0.03764,
            0.04118,
            0.041203,
            0.055082000000000006,
            0.044836,
            0.052137,
            0.044836,
            0.049805,
            0.078454,
            0.05958,
            0.061369,
            0.06256300000000001,
            0.06339800000000001,
            0.065575,
            0.065633,
            0.069654,
            0.06674,
            0.068109,
            0.06398999999999999,
            0.064013,
            0.06386900000000001,
            0.075584,
            0.063866,
            0.063099,
            0.062791,
            0.058258,
            0.058262,
            0.055555,
            0.055674,
            0.059136
        ],
        [
            0.502178,
            0.6526479999999999,
            0.521737,
            0.337375,
            0.31563399999999997,
            0.353556,
            0.346928,
            0.172099,
            0.172068,
            0.172068,
            0.165267,
            0.166622,
            0.166622,
            0.136594,
            0.10847200000000001,
            0.080802,
            0.074503,
            0.068871,
            0.067536,
            0.023148000000000002,
            0.022254,
            0.040777,
            0.035663,
            0.03764,
            0,
            0.00354,
            0.017201,
            0.031080000000000003,
            0.020834,
            0.028135,
            0.020834,
            0.025803,
            0.06192,
            0.043046,
            0.044835,
            0.046029,
            0.046864,
            0.049041,
            0.049099000000000004,
            0.05312,
            0.050206,
            0.051575,
            0.047456,
            0.047479,
            0.047335,
            0.05905,
            0.047332,
            0.046565,
            0.046257,
            0.041724,
            0.041728,
            0.039021,
            0.03914,
            0.042602
        ],
        [
            0.5057180000000001,
            0.656188,
            0.525277,
            0.340915,
            0.319174,
            0.357096,
            0.350468,
            0.175639,
            0.175608,
            0.175608,
            0.16880699999999998,
            0.17016199999999998,
            0.17016199999999998,
            0.140134,
            0.112012,
            0.084342,
            0.078043,
            0.072411,
            0.071076,
            0.026688,
            0.025793999999999997,
            0.044317,
            0.039203,
            0.04118,
            0.00354,
            0,
            0.020741,
            0.03462,
            0.024374,
            0.031675,
            0.024374,
            0.029343,
            0.06546,
            0.046586,
            0.048375,
            0.049569,
            0.050404000000000004,
            0.052581,
            0.052639000000000005,
            0.05666,
            0.053746,
            0.055115000000000004,
            0.050996,
            0.051019,
            0.050875000000000004,
            0.06259,
            0.050872,
            0.050105000000000004,
            0.049797,
            0.045264,
            0.045268,
            0.042561,
            0.04268,
            0.046142
        ],
        [
            0.505741,
            0.656211,
            0.5253,
            0.340938,
            0.319197,
            0.357119,
            0.350491,
            0.17566199999999998,
            0.17563099999999998,
            0.17563099999999998,
            0.16882999999999998,
            0.17018499999999998,
            0.17018499999999998,
            0.140157,
            0.112035,
            0.084365,
            0.078066,
            0.072434,
            0.071099,
            0.026711,
            0.025817,
            0.04434,
            0.039226,
            0.041203,
            0.017201,
            0.020741,
            0,
            0.013879,
            0.012559,
            0.019860000000000003,
            0.012559,
            0.017528000000000002,
            0.065483,
            0.046609,
            0.048398,
            0.049592,
            0.050427,
            0.052604,
            0.052662,
            0.056683,
            0.053769,
            0.055138,
            0.051018999999999995,
            0.051042,
            0.050898,
            0.062613,
            0.050894999999999996,
            0.050128,
            0.049819999999999996,
            0.045286999999999994,
            0.045291,
            0.042584,
            0.042703,
            0.046165
        ],
        [
            0.51962,
            0.67009,
            0.5391790000000001,
            0.35481700000000005,
            0.33307600000000004,
            0.37099800000000005,
            0.36436999999999997,
            0.18954100000000002,
            0.18951,
            0.18951,
            0.182709,
            0.184064,
            0.184064,
            0.154036,
            0.125914,
            0.098244,
            0.091945,
            0.086313,
            0.084978,
            0.04059,
            0.039696,
            0.05821900000000001,
            0.053105,
            0.055082000000000006,
            0.031080000000000003,
            0.03462,
            0.013879,
            0,
            0.026438000000000003,
            0.033739000000000005,
            0.026438000000000003,
            0.031407000000000004,
            0.079362,
            0.060488,
            0.062277,
            0.063471,
            0.064306,
            0.066483,
            0.066541,
            0.070562,
            0.067648,
            0.069017,
            0.064898,
            0.064921,
            0.064777,
            0.076492,
            0.064774,
            0.06400700000000001,
            0.063699,
            0.059165999999999996,
            0.05917,
            0.056463,
            0.056582,
            0.060044
        ],
        [
            0.509374,
            0.659844,
            0.528933,
            0.344571,
            0.32283,
            0.360752,
            0.354124,
            0.179295,
            0.179264,
            0.179264,
            0.172463,
            0.173818,
            0.173818,
            0.14379,
            0.115668,
            0.08799799999999999,
            0.081699,
            0.076067,
            0.07473199999999999,
            0.030344000000000003,
            0.02945,
            0.047973,
            0.042859,
            0.044836,
            0.020834,
            0.024374,
            0.012559,
            0.026438000000000003,
            0,
            0.007301,
            0.0,
            0.004969,
            0.06911600000000001,
            0.050242,
            0.052031,
            0.053225,
            0.054060000000000004,
            0.056237,
            0.056295000000000005,
            0.060316,
            0.057402,
            0.058771000000000004,
            0.054652,
            0.054675,
            0.054531,
            0.066246,
            0.054528,
            0.053761,
            0.053453,
            0.04892,
            0.048924,
            0.046217,
            0.046336,
            0.049798
        ],
        [
            0.516675,
            0.667145,
            0.536234,
            0.351872,
            0.330131,
            0.368053,
            0.361425,
            0.186596,
            0.186565,
            0.186565,
            0.179764,
            0.181119,
            0.181119,
            0.151091,
            0.12296900000000001,
            0.095299,
            0.089,
            0.083368,
            0.082033,
            0.037645000000000005,
