{
    "NEXUS_FILE_URL": "http://purl.org/phylo/treebase/phylows/study/TB2:S13532",
    "NEWICK_TREE": "(((((((((((1:13.0,2:10.0):43.0,(3:1.0,4:1.0):55.0):100.0,(5:13.0,6:8.0):157.0):54.0,(((7:11.0,8:51.0):100.0,30:30.0):57.0,(((9:4.0,10:6.0):26.0,11:29.0):22.0,28:54.0):21.0):120.0):59.0,(12:15.0,(13:1.0,14:0.0):15.0):137.0):87.0,24:186.0):85.0,27:207.0):146.0,26:254.0):170.0,((15:6.0,(16:2.0,17:0.0):6.0):52.0,(18:0.0,19:0.0):53.0):387.0):113.0,(((20:1.0,21:0.0):154.0,29:213.0):110.0,25:196.0):279.0):59.0,22:287.0,23:495.0);",
    "DISTANCE_MATRIX": [
        [
            0.0,
            23.0,
            112.0,
            112.0,
            326.0,
            321.0,
            498.0,
            538.0,
            417.0,
            403.0,
            405.0,
            402.0,
            405.0,
            421.0,
            422.0,
            421.0,
            542.0,
            648.0,
            841.0,
            1202.0,
            1204.0,
            1202.0,
            1197.0,
            1197.0,
            1414.0,
            1413.0,
            1472.0,
            1345.0,
            1216.0,
            1424.0
        ],
        [
            23.0,
            0.0,
            109.0,
            109.0,
            323.0,
            318.0,
            495.0,
            535.0,
            414.0,
            400.0,
            402.0,
            399.0,
            402.0,
            418.0,
            419.0,
            418.0,
            539.0,
            645.0,
            838.0,
            1199.0,
            1201.0,
            1199.0,
            1194.0,
            1194.0,
            1411.0,
            1410.0,
            1469.0,
            1342.0,
            1213.0,
            1421.0
        ],
        [
            112.0,
            109.0,
            0.0,
            2.0,
            326.0,
            321.0,
            498.0,
            538.0,
            417.0,
            403.0,
            405.0,
            402.0,
            405.0,
            421.0,
            422.0,
            421.0,
            542.0,
            648.0,
            841.0,
            1202.0,
            1204.0,
            1202.0,
            1197.0,
            1197.0,
            1414.0,
            1413.0,
            1472.0,
            1345.0,
            1216.0,
            1424.0
        ],
        [
            112.0,
            109.0,
            2.0,
            0.0,
            326.0,
            321.0,
            498.0,
            538.0,
            417.0,
            403.0,
            405.0,
            402.0,
            405.0,
            421.0,
            422.0,
            421.0,
            542.0,
            648.0,
            841.0,
            1202.0,
            1204.0,
            1202.0,
            1197.0,
            1197.0,
            1414.0,
            1413.0,
            1472.0,
            1345.0,
            1216.0,
            1424.0
        ],
        [
            326.0,
            323.0,
            326.0,
            326.0,
            0.0,
            21.0,
            512.0,
            552.0,
            431.0,
            417.0,
            419.0,
            416.0,
            419.0,
            435.0,
            436.0,
            435.0,
            556.0,
            662.0,
            855.0,
            1216.0,
            1218.0,
            1216.0,
            1211.0,
            1211.0,
            1428.0,
            1427.0,
            1486.0,
            1359.0,
            1230.0,
            1438.0
        ],
        [
            321.0,
            318.0,
            321.0,
            321.0,
            21.0,
            0.0,
            507.0,
            547.0,
            426.0,
            412.0,
            414.0,
            411.0,
            414.0,
            430.0,
            431.0,
            430.0,
            551.0,
            657.0,
            850.0,
            1211.0,
            1213.0,
            1211.0,
            1206.0,
            1206.0,
            1423.0,
            1422.0,
            1481.0,
            1354.0,
            1225.0,
            1433.0
        ],
        [
            498.0,
            495.0,
            498.0,
            498.0,
            512.0,
            507.0,
            0.0,
            62.0,
            141.0,
            241.0,
            243.0,
            240.0,
            243.0,
            499.0,
            500.0,
            499.0,
            620.0,
            726.0,
            919.0,
            1280.0,
            1282.0,
            1280.0,
            1275.0,
            1275.0,
            1492.0,
            1491.0,
            1550.0,
            1423.0,
            1294.0,
            1502.0
        ],
        [
            538.0,
            535.0,
            538.0,
            538.0,
            552.0,
            547.0,
            62.0,
            0.0,
            181.0,
            281.0,
            283.0,
            280.0,
            283.0,
            539.0,
            540.0,
            539.0,
            660.0,
            766.0,
            959.0,
            1320.0,
            1322.0,
            1320.0,
            1315.0,
            1315.0,
            1532.0,
            1531.0,
            1590.0,
            1463.0,
            1334.0,
            1542.0
        ],
        [
            417.0,
            414.0,
            417.0,
            417.0,
            431.0,
            426.0,
            141.0,
            181.0,
            0.0,
            160.0,
            162.0,
            159.0,
            162.0,
            418.0,
            419.0,
            418.0,
            539.0,
            645.0,
            838.0,
            1199.0,
            1201.0,
            1199.0,
            1194.0,
            1194.0,
            1411.0,
            1410.0,
            1469.0,
            1342.0,
            1213.0,
            1421.0
        ],
        [
            403.0,
            400.0,
            403.0,
            403.0,
            417.0,
            412.0,
            241.0,
            281.0,
            160.0,
            0.0,
            10.0,
            59.0,
            106.0,
            404.0,
            405.0,
            404.0,
            525.0,
            631.0,
            824.0,
            1185.0,
            1187.0,
            1185.0,
            1180.0,
            1180.0,
            1397.0,
            1396.0,
            1455.0,
            1328.0,
            1199.0,
            1407.0
        ],
        [
            405.0,
            402.0,
            405.0,
            405.0,
            419.0,
            414.0,
            243.0,
            283.0,
            162.0,
            10.0,
            0.0,
            61.0,
            108.0,
            406.0,
            407.0,
            406.0,
            527.0,
            633.0,
            826.0,
            1187.0,
            1189.0,
            1187.0,
            1182.0,
            1182.0,
            1399.0,
            1398.0,
            1457.0,
            1330.0,
            1201.0,
            1409.0
        ],
        [
            402.0,
            399.0,
            402.0,
            402.0,
            416.0,
            411.0,
            240.0,
            280.0,
            159.0,
            59.0,
            61.0,
            0.0,
            105.0,
            403.0,
            404.0,
            403.0,
            524.0,
            630.0,
            823.0,
            1184.0,
            1186.0,
            1184.0,
            1179.0,
            1179.0,
            1396.0,
            1395.0,
            1454.0,
            1327.0,
            1198.0,
            1406.0
        ],
        [
            405.0,
            402.0,
            405.0,
            405.0,
            419.0,
            414.0,
            243.0,
            283.0,
            162.0,
            106.0,
            108.0,
            105.0,
            0.0,
            406.0,
            407.0,
            406.0,
            527.0,
            633.0,
            826.0,
            1187.0,
            1189.0,
            1187.0,
            1182.0,
            1182.0,
            1399.0,
            1398.0,
            1457.0,
            1330.0,
            1201.0,
            1409.0
        ],
        [
            421.0,
            418.0,
            421.0,
            421.0,
            435.0,
            430.0,
            499.0,
            539.0,
            418.0,
            404.0,
            406.0,
            403.0,
            406.0,
            0.0,
            31.0,
            30.0,
            425.0,
            531.0,
            724.0,
            1085.0,
            1087.0,
            1085.0,
            1080.0,
            1080.0,
            1297.0,
            1296.0,
            1355.0,
            1228.0,
            1099.0,
            1307.0
        ],
        [
            422.0,
            419.0,
            422.0,
            422.0,
            436.0,
            431.0,
            500.0,
            540.0,
            419.0,
            405.0,
            407.0,
            404.0,
            407.0,
            31.0,
            0.0,
            1.0,
            426.0,
            532.0,
            725.0,
            1086.0,
            1088.0,
            1086.0,
            1081.0,
            1081.0,
            1298.0,
            1297.0,
            1356.0,
            1229.0,
            1100.0,
            1308.0
        ],
        [
            421.0,
            418.0,
            421.0,
            421.0,
            435.0,
            430.0,
            499.0,
            539.0,
            418.0,
            404.0,
            406.0,
            403.0,
            406.0,
            30.0,
            1.0,
            0.0,
            425.0,
            531.0,
            724.0,
            1085.0,
            1087.0,
            1085.0,
            1080.0,
            1080.0,
            1297.0,
            1296.0,
            1355.0,
            1228.0,
            1099.0,
            1307.0
        ],
        [
            542.0,
            539.0,
            542.0,
            542.0,
            556.0,
            551.0,
            620.0,
            660.0,
            539.0,
            525.0,
            527.0,
            524.0,
            527.0,
            425.0,
            426.0,
            425.0,
            0.0,
            478.0,
            671.0,
            1032.0,
            1034.0,
            1032.0,
            1027.0,
            1027.0,
            1244.0,
            1243.0,
            1302.0,
            1175.0,
            1046.0,
            1254.0
        ],
        [
            648.0,
            645.0,
            648.0,
            648.0,
            662.0,
            657.0,
            726.0,
            766.0,
            645.0,
            631.0,
            633.0,
            630.0,
            633.0,
            531.0,
            532.0,
            531.0,
            478.0,
            0.0,
            607.0,
            968.0,
            970.0,
            968.0,
            963.0,
            963.0,
            1180.0,
            1179.0,
            1238.0,
            1111.0,
            982.0,
            1190.0
        ],
        [
            841.0,
            838.0,
            841.0,
            841.0,
            855.0,
            850.0,
            919.0,
            959.0,
            838.0,
            824.0,
            826.0,
            823.0,
            826.0,
            724.0,
            725.0,
            724.0,
            671.0,
            607.0,
            0.0,
            869.0,
            871.0,
            869.0,
            864.0,
            864.0,
            1081.0,
            1080.0,
            1139.0,
            1012.0,
            883.0,
            1091.0
        ],
        [
            1202.0,
            1199.0,
            1202.0,
            1202.0,
            1216.0,
            1211.0,
            1280.0,
            1320.0,
            1199.0,
            1185.0,
            1187.0,
            1184.0,
            1187.0,
            1085.0,
            1086.0,
            1085.0,
            1032.0,
            968.0,
            869.0,
            0.0,
            14.0,
            12.0,
            111.0,
            111.0,
            1102.0,
            1101.0,
            1160.0,
            1033.0,
            904.0,
            1112.0
        ],
        [
            1204.0,
            1201.0,
            1204.0,
            1204.0,
            1218.0,
            1213.0,
            1282.0,
            1322.0,
            1201.0,
            1187.0,
            1189.0,
            1186.0,
            1189.0,
            1087.0,
            1088.0,
            1087.0,
            1034.0,
            970.0,
            871.0,
            14.0,
            0.0,
            2.0,
            113.0,
            113.0,
            1104.0,
            1103.0,
            1162.0,
            1035.0,
            906.0,
            1114.0
        ],
        [
            1202.0,
            1199.0,
            1202.0,
            1202.0,
            1216.0,
            1211.0,
            1280.0,
            1320.0,
            1199.0,
            1185.0,
            1187.0,
            1184.0,
            1187.0,
            1085.0,
            1086.0,
            1085.0,
            1032.0,
            968.0,
            869.0,
            12.0,
            2.0,
            0.0,
            111.0,
            111.0,
            1102.0,
            1101.0,
            1160.0,
            1033.0,
            904.0,
            1112.0
        ],
        [
            1197.0,
            1194.0,
            1197.0,
            1197.0,
            1211.0,
            1206.0,
            1275.0,
            1315.0,
            1194.0,
            1180.0,
            1182.0,
            1179.0,
            1182.0,
            1080.0,
            1081.0,
            1080.0,
            1027.0,
            963.0,
            864.0,
            111.0,
            113.0,
            111.0,
            0.0,
            0.0,
            1097.0,
            1096.0,
            1155.0,
            1028.0,
            899.0,
            1107.0
        ],
        [
            1197.0,
            1194.0,
            1197.0,
            1197.0,
            1211.0,
            1206.0,
            1275.0,
            1315.0,
            1194.0,
            1180.0,
            1182.0,
            1179.0,
            1182.0,
            1080.0,
            1081.0,
            1080.0,
            1027.0,
            963.0,
            864.0,
            111.0,
            113.0,
            111.0,
            0.0,
            0.0,
            1097.0,
            1096.0,
            1155.0,
            1028.0,
            899.0,
            1107.0
        ],
        [
            1414.0,
            1411.0,
            1414.0,
            1414.0,
            1428.0,
            1423.0,
            1492.0,
            1532.0,
            1411.0,
            1397.0,
            1399.0,
            1396.0,
            1399.0,
            1297.0,
            1298.0,
            1297.0,
            1244.0,
            1180.0,
            1081.0,
            1102.0,
            1104.0,
            1102.0,
            1097.0,
            1097.0,
            0.0,
            1.0,
            368.0,
            461.0,
            890.0,
            1098.0
        ],
        [
            1413.0,
            1410.0,
            1413.0,
            1413.0,
            1427.0,
            1422.0,
            1491.0,
            1531.0,
            1410.0,
            1396.0,
            1398.0,
            1395.0,
            1398.0,
            1296.0,
            1297.0,
            1296.0,
            1243.0,
            1179.0,
            1080.0,
            1101.0,
            1103.0,
            1101.0,
            1096.0,
            1096.0,
            1.0,
            0.0,
            367.0,
            460.0,
            889.0,
            1097.0
        ],
        [
            1472.0,
            1469.0,
            1472.0,
            1472.0,
            1486.0,
            1481.0,
            1550.0,
            1590.0,
            1469.0,
            1455.0,
            1457.0,
            1454.0,
            1457.0,
            1355.0,
            1356.0,
            1355.0,
            1302.0,
            1238.0,
            1139.0,
            1160.0,
            1162.0,
            1160.0,
            1155.0,
            1155.0,
            368.0,
            367.0,
            0.0,
            519.0,
            948.0,
            1156.0
        ],
        [
            1345.0,
            1342.0,
            1345.0,
            1345.0,
            1359.0,
            1354.0,
            1423.0,
            1463.0,
            1342.0,
            1328.0,
            1330.0,
            1327.0,
            1330.0,
            1228.0,
            1229.0,
            1228.0,
            1175.0,
            1111.0,
            1012.0,
            1033.0,
            1035.0,
            1033.0,
            1028.0,
            1028.0,
            461.0,
            460.0,
            519.0,
            0.0,
            821.0,
            1029.0
        ],
        [
            1216.0,
            1213.0,
            1216.0,
            1216.0,
            1230.0,
            1225.0,
            1294.0,
            1334.0,
            1213.0,
            1199.0,
            1201.0,
            1198.0,
            1201.0,
            1099.0,
            1100.0,
            1099.0,
            1046.0,
            982.0,
            883.0,
            904.0,
            906.0,
            904.0,
            899.0,
            899.0,
            890.0,
            889.0,
            948.0,
            821.0,
            0.0,
            782.0
        ],
        [
            1424.0,
            1421.0,
            1424.0,
            1424.0,
            1438.0,
            1433.0,
            1502.0,
            1542.0,
            1421.0,
            1407.0,
            1409.0,
            1406.0,
            1409.0,
            1307.0,
            1308.0,
            1307.0,
            1254.0,
            1190.0,
            1091.0,
            1112.0,
            1114.0,
            1112.0,
            1107.0,
            1107.0,
            1098.0,
            1097.0,
            1156.0,
            1029.0,
            782.0,
            0.0
        ]
    ],
    "NODE_MAPPING": {
        "0": "1",
        "1": "2",
        "2": "3",
        "3": "4",
        "4": "5",
        "5": "6",
        "6": "7",
        "7": "8",
        "8": "30",
        "9": "9",
        "10": "10",
        "11": "11",
        "12": "28",
        "13": "12",
        "14": "13",
        "15": "14",
        "16": "24",
        "17": "27",
        "18": "26",
        "19": "15",
        "20": "16",
        "21": "17",
        "22": "18",
        "23": "19",
        "24": "20",
        "25": "21",
        "26": "29",
        "27": "25",
        "28": "22",
        "29": "23"
    }
}