{
    "NEXUS_FILE_URL": "http://purl.org/phylo/treebase/phylows/study/TB2:S10897",
    "NEWICK_TREE": "((4:0.41523893005063256,10:0.5205706411452901):0.05733760051778558,((2:0.2882616372225331,7:0.5154363048165629):0.032906450349714,(6:0.3151291362852564,(8:0.37174767566520944,((5:0.23844625876210046,3:0.3170325342198101):0.050121052872331345,((12:0.25589764972227347,14:0.2370756661931138):0.04396088973919043,(11:0.1692945559410953,(9:0.14554388473662513,(1:0.1156882871403253,13:0.08615814779106819):0.05723233321142292):0.14918837121101958):0.050443094467200585):0.018679535095878105):0.01709376905881416):0.029174994796985772):0.06364121712261336):0.05733760051778558);",
    "DISTANCE_MATRIX": [
        [
            0,
            0.9358095711959227,
            0.8510822186584508,
            1.0782568862524806,
            0.9086844844940736,
            0.9944780186710123,
            0.9283914236990489,
            1.0069776991567585,
            0.9583621866219589,
            0.9395402030927993,
            0.878241297568791,
            1.0036789975753404,
            1.0310557331904635,
            1.0015255938412064
        ],
        [
            0.9358095711959227,
            0,
            0.9564139297531083,
            1.183588597347138,
            1.014016195588731,
            1.0998097297656697,
            1.0337231347937064,
            1.112309410251416,
            1.0636938977166164,
            1.044871914187457,
            0.9835730086634485,
            1.1090107086699978,
            1.136387444285121,
            1.1068573049358639
        ],
        [
            0.8510822186584508,
            0.9564139297531083,
            0,
            0.803697942039096,
            0.6999384409801169,
            0.7857319751570557,
            0.7196453801850923,
            0.7982316556428019,
            0.7496161431080024,
            0.7307941595788428,
            0.6694952540548345,
            0.7949329540613839,
            0.8223096896765069,
            0.7927795503272498
        ],
        [
            1.0782568862524806,
            1.183588597347138,
            0.803697942039096,
            0,
            0.9271131085741466,
            1.0129066427510853,
            0.946820047779122,
            1.0254063232368316,
            0.9767908107020321,
            0.9579688271728725,
            0.8966699216488642,
            1.0221076216554135,
            1.0494843572705366,
            1.0199542179212795
        ],
        [
            0.9086844844940736,
            1.014016195588731,
            0.6999384409801169,
            0.9271131085741466,
            0,
            0.7160518067474516,
            0.6499652117754882,
            0.7285514872331977,
            0.6799359746983984,
            0.6611139911692386,
            0.5998150856452303,
            0.7252527856517798,
            0.7526295212669027,
            0.7230993819176457
        ],
        [
            0.9944780186710123,
            1.0998097297656697,
            0.7857319751570557,
            1.0129066427510853,
            0.7160518067474516,
            0,
            0.6774087563584554,
            0.755995031816165,
            0.7073795192813657,
            0.6885575357522059,
            0.6272586302281976,
            0.752696330234747,
            0.78007306584987,
            0.7505429265006129
        ],
        [
            0.9283914236990489,
            1.0337231347937064,
            0.7196453801850923,
            0.946820047779122,
            0.6499652117754882,
            0.6774087563584554,
            0,
            0.5554787929819105,
            0.6071053861917739,
            0.5882834026626141,
            0.5269844971386058,
            0.6524221971451553,
            0.6797989327602783,
            0.6502687934110212
        ],
        [
            1.0069776991567585,
            1.112309410251416,
            0.7982316556428019,
            1.0254063232368316,
            0.7285514872331977,
            0.755995031816165,
            0.5554787929819105,
            0,
            0.6856916616494835,
            0.6668696781203237,
            0.6055707725963154,
            0.7310084726028648,
            0.7583852082179878,
            0.7288550688687307
        ],
        [
            0.9583621866219589,
            1.0636938977166164,
            0.7496161431080024,
            0.9767908107020321,
            0.6799359746983984,
            0.7073795192813657,
            0.6071053861917739,
            0.6856916616494835,
            0,
            0.4929733159153873,
            0.5195961898697598,
            0.6450338898763093,
            0.6724106254914323,
            0.6428804861421751
        ],
        [
            0.9395402030927993,
            1.044871914187457,
            0.7307941595788428,
            0.9579688271728725,
            0.6611139911692386,
            0.6885575357522059,
            0.5882834026626141,
            0.6668696781203237,
            0.4929733159153873,
            0,
            0.5007742063406001,
            0.6262119063471495,
            0.6535886419622725,
            0.6240585026130154
        ],
        [
            0.878241297568791,
            0.9835730086634485,
            0.6694952540548345,
            0.8966699216488642,
            0.5998150856452303,
            0.6272586302281976,
            0.5269844971386058,
            0.6055707725963154,
            0.5195961898697598,
            0.5007742063406001,
            0,
            0.46402681188874007,
            0.49140354750386306,
            0.461873408154606
        ],
        [
            1.0036789975753404,
            1.1090107086699978,
            0.7949329540613839,
            1.0221076216554135,
            0.7252527856517798,
            0.752696330234747,
            0.6524221971451553,
            0.7310084726028648,
            0.6450338898763093,
            0.6262119063471495,
            0.46402681188874007,
            0,
            0.3184645050883733,
            0.28893436573911624
        ],
        [
            1.0310557331904635,
            1.136387444285121,
            0.8223096896765069,
            1.0494843572705366,
            0.7526295212669027,
            0.78007306584987,
            0.6797989327602783,
            0.7583852082179878,
            0.6724106254914323,
            0.6535886419622725,
            0.49140354750386306,
            0.3184645050883733,
            0,
            0.20184643493139348
        ],
        [
            1.0015255938412064,
            1.1068573049358639,
            0.7927795503272498,
            1.0199542179212795,
            0.7230993819176457,
            0.7505429265006129,
            0.6502687934110212,
            0.7288550688687307,
            0.6428804861421751,
            0.6240585026130154,
            0.461873408154606,
            0.28893436573911624,
            0.20184643493139348,
            0
        ]
    ],
    "NODE_MAPPING": {
        "0": "4",
        "1": "10",
        "2": "2",
        "3": "7",
        "4": "6",
        "5": "8",
        "6": "5",
        "7": "3",
        "8": "12",
        "9": "14",
        "10": "11",
        "11": "9",
        "12": "1",
        "13": "13"
    }
}