{
    "NEXUS_FILE_URL": "http://purl.org/phylo/treebase/phylows/study/TB2:S15442",
    "NEWICK_TREE": "(1:0.1581955513153688,(5:0.019199244364724644,(34:0.004938336040710367,(16:0.002396036236785859,((18:0.0023957102838541022,20:0.0024003543894233204):1.3129563298241997E-6,((33:1.3129563297686886E-6,23:1.3129563297686886E-6):1.3129563298241997E-6,((2:1.3129563298241997E-6,(4:1.3129563297686886E-6,3:1.3129563297686886E-6):1.3129563298241997E-6):0.0023979406287060745,((42:0.004889654267756449,37:0.007373866065445767):0.0023536613276606833,(8:1.3129563297686886E-6,((12:0.004807404246424785,32:1.3129563297686886E-6):0.0023935844349408097,((24:1.3129563298241997E-6,(7:0.0073048724054363134,((31:0.017326318645482897,35:0.0023981208943571475):1.3129563298241997E-6,(41:0.019860836201011367,(25:0.0023947495165725363,10:0.0024041720596489347):0.0024166214673891906):0.0024008543013639416):0.004832120843977605):0.0023898252040579493):0.0023932287955919507,(22:0.004817944726236034,(13:0.0023973863860671796,((15:0.00482007183472033,(11:0.007280657701073556,(27:0.004845549084384115,(21:1.3129563298241997E-6,40:1.3129563298241997E-6):1.3129563297686886E-6):1.3129563298241997E-6):0.0023976933426391733):1.3129563298241997E-6,(38:0.004800161761246036,((29:0.00726202864122355,26:0.0023936215817534356):1.3129563297686886E-6,((14:0.0023947525473812514,(39:0.0023944415911246186,19:1.3129563298241997E-6):1.3129563297686886E-6):0.002394385414978051,(30:0.004833582023528793,(6:0.004784756362974152,(17:1.3129563297686886E-6,(9:0.002385913665765349,(36:0.012118375183167107,28:1.3129563297686886E-6):0.004792162822947088):1.3129563297686886E-6):1.3129563298241997E-6):0.002379635175848438):0.004842063779090966):1.3129563297686886E-6):1.3129563298241997E-6):0.002400970022116755):1.3129563297686886E-6):1.3129563298241997E-6):0.002395338282200732):1.3129563298241997E-6):1.3129563297686886E-6):1.3129563298241997E-6):0.0023960090400099165):1.3129563298241997E-6):1.3129563297686886E-6):1.3129563297686886E-6):0.002309264547590062):0.024386212787431916):0.2554148731717241);",
    "DISTANCE_MATRIX": [
        [
            0.0,
            0.4328096688518176,
            0.44293497331523524,
            0.4427019380589008,
            0.44270423801862857,
            0.4427088821241978,
            0.440311153647434,
            0.440311153647434,
            0.44270909427614014,
            0.4427104072324699,
            0.4427104072324699,
            0.4499491653265313,
            0.4524333771242206,
            0.4427084756437738,
            0.44990946432513934,
            0.4451033730350443,
            0.44510433035202535,
            0.45479771500518984,
            0.4696525950455438,
            0.45472439729441805,
            0.47458665394610644,
            0.4595371887290568,
            0.45954661127213314,
            0.4499230716085404,
            0.4475038262247013,
            0.44992913758601405,
            0.45478741679500645,
            0.45235362113464683,
            0.4475106979629223,
            0.4475106979629223,
            0.45230888457832674,
            0.4547733773709638,
            0.4499049703114937,
            0.45230048669209955,
            0.4523014886921727,
            0.4499083600573779,
            0.45718699453236,
            0.45951780404765386,
            0.45473567359733924,
            0.4571215872631046,
            0.47164621160345344,
            0.45952914937661615
        ],
        [
            0.4328096688518176,
            0.0,
            0.048523793192866926,
            0.04829075793653248,
            0.048293057896260316,
            0.048297702001829534,
            0.04589997352506575,
            0.04589997352506575,
            0.04829791415377188,
            0.04829922711010165,
            0.04829922711010165,
            0.05553798520416303,
            0.05802219700185235,
            0.04829729552140549,
            0.05549828420277109,
            0.05069219291267607,
            0.05069315022965709,
            0.06038653488282153,
            0.07524141492317554,
            0.06031321717204979,
            0.08017547382373813,
            0.06512600860668849,
            0.06513543114976489,
            0.05551189148617208,
            0.05309264610233305,
            0.055517957463645795,
            0.060376236672638195,
            0.05794244101227858,
            0.053099517840554056,
            0.053099517840554056,
            0.05789770445595843,
            0.06036219724859554,
            0.055493790189125425,
            0.05788930656973129,
            0.05789030856980443,
            0.05549717993500963,
            0.06277581440999175,
            0.06510662392528554,
            0.060324493474970986,
            0.06271040714073634,
            0.07723503148108518,
            0.06511796925424784
        ],
        [
            0.44293497331523524,
            0.048523793192866926,
            0.0,
            0.009643636825086288,
            0.009645936784814124,
            0.009650580890383342,
            0.007252852413619559,
            0.007252852413619559,
            0.00965079304232569,
            0.009652105998655458,
            0.009652105998655458,
            0.01689086409271684,
            0.019375075890406157,
            0.0096501744099593,
            0.016851163091324894,
            0.012045071801229879,
            0.0120460291182109,
            0.021739413771375338,
            0.03659429381172935,
            0.0216660960606036,
            0.04152835271229194,
            0.026478887495242298,
            0.026488310038318696,
            0.01686477037472589,
            0.01444552499088686,
            0.016870836352199603,
            0.021729115561192003,
            0.019295319900832386,
            0.014452396729107864,
            0.014452396729107864,
            0.01925058334451224,
            0.021715076137149347,
            0.016846669077679233,
            0.0192421854582851,
            0.019243187458358235,
            0.01685005882356344,
            0.024128693298545556,
            0.026459502813839353,
            0.021677372363524794,
            0.024063286029290143,
            0.03858791036963899,
            0.02647084814280165
        ],
        [
            0.4427019380589008,
            0.04829075793653248,
            0.009643636825086288,
            0.0,
            0.004794372433299554,
            0.004799016538868772,
            0.0024012880621049892,
            0.0024012880621049892,
            0.004799228690811119,
            0.004800541647140888,
            0.004800541647140888,
            0.01203929974120227,
            0.014523511538891587,
            0.00479861005844473,
            0.011999598739810324,
            0.007193507449715308,
            0.007194464766696329,
            0.016887849419860768,
            0.03174272946021478,
            0.01681453170908903,
            0.03667678836077737,
            0.021627323143727728,
            0.021636745686804126,
            0.01201320602321132,
            0.00959396063937229,
            0.012019272000685033,
            0.016877551209677433,
            0.014443755549317816,
            0.009600832377593294,
            0.009600832377593294,
            0.01439901899299767,
            0.016863511785634777,
            0.011995104726164663,
            0.01439062110677053,
            0.014391623106843665,
            0.01199849447204887,
            0.019277128947030986,
            0.021607938462324783,
            0.016825808012010224,
            0.019211721677775573,
            0.03373634601812442,
            0.02161928379128708
        ],
        [
            0.44270423801862857,
            0.048293057896260316,
            0.009645936784814124,
            0.004794372433299554,
            0.0,
            0.004796064673277423,
            0.002400962109173288,
            0.002400962109173288,
            0.004798902737879418,
            0.004800215694209187,
            0.004800215694209187,
            0.012038973788270568,
            0.014523185585959886,
            0.004798284105513029,
            0.011999272786878623,
            0.007193181496783607,
            0.007194138813764628,
            0.016887523466929066,
            0.03174240350728308,
            0.01681420575615733,
            0.03667646240784567,
            0.021626997190796027,
            0.021636419733872425,
            0.012012880070279619,
            0.009593634686440589,
            0.012018946047753332,
            0.01687722525674573,
            0.014443429596386115,
            0.009600506424661592,
            0.009600506424661592,
            0.014398693040065969,
            0.016863185832703076,
            0.011994778773232961,
            0.014390295153838828,
            0.014391297153911964,
            0.01199816851911717,
            0.019276802994099285,
            0.02160761250939308,
            0.016825482059078523,
            0.01921139572484387,
            0.03373602006519272,
            0.02161895783835538
        ],
        [
            0.4427088821241978,
            0.048297702001829534,
            0.009650580890383342,
            0.004799016538868772,
            0.004796064673277423,
            0.0,
            0.002405606214742506,
            0.002405606214742506,
            0.004803546843448636,
            0.004804859799778405,
            0.004804859799778405,
            0.012043617893839786,
            0.014527829691529104,
            0.004802928211082247,
            0.012003916892447841,
            0.007197825602352825,
            0.007198782919333846,
            0.016892167572498284,
            0.0317470476128523,
            0.016818849861726548,
            0.036681106513414885,
            0.021631641296365245,
            0.021641063839441643,
            0.012017524175848837,
            0.009598278792009807,
            0.01202359015332255,
            0.01688186936231495,
            0.014448073701955333,
            0.00960515053023081,
            0.00960515053023081,
            0.014403337145635187,
            0.016867829938272294,
            0.01199942287880218,
            0.014394939259408046,
            0.014395941259481182,
            0.012002812624686388,
            0.019281447099668503,
            0.0216122566149623,
            0.01683012616464774,
            0.01921603983041309,
            0.033740664170761936,
            0.021623601943924597
        ],
        [
            0.440311153647434,
            0.04589997352506575,
            0.007252852413619559,
            0.0024012880621049892,
            0.002400962109173288,
            0.002405606214742506,
            0.0,
            2.625912659537377e-06,
            0.0024031924540253158,
            0.0024045054103550845,
            0.0024045054103550845,
            0.009643263504416466,
            0.012127475302105784,
            0.0024025738216589265,
            0.00960356250302452,
            0.004797471212929505,
            0.004798428529910526,
            0.014491813183074964,
            0.029346693223428977,
            0.014418495472303228,
            0.034280752123991565,
            0.019231286906941925,
            0.019240709450018323,
            0.009617169786425517,
            0.007197924402586486,
            0.00962323576389923,
            0.01448151497289163,
            0.012047719312532013,
            0.00720479614080749,
            0.00720479614080749,
            0.012002982756211866,
            0.014467475548848974,
            0.00959906848937886,
            0.011994584869984726,
            0.011995586870057862,
            0.009602458235263067,
            0.016881092710245182,
            0.01921190222553898,
            0.01442977177522442,
            0.01681568544098977,
            0.031340309781338616,
            0.019223247554501277
        ],
        [
            0.440311153647434,
            0.04589997352506575,
            0.007252852413619559,
            0.0024012880621049892,
            0.002400962109173288,
            0.002405606214742506,
            2.625912659537377e-06,
            0.0,
            0.0024031924540253158,
            0.0024045054103550845,
            0.0024045054103550845,
            0.009643263504416466,
            0.012127475302105784,
            0.0024025738216589265,
            0.00960356250302452,
            0.004797471212929505,
            0.004798428529910526,
            0.014491813183074964,
            0.029346693223428977,
            0.014418495472303228,
            0.034280752123991565,
            0.019231286906941925,
            0.019240709450018323,
            0.009617169786425517,
            0.007197924402586486,
            0.00962323576389923,
            0.01448151497289163,
            0.012047719312532013,
            0.00720479614080749,
            0.00720479614080749,
            0.012002982756211866,
            0.014467475548848974,
            0.00959906848937886,
            0.011994584869984726,
            0.011995586870057862,
            0.009602458235263067,
            0.016881092710245182,
            0.01921190222553898,
            0.01442977177522442,
            0.01681568544098977,
            0.031340309781338616,
            0.019223247554501277
        ],
        [
            0.44270909427614014,
            0.04829791415377188,
            0.00965079304232569,
            0.004799228690811119,
            0.004798902737879418,
            0.004803546843448636,
            0.0024031924540253158,
            0.0024031924540253158,
            0.0,
            3.938868989417088e-06,
            3.938868989417088e-06,
            0.012038578220462948,
            0.014522790018152265,
            0.004797888537705408,
            0.011998877219071002,
            0.0071927859289759866,
            0.007193743245957007,
            0.016887127899121446,
            0.03174200793947546,
            0.01681381018834971,
            0.036676066840038046,
            0.021626601622988406,
            0.021636024166064804,
            0.012012484502471998,
            0.009593239118632968,
            0.012018550479945711,
            0.01687682968893811,
            0.014443034028578494,
            0.009600110856853972,
            0.009600110856853972,
            0.014398297472258348,
            0.016862790264895455,
            0.01199438320542534,
            0.014389899586031207,
            0.014390901586104343,
            0.011997772951309549,
            0.019276407426291664,
            0.02160721694158546,
            0.016825086491270902,
            0.01921100015703625,
            0.0337356244973851,
            0.02161856227054776
        ],
        [
            0.4427104072324699,
            0.04829922711010165,
            0.009652105998655458,
            0.004800541647140888,
            0.004800215694209187,
            0.004804859799778405,
            0.0024045054103550845,
            0.0024045054103550845,
            3.938868989417088e-06,
            0.0,
            2.625912659537377e-06,
            0.012039891176792716,
            0.014524102974482034,
            0.004799201494035177,
            0.012000190175400771,
            0.007194098885305755,
            0.007195056202286776,
            0.016888440855451214,
            0.03174332089580523,
            0.016815123144679478,
            0.036677379796367815,
            0.021627914579318175,
            0.021637337122394573,
            0.012013797458801767,
            0.009594552074962737,
            0.01201986343627548,
            0.01687814264526788,
            0.014444346984908263,
            0.00960142381318374,
            0.00960142381318374,
            0.014399610428588117,
            0.016864103221225224,
            0.01199569616175511,
            0.014391212542360976,
            0.014392214542434112,
            0.011999085907639317,
            0.019277720382621433,
            0.02160852989791523,
            0.01682639944760067,
            0.01921231311336602,
            0.033736937453714866,
            0.021619875226877527
        ],
        [
            0.4427104072324699,
            0.04829922711010165,
            0.009652105998655458,
            0.004800541647140888,
            0.004800215694209187,
            0.004804859799778405,
            0.0024045054103550845,
            0.0024045054103550845,
            3.938868989417088e-06,
            2.625912659537377e-06,
            0.0,
            0.012039891176792716,
            0.014524102974482034,
            0.004799201494035177,
            0.012000190175400771,
            0.007194098885305755,
            0.007195056202286776,
            0.016888440855451214,
            0.03174332089580523,
            0.016815123144679478,
            0.036677379796367815,
            0.021627914579318175,
            0.021637337122394573,
            0.012013797458801767,
            0.009594552074962737,
            0.01201986343627548,
            0.01687814264526788,
            0.014444346984908263,
            0.00960142381318374,
            0.00960142381318374,
            0.014399610428588117,
            0.016864103221225224,
            0.01199569616175511,
            0.014391212542360976,
            0.014392214542434112,
            0.011999085907639317,
            0.019277720382621433,
            0.02160852989791523,
            0.01682639944760067,
            0.01921231311336602,
            0.033736937453714866,
            0.021619875226877527
        ],
        [
            0.4499491653265313,
            0.05553798520416303,
            0.01689086409271684,
            0.01203929974120227,
            0.012038973788270568,
            0.012043617893839786,
            0.009643263504416466,
            0.009643263504416466,
            0.012038578220462948,
            0.012039891176792716,
            0.012039891176792716,
            0.0,
            0.012263520333202216,
            0.007245941508076725,
            0.01444693018944232,
            0.009640838899347304,
            0.009641796216328324,
            0.019335180869492763,
            0.034190060909846776,
            0.019261863158721027,
            0.039124119810409363,
            0.024074654593359723,
            0.02408407713643612,
            0.014460537472843316,
            0.012041292089004285,
            0.014466603450317028,
            0.019324882659309428,
            0.01689108699894981,
            0.012048163827225289,
            0.012048163827225289,
            0.016846350442629665,
            0.019310843235266772,
            0.014442436175796658,
            0.016837952556402525,
            0.01683895455647566,
            0.014445825921680866,
            0.02172446039666298,
            0.024055269911956778,
            0.01927313946164222,
            0.021659053127407568,
            0.036183677467756414,
            0.024066615240919076
        ],
        [
            0.4524333771242206,
            0.05802219700185235,
            0.019375075890406157,
            0.014523511538891587,
            0.014523185585959886,
            0.014527829691529104,
            0.012127475302105784,
            0.012127475302105784,
            0.014522790018152265,
            0.014524102974482034,
            0.014524102974482034,
            0.012263520333202216,
            0.0,
            0.009730153305766043,
            0.016931141987131637,
            0.012125050697036621,
            0.012126008014017642,
            0.02181939266718208,
            0.03667427270753609,
            0.021746074956410344,
            0.04160833160809868,
            0.02655886639104904,
            0.02656828893412544,
            0.016944749270532633,
            0.014525503886693603,
            0.016950815248006346,
            0.021809094456998745,
            0.01937529879663913,
            0.014532375624914606,
            0.014532375624914606,
            0.019330562240318983,
            0.02179505503295609,
            0.016926647973485975,
            0.019322164354091842,
            0.019323166354164978,
            0.016930037719370183,
            0.0242086721943523,
            0.026539481709646096,
            0.021757351259331537,
            0.024143264925096886,
            0.03866788926544573,
            0.026550827038608393
        ],
        [
            0.4427084756437738,
            0.04829729552140549,
            0.0096501744099593,
            0.00479861005844473,
            0.004798284105513029,
            0.004802928211082247,
            0.0024025738216589265,
            0.0024025738216589265,
            0.004797888537705408,
            0.004799201494035177,
            0.004799201494035177,
            0.007245941508076725,
            0.009730153305766043,
            0.0,
            0.007203614594025132,
            0.002397523303930116,
            0.0023984806209111365,
            0.012091865274075575,
            0.026946745314429588,
            0.012018547563303839,
            0.031880804214992176,
            0.016831338997942535,
            0.016840761541018934,
            0.007217221877426128,
            0.004797976493587097,
            0.00722328785489984,
            0.01208156706389224,
            0.009647771403532623,
            0.004804848231808101,
            0.004804848231808101,
            0.009603034847212477,
            0.012067527639849585,
            0.00719912058037947,
            0.009594636960985337,
            0.009595638961058472,
            0.007202510326263678,
            0.014481144801245793,
            0.01681195431653959,
            0.012029823866225031,
            0.01441573753199038,
            0.028940361872339226,
            0.016823299645501888
        ],
        [
            0.44990946432513934,
            0.05549828420277109,
            0.016851163091324894,
            0.011999598739810324,
            0.011999272786878623,
            0.012003916892447841,
            0.00960356250302452,
            0.00960356250302452,
            0.011998877219071002,
            0.012000190175400771,
            0.012000190175400771,
            0.01444693018944232,
            0.016931141987131637,
            0.007203614594025132,
            0.0,
            0.004808717202754553,
            0.009596843389617193,
            0.019290228042781632,
            0.034145108083135645,
            0.019216910332009896,
            0.03907916698369823,
            0.024029701766648592,
            0.02403912430972499,
            0.014415584646132185,
            0.011996339262293154,
            0.014421650623605897,
            0.019279929832598297,
            0.01684613417223868,
            0.012003211000514158,
            0.012003211000514158,
            0.016801397615918534,
            0.01926589040855564,
            0.014397483349085527,
            0.016792999729691394,
            0.01679400172976453,
            0.014400873094969735,
            0.02167950756995185,
            0.024010317085245647,
            0.019228186634931088,
            0.021614100300696437,
            0.03613872464104528,
            0.024021662414207945
        ],
        [
            0.4451033730350443,
            0.05069219291267607,
            0.012045071801229879,
            0.007193507449715308,
            0.007193181496783607,
            0.007197825602352825,
            0.004797471212929505,
            0.004797471212929505,
            0.0071927859289759866,
            0.007194098885305755,
            0.007194098885305755,
            0.009640838899347304,
            0.012125050697036621,
            0.002397523303930116,
            0.004808717202754553,
            0.0,
            0.0047907520995221775,
            0.014484136752686616,
            0.02933901679304063,
            0.01441081904191488,
            0.03427307569360322,
            0.019223610476553576,
            0.019233033019629975,
            0.009609493356037169,
            0.007190247972198138,
            0.009615559333510881,
            0.014473838542503281,
            0.012040042882143664,
            0.007197119710419142,
            0.007197119710419142,
            0.011995306325823518,
            0.014459799118460626,
            0.009591392058990511,
            0.011986908439596378,
            0.011987910439669514,
            0.009594781804874719,
            0.016873416279856834,
            0.01920422579515063,
            0.014422095344836072,
            0.01680800901060142,
            0.03133263335095027,
            0.01921557112411293
        ],
        [
            0.44510433035202535,
            0.05069315022965709,
            0.0120460291182109,
            0.007194464766696329,
            0.007194138813764628,
            0.007198782919333846,
            0.004798428529910526,
            0.004798428529910526,
            0.007193743245957007,
            0.007195056202286776,
            0.007195056202286776,
            0.009641796216328324,
            0.012126008014017642,
            0.0023984806209111365,
            0.009596843389617193,
            0.0047907520995221775,
            0.0,
            0.009696010565824087,
            0.0245508906061781,
            0.00962269285505235,
            0.029484949506740687,
            0.014435484289691047,
            0.014444906832767446,
            0.009607824760358541,
            0.0071885793765195105,
            0.009613890737832254,
            0.014472169946824653,
            0.012038374286465037,
            0.007195451114740514,
            0.007195451114740514,
            0.01199363773014489,
            0.014458130522781998,
            0.009589723463311883,
            0.01198523984391775,
            0.011986241843990886,
            0.009593113209196091,
            0.016871747684178207,
            0.019202557199472003,
            0.014420426749157444,
            0.016806340414922794,
            0.03133096475527164,
            0.0192139025284343
        ],
        [
            0.45479771500518984,
            0.06038653488282153,
            0.021739413771375338,
            0.016887849419860768,
            0.016887523466929066,
            0.016892167572498284,
            0.014491813183074964,
            0.014491813183074964,
            0.016887127899121446,
            0.016888440855451214,
            0.016888440855451214,
            0.019335180869492763,
            0.02181939266718208,
            0.012091865274075575,
            0.019290228042781632,
            0.014484136752686616,
            0.009696010565824087,
            0.0,
            0.02946462485122664,
            0.01453642710010089,
            0.03439868375178923,
            0.019349218534739587,
            0.019358641077815986,
            0.01930120941352298,
            0.01688196402968395,
            0.019307275390996692,
            0.024165554599989092,
            0.021731758939629475,
            0.016888835767904953,
            0.016888835767904953,
            0.02168702238330933,
            0.024151515175946436,
            0.019283108116476322,
            0.02167862449708219,
            0.021679626497155324,
            0.01928649786236053,
            0.026565132337342645,
            0.028895941852636442,
            0.024113811402321883,
            0.026499725068087232,
            0.04102434940843608,
            0.02890728718159874
        ],
        [
            0.4696525950455438,
            0.07524141492317554,
            0.03659429381172935,
            0.03174272946021478,
            0.03174240350728308,
            0.0317470476128523,
            0.029346693223428977,
            0.029346693223428977,
            0.03174200793947546,
            0.03174332089580523,
            0.03174332089580523,
            0.034190060909846776,
            0.03667427270753609,
            0.026946745314429588,
            0.034145108083135645,
            0.02933901679304063,
            0.0245508906061781,
            0.02946462485122664,
            0.0,
            0.019724439539840044,
            0.03958932210418803,
            0.02453985688713839,
            0.024549279430214788,
            0.03415608945387699,
            0.03173684407003796,
            0.034162155431350705,
            0.039020434640343105,
            0.03658663897998349,
            0.031743715808258965,
            0.031743715808258965,
            0.03654190242366334,
            0.03900639521630045,
            0.034137988156830334,
            0.0365335045374362,
            0.03653450653750934,
            0.03414137790271454,
            0.04142001237769666,
            0.043750821892990455,
            0.038968691442675896,
            0.041354605108441245,
            0.05587922944879009,
            0.04376216722195275
        ],
        [
            0.45472439729441805,
            0.06031321717204979,
            0.0216660960606036,
            0.01681453170908903,
            0.01681420575615733,
            0.016818849861726548,
            0.014418495472303228,
            0.014418495472303228,
            0.01681381018834971,
            0.016815123144679478,
            0.016815123144679478,
            0.019261863158721027,
            0.021746074956410344,
            0.012018547563303839,
            0.019216910332009896,
            0.01441081904191488,
            0.00962269285505235,
            0.01453642710010089,
            0.019724439539840044,
            0.0,
            0.02466112435306228,
            0.00961165913601264,
            0.009621081679089039,
            0.019227891702751243,
            0.016808646318912213,
            0.019233957680224956,
            0.024092236889217356,
            0.02165844122885774,
            0.016815518057133216,
            0.016815518057133216,
            0.021613704672537593,
            0.0240781974651747,
            0.019209790405704585,
            0.021605306786310452,
            0.021606308786383588,
            0.019213180151588793,
            0.02649181462657091,
            0.028822624141864706,
            0.024040493691550147,
            0.026426407357315496,
            0.04095103169766434,
            0.028833969470827003
        ],
        [
            0.47458665394610644,
            0.08017547382373813,
            0.04152835271229194,
            0.03667678836077737,
            0.03667646240784567,
            0.036681106513414885,
            0.034280752123991565,
            0.034280752123991565,
            0.036676066840038046,
            0.036677379796367815,
            0.036677379796367815,
            0.039124119810409363,
            0.04160833160809868,
            0.031880804214992176,
            0.03907916698369823,
            0.03427307569360322,
            0.029484949506740687,
            0.03439868375178923,
            0.03958932210418803,
            0.02466112435306228,
            0.0,
            0.024672207184973094,
            0.024681629728049492,
            0.03909014835443958,
            0.03667090297060055,
            0.03909621433191329,
            0.04395449354090569,
            0.041520697880546076,
            0.03667777470882155,
            0.03667777470882155,
            0.04147596132422593,
            0.04394045411686304,
            0.03907204705739292,
            0.04146756343799879,
            0.041468565438071925,
            0.03907543680327713,
            0.046354071278259246,
            0.04868488079355304,
            0.043902750343238484,
            0.04628866400900383,
            0.06081328834935268,
            0.04869622612251534
        ],
        [
            0.4595371887290568,
            0.06512600860668849,
            0.026478887495242298,
            0.021627323143727728,
            0.021626997190796027,
            0.021631641296365245,
            0.019231286906941925,
            0.019231286906941925,
            0.021626601622988406,
            0.021627914579318175,
            0.021627914579318175,
            0.024074654593359723,
            0.02655886639104904,
            0.016831338997942535,
            0.024029701766648592,
            0.019223610476553576,
            0.014435484289691047,
            0.019349218534739587,
            0.02453985688713839,
            0.00961165913601264,
            0.024672207184973094,
            0.0,
            0.004798921576221471,
            0.02404068313738994,
            0.02162143775355091,
            0.024046749114863653,
            0.028905028323856052,
            0.026471232663496436,
            0.021628309491771913,
            0.021628309491771913,
            0.02642649610717629,
            0.028890988899813397,
            0.024022581840343282,
            0.02641809822094915,
            0.026419100221022285,
            0.02402597158622749,
            0.031304606061209606,
            0.0336354155765034,
            0.028853285126188843,
            0.031239198791954192,
            0.04576382313230304,
            0.0336467609054657
        ],
        [
            0.45954661127213314,
            0.06513543114976489,
            0.026488310038318696,
            0.021636745686804126,
            0.021636419733872425,
            0.021641063839441643,
            0.019240709450018323,
            0.019240709450018323,
            0.021636024166064804,
            0.021637337122394573,
            0.021637337122394573,
            0.02408407713643612,
            0.02656828893412544,
            0.016840761541018934,
            0.02403912430972499,
            0.019233033019629975,
            0.014444906832767446,
            0.019358641077815986,
            0.024549279430214788,
            0.009621081679089039,
            0.024681629728049492,
            0.004798921576221471,
            0.0,
            0.024050105680466338,
            0.021630860296627308,
            0.02405617165794005,
            0.02891445086693245,
            0.026480655206572834,
            0.02163773203484831,
            0.02163773203484831,
            0.026435918650252688,
            0.028900411442889795,
            0.02403200438341968,
            0.026427520764025547,
            0.026428522764098683,
            0.02403539412930389,
            0.031314028604286004,
            0.0336448381195798,
            0.028862707669265242,
            0.03124862133503059,
            0.04577324567537944,
            0.0336561834485421
        ],
        [
            0.4499230716085404,
            0.05551189148617208,
            0.01686477037472589,
            0.01201320602321132,
            0.012012880070279619,
            0.012017524175848837,
            0.009617169786425517,
            0.009617169786425517,
            0.012012484502471998,
            0.012013797458801767,
            0.012013797458801767,
            0.014460537472843316,
            0.016944749270532633,
            0.007217221877426128,
            0.014415584646132185,
            0.009609493356037169,
            0.009607824760358541,
            0.01930120941352298,
            0.03415608945387699,
            0.019227891702751243,
            0.03909014835443958,
            0.02404068313738994,
            0.024050105680466338,
            0.0,
            0.007216644068633038,
            0.009641955429945781,
            0.014500234638938181,
            0.012066438978578564,
            0.007223515806854042,
            0.007223515806854042,
            0.012021702422258418,
            0.014486195214895525,
            0.00961778815542541,
            0.012013304536031277,
            0.012014306536104413,
            0.009621177901309619,
            0.016899812376291734,
            0.01923062189158553,
            0.014448491441270972,
            0.01683440510703632,
            0.03135902944738517,
            0.01924196722054783
        ],
        [
            0.4475038262247013,
            0.05309264610233305,
            0.01444552499088686,
            0.00959396063937229,
            0.009593634686440589,
            0.009598278792009807,
            0.007197924402586486,
            0.007197924402586486,
            0.009593239118632968,
            0.009594552074962737,
            0.009594552074962737,
            0.012041292089004285,
            0.014525503886693603,
            0.004797976493587097,
            0.011996339262293154,
            0.007190247972198138,
            0.0071885793765195105,
            0.01688196402968395,
            0.03173684407003796,
            0.016808646318912213,
            0.03667090297060055,
            0.02162143775355091,
            0.021630860296627308,
            0.007216644068633038,
            0.0,
            0.007220084133447102,
            0.012078363342439502,
            0.009644567682079885,
            0.004801644510355363,
            0.004801644510355363,
            0.009599831125759739,
            0.012064323918396846,
            0.007195916858926732,
            0.009591433239532599,
            0.009592435239605734,
            0.00719930660481094,
            0.014477941079793055,
            0.016808750595086852,
            0.012026620144772293,
            0.014412533810537642,
            0.02893715815088649,
            0.01682009592404915
        ],
        [
            0.44992913758601405,
            0.055517957463645795,
            0.016870836352199603,
            0.012019272000685033,
            0.012018946047753332,
            0.01202359015332255,
            0.00962323576389923,
            0.00962323576389923,
            0.012018550479945711,
            0.01201986343627548,
            0.01201986343627548,
            0.014466603450317028,
            0.016950815248006346,
            0.00722328785489984,
            0.014421650623605897,
            0.009615559333510881,
            0.009613890737832254,
            0.019307275390996692,
            0.034162155431350705,
            0.019233957680224956,
            0.03909621433191329,
            0.024046749114863653,
            0.02405617165794005,
            0.009641955429945781,
            0.007220084133447102,
            0.0,
            0.01449842287843306,
            0.012064627218073443,
            0.00722170404634892,
            0.00722170404634892,
            0.012022516574412945,
            0.014487009367050052,
            0.009618602307579938,
            0.012014118688185804,
            0.01201512068825894,
            0.009621992053464146,
            0.01690062652844626,
            0.019231436043740058,
            0.014449305593425499,
            0.016835219259190848,
            0.031359843599539694,
            0.019242781372702356
        ],
        [
            0.45478741679500645,
            0.060376236672638195,
            0.021729115561192003,
            0.016877551209677433,
            0.01687722525674573,
            0.01688186936231495,
            0.01448151497289163,
            0.01448151497289163,
            0.01687682968893811,
            0.01687814264526788,
            0.01687814264526788,
            0.019324882659309428,
            0.021809094456998745,
            0.01208156706389224,
            0.019279929832598297,
            0.014473838542503281,
            0.014472169946824653,
            0.024165554599989092,
            0.039020434640343105,
            0.024092236889217356,
            0.04395449354090569,
            0.028905028323856052,
            0.02891445086693245,
            0.014500234638938181,
            0.012078363342439502,
            0.01449842287843306,
            0.0,
            0.012127519741787496,
            0.007284596570062973,
            0.007284596570062973,
            0.016880795783405345,
            0.019345288576042452,
            0.014476881516572337,
