{
    "NEXUS_FILE_URL": "http://purl.org/phylo/treebase/phylows/study/TB2:S12975",
    "NEWICK_TREE": "(1:0.003199,2:0.005112,(((3:0.011075,(5:0.004964,6:0.003282):0.02353):0.001895,(((7:0.020685,((((((8:0.007661,9:0.006642):0.005659,10:0.008973):0.004177,(11:0.079706,12:0.008238):0.023323):0.00445,13:0.021984):0.003599,16:0.007002):0.00358,14:0.019004):0.003587):0.009776,15:0.013351):0.006245,((((((17:0.0056,18:0.023061):0.005003,19:0.001585):0.003427,20:0.01261):0.016038,43:0.02307):0.003331,((37:0.014285,38:0.009989):0.009178,((39:0.030398,40:0.032243):0.004807,(41:0.001304,42:0.003268):0.055958):0.010013):0.008402):0.003302,(((21:0.001337,22:0.001329):0.018793,((((25:0.006021,27:0.008639):0.005324,26:0.003812):0.006266,28:0.015425):0.026484,(44:0.077388,(45:0.050922,46:0.039919):0.057686):0.0231):0.008403):0.011171,(((23:0.026863,24:0.040857):0.019422,(29:0.011034,30:0.011751):0.012438):0.006727,(((31:0.003353,32:0.005402):0.003196,(33:0.007263,34:0.00715):0.003568):0.009002,(35:0.007302,36:0.017346):0.010058):0.010124):0.012499):0.004402):0.007769):0.00743):0.003139,4:0.001357):0.00332);",
    "DISTANCE_MATRIX": [
        [
            0.0,
            0.008311,
            0.022628,
            0.040047000000000006,
            0.038365,
            0.053794,
            0.06582199999999999,
            0.064803,
            0.06147500000000001,
            0.151354,
            0.079886,
            0.065859,
            0.04727800000000001,
            0.055700000000000006,
            0.036684,
            0.061557999999999995,
            0.079019,
            0.052539999999999996,
            0.060138000000000004,
            0.054560000000000004,
            0.060024,
            0.05572800000000001,
            0.081779,
            0.083624,
            0.103836,
            0.10579999999999999,
            0.060559999999999996,
            0.060552,
            0.09292800000000001,
            0.09554600000000002,
            0.085395,
            0.090742,
            0.14932099999999998,
            0.180541,
            0.16953799999999997,
            0.09477000000000001,
            0.108764,
            0.071957,
            0.072674,
            0.06743299999999999,
            0.06948199999999999,
            0.07171499999999999,
            0.071602,
            0.069242,
            0.07928600000000001,
            0.007876
        ],
        [
            0.008311,
            0.0,
            0.024541,
            0.041960000000000004,
            0.040278,
            0.055707,
            0.067735,
            0.06671600000000001,
            0.06338800000000001,
            0.153267,
            0.08179900000000001,
            0.06777200000000001,
            0.049191000000000006,
            0.057613000000000004,
            0.038597,
            0.063471,
            0.08093200000000002,
            0.054452999999999994,
            0.062051,
            0.056473,
            0.061937,
            0.057641000000000005,
            0.08369200000000002,
            0.08553700000000002,
            0.10574900000000001,
            0.107713,
            0.062472999999999994,
            0.062465,
            0.09484100000000002,
            0.09745900000000003,
            0.08730800000000001,
            0.09265500000000002,
            0.15123399999999998,
            0.182454,
            0.17145099999999996,
            0.09668300000000002,
            0.11067700000000001,
            0.07387,
            0.07458700000000001,
            0.069346,
            0.071395,
            0.073628,
            0.07351500000000001,
            0.07115500000000001,
            0.08119900000000002,
            0.009788999999999999
        ],
        [
            0.022628,
            0.024541,
            0.0,
            0.039569,
            0.037887,
            0.05710599999999999,
            0.069134,
            0.068115,
            0.064787,
            0.154666,
            0.083198,
            0.069171,
            0.050589999999999996,
            0.059011999999999995,
            0.039996,
            0.06487,
            0.082331,
            0.055852,
            0.06344999999999999,
            0.05787199999999999,
            0.063336,
            0.059039999999999995,
            0.085091,
            0.086936,
            0.107148,
            0.10911199999999999,
            0.063872,
            0.063864,
            0.09624,
            0.09885800000000002,
            0.088707,
            0.094054,
            0.152633,
            0.18385300000000002,
            0.17284999999999998,
            0.098082,
            0.112076,
            0.075269,
            0.075986,
            0.070745,
            0.072794,
            0.075027,
            0.07491400000000001,
            0.07255400000000001,
            0.082598,
            0.017466
        ],
        [
            0.040047000000000006,
            0.041960000000000004,
            0.039569,
            0.0,
            0.008246,
            0.074525,
            0.08655299999999999,
            0.085534,
            0.082206,
            0.172085,
            0.100617,
            0.08659,
            0.068009,
            0.076431,
            0.057414999999999994,
            0.082289,
            0.09975,
            0.073271,
            0.080869,
            0.075291,
            0.080755,
            0.076459,
            0.10251,
            0.104355,
            0.124567,
            0.126531,
            0.081291,
            0.081283,
            0.11365900000000001,
            0.11627700000000002,
            0.106126,
            0.111473,
            0.17005199999999998,
            0.201272,
            0.19026899999999997,
            0.115501,
            0.129495,
            0.09268799999999999,
            0.093405,
            0.08816399999999999,
            0.09021299999999999,
            0.092446,
            0.092333,
            0.089973,
            0.10001700000000001,
            0.034885
        ],
        [
            0.038365,
            0.040278,
            0.037887,
            0.008246,
            0.0,
            0.07284299999999999,
            0.084871,
            0.083852,
            0.080524,
            0.170403,
            0.098935,
            0.084908,
            0.066327,
            0.074749,
            0.055733,
            0.080607,
            0.098068,
            0.071589,
            0.079187,
            0.073609,
            0.079073,
            0.074777,
            0.100828,
            0.102673,
            0.122885,
            0.12484899999999999,
            0.079609,
            0.079601,
            0.11197700000000001,
            0.11459500000000002,
            0.104444,
            0.109791,
            0.16837,
            0.19959000000000002,
            0.18858699999999998,
            0.113819,
            0.127813,
            0.091006,
            0.091723,
            0.086482,
            0.088531,
            0.090764,
            0.09065100000000001,
            0.08829100000000001,
            0.098335,
            0.033202999999999996
        ],
        [
            0.053794,
            0.055707,
            0.05710599999999999,
            0.074525,
            0.07284299999999999,
            0.0,
            0.053398,
            0.052378999999999995,
            0.049051,
            0.13893,
            0.067462,
            0.053434999999999996,
            0.034853999999999996,
            0.043275999999999995,
            0.043812,
            0.081176,
            0.098637,
            0.072158,
            0.079756,
            0.074178,
            0.07964199999999999,
            0.075346,
            0.10139699999999999,
            0.103242,
            0.12345399999999998,
            0.12541799999999997,
            0.080178,
            0.08016999999999999,
            0.11254600000000001,
            0.11516400000000002,
            0.105013,
            0.11035999999999999,
            0.16893899999999998,
            0.200159,
            0.18915599999999996,
            0.11438799999999999,
            0.128382,
            0.09157499999999999,
            0.09229199999999999,
            0.08705099999999999,
            0.08909999999999998,
            0.091333,
            0.09122,
            0.08886,
            0.09890399999999999,
            0.048631999999999995
        ],
        [
            0.06582199999999999,
            0.067735,
            0.069134,
            0.08655299999999999,
            0.084871,
            0.053398,
            0.0,
            0.014303,
            0.022293,
            0.120526,
            0.049058,
            0.043931,
            0.032548,
            0.04813,
            0.05584,
            0.093204,
            0.110665,
            0.084186,
            0.091784,
            0.086206,
            0.09167,
            0.08737400000000001,
            0.113425,
            0.11527,
            0.135482,
            0.13744599999999998,
            0.092206,
            0.092198,
            0.124574,
            0.12719200000000003,
            0.11704099999999999,
            0.122388,
            0.180967,
            0.21218700000000001,
            0.20118399999999997,
            0.126416,
            0.14040999999999998,
            0.103603,
            0.10432,
            0.099079,
            0.101128,
            0.103361,
            0.103248,
            0.100888,
            0.110932,
            0.06066
        ],
        [
            0.064803,
            0.06671600000000001,
            0.068115,
            0.085534,
            0.083852,
            0.052378999999999995,
            0.014303,
            0.0,
            0.021274,
            0.119507,
            0.048039,
            0.042912,
            0.031529,
            0.047111,
            0.054821,
            0.09218499999999999,
            0.109646,
            0.08316699999999999,
            0.090765,
            0.085187,
            0.09065100000000001,
            0.086355,
            0.112406,
            0.11425099999999999,
            0.134463,
            0.136427,
            0.09118699999999999,
            0.09117900000000001,
            0.123555,
            0.126173,
            0.11602199999999999,
            0.121369,
            0.179948,
            0.21116800000000002,
            0.20016499999999998,
            0.125397,
            0.139391,
            0.10258400000000001,
            0.103301,
            0.09806000000000001,
            0.100109,
            0.10234199999999999,
            0.10222900000000001,
            0.09986900000000001,
            0.10991300000000001,
            0.059641
        ],
        [
            0.06147500000000001,
            0.06338800000000001,
            0.064787,
            0.082206,
            0.080524,
            0.049051,
            0.022293,
            0.021274,
            0.0,
            0.11617899999999999,
            0.044711,
            0.039584,
            0.028201000000000004,
            0.043783,
            0.051493000000000004,
            0.08885699999999999,
            0.106318,
            0.079839,
            0.087437,
            0.081859,
            0.08732300000000001,
            0.083027,
            0.10907800000000001,
            0.110923,
            0.131135,
            0.133099,
            0.08785899999999999,
            0.08785100000000001,
            0.120227,
            0.12284500000000001,
            0.11269399999999999,
            0.11804100000000001,
            0.17662,
            0.20784000000000002,
            0.19683699999999998,
            0.12206900000000001,
            0.136063,
            0.09925600000000001,
            0.099973,
            0.09473200000000001,
            0.096781,
            0.09901399999999999,
            0.09890100000000002,
            0.09654100000000002,
            0.10658500000000001,
            0.056313
        ],
        [
            0.151354,
            0.153267,
            0.154666,
            0.172085,
            0.170403,
            0.13893,
            0.120526,
            0.119507,
            0.11617899999999999,
            0.0,
            0.087944,
            0.129463,
            0.11807999999999999,
            0.133662,
            0.141372,
            0.178736,
            0.196197,
            0.16971799999999998,
            0.177316,
            0.171738,
            0.177202,
            0.172906,
            0.198957,
            0.20080199999999998,
            0.221014,
            0.22297799999999998,
            0.177738,
            0.17773,
            0.21010600000000001,
            0.21272400000000002,
            0.202573,
            0.20792,
            0.266499,
            0.297719,
            0.28671599999999997,
            0.211948,
            0.22594199999999998,
            0.189135,
            0.189852,
            0.184611,
            0.18666,
            0.18889299999999998,
            0.18878,
            0.18642,
            0.196464,
            0.146192
        ],
        [
            0.079886,
            0.08179900000000001,
            0.083198,
            0.100617,
            0.098935,
            0.067462,
            0.049058,
            0.048039,
            0.044711,
            0.087944,
            0.0,
            0.057995000000000005,
            0.046612,
            0.062194,
            0.069904,
            0.10726799999999999,
            0.12472899999999999,
            0.09824999999999999,
            0.105848,
            0.10027,
            0.105734,
            0.101438,
            0.127489,
            0.129334,
            0.14954599999999998,
            0.15150999999999998,
            0.10626999999999999,
            0.106262,
            0.13863799999999998,
            0.141256,
            0.13110499999999997,
            0.136452,
            0.19503099999999998,
            0.226251,
            0.21524799999999997,
            0.14048,
            0.154474,
            0.117667,
            0.11838399999999999,
            0.113143,
            0.11519199999999999,
            0.11742499999999999,
            0.117312,
            0.114952,
            0.124996,
            0.074724
        ],
        [
            0.065859,
            0.06777200000000001,
            0.069171,
            0.08659,
            0.084908,
            0.053434999999999996,
            0.043931,
            0.042912,
            0.039584,
            0.129463,
            0.057995000000000005,
            0.0,
            0.032585,
            0.048167,
            0.055877,
            0.09324099999999999,
            0.110702,
            0.08422299999999999,
            0.091821,
            0.086243,
            0.09170700000000001,
            0.087411,
            0.11346200000000001,
            0.11530699999999999,
            0.135519,
            0.137483,
            0.09224299999999999,
            0.09223500000000001,
            0.124611,
            0.127229,
            0.11707799999999999,
            0.122425,
            0.181004,
            0.21222400000000002,
            0.20122099999999998,
            0.126453,
            0.140447,
            0.10364000000000001,
            0.104357,
            0.09911600000000001,
            0.101165,
            0.10339799999999999,
            0.10328500000000002,
            0.10092500000000001,
            0.11096900000000001,
            0.060697
        ],
        [
            0.04727800000000001,
            0.049191000000000006,
            0.050589999999999996,
            0.068009,
            0.066327,
            0.034853999999999996,
            0.032548,
            0.031529,
            0.028201000000000004,
            0.11807999999999999,
            0.046612,
            0.032585,
            0.0,
            0.029586,
            0.037296,
            0.07466,
            0.09212100000000001,
            0.065642,
            0.07324,
            0.067662,
            0.073126,
            0.06883,
            0.094881,
            0.096726,
            0.11693799999999999,
            0.11890199999999998,
            0.073662,
            0.073654,
            0.10603000000000001,
            0.10864800000000002,
            0.098497,
            0.10384399999999999,
            0.16242299999999998,
            0.193643,
            0.18263999999999997,
            0.107872,
            0.121866,
            0.085059,
            0.08577599999999999,
            0.080535,
            0.08258399999999999,
            0.084817,
            0.084704,
            0.082344,
            0.092388,
            0.042116
        ],
        [
            0.055700000000000006,
            0.057613000000000004,
            0.059011999999999995,
            0.076431,
            0.074749,
            0.043275999999999995,
            0.04813,
            0.047111,
            0.043783,
            0.133662,
            0.062194,
            0.048167,
            0.029586,
            0.0,
            0.045718,
            0.08308199999999999,
            0.100543,
            0.07406399999999999,
            0.081662,
            0.076084,
            0.08154800000000001,
            0.077252,
            0.103303,
            0.10514799999999999,
            0.12536,
            0.127324,
            0.08208399999999999,
            0.08207600000000001,
            0.114452,
            0.11707000000000001,
            0.10691899999999999,
            0.112266,
            0.170845,
            0.20206500000000002,
            0.19106199999999998,
            0.11629400000000001,
            0.130288,
            0.09348100000000001,
            0.094198,
            0.08895700000000001,
            0.091006,
            0.09323899999999999,
            0.09312600000000001,
            0.09076600000000001,
            0.10081000000000001,
            0.050538
        ],
        [
            0.036684,
            0.038597,
            0.039996,
            0.057414999999999994,
            0.055733,
            0.043812,
            0.05584,
            0.054821,
            0.051493000000000004,
            0.141372,
            0.069904,
            0.055877,
            0.037296,
            0.045718,
            0.0,
            0.064066,
            0.081527,
            0.055048,
            0.062646,
            0.057067999999999994,
            0.062532,
            0.058235999999999996,
            0.084287,
            0.086132,
            0.106344,
            0.10830799999999999,
            0.063068,
            0.06306,
            0.095436,
            0.09805400000000002,
            0.087903,
            0.09325,
            0.151829,
            0.18304900000000002,
            0.17204599999999998,
            0.097278,
            0.111272,
            0.074465,
            0.075182,
            0.069941,
            0.07199,
            0.074223,
            0.07411000000000001,
            0.07175000000000001,
            0.081794,
            0.031521999999999994
        ],
        [
            0.061557999999999995,
            0.063471,
            0.06487,
            0.082289,
            0.080607,
            0.081176,
            0.093204,
            0.09218499999999999,
            0.08885699999999999,
            0.178736,
            0.10726799999999999,
            0.09324099999999999,
            0.07466,
            0.08308199999999999,
            0.064066,
            0.0,
            0.028661000000000002,
            0.012188,
            0.026639999999999997,
            0.053138,
            0.065264,
            0.060967999999999994,
            0.087019,
            0.088864,
            0.10907599999999999,
            0.11103999999999999,
            0.072404,
            0.072396,
            0.104772,
            0.10739000000000001,
            0.09723899999999999,
            0.102586,
            0.161165,
            0.19238500000000003,
            0.181382,
            0.106614,
            0.12060799999999999,
            0.083801,
            0.084518,
            0.079277,
            0.081326,
            0.083559,
            0.083446,
            0.081086,
            0.09113,
            0.056395999999999995
        ],
        [
            0.079019,
            0.08093200000000002,
            0.082331,
            0.09975,
            0.098068,
            0.098637,
            0.110665,
            0.109646,
            0.106318,
            0.196197,
            0.12472899999999999,
            0.110702,
            0.09212100000000001,
            0.100543,
            0.081527,
            0.028661000000000002,
            0.0,
            0.029649000000000002,
            0.044101,
            0.070599,
            0.082725,
            0.078429,
            0.10448,
            0.106325,
            0.126537,
            0.12850099999999998,
            0.089865,
            0.089857,
            0.12223300000000001,
            0.12485100000000002,
            0.1147,
            0.120047,
            0.178626,
            0.20984600000000003,
            0.198843,
            0.124075,
            0.138069,
            0.101262,
            0.101979,
            0.096738,
            0.098787,
            0.10102,
            0.10090700000000001,
            0.09854700000000001,
            0.10859100000000001,
            0.073857
        ],
        [
            0.052539999999999996,
            0.054452999999999994,
            0.055852,
            0.073271,
            0.071589,
            0.072158,
            0.084186,
            0.08316699999999999,
            0.079839,
            0.16971799999999998,
            0.09824999999999999,
            0.08422299999999999,
            0.065642,
            0.07406399999999999,
            0.055048,
            0.012188,
            0.029649000000000002,
            0.0,
            0.017622,
            0.04412,
            0.056246000000000004,
            0.051949999999999996,
            0.078001,
            0.079846,
            0.100058,
            0.10202199999999999,
            0.063386,
            0.063378,
            0.095754,
            0.09837200000000001,
            0.088221,
            0.093568,
            0.15214699999999998,
            0.183367,
            0.17236399999999996,
            0.097596,
            0.11159,
            0.074783,
            0.0755,
            0.070259,
            0.072308,
            0.074541,
            0.07442800000000001,
            0.07206800000000001,
            0.082112,
            0.047377999999999997
        ],
        [
            0.060138000000000004,
            0.062051,
            0.06344999999999999,
            0.080869,
            0.079187,
            0.079756,
            0.091784,
            0.090765,
            0.087437,
            0.177316,
            0.105848,
            0.091821,
            0.07324,
            0.081662,
            0.062646,
            0.026639999999999997,
            0.044101,
            0.017622,
            0.0,
            0.051718,
            0.06384400000000001,
            0.059548000000000004,
            0.08559900000000001,
            0.087444,
            0.107656,
            0.10962,
            0.07098399999999999,
            0.07097600000000001,
            0.103352,
            0.10597000000000001,
            0.09581899999999999,
            0.101166,
            0.159745,
            0.19096500000000002,
            0.17996199999999998,
            0.10519400000000001,
            0.11918799999999999,
            0.08238100000000001,
            0.083098,
            0.07785700000000001,
            0.079906,
            0.08213899999999999,
            0.08202600000000002,
            0.07966600000000001,
            0.08971000000000001,
            0.054976
        ],
        [
            0.054560000000000004,
            0.056473,
            0.05787199999999999,
            0.075291,
            0.073609,
            0.074178,
            0.086206,
            0.085187,
            0.081859,
            0.171738,
            0.10027,
            0.086243,
            0.067662,
            0.076084,
            0.057067999999999994,
            0.053138,
            0.070599,
            0.04412,
            0.051718,
            0.0,
            0.058266000000000005,
            0.053970000000000004,
            0.08002100000000001,
            0.081866,
            0.102078,
            0.104042,
            0.06540599999999999,
            0.06539800000000001,
            0.097774,
            0.10039200000000001,
            0.09024099999999999,
            0.095588,
            0.154167,
            0.18538700000000002,
            0.17438399999999998,
            0.09961600000000001,
            0.11360999999999999,
            0.07680300000000001,
            0.07752,
            0.07227900000000001,
            0.074328,
            0.07656099999999999,
            0.07644800000000002,
            0.07408800000000001,
            0.08413200000000001,
            0.049398
        ],
        [
            0.060024,
            0.061937,
            0.063336,
            0.080755,
            0.079073,
            0.07964199999999999,
            0.09167,
            0.09065100000000001,
            0.08732300000000001,
            0.177202,
            0.105734,
            0.09170700000000001,
            0.073126,
            0.08154800000000001,
            0.062532,
            0.065264,
            0.082725,
            0.056246000000000004,
            0.06384400000000001,
            0.058266000000000005,
            0.0,
            0.024274,
            0.068681,
            0.070526,
            0.090738,
            0.09270199999999999,
            0.07087,
            0.07086200000000001,
            0.10323800000000001,
            0.10585600000000002,
            0.095705,
            0.101052,
            0.159631,
            0.19085100000000002,
            0.17984799999999998,
            0.10508,
            0.119074,
            0.082267,
            0.082984,
            0.077743,
            0.079792,
            0.082025,
            0.08191200000000001,
            0.07955200000000001,
            0.08959600000000001,
            0.054862
        ],
        [
            0.05572800000000001,
            0.057641000000000005,
            0.059039999999999995,
            0.076459,
            0.074777,
            0.075346,
            0.08737400000000001,
            0.086355,
            0.083027,
            0.172906,
            0.101438,
            0.087411,
            0.06883,
            0.077252,
            0.058235999999999996,
            0.060967999999999994,
            0.078429,
            0.051949999999999996,
            0.059548000000000004,
            0.053970000000000004,
            0.024274,
            0.0,
            0.064385,
            0.06623,
            0.086442,
            0.088406,
            0.066574,
            0.066566,
            0.098942,
            0.10156000000000001,
            0.09140899999999999,
            0.096756,
            0.155335,
            0.18655500000000003,
            0.17555199999999999,
            0.100784,
            0.11477799999999999,
            0.077971,
            0.078688,
            0.073447,
            0.075496,
            0.07772899999999999,
            0.077616,
            0.075256,
            0.0853,
            0.050566
        ],
        [
            0.081779,
            0.08369200000000002,
            0.085091,
            0.10251,
            0.100828,
            0.10139699999999999,
            0.113425,
            0.112406,
            0.10907800000000001,
            0.198957,
            0.127489,
            0.11346200000000001,
            0.094881,
            0.103303,
            0.084287,
            0.087019,
            0.10448,
            0.078001,
            0.08559900000000001,
            0.08002100000000001,
            0.068681,
            0.064385,
            0.0,
            0.062641,
            0.092467,
            0.094431,
            0.092625,
            0.092617,
            0.124993,
            0.12761100000000003,
            0.11746,
            0.122807,
            0.181386,
            0.21260600000000002,
            0.20160299999999998,
            0.126835,
            0.14082899999999998,
            0.104022,
            0.104739,
            0.099498,
            0.101547,
            0.10378,
            0.10366700000000001,
            0.10130700000000001,
            0.111351,
            0.076617
        ],
        [
            0.083624,
            0.08553700000000002,
            0.086936,
            0.104355,
            0.102673,
            0.103242,
            0.11527,
            0.11425099999999999,
            0.110923,
            0.20080199999999998,
            0.129334,
            0.11530699999999999,
            0.096726,
            0.10514799999999999,
            0.086132,
            0.088864,
            0.106325,
            0.079846,
            0.087444,
            0.081866,
            0.070526,
            0.06623,
            0.062641,
            0.0,
            0.094312,
            0.096276,
            0.09447,
            0.094462,
            0.126838,
            0.12945600000000002,
            0.119305,
            0.124652,
            0.18323099999999998,
            0.214451,
            0.20344799999999996,
            0.12868000000000002,
            0.142674,
            0.105867,
            0.106584,
            0.101343,
            0.103392,
            0.105625,
            0.10551200000000001,
            0.10315200000000001,
            0.113196,
            0.078462
        ],
        [
            0.103836,
            0.10574900000000001,
            0.107148,
            0.124567,
            0.122885,
            0.12345399999999998,
            0.135482,
            0.134463,
            0.131135,
            0.221014,
            0.14954599999999998,
            0.135519,
            0.11693799999999999,
            0.12536,
            0.106344,
            0.10907599999999999,
            0.126537,
            0.100058,
            0.107656,
            0.102078,
            0.090738,
            0.086442,
            0.092467,
            0.094312,
            0.0,
            0.004572,
            0.11468199999999999,
            0.114674,
            0.14705000000000001,
            0.14966800000000002,
            0.139517,
            0.144864,
            0.20344299999999998,
            0.234663,
            0.22365999999999997,
            0.148892,
            0.16288599999999998,
            0.126079,
            0.126796,
            0.121555,
            0.12360399999999999,
            0.12583699999999998,
            0.125724,
            0.123364,
            0.133408,
            0.098674
        ],
        [
            0.10579999999999999,
            0.107713,
            0.10911199999999999,
            0.126531,
            0.12484899999999999,
            0.12541799999999997,
            0.13744599999999998,
            0.136427,
            0.133099,
            0.22297799999999998,
            0.15150999999999998,
            0.137483,
            0.11890199999999998,
            0.127324,
            0.10830799999999999,
            0.11103999999999999,
            0.12850099999999998,
            0.10202199999999999,
            0.10962,
            0.104042,
            0.09270199999999999,
            0.088406,
            0.094431,
            0.096276,
            0.004572,
            0.0,
            0.11664599999999999,
            0.11663799999999999,
            0.14901399999999998,
            0.151632,
            0.14148099999999997,
            0.146828,
            0.20540699999999998,
            0.236627,
            0.22562399999999996,
            0.150856,
            0.16485,
            0.128043,
            0.12875999999999999,
            0.12351899999999999,
            0.12556799999999999,
            0.127801,
            0.127688,
            0.125328,
            0.135372,
            0.10063799999999999
        ],
        [
            0.060559999999999996,
            0.062472999999999994,
            0.063872,
            0.081291,
            0.079609,
            0.080178,
            0.092206,
            0.09118699999999999,
            0.08785899999999999,
            0.177738,
            0.10626999999999999,
            0.09224299999999999,
            0.073662,
            0.08208399999999999,
            0.063068,
            0.072404,
            0.089865,
            0.063386,
            0.07098399999999999,
            0.06540599999999999,
            0.07087,
            0.066574,
            0.092625,
            0.09447,
            0.11468199999999999,
            0.11664599999999999,
            0.0,
            0.002666,
            0.072628,
            0.07524600000000001,
            0.065095,
            0.070442,
            0.129021,
            0.16024100000000002,
            0.149238,
            0.09681200000000001,
            0.11080599999999999,
            0.07399900000000001,
            0.074716,
            0.06947500000000001,
            0.071524,
            0.07375699999999999,
            0.07364400000000002,
            0.07128400000000001,
            0.08132800000000001,
            0.055397999999999996
        ],
        [
            0.060552,
            0.062465,
            0.063864,
            0.081283,
            0.079601,
            0.08016999999999999,
            0.092198,
            0.09117900000000001,
            0.08785100000000001,
            0.17773,
            0.106262,
            0.09223500000000001,
            0.073654,
            0.08207600000000001,
            0.06306,
            0.072396,
            0.089857,
            0.063378,
            0.07097600000000001,
            0.06539800000000001,
            0.07086200000000001,
            0.066566,
            0.092617,
            0.094462,
            0.114674,
            0.11663799999999999,
            0.002666,
            0.0,
            0.07262,
            0.075238,
            0.065087,
            0.070434,
            0.129013,
            0.16023300000000001,
            0.14923,
            0.096804,
            0.110798,
            0.073991,
            0.074708,
            0.069467,
            0.071516,
            0.073749,
            0.07363600000000001,
            0.071276,
            0.08132,
            0.05539
        ],
        [
            0.09292800000000001,
            0.09484100000000002,
            0.09624,
            0.11365900000000001,
            0.11197700000000001,
            0.11254600000000001,
            0.124574,
            0.123555,
            0.120227,
            0.21010600000000001,
            0.13863799999999998,
            0.124611,
            0.10603000000000001,
            0.114452,
            0.095436,
            0.104772,
            0.12223300000000001,
            0.095754,
            0.103352,
            0.097774,
            0.10323800000000001,
            0.098942,
            0.124993,
            0.126838,
            0.14705000000000001,
            0.14901399999999998,
            0.072628,
            0.07262,
            0.0,
            0.014660000000000001,
            0.015157,
            0.033036,
            0.144583,
            0.17580300000000001,
            0.1648,
            0.12918000000000002,
            0.143174,
            0.106367,
            0.107084,
            0.101843,
            0.103892,
            0.106125,
            0.10601200000000001,
            0.10365200000000001,
            0.113696,
            0.08776600000000001
        ],
        [
            0.09554600000000002,
            0.09745900000000003,
            0.09885800000000002,
            0.11627700000000002,
            0.11459500000000002,
            0.11516400000000002,
            0.12719200000000003,
            0.126173,
            0.12284500000000001,
            0.21272400000000002,
            0.141256,
            0.127229,
            0.10864800000000002,
            0.11707000000000001,
            0.09805400000000002,
            0.10739000000000001,
            0.12485100000000002,
            0.09837200000000001,
            0.10597000000000001,
            0.10039200000000001,
            0.10585600000000002,
            0.10156000000000001,
            0.12761100000000003,
            0.12945600000000002,
            0.14966800000000002,
            0.151632,
            0.07524600000000001,
            0.075238,
            0.014660000000000001,
            0.0,
            0.017775,
            0.035654,
            0.147201,
            0.17842100000000002,
            0.167418,
            0.13179800000000003,
            0.145792,
            0.10898500000000001,
            0.10970200000000001,
            0.10446100000000001,
            0.10651000000000001,
            0.108743,
            0.10863000000000002,
            0.10627000000000002,
            0.11631400000000001,
            0.09038400000000002
        ],
        [
            0.085395,
            0.08730800000000001,
            0.088707,
            0.106126,
            0.104444,
            0.105013,
            0.11704099999999999,
            0.11602199999999999,
            0.11269399999999999,
            0.202573,
            0.13110499999999997,
            0.11707799999999999,
            0.098497,
            0.10691899999999999,
            0.087903,
            0.09723899999999999,
            0.1147,
            0.088221,
            0.09581899999999999,
            0.09024099999999999,
            0.095705,
            0.09140899999999999,
            0.11746,
            0.119305,
            0.139517,
            0.14148099999999997,
            0.065095,
            0.065087,
            0.015157,
            0.017775,
            0.0,
            0.025502999999999998,
            0.13705,
            0.16827000000000003,
            0.157267,
            0.121647,
            0.13564099999999998,
            0.098834,
            0.099551,
            0.09431,
            0.096359,
            0.09859199999999999,
            0.09847900000000001,
            0.09611900000000001,
            0.10616300000000001,
            0.080233
        ],
        [
            0.090742,
            0.09265500000000002,
            0.094054,
            0.111473,
            0.109791,
            0.11035999999999999,
            0.122388,
            0.121369,
            0.11804100000000001,
            0.20792,
            0.136452,
            0.122425,
            0.10384399999999999,
            0.112266,
            0.09325,
            0.102586,
            0.120047,
            0.093568,
            0.101166,
            0.095588,
            0.101052,
            0.096756,
            0.122807,
            0.124652,
            0.144864,
            0.146828,
            0.070442,
            0.070434,
            0.033036,
            0.035654,
            0.025502999999999998,
            0.0,
            0.142397,
            0.17361700000000002,
            0.16261399999999998,
            0.126994,
            0.140988,
            0.104181,
            0.10489799999999999,
            0.099657,
            0.10170599999999999,
            0.103939,
            0.103826,
            0.101466,
            0.11151,
            0.08558
        ],
        [
            0.14932099999999998,
            0.15123399999999998,
            0.152633,
            0.17005199999999998,
