{
    "NEXUS_FILE_URL": "http://purl.org/phylo/treebase/phylows/study/TB2:S13349",
    "NEWICK_TREE": "((1:0.00685315,2:0.01058577):0.0548497,(((3:0.01160685,4:0.00730154):0.04643329,(((5:0.02780626,6:0.04053234):0.00467277,(7:0.00119559,8:0.00290928):0.04391053):0.0288546,(9:0.01701055,((13:0.00208157,14:0.01648166):0.01208949,(10:0.0066419,11:0.00770345,12:0.01181273):0.00231987):0.00455017):0.03888839):0.00867043):0.02890694,((((32:0.02440352,(43:0.00103631,44:0.00214138):0.03718006):0.00681038,(34:0.01766591,(36:0.00803949,(33:0.00297318,35:0.00178882):0.00437416):0.00817111):0.01335468):0.0118646,((37:0.06264667,(39:0.11470971,(42:0.05754249,(45:0.05673747,(40:0.00223716,(38:0.00468817,41:0.00228253):0.001084):0.04453843):0.01002991):0.00902986):0.01210777):0.01027987,(26:0.00685603,((28:0.00498273,(25:0.00246666,27:0.00297333):0.00326791):6.3203E-4,((23:0.00625857,24:0.0035699):0.006055,(29:0.00570939,(30:0.00251206,31:0.01007672):0.00997648):0.00355924,((16:0.00346421,(15:0.00942334,17:0.0033189):7.3973E-4):0.00253608,(19:0.00717455,20:0.00357581,22:0.00124246,(18:0.00192599,21:0.00202085):7.8832E-4):0.00635271):0.00732402):9.191E-4):0.0039409):0.04334538):7.3525E-4):0.02627607,((49:0.02120499,(47:0.00441032,48:0.00239709):0.04469908):0.00683768,(((64:0.02189846,(46:0.06192331,(50:0.01715853,51:0.00594056):0.04683567):0.00480338):0.00125964,(53:0.01594618,(((54:0.01196818,58:0.01085966):0.00125143,(57:0.01655068,59:0.01033857):6.0499E-4):0.00165846,((60:0.01503924,61:0.01016593):0.00180907,(62:4.9834E-4,63:0.00147327):0.00432794):0.00646983):0.00785606):0.00180909):0.00225343,((52:0.01008468,(55:0.01094228,56:0.00873924):0.00381931):7.6972E-4,((65:0.03445882,(66:0.00432192,67:0.00877984):0.01871056):0.00394849,(((68:0.0165961,69:0.01357396):0.00877139,(70:0.00561599,(71:0.00102629,72:5.1231E-4):0.00199574):0.01200351):0.00482068,((73:0.00913531,74:0.01324939):0.0202092,(75:0.00810577,76:0.0057644,77:0.01470965):0.01181629):0.00734969):0.03517265):0.02950917):0.00637132):0.00416938):0.02815667):0.03552692):0.0548497);",
    "DISTANCE_MATRIX": [
        [
            0,
            0.01743892,
            0.20349963000000001,
            0.19919432,
            0.21546355,
            0.22818963,
            0.22809064,
            0.22980433,
            0.21002886,
            0.21173954,
            0.22613963,
            0.20653025,
            0.20759180000000002,
            0.21170108,
            0.22143404,
            0.23524689,
            0.23635196,
            0.22124073,
            0.21978542,
            0.21909327,
            0.21790891,
            0.25201733000000004,
            0.31618813999999995,
            0.26805078000000004,
            0.27727567,
            0.26731379,
            0.2708488,
            0.26844316,
            0.2292922,
            0.23199183,
            0.23274366999999999,
            0.23325034,
            0.23960974,
            0.23692106999999998,
            0.2365648,
            0.24334395,
            0.25090861,
            0.24062048,
            0.24731934,
            0.2412149,
            0.24814745000000002,
            0.24454871,
            0.24221536000000002,
            0.24368721000000002,
            0.24378207000000002,
            0.20827881,
            0.23618322,
            0.23416999,
            0.20981705,
            0.25464528,
            0.25671617,
            0.2454982,
            0.20441422,
            0.21120217,
            0.21009365,
            0.21513823,
            0.20892612,
            0.21964224,
            0.21476893,
            0.20762021,
            0.20859514,
            0.20163124000000002,
            0.20630815,
            0.20410511,
            0.25869332,
            0.24726698,
            0.25172490000000003,
            0.28564683,
            0.28262469,
            0.27789884,
            0.27530488,
            0.2747909,
            0.29215286,
            0.29626694,
            0.28273041,
            0.28038904,
            0.28933429
        ],
        [
            0.01743892,
            0,
            0.20723225,
            0.20292694,
            0.21919617,
            0.23192225,
            0.23182326,
            0.23353695,
            0.21376148,
            0.21547216,
            0.22987225,
            0.21026287,
            0.21132442,
            0.2154337,
            0.22516666,
            0.23897950999999998,
            0.24008458,
            0.22497335,
            0.22351804,
            0.22282589,
            0.22164153,
            0.25574995,
            0.31992075999999997,
            0.2717834,
            0.28100829,
            0.27104640999999996,
            0.27458141999999996,
            0.27217578,
            0.23302482,
            0.23572445,
            0.23647628999999998,
            0.23698296,
            0.24334235999999998,
            0.24065368999999998,
            0.24029741999999998,
            0.24707657,
            0.25464123,
            0.2443531,
            0.25105195999999996,
            0.24494752,
            0.25188007,
            0.24828133,
            0.24594798,
            0.24741983,
            0.24751469,
            0.21201143,
            0.23991584,
            0.23790261,
            0.21354967,
            0.2583779,
            0.26044879,
            0.24923082,
            0.20814684,
            0.21493479,
            0.21382626999999998,
            0.21887085,
            0.21265873999999999,
            0.22337485999999998,
            0.21850155,
            0.21135283,
            0.21232776,
            0.20536386,
            0.21004077,
            0.20783773,
            0.26242593999999997,
            0.2509996,
            0.25545752,
            0.28937945,
            0.28635731,
            0.28163146,
            0.2790375,
            0.27852352,
            0.29588548000000003,
            0.29999956,
            0.28646302999999995,
            0.28412166,
            0.29306690999999996
        ],
        [
            0.20349963000000001,
            0.20723225,
            0,
            0.01890839,
            0.1280442,
            0.14077028000000003,
            0.14067129,
            0.14238498,
            0.12260951,
            0.12432019000000001,
            0.13872028000000003,
            0.1191109,
            0.12017245000000001,
            0.12428173,
            0.19182857,
            0.20564142,
            0.20674649,
            0.19163526,
            0.19017995000000001,
            0.1894878,
            0.18830344000000002,
            0.22241186000000002,
            0.28658267000000004,
            0.23844531000000002,
            0.2476702,
            0.23770832,
            0.24124333,
            0.23883769000000002,
            0.19968673,
            0.20238636000000002,
            0.2031382,
            0.20364487,
            0.21000427,
            0.2073156,
            0.20695933,
            0.21373848,
            0.22130314,
            0.21101501,
            0.21771387,
            0.21160943000000002,
            0.21854198000000002,
            0.21494324,
            0.21260989000000002,
            0.21408174000000002,
            0.21417660000000002,
            0.17867334,
            0.20657775,
            0.20456452,
            0.18021158,
            0.22503981,
            0.2271107,
            0.21589273,
            0.17480875,
            0.1815967,
            0.18048818,
            0.18553276000000002,
            0.17932065,
            0.19003677,
            0.18516346,
            0.17801474,
            0.17898967000000002,
            0.17202577000000002,
            0.17670268,
            0.17449964,
            0.22908785,
            0.21766151,
            0.22211943,
            0.25604136,
            0.25301922,
            0.24829337,
            0.24569941,
            0.24518543,
            0.26254739000000005,
            0.26666147,
            0.25312493999999996,
            0.25078357,
            0.25972881999999997
        ],
        [
            0.19919432,
            0.20292694,
            0.01890839,
            0,
            0.12373889000000002,
            0.13646497000000002,
            0.13636598000000003,
            0.13807967000000002,
            0.1183042,
            0.12001488000000002,
            0.13441497000000002,
            0.11480559000000001,
            0.11586714000000001,
            0.11997642,
            0.18752326,
            0.20133610999999998,
            0.20244118,
            0.18732995,
            0.18587464,
            0.18518249,
            0.18399813,
            0.21810655,
            0.28227736000000003,
            0.23414000000000001,
            0.24336489,
            0.23340301,
            0.23693802,
            0.23453238,
            0.19538142,
            0.19808105,
            0.19883288999999998,
            0.19933956,
            0.20569896,
            0.20301028999999998,
            0.20265402,
            0.20943317,
            0.21699783,
            0.2067097,
            0.21340856,
            0.20730412,
            0.21423667000000002,
            0.21063793,
            0.20830458000000002,
            0.20977643,
            0.20987129000000002,
            0.17436803,
            0.20227244,
            0.20025921,
            0.17590627,
            0.2207345,
            0.22280539,
            0.21158742,
            0.17050344,
            0.17729139,
            0.17618287,
            0.18122745,
            0.17501534,
            0.18573146,
            0.18085815,
            0.17370943,
            0.17468436,
            0.16772046000000002,
            0.17239737,
            0.17019433,
            0.22478254,
            0.2133562,
            0.21781412,
            0.25173605,
            0.24871391,
            0.24398806,
            0.2413941,
            0.24088012,
            0.25824208000000004,
            0.26235616,
            0.24881962999999999,
            0.24647826,
            0.25542350999999996
        ],
        [
            0.21546355,
            0.21919617,
            0.1280442,
            0.12373889000000002,
            0,
            0.0683386,
            0.07758515,
            0.07929884000000001,
            0.11723257000000001,
            0.11894325,
            0.13334334,
            0.11373396,
            0.11479551,
            0.11890479000000001,
            0.20379249,
            0.21760533999999998,
            0.21871041,
            0.20359918,
            0.20214387,
            0.20145172,
            0.20026736,
            0.23437578,
            0.29854659,
            0.25040923000000004,
            0.25963411999999997,
            0.24967224,
            0.25320725,
            0.25080161,
            0.21165065,
            0.21435028,
            0.21510211999999998,
            0.21560879,
            0.22196818999999998,
            0.21927951999999998,
            0.21892324999999999,
            0.2257024,
            0.23326706,
            0.22297893,
            0.22967779,
            0.22357335,
            0.2305059,
            0.22690716,
            0.22457381,
            0.22604566,
            0.22614052,
            0.19063726,
            0.21854167,
            0.21652844,
            0.1921755,
            0.23700373,
            0.23907462,
            0.22785665,
            0.18677267,
            0.19356062,
            0.1924521,
            0.19749668,
            0.19128457,
            0.20200068999999998,
            0.19712738,
            0.18997866,
            0.19095359,
            0.18398968999999998,
            0.1886666,
            0.18646356,
            0.24105177,
            0.22962543,
            0.23408335,
            0.26800528,
            0.26498314,
            0.26025729,
            0.25766332999999997,
            0.25714935,
            0.27451131,
            0.27862539,
            0.26508886,
            0.26274749,
            0.27169274
        ],
        [
            0.22818963,
            0.23192225,
            0.14077028000000003,
            0.13646497000000002,
            0.0683386,
            0,
            0.09031123,
            0.09202492000000001,
            0.12995865,
            0.13166933,
            0.14606942,
            0.12646004,
            0.12752159000000002,
            0.13163087,
            0.21651857,
            0.23033141999999998,
            0.23143649,
            0.21632526,
            0.21486995,
            0.2141778,
            0.21299344,
            0.24710186,
            0.31127267000000003,
            0.26313531,
            0.2723602,
            0.26239831999999996,
            0.26593332999999997,
            0.26352769,
            0.22437673,
            0.22707636,
            0.22782819999999998,
            0.22833487,
            0.23469426999999998,
            0.23200559999999998,
            0.23164933,
            0.23842848,
            0.24599314,
            0.23570501,
            0.24240387,
            0.23629943,
            0.24323198000000001,
            0.23963324,
            0.23729989,
            0.23877174,
            0.2388666,
            0.20336334,
            0.23126775,
            0.22925452,
            0.20490158,
            0.24972981,
            0.2518007,
            0.24058273,
            0.19949875,
            0.2062867,
            0.20517818,
            0.21022276,
            0.20401065,
            0.21472676999999998,
            0.20985346,
            0.20270474,
            0.20367967,
            0.19671577,
            0.20139268,
            0.19918964,
            0.25377784999999997,
            0.24235151,
            0.24680943,
            0.28073136,
            0.27770922,
            0.27298337,
            0.27038941,
            0.26987543,
            0.28723739000000004,
            0.29135147,
            0.27781493999999995,
            0.27547357,
            0.28441881999999996
        ],
        [
            0.22809064,
            0.23182326,
            0.14067129,
            0.13636598000000003,
            0.07758515,
            0.09031123,
            0,
            0.00410487,
            0.12985966000000002,
            0.13157034,
            0.14597043,
            0.12636105,
            0.1274226,
            0.13153188000000002,
            0.21641958,
            0.23023243,
            0.2313375,
            0.21622627,
            0.21477096,
            0.21407881,
            0.21289445,
            0.24700287,
            0.31117368,
            0.26303632,
            0.27226121000000003,
            0.26229933,
            0.26583434,
            0.2634287,
            0.22427774,
            0.22697737,
            0.22772921,
            0.22823588,
            0.23459528,
            0.23190660999999999,
            0.23155034,
            0.23832949,
            0.24589415,
            0.23560602,
            0.24230488,
            0.23620044,
            0.24313299000000002,
            0.23953425,
            0.23720090000000002,
            0.23867275000000002,
            0.23876761000000002,
            0.20326435,
            0.23116876,
            0.22915553,
            0.20480259,
            0.24963082,
            0.25170170999999997,
            0.24048374,
            0.19939976,
            0.20618771,
            0.20507919,
            0.21012377000000002,
            0.20391166,
            0.21462778,
            0.20975447,
            0.20260575,
            0.20358068,
            0.19661678,
            0.20129369,
            0.19909065,
            0.25367886,
            0.24225252,
            0.24671044,
            0.28063236999999996,
            0.27761023,
            0.27288438000000004,
            0.27029042000000003,
            0.26977644,
            0.2871384,
            0.29125248000000004,
            0.27771595,
            0.27537458000000004,
            0.28431983
        ],
        [
            0.22980433,
            0.23353695,
            0.14238498,
            0.13807967000000002,
            0.07929884000000001,
            0.09202492000000001,
            0.00410487,
            0,
            0.13157335,
            0.13328403,
            0.14768412,
            0.12807474,
            0.12913629,
            0.13324557,
            0.21813327,
            0.23194611999999998,
            0.23305119,
            0.21793996,
            0.21648465,
            0.2157925,
            0.21460814,
            0.24871656,
            0.31288737,
            0.26475001,
            0.2739749,
            0.26401302,
            0.26754803,
            0.26514239,
            0.22599143,
            0.22869106,
            0.22944289999999998,
            0.22994957,
            0.23630896999999998,
            0.23362029999999998,
            0.23326402999999998,
            0.24004318,
            0.24760784,
            0.23731971,
            0.24401857,
            0.23791413,
            0.24484668,
            0.24124794,
            0.23891459,
            0.24038644,
            0.2404813,
            0.20497804,
            0.23288245,
            0.23086921999999999,
            0.20651628,
            0.25134451,
            0.25341539999999996,
            0.24219743,
            0.20111345,
            0.2079014,
            0.20679287999999998,
            0.21183746,
            0.20562534999999998,
            0.21634146999999998,
            0.21146816,
            0.20431944,
            0.20529437,
            0.19833046999999998,
            0.20300738,
            0.20080434,
            0.25539255,
            0.24396621,
            0.24842413,
            0.28234605999999995,
            0.27932392,
            0.27459807,
            0.27200411,
            0.27149013,
            0.28885209,
            0.29296617,
            0.27942964,
            0.27708827,
            0.28603352
        ],
        [
            0.21002886,
            0.21376148,
            0.12260951,
            0.1183042,
            0.11723257000000001,
            0.12995865,
            0.12985966000000002,
            0.13157335,
            0,
            0.03573178,
            0.050131869999999995,
            0.03052249,
            0.031584039999999994,
            0.03569332,
            0.1983578,
            0.21217065,
            0.21327572,
            0.19816449,
            0.19670918,
            0.19601703,
            0.19483267,
            0.22894109,
            0.2931119,
            0.24497454000000002,
            0.25419943,
            0.24423755,
            0.24777256,
            0.24536692000000002,
            0.20621596,
            0.20891559,
            0.20966743,
            0.2101741,
            0.2165335,
            0.21384482999999999,
            0.21348856,
            0.22026771,
            0.22783237,
            0.21754424,
            0.2242431,
            0.21813866,
            0.22507121000000002,
            0.22147247,
            0.21913912000000002,
            0.22061097000000002,
            0.22070583000000002,
            0.18520257,
            0.21310698,
            0.21109375,
            0.18674081,
            0.23156904,
            0.23363993,
            0.22242196,
            0.18133798,
            0.18812593,
            0.18701741,
            0.19206199000000002,
            0.18584988,
            0.196566,
            0.19169269,
            0.18454397,
            0.18551890000000001,
            0.17855500000000002,
            0.18323191,
            0.18102887,
            0.23561708,
            0.22419074,
            0.22864866,
            0.26257059,
            0.25954845000000004,
            0.2548226,
            0.25222864,
            0.25171466,
            0.26907662,
            0.2731907,
            0.25965417,
            0.2573128,
            0.26625805
        ],
        [
            0.21173954,
            0.21547216,
            0.12432019000000001,
            0.12001488000000002,
            0.11894325,
            0.13166933,
            0.13157034,
            0.13328403,
            0.03573178,
            0,
            0.01856323,
            0.02313283,
            0.024194379999999998,
            0.02830366,
            0.20006848,
            0.21388132999999998,
            0.2149864,
            0.19987517,
            0.19841986,
            0.19772771,
            0.19654335,
            0.23065177,
            0.29482258,
            0.24668522,
            0.25591010999999997,
            0.24594823,
            0.24948324,
            0.2470776,
            0.20792664,
            0.21062627,
            0.21137810999999998,
            0.21188478,
            0.21824417999999998,
            0.21555550999999998,
            0.21519923999999999,
            0.22197839,
            0.22954305,
            0.21925492,
            0.22595378,
            0.21984934,
            0.22678189,
            0.22318315,
            0.2208498,
            0.22232165,
            0.22241651,
            0.18691325,
            0.21481766,
            0.21280443,
            0.18845149,
            0.23327972,
            0.23535061,
            0.22413264,
            0.18304866,
            0.18983661,
            0.18872809,
            0.19377267,
            0.18756056,
            0.19827667999999998,
            0.19340337,
            0.18625465,
            0.18722958,
            0.18026567999999998,
            0.18494259,
            0.18273955,
            0.23732776,
            0.22590142,
            0.23035934,
            0.26428127,
            0.26125913,
            0.25653328,
            0.25393931999999997,
            0.25342534,
            0.2707873,
            0.27490138,
            0.26136485,
            0.25902348,
            0.26796873
        ],
        [
            0.22613963,
            0.22987225,
            0.13872028000000003,
            0.13441497000000002,
            0.13334334,
            0.14606942,
            0.14597043,
            0.14768412,
            0.050131869999999995,
            0.01856323,
            0,
            0.03753292,
            0.03859446999999999,
            0.04270375,
            0.21446857,
            0.22828141999999998,
            0.22938649,
            0.21427526,
            0.21281995,
            0.2121278,
            0.21094344,
            0.24505186,
            0.30922267000000003,
            0.26108531,
            0.2703102,
            0.26034831999999997,
            0.26388332999999997,
            0.26147769,
            0.22232673,
            0.22502636,
            0.22577819999999998,
            0.22628487,
            0.23264427,
            0.22995559999999998,
            0.22959933,
            0.23637848,
            0.24394314,
            0.23365501,
            0.24035387,
            0.23424943,
            0.24118198000000002,
            0.23758324,
            0.23524989000000002,
            0.23672174,
            0.23681660000000002,
            0.20131334,
            0.22921775,
            0.22720452,
            0.20285158,
            0.24767981,
            0.2497507,
            0.23853273,
            0.19744875,
            0.2042367,
            0.20312818,
            0.20817276,
            0.20196065,
            0.21267677,
            0.20780346,
            0.20065474,
            0.20162967,
            0.19466577000000002,
            0.19934268,
            0.19713964,
            0.25172785,
            0.24030151,
            0.24475943,
            0.27868136,
            0.27565922,
            0.27093337,
            0.26833941,
            0.26782543000000003,
            0.28518739000000004,
            0.28930147,
            0.27576493999999996,
            0.27342357,
            0.28236881999999996
        ],
        [
            0.20653025,
            0.21026287,
            0.1191109,
            0.11480559000000001,
            0.11373396,
            0.12646004,
            0.12636105,
            0.12807474,
            0.03052249,
            0.02313283,
            0.03753292,
            0,
            0.01434535,
            0.01845463,
            0.19485919,
            0.20867203999999998,
            0.20977711,
            0.19466587999999999,
            0.19321057,
            0.19251842,
            0.19133406,
            0.22544248,
            0.28961329,
            0.24147593,
            0.25070082,
            0.24073893999999998,
            0.24427395,
            0.24186831,
            0.20271735,
            0.20541698,
            0.20616881999999997,
            0.20667549,
            0.21303488999999998,
            0.21034621999999997,
            0.20998994999999998,
            0.2167691,
            0.22433376,
            0.21404563,
            0.22074449,
            0.21464005,
            0.2215726,
            0.21797386,
            0.21564051,
            0.21711236,
            0.21720722,
            0.18170396,
            0.20960837,
            0.20759513999999998,
            0.1832422,
            0.22807043,
            0.23014131999999998,
            0.21892335,
            0.17783937,
            0.18462731999999998,
            0.18351879999999998,
            0.18856338,
            0.18235126999999998,
            0.19306738999999998,
            0.18819407999999999,
            0.18104536,
            0.18202029,
            0.17505639,
            0.17973329999999998,
            0.17753026,
            0.23211847,
            0.22069213,
            0.22515005,
            0.25907198,
            0.25604984,
            0.25132399,
            0.24873003,
            0.24821605,
            0.26557801000000003,
            0.26969209,
            0.25615555999999995,
            0.25381419,
            0.26275943999999996
        ],
        [
            0.20759180000000002,
            0.21132442,
            0.12017245000000001,
            0.11586714000000001,
            0.11479551,
            0.12752159000000002,
            0.1274226,
            0.12913629,
            0.031584039999999994,
            0.024194379999999998,
            0.03859446999999999,
            0.01434535,
            0,
            0.01951618,
            0.19592073999999998,
            0.20973358999999997,
            0.21083866,
            0.19572742999999998,
            0.19427212,
            0.19357997,
            0.19239561,
            0.22650403000000002,
            0.29067484,
            0.24253748000000003,
            0.25176237,
            0.24180048999999998,
            0.24533549999999998,
            0.24292986,
            0.20377889999999999,
            0.20647853,
            0.20723037,
            0.20773703999999998,
            0.21409644,
            0.21140777,
            0.2110515,
            0.21783065000000001,
            0.22539531000000002,
            0.21510718,
            0.22180603999999998,
            0.2157016,
            0.22263415000000003,
            0.21903540999999999,
            0.21670206000000003,
            0.21817391000000003,
            0.21826877,
            0.18276551000000002,
            0.21066992,
            0.20865668999999998,
            0.18430375,
            0.22913198,
            0.23120287,
            0.21998489999999998,
            0.17890092000000002,
            0.18568887,
            0.18458035,
            0.18962493000000002,
            0.18341281999999998,
            0.19412893999999997,
            0.18925563,
            0.18210691,
            0.18308184,
            0.17611794,
            0.18079485,
            0.17859181000000002,
            0.23318002,
            0.22175368,
            0.2262116,
            0.26013353,
            0.25711139,
            0.25238554,
            0.24979158,
            0.2492776,
            0.26663956,
            0.27075364,
            0.25721710999999997,
            0.25487574,
            0.26382099
        ],
        [
            0.21170108,
            0.2154337,
            0.12428173,
            0.11997642,
            0.11890479000000001,
            0.13163087,
            0.13153188000000002,
            0.13324557,
            0.03569332,
            0.02830366,
            0.04270375,
            0.01845463,
            0.01951618,
            0,
            0.20003002,
            0.21384287,
            0.21494794,
            0.19983671,
            0.1983814,
            0.19768925,
            0.19650489000000002,
            0.23061331000000002,
            0.29478412,
            0.24664676000000002,
            0.25587165,
            0.24590977,
            0.24944478,
            0.24703914000000002,
            0.20788818,
            0.21058781000000001,
            0.21133965,
            0.21184632,
            0.21820572,
            0.21551705,
            0.21516078,
            0.22193993,
            0.22950459,
            0.21921646,
            0.22591532,
            0.21981088000000001,
            0.22674343000000002,
            0.22314469,
            0.22081134000000002,
            0.22228319000000002,
            0.22237805000000002,
            0.18687479,
            0.2147792,
            0.21276597,
            0.18841303,
            0.23324126,
            0.23531215,
            0.22409418,
            0.1830102,
            0.18979815,
            0.18868963,
            0.19373421000000002,
            0.1875221,
            0.19823822,
            0.19336491,
            0.18621619,
            0.18719112000000002,
            0.18022722000000002,
            0.18490413,
            0.18270109,
            0.2372893,
            0.22586296,
            0.23032088,
            0.26424281,
            0.26122067000000004,
            0.25649482,
            0.25390086,
            0.25338688,
            0.27074884,
            0.27486292,
            0.26132639,
            0.25898502,
            0.26793027
        ],
        [
            0.22143404,
            0.22516666,
            0.19182857,
            0.18752326,
            0.20379249,
            0.21651857,
            0.21641958,
            0.21813327,
            0.1983578,
            0.20006848,
            0.21446857,
            0.19485919,
            0.19592073999999998,
            0.20003002,
            0,
            0.06261989,
            0.06372496,
            0.06223449,
            0.06077918,
            0.06008703000000001,
            0.058902670000000004,
            0.11674029000000001,
            0.1809111,
            0.13277374000000003,
            0.14199863000000001,
            0.13203675,
            0.13557176,
            0.13316612,
            0.09401516000000001,
            0.09671479000000001,
            0.09746663,
            0.09797330000000001,
            0.1043327,
            0.10164403,
            0.10128776,
            0.10806691000000002,
            0.11563157000000002,
            0.10534344000000001,
            0.11204230000000001,
            0.10593786000000001,
            0.11287041000000002,
            0.10927167000000002,
            0.10693832000000002,
            0.10841017000000001,
            0.10850503000000002,
            0.12555391,
            0.15345832,
            0.15144509,
            0.12709215000000001,
            0.17192038,
            0.17399127,
            0.1627733,
            0.12168932,
            0.12847727,
            0.12736875,
            0.13241333,
            0.12620122,
            0.13691734,
            0.13204403,
            0.12489531000000001,
            0.12587024000000002,
            0.11890634,
            0.12358325,
            0.12138021,
            0.17596842000000001,
            0.16454208,
            0.169,
            0.20292193,
            0.19989979000000002,
            0.19517394000000002,
            0.19257998,
            0.19206600000000001,
            0.20942796000000002,
            0.21354204000000002,
            0.20000551,
            0.19766414000000002,
            0.20660939
        ],
        [
            0.23524689,
            0.23897950999999998,
            0.20564142,
            0.20133610999999998,
            0.21760533999999998,
            0.23033141999999998,
            0.23023243,
            0.23194611999999998,
            0.21217065,
            0.21388132999999998,
            0.22828141999999998,
            0.20867203999999998,
            0.20973358999999997,
            0.21384287,
            0.06261989,
            0,
            0.00317769,
            0.07604733999999999,
            0.07459203,
            0.07389988,
            0.07271552,
            0.13055314,
            0.19472394999999998,
            0.14658659000000002,
            0.15581148,
            0.1458496,
            0.14938461,
            0.14697897,
            0.10782801,
            0.11052764,
            0.11127947999999999,
            0.11178615,
            0.11814554999999999,
            0.11545687999999998,
            0.11510060999999999,
            0.12187976,
            0.12944442,
            0.11915629,
            0.12585515,
            0.11975071,
            0.12668326000000002,
            0.12308452,
            0.12075117,
            0.12222302,
            0.12231788,
            0.13936675999999998,
            0.16727117,
            0.16525794,
            0.140905,
            0.18573323,
            0.18780412,
            0.17658615,
            0.13550216999999998,
            0.14229012,
            0.1411816,
            0.14622617999999998,
            0.14001407,
            0.15073019,
            0.14585688,
            0.13870816,
            0.13968309,
            0.13271919,
            0.1373961,
            0.13519305999999998,
            0.18978127,
            0.17835493,
            0.18281285,
            0.21673478,
            0.21371264,
            0.20898679,
            0.20639283,
            0.20587885,
            0.22324081,
            0.22735489,
            0.21381835999999999,
            0.21147699,
            0.22042224
        ],
        [
            0.23635196,
            0.24008458,
            0.20674649,
            0.20244118,
            0.21871041,
            0.23143649,
            0.2313375,
            0.23305119,
            0.21327572,
            0.2149864,
            0.22938649,
            0.20977711,
            0.21083866,
            0.21494794,
            0.06372496,
            0.00317769,
            0,
            0.07715241,
            0.07569709999999999,
            0.07500495,
            0.07382058999999999,
            0.13165821,
            0.19582902,
            0.14769166,
            0.15691655,
            0.14695467,
            0.15048968000000001,
            0.14808404,
            0.10893307999999999,
            0.11163271,
            0.11238455,
            0.11289121999999999,
            0.11925062,
            0.11656195,
            0.11620568,
            0.12298483,
            0.13054949,
            0.12026135999999998,
            0.12696022,
            0.12085578,
            0.12778833,
            0.12418959,
            0.12185624,
            0.12332809,
            0.12342295,
            0.14047183,
            0.16837624,
            0.16636300999999998,
            0.14201007,
            0.1868383,
            0.18890919,
            0.17769121999999998,
            0.13660724,
            0.14339519,
            0.14228667,
            0.14733125,
            0.14111913999999998,
            0.15183525999999997,
            0.14696195,
            0.13981323,
            0.14078816,
            0.13382426,
            0.13850117,
            0.13629813,
            0.19088634,
            0.17946,
            0.18391792,
            0.21783985,
            0.21481771,
            0.21009186000000002,
            0.2074979,
            0.20698392,
            0.22434588,
            0.22845996000000002,
            0.21492342999999997,
            0.21258206000000002,
            0.22152730999999998
        ],
        [
            0.22124073,
            0.22497335,
            0.19163526,
            0.18732995,
            0.20359918,
            0.21632526,
            0.21622627,
            0.21793996,
            0.19816449,
            0.19987517,
            0.21427526,
            0.19466587999999999,
            0.19572742999999998,
            0.19983671,
            0.06223449,
            0.07604733999999999,
            0.07715241,
            0,
            0.03387651,
            0.03318436,
            0.032,
            0.11654698000000001,
            0.18071779,
            0.13258043000000003,
            0.14180532,
            0.13184344,
            0.13537845,
            0.13297281,
            0.09382185000000001,
            0.09652148,
            0.09727332,
            0.09777999000000001,
            0.10413939,
            0.10145072,
            0.10109445,
            0.10787360000000001,
            0.11543826000000001,
            0.10515013000000001,
            0.11184899000000001,
            0.10574455,
            0.11267710000000002,
            0.10907836000000001,
            0.10674501000000002,
            0.10821686000000001,
            0.10831172000000001,
            0.1253606,
            0.15326501,
            0.15125178,
            0.12689884,
            0.17172707,
            0.17379796,
            0.16257999,
            0.12149601,
            0.12828396,
            0.12717544,
            0.13222002,
            0.12600791,
            0.13672403,
            0.13185072,
            0.12470200000000001,
            0.12567693000000002,
            0.11871303,
            0.12338994,
            0.1211869,
            0.17577511,
            0.16434877,
            0.16880669,
            0.20272862,
            0.19970648000000002,
            0.19498063000000002,
            0.19238667,
            0.19187269,
            0.20923465000000002,
            0.21334873000000001,
            0.1998122,
            0.19747083,
            0.20641608
        ],
        [
            0.21978542,
            0.22351804,
            0.19017995000000001,
            0.18587464,
            0.20214387,
            0.21486995,
            0.21477096,
            0.21648465,
            0.19670918,
            0.19841986,
            0.21281995,
            0.19321057,
            0.19427212,
            0.1983814,
            0.06077918,
            0.07459203,
            0.07569709999999999,
            0.03387651,
            0,
            0.01538683,
            0.01420247,
            0.11509167000000001,
            0.17926248,
            0.13112512,
            0.14035001000000003,
            0.13038813,
            0.13392314,
            0.1315175,
            0.09236654,
            0.09506617,
            0.09581801000000001,
            0.09632468,
            0.10268408000000001,
            0.09999541,
            0.09963914000000001,
            0.10641829000000001,
            0.11398295000000001,
            0.10369482,
            0.11039368000000001,
            0.10428924,
            0.11122179000000001,
            0.10762305000000001,
            0.10528970000000001,
            0.10676155000000001,
            0.10685641000000001,
            0.12390529,
            0.1518097,
            0.14979647000000001,
            0.12544353,
            0.17027176,
            0.17234265,
            0.16112468000000002,
            0.1200407,
            0.12682865,
            0.12572012999999999,
            0.13076471,
            0.1245526,
