{
    "NEXUS_FILE_URL": "http://purl.org/phylo/treebase/phylows/study/TB2:S14270",
    "NEWICK_TREE": "((6:0.03925595245486826,7:0.02015914390026065):0.04441755834381328,((((1:0.003910978573354345,(2:0.008451008254109982,3:0.01322499418698786):0.003417415687578332):0.129590165305912,(72:0.3005004540501944,(74:0.08665163818020652,75:0.04137087452034667):0.06940343179151245):0.0228739464886032):0.02169941848957681,((73:0.05357385226468995,(71:0.0125644460235988,76:0.07286624480635487):0.04666969464417826):0.05519752250548695,((77:0.01566118544423071,78:0.01175911287814861):0.06167608926361108,((4:0.0366808251307509,5:0.02739355460964022):0.01345828674855296,(8:0.03389760502459686,(9:0.02035364908642864,10:0.01902176465478588):0.0214130957221349):0.02280688030810585):0.01498553393460951):0.03488035762108891):0.02835777221783058):0.005241235656321341,((11:0.002431360902655427,12:0.001890747293397597):0.1036502099902829,((13:0.005015867769033577,14:0.007246716213808312):0.02422084315491672,(57:0.001682494786627136,58:0.005352753347232354):0.01667343808578437,(53:0.01627386996865617,((17:0.00768250116869878,(24:0.008457317824814238,30:0.008723782091609811):0.00328262455387122):0.005759737352648486,(66:0.008728897477238208,(23:0.007950211536662801,(19:0.008006049748030715,54:0.00908901722252778):0.002783410328876112):0.004050592716353208):0.001024291550781745):0.00184961115947062):0.002397416227327859,((63:0.0155379052165624,(47:0.0144258390447665,(35:0.005588732027492729,36:0.004020565717724823):0.005413153416349672):0.006797062603507101):0.002400014863128126,(33:0.01028849664476052,(34:0.01849070827320395,((43:0.01071541620463577,59:0.01043768211818603):0.002550043030821029,((21:0.003210320664466159,56:4.82205340532545E-4):0.00223378141315859,(62:0.002498989378434477,(41:4.764116033728103E-4,42:4.719129751705295E-4):0.002540443585000193):0.01029180301205798,(51:0.009197824702696162,(16:0.007296860649694635,(38:4.833306800596677E-4,55:4.726777172477708E-4):0.002767491040266439):0.00214210026858381):0.001320514626606701):0.003829647662283876):0.001218919358508875):0.001279605441827139):0.00381027248086308):0.005289222543111065,((61:0.005991723669593923,(25:0.001819121758541857,29:0.001100399694732234):0.006697686882882549):0.001254400374399167,(52:0.01249817487299603,(((28:0.009216869726700546,64:0.005324553655251313):0.008319095462203826,(37:0.006996854828363938,(45:0.01164331840783935,50:0.004989240604858222):0.001859070503837415):0.004067010676507986):0.001444829166879475,(20:0.007175003219849371,(26:0.003586027470694199,39:0.00460305491657818):0.003029613291963539,((49:0.003035749252085051,68:0.003174940162355824):0.001452599955593989,(22:0.004364802853633796,(15:0.003785690689504875,27:0.001123972464316647,60:0.002479586863603527):0.002610123510577294):0.001313929349250459):0.003365340725947611,(18:0.005256370498552081,32:0.005231547929886478,69:0.01587304785204475,(40:0.002465150580563632,44:0.003691089063667236):0.001107262888317848,(65:7.33385838924494E-4,67:7.717969795083252E-4):0.006329638724257105,(46:0.003260655218886921,(31:0.009210980864488709,(48:0.0120843981192112,70:6.108682144615072E-4):0.003146727287097676):0.003377821308271399):0.001101085668578188):0.002716102060510154):0.002633308962176295):0.001852447499345803):0.004341016303088141):0.001173632821639851):0.02469019336431926):0.03601141288835615):0.04441755834381328);",
    "DISTANCE_MATRIX": [
        [
            0,
            0.05941509635512891,
            0.28853286716765936,
            0.2964903125359933,
            0.30126429846887115,
            0.4784061238271905,
            0.3339607397487152,
            0.2886799760888553,
            0.2704614517868237,
            0.27612174018991076,
            0.33642353897266686,
            0.27390770934557745,
            0.27000563677949535,
            0.261695080451649,
            0.25240780993053835,
            0.2682604539050479,
            0.2761295936890146,
            0.2747977092573718,
            0.27018405292378933,
            0.2696434393145315,
            0.21802938631912053,
            0.22026023476389525,
            0.20714860826758175,
            0.21081886682818696,
            0.20746396159115427,
            0.20648194130331599,
            0.21053938251330265,
            0.21080584678009823,
            0.20279289180998866,
            0.20606479858576648,
            0.2089040471260105,
            0.20998701460050756,
            0.21201981801797182,
            0.21770481444968304,
            0.21428086084875894,
            0.21271269453899103,
            0.2081806670639049,
            0.21766248413417547,
            0.21365615445493719,
            0.21337842036848745,
            0.20966444495938902,
            0.2069363296354554,
            0.21701113527225674,
            0.21752900108219525,
            0.217524502453993,
            0.21473868221106715,
            0.21497981842664943,
            0.2109337794972809,
            0.21092312653446899,
            0.19721243226080318,
            0.19973751723263367,
            0.19901879516882404,
            0.20680549939289425,
            0.21514056637502788,
            0.21124825030357866,
            0.20866846669099542,
            0.21517400077430826,
            0.20851992297132713,
            0.2059680842012697,
            0.20540872174407807,
            0.20642574918996204,
            0.20664677091504696,
            0.20678596182531775,
            0.2078371539102522,
            0.20986816525670057,
            0.20720644703151234,
            0.20856206143079922,
            0.20676555354048257,
            0.20674073097181694,
            0.21738223089397524,
            0.20508159651081195,
            0.20630753499391558,
            0.20857220760511208,
            0.20861061874569592,
            0.2058709239293956,
            0.21519907088326878,
            0.22121921542508896,
            0.20974568552033926
        ],
        [
            0.05941509635512891,
            0,
            0.2694360586130517,
            0.2773935039813857,
            0.28216748991426355,
            0.4593093152725829,
            0.31486393119410755,
            0.2695831675342477,
            0.251364643232216,
            0.25702493163530316,
            0.3173267304180592,
            0.25481090079096985,
            0.25090882822488775,
            0.24259827189704142,
            0.2333110013759307,
            0.24916364535044028,
            0.25703278513440697,
            0.2557009007027642,
            0.2510872443691817,
            0.25054663075992384,
            0.1989325777645129,
            0.20116342620928762,
            0.18805179971297414,
            0.19172205827357935,
            0.18836715303654666,
            0.18738513274870838,
            0.19144257395869502,
            0.19170903822549062,
            0.18369608325538106,
            0.18696799003115885,
            0.18980723857140286,
            0.19089020604589996,
            0.19292300946336421,
            0.19860800589507543,
            0.1951840522941513,
            0.1936158859843834,
            0.18908385850929726,
            0.19856567557956784,
            0.19455934590032958,
            0.19428161181387982,
            0.19056763640478142,
            0.18783952108084778,
            0.19791432671764914,
            0.19843219252758765,
            0.19842769389938536,
            0.19564187365645952,
            0.19588300987204182,
            0.19183697094267327,
            0.19182631797986138,
            0.17811562370619555,
            0.18064070867802606,
            0.17992198661421643,
            0.18770869083828662,
            0.19604375782042027,
            0.19215144174897103,
            0.18957165813638782,
            0.19607719221970066,
            0.1894231144167195,
            0.18687127564666206,
            0.18631191318947044,
            0.18732894063535444,
            0.18754996236043936,
            0.18768915327071012,
            0.1887403453556446,
            0.19077135670209294,
            0.1881096384769047,
            0.1894652528761916,
            0.18766874498587494,
            0.18764392241720934,
            0.19828542233936763,
            0.18598478795620432,
            0.18721072643930797,
            0.18947539905050448,
            0.18951381019108832,
            0.186774115374788,
            0.19610226232866118,
            0.20212240687048133,
            0.19064887696573163
        ],
        [
            0.28853286716765936,
            0.2694360586130517,
            0,
            0.01577940251504266,
            0.020553388447920536,
            0.4568755444180639,
            0.3124301603395885,
            0.2671493966797287,
            0.29232970935685065,
            0.29798999775993773,
            0.35829179654269383,
            0.2957759669156045,
            0.2918738943495224,
            0.28356333802167605,
            0.2742760675005653,
            0.2901287114750749,
            0.29799785125904155,
            0.29666596682739876,
            0.302534781806459,
            0.30199416819720115,
            0.2503801152017902,
            0.25261096364656493,
            0.23949933715025143,
            0.24316959571085664,
            0.23981469047382395,
            0.23883267018598567,
            0.24289011139597233,
            0.2431565756627679,
            0.23514362069265834,
            0.23841552746843614,
            0.24125477600868017,
            0.24233774348317724,
            0.2443705469006415,
            0.2500555433323527,
            0.24663158973142862,
            0.2450634234216607,
            0.24053139594657458,
            0.25001321301684515,
            0.24600688333760687,
            0.24572914925115713,
            0.2420151738420587,
            0.2392870585181251,
            0.24936186415492642,
            0.24987972996486493,
            0.24987523133666267,
            0.24708941109373683,
            0.2473305473093191,
            0.24328450837995058,
            0.24327385541713867,
            0.22956316114347286,
            0.23208824611530335,
            0.23136952405149372,
            0.23915622827556393,
            0.24749129525769756,
            0.24359897918624834,
            0.2410191955736651,
            0.24752472965697794,
            0.2408706518539968,
            0.23831881308393937,
            0.23775945062674775,
            0.23877647807263172,
            0.23899749979771667,
            0.23913669070798743,
            0.2401878827929219,
            0.24221889413937026,
            0.23955717591418202,
            0.2409127903134689,
            0.23911628242315225,
            0.23909145985448665,
            0.24973295977664492,
            0.23743232539348164,
            0.23865826387658526,
            0.24092293648778176,
            0.2409613476283656,
            0.23822165281206528,
            0.24754979976593847,
            0.25356994430775864,
            0.24209641440300894
        ],
        [
            0.2964903125359933,
            0.2773935039813857,
            0.01577940251504266,
            0,
            0.021676002441097842,
            0.46483298978639787,
            0.32038760570792246,
            0.2751068420480626,
            0.30028715472518464,
            0.3059474431282717,
            0.3662492419110278,
            0.3037334122839384,
            0.2998313397178563,
            0.29152078339001,
            0.2822335128688993,
            0.29808615684340883,
            0.30595529662737553,
            0.30462341219573275,
            0.31049222717479297,
            0.30995161356553513,
            0.25833756057012414,
            0.2605684090148989,
            0.24745678251858538,
            0.2511270410791906,
            0.2477721358421579,
            0.24679011555431962,
            0.25084755676430626,
            0.25111402103110186,
            0.2431010660609923,
            0.24637297283677012,
            0.24921222137701413,
            0.2502951888515112,
            0.25232799226897545,
            0.2580129887006867,
            0.2545890350997626,
            0.25302086878999464,
            0.24848884131490853,
            0.2579706583851791,
            0.2539643287059408,
            0.25368659461949106,
            0.24997261921039265,
            0.24724450388645905,
            0.2573193095232604,
            0.2578371753331989,
            0.2578326767049966,
            0.25504685646207076,
            0.25528799267765306,
            0.2512419537482845,
            0.2512313007854726,
            0.23752060651180681,
            0.2400456914836373,
            0.23932696941982767,
            0.24711367364389789,
            0.2554487406260315,
            0.25155642455458227,
            0.24897664094199906,
            0.2554821750253119,
            0.24882809722233076,
            0.24627625845227333,
            0.2457168959950817,
            0.24673392344096567,
            0.2469549451660506,
            0.24709413607632139,
            0.24814532816125584,
            0.25017633950770424,
            0.24751462128251597,
            0.24887023568180286,
            0.2470737277914862,
            0.24704890522282058,
            0.2576904051449789,
            0.2453897707618156,
            0.2466157092449192,
            0.24888038185611572,
            0.24891879299669956,
            0.24617909818039924,
            0.2555072451342724,
            0.26152738967609257,
            0.25005385977134287
        ],
        [
            0.30126429846887115,
            0.28216748991426355,
            0.020553388447920536,
            0.021676002441097842,
            0,
            0.4696069757192758,
            0.3251615916408004,
            0.2798808279809405,
            0.3050611406580625,
            0.31072142906114963,
            0.3710232278439057,
            0.3085073982168163,
            0.30460532565073417,
            0.2962947693228879,
            0.28700749880177717,
            0.3028601427762867,
            0.31072928256025345,
            0.30939739812861067,
            0.31526621310767083,
            0.314725599498413,
            0.26311154650300206,
            0.2653423949477768,
            0.2522307684514633,
            0.2559010270120685,
            0.25254612177503577,
            0.25156410148719754,
            0.2556215426971842,
            0.25588800696397973,
            0.2478750519938702,
            0.251146958769648,
            0.253986207309892,
            0.25506917478438906,
            0.2571019782018533,
            0.2627869746335646,
            0.2593630210326405,
            0.25779485472287256,
            0.2532628272477864,
            0.262744644318057,
            0.2587383146388187,
            0.258460580552369,
            0.2547466051432705,
            0.25201848981933694,
            0.26209329545613824,
            0.26261116126607675,
            0.2626066626378745,
            0.2598208423949487,
            0.26006197861053093,
            0.25601593968116243,
            0.25600528671835054,
            0.2422945924446847,
            0.2448196774165152,
            0.24410095535270557,
            0.2518876595767758,
            0.26022272655890943,
            0.2563304104874602,
            0.25375062687487693,
            0.2602561609581898,
            0.25360208315520866,
            0.2510502443851512,
            0.2504908819279596,
            0.2515079093738436,
            0.2517289310989285,
            0.2518681220091993,
            0.2529193140941337,
            0.2549503254405821,
            0.25228860721539387,
            0.25364422161468075,
            0.2518477137243641,
            0.2518228911556985,
            0.2624643910778568,
            0.2501637566946935,
            0.2513896951777971,
            0.25365436778899364,
            0.2536927789295774,
            0.2509530841132771,
            0.2602812310671503,
            0.2663013756089705,
            0.2548278457042208
        ],
        [
            0.4784061238271905,
            0.4593093152725829,
            0.4568755444180639,
            0.46483298978639787,
            0.4696069757192758,
            0,
            0.45655552402191335,
            0.4112747603620535,
            0.48220296601638185,
            0.487863254419469,
            0.5481650532022251,
            0.4856492235751356,
            0.4817471510090535,
            0.47343659468120725,
            0.4641493241600965,
            0.48000196813460605,
            0.4878711079185728,
            0.48653922348693,
            0.4924080384659902,
            0.49186742485673235,
            0.4402533718613214,
            0.44248422030609613,
            0.42937259380978265,
            0.43304285237038787,
            0.4296879471333551,
            0.4287059268455169,
            0.43276336805550353,
            0.4330298323222991,
            0.4250168773521895,
            0.42828878412796734,
            0.43112803266821137,
            0.4322110001427084,
            0.43424380356017267,
            0.43992879999188395,
            0.4365048463909598,
            0.4349366800811919,
            0.4304046526061058,
            0.43988646967637635,
            0.43588013999713804,
            0.43560240591068833,
            0.43188843050158987,
            0.4291603151776563,
            0.4392351208144576,
            0.4397529866243961,
            0.43974848799619387,
            0.43696266775326803,
            0.4372038039688503,
            0.4331577650394818,
            0.4331471120766699,
            0.41943641780300406,
            0.4219615027748346,
            0.42124278071102494,
            0.42902948493509513,
            0.4373645519172288,
            0.43347223584577954,
            0.4308924522331963,
            0.43739798631650917,
            0.430743908513528,
            0.42819206974347057,
            0.42763270728627895,
            0.42864973473216295,
            0.42887075645724787,
            0.42900994736751863,
            0.43006113945245306,
            0.43209215079890145,
            0.4294304325737132,
            0.4307860469730001,
            0.42898953908268345,
            0.42896471651401785,
            0.43960621643617614,
            0.42730558205301283,
            0.42853152053611643,
            0.430796193147313,
            0.43083460428789677,
            0.42809490947159645,
            0.43742305642546964,
            0.44344320096728984,
            0.43196967106254014
        ],
        [
            0.3339607397487152,
            0.31486393119410755,
            0.3124301603395885,
            0.32038760570792246,
            0.3251615916408004,
            0.45655552402191335,
            0,
            0.1280225127005532,
            0.3377575819379065,
            0.3434178703409936,
            0.4037196691237497,
            0.3412038394966603,
            0.3373017669305782,
            0.32899121060273184,
            0.3197039400816212,
            0.3355565840561307,
            0.3434257238400974,
            0.3420938394084546,
            0.34796265438751484,
            0.347422040778257,
            0.295807987782846,
            0.2980388362276208,
            0.28492720973130725,
            0.28859746829191246,
            0.28524256305487977,
            0.2842605427670415,
            0.2883179839770281,
            0.28858444824382373,
            0.28057149327371417,
            0.283843400049492,
            0.286682648589736,
            0.28776561606423307,
            0.2897984194816973,
            0.29548341591340854,
            0.2920594623124845,
            0.2904912960027165,
            0.28595926852763043,
            0.29544108559790094,
            0.2914347559186627,
            0.2911570218322129,
            0.2874430464231145,
            0.2847149310991809,
            0.29478973673598224,
            0.29530760254592076,
            0.29530310391771847,
            0.2925172836747926,
            0.29275841989037493,
            0.2887123809610064,
            0.2887017279981945,
            0.2749910337245287,
            0.27751611869635917,
            0.27679739663254954,
            0.2845841008566198,
            0.2929191678387534,
            0.28902685176730414,
            0.28644706815472093,
            0.29295260223803377,
            0.28629852443505266,
            0.28374668566499517,
            0.2831873232078036,
            0.28420435065368754,
            0.28442537237877247,
            0.2845645632890432,
            0.2856157553739777,
            0.2876467667204261,
            0.28498504849523787,
            0.28634066289452476,
            0.28454415500420804,
            0.28451933243554245,
            0.29516083235770074,
            0.28286019797453743,
            0.2840861364576411,
            0.2863508090688376,
            0.2863892202094214,
            0.2836495253931211,
            0.2929776723469943,
            0.29899781688881444,
            0.28752428698406474
        ],
        [
            0.2886799760888553,
            0.2695831675342477,
            0.2671493966797287,
            0.2751068420480626,
            0.2798808279809405,
            0.4112747603620535,
            0.1280225127005532,
            0,
            0.2924768182780466,
            0.29813710668113375,
            0.3584389054638898,
            0.29592307583680044,
            0.29202100327071834,
            0.28371044694287206,
            0.27442317642176134,
            0.29027582039627087,
            0.29814496018023756,
            0.2968130757485948,
            0.30268189072765495,
            0.3021412771183971,
            0.2505272241229862,
            0.25275807256776095,
            0.23964644607144742,
            0.24331670463205263,
            0.23996179939501994,
            0.23897977910718166,
            0.24303722031716832,
            0.2433036845839639,
            0.23529072961385433,
            0.23856263638963215,
            0.24140188492987616,
            0.24248485240437323,
            0.2445176558218375,
            0.2502026522535487,
            0.2467786986526246,
            0.2452105323428567,
            0.24067850486777057,
            0.25016032193804116,
            0.24615399225880286,
            0.24587625817235312,
            0.2421622827632547,
            0.23943416743932108,
            0.2495089730761224,
            0.2500268388860609,
            0.25002234025785863,
            0.2472365200149328,
            0.2474776562305151,
            0.24343161730114657,
            0.24342096433833466,
            0.22971027006466885,
            0.23223535503649934,
            0.2315166329726897,
            0.23930333719675992,
            0.24763840417889355,
            0.2437460881074443,
            0.2411663044948611,
            0.24767183857817393,
            0.2410177607751928,
            0.23846592200513536,
            0.23790655954794374,
            0.2389235869938277,
            0.23914460871891263,
            0.23928379962918342,
            0.24033499171411787,
            0.24236600306056624,
            0.239704284835378,
            0.2410598992346649,
            0.23926339134434824,
            0.23923856877568261,
            0.2498800686978409,
            0.23757943431467762,
            0.23880537279778125,
            0.24107004540897775,
            0.2411084565495616,
            0.23836876173326127,
            0.24769690868713445,
            0.2537170532289546,
            0.24224352332420493
        ],
        [
            0.2704614517868237,
            0.251364643232216,
            0.29232970935685065,
            0.30028715472518464,
            0.3050611406580625,
            0.48220296601638185,
            0.3377575819379065,
            0.2924768182780466,
            0,
            0.11280799293246702,
            0.17310979171522306,
            0.2209890070991076,
            0.2170869345330255,
            0.2087763782051792,
            0.1994891076840685,
            0.21534175165857802,
            0.22321089144254472,
            0.22187900701090194,
            0.2844633664256233,
            0.2839227528163655,
            0.23230869982095453,
            0.23453954826572926,
            0.22142792176941575,
            0.22509818033002096,
            0.22174327509298827,
            0.22076125480515,
            0.22481869601513665,
            0.22508516028193223,
            0.21707220531182267,
            0.22034411208760046,
            0.2231833606278445,
            0.22426632810234157,
            0.22629913151980582,
            0.23198412795151704,
            0.22856017435059295,
            0.22699200804082503,
            0.2224599805657389,
            0.23194179763600947,
            0.2279354679567712,
            0.22765773387032145,
            0.22394375846122302,
            0.22121564313728942,
            0.23129044877409075,
            0.23180831458402926,
            0.231803815955827,
            0.22901799571290116,
            0.22925913192848343,
            0.2252130929991149,
            0.225202440036303,
            0.21149174576263718,
            0.21401683073446767,
            0.21329810867065804,
            0.22108481289472826,
            0.22941987987686188,
            0.22552756380541267,
            0.22294778019282943,
            0.22945331427614227,
            0.22279923647316113,
            0.2202473977031037,
            0.21968803524591207,
            0.22070506269179604,
            0.220926084416881,
            0.22106527532715176,
            0.2221164674120862,
            0.22414747875853458,
            0.22148576053334634,
            0.22284137493263323,
            0.22104486704231657,
            0.22102004447365098,
            0.23166154439580924,
            0.21936091001264596,
            0.22058684849574958,
            0.2228515211069461,
            0.22288993224752993,
            0.2201502374312296,
            0.2294783843851028,
            0.23549852892692297,
            0.22402499902217327
        ],
        [
            0.27612174018991076,
            0.25702493163530316,
            0.29798999775993773,
            0.3059474431282717,
            0.31072142906114963,
            0.487863254419469,
            0.3434178703409936,
            0.29813710668113375,
            0.11280799293246702,
            0,
            0.08543069082995366,
            0.2266492955021947,
            0.2227472229361126,
            0.2144366666082663,
            0.2051493960871556,
            0.22100204006166513,
            0.22887117984563182,
            0.22753929541398904,
            0.2901236548287104,
            0.28958304121945255,
            0.23796898822404164,
            0.2401998366688164,
            0.22708821017250286,
            0.23075846873310807,
            0.22740356349607538,
            0.2264215432082371,
            0.23047898441822376,
            0.23074544868501934,
            0.22273249371490977,
            0.2260044004906876,
            0.2288436490309316,
            0.22992661650542867,
            0.23195941992289293,
            0.23764441635460415,
            0.23422046275368005,
            0.23265229644391214,
            0.228120268968826,
            0.23760208603909658,
            0.2335957563598583,
            0.23331802227340856,
            0.22960404686431013,
            0.22687593154037652,
            0.23695073717717785,
            0.23746860298711636,
            0.23746410435891407,
            0.23467828411598823,
            0.23491942033157054,
            0.230873381402202,
            0.2308627284393901,
            0.2171520341657243,
            0.21967711913755478,
            0.21895839707374515,
            0.22674510129781536,
            0.235080168279949,
            0.23118785220849974,
            0.22860806859591654,
            0.23511360267922937,
            0.22845952487624824,
            0.2259076861061908,
            0.22534832364899918,
            0.22636535109488315,
            0.22658637281996807,
            0.22672556373023886,
            0.22777675581517332,
            0.22980776716162168,
            0.22714604893643345,
            0.22850166333572033,
            0.22670515544540368,
            0.22668033287673806,
            0.23732183279889635,
            0.22502119841573306,
            0.2262471368988367,
            0.2285118095100332,
            0.22855022065061703,
            0.2258105258343167,
            0.2351386727881899,
            0.24115881733001004,
            0.22968528742526037
        ],
        [
            0.33642353897266686,
            0.3173267304180592,
            0.35829179654269383,
            0.3662492419110278,
            0.3710232278439057,
            0.5481650532022251,
            0.4037196691237497,
            0.3584389054638898,
            0.17310979171522306,
            0.08543069082995366,
            0,
            0.2869510942849508,
            0.2830490217188687,
            0.27473846539102237,
            0.26545119486991164,
            0.28130383884442123,
            0.28917297862838787,
            0.2878410941967451,
            0.3504254536114665,
            0.34988484000220865,
            0.2982707870067977,
            0.30050163545157244,
            0.2873900089552589,
            0.2910602675158641,
            0.2877053622788315,
            0.28672334199099314,
            0.29078078320097983,
            0.29104724746777544,
            0.2830342924976659,
            0.28630619927344364,
            0.2891454478136877,
            0.29022841528818477,
            0.29226121870564903,
            0.2979462151373602,
            0.2945222615364361,
            0.2929540952266682,
            0.2884220677515821,
            0.29790388482185265,
            0.2938975551426144,
            0.29361982105616463,
            0.28990584564706623,
            0.2871777303231326,
            0.29725253595993395,
            0.29777040176987246,
            0.2977659031416702,
            0.29498008289874433,
            0.29522121911432664,
            0.2911751801849581,
            0.29116452722214614,
            0.27745383294848036,
            0.2799789179203108,
            0.2792601958565012,
            0.28704690008057143,
            0.29538196706270503,
            0.29148965099125584,
            0.28890986737867264,
            0.2954154014619854,
            0.2887613236590043,
            0.2862094848889469,
            0.28565012243175525,
            0.2866671498776392,
            0.2868881716027242,
            0.28702736251299493,
            0.2880785545979294,
            0.29010956594437776,
            0.2874478477191895,
            0.2888034621184764,
            0.28700695422815975,
            0.28698213165949416,
            0.2976236315816524,
            0.28532299719848914,
            0.2865489356815928,
            0.28881360829278924,
            0.28885201943337313,
            0.2861123246170728,
            0.295440471570946,
            0.30146061611276614,
            0.28998708620801644
        ],
        [
            0.27390770934557745,
            0.25481090079096985,
            0.2957759669156045,
            0.3037334122839384,
            0.3085073982168163,
            0.4856492235751356,
            0.3412038394966603,
            0.29592307583680044,
            0.2209890070991076,
            0.2266492955021947,
            0.2869510942849508,
            0,
            0.02742029832237932,
            0.14246192052175516,
            0.1331746500006445,
            0.14902729397515402,
            0.1568964337591207,
            0.15556454932747793,
            0.28790962398437714,
            0.2873690103751193,
            0.23575495737970834,
            0.2379858058244831,
            0.22487417932816955,
            0.22854443788877477,
            0.22518953265174207,
            0.2242075123639038,
            0.22826495357389046,
            0.22853141784068604,
            0.22051846287057647,
            0.2237903696463543,
            0.2266296181865983,
            0.22771258566109537,
            0.22974538907855963,
            0.23543038551027085,
            0.23200643190934675,
            0.23043826559957883,
            0.2259062381244927,
            0.23538805519476327,
            0.231381725515525,
            0.23110399142907526,
            0.22739001601997683,
            0.22466190069604322,
            0.23473670633284455,
            0.23525457214278306,
            0.23525007351458077,
            0.23246425327165493,
            0.23270538948723724,
            0.2286593505578687,
            0.2286486975950568,
            0.21493800332139099,
            0.21746308829322147,
            0.21674436622941184,
            0.22453107045348206,
            0.23286613743561568,
            0.22897382136416644,
            0.22639403775158323,
            0.23289957183489607,
            0.22624549403191493,
            0.2236936552618575,
            0.22313429280466587,
            0.22415132025054985,
            0.22437234197563477,
            0.22451153288590556,
            0.22556272497084,
            0.22759373631728838,
            0.22493201809210014,
            0.22628763249138703,
            0.22449112460107037,
            0.22446630203240475,
            0.23510780195456304,
            0.22280716757139976,
            0.22403310605450338,
            0.2262977786656999,
            0.22633618980628373,
            0.2235964949899834,
            0.2329246419438566,
            0.23894478648567674,
            0.22747125658092707
        ],
        [
            0.27000563677949535,
            0.25090882822488775,
            0.2918738943495224,
            0.2998313397178563,
            0.30460532565073417,
            0.4817471510090535,
            0.3373017669305782,
            0.29202100327071834,
            0.2170869345330255,
            0.2227472229361126,
            0.2830490217188687,
            0.02742029832237932,
            0,
            0.13855984795567305,
            0.12927257743456239,
            0.14512522140907191,
            0.1529943611930386,
            0.15166247676139583,
            0.28400755141829503,
            0.2834669378090372,
            0.23185288481362623,
            0.23408373325840098,
            0.22097210676208745,
            0.22464236532269266,
            0.22128746008565997,
            0.2203054397978217,
            0.22436288100780835,
            0.22462934527460393,
            0.21661639030449437,
            0.2198882970802722,
            0.2227275456205162,
            0.22381051309501326,
            0.22584331651247752,
            0.23152831294418874,
            0.22810435934326465,
            0.22653619303349673,
            0.2220041655584106,
            0.23148598262868117,
            0.2274796529494429,
            0.22720191886299315,
            0.22348794345389472,
            0.22075982812996112,
            0.23083463376676244,
            0.23135249957670095,
            0.23134800094849867,
            0.22856218070557283,
            0.22880331692115513,
            0.2247572779917866,
            0.2247466250289747,
            0.21103593075530888,
            0.21356101572713937,
            0.21284229366332974,
            0.22062899788739995,
            0.22896406486953358,
            0.22507174879808434,
            0.22249196518550113,
            0.22899749926881396,
            0.22234342146583283,
            0.2197915826957754,
            0.21923222023858377,
            0.22024924768446774,
            0.22047026940955267,
            0.22060946031982345,
            0.2216606524047579,
            0.22369166375120628,
            0.22102994552601804,
            0.22238555992530493,
            0.22058905203498827,
            0.22056422946632265,
            0.23120572938848094,
            0.21890509500531766,
            0.22013103348842128,
            0.22239570609961778,
            0.22243411724020162,
            0.2196944224239013,
            0.2290225693777745,
            0.23504271391959464,
            0.22356918401484496
        ],
        [
            0.261695080451649,
            0.24259827189704142,
            0.28356333802167605,
            0.29152078339001,
            0.2962947693228879,
            0.47343659468120725,
            0.32899121060273184,
            0.28371044694287206,
            0.2087763782051792,
            0.2144366666082663,
            0.27473846539102237,
            0.14246192052175516,
            0.13855984795567305,
            0,
            0.06407437974039112,
            0.10684359721200658,
            0.11471273699597326,
            0.11338085256433049,
            0.2756969950904487,
            0.27515638148119087,
            0.22354232848577993,
            0.22577317693055465,
            0.21266155043424115,
            0.21633180899484636,
            0.21297690375781367,
            0.2119948834699754,
            0.21605232467996205,
            0.21631878894675763,
            0.20830583397664806,
            0.21157774075242586,
            0.2144169892926699,
            0.21549995676716696,
            0.21753276018463122,
            0.22321775661634244,
            0.21979380301541834,
            0.21822563670565043,
            0.2136936092305643,
            0.22317542630083487,
            0.2191690966215966,
            0.21889136253514685,
            0.21517738712604842,
            0.21244927180211481,
            0.22252407743891614,
            0.22304194324885465,
            0.2230374446206524,
            0.22025162437772655,
            0.22049276059330883,
            0.2164467216639403,
            0.2164360687011284,
            0.20272537442746258,
            0.20525045939929307,
            0.20453173733548344,
            0.21231844155955365,
            0.22065350854168728,
            0.21676119247023806,
            0.21418140885765483,
            0.22068694294096766,
            0.21403286513798653,
            0.2114810263679291,
            0.21092166391073747,
            0.21193869135662144,
            0.2121597130817064,
            0.21229890399197715,
            0.2133500960769116,
            0.21538110742335997,
            0.21271938919817174,
            0.21407500359745862,
            0.21227849570714197,
            0.21225367313847637,
            0.22289517306063464,
            0.21059453867747135,
            0.21182047716057498,
            0.21408514977177148,
            0.21412356091235532,
            0.211383866096055,
            0.22071201304992819,
            0.22673215759174836,
            0.21525862768699866
        ],
        [
            0.25240780993053835,
            0.2333110013759307,
            0.2742760675005653,
            0.2822335128688993,
            0.28700749880177717,
            0.4641493241600965,
            0.3197039400816212,
            0.27442317642176134,
            0.1994891076840685,
            0.2051493960871556,
            0.26545119486991164,
            0.1331746500006445,
            0.12927257743456239,
            0.06407437974039112,
            0,
            0.0975563266908959,
            0.10542546647486258,
            0.1040935820432198,
            0.266409724569338,
            0.26586911096008015,
            0.2142550579646692,
            0.21648590640944396,
            0.20337427991313045,
            0.20704453847373566,
            0.20368963323670297,
            0.2027076129488647,
            0.20676505415885132,
            0.20703151842564693,
            0.19901856345553737,
