{
    "NEXUS_FILE_URL": "http://purl.org/phylo/treebase/phylows/study/TB2:S13955",
    "NEWICK_TREE": "(1:0.4271755285281006,2:0.5888994374660218,((3:0.3531931868157371,((4:0.1302786409302509,6:0.1038752886684566):0.6454088567675325,(7:0.8960515312115477,8:0.5411659103543267):0.1517829941587003):0.1494822437530113):0.1096333342783433,5:0.7244723078789533):0.08914643485755086);",
    "DISTANCE_MATRIX": [
        [
            0.0,
            1.0160749659941224,
            0.9791484844797319,
            1.5511250391147895,
            1.524721686852995,
            1.8232720667872537,
            1.468386445930033,
            1.2407942712646047
        ],
        [
            1.0160749659941224,
            0.0,
            1.140872393417653,
            1.7128489480527107,
            1.6864455957909161,
            1.984995975725175,
            1.6301103548679543,
            1.402518180202526
        ],
        [
            0.9791484844797319,
            1.140872393417653,
            0.0,
            1.2783629282665316,
            1.2519595760047375,
            1.5505099559389963,
            1.1956243350817755,
            1.1872988289730337
        ],
        [
            1.5511250391147895,
            1.7128489480527107,
            1.2783629282665316,
            0.0,
            0.2341539295987075,
            1.8235220230680311,
            1.4686364022108105,
            1.7592753836080912
        ],
        [
            1.524721686852995,
            1.6864455957909161,
            1.2519595760047375,
            0.2341539295987075,
            0.0,
            1.797118670806237,
            1.4422330499490161,
            1.732872031346297
        ],
        [
            1.8232720667872537,
            1.984995975725175,
            1.5505099559389963,
            1.8235220230680311,
            1.797118670806237,
            0.0,
            1.4372174415658745,
            2.031422411280556
        ],
        [
            1.468386445930033,
            1.6301103548679543,
            1.1956243350817755,
            1.4686364022108105,
            1.4422330499490161,
            1.4372174415658745,
            0.0,
            1.676536790423335
        ],
        [
            1.2407942712646047,
            1.402518180202526,
            1.1872988289730337,
            1.7592753836080912,
            1.732872031346297,
            2.031422411280556,
            1.676536790423335,
            0.0
        ]
    ],
    "NODE_MAPPING": {
        "0": "1",
        "1": "2",
        "2": "3",
        "3": "4",
        "4": "6",
        "5": "7",
        "6": "8",
        "7": "5"
    }
}