{
    "NEXUS_FILE_URL": "http://purl.org/phylo/treebase/phylows/study/TB2:S12310",
    "NEWICK_TREE": "((20:0.154146,(24:0.238994,(10:0.123019,11:0.183002):0.046011):0.018611):0.0540345,((3:0.276373,(1:0.279784,(2:0.07128,9:0.083378):0.09925):0.018958):0.036986,(((7:0.13328,(13:0.098798,19:0.113685):0.039494):0.079217,((4:0.222974,21:0.231097):0.075645,(8:0.185507,(16:0.228227,22:0.167133):0.014981):0.07493):0.018282):0.017561,(((5:0.085277,14:0.111512):0.120188,(17:0.201666,23:0.124067):0.016972):0.01072,(18:0.143858,(6:0.104753,(12:0.105224,15:0.14116):0.012341):0.018723):0.03535):0.019687):0.022119):0.0540345);",
    "DISTANCE_MATRIX": [
        [
            0.0,
            0.41175100000000003,
            0.341787,
            0.40176999999999996,
            0.575574,
            0.5979429999999999,
            0.488689,
            0.500787,
            0.514392,
            0.519404,
            0.534291,
            0.618796,
            0.626919,
            0.580614,
            0.638315,
            0.577221,
            0.520206,
            0.546441,
            0.533379,
            0.45578,
            0.483229,
            0.462847,
            0.475659,
            0.511595
        ],
        [
            0.41175100000000003,
            0.0,
            0.40802400000000005,
            0.468007,
            0.679033,
            0.701402,
            0.592148,
            0.6042460000000001,
            0.6178509999999999,
            0.6228629999999999,
            0.63775,
            0.7222550000000001,
            0.730378,
            0.684073,
            0.741774,
            0.68068,
            0.623665,
            0.6499,
            0.636838,
            0.559239,
            0.5866880000000001,
            0.566306,
            0.579118,
            0.615054
        ],
        [
            0.341787,
            0.40802400000000005,
            0.0,
            0.306021,
            0.609069,
            0.6314379999999999,
            0.522184,
            0.5342819999999999,
            0.547887,
            0.552899,
            0.5677859999999999,
            0.652291,
            0.6604140000000001,
            0.614109,
            0.67181,
            0.610716,
            0.553701,
            0.579936,
            0.566874,
            0.489275,
            0.516724,
            0.496342,
            0.509154,
            0.54509
        ],
        [
            0.40176999999999996,
            0.468007,
            0.306021,
            0.0,
            0.669052,
            0.691421,
            0.582167,
            0.594265,
            0.6078699999999999,
            0.6128819999999999,
            0.627769,
            0.7122740000000001,
            0.720397,
            0.674092,
            0.731793,
            0.6706989999999999,
            0.613684,
            0.639919,
            0.626857,
            0.549258,
            0.5767070000000001,
            0.556325,
            0.569137,
            0.605073
        ],
        [
            0.575574,
            0.679033,
            0.609069,
            0.669052,
            0.0,
            0.5751149999999999,
            0.46586099999999997,
            0.477959,
            0.565536,
            0.570548,
            0.5854349999999999,
            0.66994,
            0.6780630000000001,
            0.631758,
            0.689459,
            0.6283650000000001,
            0.57135,
            0.597585,
            0.584523,
            0.506924,
            0.534373,
            0.513991,
            0.526803,
            0.562739
        ],
        [
            0.5979429999999999,
            0.701402,
            0.6314379999999999,
            0.691421,
            0.5751149999999999,
            0.0,
            0.450314,
            0.462412,
            0.5879049999999999,
            0.5929169999999999,
            0.607804,
            0.6923090000000001,
            0.7004319999999999,
            0.654127,
            0.711828,
            0.6507339999999999,
            0.593719,
            0.619954,
            0.606892,
            0.529293,
            0.556742,
            0.53636,
            0.549172,
            0.585108
        ],
        [
            0.488689,
            0.592148,
            0.522184,
            0.582167,
            0.46586099999999997,
            0.450314,
            0.0,
            0.154658,
            0.478651,
            0.483663,
            0.49855,
            0.5830550000000001,
            0.591178,
            0.544873,
            0.602574,
            0.54148,
            0.48446500000000003,
            0.5107,
            0.497638,
            0.42003900000000005,
            0.447488,
            0.427106,
            0.43991800000000003,
            0.475854
        ],
        [
            0.500787,
            0.6042460000000001,
            0.5342819999999999,
            0.594265,
            0.477959,
            0.462412,
            0.154658,
            0.0,
            0.490749,
            0.495761,
            0.510648,
            0.595153,
            0.603276,
            0.5569710000000001,
            0.6146720000000001,
            0.553578,
            0.49656300000000003,
            0.5227980000000001,
            0.509736,
            0.432137,
            0.45958600000000005,
            0.43920400000000004,
            0.452016,
            0.487952
        ],
        [
            0.514392,
            0.6178509999999999,
            0.547887,
            0.6078699999999999,
            0.565536,
            0.5879049999999999,
            0.478651,
            0.490749,
            0.0,
            0.27157200000000004,
            0.286459,
            0.529398,
            0.537521,
            0.49121600000000004,
            0.5489170000000001,
            0.487823,
            0.46593,
            0.492165,
            0.479103,
            0.40150399999999997,
            0.42895300000000003,
            0.408571,
            0.42138299999999995,
            0.457319
        ],
        [
            0.519404,
            0.6228629999999999,
            0.552899,
            0.6128819999999999,
            0.570548,
            0.5929169999999999,
            0.483663,
            0.495761,
            0.27157200000000004,
            0.0,
            0.21248299999999998,
            0.53441,
            0.542533,
            0.49622800000000006,
            0.5539290000000001,
            0.492835,
            0.470942,
            0.49717700000000004,
            0.484115,
            0.406516,
            0.43396500000000005,
            0.41358300000000003,
            0.42639499999999997,
            0.462331
        ],
        [
            0.534291,
            0.63775,
            0.5677859999999999,
            0.627769,
            0.5854349999999999,
            0.607804,
            0.49855,
            0.510648,
            0.286459,
            0.21248299999999998,
            0.0,
            0.549297,
            0.55742,
            0.511115,
            0.568816,
            0.507722,
            0.485829,
            0.5120640000000001,
            0.499002,
            0.42140299999999997,
            0.44885200000000003,
            0.42847,
            0.44128199999999995,
            0.477218
        ],
        [
            0.618796,
            0.7222550000000001,
            0.652291,
            0.7122740000000001,
            0.66994,
            0.6923090000000001,
            0.5830550000000001,
            0.595153,
            0.529398,
            0.53441,
            0.549297,
            0.0,
            0.454071,
            0.559056,
            0.616757,
            0.555663,
            0.5703340000000001,
            0.5965690000000001,
            0.583507,
            0.505908,
            0.5333570000000001,
            0.5129750000000001,
            0.525787,
            0.561723
        ],
        [
            0.626919,
            0.730378,
            0.6604140000000001,
            0.720397,
            0.6780630000000001,
            0.7004319999999999,
            0.591178,
            0.603276,
            0.537521,
            0.542533,
            0.55742,
            0.454071,
            0.0,
            0.5671790000000001,
            0.6248800000000001,
            0.563786,
            0.578457,
            0.604692,
            0.5916300000000001,
            0.514031,
            0.5414800000000001,
            0.5210980000000001,
            0.53391,
            0.5698460000000001
        ],
        [
            0.580614,
            0.684073,
            0.614109,
            0.674092,
            0.631758,
            0.654127,
            0.544873,
            0.5569710000000001,
            0.49121600000000004,
            0.49622800000000006,
            0.511115,
            0.559056,
            0.5671790000000001,
            0.0,
            0.428715,
            0.367621,
            0.5321520000000001,
            0.5583870000000001,
            0.5453250000000001,
            0.4677260000000001,
            0.49517500000000003,
            0.474793,
            0.48760500000000007,
            0.523541
        ],
        [
            0.638315,
            0.741774,
            0.67181,
            0.731793,
            0.689459,
            0.711828,
            0.602574,
            0.6146720000000001,
            0.5489170000000001,
            0.5539290000000001,
            0.568816,
            0.616757,
            0.6248800000000001,
            0.428715,
            0.0,
            0.39536000000000004,
            0.5898530000000001,
            0.6160880000000001,
            0.6030260000000001,
            0.5254270000000001,
            0.552876,
            0.532494,
            0.5453060000000001,
            0.581242
        ],
        [
            0.577221,
            0.68068,
            0.610716,
            0.6706989999999999,
            0.6283650000000001,
            0.6507339999999999,
            0.54148,
            0.553578,
            0.487823,
            0.492835,
            0.507722,
            0.555663,
            0.563786,
            0.367621,
            0.39536000000000004,
            0.0,
            0.528759,
            0.554994,
            0.5419320000000001,
            0.464333,
            0.49178200000000005,
            0.47140000000000004,
            0.484212,
            0.520148
        ],
        [
            0.520206,
            0.623665,
            0.553701,
            0.613684,
            0.57135,
            0.593719,
            0.48446500000000003,
            0.49656300000000003,
            0.46593,
            0.470942,
            0.485829,
            0.5703340000000001,
            0.578457,
            0.5321520000000001,
            0.5898530000000001,
            0.528759,
            0.0,
            0.196789,
            0.424103,
            0.34650400000000003,
            0.395393,
            0.375011,
            0.38782300000000003,
            0.423759
        ],
        [
            0.546441,
            0.6499,
            0.579936,
            0.639919,
            0.597585,
            0.619954,
            0.5107,
            0.5227980000000001,
            0.492165,
            0.49717700000000004,
            0.5120640000000001,
            0.5965690000000001,
            0.604692,
            0.5583870000000001,
            0.6160880000000001,
            0.554994,
            0.196789,
            0.0,
            0.450338,
            0.37273900000000004,
            0.421628,
            0.401246,
            0.41405800000000004,
            0.449994
        ],
        [
            0.533379,
            0.636838,
            0.566874,
            0.626857,
            0.584523,
            0.606892,
            0.497638,
            0.509736,
            0.479103,
            0.484115,
            0.499002,
            0.583507,
            0.5916300000000001,
            0.5453250000000001,
            0.6030260000000001,
            0.5419320000000001,
            0.424103,
            0.450338,
            0.0,
            0.325733,
            0.408566,
            0.388184,
            0.400996,
            0.436932
        ],
        [
            0.45578,
            0.559239,
            0.489275,
            0.549258,
            0.506924,
            0.529293,
            0.42003900000000005,
            0.432137,
            0.40150399999999997,
            0.406516,
            0.42140299999999997,
            0.505908,
            0.514031,
            0.4677260000000001,
            0.5254270000000001,
            0.464333,
            0.34650400000000003,
            0.37273900000000004,
            0.325733,
            0.0,
            0.330967,
            0.310585,
            0.323397,
            0.359333
        ],
        [
            0.483229,
            0.5866880000000001,
            0.516724,
            0.5767070000000001,
            0.534373,
            0.556742,
            0.447488,
            0.45958600000000005,
            0.42895300000000003,
            0.43396500000000005,
            0.44885200000000003,
            0.5333570000000001,
            0.5414800000000001,
            0.49517500000000003,
            0.552876,
            0.49178200000000005,
            0.395393,
            0.421628,
            0.408566,
            0.330967,
            0.0,
            0.267334,
            0.280146,
            0.316082
        ],
        [
            0.462847,
            0.566306,
            0.496342,
            0.556325,
            0.513991,
            0.53636,
            0.427106,
            0.43920400000000004,
            0.408571,
            0.41358300000000003,
            0.42847,
            0.5129750000000001,
            0.5210980000000001,
            0.474793,
            0.532494,
            0.47140000000000004,
            0.375011,
            0.401246,
            0.388184,
            0.310585,
            0.267334,
            0.0,
            0.22231800000000002,
            0.258254
        ],
        [
            0.475659,
            0.579118,
            0.509154,
            0.569137,
            0.526803,
            0.549172,
            0.43991800000000003,
            0.452016,
            0.42138299999999995,
            0.42639499999999997,
            0.44128199999999995,
            0.525787,
            0.53391,
            0.48760500000000007,
            0.5453060000000001,
            0.484212,
            0.38782300000000003,
            0.41405800000000004,
            0.400996,
            0.323397,
            0.280146,
            0.22231800000000002,
            0.0,
            0.246384
        ],
        [
            0.511595,
            0.615054,
            0.54509,
            0.605073,
            0.562739,
            0.585108,
            0.475854,
            0.487952,
            0.457319,
            0.462331,
            0.477218,
            0.561723,
            0.5698460000000001,
            0.523541,
            0.581242,
            0.520148,
            0.423759,
            0.449994,
            0.436932,
            0.359333,
            0.316082,
            0.258254,
            0.246384,
            0.0
        ]
    ],
    "NODE_MAPPING": {
        "0": "20",
        "1": "24",
        "2": "10",
        "3": "11",
        "4": "3",
        "5": "1",
        "6": "2",
        "7": "9",
        "8": "7",
        "9": "13",
        "10": "19",
        "11": "4",
        "12": "21",
        "13": "8",
        "14": "16",
        "15": "22",
        "16": "5",
        "17": "14",
        "18": "17",
        "19": "23",
        "20": "18",
        "21": "6",
        "22": "12",
        "23": "15"
    }
}