{
    "NEXUS_FILE_URL": "http://purl.org/phylo/treebase/phylows/study/TB2:S15442",
    "NEWICK_TREE": "(1:0.10422735779906331,(35:1.3580833624904365E-6,(11:0.004163205060685654,((36:0.0020623678862802253,7:0.00413783933780712):1.358083362462681E-6,(((25:0.0020623735583000236,6:0.002062110789377458):1.3580833624904365E-6,(32:0.002070675479908052,(23:0.004136277367700697,26:0.004168211593542165):1.3580833624904365E-6):1.358083362462681E-6):1.3580833624904365E-6,(22:1.358083362462681E-6,((3:1.358083362462681E-6,2:1.358083362462681E-6):1.3580833624904365E-6,((37:1.3580833624904365E-6,(39:1.3580833624904365E-6,21:1.3580833624904365E-6):1.3580833624904365E-6):1.358083362462681E-6,(4:1.3580833624904365E-6,((10:0.008353763864331204,(16:0.004154651183340019,(20:1.358083362462681E-6,((29:0.002062536398022119,13:0.008417878157894687):1.3580833624904365E-6,(9:0.0062742057176282395,(31:0.0020250812048782374,(42:1.3580833624904365E-6,(40:0.006226980143773209,14:0.006262168178534699):1.3580833624904365E-6):0.0021241514357724367):0.010498495122530815):1.3580833624904365E-6):1.358083362462681E-6):1.3580833624904365E-6):0.0020625412294921763):1.3580833624904365E-6,((19:0.0020650245387937582,(17:0.002065033968395774,33:0.0041427390861951685):1.3580833624904365E-6):0.006249693300132225,((27:0.019298455200693232,41:0.0020154317331190497):0.002125247740713404,((8:0.008378833370595168,30:0.0041357361259468095):1.3580833624904365E-6,(15:0.004147688999818516,(5:0.008345909557204184,((38:0.0040251281099436265,18:0.008714485736403654):0.004176407833051149,(24:0.004282127405276476,(28:0.002069144566614195,(34:1.3580833624904365E-6,12:1.3580833624904365E-6):1.3580833624904365E-6):0.0019569847549711084):0.002129025479292612):0.004368539962492979):0.010593738065914349):1.3580833624904365E-6):1.3580833624904365E-6):0.0020619944144771862):1.3580833624904365E-6):1.3580833624904365E-6):1.358083362462681E-6):1.3580833624904365E-6):1.358083362462681E-6):1.3580833624904365E-6):1.3580833624904365E-6):1.358083362462681E-6):0.0020617275766935395):0.17646424117546894);",
    "DISTANCE_MATRIX": [
        [
            0.0,
            0.28069295705789477,
            0.28691653161191144,
            0.28481841060423096,
            0.28689388205575783,
            0.28482113244297574,
            0.2848208696740532,
            0.28482943436458374,
            0.2868963943357389,
            0.28692832856158035,
            0.2827587588846757,
            0.28276147505140065,
            0.28276147505140065,
            0.28276283313476314,
            0.2827641912181256,
            0.2827641912181256,
            0.28276283313476314,
            0.29111795508245686,
            0.2889813836309578,
            0.2848294486143428,
            0.28689334309572734,
            0.29324868485559996,
            0.2911050124153335,
            0.2973543830251143,
            0.297454811339371,
            0.3036817914831442,
            0.30371697951790566,
            0.2910789090570516,
            0.2910802765700161,
            0.2931579816878155,
            0.3062498885740095,
            0.28896686510643527,
            0.29320773516992293,
            0.2889646379252746,
            0.2889765907991463,
            0.30376854942244635,
            0.3079927157707299,
            0.3126820733971899,
            0.30620233271230424,
            0.30594633462861304,
            0.30387990622872385,
            0.30387990622872385
        ],
        [
            0.28069295705789477,
            0.0,
            0.006226290720741684,
            0.0041281697130611805,
            0.006203641164588075,
            0.0041308915518059874,
            0.004130628782883422,
            0.004139193473413988,
            0.0062061534445691235,
            0.006238087670410591,
            0.002068517993505936,
            0.0020712341602308892,
            0.0020712341602308892,
            0.0020725922435933797,
            0.00207395032695587,
            0.00207395032695587,
            0.0020725922435933797,
            0.010427714191287074,
            0.008291142739788065,
            0.0041392077231729996,
            0.006203102204557609,
            0.012558443964430177,
            0.01041477152416373,
            0.016664142133944543,
            0.016764570448201233,
            0.02299155059197444,
            0.023026738626735932,
            0.010388668165881854,
            0.01039003567884636,
            0.012467740796645754,
            0.025559647682839692,
            0.00827662421526551,
            0.012517494278753205,
            0.008274397034104847,
            0.008286349907976553,
            0.02307830853127657,
            0.02730247487956014,
            0.03199183250602017,
            0.025512091821134453,
            0.02525609373744328,
            0.023189665337554066,
            0.023189665337554066
        ],
        [
            0.28691653161191144,
            0.006226290720741684,
            0.0,
            0.006228289113690805,
            0.0083037605652177,
            0.006231010952435612,
            0.006230748183513046,
            0.006239312874043612,
            0.008306272845198748,
            0.008338207071040216,
            0.00416863739413556,
            0.0041713535608605135,
            0.0041713535608605135,
            0.004172711644223004,
            0.004174069727585494,
            0.004174069727585494,
            0.004172711644223004,
            0.012527833591916698,
            0.01039126214041769,
            0.006239327123802624,
            0.008303221605187233,
            0.014658563365059801,
            0.012514890924793354,
            0.018764261534574167,
            0.018864689848830857,
            0.025091669992604065,
            0.025126858027365556,
            0.012488787566511478,
            0.012490155079475984,
            0.014567860197275379,
            0.027659767083469317,
            0.010376743615895134,
            0.01461761367938283,
            0.010374516434734471,
            0.010386469308606178,
            0.025178427931906194,
            0.029402594280189764,
            0.03409195190664979,
            0.027612211221764077,
            0.027356213138072905,
            0.02528978473818369,
            0.02528978473818369
        ],
        [
            0.28481841060423096,
            0.0041281697130611805,
            0.006228289113690805,
            0.0,
            0.006200207224087345,
            0.004130173778030183,
            0.0041299110091076174,
            0.004138475699638183,
            0.006205435670793319,
            0.006237369896634787,
            0.0020678002197301315,
            0.0020705163864550846,
            0.0020705163864550846,
            0.002071874469817575,
            0.0020732325531800655,
            0.0020732325531800655,
            0.002071874469817575,
            0.01042699641751127,
            0.00829042496601226,
            0.004138489949397195,
            0.006202384430781804,
            0.012557726190654372,
            0.010414053750387925,
            0.016663424360168738,
            0.016763852674425428,
            0.022990832818198637,
            0.023026020852960127,
            0.010387950392106049,
            0.010389317905070555,
            0.01246702302286995,
            0.025558929909063888,
            0.008275906441489705,
            0.0125167765049774,
            0.008273679260329042,
            0.008285632134200749,
            0.023077590757500765,
            0.027301757105784336,
            0.03199111473224436,
            0.025511374047358648,
            0.025255375963667476,
            0.02318894756377826,
            0.02318894756377826
        ],
        [
            0.28689388205575783,
            0.006203641164588075,
            0.0083037605652177,
            0.006200207224087345,
            0.0,
            0.006205645229557077,
            0.006205382460634512,
            0.006213947151165078,
            0.008280907122320214,
            0.008312841348161681,
            0.004143271671257026,
            0.004145987837981979,
            0.004145987837981979,
            0.00414734592134447,
            0.00414870400470696,
            0.00414870400470696,
            0.00414734592134447,
            0.012502467869038164,
            0.010365896417539155,
            0.0062139614009240896,
            0.008277855882308699,
            0.014633197642181267,
            0.01248952520191482,
            0.018738895811695633,
            0.018839324125952323,
            0.02506630426972553,
            0.025101492304487022,
            0.012463421843632944,
            0.01246478935659745,
            0.014542494474396844,
            0.027634401360590782,
            0.0103513778930166,
            0.014592247956504295,
            0.010349150711855937,
            0.010361103585727643,
            0.02515306220902766,
            0.02937722855731123,
            0.03406658618377126,
            0.027586845498885543,
            0.02733084741519437,
            0.025264419015305156,
            0.025264419015305156
        ],
        [
            0.28482113244297574,
            0.0041308915518059874,
            0.006231010952435612,
            0.004130173778030183,
            0.006205645229557077,
            0.0,
            0.004124484347677482,
            0.0041357652049330285,
            0.006202725176088164,
            0.006234659401929632,
            0.0020678058917499575,
            0.0020705220584749107,
            0.0020705220584749107,
            0.002071880141837401,
            0.0020732382251998915,
            0.0020732382251998915,
            0.002071880141837401,
            0.010427002089531096,
            0.008290430638032087,
            0.004138495621417021,
            0.00620239010280163,
            0.012557731862674198,
            0.010414059422407751,
            0.016663430032188564,
            0.016763858346445254,
            0.022990838490218463,
            0.023026026524979953,
            0.010387956064125875,
            0.010389323577090381,
            0.012467028694889776,
            0.025558935581083714,
            0.008275912113509531,
            0.012516782176997227,
            0.008273684932348868,
            0.008285637806220575,
            0.02307759642952059,
            0.02730176277780416,
            0.03199112040426419,
            0.025511379719378474,
            0.025255381635687302,
            0.023188953235798088,
            0.023188953235798088
        ],
        [
            0.2848208696740532,
            0.004130628782883422,
            0.006230748183513046,
            0.0041299110091076174,
            0.006205382460634512,
            0.004124484347677482,
            0.0,
            0.004135502436010463,
            0.006202462407165599,
            0.006234396633007067,
            0.002067543122827392,
            0.0020702592895523453,
            0.0020702592895523453,
            0.0020716173729148357,
            0.002072975456277326,
            0.002072975456277326,
            0.0020716173729148357,
            0.01042673932060853,
            0.008290167869109522,
            0.004138232852494456,
            0.006202127333879065,
            0.012557469093751633,
            0.010413796653485186,
            0.016663167263266,
            0.01676359557752269,
            0.022990575721295897,
            0.023025763756057388,
            0.01038769329520331,
            0.010389060808167816,
            0.01246676592596721,
            0.02555867281216115,
            0.008275649344586966,
            0.012516519408074661,
            0.008273422163426303,
            0.00828537503729801,
            0.023077333660598026,
            0.027301500008881596,
            0.031990857635341624,
            0.02551111695045591,
            0.025255118866764736,
            0.023188690466875522,
            0.023188690466875522
        ],
        [
            0.28482943436458374,
            0.004139193473413988,
            0.006239312874043612,
            0.004138475699638183,
            0.006213947151165078,
            0.0041357652049330285,
            0.004135502436010463,
            0.0,
            0.006208310930971239,
            0.006240245156812707,
            0.002076107813357958,
            0.002078823980082911,
            0.002078823980082911,
            0.0020801820634454016,
            0.002081540146807892,
            0.002081540146807892,
            0.0020801820634454016,
            0.010435304011139096,
            0.008298732559640087,
            0.0041467975430250215,
            0.006210692024409631,
            0.012566033784282199,
            0.010422361344015751,
            0.016671731953796565,
            0.016772160268053254,
            0.022999140411826463,
            0.023034328446587954,
            0.010396257985733875,
            0.010397625498698382,
            0.012475330616497776,
            0.025567237502691714,
            0.008284214035117532,
            0.012525084098605227,
            0.008281986853956869,
            0.008293939727828575,
            0.023085898351128592,
            0.027310064699412162,
            0.03199942232587219,
            0.025519681640986475,
            0.025263683557295302,
            0.023197255157406088,
            0.023197255157406088
        ],
        [
            0.2868963943357389,
            0.0062061534445691235,
            0.008306272845198748,
            0.006205435670793319,
            0.008280907122320214,
            0.006202725176088164,
            0.006202462407165599,
            0.006208310930971239,
            0.0,
            0.008304488961242862,
            0.004143067784513094,
            0.004145783951238047,
            0.004145783951238047,
            0.004147142034600537,
            0.004148500117963028,
            0.004148500117963028,
            0.004147142034600537,
            0.012502263982294232,
            0.010365692530795223,
            0.006213757514180157,
            0.008277651995564766,
            0.014632993755437335,
            0.012489321315170887,
            0.0187386919249517,
            0.01883912023920839,
            0.0250661003829816,
            0.02510128841774309,
            0.012463217956889011,
            0.012464585469853517,
            0.014542290587652912,
            0.02763419747384685,
            0.010351174006272668,
            0.014592044069760363,
            0.010348946825112004,
            0.010360899698983711,
            0.025152858322283728,
            0.029377024670567298,
            0.034066382297027326,
            0.02758664161214161,
            0.027330643528450438,
            0.025264215128561224,
            0.025264215128561224
        ],
        [
            0.28692832856158035,
            0.006238087670410591,
            0.008338207071040216,
            0.006237369896634787,
            0.008312841348161681,
            0.006234659401929632,
            0.006234396633007067,
            0.006240245156812707,
            0.008304488961242862,
            0.0,
            0.0041750020103545615,
            0.004177718177079515,
            0.004177718177079515,
            0.004179076260442005,
            0.0041804343438044955,
            0.0041804343438044955,
            0.004179076260442005,
            0.0125341982081357,
            0.010397626756636691,
            0.006245691740021625,
            0.008309586221406234,
            0.014664927981278802,
            0.012521255541012355,
            0.018770626150793168,
            0.018871054465049858,
            0.025098034608823067,
            0.025133222643584557,
            0.012495152182730479,
            0.012496519695694985,
            0.01457422481349438,
            0.027666131699688318,
            0.010383108232114135,
            0.01462397829560183,
            0.010380881050953472,
            0.010392833924825179,
            0.025184792548125196,
            0.029408958896408766,
            0.03409831652286879,
            0.027618575837983078,
            0.027362577754291906,
            0.02529614935440269,
            0.02529614935440269
        ],
        [
            0.2827587588846757,
            0.002068517993505936,
            0.00416863739413556,
            0.0020678002197301315,
            0.004143271671257026,
            0.0020678058917499575,
            0.002067543122827392,
            0.002076107813357958,
            0.004143067784513094,
            0.0041750020103545615,
            0.0,
            5.432333449878479e-06,
            5.432333449878479e-06,
            6.790416812368916e-06,
            8.148500174859352e-06,
            8.148500174859352e-06,
            6.790416812368916e-06,
            0.008361912364506063,
            0.006225340913007055,
            0.002073405896391989,
            0.004137300377776598,
            0.010492642137649166,
            0.008348969697382719,
            0.014598340307163532,
            0.014698768621420222,
            0.02092574876519343,
            0.02096093679995492,
            0.008322866339100843,
            0.00832423385206535,
            0.010401938969864744,
            0.02349384585605868,
            0.006210822388484499,
            0.010451692451972194,
            0.006208595207323836,
            0.006220548081195543,
            0.02101250670449556,
            0.02523667305277913,
            0.029926030679239157,
            0.023446289994353442,
            0.02319029191066227,
            0.021123863510773055,
            0.021123863510773055
        ],
        [
            0.28276147505140065,
            0.0020712341602308892,
            0.0041713535608605135,
            0.0020705163864550846,
            0.004145987837981979,
            0.0020705220584749107,
            0.0020702592895523453,
            0.002078823980082911,
            0.004145783951238047,
            0.004177718177079515,
            5.432333449878479e-06,
            0.0,
            2.716166724925362e-06,
            6.790416812396671e-06,
            8.148500174887108e-06,
            8.148500174887108e-06,
            6.790416812396671e-06,
            0.008361912364506091,
            0.0062253409130070825,
            0.0020734058963920166,
            0.004137300377776626,
            0.010492642137649194,
            0.008348969697382747,
            0.01459834030716356,
            0.01469876862142025,
            0.020925748765193458,
            0.02096093679995495,
            0.00832286633910087,
            0.008324233852065377,
            0.010401938969864771,
            0.02349384585605871,
            0.006210822388484527,
            0.010451692451972222,
            0.006208595207323864,
            0.0062205480811955705,
            0.021012506704495587,
            0.025236673052779157,
            0.029926030679239185,
            0.02344628999435347,
            0.023190291910662297,
            0.021123863510773083,
            0.021123863510773083
        ],
        [
            0.28276147505140065,
            0.0020712341602308892,
            0.0041713535608605135,
            0.0020705163864550846,
            0.004145987837981979,
            0.0020705220584749107,
            0.0020702592895523453,
            0.002078823980082911,
            0.004145783951238047,
            0.004177718177079515,
            5.432333449878479e-06,
            2.716166724925362e-06,
            0.0,
            6.790416812396671e-06,
            8.148500174887108e-06,
            8.148500174887108e-06,
            6.790416812396671e-06,
            0.008361912364506091,
            0.0062253409130070825,
            0.0020734058963920166,
            0.004137300377776626,
            0.010492642137649194,
            0.008348969697382747,
            0.01459834030716356,
            0.01469876862142025,
            0.020925748765193458,
            0.02096093679995495,
            0.00832286633910087,
            0.008324233852065377,
            0.010401938969864771,
            0.02349384585605871,
            0.006210822388484527,
            0.010451692451972222,
            0.006208595207323864,
            0.0062205480811955705,
            0.021012506704495587,
            0.025236673052779157,
            0.029926030679239185,
            0.02344628999435347,
            0.023190291910662297,
            0.021123863510773083,
            0.021123863510773083
        ],
        [
            0.28276283313476314,
            0.0020725922435933797,
            0.004172711644223004,
            0.002071874469817575,
            0.00414734592134447,
            0.002071880141837401,
            0.0020716173729148357,
            0.0020801820634454016,
            0.004147142034600537,
            0.004179076260442005,
            6.790416812368916e-06,
            6.790416812396671e-06,
            6.790416812396671e-06,
            0.0,
            4.0742500874713095e-06,
            4.0742500874713095e-06,
            5.432333449906235e-06,
            0.0083605542811436,
            0.006223982829644592,
            0.002072047813029526,
            0.0041359422944141355,
            0.010491284054286704,
            0.008347611614020256,
            0.01459698222380107,
            0.014697410538057759,
            0.020924390681830968,
            0.02095957871659246,
            0.00832150825573838,
            0.008322875768702886,
            0.01040058088650228,
            0.02349248777269622,
            0.006209464305122037,
            0.010450334368609732,
            0.006207237123961373,
            0.00621918999783308,
            0.021011148621133097,
            0.025235314969416667,
            0.029924672595876695,
            0.02344493191099098,
            0.023188933827299807,
            0.021122505427410593,
            0.021122505427410593
        ],
        [
            0.2827641912181256,
            0.00207395032695587,
            0.004174069727585494,
            0.0020732325531800655,
            0.00414870400470696,
            0.0020732382251998915,
            0.002072975456277326,
            0.002081540146807892,
            0.004148500117963028,
            0.0041804343438044955,
            8.148500174859352e-06,
            8.148500174887108e-06,
            8.148500174887108e-06,
            4.0742500874713095e-06,
            0.0,
            2.716166724980873e-06,
            6.790416812396671e-06,
            0.008361912364506091,
            0.0062253409130070825,
            0.0020734058963920166,
            0.004137300377776626,
            0.010492642137649194,
            0.008348969697382747,
            0.01459834030716356,
            0.01469876862142025,
            0.020925748765193458,
            0.02096093679995495,
            0.00832286633910087,
            0.008324233852065377,
            0.010401938969864771,
            0.02349384585605871,
            0.006210822388484527,
            0.010451692451972222,
            0.006208595207323864,
            0.0062205480811955705,
            0.021012506704495587,
            0.025236673052779157,
            0.029926030679239185,
            0.02344628999435347,
            0.023190291910662297,
            0.021123863510773083,
            0.021123863510773083
        ],
        [
            0.2827641912181256,
            0.00207395032695587,
            0.004174069727585494,
            0.0020732325531800655,
            0.00414870400470696,
            0.0020732382251998915,
            0.002072975456277326,
            0.002081540146807892,
            0.004148500117963028,
            0.0041804343438044955,
            8.148500174859352e-06,
            8.148500174887108e-06,
            8.148500174887108e-06,
            4.0742500874713095e-06,
            2.716166724980873e-06,
            0.0,
            6.790416812396671e-06,
            0.008361912364506091,
            0.0062253409130070825,
            0.0020734058963920166,
            0.004137300377776626,
            0.010492642137649194,
            0.008348969697382747,
            0.01459834030716356,
            0.01469876862142025,
            0.020925748765193458,
            0.02096093679995495,
            0.00832286633910087,
            0.008324233852065377,
            0.010401938969864771,
            0.02349384585605871,
            0.006210822388484527,
            0.010451692451972222,
            0.006208595207323864,
            0.0062205480811955705,
            0.021012506704495587,
            0.025236673052779157,
            0.029926030679239185,
            0.02344628999435347,
            0.023190291910662297,
            0.021123863510773083,
            0.021123863510773083
        ],
        [
            0.28276283313476314,
            0.0020725922435933797,
            0.004172711644223004,
            0.002071874469817575,
            0.00414734592134447,
            0.002071880141837401,
            0.0020716173729148357,
            0.0020801820634454016,
            0.004147142034600537,
            0.004179076260442005,
            6.790416812368916e-06,
            6.790416812396671e-06,
            6.790416812396671e-06,
            5.432333449906235e-06,
            6.790416812396671e-06,
            6.790416812396671e-06,
            0.0,
            0.008357838114418675,
            0.006221266662919667,
            0.0020693316463046008,
            0.00413322612768921,
            0.010488567887561778,
            0.00834489544729533,
            0.014594266057076144,
            0.014694694371332834,
            0.020921674515106042,
            0.020956862549867533,
            0.008318792089013455,
            0.008320159601977961,
            0.010397864719777355,
            0.023489771605971294,
            0.006206748138397111,
            0.010447618201884806,
            0.006204520957236448,
            0.006216473831108155,
            0.02100843245440817,
            0.02523259880269174,
            0.02992195642915177,
            0.023442215744266054,
            0.02318621766057488,
            0.021119789260685667,
            0.021119789260685667
        ],
        [
            0.29111795508245686,
            0.010427714191287074,
            0.012527833591916698,
            0.01042699641751127,
            0.012502467869038164,
            0.010427002089531096,
            0.01042673932060853,
            0.010435304011139096,
            0.012502263982294232,
            0.0125341982081357,
            0.008361912364506063,
            0.008361912364506091,
            0.008361912364506091,
            0.0083605542811436,
            0.008361912364506091,
            0.008361912364506091,
            0.008357838114418675,
            0.0,
            0.0145709562771634,
            0.010419021260548333,
            0.012482915741932943,
            0.01883825750180551,
            0.016694585061539063,
            0.022943955671319877,
            0.023044383985576566,
            0.029271364129349775,
            0.029306552164111266,
            0.01667119786998217,
            0.016672565382946675,
            0.01875027050074607,
            0.03184217738694001,
            0.014559153919365825,
            0.01880002398285352,
            0.014556926738205161,
            0.014568879612076868,
            0.029360838235376885,
            0.033585004583660455,
            0.03827436221012048,
            0.03179462152523477,
            0.031538623441543595,
            0.02947219504165438,
            0.02947219504165438
        ],
        [
            0.2889813836309578,
            0.008291142739788065,
            0.01039126214041769,
            0.00829042496601226,
            0.010365896417539155,
            0.008290430638032087,
            0.008290167869109522,
            0.008298732559640087,
            0.010365692530795223,
            0.010397626756636691,
            0.006225340913007055,
            0.0062253409130070825,
            0.0062253409130070825,
            0.006223982829644592,
            0.0062253409130070825,
            0.0062253409130070825,
            0.006221266662919667,
            0.0145709562771634,
            0.0,
            0.004157367350064972,
            0.0062212618314495816,
            0.01257660359132215,
            0.010432931151055702,
            0.016682301760836515,
            0.016782730075093205,
            0.023009710218866414,
            0.023044898253627905,
            0.01453462641848316,
            0.014535993931447666,
            0.01661369904924706,
            0.029705605935441,
            0.012422582467866816,
            0.01666345253135451,
            0.012420355286706153,
            0.01243230816057786,
            0.027224266783877876,
            0.031448433132161446,
            0.036137790758621474,
            0.02965805007373576,
            0.029402051990044586,
            0.027335623590155372,
            0.027335623590155372
        ],
        [
            0.2848294486143428,
            0.0041392077231729996,
            0.006239327123802624,
            0.004138489949397195,
            0.0062139614009240896,
            0.004138495621417021,
            0.004138232852494456,
            0.0041467975430250215,
            0.006213757514180157,
            0.006245691740021625,
            0.002073405896391989,
            0.0020734058963920166,
            0.0020734058963920166,
            0.002072047813029526,
            0.0020734058963920166,
            0.0020734058963920166,
            0.0020693316463046008,
            0.010419021260548333,
            0.004157367350064972,
            0.0,
            0.0020666106481095348,
            0.008421952407982103,
            0.006278279967715655,
            0.012527650577496469,
            0.012628078891753158,
            0.018855059035526367,
            0.018890247070287858,
            0.010382691401868094,
            0.0103840589148326,
            0.012461764032631995,
            0.025553670918825933,
            0.00827064745125175,
            0.012511517514739445,
            0.008268420270091087,
            0.008280373143962794,
            0.02307233176726281,
            0.02729649811554638,
            0.03198585574200641,
            0.025506115057120693,
            0.02525011697342952,
            0.023183688573540306,
            0.023183688573540306
        ],
        [
            0.28689334309572734,
            0.006203102204557609,
            0.008303221605187233,
            0.006202384430781804,
            0.008277855882308699,
            0.00620239010280163,
            0.006202127333879065,
            0.006210692024409631,
            0.008277651995564766,
            0.008309586221406234,
            0.004137300377776598,
            0.004137300377776626,
            0.004137300377776626,
            0.0041359422944141355,
            0.004137300377776626,
            0.004137300377776626,
            0.00413322612768921,
            0.012482915741932943,
            0.0062212618314495816,
            0.0020666106481095348,
            0.0,
            0.010480414555916806,
            0.00833945828237534,
            0.014588828892156153,
            0.014689257206412842,
            0.02091623735018605,
            0.020951425384947542,
            0.012446585883252703,
            0.01244795339621721,
            0.014525658514016604,
            0.027617565400210542,
            0.01033454193263636,
            0.014575411996124055,
            0.010332314751475696,
            0.010344267625347403,
            0.02513622624864742,
            0.02936039259693099,
            0.03404975022339102,
            0.027570009538505302,
            0.02731401145481413,
            0.025247583054924916,
            0.025247583054924916
        ],
        [
            0.29324868485559996,
            0.012558443964430177,
            0.014658563365059801,
            0.012557726190654372,
            0.014633197642181267,
            0.012557731862674198,
            0.012557469093751633,
            0.012566033784282199,
            0.014632993755437335,
            0.014664927981278802,
            0.010492642137649166,
            0.010492642137649194,
            0.010492642137649194,
            0.010491284054286704,
            0.010492642137649194,
            0.010492642137649194,
            0.010488567887561778,
            0.01883825750180551,
            0.01257660359132215,
            0.008421952407982103,
            0.010480414555916806,
            0.0,
            0.014694800042247907,
            0.02094417065202872,
            0.02104459896628541,
            0.02727157911005862,
            0.02730676714482011,
            0.01880192764312527,
            0.018803295156089778,
            0.020881000273889172,
            0.03397290716008311,
            0.016689883692508928,
            0.020930753755996623,
            0.016687656511348264,
            0.01669960938521997,
            0.03149156800851999,
            0.03571573435680356,
            0.040405091983263586,
            0.03392535129837787,
            0.0336693532146867,
            0.031602924814797484,
            0.031602924814797484
        ],
        [
            0.2911050124153335,
            0.01041477152416373,
            0.012514890924793354,
            0.010414053750387925,
            0.01248952520191482,
            0.010414059422407751,
            0.010413796653485186,
            0.010422361344015751,
            0.012489321315170887,
            0.012521255541012355,
            0.008348969697382719,
            0.008348969697382747,
            0.008348969697382747,
            0.008347611614020256,
            0.008348969697382747,
            0.008348969697382747,
            0.00834489544729533,
            0.016694585061539063,
            0.010432931151055702,
            0.006278279967715655,
            0.00833945828237534,
            0.014694800042247907,
            0.0,
            0.018797782045037292,
            0.018898210359293982,
            0.02512519050306719,
            0.02516037853782868,
            0.016658255202858824,
            0.01665962271582333,
            0.018737327833622724,
            0.03182923471981666,
            0.01454621125224248,
            0.018787081315730175,
            0.014543984071081817,
            0.014555936944953524,
            0.02934789556825354,
            0.03357206191653711,
            0.03826141954299714,
            0.03178167885811142,
            0.03152568077442025,
            0.029459252374531036,
            0.029459252374531036
        ],
        [
            0.2973543830251143,
            0.016664142133944543,
            0.018764261534574167,
            0.016663424360168738,
            0.018738895811695633,
            0.016663430032188564,
            0.016663167263266,
            0.016671731953796565,
            0.0187386919249517,
            0.018770626150793168,
            0.014598340307163532,
            0.01459834030716356,
            0.01459834030716356,
            0.01459698222380107,
            0.01459834030716356,
            0.01459834030716356,
            0.014594266057076144,
            0.022943955671319877,
            0.016682301760836515,
            0.012527650577496469,
            0.014588828892156153,
            0.02094417065202872,
            0.018797782045037292,
            0.0,
            0.0041505907240131645,
            0.010377570867786373,
            0.010412758902547864,
            0.022907625812639637,
            0.022908993325604143,
            0.024986698443403538,
            0.038078605329597476,
            0.020795581862023294,
            0.02503645192551099,
            0.02079335468086263,
            0.020805307554734337,
            0.035597266178034354,
            0.039821432526317924,
            0.04451079015277795,
            0.038031049467892236,
            0.037775051384201064,
            0.03570862298431185,
            0.03570862298431185
        ],
        [
            0.297454811339371,
            0.016764570448201233,
            0.018864689848830857,
            0.016763852674425428,
            0.018839324125952323,
            0.016763858346445254,
            0.01676359557752269,
            0.016772160268053254,
            0.01883912023920839,
            0.018871054465049858,
            0.014698768621420222,
            0.01469876862142025,
            0.01469876862142025,
            0.014697410538057759,
            0.01469876862142025,
            0.01469876862142025,
            0.014694694371332834,
            0.023044383985576566,
            0.016782730075093205,
            0.012628078891753158,
            0.014689257206412842,
            0.02104459896628541,
            0.018898210359293982,
            0.0041505907240131645,
            0.0,
            0.0062296963104981895,
            0.00626488434525968,
            0.023008054126896327,
            0.023009421639860833,
            0.025087126757660227,
            0.038179033643854166,
            0.020896010176279983,
            0.02513688023976768,
            0.02089378299511932,
            0.020905735868991027,
            0.03569769449229104,
            0.03992186084057461,
            0.04461121846703464,
            0.038131477782148926,
            0.037875479698457754,
            0.03580905129856854,
            0.03580905129856854
        ],
        [
            0.3036817914831442,
            0.02299155059197444,
            0.025091669992604065,
            0.022990832818198637,
            0.02506630426972553,
            0.022990838490218463,
            0.022990575721295897,
            0.022999140411826463,
            0.0250661003829816,
            0.025098034608823067,
            0.02092574876519343,
            0.020925748765193458,
            0.020925748765193458,
            0.020924390681830968,
            0.020925748765193458,
            0.020925748765193458,
            0.020921674515106042,
            0.029271364129349775,
            0.023009710218866414,
            0.018855059035526367,
            0.02091623735018605,
            0.02727157911005862,
            0.02512519050306719,
            0.010377570867786373,
            0.0062296963104981895,
            0.0,
            0.012489148322307908,
            0.029235034270669535,
            0.029236401783634042,
            0.031314106901433436,
            0.044406013787627374,
            0.027122990320053192,
            0.03136386038354089,
            0.02712076313889253,
            0.027132716012764235,
            0.04192467463606425,
            0.04614884098434782,
            0.05083819861080785,
            0.044358457925922135,
            0.04410245984223096,
            0.04203603144234175,
            0.04203603144234175
        ],
        [
            0.30371697951790566,
            0.023026738626735932,
            0.025126858027365556,
            0.023026020852960127,
            0.025101492304487022,
            0.023026026524979953,
            0.023025763756057388,
            0.023034328446587954,
            0.02510128841774309,
            0.025133222643584557,
            0.02096093679995492,
            0.02096093679995495,
            0.02096093679995495,
            0.02095957871659246,
            0.02096093679995495,
            0.02096093679995495,
            0.020956862549867533,
            0.029306552164111266,
            0.023044898253627905,
            0.018890247070287858,
            0.020951425384947542,
            0.02730676714482011,
            0.02516037853782868,
            0.010412758902547864,
            0.00626488434525968,
            0.012489148322307908,
            0.0,
