{
    "NEXUS_FILE_URL": "http://purl.org/phylo/treebase/phylows/study/TB2:S14160",
    "NEWICK_TREE": "(1:0.03023511700940298,2:0.02924669284299714,(((((((((((((((3:0.002096349737548767,4:0.003139084947551517):0.01022314250089094,(5:0.01799628093908657,6:0.00725114493781311):0.04053606381385948):0.0121291937093965,7:0.02433608681093735):0.0106339528080893,8:0.092057119458427):0.02971957231453867,9:0.051737392840027):0.003941677096672911,(10:0.008032360477749391,(11:0.001328042879296233,12:0.008020588371351113):0.01137716954043214):0.01123799920209446):0.03216232791377768,(13:0.05995200554564296,14:0.00293347259530132):0.03900935610146393):0.00847771347286541,((15:0.07431257149777394,(((16:0.01239913689207928,17:0.01974782467916626):0.004437155477362007,18:0.01853422399902214):0.004652684855271191,19:0.01086462649349447):0.02484513180937317):0.006012789863984023,((20:0.02582341436735334,(21:0.006291087626745013,22:0.004807754900140747):0.01582718795830848):0.01464965582578722,23:0.09492097275991439):0.004790928215664325):0.007202536617484414):0.01338315873401906,(((24:0.003552896676176868,25:0.009432488307645183):0.010267304595736,26:0.0175221203588501):0.01177418480988718,(27:0.004301283781302446,28:0.004021202406281669):0.01904808610533448):0.01606911530544511):0.004937319683861315,(((29:0.01418798193663276,30:0.02358279066031266):0.007594522573475094,31:9.652808640449316E-4):0.01581239658270203,(32:0.01997763377620839,33:0.01408779587551776):0.008812715730509782):0.008662596832827546):0.01256885056330695,34:0.09050479484496654):0.01093260716855209,(35:0.01659857318683947,36:0.0166457530294647):0.01174017476190663,((37:0.0294601873669441,38:0.02077465481168634):0.005205552279218764,39:0.01388939482357234):0.02800278001469731):0.210780910130642,(40:0.0468319295751258,41:0.03301692519628929):0.08817152459546017):0.032812560022757,(42:0.06422802209269227,43:0.1105369273287261):0.01987524208933392):0.0136448456167249,(44:0.04362282559067991,45:0.02669654508230606):0.073276747872453):0.04730032963256979);",
    "DISTANCE_MATRIX": [
        [
            0,
            0.05948180985240012,
            0.4859796281156163,
            0.48702236332561905,
            0.5321924806301226,
            0.5214473446288492,
            0.4858670289787174,
            0.5429541088181178,
            0.47291480988517914,
            0.43650609962832304,
            0.441178951570302,
            0.4478714970623569,
            0.4840347736818084,
            0.42701624073146677,
            0.4641235965410785,
            0.4361451340773902,
            0.44349382186447717,
            0.437843065706971,
            0.42552078334617216,
            0.4290622335881254,
            0.42535709480582556,
            0.4238737620792213,
            0.48351013615489924,
            0.4048760412150622,
            0.4107556328465305,
            0.40857796030199944,
            0.40263102501989906,
            0.4023509436448783,
            0.4045327180695932,
            0.41392752679327305,
            0.38371549442353026,
            0.39572816648350145,
            0.3898383285828108,
            0.4362111644256153,
            0.3631125103608428,
            0.363159690203468,
            0.3974422820729569,
            0.3887567495176991,
            0.37666593725036634,
            0.25899630645204064,
            0.24518130207320413,
            0.17528355644072385,
            0.2215924616767577,
            0.1944350201051057,
            0.17750873959673183
        ],
        [
            0.05948180985240012,
            0,
            0.48499120394921047,
            0.4860339391592132,
            0.5312040564637168,
            0.5204589204624434,
            0.4848786048123116,
            0.541965684651712,
            0.4719263857187733,
            0.4355176754619172,
            0.4401905274038962,
            0.4468830728959511,
            0.4830463495154026,
            0.42602781656506095,
            0.46313517237467267,
            0.4351567099109844,
            0.44250539769807135,
            0.4368546415405652,
            0.42453235917976634,
            0.4280738094217196,
            0.42436867063941974,
            0.42288533791281546,
            0.4825217119884934,
            0.4038876170486564,
            0.4097672086801247,
            0.4075895361355936,
            0.40164260085349324,
            0.40136251947847246,
            0.40354429390318736,
            0.4129391026268672,
            0.38272707025712444,
            0.39473974231709563,
            0.388849904416405,
            0.4352227402592095,
            0.362124086194437,
            0.3621712660370622,
            0.3964538579065511,
            0.3877683253512933,
            0.3756775130839605,
            0.2580078822856348,
            0.24419287790679828,
            0.174295132274318,
            0.22060403751035185,
            0.19344659593869984,
            0.17652031543032598
        ],
        [
            0.4859796281156163,
            0.48499120394921047,
            0,
            0.005235434685100284,
            0.07085183699138575,
            0.0601067009901123,
            0.048784772758773555,
            0.1271397582143525,
            0.11653960391049117,
            0.08801424784698093,
            0.09268709978895992,
            0.0993796452810148,
            0.19986757772802166,
            0.14284904477768,
            0.19691182753302255,
            0.16893336506933426,
            0.17628205285642123,
            0.1706312966989151,
            0.15830901433811626,
            0.16185046458006946,
            0.15814532579776963,
            0.15666199307116535,
            0.2162983671468433,
            0.1644305896750444,
            0.1703101813065127,
            0.16813250876198163,
            0.16218557347988127,
            0.1619054921048605,
            0.17396190589729799,
            0.18335671462097788,
            0.15314468225123506,
            0.16515735431120626,
            0.15926751641051562,
            0.23077805337993404,
            0.1795446136522657,
            0.17959179349489093,
            0.21387438536437978,
            0.20518885280912202,
            0.19309804054178925,
            0.49699023000474757,
            0.4831752256259111,
            0.4789026000389448,
            0.5252115052749786,
            0.5253437549367764,
            0.5084174744284026
        ],
        [
            0.48702236332561905,
            0.4860339391592132,
            0.005235434685100284,
            0,
            0.0718945722013885,
            0.061149436200115044,
            0.0498275079687763,
            0.12818249342435525,
            0.11758233912049393,
            0.08905698305698369,
            0.09372983499896267,
            0.10042238049101755,
            0.20091031293802442,
            0.14389177998768277,
            0.1979545627430253,
            0.16997610027933702,
            0.177324788066424,
            0.17167403190891786,
            0.159351749548119,
            0.16289319979007222,
            0.15918806100777239,
            0.1577047282811681,
            0.21734110235684606,
            0.16547332488504715,
            0.17135291651651546,
            0.16917524397198438,
            0.16322830868988403,
            0.16294822731486325,
            0.17500464110730074,
            0.18439944983098064,
            0.15418741746123782,
            0.16620008952120902,
            0.16031025162051837,
            0.2318207885899368,
            0.18058734886226846,
            0.1806345287048937,
            0.21491712057438253,
            0.20623158801912478,
            0.194140775751792,
            0.4980329652147503,
            0.48421796083591384,
            0.47994533524894756,
            0.5262542404849814,
            0.5263864901467792,
            0.5094602096384053
        ],
        [
            0.5321924806301226,
            0.5312040564637168,
            0.07085183699138575,
            0.0718945722013885,
            0,
            0.02524742587689968,
            0.0949976252732799,
            0.17335261072885885,
            0.16275245642499753,
            0.13422710036148727,
            0.13889995230346627,
            0.14559249779552114,
            0.24608043024252801,
            0.18906189729218636,
            0.2431246800475289,
            0.21514621758384062,
            0.2224949053709276,
            0.21684414921342146,
            0.2045218668526226,
            0.20806331709457582,
            0.20435817831227598,
            0.2028748455856717,
            0.26251121966134966,
            0.21064344218955078,
            0.21652303382101906,
            0.214345361276488,
            0.20839842599438763,
            0.20811834461936685,
            0.22017475841180437,
            0.22956956713548426,
            0.19935753476574145,
            0.21137020682571264,
            0.20548036892502203,
            0.2769909058944404,
            0.22575746616677209,
            0.22580464600939731,
            0.26008723787888616,
            0.2514017053236284,
            0.23931089305629563,
            0.543203082519254,
            0.5293880781404174,
            0.5251154525534512,
            0.571424357789485,
            0.5715566074512828,
            0.5546303269429089
        ],
        [
            0.5214473446288492,
            0.5204589204624434,
            0.0601067009901123,
            0.061149436200115044,
            0.02524742587689968,
            0,
            0.08425248927200644,
            0.1626074747275854,
            0.15200732042372406,
            0.12348196436021383,
            0.1281548163021928,
            0.1348473617942477,
            0.23533529424125454,
            0.1783167612909129,
            0.23237954404625544,
            0.20440108158256715,
            0.21174976936965412,
            0.206099013212148,
            0.19377673085134914,
            0.19731818109330235,
            0.19361304231100251,
            0.19212970958439823,
            0.2517660836600762,
            0.1998983061882773,
            0.2057778978197456,
            0.20360022527521454,
            0.19765328999311416,
            0.19737320861809338,
            0.2094296224105309,
            0.2188244311342108,
            0.18861239876446798,
            0.20062507082443917,
            0.19473523292374856,
            0.26624576989316695,
            0.21501233016549862,
            0.21505951000812384,
            0.2493421018776127,
            0.2406565693223549,
            0.22856575705502216,
            0.5324579465179804,
            0.518642942139144,
            0.5143703165521777,
            0.5606792217882115,
            0.5608114714500093,
            0.5438851909416355
        ],
        [
            0.4858670289787174,
            0.4848786048123116,
            0.048784772758773555,
            0.0498275079687763,
            0.0949976252732799,
            0.08425248927200644,
            0,
            0.12702715907745366,
            0.11642700477359232,
            0.08790164871008208,
            0.09257450065206106,
            0.09926704614411594,
            0.1997549785911228,
            0.14273644564078117,
            0.1967992283961237,
            0.1688207659324354,
            0.17616945371952236,
            0.17051869756201626,
            0.1581964152012174,
            0.16173786544317062,
            0.15803272666087076,
            0.1565493939342665,
            0.21618576800994443,
            0.16431799053814555,
            0.17019758216961384,
            0.1680199096250828,
            0.1620729743429824,
            0.16179289296796162,
            0.17384930676039914,
            0.18324411548407904,
            0.15303208311433622,
            0.16504475517430742,
            0.1591549172736168,
            0.2306654542430352,
            0.17943201451536686,
            0.1794791943579921,
            0.21376178622748093,
            0.20507625367222315,
            0.1929854414048904,
            0.4968776308678487,
            0.4830626264890122,
            0.47879000090204593,
            0.5250989061380797,
            0.5252311557998776,
            0.5083048752915037
        ],
        [
            0.5429541088181178,
            0.541965684651712,
            0.1271397582143525,
            0.12818249342435525,
            0.17335261072885885,
            0.1626074747275854,
            0.12702715907745366,
            0,
            0.17351408461299267,
            0.14498872854948242,
            0.14966158049146142,
            0.15635412598351628,
            0.25684205843052316,
            0.1998235254801815,
            0.25388630823552405,
            0.22590784577183576,
            0.23325653355892273,
            0.2276057774014166,
            0.21528349504061775,
            0.21882494528257096,
            0.21511980650027113,
            0.21363647377366685,
            0.2732728478493448,
            0.22140507037754592,
            0.2272846620090142,
            0.22510698946448315,
            0.21916005418238277,
            0.218879972807362,
            0.2309363865997995,
            0.2403311953234794,
            0.2101191629537366,
            0.22213183501370778,
            0.21624199711301717,
            0.28775253408243556,
            0.23651909435476723,
            0.23656627419739246,
            0.2708488660668813,
            0.2621633335116235,
            0.2500725212442908,
            0.5539647107072492,
            0.5401497063284126,
            0.5358770807414464,
            0.5821859859774802,
            0.582318235639278,
            0.5653919551309041
        ],
        [
            0.47291480988517914,
            0.4719263857187733,
            0.11653960391049117,
            0.11758233912049393,
            0.16275245642499753,
            0.15200732042372406,
            0.11642700477359232,
            0.17351408461299267,
            0,
            0.07494942961654376,
            0.07962228155852275,
            0.08631482705057762,
            0.1868027594975845,
            0.12978422654724284,
            0.1838470093025854,
            0.1558685468388971,
            0.16321723462598406,
            0.15756647846847793,
            0.14524419610767908,
            0.14878564634963232,
            0.14508050756733246,
            0.1435971748407282,
            0.20323354891640613,
            0.15136577144460722,
            0.15724536307607553,
            0.15506769053154446,
            0.1491207552494441,
            0.14884067387442332,
            0.1608970876668608,
            0.1702918963905407,
            0.1400798640207979,
            0.1520925360807691,
            0.14620269818007847,
            0.21771323514949686,
            0.16647979542182853,
            0.16652697526445376,
            0.2008095671339426,
            0.19212403457868482,
            0.18003322231135208,
            0.4839254117743104,
            0.47011040739547394,
            0.46583778180850766,
            0.5121466870445415,
            0.5122789367063393,
            0.4953526561979654
        ],
        [
            0.43650609962832304,
            0.4355176754619172,
            0.08801424784698093,
            0.08905698305698369,
            0.13422710036148727,
            0.12348196436021383,
            0.08790164871008208,
            0.14498872854948242,
            0.07494942961654376,
            0,
            0.02073757289747776,
            0.027430118389532646,
            0.1503940492407284,
            0.09337551629038679,
            0.14743829904572933,
            0.11945983658204103,
            0.12680852436912798,
            0.12115776821162187,
            0.10883548585082302,
            0.11237693609277624,
            0.1086717973104764,
            0.10718846458387213,
            0.16682483865955006,
            0.11495706118775116,
            0.12083665281921947,
            0.1186589802746884,
            0.11271204499258804,
            0.11243196361756726,
            0.12448837741000474,
            0.13388318613368463,
            0.10367115376394181,
            0.11568382582391304,
            0.1097939879232224,
            0.18130452489264082,
            0.13007108516497246,
            0.13011826500759768,
            0.16440085687708653,
            0.15571532432182877,
            0.143624512054496,
            0.4475167015174543,
            0.43370169713861784,
            0.42942907155165155,
            0.47573797678768537,
            0.4758702264494832,
            0.4589439459411093
        ],
        [
            0.441178951570302,
            0.4401905274038962,
            0.09268709978895992,
            0.09372983499896267,
            0.13889995230346627,
            0.1281548163021928,
            0.09257450065206106,
            0.14966158049146142,
            0.07962228155852275,
            0.02073757289747776,
            0,
            0.009348631250647346,
            0.1550669011827074,
            0.09804836823236576,
            0.15211115098770833,
            0.12413268852402001,
            0.13148137631110698,
            0.12583062015360086,
            0.113508337792802,
            0.11704978803475523,
            0.11334464925245538,
            0.11186131652585111,
            0.17149769060152906,
            0.11962991312973015,
            0.12550950476119846,
            0.12333183221666738,
            0.11738489693456702,
            0.11710481555954624,
            0.12916122935198374,
            0.13855603807566363,
            0.10834400570592082,
            0.12035667776589201,
            0.11446683986520138,
            0.1859773768346198,
            0.13474393710695143,
            0.13479111694957666,
            0.16907370881906553,
            0.16038817626380775,
            0.14829736399647497,
            0.4521895534594333,
            0.4383745490805968,
            0.4341019234936305,
            0.48041082872966434,
            0.48054307839146215,
            0.4636167978830883
        ],
        [
            0.4478714970623569,
            0.4468830728959511,
            0.0993796452810148,
            0.10042238049101755,
            0.14559249779552114,
            0.1348473617942477,
            0.09926704614411594,
            0.15635412598351628,
            0.08631482705057762,
            0.027430118389532646,
            0.009348631250647346,
            0,
            0.16175944667476228,
            0.10474091372442065,
            0.1588036964797632,
            0.13082523401607488,
            0.13817392180316185,
            0.13252316564565575,
            0.12020088328485688,
            0.1237423335268101,
            0.12003719474451026,
            0.11855386201790599,
            0.17819023609358392,
            0.12632245862178504,
            0.13220205025325332,
            0.13002437770872227,
            0.1240774424266219,
            0.12379736105160112,
            0.1358537748440386,
            0.1452485835677185,
            0.11503655119797568,
            0.1270492232579469,
            0.12115938535725626,
            0.19266992232667468,
            0.14143648259900632,
            0.14148366244163155,
            0.1757662543111204,
            0.16708072175586264,
            0.15498990948852986,
            0.4588820989514882,
            0.4450670945726517,
            0.4407944689856854,
            0.48710337422171923,
            0.48723562388351704,
            0.4703093433751432
        ],
        [
            0.4840347736818084,
            0.4830463495154026,
            0.19986757772802166,
            0.20091031293802442,
            0.24608043024252801,
            0.23533529424125454,
            0.1997549785911228,
            0.25684205843052316,
            0.1868027594975845,
            0.1503940492407284,
            0.1550669011827074,
            0.16175944667476228,
            0,
            0.06288547814094428,
            0.19496697309921468,
            0.1669885106355264,
            0.17433719842261336,
            0.16868644226510723,
            0.15636415990430838,
            0.1599056101462616,
            0.15620047136396176,
            0.15471713863735748,
            0.21435351271303543,
            0.16248573524123652,
            0.16836532687270483,
            0.16618765432817376,
            0.1602407190460734,
            0.15996063767105262,
            0.1720170514634901,
            0.18141186018717,
            0.1511998278174272,
            0.1632124998773984,
            0.15732266197670774,
            0.22883319894612617,
            0.17759975921845783,
            0.17764693906108306,
            0.2119295309305719,
            0.20324399837531415,
            0.19115318610798138,
            0.4950453755709397,
            0.4812303711921032,
            0.47695774560513693,
            0.5232666508411707,
            0.5233989005029686,
            0.5064726199945947
        ],
        [
            0.42701624073146677,
            0.42602781656506095,
            0.14284904477768,
            0.14389177998768277,
            0.18906189729218636,
            0.1783167612909129,
            0.14273644564078117,
            0.1998235254801815,
            0.12978422654724284,
            0.09337551629038679,
            0.09804836823236576,
            0.10474091372442065,
            0.06288547814094428,
            0,
            0.13794844014887306,
            0.10996997768518474,
            0.11731866547227171,
            0.11166790931476558,
            0.09934562695396673,
            0.10288707719591997,
            0.09918193841362011,
            0.09769860568701585,
            0.15733497976269378,
            0.10546720229089489,
            0.1113467939223632,
            0.10916912137783212,
            0.10322218609573176,
            0.10294210472071098,
            0.11499851851314846,
            0.12439332723682836,
            0.09418129486708554,
            0.10619396692705677,
            0.10030412902636612,
            0.17181466599578454,
            0.12058122626811618,
            0.12062840611074141,
            0.15491099798023025,
            0.1462254654249725,
            0.13413465315763973,
            0.43802684262059804,
            0.42421183824176156,
            0.4199392126547953,
            0.4662481178908291,
            0.4663803675526269,
            0.44945408704425305
        ],
        [
            0.4641235965410785,
            0.46313517237467267,
            0.19691182753302255,
            0.1979545627430253,
            0.2431246800475289,
            0.23237954404625544,
            0.1967992283961237,
            0.25388630823552405,
            0.1838470093025854,
            0.14743829904572933,
            0.15211115098770833,
            0.1588036964797632,
            0.19496697309921468,
            0.13794844014887306,
            0,
            0.12064668053185959,
            0.12799536831894656,
            0.12234461216144044,
            0.11002232980064158,
            0.12558935977056285,
            0.12188422098826301,
            0.12040088826165873,
            0.1800372623373367,
            0.14257455810050662,
            0.1484541497319749,
            0.14627647718744385,
            0.14032954190534347,
            0.1400494605303227,
            0.15210587432276018,
            0.16150068304644008,
            0.13128865067669726,
            0.14330132273666848,
            0.13741148483597784,
            0.20892202180539626,
            0.1576885820777279,
            0.15773576192035313,
            0.19201835378984197,
            0.18333282123458422,
            0.17124200896725145,
            0.47513419843020976,
            0.4613191940513733,
            0.457046568464407,
            0.5033554737004409,
            0.5034877233622387,
            0.4865614428538648
        ],
        [
            0.4361451340773902,
            0.4351567099109844,
            0.16893336506933426,
            0.16997610027933702,
            0.21514621758384062,
            0.20440108158256715,
            0.1688207659324354,
            0.22590784577183576,
            0.1558685468388971,
            0.11945983658204103,
            0.12413268852402001,
            0.13082523401607488,
            0.1669885106355264,
            0.10996997768518474,
            0.12064668053185959,
            0,
            0.03214696157124554,
            0.035370516368463424,
            0.03235360371820695,
            0.09761089730687456,
            0.09390575852457471,
            0.09242242579797044,
            0.15205879987364837,
            0.1145960956368183,
            0.12047568726828661,
            0.11829801472375553,
            0.11235107944165518,
            0.1120709980666344,
            0.12412741185907189,
            0.1335222205827518,
            0.10331018821300897,
            0.11532286027298017,
            0.10943302237228954,
            0.18094355934170794,
            0.12971011961403958,
            0.1297572994566648,
            0.16403989132615365,
            0.1553543587708959,
            0.14326354650356316,
            0.4471557359665215,
            0.433340731587685,
            0.4290681060007187,
            0.4753770112367526,
            0.47550926089855033,
            0.45858298039017653
        ],
        [
            0.44349382186447717,
            0.44250539769807135,
            0.17628205285642123,
            0.177324788066424,
            0.2224949053709276,
            0.21174976936965412,
            0.17616945371952236,
            0.23325653355892273,
            0.16321723462598406,
            0.12680852436912798,
            0.13148137631110698,
            0.13817392180316185,
            0.17433719842261336,
            0.11731866547227171,
            0.12799536831894656,
            0.03214696157124554,
            0,
            0.0427192041555504,
            0.039702291505293925,
            0.10495958509396153,
            0.10125444631166168,
            0.09977111358505741,
            0.15940748766073534,
            0.12194478342390527,
            0.12782437505537358,
            0.1256467025108425,
            0.11969976722874215,
            0.11941968585372137,
            0.13147609964615886,
            0.14087090836983876,
            0.11065887600009594,
            0.12267154806006714,
            0.11678171015937651,
            0.18829224712879492,
            0.13705880740112655,
            0.13710598724375178,
            0.17138857911324062,
            0.16270304655798287,
            0.15061223429065013,
            0.45450442375360844,
            0.44068941937477196,
            0.4364167937878057,
            0.48272569902383955,
            0.4828579486856373,
            0.4659316681772635
        ],
        [
            0.437843065706971,
            0.4368546415405652,
            0.1706312966989151,
            0.17167403190891786,
            0.21684414921342146,
            0.206099013212148,
            0.17051869756201626,
            0.2276057774014166,
            0.15756647846847793,
            0.12115776821162187,
            0.12583062015360086,
            0.13252316564565575,
            0.16868644226510723,
            0.11166790931476558,
            0.12234461216144044,
            0.035370516368463424,
            0.0427192041555504,
            0,
            0.0340515353477878,
            0.0993088289364554,
            0.09560369015415555,
            0.09412035742755129,
            0.15375673150322922,
            0.11629402726639915,
            0.12217361889786746,
            0.11999594635333638,
            0.11404901107123602,
            0.11376892969621524,
            0.12582534348865274,
            0.13522015221233263,
            0.10500811984258981,
            0.11702079190256101,
            0.11113095400187038,
            0.1826414909712888,
            0.13140805124362043,
            0.13145523108624566,
            0.16573782295573453,
            0.15705229040047675,
            0.14496147813314397,
            0.4488536675961023,
            0.4350386632172658,
            0.4307660376302995,
            0.47707494286633334,
            0.47720719252813115,
            0.4602809120197573
        ],
        [
            0.42552078334617216,
            0.42453235917976634,
            0.15830901433811626,
            0.159351749548119,
            0.2045218668526226,
            0.19377673085134914,
            0.1581964152012174,
            0.21528349504061775,
            0.14524419610767908,
            0.10883548585082302,
            0.113508337792802,
            0.12020088328485688,
            0.15636415990430838,
            0.09934562695396673,
            0.11002232980064158,
            0.03235360371820695,
            0.039702291505293925,
            0.0340515353477878,
            0,
            0.08698654657565655,
            0.0832814077933567,
            0.08179807506675243,
            0.14143444914243036,
            0.1039717449056003,
            0.1098513365370686,
            0.10767366399253753,
            0.10172672871043717,
            0.10144664733541639,
            0.11350306112785388,
            0.12289786985153378,
            0.09268583748179096,
            0.10469850954176216,
            0.09880867164107153,
            0.17031920861048994,
            0.11908576888282157,
            0.11913294872544682,
            0.15341554059493567,
            0.1447300080396779,
            0.13263919577234512,
            0.43653138523530344,
            0.42271638085646696,
            0.4184437552695007,
            0.46475266050553454,
            0.4648849101673323,
            0.4479586296589585
        ],
        [
            0.4290622335881254,
            0.4280738094217196,
            0.16185046458006946,
            0.16289319979007222,
            0.20806331709457582,
            0.19731818109330235,
            0.16173786544317062,
            0.21882494528257096,
            0.14878564634963232,
            0.11237693609277624,
            0.11704978803475523,
            0.1237423335268101,
            0.1599056101462616,
            0.10288707719591997,
            0.12558935977056285,
            0.09761089730687456,
            0.10495958509396153,
            0.0993088289364554,
            0.08698654657565655,
            0,
            0.04794168995240684,
            0.04645835722580257,
            0.13539404295305496,
            0.10751319514755352,
            0.11339278677902183,
            0.11121511423449075,
            0.10526817895239039,
            0.10498809757736961,
            0.11704451136980709,
            0.126439320093487,
            0.09622728772374417,
            0.1082399597837154,
            0.10235012188302475,
            0.17386065885244317,
            0.12262721912477481,
            0.12267439896740004,
            0.15695699083688888,
            0.14827145828163113,
            0.13618064601429836,
            0.4400728354772567,
            0.4262578310984202,
            0.4219852055114539,
            0.4682941107474877,
            0.46842636040928554,
            0.4515000799009117
        ],
        [
            0.42535709480582556,
            0.42436867063941974,
            0.15814532579776963,
            0.15918806100777239,
            0.20435817831227598,
            0.19361304231100251,
            0.15803272666087076,
            0.21511980650027113,
            0.14508050756733246,
            0.1086717973104764,
            0.11334464925245538,
            0.12003719474451026,
            0.15620047136396176,
            0.09918193841362011,
            0.12188422098826301,
            0.09390575852457471,
            0.10125444631166168,
            0.09560369015415555,
            0.0832814077933567,
            0.04794168995240684,
            0,
            0.01109884252688576,
            0.1316889041707551,
            0.10380805636525367,
            0.10968764799672198,
            0.1075099754521909,
            0.10156304017009055,
            0.10128295879506977,
            0.11333937258750726,
            0.12273418131118716,
            0.09252214894144434,
            0.10453482100141553,
            0.0986449831007249,
            0.1701555200701433,
            0.11892208034247495,
            0.11896926018510019,
            0.15325185205458902,
            0.14456631949933127,
            0.13247550723199852,
            0.43636769669495684,
            0.42255269231612036,
            0.4182800667291541,
            0.4645889719651879,
            0.4647212216269857,
            0.44779494111861184
        ],
        [
            0.4238737620792213,
            0.42288533791281546,
            0.15666199307116535,
            0.1577047282811681,
            0.2028748455856717,
            0.19212970958439823,
            0.1565493939342665,
            0.21363647377366685,
            0.1435971748407282,
            0.10718846458387213,
            0.11186131652585111,
            0.11855386201790599,
            0.15471713863735748,
            0.09769860568701585,
            0.12040088826165873,
            0.09242242579797044,
            0.09977111358505741,
            0.09412035742755129,
            0.08179807506675243,
            0.04645835722580257,
            0.01109884252688576,
            0,
            0.13020557144415085,
            0.1023247236386494,
            0.10820431527011772,
            0.10602664272558664,
            0.10007970744348628,
            0.0997996260684655,
            0.11185603986090298,
            0.12125084858458288,
            0.09103881621484006,
            0.10305148827481128,
            0.09716165037412064,
            0.16867218734353906,
            0.1174387476158707,
            0.11748592745849593,
            0.15176851932798477,
            0.14308298677272702,
            0.13099217450539424,
            0.43488436396835256,
            0.4210693595895161,
            0.4167967340025498,
            0.4631056392385836,
            0.4632378889003814,
            0.44631160839200756
        ],
        [
            0.48351013615489924,
            0.4825217119884934,
            0.2162983671468433,
            0.21734110235684606,
            0.26251121966134966,
            0.2517660836600762,
            0.21618576800994443,
            0.2732728478493448,
            0.20323354891640613,
            0.16682483865955006,
            0.17149769060152906,
            0.17819023609358392,
            0.21435351271303543,
            0.15733497976269378,
            0.1800372623373367,
            0.15205879987364837,
            0.15940748766073534,
            0.15375673150322922,
            0.14143444914243036,
            0.13539404295305496,
            0.1316889041707551,
            0.13020557144415085,
            0,
            0.16196109771432735,
            0.16784068934579566,
            0.16566301680126458,
            0.15971608151916422,
            0.15943600014414344,
            0.17149241393658093,
            0.18088722266026083,
            0.150675190290518,
            0.1626878623504892,
            0.15679802444979857,
            0.228308561419217,
            0.17707512169154865,
            0.17712230153417388,
            0.21140489340366272,
            0.20271936084840497,
            0.1906285485810722,
            0.4945207380440305,
            0.48070573366519403,
            0.47643310807822775,
            0.5227420133142616,
            0.5228742629760594,
            0.5059479824676856
        ],
        [
            0.4048760412150622,
            0.4038876170486564,
            0.1644305896750444,
            0.16547332488504715,
            0.21064344218955078,
            0.1998983061882773,
            0.16431799053814555,
            0.22140507037754592,
            0.15136577144460722,
            0.11495706118775116,
            0.11962991312973015,
            0.12632245862178504,
            0.16248573524123652,
            0.10546720229089489,
            0.14257455810050662,
            0.1145960956368183,
            0.12194478342390527,
            0.11629402726639915,
            0.1039717449056003,
            0.10751319514755352,
            0.10380805636525367,
            0.1023247236386494,
            0.16196109771432735,
            0,
            0.01298538498382205,
            0.03134232163076297,
            0.048943755968436975,
            0.048663674593416195,
            0.0928583189967439,
            0.1022531277204238,
            0.07204109535068098,
            0.0840537674106522,
            0.07816392950996157,
            0.14967446647937996,
            0.09844102675171162,
            0.09848820659433685,
            0.1327707984638257,
            0.12408526590856793,
            0.11199445364123517,
            0.4158866431041935,
            0.402071638725357,
            0.3977990131383907,
            0.44410791837442454,
            0.44424016803622235,
            0.4273138875278485
        ],
        [
            0.4107556328465305,
            0.4097672086801247,
            0.1703101813065127,
            0.17135291651651546,
            0.21652303382101906,
            0.2057778978197456,
            0.17019758216961384,
            0.2272846620090142,
            0.15724536307607553,
            0.12083665281921947,
            0.12550950476119846,
            0.13220205025325332,
            0.16836532687270483,
            0.1113467939223632,
            0.1484541497319749,
            0.12047568726828661,
            0.12782437505537358,
            0.12217361889786746,
            0.1098513365370686,
            0.11339278677902183,
            0.10968764799672198,
            0.10820431527011772,
            0.16784068934579566,
            0.01298538498382205,
            0,
            0.03722191326223129,
            0.05482334759990529,
            0.05454326622488451,
            0.09873791062821222,
            0.10813271935189211,
            0.0779206869821493,
            0.0899333590421205,
            0.08404352114142988,
            0.15555405811084827,
            0.10432061838317991,
            0.10436779822580515,
            0.138650390095294,
            0.12996485754003623,
            0.11787404527270347,
            0.42176623473566177,
            0.4079512303568253,
            0.403678604769859,
            0.4499875100058929,
            0.45011975966769063,
            0.43319347915931683
        ],
        [
            0.40857796030199944,
            0.4075895361355936,
            0.16813250876198163,
            0.16917524397198438,
            0.214345361276488,
            0.20360022527521454,
            0.1680199096250828,
            0.22510698946448315,
            0.15506769053154446,
            0.1186589802746884,
            0.12333183221666738,
            0.13002437770872227,
            0.16618765432817376,
            0.10916912137783212,
            0.14627647718744385,
            0.11829801472375553,
            0.1256467025108425,
            0.11999594635333638,
            0.10767366399253753,
            0.11121511423449075,
            0.1075099754521909,
            0.10602664272558664,
            0.16566301680126458,
            0.03134232163076297,
            0.03722191326223129,
            0,
            0.05264567505537421,
            0.05236559368035343,
            0.09656023808368114,
            0.10595504680736104,
            0.07574301443761822,
            0.08775568649758943,
            0.0818658485968988,
            0.1533763855663172,
            0.10214294583864883,
