{
    "NEXUS_FILE_URL": "http://purl.org/phylo/treebase/phylows/study/TB2:S13386",
    "NEWICK_TREE": "((2:0.2288757476017139,((13:0.0481144791527403,18:0.10527513265728304):0.08931906783264759,(3:0.04506180029525392,(6:0.047177015061952966,((((14:0.003994052528228053,(8:6.914771495546039E-4,9:6.91477420595573E-4):0.006293842368824615):0.005179745220374321,((10:0.0044065211008738475,(11:0.004538150413850702,19:0.0033158251494304616):0.00131990853151851):0.0020969699816420313,15:0.011044391167601267):0.004566661140572141):0.016783684291446395,((17:0.0030617043318467013,12:6.847008812615107E-4):0.004994472513281773,(16:0.005234924544261323,7:0.006776359613311681):0.0031586003124833744):0.011585948765552002):0.027399487976079075,(4:0.013167605459219769,5:0.010161754599507878):0.040658054664656086):0.0028299996744398934):0.00614651721051398):0.055627363096017575):0.04886906481355559):0.08031607850031536,1:0.08031607850031536);",
    "DISTANCE_MATRIX": [
        [
            0.0,
            0.4151783594006574,
            0.4723390129052001,
            0.3784339758065409,
            0.38669570778375395,
            0.39570566241236876,
            0.39869692940252,
            0.39869692967356096,
            0.39760201688685437,
            0.39905355473134974,
            0.3978312294669295,
            0.4021429169719398,
            0.3893903059830005,
            0.3870133025324153,
            0.38972765399461673,
            0.3912690890636671,
            0.3961743525201168,
            0.39316850166040485,
            0.3895079046023446
        ],
        [
            0.4151783594006574,
            0.0,
            0.15338961181002334,
            0.23812271037665939,
            0.2463844423538724,
            0.25539439698248717,
            0.2583856639726384,
            0.25838566424367937,
            0.25729075145697283,
            0.2587422893014682,
            0.25751996403704797,
            0.26183165154205823,
            0.2490790405531189,
            0.2467020371025337,
            0.24941638856473514,
            0.2509578236337855,
            0.2558630870902352,
            0.2528572362305233,
            0.3469347687995742
        ],
        [
            0.4723390129052001,
            0.15338961181002334,
            0.0,
            0.29528336388120213,
            0.30354509585841516,
            0.3125550504870299,
            0.3155463174771811,
            0.31554631774822206,
            0.3144514049615156,
            0.31590294280601094,
            0.3146806175415907,
            0.318992305046601,
            0.30623969405766166,
            0.30386269060707644,
            0.3065770420692779,
            0.30811847713832824,
            0.31302374059477794,
            0.31001788973506605,
            0.40409542230411694
        ],
        [
            0.3784339758065409,
            0.23812271037665939,
            0.29528336388120213,
            0.0,
            0.09838533256772086,
            0.10739528719633562,
            0.11038655418648681,
            0.11038655445752778,
            0.10929164167082128,
            0.11074317951531665,
            0.10952085425089642,
            0.11383254175590668,
            0.10107993076696734,
            0.09870292731638214,
            0.10141727877858356,
            0.10295871384763391,
            0.10786397730408365,
            0.10485812644437176,
            0.3101903852054578
        ],
        [
            0.38669570778375395,
            0.2463844423538724,
            0.30354509585841516,
            0.09838533256772086,
            0.0,
            0.1033639847525207,
            0.10635525174267188,
            0.10635525201371285,
            0.10526033922700634,
            0.1067118770715017,
            0.10548955180708147,
            0.10980123931209174,
            0.09704862832315242,
            0.09467162487256722,
            0.09738597633476864,
            0.098927411403819,
            0.1038326748602687,
            0.10082682400055681,
            0.3184521171826708
        ],
        [
            0.39570566241236876,
            0.25539439698248717,
            0.3125550504870299,
            0.10739528719633562,
            0.1033639847525207,
            0.0,
            0.010979372046607271,
            0.010979372317648242,
            0.020243949971690392,
            0.021695487816185757,
            0.02047316255176552,
            0.024784850056775783,
            0.04559960765072924,
            0.04322260420014405,
            0.045936955662345465,
            0.04747839073139583,
            0.10718263014000369,
            0.1041767792802918,
            0.3274620718112856
        ],
        [
            0.39869692940252,
            0.2583856639726384,
            0.3155463174771811,
            0.11038655418648681,
            0.10635525174267188,
            0.010979372046607271,
            0.0,
            0.001382954570150177,
            0.02323521696184156,
            0.024686754806336926,
            0.023464429541916687,
            0.027776117046926948,
            0.04859087464088041,
            0.04621387119029522,
            0.048928222652496633,
            0.05046965772154699,
            0.11017389713015487,
            0.10716804627044298,
            0.3304533388014368
        ],
        [
            0.39869692967356096,
            0.25838566424367937,
            0.31554631774822206,
            0.11038655445752778,
            0.10635525201371285,
            0.010979372317648242,
            0.001382954570150177,
            0.0,
            0.023235217232882528,
            0.024686755077377893,
            0.023464429812957655,
            0.027776117317967915,
            0.04859087491192138,
            0.04621387146133619,
            0.0489282229235376,
            0.05046965799258796,
            0.11017389740119583,
            0.10716804654148394,
            0.33045333907247776
        ],
        [
            0.39760201688685437,
            0.25729075145697283,
            0.3144514049615156,
            0.10929164167082128,
            0.10526033922700634,
            0.020243949971690392,
            0.02323521696184156,
            0.023235217232882528,
            0.0,
            0.01026458004624306,
            0.00904225478182282,
            0.017547882250117147,
            0.04749596212521489,
            0.0451189586746297,
            0.04783331013683111,
            0.049374745205881476,
            0.10907898461448934,
            0.10607313375477745,
            0.3293584262857712
        ],
        [
            0.39905355473134974,
            0.2587422893014682,
            0.31590294280601094,
            0.11074317951531665,
            0.1067118770715017,
            0.021695487816185757,
            0.024686754806336926,
            0.024686755077377893,
            0.01026458004624306,
            0.0,
            0.007853975563281164,
            0.018999420094612512,
            0.048947499969710255,
            0.046570496519125065,
            0.04928484798132648,
            0.05082628305037684,
            0.1105305224589847,
            0.10752467159927281,
            0.3308099641302666
        ],
        [
            0.3978312294669295,
            0.25751996403704797,
            0.3146806175415907,
            0.10952085425089642,
            0.10548955180708147,
            0.02047316255176552,
            0.023464429541916687,
            0.023464429812957655,
            0.00904225478182282,
            0.007853975563281164,
            0.0,
            0.01777709483019227,
            0.047725174705290016,
            0.045348171254704826,
            0.04806252271690624,
            0.049603957785956596,
            0.10930819719456447,
            0.10630234633485258,
            0.32958763886584636
        ],
        [
            0.4021429169719398,
            0.26183165154205823,
            0.318992305046601,
            0.11383254175590668,
            0.10980123931209174,
            0.024784850056775783,
            0.027776117046926948,
            0.027776117317967915,
            0.017547882250117147,
            0.018999420094612512,
            0.01777709483019227,
            0.0,
            0.05203686221030028,
            0.04965985875971509,
            0.0523742102219165,
            0.05391564529096686,
            0.11361988469957474,
            0.11061403383986285,
            0.3338993263708566
        ],
        [
            0.3893903059830005,
            0.2490790405531189,
            0.30623969405766166,
            0.10107993076696734,
            0.09704862832315242,
            0.04559960765072924,
            0.04859087464088041,
            0.04859087491192138,
            0.04749596212521489,
            0.048947499969710255,
            0.047725174705290016,
            0.05203686221030028,
            0.0,
            0.003746405213108212,
            0.01644970170187317,
            0.01799113677092353,
            0.1008672737106354,
            0.09786142285092352,
            0.3211467153819173
        ],
        [
            0.3870133025324153,
            0.2467020371025337,
            0.30386269060707644,
            0.09870292731638214,
            0.09467162487256722,
            0.04322260420014405,
            0.04621387119029522,
            0.04621387146133619,
            0.0451189586746297,
            0.046570496519125065,
            0.045348171254704826,
            0.04965985875971509,
            0.003746405213108212,
            0.0,
            0.014072698251287982,
            0.015614133320338338,
            0.09849027026005021,
            0.09548441940033832,
            0.3187697119313321
        ],
        [
            0.38972765399461673,
            0.24941638856473514,
            0.3065770420692779,
            0.10141727877858356,
            0.09738597633476864,
            0.045936955662345465,
            0.048928222652496633,
            0.0489282229235376,
            0.04783331013683111,
            0.04928484798132648,
            0.04806252271690624,
            0.0523742102219165,
            0.01644970170187317,
            0.014072698251287982,
            0.0,
            0.012011284157573004,
            0.10120462172225163,
            0.09819877086253974,
            0.3214840633935335
        ],
        [
            0.3912690890636671,
            0.2509578236337855,
            0.30811847713832824,
            0.10295871384763391,
            0.098927411403819,
            0.04747839073139583,
            0.05046965772154699,
            0.05046965799258796,
            0.049374745205881476,
            0.05082628305037684,
            0.049603957785956596,
            0.05391564529096686,
            0.01799113677092353,
            0.015614133320338338,
            0.012011284157573004,
            0.0,
            0.10274605679130198,
            0.0997402059315901,
            0.3230254984625839
        ],
        [
            0.3961743525201168,
            0.2558630870902352,
            0.31302374059477794,
            0.10786397730408365,
            0.1038326748602687,
            0.10718263014000369,
            0.11017389713015487,
            0.11017389740119583,
            0.10907898461448934,
            0.1105305224589847,
            0.10930819719456447,
            0.11361988469957474,
            0.1008672737106354,
            0.09849027026005021,
            0.10120462172225163,
            0.10274605679130198,
            0.0,
            0.023329360058727648,
            0.3279307619190336
        ],
        [
            0.39316850166040485,
            0.2528572362305233,
            0.31001788973506605,
            0.10485812644437176,
            0.10082682400055681,
            0.1041767792802918,
            0.10716804627044298,
            0.10716804654148394,
            0.10607313375477745,
            0.10752467159927281,
            0.10630234633485258,
            0.11061403383986285,
            0.09786142285092352,
            0.09548441940033832,
            0.09819877086253974,
            0.0997402059315901,
            0.023329360058727648,
            0.0,
            0.3249249110593217
        ],
        [
            0.3895079046023446,
            0.3469347687995742,
            0.40409542230411694,
            0.3101903852054578,
            0.3184521171826708,
            0.3274620718112856,
            0.3304533388014368,
            0.33045333907247776,
            0.3293584262857712,
            0.3308099641302666,
            0.32958763886584636,
            0.3338993263708566,
            0.3211467153819173,
            0.3187697119313321,
            0.3214840633935335,
            0.3230254984625839,
            0.3279307619190336,
            0.3249249110593217,
            0.0
        ]
    ],
    "NODE_MAPPING": {
        "0": "2",
        "1": "13",
        "2": "18",
        "3": "3",
        "4": "6",
        "5": "14",
        "6": "8",
        "7": "9",
        "8": "10",
        "9": "11",
        "10": "19",
        "11": "15",
        "12": "17",
        "13": "12",
        "14": "16",
        "15": "7",
        "16": "4",
        "17": "5",
        "18": "1"
    }
}