{
    "NEXUS_FILE_URL": "http://purl.org/phylo/treebase/phylows/study/TB2:S14387",
    "NEWICK_TREE": "((21:0.0048356,22:0.0035399):0.007999305,((1:1.0E-8,2:1.0E-8):0.00577842,((14:0.00132379,15:1.0E-8):0.00176797,(((16:8.8595E-4,17:8.8476E-4):0.00269403,(20:1.0E-8,(18:1.0E-8,19:1.0E-8):1.0E-8):0.00451278):0.0027398,(((6:8.868E-4,7:0.00176881):8.6504E-4,(4:0.00130824,(3:1.0E-8,5:1.0E-8):1.0E-8):9.0346E-4):0.00630314,((12:1.0E-8,13:1.0E-8):0.00398787,((8:1.0E-8,9:0.00132019):0.00131856,(10:0.00534588,11:1.0E-8):0.0021088):1.0E-8):0.0):0.00178405):0.0):5.5564E-4):0.007999305);",
    "DISTANCE_MATRIX": [
        [
            0.0,
            0.0083755,
            0.02661264,
            0.02661264,
            0.02448161,
            0.02315783,
            0.02770963,
            0.02770844,
            0.028642439999999998,
            0.02864245,
            0.02864245,
            0.03122888,
            0.03211089,
            0.03168874,
            0.03038052,
            0.03038052,
            0.02716178,
            0.02716178,
            0.02449248,
            0.02581266,
            0.03062859,
            0.02528272
        ],
        [
            0.0083755,
            0.0,
            0.02531694,
            0.02531694,
            0.02318591,
            0.02186213,
            0.026413930000000002,
            0.02641274,
            0.027346739999999998,
            0.02734675,
            0.02734675,
            0.02993318,
            0.03081519,
            0.03039304,
            0.02908482,
            0.02908482,
            0.02586608,
            0.02586608,
            0.02319678,
            0.02451696,
            0.02933289,
            0.023987019999999998
        ],
        [
            0.02661264,
            0.02531694,
            0.0,
            2e-08,
            0.00942583,
            0.00810205,
            0.012653850000000001,
            0.01265266,
            0.01358666,
            0.013586669999999999,
            0.013586669999999999,
            0.0161731,
            0.01705511,
            0.01663296,
            0.01532474,
            0.01532474,
            0.012105999999999999,
            0.012105999999999999,
            0.0094367,
            0.01075688,
            0.01557281,
            0.01022694
        ],
        [
            0.02661264,
            0.02531694,
            2e-08,
            0.0,
            0.00942583,
            0.00810205,
            0.012653850000000001,
            0.01265266,
            0.01358666,
            0.013586669999999999,
            0.013586669999999999,
            0.0161731,
            0.01705511,
            0.01663296,
            0.01532474,
            0.01532474,
            0.012105999999999999,
            0.012105999999999999,
            0.0094367,
            0.01075688,
            0.01557281,
            0.01022694
        ],
        [
            0.02448161,
            0.02318591,
            0.00942583,
            0.00942583,
            0.0,
            0.0013238,
            0.00941154,
            0.009410350000000001,
            0.010344349999999999,
            0.01034436,
            0.01034436,
            0.012930790000000001,
            0.0138128,
            0.01339065,
            0.012082429999999998,
            0.012082429999999998,
            0.00886369,
            0.00886369,
            0.006194389999999999,
            0.00751457,
            0.012330500000000001,
            0.0069846299999999995
        ],
        [
            0.02315783,
            0.02186213,
            0.00810205,
            0.00810205,
            0.0013238,
            0.0,
            0.008087760000000001,
            0.008086570000000001,
            0.00902057,
            0.00902058,
            0.00902058,
            0.011607010000000001,
            0.01248902,
            0.01206687,
            0.01075865,
            0.01075865,
            0.0075399099999999995,
            0.0075399099999999995,
            0.00487061,
            0.00619079,
            0.011006720000000001,
            0.005660849999999999
        ],
        [
            0.02770963,
            0.026413930000000002,
            0.012653850000000001,
            0.012653850000000001,
            0.00941154,
            0.008087760000000001,
            0.0,
            0.00177071,
            0.008092769999999999,
            0.00809278,
            0.00809278,
            0.016158810000000003,
            0.017040819999999998,
            0.016618670000000002,
            0.01531045,
            0.01531045,
            0.01209171,
            0.01209171,
            0.00942241,
            0.01074259,
            0.015558520000000001,
            0.01021265
        ],
        [
            0.02770844,
            0.02641274,
            0.01265266,
            0.01265266,
            0.009410350000000001,
            0.008086570000000001,
            0.00177071,
            0.0,
            0.008091580000000001,
            0.00809159,
            0.00809159,
            0.01615762,
            0.01703963,
            0.01661748,
            0.01530926,
            0.01530926,
            0.01209052,
            0.01209052,
            0.009421220000000001,
            0.010741400000000002,
            0.015557330000000001,
            0.01021146
        ],
        [
            0.028642439999999998,
            0.027346739999999998,
            0.01358666,
            0.01358666,
            0.010344349999999999,
            0.00902057,
            0.008092769999999999,
            0.008091580000000001,
            0.0,
            3.0000000000000004e-08,
            3.0000000000000004e-08,
            0.017091620000000002,
            0.017973629999999997,
            0.01755148,
            0.01624326,
            0.01624326,
            0.01302452,
            0.01302452,
            0.01035522,
            0.011675399999999999,
            0.01649133,
            0.01114546
        ],
        [
            0.02864245,
            0.02734675,
            0.013586669999999999,
            0.013586669999999999,
            0.01034436,
            0.00902058,
            0.00809278,
            0.00809159,
            3.0000000000000004e-08,
            0.0,
            2e-08,
            0.01709163,
            0.01797364,
            0.01755149,
            0.016243269999999997,
            0.016243269999999997,
            0.01302453,
            0.01302453,
            0.01035523,
            0.01167541,
            0.01649134,
            0.01114547
        ],
        [
            0.02864245,
            0.02734675,
            0.013586669999999999,
            0.013586669999999999,
            0.01034436,
            0.00902058,
            0.00809278,
            0.00809159,
            3.0000000000000004e-08,
            2e-08,
            0.0,
            0.01709163,
            0.01797364,
            0.01755149,
            0.016243269999999997,
            0.016243269999999997,
            0.01302453,
            0.01302453,
            0.01035523,
            0.01167541,
            0.01649134,
            0.01114547
        ],
        [
            0.03122888,
            0.02993318,
            0.0161731,
            0.0161731,
            0.012930790000000001,
            0.011607010000000001,
            0.016158810000000003,
            0.01615762,
            0.017091620000000002,
            0.01709163,
            0.01709163,
            0.0,
            0.00265561,
            0.00396354,
            0.00265532,
            0.00265532,
            0.012042859999999999,
            0.012042859999999999,
            0.00937356,
            0.01069374,
            0.01550967,
            0.0101638
        ],
        [
            0.03211089,
            0.03081519,
            0.01705511,
            0.01705511,
            0.0138128,
            0.01248902,
            0.017040819999999998,
            0.01703963,
            0.017973629999999997,
            0.01797364,
            0.01797364,
            0.00265561,
            0.0,
            0.0048455500000000006,
            0.00353733,
            0.00353733,
            0.012924869999999998,
            0.012924869999999998,
            0.010255569999999999,
            0.01157575,
            0.01639168,
            0.01104581
        ],
        [
            0.03168874,
            0.03039304,
            0.01663296,
            0.01663296,
            0.01339065,
            0.01206687,
            0.016618670000000002,
            0.01661748,
            0.01755148,
            0.01755149,
            0.01755149,
            0.00396354,
            0.0048455500000000006,
            0.0,
            0.0013082600000000001,
            0.0013082600000000001,
            0.012502719999999998,
            0.012502719999999998,
            0.009833419999999999,
            0.0111536,
            0.01596953,
            0.01062366
        ],
        [
            0.03038052,
            0.02908482,
            0.01532474,
            0.01532474,
            0.012082429999999998,
            0.01075865,
            0.01531045,
            0.01530926,
            0.01624326,
            0.016243269999999997,
            0.016243269999999997,
            0.00265532,
            0.00353733,
            0.0013082600000000001,
            0.0,
            2e-08,
            0.0111945,
            0.0111945,
            0.0085252,
            0.009845379999999999,
            0.01466131,
            0.00931544
        ],
        [
            0.03038052,
            0.02908482,
            0.01532474,
            0.01532474,
            0.012082429999999998,
            0.01075865,
            0.01531045,
            0.01530926,
            0.01624326,
            0.016243269999999997,
            0.016243269999999997,
            0.00265532,
            0.00353733,
            0.0013082600000000001,
            2e-08,
            0.0,
            0.0111945,
            0.0111945,
            0.0085252,
            0.009845379999999999,
            0.01466131,
            0.00931544
        ],
        [
            0.02716178,
            0.02586608,
            0.012105999999999999,
            0.012105999999999999,
            0.00886369,
            0.0075399099999999995,
            0.01209171,
            0.01209052,
            0.01302452,
            0.01302453,
            0.01302453,
            0.012042859999999999,
            0.012924869999999998,
            0.012502719999999998,
            0.0111945,
            0.0111945,
            0.0,
            2e-08,
            0.00530646,
            0.00662664,
            0.011442569999999999,
            0.0060967
        ],
        [
            0.02716178,
            0.02586608,
            0.012105999999999999,
            0.012105999999999999,
            0.00886369,
            0.0075399099999999995,
            0.01209171,
            0.01209052,
            0.01302452,
            0.01302453,
            0.01302453,
            0.012042859999999999,
            0.012924869999999998,
            0.012502719999999998,
            0.0111945,
            0.0111945,
            2e-08,
            0.0,
            0.00530646,
            0.00662664,
            0.011442569999999999,
            0.0060967
        ],
        [
            0.02449248,
            0.02319678,
            0.0094367,
            0.0094367,
            0.006194389999999999,
            0.00487061,
            0.00942241,
            0.009421220000000001,
            0.01035522,
            0.01035523,
            0.01035523,
            0.00937356,
            0.010255569999999999,
            0.009833419999999999,
            0.0085252,
            0.0085252,
            0.00530646,
            0.00530646,
            0.0,
            0.0013201999999999999,
            0.00877325,
            0.00342738
        ],
        [
            0.02581266,
            0.02451696,
            0.01075688,
            0.01075688,
            0.00751457,
            0.00619079,
            0.01074259,
            0.010741400000000002,
            0.011675399999999999,
            0.01167541,
            0.01167541,
            0.01069374,
            0.01157575,
            0.0111536,
            0.009845379999999999,
            0.009845379999999999,
            0.00662664,
            0.00662664,
            0.0013201999999999999,
            0.0,
            0.01009343,
            0.00474756
        ],
        [
            0.03062859,
            0.02933289,
            0.01557281,
            0.01557281,
            0.012330500000000001,
            0.011006720000000001,
            0.015558520000000001,
            0.015557330000000001,
            0.01649133,
            0.01649134,
            0.01649134,
            0.01550967,
            0.01639168,
            0.01596953,
            0.01466131,
            0.01466131,
            0.011442569999999999,
            0.011442569999999999,
            0.00877325,
            0.01009343,
            0.0,
            0.00534589
        ],
        [
            0.02528272,
            0.023987019999999998,
            0.01022694,
            0.01022694,
            0.0069846299999999995,
            0.005660849999999999,
            0.01021265,
            0.01021146,
            0.01114546,
            0.01114547,
            0.01114547,
            0.0101638,
            0.01104581,
            0.01062366,
            0.00931544,
            0.00931544,
            0.0060967,
            0.0060967,
            0.00342738,
            0.00474756,
            0.00534589,
            0.0
        ]
    ],
    "NODE_MAPPING": {
        "0": "21",
        "1": "22",
        "2": "1",
        "3": "2",
        "4": "14",
        "5": "15",
        "6": "16",
        "7": "17",
        "8": "20",
        "9": "18",
        "10": "19",
        "11": "6",
        "12": "7",
        "13": "4",
        "14": "3",
        "15": "5",
        "16": "12",
        "17": "13",
        "18": "8",
        "19": "9",
        "20": "10",
        "21": "11"
    }
}