{
    "NEXUS_FILE_URL": "http://purl.org/phylo/treebase/phylows/study/TB2:S14602",
    "NEWICK_TREE": "((15:0.25163207,(13:0.0936406,14:0.08688439):0.13565903):0.07271531,(((6:0.06659238,7:0.07959784):0.07199009,(1:0.12329794,(3:0.07264497,(2:0.0483998,(4:0.03289964,5:0.05259018):0.00777655):0.03232095):0.0456013):0.07454449):0.02843036,((16:0.05994507,(10:0.0577393,17:0.05554814):0.01302542):0.16624637,(8:0.14862448,(11:0.1457364,(18:0.1389639,(9:0.07949726,12:0.09390492):0.01318773):0.04447777):0.04225191):0.0195433):0.02940989):0.07271531);",
    "DISTANCE_MATRIX": [
        [
            0.0,
            0.4809317,
            0.47417549000000003,
            0.5640755199999999,
            0.57708098,
            0.6233354799999999,
            0.61828381,
            0.62635959,
            0.61863598,
            0.63832652,
            0.65266402,
            0.66348367,
            0.66129251,
            0.59464036,
            0.63400419,
            0.67170946,
            0.6254305499999999,
            0.63983821
        ],
        [
            0.4809317,
            0.0,
            0.18052499,
            0.54174308,
            0.5547485400000001,
            0.60100304,
            0.5959513700000001,
            0.6040271500000001,
            0.5963035400000001,
            0.6159940800000001,
            0.6303315800000001,
            0.6411512300000001,
            0.6389600700000001,
            0.5723079200000001,
            0.6116717500000001,
            0.6493770200000001,
            0.60309811,
            0.6175057700000001
        ],
        [
            0.47417549000000003,
            0.18052499,
            0.0,
            0.53498687,
            0.54799233,
            0.59424683,
            0.58919516,
            0.59727094,
            0.58954733,
            0.6092378700000001,
            0.6235753700000001,
            0.63439502,
            0.6322038600000001,
            0.56555171,
            0.60491554,
            0.64262081,
            0.5963419,
            0.61074956
        ],
        [
            0.5640755199999999,
            0.54174308,
            0.53498687,
            0.0,
            0.14619022,
            0.3364249,
            0.33137323,
            0.33944901000000005,
            0.3317254,
            0.35141594000000004,
            0.42261416,
            0.43343381000000003,
            0.43124265,
            0.3645905,
            0.40395433,
            0.4416596,
            0.39538069,
            0.40978834999999997
        ],
        [
            0.57708098,
            0.5547485400000001,
            0.54799233,
            0.14619022,
            0.0,
            0.34943036000000005,
            0.34437869,
            0.3524544700000001,
            0.34473086,
            0.3644214,
            0.43561962,
            0.44643927000000005,
            0.44424811,
            0.37759595999999995,
            0.41695978999999994,
            0.45466505999999995,
            0.40838615,
            0.42279380999999994
        ],
        [
            0.6233354799999999,
            0.60100304,
            0.59424683,
            0.3364249,
            0.34943036000000005,
            0.0,
            0.24154420999999998,
            0.24961999,
            0.24189638,
            0.26158692,
            0.48187412,
            0.49269377000000003,
            0.49050261,
            0.42385046,
            0.46321429,
            0.50091956,
            0.45464065,
            0.46904830999999997
        ],
        [
            0.61828381,
            0.5959513700000001,
            0.58919516,
            0.33137323,
            0.34437869,
            0.24154420999999998,
            0.0,
            0.15336572,
            0.14564211,
            0.16533265,
            0.47682245,
            0.4876421,
            0.48545094,
            0.41879879,
            0.45816261999999996,
            0.49586789,
            0.44958897999999997,
            0.46399663999999996
        ],
        [
            0.62635959,
            0.6040271500000001,
            0.59727094,
            0.33944901000000005,
            0.3524544700000001,
            0.24961999,
            0.15336572,
            0.0,
            0.08907599,
            0.10876653,
            0.48489823000000004,
            0.49571788000000006,
            0.49352672000000003,
            0.42687457,
            0.4662384,
            0.50394367,
            0.45766476,
            0.47207242
        ],
        [
            0.61863598,
            0.5963035400000001,
            0.58954733,
            0.3317254,
            0.34473086,
            0.24189638,
            0.14564211,
            0.08907599,
            0.0,
            0.08548982,
            0.47717462,
            0.48799427,
            0.48580311,
            0.41915095999999996,
            0.45851478999999995,
            0.49622005999999996,
            0.44994114999999996,
            0.46434880999999995
        ],
        [
            0.63832652,
            0.6159940800000001,
            0.6092378700000001,
            0.35141594000000004,
            0.3644214,
            0.26158692,
            0.16533265,
            0.10876653,
            0.08548982,
            0.0,
            0.49686516000000003,
            0.50768481,
            0.50549365,
            0.4388415,
            0.47820533,
            0.5159106,
            0.46963169,
            0.48403935
        ],
        [
            0.65266402,
            0.6303315800000001,
            0.6235753700000001,
            0.42261416,
            0.43561962,
            0.48187412,
            0.47682245,
            0.48489823000000004,
            0.47717462,
            0.49686516000000003,
            0.0,
            0.13070979,
            0.12851863000000002,
            0.39435922,
            0.43372305,
            0.47142832,
            0.42514941,
            0.43955707
        ],
        [
            0.66348367,
            0.6411512300000001,
            0.63439502,
            0.43343381000000003,
            0.44643927000000005,
            0.49269377000000003,
            0.4876421,
            0.49571788000000006,
            0.48799427,
            0.50768481,
            0.13070979,
            0.0,
            0.11328744,
            0.40517886999999997,
            0.44454269999999996,
            0.48224796999999997,
            0.43596906,
            0.45037671999999995
        ],
        [
            0.66129251,
            0.6389600700000001,
            0.6322038600000001,
            0.43124265,
            0.44424811,
            0.49050261,
            0.48545094,
            0.49352672000000003,
            0.48580311,
            0.50549365,
            0.12851863000000002,
            0.11328744,
            0.0,
            0.40298771,
            0.44235154,
            0.48005681,
            0.4337779,
            0.44818556
        ],
        [
            0.59464036,
            0.5723079200000001,
            0.56555171,
            0.3645905,
            0.37759595999999995,
            0.42385046,
            0.41879879,
            0.42687457,
            0.41915095999999996,
            0.4388415,
            0.39435922,
            0.40517886999999997,
            0.40298771,
            0.0,
            0.33661279,
            0.37431806,
            0.32803915,
            0.34244681
        ],
        [
            0.63400419,
            0.6116717500000001,
            0.60491554,
            0.40395433,
            0.41695978999999994,
            0.46321429,
            0.45816261999999996,
            0.4662384,
            0.45851478999999995,
            0.47820533,
            0.43372305,
            0.44454269999999996,
            0.44235154,
            0.33661279,
            0.0,
            0.32917807,
            0.28289916,
            0.29730681999999997
        ],
        [
            0.67170946,
            0.6493770200000001,
            0.64262081,
            0.4416596,
            0.45466505999999995,
            0.50091956,
            0.49586789,
            0.50394367,
            0.49622005999999996,
            0.5159106,
            0.47142832,
            0.48224796999999997,
            0.48005681,
            0.37431806,
            0.32917807,
            0.0,
            0.23164889,
            0.24605654999999999
        ],
        [
            0.6254305499999999,
            0.60309811,
            0.5963419,
            0.39538069,
            0.40838615,
            0.45464065,
            0.44958897999999997,
            0.45766476,
            0.44994114999999996,
            0.46963169,
            0.42514941,
            0.43596906,
            0.4337779,
            0.32803915,
            0.28289916,
            0.23164889,
            0.0,
            0.17340218000000002
        ],
        [
            0.63983821,
            0.6175057700000001,
            0.61074956,
            0.40978834999999997,
            0.42279380999999994,
            0.46904830999999997,
            0.46399663999999996,
            0.47207242,
            0.46434880999999995,
            0.48403935,
            0.43955707,
            0.45037671999999995,
            0.44818556,
            0.34244681,
            0.29730681999999997,
            0.24605654999999999,
            0.17340218000000002,
            0.0
        ]
    ],
    "NODE_MAPPING": {
        "0": "15",
        "1": "13",
        "2": "14",
        "3": "6",
        "4": "7",
        "5": "1",
        "6": "3",
        "7": "2",
        "8": "4",
        "9": "5",
        "10": "16",
        "11": "10",
        "12": "17",
        "13": "8",
        "14": "11",
        "15": "18",
        "16": "9",
        "17": "12"
    }
}