{
    "NEXUS_FILE_URL": "http://purl.org/phylo/treebase/phylows/study/TB2:S10940",
    "NEWICK_TREE": "((((1:35.0,2:32.0):36.0,(((3:36.0,(((13:9.0,14:17.0):12.0,(16:11.0,17:13.0):13.0):7.0,15:46.0):15.0):4.0,(4:14.0,5:20.0):20.0):2.0,(6:20.0,(7:27.0,8:13.0):27.0):33.0):11.0):21.0,(10:21.0,11:24.0):28.0):0.0,(9:50.0,12:104.0):16.0);",
    "DISTANCE_MATRIX": [
        [
            0.0,
            67.0,
            124.0,
            131.0,
            139.0,
            134.0,
            136.0,
            149.0,
            118.0,
            124.0,
            135.0,
            169.0,
            155.0,
            141.0,
            144.0,
            158.0,
            212.0
        ],
        [
            67.0,
            0.0,
            121.0,
            128.0,
            136.0,
            131.0,
            133.0,
            146.0,
            115.0,
            121.0,
            132.0,
            166.0,
            152.0,
            138.0,
            141.0,
            155.0,
            209.0
        ],
        [
            124.0,
            121.0,
            0.0,
            79.0,
            87.0,
            82.0,
            84.0,
            97.0,
            74.0,
            80.0,
            95.0,
            129.0,
            115.0,
            123.0,
            126.0,
            140.0,
            194.0
        ],
        [
            131.0,
            128.0,
            79.0,
            0.0,
            26.0,
            45.0,
            47.0,
            74.0,
            81.0,
            87.0,
            102.0,
            136.0,
            122.0,
            130.0,
            133.0,
            147.0,
            201.0
        ],
        [
            139.0,
            136.0,
            87.0,
            26.0,
            0.0,
            53.0,
            55.0,
            82.0,
            89.0,
            95.0,
            110.0,
            144.0,
            130.0,
            138.0,
            141.0,
            155.0,
            209.0
        ],
        [
            134.0,
            131.0,
            82.0,
            45.0,
            53.0,
            0.0,
            24.0,
            77.0,
            84.0,
            90.0,
            105.0,
            139.0,
            125.0,
            133.0,
            136.0,
            150.0,
            204.0
        ],
        [
            136.0,
            133.0,
            84.0,
            47.0,
            55.0,
            24.0,
            0.0,
            79.0,
            86.0,
            92.0,
            107.0,
            141.0,
            127.0,
            135.0,
            138.0,
            152.0,
            206.0
        ],
        [
            149.0,
            146.0,
            97.0,
            74.0,
            82.0,
            77.0,
            79.0,
            0.0,
            99.0,
            105.0,
            120.0,
            154.0,
            140.0,
            148.0,
            151.0,
            165.0,
            219.0
        ],
        [
            118.0,
            115.0,
            74.0,
            81.0,
            89.0,
            84.0,
            86.0,
            99.0,
            0.0,
            34.0,
            89.0,
            123.0,
            109.0,
            117.0,
            120.0,
            134.0,
            188.0
        ],
        [
            124.0,
            121.0,
            80.0,
            87.0,
            95.0,
            90.0,
            92.0,
            105.0,
            34.0,
            0.0,
            95.0,
            129.0,
            115.0,
            123.0,
            126.0,
            140.0,
            194.0
        ],
        [
            135.0,
            132.0,
            95.0,
            102.0,
            110.0,
            105.0,
            107.0,
            120.0,
            89.0,
            95.0,
            0.0,
            74.0,
            60.0,
            134.0,
            137.0,
            151.0,
            205.0
        ],
        [
            169.0,
            166.0,
            129.0,
            136.0,
            144.0,
            139.0,
            141.0,
            154.0,
            123.0,
            129.0,
            74.0,
            0.0,
            40.0,
            168.0,
            171.0,
            185.0,
            239.0
        ],
        [
            155.0,
            152.0,
            115.0,
            122.0,
            130.0,
            125.0,
            127.0,
            140.0,
            109.0,
            115.0,
            60.0,
            40.0,
            0.0,
            154.0,
            157.0,
            171.0,
            225.0
        ],
        [
            141.0,
            138.0,
            123.0,
            130.0,
            138.0,
            133.0,
            135.0,
            148.0,
            117.0,
            123.0,
            134.0,
            168.0,
            154.0,
            0.0,
            45.0,
            115.0,
            169.0
        ],
        [
            144.0,
            141.0,
            126.0,
            133.0,
            141.0,
            136.0,
            138.0,
            151.0,
            120.0,
            126.0,
            137.0,
            171.0,
            157.0,
            45.0,
            0.0,
            118.0,
            172.0
        ],
        [
            158.0,
            155.0,
            140.0,
            147.0,
            155.0,
            150.0,
            152.0,
            165.0,
            134.0,
            140.0,
            151.0,
            185.0,
            171.0,
            115.0,
            118.0,
            0.0,
            154.0
        ],
        [
            212.0,
            209.0,
            194.0,
            201.0,
            209.0,
            204.0,
            206.0,
            219.0,
            188.0,
            194.0,
            205.0,
            239.0,
            225.0,
            169.0,
            172.0,
            154.0,
            0.0
        ]
    ],
    "NODE_MAPPING": {
        "0": "1",
        "1": "2",
        "2": "3",
        "3": "13",
        "4": "14",
        "5": "16",
        "6": "17",
        "7": "15",
        "8": "4",
        "9": "5",
        "10": "6",
        "11": "7",
        "12": "8",
        "13": "10",
        "14": "11",
        "15": "9",
        "16": "12"
    }
}