{
    "NEXUS_FILE_URL": "http://purl.org/phylo/treebase/phylows/study/TB2:S12394",
    "NEWICK_TREE": "((((15:1.76E-4,(30:0.002268,((18:0.001529,17:6.42E-4):0.005396,((19:4.65E-4,20:1.3E-5):6.29E-4,16:0.006005):2.68E-4):8.2E-5):0.001947):0.150895,(25:3.07E-4,((((4:0.065178,(37:0.0087,(2:0.007236,1:0.01244):0.001291):0.007966):0.005537,(35:0.160086,(((21:3.7E-5,22:9.43E-4):9.2E-5,(((14:7.54E-4,13:4.42E-4):0.002405,12:0.001751):0.001264,11:0.001286):5.68E-4):0.004365,3:0.006512):0.006786):0.004933):0.047087,23:0.004528):0.00114,24:3.89E-4):0.002256):0.130801):0.142361,(26:0.01052,(9:0.004987,(10:0.001055,27:0.002669):8.57E-4):2.89E-4):0.148918):0.071784,(33:3.1E-4,(((6:0.001096,5:3.89E-4):9.15E-4,((((28:3.66E-4,(7:0.001339,32:6.53E-4):0.001252):9.9E-5,29:0.001455):1.1E-5,31:3.18E-4):7.49E-4,8:0.001047):1.49E-4):0.006556,34:3.47E-4):0.003318):0.014333,36:0.130355);",
    "DISTANCE_MATRIX": [
        [
            0.0,
            0.004391,
            0.009130000000000001,
            0.008243,
            0.003567,
            0.0031149999999999997,
            0.008478000000000001,
            0.282179,
            0.40307,
            0.354558,
            0.354385,
            0.359589,
            0.49737400000000004,
            0.348568,
            0.349474,
            0.35343,
            0.353118,
            0.352022,
            0.350293,
            0.350586,
            0.289796,
            0.284517,
            0.45287,
            0.447626,
            0.44455100000000003,
            0.44616500000000003,
            0.37985900000000006,
            0.39143400000000006,
            0.39072700000000005,
            0.39079700000000006,
            0.39302200000000004,
            0.392336,
            0.39178700000000005,
            0.39063900000000007,
            0.39061900000000005,
            0.38321400000000005,
            0.49557100000000004
        ],
        [
            0.004391,
            0.0,
            0.009274999999999999,
            0.008388,
            0.003712,
            0.00326,
            0.008622999999999999,
            0.286218,
            0.40710899999999994,
            0.35859699999999994,
            0.35842399999999996,
            0.36362799999999995,
            0.501413,
            0.352607,
            0.35351299999999997,
            0.35746900000000004,
            0.35715699999999995,
            0.35606099999999996,
            0.354332,
            0.35462499999999997,
            0.29383499999999996,
            0.28855600000000003,
            0.456909,
            0.451665,
            0.44859,
            0.450204,
            0.383898,
            0.395473,
            0.394766,
            0.394836,
            0.397061,
            0.396375,
            0.395826,
            0.394678,
            0.394658,
            0.387253,
            0.49961
        ],
        [
            0.009130000000000001,
            0.009274999999999999,
            0.0,
            0.002171,
            0.008287,
            0.007835,
            0.013198,
            0.290957,
            0.411848,
            0.363336,
            0.363163,
            0.368367,
            0.506152,
            0.35734599999999994,
            0.358252,
            0.362208,
            0.361896,
            0.3608,
            0.35907100000000003,
            0.359364,
            0.298574,
            0.293295,
            0.46164799999999995,
            0.456404,
            0.453329,
            0.454943,
            0.388637,
            0.400212,
            0.399505,
            0.399575,
            0.4018,
            0.40111399999999997,
            0.400565,
            0.399417,
            0.399397,
            0.391992,
            0.5043489999999999
        ],
        [
            0.008243,
            0.008388,
            0.002171,
            0.0,
            0.0074,
            0.006948,
            0.012310999999999999,
            0.29007,
            0.41096099999999997,
            0.36244899999999997,
            0.362276,
            0.36748,
            0.5052650000000001,
            0.35645899999999997,
            0.357365,
            0.361321,
            0.36100899999999997,
            0.359913,
            0.358184,
            0.358477,
            0.297687,
            0.292408,
            0.460761,
            0.455517,
            0.452442,
            0.454056,
            0.38775000000000004,
            0.39932500000000004,
            0.39861800000000003,
            0.39868800000000004,
            0.400913,
            0.400227,
            0.39967800000000003,
            0.39853000000000005,
            0.39851000000000003,
            0.39110500000000004,
            0.5034620000000001
        ],
        [
            0.003567,
            0.003712,
            0.008287,
            0.0074,
            0.0,
            0.000478,
            0.007098999999999999,
            0.28539400000000004,
            0.406285,
            0.357773,
            0.35760000000000003,
            0.362804,
            0.5005890000000001,
            0.35178299999999996,
            0.35268900000000003,
            0.356645,
            0.356333,
            0.355237,
            0.35350800000000004,
            0.35380100000000003,
            0.293011,
            0.287732,
            0.45608499999999996,
            0.450841,
            0.447766,
            0.44938,
            0.383074,
            0.394649,
            0.393942,
            0.39401200000000003,
            0.396237,
            0.395551,
            0.395002,
            0.39385400000000004,
            0.393834,
            0.386429,
            0.498786
        ],
        [
            0.0031149999999999997,
            0.00326,
            0.007835,
            0.006948,
            0.000478,
            0.0,
            0.006647,
            0.28494200000000003,
            0.405833,
            0.357321,
            0.357148,
            0.362352,
            0.500137,
            0.35133099999999995,
            0.352237,
            0.356193,
            0.355881,
            0.354785,
            0.35305600000000004,
            0.353349,
            0.292559,
            0.28728,
            0.45563299999999995,
            0.450389,
            0.447314,
            0.448928,
            0.382622,
            0.394197,
            0.39349,
            0.39356,
            0.395785,
            0.395099,
            0.39455,
            0.39340200000000003,
            0.393382,
            0.385977,
            0.498334
        ],
        [
            0.008478000000000001,
            0.008622999999999999,
            0.013198,
            0.012310999999999999,
            0.007098999999999999,
            0.006647,
            0.0,
            0.29030500000000004,
            0.411196,
            0.362684,
            0.362511,
            0.367715,
            0.5055000000000001,
            0.35669399999999996,
            0.35760000000000003,
            0.361556,
            0.361244,
            0.360148,
            0.35841900000000004,
            0.35871200000000003,
            0.297922,
            0.292643,
            0.46099599999999996,
            0.455752,
            0.452677,
            0.454291,
            0.387985,
            0.39956,
            0.398853,
            0.398923,
            0.401148,
            0.400462,
            0.399913,
            0.39876500000000004,
            0.398745,
            0.39134,
            0.5036970000000001
        ],
        [
            0.282179,
            0.286218,
            0.290957,
            0.29007,
            0.28539400000000004,
            0.28494200000000003,
            0.29030500000000004,
            0.0,
            0.12150499999999999,
            0.07299299999999999,
            0.07282,
            0.078024,
            0.215809,
            0.067003,
            0.067909,
            0.071865,
            0.07155299999999999,
            0.07045699999999999,
            0.068728,
            0.069021,
            0.008231,
            0.002952,
            0.43290699999999993,
            0.42766299999999996,
            0.42458799999999997,
            0.42620199999999997,
            0.359896,
            0.371471,
            0.370764,
            0.370834,
            0.373059,
            0.37237299999999995,
            0.371824,
            0.370676,
            0.370656,
            0.363251,
            0.475608
        ],
        [
            0.40307,
            0.40710899999999994,
            0.411848,
            0.41096099999999997,
            0.406285,
            0.405833,
            0.411196,
            0.12150499999999999,
            0.0,
            0.081844,
            0.081671,
            0.08687500000000001,
            0.235734,
            0.086928,
            0.087834,
            0.09179,
            0.091478,
            0.090382,
            0.08865300000000001,
            0.088946,
            0.12233,
            0.11933099999999999,
            0.5537979999999999,
            0.548554,
            0.5454789999999999,
            0.5470929999999999,
            0.48078699999999996,
            0.49236199999999997,
            0.49165499999999995,
            0.49172499999999997,
            0.49394999999999994,
            0.4932639999999999,
            0.49271499999999996,
            0.491567,
            0.49154699999999996,
            0.48414199999999996,
            0.5964989999999999
        ],
        [
            0.354558,
            0.35859699999999994,
            0.363336,
            0.36244899999999997,
            0.357773,
            0.357321,
            0.362684,
            0.07299299999999999,
            0.081844,
            0.0,
            0.017227,
            0.022431,
            0.187222,
            0.038416,
            0.039322,
            0.043278,
            0.042966000000000004,
            0.041870000000000004,
            0.040141,
            0.040434,
            0.073818,
            0.070819,
            0.5052859999999999,
            0.5000419999999999,
            0.49696699999999994,
            0.49858099999999994,
            0.43227499999999996,
            0.44384999999999997,
            0.44314299999999995,
            0.44321299999999997,
            0.44543799999999995,
            0.4447519999999999,
            0.44420299999999996,
            0.443055,
            0.44303499999999996,
            0.43562999999999996,
            0.547987
        ],
        [
            0.354385,
            0.35842399999999996,
            0.363163,
            0.362276,
            0.35760000000000003,
            0.357148,
            0.362511,
            0.07282,
            0.081671,
            0.017227,
            0.0,
            0.019676,
            0.187049,
            0.038243,
            0.039149,
            0.043105000000000004,
            0.042793,
            0.041697,
            0.039968000000000004,
            0.040261000000000005,
            0.073645,
            0.070646,
            0.5051129999999999,
            0.49986899999999995,
            0.49679399999999996,
            0.49840799999999996,
            0.432102,
            0.443677,
            0.44297,
            0.44304,
            0.44526499999999997,
            0.44457899999999995,
            0.44403,
            0.442882,
            0.442862,
            0.435457,
            0.547814
        ],
        [
            0.359589,
            0.36362799999999995,
            0.368367,
            0.36748,
            0.362804,
            0.362352,
            0.367715,
            0.078024,
            0.08687500000000001,
            0.022431,
            0.019676,
            0.0,
            0.192253,
            0.043447,
            0.044353000000000004,
            0.048309000000000005,
            0.047997,
            0.046901,
            0.045172000000000004,
            0.045465000000000005,
            0.078849,
            0.07585,
            0.5103169999999999,
            0.5050729999999999,
            0.5019979999999999,
            0.503612,
            0.437306,
            0.448881,
            0.44817399999999996,
            0.448244,
            0.45046899999999995,
            0.44978299999999993,
            0.44923399999999997,
            0.448086,
            0.44806599999999996,
            0.44066099999999997,
            0.553018
        ],
        [
            0.49737400000000004,
            0.501413,
            0.506152,
            0.5052650000000001,
            0.5005890000000001,
            0.500137,
            0.5055000000000001,
            0.215809,
            0.235734,
            0.187222,
            0.187049,
            0.192253,
            0.0,
            0.17136600000000002,
            0.172272,
            0.176228,
            0.17591600000000002,
            0.17482,
            0.173091,
            0.173384,
            0.216634,
            0.213635,
            0.648102,
            0.6428579999999999,
            0.639783,
            0.641397,
            0.5750909999999999,
            0.5866659999999999,
            0.5859589999999999,
            0.5860289999999999,
            0.5882539999999999,
            0.587568,
            0.587019,
            0.5858709999999999,
            0.5858509999999999,
            0.5784459999999999,
            0.690803
        ],
        [
            0.348568,
            0.352607,
            0.35734599999999994,
            0.35645899999999997,
            0.35178299999999996,
            0.35133099999999995,
            0.35669399999999996,
            0.067003,
            0.086928,
            0.038416,
            0.038243,
            0.043447,
            0.17136600000000002,
            0.0,
            0.00098,
            0.0051199999999999996,
            0.004808,
            0.003712,
            0.0019830000000000004,
            0.011006,
            0.067828,
            0.064829,
            0.49929599999999996,
            0.494052,
            0.490977,
            0.492591,
            0.426285,
            0.43786,
            0.437153,
            0.43722300000000003,
            0.439448,
            0.438762,
            0.438213,
            0.43706500000000004,
            0.437045,
            0.42964,
            0.5419970000000001
        ],
        [
            0.349474,
            0.35351299999999997,
            0.358252,
            0.357365,
            0.35268900000000003,
            0.352237,
            0.35760000000000003,
            0.067909,
            0.087834,
            0.039322,
            0.039149,
            0.044353000000000004,
            0.172272,
            0.00098,
            0.0,
            0.006026,
            0.005714,
            0.004618,
            0.002889,
            0.011912,
            0.068734,
            0.065735,
            0.5002019999999999,
            0.49495799999999995,
            0.49188299999999996,
            0.49349699999999996,
            0.427191,
            0.438766,
            0.438059,
            0.438129,
            0.44035399999999997,
            0.43966799999999995,
            0.439119,
            0.437971,
            0.437951,
            0.430546,
            0.5429029999999999
        ],
        [
            0.35343,
            0.35746900000000004,
            0.362208,
            0.361321,
            0.356645,
            0.356193,
            0.361556,
            0.071865,
            0.09179,
            0.043278,
            0.043105000000000004,
            0.048309000000000005,
            0.176228,
            0.0051199999999999996,
            0.006026,
            0.0,
            0.001196,
            0.0049099999999999994,
            0.005709,
            0.015868,
            0.07269,
            0.069691,
            0.504158,
            0.498914,
            0.49583900000000003,
            0.49745300000000003,
            0.43114700000000006,
            0.44272200000000006,
            0.44201500000000005,
            0.44208500000000006,
            0.44431000000000004,
            0.443624,
            0.44307500000000005,
            0.44192700000000007,
            0.44190700000000005,
            0.43450200000000005,
            0.546859
        ],
        [
            0.353118,
            0.35715699999999995,
            0.361896,
            0.36100899999999997,
            0.356333,
            0.355881,
            0.361244,
            0.07155299999999999,
            0.091478,
            0.042966000000000004,
            0.042793,
            0.047997,
            0.17591600000000002,
            0.004808,
            0.005714,
            0.001196,
            0.0,
            0.004598,
            0.005397,
            0.015556,
            0.072378,
            0.069379,
            0.5038459999999999,
            0.49860199999999993,
            0.49552699999999994,
            0.49714099999999994,
            0.43083499999999997,
            0.44240999999999997,
            0.44170299999999996,
            0.44177299999999997,
            0.44399799999999995,
            0.44331199999999993,
            0.44276299999999996,
            0.441615,
            0.44159499999999996,
            0.43418999999999996,
            0.5465469999999999
        ],
        [
            0.352022,
            0.35606099999999996,
            0.3608,
            0.359913,
            0.355237,
            0.354785,
            0.360148,
            0.07045699999999999,
            0.090382,
            0.041870000000000004,
            0.041697,
            0.046901,
            0.17482,
            0.003712,
            0.004618,
            0.0049099999999999994,
            0.004598,
            0.0,
            0.004301,
            0.01446,
            0.071282,
            0.068283,
            0.5027499999999999,
            0.49750599999999995,
            0.49443099999999995,
            0.49604499999999996,
            0.429739,
            0.441314,
            0.44060699999999997,
            0.440677,
            0.44290199999999996,
            0.44221599999999994,
            0.441667,
            0.440519,
            0.440499,
            0.433094,
            0.5454509999999999
        ],
        [
            0.350293,
            0.354332,
            0.35907100000000003,
            0.358184,
            0.35350800000000004,
            0.35305600000000004,
            0.35841900000000004,
            0.068728,
            0.08865300000000001,
            0.040141,
            0.039968000000000004,
            0.045172000000000004,
            0.173091,
            0.0019830000000000004,
            0.002889,
            0.005709,
            0.005397,
            0.004301,
            0.0,
            0.012731000000000001,
            0.069553,
            0.066554,
            0.5010209999999999,
            0.49577699999999997,
            0.492702,
            0.494316,
            0.42801,
            0.439585,
            0.438878,
            0.438948,
            0.441173,
            0.44048699999999996,
            0.439938,
            0.43879,
            0.43877,
            0.431365,
            0.543722
        ],
        [
            0.350586,
            0.35462499999999997,
            0.359364,
            0.358477,
            0.35380100000000003,
            0.353349,
            0.35871200000000003,
            0.069021,
            0.088946,
            0.040434,
            0.040261000000000005,
            0.045465000000000005,
            0.173384,
            0.011006,
            0.011912,
            0.015868,
            0.015556,
            0.01446,
            0.012731000000000001,
            0.0,
            0.069846,
            0.066847,
            0.5013139999999999,
            0.49606999999999996,
            0.49299499999999996,
            0.49460899999999997,
            0.428303,
            0.439878,
            0.439171,
            0.439241,
            0.44146599999999997,
            0.44077999999999995,
            0.440231,
            0.439083,
            0.439063,
            0.431658,
            0.5440149999999999
        ],
        [
            0.289796,
            0.29383499999999996,
            0.298574,
            0.297687,
            0.293011,
            0.292559,
            0.297922,
            0.008231,
            0.12233,
            0.073818,
            0.073645,
            0.078849,
            0.216634,
            0.067828,
            0.068734,
            0.07269,
            0.072378,
            0.071282,
            0.069553,
            0.069846,
            0.0,
            0.006057,
            0.4405239999999999,
            0.43527999999999994,
            0.43220499999999995,
            0.43381899999999995,
            0.367513,
            0.379088,
            0.37838099999999997,
            0.378451,
            0.38067599999999996,
            0.37998999999999994,
            0.379441,
            0.378293,
            0.37827299999999997,
            0.370868,
            0.48322499999999996
        ],
        [
            0.284517,
            0.28855600000000003,
            0.293295,
            0.292408,
            0.287732,
            0.28728,
            0.292643,
            0.002952,
            0.11933099999999999,
            0.070819,
            0.070646,
            0.07585,
            0.213635,
            0.064829,
            0.065735,
            0.069691,
            0.069379,
            0.068283,
            0.066554,
            0.066847,
            0.006057,
            0.0,
            0.435245,
            0.430001,
            0.426926,
            0.42854000000000003,
            0.36223400000000006,
            0.37380900000000006,
            0.37310200000000004,
            0.37317200000000006,
            0.37539700000000004,
            0.374711,
            0.37416200000000005,
            0.37301400000000007,
            0.37299400000000005,
            0.36558900000000005,
            0.47794600000000004
        ],
        [
            0.45287,
            0.456909,
            0.46164799999999995,
            0.460761,
            0.45608499999999996,
            0.45563299999999995,
            0.46099599999999996,
            0.43290699999999993,
            0.5537979999999999,
            0.5052859999999999,
            0.5051129999999999,
            0.5103169999999999,
            0.648102,
            0.49929599999999996,
            0.5002019999999999,
            0.504158,
            0.5038459999999999,
            0.5027499999999999,
            0.5010209999999999,
            0.5013139999999999,
            0.4405239999999999,
            0.435245,
            0.0,
            0.015796,
            0.012721,
            0.014335,
            0.24586499999999997,
            0.25744,
            0.256733,
            0.256803,
            0.259028,
            0.25834199999999996,
            0.257793,
            0.256645,
            0.256625,
            0.24922,
            0.361577
        ],
        [
            0.447626,
            0.451665,
            0.456404,
            0.455517,
            0.450841,
            0.450389,
            0.455752,
            0.42766299999999996,
            0.548554,
            0.5000419999999999,
            0.49986899999999995,
            0.5050729999999999,
            0.6428579999999999,
            0.494052,
            0.49495799999999995,
            0.498914,
            0.49860199999999993,
            0.49750599999999995,
            0.49577699999999997,
            0.49606999999999996,
            0.43527999999999994,
            0.430001,
            0.015796,
            0.0,
            0.006899000000000001,
            0.008513,
            0.240621,
            0.25219600000000003,
            0.251489,
            0.25155900000000003,
            0.253784,
            0.253098,
            0.252549,
            0.251401,
            0.251381,
            0.24397600000000003,
            0.356333
        ],
        [
            0.44455100000000003,
            0.44859,
            0.453329,
            0.452442,
            0.447766,
            0.447314,
            0.452677,
            0.42458799999999997,
            0.5454789999999999,
            0.49696699999999994,
            0.49679399999999996,
            0.5019979999999999,
            0.639783,
            0.490977,
            0.49188299999999996,
            0.49583900000000003,
            0.49552699999999994,
            0.49443099999999995,
            0.492702,
            0.49299499999999996,
            0.43220499999999995,
            0.426926,
            0.012721,
            0.006899000000000001,
            0.0,
            0.003724,
            0.237546,
            0.249121,
            0.24841400000000002,
            0.248484,
            0.250709,
            0.250023,
            0.24947400000000003,
            0.24832600000000002,
            0.24830600000000003,
            0.24090100000000003,
            0.353258
        ],
        [
            0.44616500000000003,
            0.450204,
            0.454943,
            0.454056,
            0.44938,
            0.448928,
            0.454291,
            0.42620199999999997,
            0.5470929999999999,
            0.49858099999999994,
            0.49840799999999996,
            0.503612,
            0.641397,
            0.492591,
            0.49349699999999996,
            0.49745300000000003,
            0.49714099999999994,
            0.49604499999999996,
            0.494316,
            0.49460899999999997,
            0.43381899999999995,
            0.42854000000000003,
            0.014335,
            0.008513,
            0.003724,
            0.0,
            0.23916,
            0.25073500000000004,
            0.25002800000000003,
            0.25009800000000004,
            0.252323,
            0.251637,
            0.25108800000000003,
            0.24994000000000002,
            0.24992000000000003,
            0.24251500000000004,
            0.354872
        ],
        [
            0.37985900000000006,
            0.383898,
            0.388637,
            0.38775000000000004,
            0.383074,
            0.382622,
            0.387985,
            0.359896,
            0.48078699999999996,
            0.43227499999999996,
            0.432102,
            0.437306,
            0.5750909999999999,
            0.426285,
            0.427191,
            0.43114700000000006,
            0.43083499999999997,
            0.429739,
            0.42801,
            0.428303,
            0.367513,
            0.36223400000000006,
            0.24586499999999997,
            0.240621,
            0.237546,
            0.23916,
            0.0,
            0.012195,
            0.011488,
            0.011557999999999999,
            0.013783,
            0.013097,
            0.012548,
            0.0114,
            0.01138,
            0.003975,
            0.144998
        ],
        [
            0.39143400000000006,
            0.395473,
            0.400212,
            0.39932500000000004,
            0.394649,
            0.394197,
            0.39956,
            0.371471,
            0.49236199999999997,
            0.44384999999999997,
            0.443677,
            0.448881,
            0.5866659999999999,
            0.43786,
            0.438766,
            0.44272200000000006,
            0.44240999999999997,
            0.441314,
            0.439585,
            0.439878,
            0.379088,
            0.37380900000000006,
            0.25744,
            0.25219600000000003,
            0.249121,
            0.25073500000000004,
            0.012195,
            0.0,
            0.001485,
            0.003385,
            0.00561,
            0.0049239999999999996,
            0.0043749999999999995,
            0.003227,
            0.0032069999999999998,
            0.008914,
            0.156573
        ],
        [
            0.39072700000000005,
            0.394766,
            0.399505,
            0.39861800000000003,
            0.393942,
            0.39349,
            0.398853,
            0.370764,
            0.49165499999999995,
            0.44314299999999995,
            0.44297,
            0.44817399999999996,
            0.5859589999999999,
            0.437153,
            0.438059,
            0.44201500000000005,
            0.44170299999999996,
            0.44060699999999997,
            0.438878,
            0.439171,
            0.37838099999999997,
            0.37310200000000004,
            0.256733,
            0.251489,
            0.24841400000000002,
            0.25002800000000003,
            0.011488,
            0.001485,
            0.0,
            0.002678,
            0.004903,
            0.004217,
            0.003668,
            0.00252,
            0.0025,
            0.008207,
            0.155866
        ],
        [
            0.39079700000000006,
            0.394836,
            0.399575,
            0.39868800000000004,
            0.39401200000000003,
            0.39356,
            0.398923,
            0.370834,
            0.49172499999999997,
            0.44321299999999997,
            0.44304,
            0.448244,
            0.5860289999999999,
            0.43722300000000003,
            0.438129,
            0.44208500000000006,
            0.44177299999999997,
            0.440677,
            0.438948,
            0.439241,
            0.378451,
            0.37317200000000006,
            0.256803,
            0.25155900000000003,
            0.248484,
            0.25009800000000004,
            0.011557999999999999,
            0.003385,
            0.002678,
            0.0,
            0.002957,
            0.002271,
            0.0019199999999999998,
            0.000794,
            0.0022719999999999997,
            0.008277,
            0.155936
        ],
        [
            0.39302200000000004,
            0.397061,
            0.4018,
            0.400913,
            0.396237,
            0.395785,
            0.401148,
            0.373059,
            0.49394999999999994,
            0.44543799999999995,
            0.44526499999999997,
            0.45046899999999995,
            0.5882539999999999,
            0.439448,
            0.44035399999999997,
            0.44431000000000004,
            0.44399799999999995,
            0.44290199999999996,
            0.441173,
            0.44146599999999997,
            0.38067599999999996,
            0.37539700000000004,
            0.259028,
            0.253784,
            0.250709,
            0.252323,
            0.013783,
            0.00561,
            0.004903,
            0.002957,
            0.0,
            0.001992,
            0.004145,
            0.0030190000000000004,
            0.004497,
            0.010502000000000001,
            0.158161
        ],
        [
            0.392336,
            0.396375,
            0.40111399999999997,
            0.400227,
            0.395551,
            0.395099,
            0.400462,
            0.37237299999999995,
            0.4932639999999999,
            0.4447519999999999,
            0.44457899999999995,
            0.44978299999999993,
            0.587568,
            0.438762,
            0.43966799999999995,
            0.443624,
            0.44331199999999993,
            0.44221599999999994,
            0.44048699999999996,
            0.44077999999999995,
            0.37998999999999994,
            0.374711,
            0.25834199999999996,
            0.253098,
            0.250023,
            0.251637,
            0.013097,
            0.0049239999999999996,
            0.004217,
            0.002271,
            0.001992,
            0.0,
            0.0034590000000000003,
            0.0023330000000000004,
            0.003811,
            0.009816,
            0.157475
        ],
        [
            0.39178700000000005,
            0.395826,
            0.400565,
            0.39967800000000003,
            0.395002,
            0.39455,
            0.399913,
            0.371824,
            0.49271499999999996,
            0.44420299999999996,
            0.44403,
            0.44923399999999997,
            0.587019,
            0.438213,
            0.439119,
            0.44307500000000005,
            0.44276299999999996,
            0.441667,
            0.439938,
            0.440231,
            0.379441,
            0.37416200000000005,
            0.257793,
            0.252549,
            0.24947400000000003,
            0.25108800000000003,
            0.012548,
            0.0043749999999999995,
            0.003668,
            0.0019199999999999998,
            0.004145,
            0.0034590000000000003,
            0.0,
            0.0017839999999999998,
            0.003262,
            0.009267000000000001,
            0.156926
        ],
        [
            0.39063900000000007,
            0.394678,
            0.399417,
            0.39853000000000005,
            0.39385400000000004,
            0.39340200000000003,
            0.39876500000000004,
            0.370676,
            0.491567,
            0.443055,
            0.442882,
            0.448086,
            0.5858709999999999,
            0.43706500000000004,
            0.437971,
            0.44192700000000007,
            0.441615,
            0.440519,
            0.43879,
            0.439083,
            0.378293,
            0.37301400000000007,
            0.256645,
            0.251401,
            0.24832600000000002,
            0.24994000000000002,
            0.0114,
            0.003227,
            0.00252,
            0.000794,
            0.0030190000000000004,
            0.0023330000000000004,
            0.0017839999999999998,
            0.0,
            0.002114,
            0.008119,
            0.155778
        ],
        [
            0.39061900000000005,
            0.394658,
            0.399397,
            0.39851000000000003,
            0.393834,
            0.393382,
            0.398745,
            0.370656,
            0.49154699999999996,
            0.44303499999999996,
            0.442862,
            0.44806599999999996,
            0.5858509999999999,
            0.437045,
            0.437951,
            0.44190700000000005,
            0.44159499999999996,
            0.440499,
            0.43877,
            0.439063,
            0.37827299999999997,
            0.37299400000000005,
            0.256625,
            0.251381,
            0.24830600000000003,
            0.24992000000000003,
            0.01138,
            0.0032069999999999998,
            0.0025,
            0.0022719999999999997,
            0.004497,
            0.003811,
            0.003262,
            0.002114,
            0.0,
            0.008099,
            0.155758
        ],
        [
            0.38321400000000005,
            0.387253,
            0.391992,
            0.39110500000000004,
            0.386429,
            0.385977,
            0.39134,
            0.363251,
            0.48414199999999996,
            0.43562999999999996,
            0.435457,
            0.44066099999999997,
            0.5784459999999999,
            0.42964,
            0.430546,
            0.43450200000000005,
            0.43418999999999996,
            0.433094,
            0.431365,
            0.431658,
            0.370868,
            0.36558900000000005,
            0.24922,
            0.24397600000000003,
            0.24090100000000003,
            0.24251500000000004,
            0.003975,
            0.008914,
            0.008207,
            0.008277,
            0.010502000000000001,
            0.009816,
            0.009267000000000001,
            0.008119,
            0.008099,
            0.0,
            0.148353
        ],
        [
            0.49557100000000004,
            0.49961,
            0.5043489999999999,
            0.5034620000000001,
            0.498786,
            0.498334,
            0.5036970000000001,
            0.475608,
            0.5964989999999999,
            0.547987,
            0.547814,
            0.553018,
            0.690803,
            0.5419970000000001,
            0.5429029999999999,
            0.546859,
            0.5465469999999999,
            0.5454509999999999,
            0.543722,
            0.5440149999999999,
            0.48322499999999996,
            0.47794600000000004,
            0.361577,
            0.356333,
            0.353258,
            0.354872,
            0.144998,
            0.156573,
            0.155866,
            0.155936,
            0.158161,
            0.157475,
            0.156926,
            0.155778,
            0.155758,
            0.148353,
            0.0
        ]
    ],
    "NODE_MAPPING": {
        "0": "15",
        "1": "30",
        "2": "18",
        "3": "17",
        "4": "19",
        "5": "20",
        "6": "16",
        "7": "25",
        "8": "4",
        "9": "37",
        "10": "2",
        "11": "1",
        "12": "35",
        "13": "21",
        "14": "22",
        "15": "14",
        "16": "13",
        "17": "12",
        "18": "11",
        "19": "3",
        "20": "23",
        "21": "24",
        "22": "26",
        "23": "9",
        "24": "10",
        "25": "27",
        "26": "33",
        "27": "6",
        "28": "5",
        "29": "28",
        "30": "7",
        "31": "32",
        "32": "29",
        "33": "31",
        "34": "8",
        "35": "34",
        "36": "36"
    }
}