{
    "NEXUS_FILE_URL": "http://purl.org/phylo/treebase/phylows/study/TB2:S13449",
    "NEWICK_TREE": "(1:1.0E-8,((6:1.0E-8,5:1.0E-8):0.0042811,(((((25:1.0E-8,26:1.0E-8):0.00848608,(24:1.0E-8,23:1.0E-8,27:1.0E-8):7.465E-4):0.00914108,(((((20:1.0E-8,18:1.0E-8,(((15:0.0016174,17:0.00488763,(16:0.00489543,21:1.0E-8,(10:8.0958E-4,12:1.0E-8,22:0.00244892):8.0966E-4,13:0.00243876):0.0024341):0.0024609,(((44:0.0024469,(37:1.0E-8,11:1.0E-8):0.00412761,(14:8.2412E-4,19:1.0E-8):0.00327981):8.2015E-4,40:8.2455E-4):0.00163204,7:1.0E-8):0.00412017):7.8711E-4,35:1.0E-8):8.0808E-4):8.0798E-4,36:1.0E-8,43:1.0E-8):0.00290684,(34:1.0E-8,33:1.0E-8,32:1.0E-8):0.01283752):0.01888258,(41:0.00244164,9:1.0E-8,42:1.0E-8,8:1.0E-8,46:1.0E-8,45:8.2656E-4):0.02167169):0.00582269,(((39:1.0E-8,38:0.00162644):0.0016247,28:1.0E-8,29:1.0E-8):7.647E-4,(30:1.0E-8,31:1.0E-8):0.00754204):0.00772425):0.02180999):0.02829071,(((50:1.0E-8,52:1.0E-8,51:1.0E-8,54:1.0E-8,49:0.00248652,53:1.0E-8):0.00388472,((66:1.0E-8,57:1.0E-8,64:1.0E-8,65:1.0E-8,63:1.0E-8):0.01104874,((60:0.0271475,(58:1.0E-8,59:1.0E-8):0.00333438):0.00162954,(62:1.0E-8,61:1.0E-8,56:1.0E-8,55:1.0E-8):0.00581574,(47:1.0E-8,48:1.0E-8):0.00165788):0.0024676):2.804E-4):0.06469894,((71:0.14215781,70:0.0981235):0.00686721,((67:0.02290391,73:0.00540185):0.02568613,((68:0.11832423,72:0.07247691):0.0231878,(69:0.07213899,74:0.07453709):0.01611573):1.9682E-4):0.0185277):0.0363281):0.03975346):0.02040024,(4:1.0E-8,3:1.0E-8):0.00276214):0.00856908):0.00163288,2:1.0E-8);",
    "DISTANCE_MATRIX": [
        [
            0.0,
            0.005914,
            0.005914,
            0.07652008999999999,
            0.07652008999999999,
            0.06878050999999999,
            0.06878050999999999,
            0.06878050999999999,
            0.10912300999999999,
            0.10912300999999999,
            0.11479649,
            0.11806671999999999,
            0.12050862000000001,
            0.1156132,
            0.11723243,
            0.11642285999999999,
            0.11887176999999999,
            0.11805194999999999,
            0.11973745,
            0.12141816999999999,
            0.12141816999999999,
            0.12139448,
            0.12057037000000001,
            0.11729495000000001,
            0.11483837,
            0.10993109000000001,
            0.10831503,
            0.10831503,
            0.11824571,
            0.11824571,
            0.11824571,
            0.11063893,
            0.1081973,
            0.1081973,
            0.1081973,
            0.1081973,
            0.10902385,
            0.09081656999999999,
            0.092443,
            0.08919187,
            0.08919187,
            0.09596921,
            0.09596921,
            0.13893934000000002,
            0.13893934000000002,
            0.13893934000000002,
            0.13893934000000002,
            0.14142585000000002,
            0.13893934000000002,
            0.14638375999999997,
            0.14638375999999997,
            0.14638375999999997,
            0.14638375999999997,
            0.14638375999999997,
            0.16657964999999997,
            0.14276654,
            0.14276654,
            0.14361836,
            0.14361836,
            0.14361836,
            0.14361836,
            0.1394605,
            0.1394605,
            0.25570879,
            0.21167448,
            0.17380151,
            0.15629945,
            0.26692032,
            0.22107300000000002,
            0.21366301,
            0.21606111,
            0.012964119999999999,
            0.012964119999999999,
            2e-08
        ],
        [
            0.005914,
            0.0,
            2e-08,
            0.07916830999999999,
            0.07916830999999999,
            0.07142873,
            0.07142873,
            0.07142873,
            0.11177123,
            0.11177123,
            0.11744471000000001,
            0.12071493999999999,
            0.12315684000000002,
            0.11826142,
            0.11988065,
            0.11907108,
            0.12151999,
            0.12070017,
            0.12238567,
            0.12406639,
            0.12406639,
            0.1240427,
            0.12321859000000002,
            0.11994317000000002,
            0.11748659,
            0.11257931000000002,
            0.11096325000000001,
            0.11096325000000001,
            0.12089393000000001,
            0.12089393000000001,
            0.12089393000000001,
            0.11328715,
            0.11084552,
            0.11084552,
            0.11084552,
            0.11084552,
            0.11167207000000001,
            0.09346478999999999,
            0.09509122,
            0.09184009000000001,
            0.09184009000000001,
            0.09861743,
            0.09861743,
            0.14158756000000003,
            0.14158756000000003,
            0.14158756000000003,
            0.14158756000000003,
            0.14407407000000003,
            0.14158756000000003,
            0.14903197999999998,
            0.14903197999999998,
            0.14903197999999998,
            0.14903197999999998,
            0.14903197999999998,
            0.16922786999999997,
            0.14541476,
            0.14541476,
            0.14626658,
            0.14626658,
            0.14626658,
            0.14626658,
            0.14210872,
            0.14210872,
            0.25835701,
            0.2143227,
            0.17644973,
            0.15894767,
            0.26956853999999997,
            0.22372122000000003,
            0.21631123,
            0.21870933,
            0.015612339999999999,
            0.015612339999999999,
            0.005914
        ],
        [
            0.005914,
            2e-08,
            0.0,
            0.07916830999999999,
            0.07916830999999999,
            0.07142873,
            0.07142873,
            0.07142873,
            0.11177123,
            0.11177123,
            0.11744471000000001,
            0.12071493999999999,
            0.12315684000000002,
            0.11826142,
            0.11988065,
            0.11907108,
            0.12151999,
            0.12070017,
            0.12238567,
            0.12406639,
            0.12406639,
            0.1240427,
            0.12321859000000002,
            0.11994317000000002,
            0.11748659,
            0.11257931000000002,
            0.11096325000000001,
            0.11096325000000001,
            0.12089393000000001,
            0.12089393000000001,
            0.12089393000000001,
            0.11328715,
            0.11084552,
            0.11084552,
            0.11084552,
            0.11084552,
            0.11167207000000001,
            0.09346478999999999,
            0.09509122,
            0.09184009000000001,
            0.09184009000000001,
            0.09861743,
            0.09861743,
            0.14158756000000003,
            0.14158756000000003,
            0.14158756000000003,
            0.14158756000000003,
            0.14407407000000003,
            0.14158756000000003,
            0.14903197999999998,
            0.14903197999999998,
            0.14903197999999998,
            0.14903197999999998,
            0.14903197999999998,
            0.16922786999999997,
            0.14541476,
            0.14541476,
            0.14626658,
            0.14626658,
            0.14626658,
            0.14626658,
            0.14210872,
            0.14210872,
            0.25835701,
            0.2143227,
            0.17644973,
            0.15894767,
            0.26956853999999997,
            0.22372122000000003,
            0.21631123,
            0.21870933,
            0.015612339999999999,
            0.015612339999999999,
            0.005914
        ],
        [
            0.07652008999999999,
            0.07916830999999999,
            0.07916830999999999,
            0.0,
            2e-08,
            0.0092326,
            0.0092326,
            0.0092326,
            0.06785726,
            0.06785726,
            0.07353074,
            0.07680097,
            0.07924286999999999,
            0.07434745,
            0.07596668,
            0.07515711,
            0.07760602,
            0.0767862,
            0.0784717,
            0.08015242,
            0.08015242,
            0.08012873000000001,
            0.07930461999999999,
            0.07602919999999999,
            0.07357262,
            0.06866533999999999,
            0.06704927999999999,
            0.06704927999999999,
            0.07697995999999999,
            0.07697995999999999,
            0.07697995999999999,
            0.06937318,
            0.06693155,
            0.06693155,
            0.06693155,
            0.06693155,
            0.0677581,
            0.049550819999999995,
            0.05117725,
            0.04792612,
            0.04792612,
            0.054703459999999995,
            0.054703459999999995,
            0.15425501,
            0.15425501,
            0.15425501,
            0.15425501,
            0.15674152,
            0.15425501,
            0.16169942999999998,
            0.16169942999999998,
            0.16169942999999998,
            0.16169942999999998,
            0.16169942999999998,
            0.18189531999999997,
            0.15808221,
            0.15808221,
            0.15893402999999998,
            0.15893402999999998,
            0.15893402999999998,
            0.15893402999999998,
            0.15477617,
            0.15477617,
            0.27102446,
            0.22699015,
            0.18911718,
            0.17161511999999998,
            0.28223599,
            0.23638867,
            0.22897868,
            0.23137677999999998,
            0.06908027,
            0.06908027,
            0.07652008999999999
        ],
        [
            0.07652008999999999,
            0.07916830999999999,
            0.07916830999999999,
            2e-08,
            0.0,
            0.0092326,
            0.0092326,
            0.0092326,
            0.06785726,
            0.06785726,
            0.07353074,
            0.07680097,
            0.07924286999999999,
            0.07434745,
            0.07596668,
            0.07515711,
            0.07760602,
            0.0767862,
            0.0784717,
            0.08015242,
            0.08015242,
            0.08012873000000001,
            0.07930461999999999,
            0.07602919999999999,
            0.07357262,
            0.06866533999999999,
            0.06704927999999999,
            0.06704927999999999,
            0.07697995999999999,
            0.07697995999999999,
            0.07697995999999999,
            0.06937318,
            0.06693155,
            0.06693155,
            0.06693155,
            0.06693155,
            0.0677581,
            0.049550819999999995,
            0.05117725,
            0.04792612,
            0.04792612,
            0.054703459999999995,
            0.054703459999999995,
            0.15425501,
            0.15425501,
            0.15425501,
            0.15425501,
            0.15674152,
            0.15425501,
            0.16169942999999998,
            0.16169942999999998,
            0.16169942999999998,
            0.16169942999999998,
            0.16169942999999998,
            0.18189531999999997,
            0.15808221,
            0.15808221,
            0.15893402999999998,
            0.15893402999999998,
            0.15893402999999998,
            0.15893402999999998,
            0.15477617,
            0.15477617,
            0.27102446,
            0.22699015,
            0.18911718,
            0.17161511999999998,
            0.28223599,
            0.23638867,
            0.22897868,
            0.23137677999999998,
            0.06908027,
            0.06908027,
            0.07652008999999999
        ],
        [
            0.06878050999999999,
            0.07142873,
            0.07142873,
            0.0092326,
            0.0092326,
            0.0,
            2e-08,
            2e-08,
            0.06011768,
            0.06011768,
            0.06579116,
            0.06906139,
            0.07150329,
            0.06660787,
            0.0682271,
            0.06741753,
            0.06986643999999999,
            0.06904661999999999,
            0.07073212,
            0.07241284,
            0.07241284,
            0.07238915000000001,
            0.07156504,
            0.06828962,
            0.06583304,
            0.06092576,
            0.0593097,
            0.0593097,
            0.06924037999999999,
            0.06924037999999999,
            0.06924037999999999,
            0.061633600000000004,
            0.059191970000000003,
            0.059191970000000003,
            0.059191970000000003,
            0.059191970000000003,
            0.060018520000000006,
            0.04181124,
            0.043437670000000005,
            0.04018654,
            0.04018654,
            0.04696388,
            0.04696388,
            0.14651543,
            0.14651543,
            0.14651543,
            0.14651543,
            0.14900194,
            0.14651543,
            0.15395984999999998,
            0.15395984999999998,
            0.15395984999999998,
            0.15395984999999998,
            0.15395984999999998,
            0.17415573999999998,
            0.15034263,
            0.15034263,
            0.15119444999999998,
            0.15119444999999998,
            0.15119444999999998,
            0.15119444999999998,
            0.14703659,
            0.14703659,
            0.26328488,
            0.21925057,
            0.1813776,
            0.16387554,
            0.27449641,
            0.22864909,
            0.2212391,
            0.22363719999999998,
            0.061340689999999996,
            0.061340689999999996,
            0.06878050999999999
        ],
        [
            0.06878050999999999,
            0.07142873,
            0.07142873,
            0.0092326,
            0.0092326,
            2e-08,
            0.0,
            2e-08,
            0.06011768,
            0.06011768,
            0.06579116,
            0.06906139,
            0.07150329,
            0.06660787,
            0.0682271,
            0.06741753,
            0.06986643999999999,
            0.06904661999999999,
            0.07073212,
            0.07241284,
            0.07241284,
            0.07238915000000001,
            0.07156504,
            0.06828962,
            0.06583304,
            0.06092576,
            0.0593097,
            0.0593097,
            0.06924037999999999,
            0.06924037999999999,
            0.06924037999999999,
            0.061633600000000004,
            0.059191970000000003,
            0.059191970000000003,
            0.059191970000000003,
            0.059191970000000003,
            0.060018520000000006,
            0.04181124,
            0.043437670000000005,
            0.04018654,
            0.04018654,
            0.04696388,
            0.04696388,
            0.14651543,
            0.14651543,
            0.14651543,
            0.14651543,
            0.14900194,
            0.14651543,
            0.15395984999999998,
            0.15395984999999998,
            0.15395984999999998,
            0.15395984999999998,
            0.15395984999999998,
            0.17415573999999998,
            0.15034263,
            0.15034263,
            0.15119444999999998,
            0.15119444999999998,
            0.15119444999999998,
            0.15119444999999998,
            0.14703659,
            0.14703659,
            0.26328488,
            0.21925057,
            0.1813776,
            0.16387554,
            0.27449641,
            0.22864909,
            0.2212391,
            0.22363719999999998,
            0.061340689999999996,
            0.061340689999999996,
            0.06878050999999999
        ],
        [
            0.06878050999999999,
            0.07142873,
            0.07142873,
            0.0092326,
            0.0092326,
            2e-08,
            2e-08,
            0.0,
            0.06011768,
            0.06011768,
            0.06579116,
            0.06906139,
            0.07150329,
            0.06660787,
            0.0682271,
            0.06741753,
            0.06986643999999999,
            0.06904661999999999,
            0.07073212,
            0.07241284,
            0.07241284,
            0.07238915000000001,
            0.07156504,
            0.06828962,
            0.06583304,
            0.06092576,
            0.0593097,
            0.0593097,
            0.06924037999999999,
            0.06924037999999999,
            0.06924037999999999,
            0.061633600000000004,
            0.059191970000000003,
            0.059191970000000003,
            0.059191970000000003,
            0.059191970000000003,
            0.060018520000000006,
            0.04181124,
            0.043437670000000005,
            0.04018654,
            0.04018654,
            0.04696388,
            0.04696388,
            0.14651543,
            0.14651543,
            0.14651543,
            0.14651543,
            0.14900194,
            0.14651543,
            0.15395984999999998,
            0.15395984999999998,
            0.15395984999999998,
            0.15395984999999998,
            0.15395984999999998,
            0.17415573999999998,
            0.15034263,
            0.15034263,
            0.15119444999999998,
            0.15119444999999998,
            0.15119444999999998,
            0.15119444999999998,
            0.14703659,
            0.14703659,
            0.26328488,
            0.21925057,
            0.1813776,
            0.16387554,
            0.27449641,
            0.22864909,
            0.2212391,
            0.22363719999999998,
            0.061340689999999996,
            0.061340689999999996,
            0.06878050999999999
        ],
        [
            0.10912300999999999,
            0.11177123,
            0.11177123,
            0.06785726,
            0.06785726,
            0.06011768,
            0.06011768,
            0.06011768,
            0.0,
            2e-08,
            0.0056735,
            0.008943729999999999,
            0.011385629999999999,
            0.00649021,
            0.008109439999999999,
            0.00729987,
            0.009748779999999999,
            0.00892896,
            0.010614460000000001,
            0.012295180000000001,
            0.012295180000000001,
            0.012271490000000001,
            0.011447379999999998,
            0.008171959999999999,
            0.00571538,
            0.0008081000000000001,
            0.0008080000000000001,
            0.0008080000000000001,
            0.01655236,
            0.01655236,
            0.01655236,
            0.04671074,
            0.04426911,
            0.04426911,
            0.04426911,
            0.04426911,
            0.045095659999999996,
            0.03853376,
            0.04016019,
            0.036909059999999994,
            0.036909059999999994,
            0.0436864,
            0.0436864,
            0.18685793,
            0.18685793,
            0.18685793,
            0.18685793,
            0.18934444,
            0.18685793,
            0.19430234999999998,
            0.19430234999999998,
            0.19430234999999998,
            0.19430234999999998,
            0.19430234999999998,
            0.21449823999999998,
            0.19068513,
            0.19068513,
            0.19153694999999998,
            0.19153694999999998,
            0.19153694999999998,
            0.19153694999999998,
            0.18737909,
            0.18737909,
            0.30362738,
            0.25959307,
            0.2217201,
            0.20421804,
            0.31483890999999997,
            0.26899159,
            0.26158159999999997,
            0.2639797,
            0.10168319,
            0.10168319,
            0.10912300999999999
        ],
        [
            0.10912300999999999,
            0.11177123,
            0.11177123,
            0.06785726,
            0.06785726,
            0.06011768,
            0.06011768,
            0.06011768,
            2e-08,
            0.0,
            0.0056735,
            0.008943729999999999,
            0.011385629999999999,
            0.00649021,
            0.008109439999999999,
            0.00729987,
            0.009748779999999999,
            0.00892896,
            0.010614460000000001,
            0.012295180000000001,
            0.012295180000000001,
            0.012271490000000001,
            0.011447379999999998,
            0.008171959999999999,
            0.00571538,
            0.0008081000000000001,
            0.0008080000000000001,
            0.0008080000000000001,
            0.01655236,
            0.01655236,
            0.01655236,
            0.04671074,
            0.04426911,
            0.04426911,
            0.04426911,
            0.04426911,
            0.045095659999999996,
            0.03853376,
            0.04016019,
            0.036909059999999994,
            0.036909059999999994,
            0.0436864,
            0.0436864,
            0.18685793,
            0.18685793,
            0.18685793,
            0.18685793,
            0.18934444,
            0.18685793,
            0.19430234999999998,
            0.19430234999999998,
            0.19430234999999998,
            0.19430234999999998,
            0.19430234999999998,
            0.21449823999999998,
            0.19068513,
            0.19068513,
            0.19153694999999998,
            0.19153694999999998,
            0.19153694999999998,
            0.19153694999999998,
            0.18737909,
            0.18737909,
            0.30362738,
            0.25959307,
            0.2217201,
            0.20421804,
            0.31483890999999997,
            0.26899159,
            0.26158159999999997,
            0.2639797,
            0.10168319,
            0.10168319,
            0.10912300999999999
        ],
        [
            0.11479649,
            0.11744471000000001,
            0.11744471000000001,
            0.07353074,
            0.07353074,
            0.06579116,
            0.06579116,
            0.06579116,
            0.0056735,
            0.0056735,
            0.0,
            0.006505029999999999,
            0.00894693,
            0.0040515099999999995,
            0.00567074,
            0.00486117,
            0.007310079999999999,
            0.006490259999999999,
            0.013097560000000001,
            0.014778280000000001,
            0.014778280000000001,
            0.014754590000000001,
            0.013930479999999999,
            0.010655060000000001,
            0.008198480000000001,
            0.00486542,
            0.0064814799999999995,
            0.0064814799999999995,
            0.02222584,
            0.02222584,
            0.02222584,
            0.05238422,
            0.04994259,
            0.04994259,
            0.04994259,
            0.04994259,
            0.050769140000000004,
            0.044207239999999995,
            0.04583367,
            0.04258254,
            0.04258254,
            0.049359879999999995,
            0.049359879999999995,
            0.19253141000000001,
            0.19253141000000001,
            0.19253141000000001,
            0.19253141000000001,
            0.19501792,
            0.19253141000000001,
            0.19997582999999997,
            0.19997582999999997,
            0.19997582999999997,
            0.19997582999999997,
            0.19997582999999997,
            0.22017171999999996,
            0.19635861,
            0.19635861,
            0.19721043,
            0.19721043,
            0.19721043,
            0.19721043,
            0.19305256999999998,
            0.19305256999999998,
            0.30930086,
            0.26526655,
            0.22739357999999998,
            0.20989152,
            0.32051239,
            0.27466507,
            0.26725508,
            0.26965318,
            0.10735667,
            0.10735667,
            0.11479649
        ],
        [
            0.11806671999999999,
            0.12071493999999999,
            0.12071493999999999,
            0.07680097,
            0.07680097,
            0.06906139,
            0.06906139,
            0.06906139,
            0.008943729999999999,
            0.008943729999999999,
            0.006505029999999999,
            0.0,
            0.01221716,
            0.007321739999999999,
            0.00894097,
            0.0081314,
            0.010580309999999999,
            0.00976049,
            0.01636779,
            0.01804851,
            0.01804851,
            0.01802482,
            0.017200709999999998,
            0.01392529,
            0.01146871,
            0.00813565,
            0.009751709999999999,
            0.009751709999999999,
            0.02549607,
            0.02549607,
            0.02549607,
            0.05565445,
            0.05321282,
            0.05321282,
            0.05321282,
            0.05321282,
            0.05403937,
            0.047477469999999994,
            0.0491039,
            0.04585277,
            0.04585277,
            0.052630109999999994,
            0.052630109999999994,
            0.19580164,
            0.19580164,
            0.19580164,
            0.19580164,
            0.19828815,
            0.19580164,
            0.20324605999999998,
            0.20324605999999998,
            0.20324605999999998,
            0.20324605999999998,
            0.20324605999999998,
            0.22344194999999997,
            0.19962884,
            0.19962884,
            0.20048065999999998,
            0.20048065999999998,
            0.20048065999999998,
            0.20048065999999998,
            0.1963228,
            0.1963228,
            0.31257109,
            0.26853678000000003,
            0.23066381,
            0.21316174999999998,
            0.32378262,
            0.2779353,
            0.27052531,
            0.27292341,
            0.1106269,
            0.1106269,
            0.11806671999999999
        ],
        [
            0.12050862000000001,
            0.12315684000000002,
            0.12315684000000002,
            0.07924286999999999,
            0.07924286999999999,
            0.07150329,
            0.07150329,
            0.07150329,
            0.011385629999999999,
            0.011385629999999999,
            0.00894693,
            0.01221716,
            0.0,
            0.00489544,
            0.00651467,
            0.0057051,
            0.00815401,
            0.00733419,
            0.01880969,
            0.02049041,
            0.02049041,
            0.02046672,
            0.019642609999999998,
            0.01636719,
            0.01391061,
            0.01057755,
            0.012193609999999999,
            0.012193609999999999,
            0.02793797,
            0.02793797,
            0.02793797,
            0.058096350000000005,
            0.055654720000000005,
            0.055654720000000005,
            0.055654720000000005,
            0.055654720000000005,
            0.05648127,
            0.049919370000000005,
            0.0515458,
            0.04829467,
            0.04829467,
            0.055072010000000005,
            0.055072010000000005,
            0.19824354,
            0.19824354,
            0.19824354,
            0.19824354,
            0.20073005,
            0.19824354,
            0.20568796,
            0.20568796,
            0.20568796,
            0.20568796,
            0.20568796,
            0.22588385,
            0.20207074000000003,
            0.20207074000000003,
            0.20292255999999997,
            0.20292255999999997,
            0.20292255999999997,
            0.20292255999999997,
            0.19876470000000002,
            0.19876470000000002,
            0.31501299,
            0.27097868,
            0.23310571000000002,
            0.21560364999999998,
            0.32622452,
            0.2803772,
            0.27296721,
            0.27536531,
            0.11306880000000001,
            0.11306880000000001,
            0.12050862000000001
        ],
        [
            0.1156132,
            0.11826142,
            0.11826142,
            0.07434745,
            0.07434745,
            0.06660787,
            0.06660787,
            0.06660787,
            0.00649021,
            0.00649021,
            0.0040515099999999995,
            0.007321739999999999,
            0.00489544,
            0.0,
            0.00161925,
            0.0008096800000000001,
            0.0032585899999999996,
            0.00243877,
            0.013914270000000001,
            0.015594990000000001,
            0.015594990000000001,
            0.015571300000000001,
            0.014747189999999999,
            0.01147177,
            0.00901519,
            0.00568213,
            0.0072981899999999995,
            0.0072981899999999995,
            0.02304255,
            0.02304255,
            0.02304255,
            0.05320093,
            0.0507593,
            0.0507593,
            0.0507593,
            0.0507593,
            0.05158585,
            0.04502394999999999,
            0.04665038,
            0.04339925,
            0.04339925,
            0.05017658999999999,
            0.05017658999999999,
            0.19334812,
            0.19334812,
            0.19334812,
            0.19334812,
            0.19583463,
            0.19334812,
            0.20079253999999996,
            0.20079253999999996,
            0.20079253999999996,
            0.20079253999999996,
            0.20079253999999996,
            0.22098842999999996,
            0.19717532,
            0.19717532,
            0.19802714,
            0.19802714,
            0.19802714,
            0.19802714,
            0.19386927999999998,
            0.19386927999999998,
            0.31011757,
            0.26608326,
            0.22821028999999998,
            0.21070823,
            0.3213291,
            0.27548178,
            0.26807179,
            0.27046989,
            0.10817338,
            0.10817338,
            0.1156132
        ],
        [
            0.11723243,
            0.11988065,
            0.11988065,
            0.07596668,
            0.07596668,
            0.0682271,
            0.0682271,
            0.0682271,
            0.008109439999999999,
            0.008109439999999999,
            0.00567074,
            0.00894097,
            0.00651467,
            0.00161925,
            0.0,
            0.00080959,
            0.0032584999999999997,
            0.004058,
            0.0155335,
            0.017214220000000002,
            0.017214220000000002,
            0.017190530000000002,
            0.01636642,
            0.013090999999999998,
            0.010634419999999999,
            0.007301359999999999,
            0.008917419999999999,
            0.008917419999999999,
            0.024661779999999998,
            0.024661779999999998,
            0.024661779999999998,
            0.05482016,
            0.05237853,
            0.05237853,
            0.05237853,
            0.05237853,
            0.05320508,
            0.04664317999999999,
            0.04826961,
            0.04501848,
            0.04501848,
            0.05179581999999999,
            0.05179581999999999,
            0.19496734999999998,
            0.19496734999999998,
            0.19496734999999998,
            0.19496734999999998,
            0.19745385999999998,
            0.19496734999999998,
            0.20241177,
            0.20241177,
            0.20241177,
            0.20241177,
            0.20241177,
            0.22260765999999998,
            0.19879455000000001,
            0.19879455000000001,
            0.19964636999999996,
            0.19964636999999996,
            0.19964636999999996,
            0.19964636999999996,
            0.19548851,
            0.19548851,
            0.3117368,
            0.26770249,
            0.22982952,
            0.21232745999999997,
            0.32294833,
            0.27710101,
            0.26969102,
            0.27208911999999996,
            0.10979261,
            0.10979261,
            0.11723243
        ],
        [
            0.11642285999999999,
            0.11907108,
            0.11907108,
            0.07515711,
            0.07515711,
            0.06741753,
            0.06741753,
            0.06741753,
            0.00729987,
            0.00729987,
            0.00486117,
            0.0081314,
            0.0057051,
            0.0008096800000000001,
            0.00080959,
            0.0,
            0.0024489299999999998,
            0.00324843,
            0.014723930000000001,
            0.01640465,
            0.01640465,
            0.01638096,
            0.015556849999999999,
            0.01228143,
            0.00982485,
            0.00649179,
            0.00810785,
            0.00810785,
            0.02385221,
            0.02385221,
            0.02385221,
            0.05401059,
            0.05156896,
            0.05156896,
            0.05156896,
            0.05156896,
            0.05239551,
            0.04583361,
            0.04746004,
            0.044208910000000004,
            0.044208910000000004,
            0.05098625,
            0.05098625,
            0.19415778,
            0.19415778,
            0.19415778,
            0.19415778,
            0.19664429,
            0.19415778,
            0.20160219999999998,
            0.20160219999999998,
            0.20160219999999998,
            0.20160219999999998,
            0.20160219999999998,
            0.22179808999999998,
            0.19798498,
            0.19798498,
            0.19883679999999998,
            0.19883679999999998,
            0.19883679999999998,
            0.19883679999999998,
            0.19467894,
            0.19467894,
            0.31092723,
            0.26689292,
            0.22901995,
            0.21151789,
            0.32213875999999997,
            0.27629144,
            0.26888144999999997,
            0.27127955,
            0.10898304,
            0.10898304,
            0.11642285999999999
        ],
        [
            0.11887176999999999,
            0.12151999,
            0.12151999,
            0.07760602,
            0.07760602,
            0.06986643999999999,
            0.06986643999999999,
            0.06986643999999999,
            0.009748779999999999,
            0.009748779999999999,
            0.007310079999999999,
            0.010580309999999999,
            0.00815401,
            0.0032585899999999996,
            0.0032584999999999997,
            0.0024489299999999998,
            0.0,
            0.0056973399999999995,
            0.01717284,
            0.01885356,
            0.01885356,
            0.01882987,
            0.018005759999999996,
            0.014730339999999998,
            0.012273759999999998,
            0.0089407,
            0.010556759999999998,
            0.010556759999999998,
            0.026301119999999997,
            0.026301119999999997,
            0.026301119999999997,
            0.056459499999999996,
            0.054017869999999996,
            0.054017869999999996,
            0.054017869999999996,
            0.054017869999999996,
            0.05484441999999999,
            0.048282519999999995,
            0.049908949999999994,
            0.04665781999999999,
            0.04665781999999999,
            0.053435159999999995,
            0.053435159999999995,
            0.19660669,
            0.19660669,
            0.19660669,
            0.19660669,
            0.1990932,
            0.19660669,
            0.20405110999999998,
            0.20405110999999998,
            0.20405110999999998,
            0.20405110999999998,
            0.20405110999999998,
            0.22424699999999997,
            0.20043389,
            0.20043389,
            0.20128570999999998,
            0.20128570999999998,
            0.20128570999999998,
            0.20128570999999998,
            0.19712785,
            0.19712785,
            0.31337614,
            0.26934183,
            0.23146886,
            0.21396679999999998,
            0.32458767,
            0.27874034999999997,
            0.27133036,
            0.27372845999999995,
            0.11143195,
            0.11143195,
            0.11887176999999999
        ],
        [
            0.11805194999999999,
            0.12070017,
            0.12070017,
            0.0767862,
            0.0767862,
            0.06904661999999999,
            0.06904661999999999,
            0.06904661999999999,
            0.00892896,
            0.00892896,
            0.006490259999999999,
            0.00976049,
            0.00733419,
            0.00243877,
            0.004058,
            0.00324843,
            0.0056973399999999995,
            0.0,
            0.016353020000000003,
            0.01803374,
            0.01803374,
            0.01801005,
            0.017185939999999997,
            0.01391052,
            0.01145394,
            0.00812088,
            0.00973694,
            0.00973694,
            0.0254813,
            0.0254813,
            0.0254813,
            0.05563968,
            0.05319805,
            0.05319805,
            0.05319805,
            0.05319805,
            0.05402459999999999,
            0.0474627,
            0.049089129999999995,
            0.04583799999999999,
            0.04583799999999999,
            0.05261534,
            0.05261534,
            0.19578687,
            0.19578687,
            0.19578687,
            0.19578687,
            0.19827338,
            0.19578687,
            0.20323128999999998,
            0.20323128999999998,
            0.20323128999999998,
            0.20323128999999998,
            0.20323128999999998,
            0.22342717999999998,
            0.19961407,
            0.19961407,
            0.20046588999999998,
            0.20046588999999998,
            0.20046588999999998,
            0.20046588999999998,
            0.19630803,
            0.19630803,
            0.31255632,
            0.26852201,
            0.23064904,
            0.21314697999999999,
            0.32376784999999997,
            0.27792053,
            0.27051053999999997,
            0.27290864,
            0.11061213,
            0.11061213,
            0.11805194999999999
        ],
        [
            0.11973745,
            0.12238567,
            0.12238567,
            0.0784717,
            0.0784717,
            0.07073212,
            0.07073212,
            0.07073212,
            0.010614460000000001,
            0.010614460000000001,
            0.013097560000000001,
            0.01636779,
            0.01880969,
            0.013914270000000001,
            0.0155335,
            0.014723930000000001,
            0.01717284,
            0.016353020000000003,
            0.0,
            0.00657452,
            0.00657452,
            0.0065508300000000005,
            0.00572672,
            0.0040916,
            0.0048991,
            0.009806380000000002,
            0.01142244,
            0.01142244,
            0.0271668,
            0.0271668,
            0.0271668,
            0.05732518,
            0.05488355,
            0.05488355,
            0.05488355,
            0.05488355,
            0.0557101,
            0.0491482,
            0.05077463,
            0.047523499999999996,
            0.047523499999999996,
            0.05430084,
            0.05430084,
            0.19747237,
            0.19747237,
            0.19747237,
            0.19747237,
            0.19995888,
            0.19747237,
            0.20491679,
            0.20491679,
            0.20491679,
            0.20491679,
