{
    "NEXUS_FILE_URL": "http://purl.org/phylo/treebase/phylows/study/TB2:S12975",
    "NEWICK_TREE": "(1:0.003018,2:0.007579,(3:0.010596,((4:0.0092,(5:0.00486,6:0.006594):0.007562):0.00104,((((7:0.006453,8:0.011645):0.003656,9:0.00496):0.001439,((((11:6.04E-4,12:5.84E-4):0.015221,(13:0.01596,(14:0.002303,(15:0.001001,16:8.67E-4):0.002017):0.025363):0.00757):0.002424,((((((19:0.010753,20:0.00958):0.003425,(((21:0.004339,(22:5.96E-4,23:0.00232):0.005331):0.003253,24:0.008548):0.00391,25:0.009793):0.001526):6.46E-4,26:0.012381):0.001398,28:0.004912):0.002815,27:0.010332):0.031567,((((29:0.021835,(31:0.008351,32:0.002252):0.010737):0.006546,(30:0.015042,(33:0.007813,34:0.002801):0.011037):0.005317):0.00232,35:0.008792):0.023898,((((36:0.008156,37:0.013238):0.004594,((38:0.005746,39:0.00477):0.001683,40:0.003716):0.008465):0.002415,(41:0.006131,42:0.007117):0.005152):0.016138,(((((43:0.003831,44:0.002945):0.001934,45:0.006615):0.006689,((46:0.013392,47:0.009301):8.07E-4,48:0.003092):0.006243):0.046886,(((((49:0.004113,50:0.005053):0.00516,(51:0.007592,52:0.009535):7.59E-4):0.007571,53:0.012233):0.026682,(((((54:5.93E-4,55:5.88E-4):0.004929,56:0.009452):0.00584,57:0.010417):0.005188,58:0.015686):0.005699,(59:0.021551,60:0.0113):0.014236):0.015329):0.00954,((((61:0.001509,62:0.004233):0.003453,63:0.004081):0.018246,64:0.011741):0.003444,((65:0.001674,66:0.001613):0.008615,(67:0.008017,68:0.010924):0.008998):6.52E-4):0.021181):0.009625):0.004519,(69:0.052914,70:0.058333):0.121014):0.009027):0.010461):0.006568):0.006962):0.006341,(17:5.87E-4,18:0.002301):0.008164):0.010439):6.61E-4,10:0.008285):0.003016):0.003949):0.011915);",
    "DISTANCE_MATRIX": [
        [
            0.0,
            0.010596999999999999,
            0.025529,
            0.029122000000000002,
            0.032344,
            0.034078,
            0.034107,
            0.039299,
            0.028957999999999998,
            0.057588,
            0.057568,
            0.06529299999999999,
            0.07699900000000001,
            0.07771399999999998,
            0.07757999999999998,
            0.09690499999999999,
            0.09573199999999998,
            0.095755,
            0.09734299999999999,
            0.09906699999999999,
            0.09671099999999999,
            0.09404599999999999,
            0.09446199999999999,
            0.08559499999999998,
            0.0882,
            0.10746799999999998,
            0.10472099999999998,
            0.09862199999999999,
            0.09944599999999998,
            0.10325399999999998,
            0.098242,
            0.085559,
            0.094633,
            0.099715,
            0.097777,
            0.096801,
            0.09406399999999998,
            0.090751,
            0.09173699999999999,
            0.136216,
            0.13532999999999998,
            0.137066,
            0.144204,
            0.140113,
            0.133097,
            0.139567,
            0.140507,
            0.138645,
            0.140588,
            0.134956,
            0.133619,
            0.13361399999999998,
            0.137549,
            0.132674,
            0.13275499999999998,
            0.14715699999999998,
            0.136906,
            0.134334,
            0.13705799999999999,
            0.133453,
            0.122867,
            0.118623,
            0.118562,
            0.125349,
            0.128256,
            0.246285,
            0.25170400000000004,
            0.041749,
            0.043463,
            0.030183
        ],
        [
            0.010596999999999999,
            0.0,
            0.03009,
            0.033683000000000005,
            0.036905,
            0.038639,
            0.038668,
            0.04386,
            0.033519,
            0.062149,
            0.062129000000000004,
            0.069854,
            0.08156000000000001,
            0.08227499999999999,
            0.08214099999999999,
            0.101466,
            0.100293,
            0.100316,
            0.101904,
            0.103628,
            0.101272,
            0.09860699999999999,
            0.09902299999999999,
            0.09015599999999999,
            0.092761,
            0.11202899999999999,
            0.10928199999999999,
            0.103183,
            0.10400699999999999,
            0.107815,
            0.10280299999999999,
            0.09011999999999999,
            0.09919399999999999,
            0.104276,
            0.102338,
            0.101362,
            0.09862499999999999,
            0.095312,
            0.096298,
            0.140777,
            0.139891,
            0.141627,
            0.148765,
            0.144674,
            0.137658,
            0.144128,
            0.145068,
            0.143206,
            0.145149,
            0.139517,
            0.13818,
            0.138175,
            0.14211000000000001,
            0.137235,
            0.137316,
            0.151718,
            0.141467,
            0.13889500000000002,
            0.141619,
            0.138014,
            0.12742799999999999,
            0.123184,
            0.123123,
            0.12991,
            0.13281700000000002,
            0.250846,
            0.256265,
            0.046310000000000004,
            0.048024000000000004,
            0.034744000000000004
        ],
        [
            0.025529,
            0.03009,
            0.0,
            0.024785,
            0.028006999999999997,
            0.029740999999999997,
            0.029769999999999998,
            0.034962,
            0.024620999999999997,
            0.053251,
            0.053231,
            0.060955999999999996,
            0.072662,
            0.07337699999999998,
            0.07324299999999999,
            0.092568,
            0.09139499999999999,
            0.091418,
            0.09300599999999999,
            0.09473,
            0.092374,
            0.08970899999999998,
            0.09012499999999998,
            0.08125799999999998,
            0.083863,
            0.10313099999999999,
            0.10038399999999999,
            0.094285,
            0.09510899999999999,
            0.09891699999999999,
            0.09390499999999999,
            0.08122199999999999,
            0.09029599999999999,
            0.09537799999999999,
            0.09344,
            0.09246399999999999,
            0.08972699999999999,
            0.08641399999999999,
            0.08739999999999999,
            0.131879,
            0.13099299999999997,
            0.13272899999999999,
            0.139867,
            0.13577599999999998,
            0.12875999999999999,
            0.13523,
            0.13616999999999999,
            0.13430799999999998,
            0.13625099999999998,
            0.13061899999999999,
            0.129282,
            0.129277,
            0.133212,
            0.128337,
            0.128418,
            0.14281999999999997,
            0.132569,
            0.129997,
            0.13272099999999998,
            0.12911599999999998,
            0.11853,
            0.114286,
            0.114225,
            0.121012,
            0.123919,
            0.241948,
            0.247367,
            0.037412,
            0.039126,
            0.025846
        ],
        [
            0.029122000000000002,
            0.033683000000000005,
            0.024785,
            0.0,
            0.021622,
            0.023356000000000002,
            0.025464999999999998,
            0.030657,
            0.020316,
            0.048945999999999996,
            0.048926,
            0.05665099999999999,
            0.068357,
            0.069072,
            0.068938,
            0.08826300000000001,
            0.08709,
            0.08711300000000001,
            0.088701,
            0.090425,
            0.08806900000000001,
            0.085404,
            0.08582,
            0.076953,
            0.079558,
            0.098826,
            0.096079,
            0.08998,
            0.090804,
            0.094612,
            0.0896,
            0.076917,
            0.085991,
            0.091073,
            0.089135,
            0.088159,
            0.085422,
            0.082109,
            0.083095,
            0.12757400000000002,
            0.12668799999999997,
            0.12842399999999998,
            0.135562,
            0.131471,
            0.124455,
            0.130925,
            0.131865,
            0.13000299999999998,
            0.131946,
            0.12631399999999998,
            0.124977,
            0.124972,
            0.128907,
            0.124032,
            0.124113,
            0.13851499999999997,
            0.128264,
            0.12569200000000003,
            0.12841599999999997,
            0.12481099999999999,
            0.11422500000000001,
            0.10998100000000001,
            0.10992,
            0.116707,
            0.11961400000000001,
            0.237643,
            0.243062,
            0.033107,
            0.034821,
            0.021540999999999998
        ],
        [
            0.032344,
            0.036905,
            0.028006999999999997,
            0.021622,
            0.0,
            0.011453999999999999,
            0.028686999999999997,
            0.033879,
            0.023537999999999996,
            0.05216799999999999,
            0.052148,
            0.059872999999999996,
            0.071579,
            0.072294,
            0.07216,
            0.09148500000000001,
            0.090312,
            0.09033500000000001,
            0.091923,
            0.09364700000000001,
            0.09129100000000001,
            0.088626,
            0.089042,
            0.080175,
            0.08278,
            0.102048,
            0.099301,
            0.09320200000000001,
            0.094026,
            0.097834,
            0.092822,
            0.080139,
            0.089213,
            0.094295,
            0.09235700000000001,
            0.091381,
            0.088644,
            0.085331,
            0.086317,
            0.130796,
            0.12990999999999997,
            0.13164599999999999,
            0.138784,
            0.13469299999999998,
            0.12767699999999998,
            0.134147,
            0.13508699999999998,
            0.13322499999999998,
            0.13516799999999998,
            0.12953599999999998,
            0.128199,
            0.128194,
            0.132129,
            0.127254,
            0.127335,
            0.14173699999999997,
            0.131486,
            0.128914,
            0.13163799999999998,
            0.12803299999999998,
            0.11744700000000001,
            0.11320300000000001,
            0.113142,
            0.11992900000000001,
            0.12283600000000001,
            0.240865,
            0.246284,
            0.036329,
            0.038042999999999993,
            0.024763
        ],
        [
            0.034078,
            0.038639,
            0.029740999999999997,
            0.023356000000000002,
            0.011453999999999999,
            0.0,
            0.030420999999999997,
            0.035613,
            0.025272,
            0.053902,
            0.053882,
            0.061606999999999995,
            0.073313,
            0.074028,
            0.073894,
            0.09321900000000001,
            0.092046,
            0.09206900000000001,
            0.093657,
            0.09538100000000001,
            0.09302500000000001,
            0.09036,
            0.090776,
            0.081909,
            0.084514,
            0.103782,
            0.101035,
            0.094936,
            0.09576,
            0.099568,
            0.094556,
            0.081873,
            0.090947,
            0.096029,
            0.09409100000000001,
            0.093115,
            0.090378,
            0.087065,
            0.088051,
            0.13253,
            0.13164399999999998,
            0.13338,
            0.14051799999999998,
            0.136427,
            0.129411,
            0.135881,
            0.136821,
            0.134959,
            0.136902,
            0.13127,
            0.129933,
            0.129928,
            0.133863,
            0.128988,
            0.129069,
            0.14347099999999996,
            0.13322,
            0.13064800000000001,
            0.133372,
            0.129767,
            0.11918100000000001,
            0.11493700000000001,
            0.114876,
            0.12166300000000001,
            0.12457000000000001,
            0.24259899999999998,
            0.248018,
            0.038063,
            0.039777,
            0.026497
        ],
        [
            0.034107,
            0.038668,
            0.029769999999999998,
            0.025464999999999998,
            0.028686999999999997,
            0.030420999999999997,
            0.0,
            0.018098000000000003,
            0.015068999999999999,
            0.04657699999999999,
            0.046557,
            0.054282,
            0.065988,
            0.066703,
            0.066569,
            0.08589400000000001,
            0.084721,
            0.08474400000000001,
            0.086332,
            0.08805600000000001,
            0.08570000000000001,
            0.083035,
            0.083451,
            0.074584,
            0.07718900000000001,
            0.096457,
            0.09371,
            0.08761100000000001,
            0.088435,
            0.092243,
            0.087231,
            0.074548,
            0.083622,
            0.088704,
            0.08676600000000001,
            0.08579,
            0.083053,
            0.07974,
            0.080726,
            0.125205,
            0.12431899999999999,
            0.126055,
            0.133193,
            0.129102,
            0.122086,
            0.128556,
            0.129496,
            0.127634,
            0.129577,
            0.123945,
            0.12260800000000001,
            0.122603,
            0.126538,
            0.12166300000000001,
            0.121744,
            0.136146,
            0.125895,
            0.12332300000000002,
            0.126047,
            0.122442,
            0.11185600000000001,
            0.10761200000000001,
            0.10755100000000001,
            0.11433800000000001,
            0.11724500000000002,
            0.235274,
            0.24069300000000002,
            0.030737999999999998,
            0.032451999999999995,
            0.020494
        ],
        [
            0.039299,
            0.04386,
            0.034962,
            0.030657,
            0.033879,
            0.035613,
            0.018098000000000003,
            0.0,
            0.020261,
            0.051768999999999996,
            0.051749,
            0.059474,
            0.07118000000000001,
            0.071895,
            0.071761,
            0.09108600000000001,
            0.089913,
            0.08993600000000002,
            0.09152400000000001,
            0.09324800000000001,
            0.09089200000000001,
            0.088227,
            0.088643,
            0.079776,
            0.08238100000000001,
            0.101649,
            0.098902,
            0.09280300000000001,
            0.093627,
            0.09743500000000001,
            0.092423,
            0.07974,
            0.088814,
            0.09389600000000001,
            0.09195800000000001,
            0.09098200000000001,
            0.088245,
            0.08493200000000001,
            0.08591800000000001,
            0.130397,
            0.129511,
            0.131247,
            0.138385,
            0.134294,
            0.127278,
            0.133748,
            0.134688,
            0.132826,
            0.134769,
            0.129137,
            0.1278,
            0.127795,
            0.13173,
            0.126855,
            0.126936,
            0.141338,
            0.131087,
            0.12851500000000002,
            0.131239,
            0.127634,
            0.11704800000000001,
            0.11280400000000002,
            0.11274300000000001,
            0.11953000000000001,
            0.12243700000000002,
            0.240466,
            0.24588500000000002,
            0.035930000000000004,
            0.037644,
            0.025686
        ],
        [
            0.028957999999999998,
            0.033519,
            0.024620999999999997,
            0.020316,
            0.023537999999999996,
            0.025272,
            0.015068999999999999,
            0.020261,
            0.0,
            0.041428,
            0.041408,
            0.049132999999999996,
            0.060839000000000004,
            0.061554,
            0.06142,
            0.08074500000000001,
            0.079572,
            0.07959500000000001,
            0.081183,
            0.08290700000000001,
            0.08055100000000001,
            0.077886,
            0.078302,
            0.069435,
            0.07204,
            0.091308,
            0.088561,
            0.08246200000000001,
            0.083286,
            0.087094,
            0.082082,
            0.069399,
            0.078473,
            0.083555,
            0.08161700000000001,
            0.080641,
            0.077904,
            0.074591,
            0.075577,
            0.12005600000000001,
            0.11916999999999998,
            0.120906,
            0.128044,
            0.123953,
            0.116937,
            0.123407,
            0.124347,
            0.122485,
            0.124428,
            0.118796,
            0.11745900000000001,
            0.117454,
            0.12138900000000001,
            0.116514,
            0.116595,
            0.13099699999999997,
            0.120746,
            0.11817400000000002,
            0.12089799999999999,
            0.117293,
            0.10670700000000001,
            0.10246300000000001,
            0.102402,
            0.10918900000000001,
            0.11209600000000002,
            0.230125,
            0.235544,
            0.025589,
            0.027303,
            0.015345000000000001
        ],
        [
            0.057588,
            0.062149,
            0.053251,
            0.048945999999999996,
            0.05216799999999999,
            0.053902,
            0.04657699999999999,
            0.051768999999999996,
            0.041428,
            0.0,
            0.001188,
            0.039355,
            0.051061,
            0.051775999999999996,
            0.051642,
            0.075815,
            0.074642,
            0.074665,
            0.076253,
            0.077977,
            0.075621,
            0.072956,
            0.07337199999999999,
            0.06450499999999999,
            0.06711,
            0.086378,
            0.083631,
            0.077532,
            0.078356,
            0.082164,
            0.077152,
            0.064469,
            0.073543,
            0.078625,
            0.07668699999999999,
            0.075711,
            0.072974,
            0.069661,
            0.070647,
            0.115126,
            0.11423999999999998,
            0.115976,
            0.123114,
            0.11902299999999999,
            0.112007,
            0.118477,
            0.119417,
            0.11755499999999999,
            0.119498,
            0.113866,
            0.112529,
            0.112524,
            0.11645900000000001,
            0.111584,
            0.111665,
            0.12606699999999998,
            0.115816,
            0.11324400000000001,
            0.11596799999999999,
            0.11236299999999999,
            0.101777,
            0.09753300000000001,
            0.097472,
            0.104259,
            0.10716600000000001,
            0.22519499999999998,
            0.23061399999999999,
            0.033340999999999996,
            0.035054999999999996,
            0.043975
        ],
        [
            0.057568,
            0.062129000000000004,
            0.053231,
            0.048926,
            0.052148,
            0.053882,
            0.046557,
            0.051749,
            0.041408,
            0.001188,
            0.0,
            0.039334999999999995,
            0.051041,
            0.051755999999999996,
            0.051622,
            0.075795,
            0.074622,
            0.074645,
            0.076233,
            0.077957,
            0.075601,
            0.072936,
            0.073352,
            0.064485,
            0.06709,
            0.08635799999999999,
            0.08361099999999999,
            0.077512,
            0.07833599999999999,
            0.082144,
            0.07713199999999999,
            0.06444899999999999,
            0.07352299999999999,
            0.078605,
            0.076667,
            0.075691,
            0.072954,
            0.069641,
            0.070627,
            0.115106,
            0.11421999999999997,
            0.11595599999999999,
            0.123094,
            0.11900299999999998,
            0.11198699999999999,
            0.11845699999999999,
            0.11939699999999999,
            0.11753499999999999,
            0.11947799999999999,
            0.11384599999999999,
            0.112509,
            0.11250399999999999,
            0.116439,
            0.111564,
            0.111645,
            0.126047,
            0.115796,
            0.113224,
            0.11594799999999998,
            0.11234299999999998,
            0.101757,
            0.097513,
            0.097452,
            0.104239,
            0.107146,
            0.225175,
            0.230594,
            0.033320999999999996,
            0.035035,
            0.043955
        ],
        [
            0.06529299999999999,
            0.069854,
            0.060955999999999996,
            0.05665099999999999,
            0.059872999999999996,
            0.061606999999999995,
            0.054282,
            0.059474,
            0.049132999999999996,
            0.039355,
            0.039334999999999995,
            0.0,
            0.043626,
            0.044341,
            0.044206999999999996,
            0.08352,
            0.082347,
            0.08237,
            0.083958,
            0.08568200000000001,
            0.083326,
            0.080661,
            0.081077,
            0.07221,
            0.07481499999999999,
            0.094083,
            0.091336,
            0.08523700000000001,
            0.086061,
            0.089869,
            0.08485699999999999,
            0.07217399999999999,
            0.08124799999999999,
            0.08632999999999999,
            0.084392,
            0.08341599999999999,
            0.080679,
            0.07736599999999999,
            0.078352,
            0.122831,
            0.12194499999999997,
            0.12368099999999999,
            0.130819,
            0.12672799999999998,
            0.11971199999999999,
            0.126182,
            0.12712199999999999,
            0.12525999999999998,
            0.12720299999999998,
            0.12157099999999998,
            0.12023400000000001,
            0.120229,
            0.124164,
            0.119289,
            0.11937,
            0.13377199999999997,
            0.12352099999999999,
            0.120949,
            0.12367299999999998,
            0.12006799999999998,
            0.109482,
            0.105238,
            0.10517699999999999,
            0.11196400000000001,
            0.114871,
            0.2329,
            0.238319,
            0.041046,
            0.04275999999999999,
            0.05168
        ],
        [
            0.07699900000000001,
            0.08156000000000001,
            0.072662,
            0.068357,
            0.071579,
            0.073313,
            0.065988,
            0.07118000000000001,
            0.060839000000000004,
            0.051061,
            0.051041,
            0.043626,
            0.0,
            0.005320999999999999,
            0.005187000000000001,
            0.095226,
            0.094053,
            0.094076,
            0.095664,
            0.097388,
            0.095032,
            0.092367,
            0.092783,
            0.083916,
            0.08652100000000001,
            0.105789,
            0.103042,
            0.096943,
            0.09776699999999999,
            0.101575,
            0.09656300000000001,
            0.08388000000000001,
            0.09295400000000001,
            0.09803600000000001,
            0.096098,
            0.09512200000000001,
            0.09238500000000001,
            0.08907200000000001,
            0.090058,
            0.13453700000000002,
            0.133651,
            0.135387,
            0.142525,
            0.138434,
            0.131418,
            0.137888,
            0.138828,
            0.136966,
            0.138909,
            0.133277,
            0.13194,
            0.131935,
            0.13587000000000002,
            0.130995,
            0.131076,
            0.145478,
            0.135227,
            0.13265500000000002,
            0.135379,
            0.131774,
            0.12118800000000002,
            0.11694400000000002,
            0.11688300000000001,
            0.12367,
            0.12657700000000002,
            0.244606,
            0.250025,
            0.05275200000000001,
            0.054466,
            0.063386
        ],
        [
            0.07771399999999998,
            0.08227499999999999,
            0.07337699999999998,
            0.069072,
            0.072294,
            0.074028,
            0.066703,
            0.071895,
            0.061554,
            0.051775999999999996,
            0.051755999999999996,
            0.044341,
            0.005320999999999999,
            0.0,
            0.0018679999999999999,
            0.095941,
            0.09476799999999999,
            0.094791,
            0.09637899999999999,
            0.098103,
            0.095747,
            0.093082,
            0.093498,
            0.084631,
            0.08723600000000001,
            0.10650399999999999,
            0.10375699999999999,
            0.097658,
            0.09848199999999999,
            0.10228999999999999,
            0.097278,
            0.084595,
            0.093669,
            0.098751,
            0.096813,
            0.095837,
            0.0931,
            0.089787,
            0.09077299999999999,
            0.135252,
            0.13436599999999999,
            0.136102,
            0.14324,
            0.139149,
            0.132133,
            0.138603,
            0.139543,
            0.137681,
            0.139624,
            0.133992,
            0.132655,
            0.13265,
            0.136585,
            0.13171,
            0.131791,
            0.146193,
            0.135942,
            0.13337000000000002,
            0.136094,
            0.132489,
            0.12190300000000001,
            0.11765900000000001,
            0.11759800000000001,
            0.124385,
            0.12729200000000002,
            0.24532099999999998,
            0.25074,
            0.053467,
            0.055180999999999994,
            0.06410099999999999
        ],
        [
            0.07757999999999998,
            0.08214099999999999,
            0.07324299999999999,
            0.068938,
            0.07216,
            0.073894,
            0.066569,
            0.071761,
            0.06142,
            0.051642,
            0.051622,
            0.044206999999999996,
            0.005187000000000001,
            0.0018679999999999999,
            0.0,
            0.095807,
            0.094634,
            0.094657,
            0.096245,
            0.097969,
            0.095613,
            0.092948,
            0.093364,
            0.084497,
            0.08710200000000001,
            0.10636999999999999,
            0.10362299999999999,
            0.097524,
            0.09834799999999999,
            0.102156,
            0.09714400000000001,
            0.08446100000000001,
            0.09353500000000001,
            0.09861700000000001,
            0.096679,
            0.09570300000000001,
            0.09296600000000001,
            0.08965300000000001,
            0.090639,
            0.13511800000000002,
            0.134232,
            0.135968,
            0.143106,
            0.139015,
            0.131999,
            0.138469,
            0.139409,
            0.137547,
            0.13949,
            0.133858,
            0.132521,
            0.132516,
            0.13645100000000002,
            0.131576,
            0.131657,
            0.146059,
            0.135808,
            0.13323600000000002,
            0.13596,
            0.132355,
            0.12176900000000002,
            0.11752500000000002,
            0.11746400000000001,
            0.124251,
            0.12715800000000002,
            0.245187,
            0.250606,
            0.053333000000000005,
            0.055047,
            0.063967
        ],
        [
            0.09690499999999999,
            0.101466,
            0.092568,
            0.08826300000000001,
            0.09148500000000001,
            0.09321900000000001,
            0.08589400000000001,
            0.09108600000000001,
            0.08074500000000001,
            0.075815,
            0.075795,
            0.08352,
            0.095226,
            0.095941,
            0.095807,
            0.0,
            0.020333,
            0.027206,
            0.028794,
            0.030518,
            0.028162,
            0.025497,
            0.027205,
            0.021134,
            0.029369,
            0.11177099999999998,
            0.10902399999999998,
            0.10292499999999999,
            0.10374899999999998,
            0.10755699999999999,
            0.102545,
            0.089862,
            0.098936,
            0.104018,
            0.10207999999999999,
            0.101104,
            0.098367,
            0.095054,
            0.09603999999999999,
            0.140519,
            0.13963299999999998,
            0.141369,
            0.148507,
            0.144416,
            0.1374,
            0.14387,
            0.14481,
            0.142948,
            0.144891,
            0.139259,
            0.137922,
            0.137917,
            0.141852,
            0.13697700000000002,
            0.137058,
            0.15145999999999998,
            0.141209,
            0.138637,
            0.141361,
            0.137756,
            0.12717,
            0.12292600000000001,
            0.122865,
            0.129652,
            0.132559,
            0.250588,
            0.256007,
            0.072658,
            0.07437200000000001,
            0.083292
        ],
        [
            0.09573199999999998,
            0.100293,
            0.09139499999999999,
            0.08709,
            0.090312,
            0.092046,
            0.084721,
            0.089913,
            0.079572,
            0.074642,
            0.074622,
            0.082347,
            0.094053,
            0.09476799999999999,
            0.094634,
            0.020333,
            0.0,
            0.026033,
            0.027621,
            0.029345,
            0.026989,
            0.024324,
            0.026032,
            0.019961,
            0.028196,
            0.11059799999999999,
            0.10785099999999999,
            0.101752,
            0.10257599999999999,
            0.10638399999999999,
            0.10137199999999999,
            0.08868899999999999,
            0.09776299999999999,
            0.10284499999999999,
            0.100907,
            0.09993099999999999,
            0.097194,
            0.09388099999999999,
            0.09486699999999999,
            0.139346,
            0.13845999999999997,
            0.140196,
            0.147334,
            0.14324299999999998,
            0.136227,
            0.142697,
            0.143637,
            0.14177499999999998,
            0.14371799999999998,
            0.138086,
            0.136749,
            0.136744,
            0.140679,
            0.135804,
            0.135885,
            0.15028699999999998,
            0.140036,
            0.137464,
            0.14018799999999998,
            0.13658299999999998,
            0.125997,
            0.121753,
            0.121692,
            0.128479,
            0.131386,
            0.249415,
            0.254834,
            0.07148499999999999,
            0.073199,
            0.082119
        ],
        [
            0.095755,
            0.100316,
            0.091418,
            0.08711300000000001,
            0.09033500000000001,
            0.09206900000000001,
            0.08474400000000001,
            0.08993600000000002,
            0.07959500000000001,
            0.074665,
            0.074645,
            0.08237,
            0.094076,
            0.094791,
            0.094657,
            0.027206,
            0.026033,
            0.0,
            0.010266,
            0.01199,
            0.01614,
            0.021295,
            0.026055000000000002,
            0.019984000000000002,
            0.028219,
            0.110621,
            0.107874,
            0.101775,
            0.102599,
            0.106407,
            0.10139499999999999,
            0.08871199999999999,
            0.09778599999999998,
            0.10286799999999999,
            0.10092999999999999,
            0.09995399999999999,
            0.097217,
            0.09390399999999999,
            0.09489,
            0.13936900000000002,
            0.13848299999999997,
            0.14021899999999998,
            0.14735700000000002,
            0.143266,
            0.13624999999999998,
            0.14272,
            0.14366,
            0.14179799999999998,
            0.143741,
            0.13810899999999998,
            0.136772,
            0.136767,
            0.140702,
            0.135827,
            0.135908,
            0.15031,
            0.140059,
            0.13748700000000003,
            0.14021099999999997,
            0.136606,
            0.12602000000000002,
            0.12177600000000001,
            0.121715,
            0.128502,
            0.131409,
            0.249438,
            0.254857,
            0.071508,
            0.07322200000000001,
            0.082142
        ],
        [
            0.09734299999999999,
            0.101904,
            0.09300599999999999,
            0.088701,
            0.091923,
            0.093657,
            0.086332,
            0.09152400000000001,
            0.081183,
            0.076253,
            0.076233,
            0.083958,
            0.095664,
            0.09637899999999999,
            0.096245,
            0.028794,
            0.027621,
            0.010266,
            0.0,
            0.002916,
            0.017728,
            0.022883,
            0.027643,
            0.021572,
            0.029807,
            0.11220899999999999,
            0.10946199999999999,
            0.103363,
            0.10418699999999999,
            0.107995,
            0.10298299999999999,
            0.09029999999999999,
            0.09937399999999999,
            0.104456,
            0.102518,
            0.101542,
            0.098805,
            0.095492,
            0.096478,
            0.140957,
            0.14007099999999997,
            0.141807,
            0.148945,
            0.14485399999999998,
            0.137838,
            0.144308,
            0.145248,
            0.14338599999999999,
            0.14532899999999999,
            0.139697,
            0.13836,
            0.138355,
            0.14229,
            0.137415,
            0.137496,
            0.15189799999999998,
            0.141647,
            0.139075,
            0.14179899999999998,
            0.13819399999999998,
            0.127608,
            0.123364,
            0.123303,
            0.13009,
            0.132997,
            0.25102599999999997,
            0.256445,
            0.073096,
            0.07481,
            0.08373
        ],
        [
            0.09906699999999999,
            0.103628,
            0.09473,
            0.090425,
            0.09364700000000001,
            0.09538100000000001,
            0.08805600000000001,
            0.09324800000000001,
            0.08290700000000001,
            0.077977,
            0.077957,
            0.08568200000000001,
            0.097388,
            0.098103,
            0.097969,
            0.030518,
            0.029345,
            0.01199,
            0.002916,
            0.0,
            0.019452,
            0.024607,
            0.029367,
            0.023296,
            0.031531,
            0.11393299999999999,
            0.111186,
            0.105087,
            0.10591099999999999,
            0.109719,
            0.104707,
            0.092024,
            0.101098,
            0.10618,
            0.104242,
            0.103266,
            0.10052900000000001,
            0.097216,
            0.098202,
            0.142681,
            0.14179499999999998,
            0.143531,
            0.150669,
            0.14657799999999999,
            0.139562,
            0.146032,
            0.146972,
            0.14511,
            0.147053,
            0.141421,
            0.14008400000000001,
            0.140079,
            0.144014,
            0.139139,
            0.13922,
            0.15362199999999998,
            0.143371,
            0.140799,
            0.14352299999999998,
            0.139918,
            0.129332,
            0.125088,
            0.125027,
            0.13181400000000001,
            0.134721,
            0.25275,
            0.258169,
            0.07482,
            0.076534,
            0.085454
        ],
        [
            0.09671099999999999,
            0.101272,
            0.092374,
            0.08806900000000001,
            0.09129100000000001,
            0.09302500000000001,
            0.08570000000000001,
            0.09089200000000001,
            0.08055100000000001,
            0.075621,
            0.075601,
            0.083326,
            0.095032,
            0.095747,
            0.095613,
            0.028162,
            0.026989,
            0.01614,
            0.017728,
            0.019452,
            0.0,
            0.022251,
            0.027011,
            0.02094,
            0.029175,
            0.11157699999999998,
            0.10882999999999998,
            0.10273099999999999,
            0.10355499999999998,
            0.10736299999999999,
            0.102351,
            0.089668,
            0.098742,
            0.103824,
            0.10188599999999999,
            0.10091,
            0.098173,
            0.09486,
            0.09584599999999999,
            0.140325,
            0.13943899999999998,
            0.141175,
            0.148313,
            0.144222,
            0.137206,
            0.143676,
            0.144616,
            0.142754,
            0.144697,
            0.139065,
            0.13772800000000002,
            0.13772299999999998,
            0.141658,
            0.136783,
            0.13686399999999999,
            0.15126599999999998,
            0.141015,
            0.138443,
            0.141167,
            0.137562,
            0.126976,
            0.12273200000000001,
            0.122671,
            0.12945800000000002,
            0.132365,
            0.250394,
            0.255813,
            0.072464,
            0.07417800000000001,
            0.083098
        ],
        [
            0.09404599999999999,
            0.09860699999999999,
            0.08970899999999998,
            0.085404,
            0.088626,
