{
    "NEXUS_FILE_URL": "http://purl.org/phylo/treebase/phylows/study/TB2:S12482",
    "NEWICK_TREE": "((1:100.0,((2:100.0,3:100.0):57.667,(4:100.0,5:100.0):99.8):65.375):100.0,(((6:100.0,(7:100.0,10:100.0):56.713,(8:100.0,9:100.0):100.0,((11:100.0,(12:100.0,(13:100.0,(15:100.0,16:100.0):100.0):79.198):64.995):81.969,14:100.0):100.0):89.223,18:100.0):51.794,17:100.0):97.0,(19:100.0,20:100.0):0.0);",
    "DISTANCE_MATRIX": [
        [
            0.0,
            323.04200000000003,
            323.04200000000003,
            365.175,
            365.175,
            538.017,
            594.73,
            594.73,
            638.017,
            638.017,
            719.986,
            784.981,
            864.179,
            964.179,
            964.179,
            638.017,
            448.794,
            397.0,
            300.0,
            300.0
        ],
        [
            323.04200000000003,
            0.0,
            200.0,
            357.467,
            357.467,
            661.059,
            717.7719999999999,
            717.7719999999999,
            761.059,
            761.059,
            843.028,
            908.023,
            987.221,
            1087.221,
            1087.221,
            761.059,
            571.836,
            520.042,
            423.04200000000003,
            423.04200000000003
        ],
        [
            323.04200000000003,
            200.0,
            0.0,
            357.467,
            357.467,
            661.059,
            717.7719999999999,
            717.7719999999999,
            761.059,
            761.059,
            843.028,
            908.023,
            987.221,
            1087.221,
            1087.221,
            761.059,
            571.836,
            520.042,
            423.04200000000003,
            423.04200000000003
        ],
        [
            365.175,
            357.467,
            357.467,
            0.0,
            200.0,
            703.192,
            759.905,
            759.905,
            803.192,
            803.192,
            885.1610000000001,
            950.156,
            1029.354,
            1129.354,
            1129.354,
            803.192,
            613.969,
            562.175,
            465.175,
            465.175
        ],
        [
            365.175,
            357.467,
            357.467,
            200.0,
            0.0,
            703.192,
            759.905,
            759.905,
            803.192,
            803.192,
            885.1610000000001,
            950.156,
            1029.354,
            1129.354,
            1129.354,
            803.192,
            613.969,
            562.175,
            465.175,
            465.175
        ],
        [
            538.017,
            661.059,
            661.059,
            703.192,
            703.192,
            0.0,
            256.71299999999997,
            256.71299999999997,
            300.0,
            300.0,
            381.969,
            446.964,
            526.162,
            626.162,
            626.162,
            300.0,
            289.223,
            341.017,
            438.017,
            438.017
        ],
        [
            594.73,
            717.7719999999999,
            717.7719999999999,
            759.905,
            759.905,
            256.71299999999997,
            0.0,
            200.0,
            356.71299999999997,
            356.71299999999997,
            438.682,
            503.677,
            582.875,
            682.875,
            682.875,
            356.71299999999997,
            345.936,
            397.72999999999996,
            494.72999999999996,
            494.72999999999996
        ],
        [
            594.73,
            717.7719999999999,
            717.7719999999999,
            759.905,
            759.905,
            256.71299999999997,
            200.0,
            0.0,
            356.71299999999997,
            356.71299999999997,
            438.682,
            503.677,
            582.875,
            682.875,
            682.875,
            356.71299999999997,
            345.936,
            397.72999999999996,
            494.72999999999996,
            494.72999999999996
        ],
        [
            638.017,
            761.059,
            761.059,
            803.192,
            803.192,
            300.0,
            356.71299999999997,
            356.71299999999997,
            0.0,
            200.0,
            481.969,
            546.9639999999999,
            626.162,
            726.162,
            726.162,
            400.0,
            389.223,
            441.017,
            538.017,
            538.017
        ],
        [
            638.017,
            761.059,
            761.059,
            803.192,
            803.192,
            300.0,
            356.71299999999997,
            356.71299999999997,
            200.0,
            0.0,
            481.969,
            546.9639999999999,
            626.162,
            726.162,
            726.162,
            400.0,
            389.223,
            441.017,
            538.017,
            538.017
        ],
        [
            719.986,
            843.028,
            843.028,
            885.1610000000001,
            885.1610000000001,
            381.969,
            438.682,
            438.682,
            481.969,
            481.969,
            0.0,
            264.995,
            344.193,
            444.193,
            444.193,
            281.969,
            471.192,
            522.986,
            619.986,
            619.986
        ],
        [
            784.981,
            908.023,
            908.023,
            950.156,
            950.156,
            446.964,
            503.677,
            503.677,
            546.9639999999999,
            546.9639999999999,
            264.995,
            0.0,
            279.198,
            379.198,
            379.198,
            346.964,
            536.187,
            587.981,
            684.981,
            684.981
        ],
        [
            864.179,
            987.221,
            987.221,
            1029.354,
            1029.354,
            526.162,
            582.875,
            582.875,
            626.162,
            626.162,
            344.193,
            279.198,
            0.0,
            300.0,
            300.0,
            426.162,
            615.385,
            667.179,
            764.179,
            764.179
        ],
        [
            964.179,
            1087.221,
            1087.221,
            1129.354,
            1129.354,
            626.162,
            682.875,
            682.875,
            726.162,
            726.162,
            444.193,
            379.198,
            300.0,
            0.0,
            200.0,
            526.162,
            715.385,
            767.179,
            864.179,
            864.179
        ],
        [
            964.179,
            1087.221,
            1087.221,
            1129.354,
            1129.354,
            626.162,
            682.875,
            682.875,
            726.162,
            726.162,
            444.193,
            379.198,
            300.0,
            200.0,
            0.0,
            526.162,
            715.385,
            767.179,
            864.179,
            864.179
        ],
        [
            638.017,
            761.059,
            761.059,
            803.192,
            803.192,
            300.0,
            356.71299999999997,
            356.71299999999997,
            400.0,
            400.0,
            281.969,
            346.964,
            426.162,
            526.162,
            526.162,
            0.0,
            389.223,
            441.017,
            538.017,
            538.017
        ],
        [
            448.794,
            571.836,
            571.836,
            613.969,
            613.969,
            289.223,
            345.936,
            345.936,
            389.223,
            389.223,
            471.192,
            536.187,
            615.385,
            715.385,
            715.385,
            389.223,
            0.0,
            251.79399999999998,
            348.794,
            348.794
        ],
        [
            397.0,
            520.042,
            520.042,
            562.175,
            562.175,
            341.017,
            397.72999999999996,
            397.72999999999996,
            441.017,
            441.017,
            522.986,
            587.981,
            667.179,
            767.179,
            767.179,
            441.017,
            251.79399999999998,
            0.0,
            297.0,
            297.0
        ],
        [
            300.0,
            423.04200000000003,
            423.04200000000003,
            465.175,
            465.175,
            438.017,
            494.72999999999996,
            494.72999999999996,
            538.017,
            538.017,
            619.986,
            684.981,
            764.179,
            864.179,
            864.179,
            538.017,
            348.794,
            297.0,
            0.0,
            200.0
        ],
        [
            300.0,
            423.04200000000003,
            423.04200000000003,
            465.175,
            465.175,
            438.017,
            494.72999999999996,
            494.72999999999996,
            538.017,
            538.017,
            619.986,
            684.981,
            764.179,
            864.179,
            864.179,
            538.017,
            348.794,
            297.0,
            200.0,
            0.0
        ]
    ],
    "NODE_MAPPING": {
        "0": "1",
        "1": "2",
        "2": "3",
        "3": "4",
        "4": "5",
        "5": "6",
        "6": "7",
        "7": "10",
        "8": "8",
        "9": "9",
        "10": "11",
        "11": "12",
        "12": "13",
        "13": "15",
        "14": "16",
        "15": "14",
        "16": "18",
        "17": "17",
        "18": "19",
        "19": "20"
    }
}