{
    "NEXUS_FILE_URL": "http://purl.org/phylo/treebase/phylows/study/TB2:S14096",
    "NEWICK_TREE": "(1:1.172254923221703,((7:0.3523886710697477,(10:0.2770623120883518,11:0.145515484993881):0.1248256060975119):0.06843290962869705,(8:0.002106162192574368,9:0.01773882841699368):0.3728124878303816):0.2821682988402757,(((2:0.7287433761228436,(34:0.4595992672028823,(35:0.1283140853883453,((36:0.1625775259801076,38:0.08535799985824621):0.06228358521232939,37:0.1012738183579501):0.03765168186725081):0.2725720977560999):0.1859093653370142):0.2254670619212058,(((3:0.3843183332723034,4:0.2338713432444041):0.07996698768755116,(5:0.2127676327766869,6:0.1562567793447853):0.03349433961479176):0.4957202586303655,((12:0.323675502584638,((((13:0.09862571747380947,(14:0.09907840048025128,15:0.08511015406739883):0.03032071502991627):0.2323006604429803,22:0.06912762253288976):0.0217131466502498,(23:0.01785681696232842,24:0.04417444170936229):0.02394352320253654):0.03066766877303556,(20:0.1853601933190729,21:0.1163895329402926):0.02850613011476867):0.04214632833930341):0.07519854131792035,(16:0.06945630584522229,((17:0.07596714734469465,19:0.02932643992788251):0.02749730146485161,18:0.05093084825224356):0.07127893370224705):0.1278312483361004):0.2484833362424526):0.1289048082123911):0.09464661582914141,(25:0.469128679343753,(((26:0.266992865984683,27:0.1108014287301492):0.1104552026325852,31:0.02369240583107854):0.0617452878602483,(((28:0.1455242334574701,33:0.03507598703427014):0.01947086211940107,32:0.03787738602113286):0.03994888212865647,(29:0.1011375747218798,30:0.07768633750286431):0.0473192018490091):0.02957321080957339):0.1627571252487103):0.1828133787723002):0.1112970902547243);",
    "DISTANCE_MATRIX": [
        [
            0.0,
            1.8752448027604234,
            1.9247440498765394,
            1.7931972227820687,
            1.8293418720849348,
            1.844974538309354,
            2.332409067349618,
            2.2491743237666713,
            2.1904612397082337,
            2.324659947379576,
            2.247440421257715,
            2.2010726545450896,
            2.46710901710818,
            2.3166620270802807,
            2.249085668539804,
            2.1925748151079025,
            2.154460817662971,
            2.2562388367577118,
            2.2870122347940693,
            2.2730439883812172,
            1.9944400813738115,
            1.9453996523555368,
            1.9717172771025706,
            2.086797966851478,
            2.0178273064726975,
            1.952874327941735,
            2.058161404608306,
            2.011520697191494,
            2.005627804051003,
            1.9354940715924807,
            2.0683158739749543,
            1.9121244367204207,
            1.7145602111887648,
            1.863639706012539,
            1.7531914595893388,
            1.7365219964568004,
            1.8071525048779002,
            1.7837012676588846
        ],
        [
            1.8752448027604234,
            0.0,
            0.7542765892556114,
            0.6227297621611406,
            0.7957402307214008,
            0.81137289694582,
            1.8631440236666355,
            1.7799092800836886,
            1.7211961960252515,
            1.855394903696594,
            1.7781753775747324,
            1.731807610862107,
            1.9978439734251974,
            1.847396983397298,
            1.7798206248568214,
            1.72330977142492,
            1.6851957739799883,
            1.7869737930747291,
            1.8177471911110872,
            1.8037789446982346,
            1.525175037690829,
            1.4761346086725542,
            1.502452233419588,
            1.6175329231684956,
            1.5485622627897149,
            1.4836092842587525,
            1.588896360925324,
            1.5422556535085117,
            1.536362760368021,
            1.466229027909498,
            1.5990508302919717,
            1.442859393037438,
            1.2452951675057822,
            1.3943746623295565,
            1.2839264159063564,
            1.267256952773818,
            1.3378874611949176,
            1.314436223975902
        ],
        [
            1.9247440498765394,
            0.7542765892556114,
            0.0,
            0.4225777970822328,
            0.8452394778375167,
            0.860872144061936,
            1.9126432707827514,
            1.8294085271998046,
            1.7706954431413675,
            1.90489415081271,
            1.8276746246908484,
            1.781306857978223,
            2.0473432205413133,
            1.896896230513414,
            1.8293198719729373,
            1.772809018541036,
            1.7346950210961043,
            1.8364730401908451,
            1.8672464382272032,
            1.8532781918143506,
            1.574674284806945,
            1.5256338557886702,
            1.551951480535704,
            1.6670321702846116,
            1.5980615099058308,
            1.5331085313748685,
            1.63839560804144,
            1.5917549006246277,
            1.585862007484137,
            1.515728275025614,
            1.6485500774080877,
            1.492358640153554,
            1.2947944146218981,
            1.4438739094456725,
            1.3334256630224723,
            1.316756199889934,
            1.3873867083110336,
            1.363935471092018
        ],
        [
            1.7931972227820687,
            0.6227297621611406,
            0.4225777970822328,
            0.0,
            0.713692650743046,
            0.7293253169674654,
            1.7810964436882808,
            1.6978617001053338,
            1.6391486160468967,
            1.773347323718239,
            1.6961277975963778,
            1.6497600308837523,
            1.9157963934468427,
            1.7653494034189434,
            1.6977730448784667,
            1.6412621914465653,
            1.6031481940016337,
            1.7049262130963743,
            1.7356996111327323,
            1.7217313647198798,
            1.4431274577124742,
            1.3940870286941995,
            1.4204046534412333,
            1.5354853431901407,
            1.4665146828113602,
            1.4015617042803978,
            1.506848780946969,
            1.4602080735301568,
            1.4543151803896661,
            1.3841814479311432,
            1.517003250313617,
            1.3608118130590832,
            1.1632475875274273,
            1.3123270823512017,
            1.2018788359280017,
            1.1852093727954633,
            1.2558398812165628,
            1.2323886439975473
        ],
        [
            1.8293418720849348,
            0.7957402307214008,
            0.8452394778375167,
            0.713692650743046,
            0.0,
            0.01984499060956805,
            1.817241092991147,
            1.7340063494081996,
            1.6752932653497625,
            1.809491973021105,
            1.7322724468992439,
            1.6859046801866184,
            1.9519410427497088,
            1.8014940527218095,
            1.7339176941813328,
            1.6774068407494314,
            1.6392928433044998,
            1.7410708623992401,
            1.7718442604355982,
            1.7578760140227456,
            1.47927210701534,
            1.4302316779970656,
            1.4565493027440994,
            1.5716299924930066,
            1.5026593321142263,
            1.437706353583264,
            1.542993430249835,
            1.4963527228330227,
            1.490459829692532,
            1.4203260972340093,
            1.5531478996164831,
            1.3969564623619493,
            1.1993922368302934,
            1.3484717316540675,
            1.2380234852308676,
            1.2213540220983292,
            1.2919845305194289,
            1.2685332933004134
        ],
        [
            1.844974538309354,
            0.81137289694582,
            0.860872144061936,
            0.7293253169674654,
            0.01984499060956805,
            0.0,
            1.8328737592155662,
            1.7496390156326191,
            1.690925931574182,
            1.8251246392455245,
            1.7479051131236631,
            1.7015373464110377,
            1.967573708974128,
            1.8171267189462288,
            1.749550360405752,
            1.6930395069738506,
            1.654925509528919,
            1.7567035286236596,
            1.7874769266600177,
            1.7735086802471651,
            1.4949047732397596,
            1.445864344221485,
            1.4721819689685187,
            1.5872626587174261,
            1.5182919983386456,
            1.4533390198076832,
            1.5586260964742544,
            1.5119853890574422,
            1.5060924959169515,
            1.4359587634584288,
            1.5687805658409024,
            1.4125891285863688,
            1.215024903054713,
            1.364104397878487,
            1.2536561514552869,
            1.2369866883227485,
            1.3076171967438484,
            1.2841659595248327
        ],
        [
            2.332409067349618,
            1.8631440236666355,
            1.9126432707827514,
            1.7810964436882808,
            1.817241092991147,
            1.8328737592155662,
            0.0,
            1.37425200866274,
            1.315538924604303,
            1.4497376322756454,
            1.3725181061537841,
            1.3261503394411585,
            2.0431208258466604,
            1.8926738358187611,
            1.8250974772782844,
            1.768586623846383,
            1.7304726264014514,
            1.8322506454961922,
            1.8630240435325502,
            1.8490557971196977,
            1.5704518901122921,
            1.5214114610940173,
            1.547729085841051,
            1.6628097755899587,
            1.593839115211178,
            1.5288861366802158,
            1.634173213346787,
            1.5875325059299747,
            1.581639612789484,
            1.700799111989244,
            1.8336209143717177,
            1.677429477117184,
            1.4798652515855282,
            1.6289447464093023,
            1.5184964999861024,
            1.501827036853564,
            1.5724575452746636,
            1.549006308055648
        ],
        [
            2.2491743237666713,
            1.7799092800836886,
            1.8294085271998046,
            1.6978617001053338,
            1.7340063494081996,
            1.7496390156326191,
            1.37425200866274,
            0.0,
            0.8604854503473276,
            0.99468415801867,
            0.9174646318968087,
            0.8710968651841831,
            1.9598860822637134,
            1.8094390922358141,
            1.7418627336953374,
            1.685351880263436,
            1.6472378828185044,
            1.749015901913245,
            1.779789299949603,
            1.7658210535367505,
            1.487217146529345,
            1.4381767175110702,
            1.464494342258104,
            1.5795750320070114,
            1.510604371628231,
            1.4456513930972688,
            1.5509384697638398,
            1.5042977623470275,
            1.4984048692065368,
            1.6175643684062968,
            1.7503861707887707,
            1.5941947335342368,
            1.396630508002581,
            1.5457100028263553,
            1.4352617564031553,
            1.418592293270617,
            1.4892228016917164,
            1.465771564472701
        ],
        [
            2.1904612397082337,
            1.7211961960252515,
            1.7706954431413675,
            1.6391486160468967,
            1.6752932653497625,
            1.690925931574182,
            1.315538924604303,
            0.8604854503473276,
            0.0,
            0.3908268784480331,
            0.31360735232617176,
            0.2672395856135462,
            1.9011729982052765,
            1.7507260081773772,
            1.6831496496369005,
            1.626638796204999,
            1.5885247987600675,
            1.6903028178548078,
            1.7210762158911659,
            1.7071079694783133,
            1.4285040624709078,
            1.3794636334526333,
            1.4057812581996671,
            1.5208619479485743,
            1.451891287569794,
            1.3869383090388316,
            1.4922253857054026,
            1.4455846782885904,
            1.4396917851481,
            1.5588512843478597,
            1.6916730867303336,
            1.5354816494757997,
            1.3379174239441438,
            1.4869969187679182,
            1.3765486723447182,
            1.3598792092121799,
            1.4305097176332793,
            1.4070584804142638
        ],
        [
            2.324659947379576,
            1.855394903696594,
            1.90489415081271,
            1.773347323718239,
            1.809491973021105,
            1.8251246392455245,
            1.4497376322756454,
            0.99468415801867,
            0.3908268784480331,
            0.0,
            0.24793552583835382,
            0.32613492955038714,
            2.035371705876619,
            1.8849247158487197,
            1.817348357308243,
            1.7608375038763415,
            1.72272350643141,
            1.8245015255261503,
            1.8552749235625083,
            1.8413066771496558,
            1.5627027701422502,
            1.5136623411239758,
            1.5399799658710096,
            1.6550606556199168,
            1.5860899952411365,
            1.521137016710174,
            1.626424093376745,
            1.5797833859599328,
            1.5738904928194424,
            1.6930499920192021,
            1.825871794401676,
            1.6696803571471421,
            1.4721161316154863,
            1.6211956264392606,
            1.5107473800160607,
            1.4940779168835223,
            1.5647084253046217,
            1.5412571880856063
        ],
        [
            2.247440421257715,
            1.7781753775747324,
            1.8276746246908484,
            1.6961277975963778,
            1.7322724468992439,
            1.7479051131236631,
            1.3725181061537841,
            0.9174646318968087,
            0.31360735232617176,
            0.24793552583835382,
            0.0,
            0.24891540342852572,
            1.9581521797547574,
            1.8077051897268581,
            1.7401288311863814,
            1.68361797775448,
            1.6455039803095484,
            1.7472819994042892,
            1.7780553974406472,
            1.7640871510277947,
            1.4854832440203891,
            1.4364428150021142,
            1.462760439749148,
            1.5778411294980557,
            1.508870469119275,
            1.4439174905883128,
            1.549204567254884,
            1.5025638598380717,
            1.496670966697581,
            1.615830465897341,
            1.7486522682798147,
            1.592460831025281,
            1.3948966054936252,
            1.5439761003173993,
            1.4335278538941993,
            1.416858390761661,
            1.4874888991827606,
            1.464037661963745
        ],
        [
            2.2010726545450896,
            1.731807610862107,
            1.781306857978223,
            1.6497600308837523,
            1.6859046801866184,
            1.7015373464110377,
            1.3261503394411585,
            0.8710968651841831,
            0.2672395856135462,
            0.32613492955038714,
            0.24891540342852572,
            0.0,
            1.911784413042132,
            1.7613374230142327,
            1.693761064473756,
            1.6372502110418545,
            1.599136213596923,
            1.7009142326916635,
            1.7316876307280216,
            1.717719384315169,
            1.4391154773077635,
            1.3900750482894888,
            1.4163926730365226,
            1.53147336278543,
            1.4625027024066495,
            1.397549723875687,
            1.5028368005422583,
            1.456196093125446,
            1.4503031999849556,
            1.5694626991847156,
            1.7022845015671892,
            1.5460930643126556,
            1.3485288387809997,
            1.4976083336047739,
            1.387160087181574,
            1.3704906240490355,
            1.4411211324701352,
            1.4176698952511195
        ],
        [
            2.46710901710818,
            1.9978439734251974,
            2.0473432205413133,
            1.9157963934468427,
            1.9519410427497088,
            1.967573708974128,
            2.0431208258466604,
            1.9598860822637134,
            1.9011729982052765,
            2.035371705876619,
            1.9581521797547574,
            1.911784413042132,
            0.0,
            0.6181896765167075,
            0.7105472933513333,
            0.6540364399194316,
            1.607362959735231,
            1.7091409788299716,
            1.7399143768663297,
            1.7259461304534771,
            1.4473422234460716,
            1.398301794427797,
            1.4246194191748307,
            1.539700108923738,
            1.4707294485449576,
            1.4057764700139954,
            1.5110635466805664,
            1.4644228392637542,
            1.4585299461232637,
            1.835499061747806,
            1.9683208641302796,
            1.812129426875746,
            1.61456520134409,
            1.7636446961678642,
            1.6531964497446643,
            1.636526986612126,
            1.7071574950332256,
            1.68370625781421
        ],
        [
            2.3166620270802807,
            1.847396983397298,
            1.896896230513414,
            1.7653494034189434,
            1.8014940527218095,
            1.8171267189462288,
            1.8926738358187611,
            1.8094390922358141,
            1.7507260081773772,
            1.8849247158487197,
            1.8077051897268581,
            1.7613374230142327,
            0.6181896765167075,
            0.0,
            0.5601003033234339,
            0.5035894498915323,
            1.4569159697073317,
            1.5586939888020723,
            1.5894673868384304,
            1.5754991404255778,
            1.2968952334181723,
            1.2478548043998976,
            1.2741724291469314,
            1.3892531188958388,
            1.3202824585170583,
            1.2553294799860961,
            1.3606165566526671,
            1.3139758492358549,
            1.3080829560953644,
            1.6850520717199067,
            1.8178738741023803,
            1.6616824368478467,
            1.4641182113161908,
            1.613197706139965,
            1.502749459716765,
            1.4860799965842266,
            1.5567105050053263,
            1.5332592677863106
        ],
        [
            2.249085668539804,
            1.7798206248568214,
            1.8293198719729373,
            1.6977730448784667,
            1.7339176941813328,
            1.749550360405752,
            1.8250974772782844,
            1.7418627336953374,
            1.6831496496369005,
            1.817348357308243,
            1.7401288311863814,
            1.693761064473756,
            0.7105472933513333,
            0.5601003033234339,
            0.0,
            0.3690244121214722,
            1.389339611166855,
            1.4911176302615958,
            1.5218910282979539,
            1.5079227818851013,
            1.2293188748776958,
            1.180278445859421,
            1.206596070606455,
            1.3216767603553623,
            1.2527060999765818,
            1.1877531214456194,
            1.2930401981121906,
            1.2463994906953784,
            1.2405065975548877,
            1.61747571317943,
            1.7502975155619036,
            1.59410607830737,
            1.396541852775714,
            1.5456213475994882,
            1.4351731011762883,
            1.41850363804375,
            1.4891341464648495,
            1.4656829092458339
        ],
        [
            2.1925748151079025,
            1.72330977142492,
            1.772809018541036,
            1.6412621914465653,
            1.6774068407494314,
            1.6930395069738506,
            1.768586623846383,
            1.685351880263436,
            1.626638796204999,
            1.7608375038763415,
            1.68361797775448,
            1.6372502110418545,
            0.6540364399194316,
            0.5035894498915323,
            0.3690244121214722,
            0.0,
            1.3328287577349536,
            1.4346067768296942,
            1.4653801748660522,
            1.4514119284531997,
            1.172808021445794,
            1.1237675924275194,
            1.1500852171745533,
            1.2651659069234606,
            1.1961952465446801,
            1.131242268013718,
            1.236529344680289,
            1.1898886372634767,
            1.1839957441229862,
            1.5609648597475285,
            1.6937866621300022,
            1.5375952248754685,
            1.3400309993438126,
            1.4891104941675868,
            1.3786622477443868,
            1.3619927846118485,
            1.432623293032948,
            1.4091720558139325
        ],
        [
            2.154460817662971,
            1.6851957739799883,
            1.7346950210961043,
            1.6031481940016337,
            1.6392928433044998,
            1.654925509528919,
            1.7304726264014514,
            1.6472378828185044,
            1.5885247987600675,
            1.72272350643141,
            1.6455039803095484,
            1.599136213596923,
            1.607362959735231,
            1.4569159697073317,
            1.389339611166855,
            1.3328287577349536,
            0.0,
            0.7491290242640166,
            0.7799024223003747,
            0.7659341758875222,
            0.48733026888011655,
            0.43828983986184195,
            0.4646074646088758,
            0.579688154357783,
            0.5107174939790027,
            0.596161598083881,
            0.701448674750452,
            0.65480796733364,
            0.6489150741931493,
            1.522850862302597,
            1.6556726646850706,
            1.499481227430537,
            1.301917001898881,
            1.4509964967226552,
            1.3405482502994552,
            1.3238787871669169,
            1.3945092955880165,
            1.3710580583690009
        ],
        [
            2.2562388367577118,
            1.7869737930747291,
            1.8364730401908451,
            1.7049262130963743,
            1.7410708623992401,
            1.7567035286236596,
            1.8322506454961922,
            1.749015901913245,
            1.6903028178548078,
            1.8245015255261503,
            1.7472819994042892,
            1.7009142326916635,
            1.7091409788299716,
            1.5586939888020723,
            1.4911176302615958,
            1.4346067768296942,
            0.7491290242640166,
            0.0,
            0.22802483298397702,
            0.21405658657112456,
            0.40005400044967954,
            0.39443986473190457,
            0.42075748947893843,
            0.5971735167739167,
            0.5282028563951364,
            0.6979396171786216,
            0.8032266938451926,
            0.7565859864283805,
            0.7506930932878899,
            1.6246288813973373,
            1.7574506837798112,
            1.6012592465252773,
            1.4036950209936214,
            1.5527745158173958,
            1.4423262693941958,
            1.4256568062616575,
            1.4962873146827569,
            1.4728360774637415
        ],
        [
            2.2870122347940693,
            1.8177471911110872,
            1.8672464382272032,
            1.7356996111327323,
            1.7718442604355982,
            1.7874769266600177,
            1.8630240435325502,
            1.779789299949603,
            1.7210762158911659,
            1.8552749235625083,
            1.7780553974406472,
            1.7316876307280216,
            1.7399143768663297,
            1.5894673868384304,
            1.5218910282979539,
            1.4653801748660522,
            0.7799024223003747,
            0.22802483298397702,
            0.0,
            0.1841885545476501,
            0.43082739848603757,
            0.4252132627682626,
            0.45153088751529646,
            0.6279469148102748,
            0.5589762544314945,
            0.7287130152149797,
            0.8340000918815507,
            0.7873593844647385,
            0.781466491324248,
            1.6554022794336953,
            1.7882240818161692,
            1.6320326445616353,
            1.4344684190299795,
            1.5835479138537538,
            1.4730996674305539,
            1.4564302042980155,
            1.527060712719115,
            1.5036094755000995
        ],
        [
            2.2730439883812172,
            1.8037789446982346,
            1.8532781918143506,
            1.7217313647198798,
            1.7578760140227456,
            1.7735086802471651,
            1.8490557971196977,
            1.7658210535367505,
            1.7071079694783133,
            1.8413066771496558,
            1.7640871510277947,
            1.717719384315169,
            1.7259461304534771,
            1.5754991404255778,
            1.5079227818851013,
            1.4514119284531997,
            0.7659341758875222,
            0.21405658657112456,
            0.1841885545476501,
            0.0,
            0.41685915207318514,
            0.41124501635541016,
            0.437562641102444,
            0.6139786683974224,
            0.545008008018642,
            0.7147447688021272,
            0.8200318454686982,
            0.7733911380518861,
            0.7674982449113955,
            1.6414340330208428,
            1.7742558354033167,
            1.6180643981487828,
            1.420500172617127,
            1.5695796674409013,
            1.4591314210177013,
            1.442461957885163,
            1.5130924663062624,
            1.489641229087247
        ],
        [
            1.9944400813738115,
            1.525175037690829,
            1.574674284806945,
            1.4431274577124742,
            1.47927210701534,
            1.4949047732397596,
            1.5704518901122921,
            1.487217146529345,
            1.4285040624709078,
            1.5627027701422502,
            1.4854832440203891,
            1.4391154773077635,
            1.4473422234460716,
            1.2968952334181723,
            1.2293188748776958,
            1.172808021445794,
            0.48733026888011655,
            0.40005400044967954,
            0.43082739848603757,
            0.41685915207318514,
            0.0,
            0.13264110934800452,
            0.1589587340950384,
            0.3353747613900167,
            0.2664041010112364,
            0.4361408617947216,
            0.5414279384612926,
            0.49478723104448047,
            0.4888943379039899,
            1.3628301260134372,
            1.495651928395911,
            1.3394604911413772,
            1.1418962656097214,
            1.2909757604334957,
            1.1805275140102958,
            1.1638580508777574,
            1.2344885592988568,
            1.2110373220798414
        ],
        [
            1.9453996523555368,
            1.4761346086725542,
            1.5256338557886702,
            1.3940870286941995,
            1.4302316779970656,
            1.445864344221485,
            1.5214114610940173,
            1.4381767175110702,
            1.3794636334526333,
            1.5136623411239758,
            1.4364428150021142,
            1.3900750482894888,
            1.398301794427797,
            1.2478548043998976,
            1.180278445859421,
            1.1237675924275194,
            0.43828983986184195,
            0.39443986473190457,
            0.4252132627682626,
            0.41124501635541016,
            0.13264110934800452,
            0.0,
            0.06203125867169071,
            0.2863343323717421,
            0.2173636719929618,
            0.387100432776447,
            0.492387509443018,
            0.44574680202620587,
            0.4398539088857153,
            1.3137896969951628,
            1.4466114993776364,
            1.2904200621231028,
            1.092855836591447,
            1.241935331415221,
            1.131487084992021,
            1.1148176218594827,
            1.1854481302805824,
            1.1619968930615667
        ],
        [
            1.9717172771025706,
            1.502452233419588,
            1.551951480535704,
            1.4204046534412333,
            1.4565493027440994,
            1.4721819689685187,
            1.547729085841051,
            1.464494342258104,
            1.4057812581996671,
            1.5399799658710096,
            1.462760439749148,
            1.4163926730365226,
            1.4246194191748307,
            1.2741724291469314,
            1.206596070606455,
            1.1500852171745533,
            0.4646074646088758,
            0.42075748947893843,
            0.45153088751529646,
            0.437562641102444,
            0.1589587340950384,
            0.06203125867169071,
            0.0,
            0.312651957118776,
            0.24368129673999567,
            0.4134180575234809,
            0.5187051341900519,
            0.47206442677323973,
            0.46617153363274916,
            1.3401073217421966,
            1.4729291241246703,
            1.3167376868701366,
            1.1191734613384807,
            1.2682529561622549,
            1.157804709739055,
            1.1411352466065166,
            1.2117657550276162,
            1.1883145178086005
        ],
        [
            2.086797966851478,
            1.6175329231684956,
            1.6670321702846116,
            1.5354853431901407,
            1.5716299924930066,
            1.5872626587174261,
            1.6628097755899587,
            1.5795750320070114,
            1.5208619479485743,
            1.6550606556199168,
            1.5778411294980557,
            1.53147336278543,
            1.539700108923738,
            1.3892531188958388,
            1.3216767603553623,
            1.2651659069234606,
            0.579688154357783,
            0.5971735167739167,
            0.6279469148102748,
            0.6139786683974224,
            0.3353747613900167,
            0.2863343323717421,
            0.312651957118776,
            0.0,
            0.3017497262593655,
            0.5284987472723881,
            0.6337858239389591,
            0.587145116522147,
            0.5812522233816564,
            1.4551880114911038,
            1.5880098138735776,
            1.4318183766190438,
            1.234254151087388,
            1.3833336459111623,
            1.2728853994879623,
            1.256215936355424,
            1.3268464447765234,
            1.303395207557508
        ],
        [
            2.0178273064726975,
            1.5485622627897149,
            1.5980615099058308,
            1.4665146828113602,
            1.5026593321142263,
            1.5182919983386456,
            1.593839115211178,
            1.510604371628231,
            1.451891287569794,
            1.5860899952411365,
            1.508870469119275,
            1.4625027024066495,
            1.4707294485449576,
            1.3202824585170583,
            1.2527060999765818,
            1.1961952465446801,
            0.5107174939790027,
            0.5282028563951364,
            0.5589762544314945,
            0.545008008018642,
            0.2664041010112364,
            0.2173636719929618,
            0.24368129673999567,
            0.3017497262593655,
            0.0,
            0.45952808689360775,
            0.5648151635601788,
            0.5181744561433665,
            0.5122815630028761,
            1.3862173511123235,
            1.5190391534947971,
            1.3628477162402635,
            1.1652834907086076,
            1.3143629855323817,
            1.2039147391091818,
            1.1872452759766434,
            1.257875784397743,
            1.2344245471787274
        ],
        [
            1.952874327941735,
            1.4836092842587525,
            1.5331085313748685,
            1.4015617042803978,
            1.437706353583264,
            1.4533390198076832,
            1.5288861366802158,
            1.4456513930972688,
            1.3869383090388316,
            1.521137016710174,
            1.4439174905883128,
            1.397549723875687,
            1.4057764700139954,
            1.2553294799860961,
            1.1877531214456194,
            1.131242268013718,
            0.596161598083881,
            0.6979396171786216,
            0.7287130152149797,
            0.7147447688021272,
            0.4361408617947216,
            0.387100432776447,
            0.4134180575234809,
            0.5284987472723881,
            0.45952808689360775,
            0.0,
            0.2441996883570156,
            0.19755898094020347,
            0.1916660877997129,
            1.321264372581361,
            1.4540861749638347,
            1.297894737709301,
            1.1003305121776452,
            1.2494100070014194,
            1.1389617605782194,
            1.122292297445681,
            1.1929228058667807,
            1.169471568647765
        ],
        [
            2.058161404608306,
            1.588896360925324,
            1.63839560804144,
            1.506848780946969,
            1.542993430249835,
            1.5586260964742544,
            1.634173213346787,
            1.5509384697638398,
            1.4922253857054026,
            1.626424093376745,
            1.549204567254884,
            1.5028368005422583,
            1.5110635466805664,
            1.3606165566526671,
            1.2930401981121906,
            1.236529344680289,
            0.701448674750452,
            0.8032266938451926,
            0.8340000918815507,
            0.8200318454686982,
            0.5414279384612926,
            0.492387509443018,
            0.5187051341900519,
            0.6337858239389591,
            0.5648151635601788,
            0.2441996883570156,
            0.0,
            0.10529358727257715,
            0.1543952970617898,
            1.426551449247932,
            1.559373251630406,
            1.403181814375872,
            1.2056175888442162,
            1.3546970836679906,
            1.2442488372447906,
            1.2275793741122523,
            1.2982098825333517,
            1.2747586453143362
        ],
        [
            2.011520697191494,
            1.5422556535085117,
            1.5917549006246277,
            1.4602080735301568,
            1.4963527228330227,
            1.5119853890574422,
            1.5875325059299747,
            1.5042977623470275,
            1.4455846782885904,
            1.5797833859599328,
            1.5025638598380717,
            1.456196093125446,
            1.4644228392637542,
            1.3139758492358549,
            1.2463994906953784,
            1.1898886372634767,
            0.65480796733364,
            0.7565859864283805,
            0.7873593844647385,
            0.7733911380518861,
            0.49478723104448047,
            0.44574680202620587,
            0.47206442677323973,
            0.587145116522147,
            0.5181744561433665,
            0.19755898094020347,
            0.10529358727257715,
            0.0,
            0.10775458964497768,
            1.3799107418311198,
            1.5127325442135937,
            1.3565411069590598,
            1.158976881427404,
            1.3080563762511783,
            1.1976081298279784,
            1.18093866669544,
            1.2515691751165394,
            1.228117937897524
        ],
        [
            2.005627804051003,
            1.536362760368021,
            1.585862007484137,
            1.4543151803896661,
            1.490459829692532,
            1.5060924959169515,
            1.581639612789484,
            1.4984048692065368,
            1.4396917851481,
            1.5738904928194424,
            1.496670966697581,
            1.4503031999849556,
            1.4585299461232637,
            1.3080829560953644,
            1.2405065975548877,
            1.1839957441229862,
            0.6489150741931493,
            0.7506930932878899,
            0.781466491324248,
            0.7674982449113955,
            0.4888943379039899,
            0.4398539088857153,
            0.46617153363274916,
            0.5812522233816564,
            0.5122815630028761,
            0.1916660877997129,
            0.1543952970617898,
            0.10775458964497768,
            0.0,
            1.3740178486906292,
            1.506839651073103,
            1.3506482138185691,
            1.1530839882869133,
            1.3021634831106876,
            1.1917152366874877,
            1.1750457735549493,
            1.2456762819760487,
            1.2222250447570333
        ],
        [
            1.9354940715924807,
            1.466229027909498,
            1.515728275025614,
            1.3841814479311432,
            1.4203260972340093,
            1.4359587634584288,
            1.700799111989244,
            1.6175643684062968,
            1.5588512843478597,
            1.6930499920192021,
            1.615830465897341,
            1.5694626991847156,
            1.835499061747806,
            1.6850520717199067,
            1.61747571317943,
            1.5609648597475285,
            1.522850862302597,
            1.6246288813973373,
            1.6554022794336953,
            1.6414340330208428,
            1.3628301260134372,
            1.3137896969951628,
            1.3401073217421966,
            1.4551880114911038,
            1.3862173511123235,
            1.321264372581361,
            1.426551449247932,
            1.3799107418311198,
            1.3740178486906292,
            0.0,
            1.0710791610699797,
            0.914887723815446,
            0.7173234982837902,
            0.8664029931075643,
            0.7559547466843644,
            0.739285283551826,
            0.8099157919729256,
            0.7864645547539102
        ],
        [
            2.0683158739749543,
            1.5990508302919717,
            1.6485500774080877,
            1.517003250313617,
            1.5531478996164831,
            1.5687805658409024,
            1.8336209143717177,
            1.7503861707887707,
            1.6916730867303336,
            1.825871794401676,
            1.7486522682798147,
            1.7022845015671892,
            1.9683208641302796,
            1.8178738741023803,
            1.7502975155619036,
            1.6937866621300022,
            1.6556726646850706,
            1.7574506837798112,
            1.7882240818161692,
            1.7742558354033167,
            1.495651928395911,
            1.4466114993776364,
            1.4729291241246703,
            1.5880098138735776,
            1.5190391534947971,
            1.4540861749638347,
            1.559373251630406,
            1.5127325442135937,
            1.506839651073103,
            1.0710791610699797,
            0.0,
            0.3777942947148322,
            0.4011404744483468,
            0.6737105449926175,
            0.5632622985694176,
            0.5465928354368792,
            0.6172233438579788,
            0.5937721066389633
        ],
        [
            1.9121244367204207,
            1.442859393037438,
            1.492358640153554,
            1.3608118130590832,
            1.3969564623619493,
            1.4125891285863688,
            1.677429477117184,
            1.5941947335342368,
            1.5354816494757997,
            1.6696803571471421,
            1.592460831025281,
            1.5460930643126556,
            1.812129426875746,
            1.6616824368478467,
            1.59410607830737,
            1.5375952248754685,
            1.499481227430537,
            1.6012592465252773,
            1.6320326445616353,
            1.6180643981487828,
            1.3394604911413772,
