{
    "NEXUS_FILE_URL": "http://purl.org/phylo/treebase/phylows/study/TB2:S12482",
    "NEWICK_TREE": "(1:0.0,((2:100.0,3:100.0):76.048,(4:100.0,((5:100.0,8:100.0,(10:100.0,53:100.0):92.383):64.501,50:100.0,54:100.0):98.683,6:100.0,((7:100.0,15:100.0):96.524,11:100.0):76.458,9:100.0,(12:100.0,14:100.0,43:100.0):99.676,13:100.0,((39:100.0,40:100.0):53.727,41:100.0):85.83,42:100.0,45:100.0,(46:100.0,52:100.0):100.0,51:100.0,(55:100.0,56:100.0):60.175):60.532,16:100.0,44:100.0,(47:100.0,48:100.0):85.891,49:100.0,57:100.0,58:100.0):78.383,(((((20:100.0,21:100.0):100.0,22:100.0,23:100.0,((24:100.0,25:100.0):100.0,(26:100.0,27:100.0,((28:100.0,29:100.0):100.0,(31:100.0,32:100.0):100.0):53.254,30:100.0):100.0):50.389):73.022,(18:100.0,19:100.0):100.0):61.84,17:100.0):96.098,(((33:100.0,37:100.0):100.0,(34:100.0,(35:100.0,36:100.0):90.422):53.353):98.617,38:100.0):100.0):98.8);",
    "DISTANCE_MATRIX": [
        [
            0.0,
            254.43099999999998,
            254.43099999999998,
            238.91499999999996,
            402.099,
            402.099,
            494.48199999999997,
            494.48199999999997,
            337.59799999999996,
            337.59799999999996,
            238.91499999999996,
            411.89699999999993,
            411.89699999999993,
            315.373,
            238.91499999999996,
            338.59099999999995,
            338.59099999999995,
            338.59099999999995,
            238.91499999999996,
            378.472,
            378.472,
            324.74499999999995,
            238.91499999999996,
            238.91499999999996,
            338.91499999999996,
            338.91499999999996,
            238.91499999999996,
            299.09,
            299.09,
            178.38299999999998,
            178.38299999999998,
            264.274,
            264.274,
            178.38299999999998,
            178.38299999999998,
            178.38299999999998,
            529.76,
            529.76,
            429.76,
            429.76,
            580.149,
            580.149,
            580.149,
            580.149,
            733.4029999999999,
            733.4029999999999,
            733.4029999999999,
            733.4029999999999,
            580.149,
            456.73800000000006,
            456.73800000000006,
            294.898,
            497.41700000000003,
            497.41700000000003,
            450.77000000000004,
            541.192,
            541.192,
            298.8
        ],
        [
            254.43099999999998,
            0.0,
            200.0,
            336.58,
            499.764,
            499.764,
            592.1469999999999,
            592.1469999999999,
            435.263,
            435.263,
            336.58,
            509.56199999999995,
            509.56199999999995,
            413.038,
            336.58,
            436.256,
            436.256,
            436.256,
            336.58,
            476.137,
            476.137,
            422.40999999999997,
            336.58,
            336.58,
            436.58,
            436.58,
            336.58,
            396.755,
            396.755,
            276.048,
            276.048,
            361.939,
            361.939,
            276.048,
            276.048,
            276.048,
            784.191,
            784.191,
            684.191,
            684.191,
            834.5799999999999,
            834.5799999999999,
            834.5799999999999,
            834.5799999999999,
            987.8339999999998,
            987.8339999999998,
            987.8339999999998,
            987.8339999999998,
            834.5799999999999,
            711.1690000000001,
            711.1690000000001,
            549.329,
            751.848,
            751.848,
            705.201,
            795.623,
            795.623,
            553.231
        ],
        [
            254.43099999999998,
            200.0,
            0.0,
            336.58,
            499.764,
            499.764,
            592.1469999999999,
            592.1469999999999,
            435.263,
            435.263,
            336.58,
            509.56199999999995,
            509.56199999999995,
            413.038,
            336.58,
            436.256,
            436.256,
            436.256,
            336.58,
            476.137,
            476.137,
            422.40999999999997,
            336.58,
            336.58,
            436.58,
            436.58,
            336.58,
            396.755,
            396.755,
            276.048,
            276.048,
            361.939,
            361.939,
            276.048,
            276.048,
            276.048,
            784.191,
            784.191,
            684.191,
            684.191,
            834.5799999999999,
            834.5799999999999,
            834.5799999999999,
            834.5799999999999,
            987.8339999999998,
            987.8339999999998,
            987.8339999999998,
            987.8339999999998,
            834.5799999999999,
            711.1690000000001,
            711.1690000000001,
            549.329,
            751.848,
            751.848,
            705.201,
            795.623,
            795.623,
            553.231
        ],
        [
            238.91499999999996,
            336.58,
            336.58,
            0.0,
            363.184,
            363.184,
            455.567,
            455.567,
            298.683,
            298.683,
            200.0,
            372.98199999999997,
            372.98199999999997,
            276.45799999999997,
            200.0,
            299.676,
            299.676,
            299.676,
            200.0,
            339.557,
            339.557,
            285.83,
            200.0,
            200.0,
            300.0,
            300.0,
            200.0,
            260.175,
            260.175,
            260.532,
            260.532,
            346.423,
            346.423,
            260.532,
            260.532,
            260.532,
            768.675,
            768.675,
            668.675,
            668.675,
            819.064,
            819.064,
            819.064,
            819.064,
            972.3179999999999,
            972.3179999999999,
            972.3179999999999,
            972.3179999999999,
            819.064,
            695.653,
            695.653,
            533.813,
            736.332,
            736.332,
            689.685,
            780.107,
            780.107,
            537.7149999999999
        ],
        [
            402.099,
            499.764,
            499.764,
            363.184,
            0.0,
            200.0,
            292.383,
            292.383,
            264.501,
            264.501,
            363.184,
            536.1659999999999,
            536.1659999999999,
            439.64200000000005,
            363.184,
            462.86,
            462.86,
            462.86,
            363.184,
            502.74100000000004,
            502.74100000000004,
            449.014,
            363.184,
            363.184,
            463.184,
            463.184,
            363.184,
            423.35900000000004,
            423.35900000000004,
            423.716,
            423.716,
            509.607,
            509.607,
            423.716,
            423.716,
            423.716,
            931.8589999999999,
            931.8589999999999,
            831.8589999999999,
            831.8589999999999,
            982.248,
            982.248,
            982.248,
            982.248,
            1135.502,
            1135.502,
            1135.502,
            1135.502,
            982.248,
            858.837,
            858.837,
            696.9970000000001,
            899.5160000000001,
            899.5160000000001,
            852.869,
            943.2909999999999,
            943.2909999999999,
            700.899
        ],
        [
            402.099,
            499.764,
            499.764,
            363.184,
            200.0,
            0.0,
            292.383,
            292.383,
            264.501,
            264.501,
            363.184,
            536.1659999999999,
            536.1659999999999,
            439.64200000000005,
            363.184,
            462.86,
            462.86,
            462.86,
            363.184,
            502.74100000000004,
            502.74100000000004,
            449.014,
            363.184,
            363.184,
            463.184,
            463.184,
            363.184,
            423.35900000000004,
            423.35900000000004,
            423.716,
            423.716,
            509.607,
            509.607,
            423.716,
            423.716,
            423.716,
            931.8589999999999,
            931.8589999999999,
            831.8589999999999,
            831.8589999999999,
            982.248,
            982.248,
            982.248,
            982.248,
            1135.502,
            1135.502,
            1135.502,
            1135.502,
            982.248,
            858.837,
            858.837,
            696.9970000000001,
            899.5160000000001,
            899.5160000000001,
            852.869,
            943.2909999999999,
            943.2909999999999,
            700.899
        ],
        [
            494.48199999999997,
            592.1469999999999,
            592.1469999999999,
            455.567,
            292.383,
            292.383,
            0.0,
            200.0,
            356.884,
            356.884,
            455.567,
            628.549,
            628.549,
            532.025,
            455.567,
            555.2429999999999,
            555.2429999999999,
            555.2429999999999,
            455.567,
            595.124,
            595.124,
            541.3969999999999,
            455.567,
            455.567,
            555.567,
            555.567,
            455.567,
            515.742,
            515.742,
            516.0989999999999,
            516.0989999999999,
            601.99,
            601.99,
            516.0989999999999,
            516.0989999999999,
            516.0989999999999,
            1024.242,
            1024.242,
            924.242,
            924.242,
            1074.6309999999999,
            1074.6309999999999,
            1074.6309999999999,
            1074.6309999999999,
            1227.8849999999998,
            1227.8849999999998,
            1227.8849999999998,
            1227.8849999999998,
            1074.6309999999999,
            951.22,
            951.22,
            789.38,
            991.899,
            991.899,
            945.252,
            1035.674,
            1035.674,
            793.2819999999999
        ],
        [
            494.48199999999997,
            592.1469999999999,
            592.1469999999999,
            455.567,
            292.383,
            292.383,
            200.0,
            0.0,
            356.884,
            356.884,
            455.567,
            628.549,
            628.549,
            532.025,
            455.567,
            555.2429999999999,
            555.2429999999999,
            555.2429999999999,
            455.567,
            595.124,
            595.124,
            541.3969999999999,
            455.567,
            455.567,
            555.567,
            555.567,
            455.567,
            515.742,
            515.742,
            516.0989999999999,
            516.0989999999999,
            601.99,
            601.99,
            516.0989999999999,
            516.0989999999999,
            516.0989999999999,
            1024.242,
            1024.242,
            924.242,
            924.242,
            1074.6309999999999,
            1074.6309999999999,
            1074.6309999999999,
            1074.6309999999999,
            1227.8849999999998,
            1227.8849999999998,
            1227.8849999999998,
            1227.8849999999998,
            1074.6309999999999,
            951.22,
            951.22,
            789.38,
            991.899,
            991.899,
            945.252,
            1035.674,
            1035.674,
            793.2819999999999
        ],
        [
            337.59799999999996,
            435.263,
            435.263,
            298.683,
            264.501,
            264.501,
            356.884,
            356.884,
            0.0,
            200.0,
            298.683,
            471.66499999999996,
            471.66499999999996,
            375.14099999999996,
            298.683,
            398.359,
            398.359,
            398.359,
            298.683,
            438.24,
            438.24,
            384.513,
            298.683,
            298.683,
            398.683,
            398.683,
            298.683,
            358.858,
            358.858,
            359.215,
            359.215,
            445.106,
            445.106,
            359.215,
            359.215,
            359.215,
            867.358,
            867.358,
            767.358,
            767.358,
            917.747,
            917.747,
            917.747,
            917.747,
            1071.0009999999997,
            1071.0009999999997,
            1071.0009999999997,
            1071.0009999999997,
            917.747,
            794.336,
            794.336,
            632.496,
            835.015,
            835.015,
            788.3679999999999,
            878.79,
            878.79,
            636.3979999999999
        ],
        [
            337.59799999999996,
            435.263,
            435.263,
            298.683,
            264.501,
            264.501,
            356.884,
            356.884,
            200.0,
            0.0,
            298.683,
            471.66499999999996,
            471.66499999999996,
            375.14099999999996,
            298.683,
            398.359,
            398.359,
            398.359,
            298.683,
            438.24,
            438.24,
            384.513,
            298.683,
            298.683,
            398.683,
            398.683,
            298.683,
            358.858,
            358.858,
            359.215,
            359.215,
            445.106,
            445.106,
            359.215,
            359.215,
            359.215,
            867.358,
            867.358,
            767.358,
            767.358,
            917.747,
            917.747,
            917.747,
            917.747,
            1071.0009999999997,
            1071.0009999999997,
            1071.0009999999997,
            1071.0009999999997,
            917.747,
            794.336,
            794.336,
            632.496,
            835.015,
            835.015,
            788.3679999999999,
            878.79,
            878.79,
            636.3979999999999
        ],
        [
            238.91499999999996,
            336.58,
            336.58,
            200.0,
            363.184,
            363.184,
            455.567,
            455.567,
            298.683,
            298.683,
            0.0,
            372.98199999999997,
            372.98199999999997,
            276.45799999999997,
            200.0,
            299.676,
            299.676,
            299.676,
            200.0,
            339.557,
            339.557,
            285.83,
            200.0,
            200.0,
            300.0,
            300.0,
            200.0,
            260.175,
            260.175,
            260.532,
            260.532,
            346.423,
            346.423,
            260.532,
            260.532,
            260.532,
            768.675,
            768.675,
            668.675,
            668.675,
            819.064,
            819.064,
            819.064,
            819.064,
            972.3179999999999,
            972.3179999999999,
            972.3179999999999,
            972.3179999999999,
            819.064,
            695.653,
            695.653,
            533.813,
            736.332,
            736.332,
            689.685,
            780.107,
            780.107,
            537.7149999999999
        ],
        [
            411.89699999999993,
            509.56199999999995,
            509.56199999999995,
            372.98199999999997,
            536.1659999999999,
            536.1659999999999,
            628.549,
            628.549,
            471.66499999999996,
            471.66499999999996,
            372.98199999999997,
            0.0,
            200.0,
            296.524,
            372.98199999999997,
            472.65799999999996,
            472.65799999999996,
            472.65799999999996,
            372.98199999999997,
            512.539,
            512.539,
            458.81199999999995,
            372.98199999999997,
            372.98199999999997,
            472.98199999999997,
            472.98199999999997,
            372.98199999999997,
            433.157,
            433.157,
            433.51399999999995,
            433.51399999999995,
            519.405,
            519.405,
            433.51399999999995,
            433.51399999999995,
            433.51399999999995,
            941.6569999999999,
            941.6569999999999,
            841.6569999999999,
            841.6569999999999,
            992.0459999999999,
            992.0459999999999,
            992.0459999999999,
            992.0459999999999,
            1145.2999999999997,
            1145.2999999999997,
            1145.2999999999997,
            1145.2999999999997,
            992.0459999999999,
            868.635,
            868.635,
            706.795,
            909.314,
            909.314,
            862.6669999999999,
            953.0889999999999,
            953.0889999999999,
            710.6969999999999
        ],
        [
            411.89699999999993,
            509.56199999999995,
            509.56199999999995,
            372.98199999999997,
            536.1659999999999,
            536.1659999999999,
            628.549,
            628.549,
            471.66499999999996,
            471.66499999999996,
            372.98199999999997,
            200.0,
            0.0,
            296.524,
            372.98199999999997,
            472.65799999999996,
            472.65799999999996,
            472.65799999999996,
            372.98199999999997,
            512.539,
            512.539,
            458.81199999999995,
            372.98199999999997,
            372.98199999999997,
            472.98199999999997,
            472.98199999999997,
            372.98199999999997,
            433.157,
            433.157,
            433.51399999999995,
            433.51399999999995,
            519.405,
            519.405,
            433.51399999999995,
            433.51399999999995,
            433.51399999999995,
            941.6569999999999,
            941.6569999999999,
            841.6569999999999,
            841.6569999999999,
            992.0459999999999,
            992.0459999999999,
            992.0459999999999,
            992.0459999999999,
            1145.2999999999997,
            1145.2999999999997,
            1145.2999999999997,
            1145.2999999999997,
            992.0459999999999,
            868.635,
            868.635,
            706.795,
            909.314,
            909.314,
            862.6669999999999,
            953.0889999999999,
            953.0889999999999,
            710.6969999999999
        ],
        [
            315.373,
            413.038,
            413.038,
            276.45799999999997,
            439.64200000000005,
            439.64200000000005,
            532.025,
            532.025,
            375.14099999999996,
            375.14099999999996,
            276.45799999999997,
            296.524,
            296.524,
            0.0,
            276.45799999999997,
            376.134,
            376.134,
            376.134,
            276.45799999999997,
            416.015,
            416.015,
            362.288,
            276.45799999999997,
            276.45799999999997,
            376.45799999999997,
            376.45799999999997,
            276.45799999999997,
            336.63300000000004,
            336.63300000000004,
            336.99,
            336.99,
            422.88100000000003,
            422.88100000000003,
            336.99,
            336.99,
            336.99,
            845.133,
            845.133,
            745.133,
            745.133,
            895.5219999999999,
            895.5219999999999,
            895.5219999999999,
            895.5219999999999,
            1048.7759999999998,
            1048.7759999999998,
            1048.7759999999998,
            1048.7759999999998,
            895.5219999999999,
            772.1110000000001,
            772.1110000000001,
            610.271,
            812.79,
            812.79,
            766.143,
            856.565,
            856.565,
            614.173
        ],
        [
            238.91499999999996,
            336.58,
            336.58,
            200.0,
            363.184,
            363.184,
            455.567,
            455.567,
            298.683,
            298.683,
            200.0,
            372.98199999999997,
            372.98199999999997,
            276.45799999999997,
            0.0,
            299.676,
            299.676,
            299.676,
            200.0,
            339.557,
            339.557,
            285.83,
            200.0,
            200.0,
            300.0,
            300.0,
            200.0,
            260.175,
            260.175,
            260.532,
            260.532,
            346.423,
            346.423,
            260.532,
            260.532,
            260.532,
            768.675,
            768.675,
            668.675,
            668.675,
            819.064,
            819.064,
            819.064,
            819.064,
            972.3179999999999,
            972.3179999999999,
            972.3179999999999,
            972.3179999999999,
            819.064,
            695.653,
            695.653,
            533.813,
            736.332,
            736.332,
            689.685,
            780.107,
            780.107,
            537.7149999999999
        ],
        [
            338.59099999999995,
            436.256,
            436.256,
            299.676,
            462.86,
            462.86,
            555.2429999999999,
            555.2429999999999,
            398.359,
            398.359,
            299.676,
            472.65799999999996,
            472.65799999999996,
            376.134,
            299.676,
            0.0,
            200.0,
            200.0,
            299.676,
            439.233,
            439.233,
            385.506,
            299.676,
            299.676,
            399.676,
            399.676,
            299.676,
            359.851,
            359.851,
            360.20799999999997,
            360.20799999999997,
            446.099,
            446.099,
            360.20799999999997,
            360.20799999999997,
            360.20799999999997,
            868.3509999999999,
            868.3509999999999,
            768.3509999999999,
            768.3509999999999,
            918.74,
            918.74,
            918.74,
            918.74,
            1071.994,
            1071.994,
            1071.994,
            1071.994,
            918.74,
            795.329,
            795.329,
            633.489,
            836.008,
            836.008,
            789.361,
            879.7829999999999,
            879.7829999999999,
            637.391
        ],
        [
            338.59099999999995,
            436.256,
            436.256,
            299.676,
            462.86,
            462.86,
            555.2429999999999,
            555.2429999999999,
            398.359,
            398.359,
            299.676,
            472.65799999999996,
            472.65799999999996,
            376.134,
            299.676,
            200.0,
            0.0,
            200.0,
            299.676,
            439.233,
            439.233,
            385.506,
            299.676,
            299.676,
            399.676,
            399.676,
            299.676,
            359.851,
            359.851,
            360.20799999999997,
            360.20799999999997,
            446.099,
            446.099,
            360.20799999999997,
            360.20799999999997,
            360.20799999999997,
            868.3509999999999,
            868.3509999999999,
            768.3509999999999,
            768.3509999999999,
            918.74,
            918.74,
            918.74,
            918.74,
            1071.994,
            1071.994,
            1071.994,
            1071.994,
            918.74,
            795.329,
            795.329,
            633.489,
            836.008,
            836.008,
            789.361,
            879.7829999999999,
            879.7829999999999,
            637.391
        ],
        [
            338.59099999999995,
            436.256,
            436.256,
            299.676,
            462.86,
            462.86,
            555.2429999999999,
            555.2429999999999,
            398.359,
            398.359,
            299.676,
            472.65799999999996,
            472.65799999999996,
            376.134,
            299.676,
            200.0,
            200.0,
            0.0,
            299.676,
            439.233,
            439.233,
            385.506,
            299.676,
            299.676,
            399.676,
            399.676,
            299.676,
            359.851,
            359.851,
            360.20799999999997,
            360.20799999999997,
            446.099,
            446.099,
            360.20799999999997,
            360.20799999999997,
            360.20799999999997,
            868.3509999999999,
            868.3509999999999,
            768.3509999999999,
            768.3509999999999,
            918.74,
            918.74,
            918.74,
            918.74,
            1071.994,
            1071.994,
            1071.994,
            1071.994,
            918.74,
            795.329,
            795.329,
            633.489,
            836.008,
            836.008,
            789.361,
            879.7829999999999,
            879.7829999999999,
            637.391
        ],
        [
            238.91499999999996,
            336.58,
            336.58,
            200.0,
            363.184,
            363.184,
            455.567,
            455.567,
            298.683,
            298.683,
            200.0,
            372.98199999999997,
            372.98199999999997,
            276.45799999999997,
            200.0,
            299.676,
            299.676,
            299.676,
            0.0,
            339.557,
            339.557,
            285.83,
            200.0,
            200.0,
            300.0,
            300.0,
            200.0,
            260.175,
            260.175,
            260.532,
            260.532,
            346.423,
            346.423,
            260.532,
            260.532,
            260.532,
            768.675,
            768.675,
            668.675,
            668.675,
            819.064,
            819.064,
            819.064,
            819.064,
            972.3179999999999,
            972.3179999999999,
            972.3179999999999,
            972.3179999999999,
            819.064,
            695.653,
            695.653,
            533.813,
            736.332,
            736.332,
            689.685,
            780.107,
            780.107,
            537.7149999999999
        ],
        [
            378.472,
            476.137,
            476.137,
            339.557,
            502.74100000000004,
            502.74100000000004,
            595.124,
            595.124,
            438.24,
            438.24,
            339.557,
            512.539,
            512.539,
            416.015,
            339.557,
            439.233,
            439.233,
            439.233,
            339.557,
            0.0,
            200.0,
            253.727,
            339.557,
            339.557,
            439.557,
            439.557,
            339.557,
            399.732,
            399.732,
            400.089,
            400.089,
            485.98,
            485.98,
            400.089,
            400.089,
            400.089,
            908.232,
            908.232,
            808.232,
            808.232,
            958.621,
            958.621,
            958.621,
            958.621,
            1111.875,
            1111.875,
            1111.875,
            1111.875,
            958.621,
            835.21,
            835.21,
            673.37,
            875.889,
            875.889,
            829.242,
            919.664,
            919.664,
            677.2719999999999
        ],
        [
            378.472,
            476.137,
            476.137,
            339.557,
            502.74100000000004,
            502.74100000000004,
            595.124,
            595.124,
            438.24,
            438.24,
            339.557,
            512.539,
            512.539,
            416.015,
            339.557,
            439.233,
            439.233,
            439.233,
            339.557,
            200.0,
            0.0,
            253.727,
            339.557,
            339.557,
            439.557,
            439.557,
            339.557,
            399.732,
            399.732,
            400.089,
            400.089,
            485.98,
            485.98,
            400.089,
            400.089,
            400.089,
            908.232,
            908.232,
            808.232,
            808.232,
            958.621,
            958.621,
            958.621,
            958.621,
            1111.875,
            1111.875,
            1111.875,
            1111.875,
            958.621,
            835.21,
            835.21,
            673.37,
            875.889,
            875.889,
            829.242,
            919.664,
            919.664,
            677.2719999999999
        ],
        [
            324.74499999999995,
            422.40999999999997,
            422.40999999999997,
            285.83,
            449.014,
            449.014,
            541.3969999999999,
            541.3969999999999,
            384.513,
            384.513,
            285.83,
            458.81199999999995,
            458.81199999999995,
            362.288,
            285.83,
            385.506,
            385.506,
            385.506,
            285.83,
            253.727,
            253.727,
            0.0,
            285.83,
            285.83,
            385.83,
            385.83,
            285.83,
            346.005,
            346.005,
            346.36199999999997,
            346.36199999999997,
            432.253,
            432.253,
            346.36199999999997,
            346.36199999999997,
            346.36199999999997,
            854.5049999999999,
            854.5049999999999,
            754.5049999999999,
            754.5049999999999,
            904.894,
            904.894,
            904.894,
            904.894,
            1058.148,
            1058.148,
            1058.148,
            1058.148,
            904.894,
            781.483,
            781.483,
            619.643,
            822.162,
            822.162,
            775.515,
            865.9369999999999,
            865.9369999999999,
            623.545
        ],
        [
            238.91499999999996,
            336.58,
            336.58,
            200.0,
            363.184,
            363.184,
            455.567,
            455.567,
            298.683,
            298.683,
            200.0,
            372.98199999999997,
            372.98199999999997,
            276.45799999999997,
            200.0,
            299.676,
            299.676,
            299.676,
            200.0,
            339.557,
            339.557,
            285.83,
            0.0,
            200.0,
            300.0,
            300.0,
            200.0,
            260.175,
            260.175,
            260.532,
            260.532,
            346.423,
            346.423,
            260.532,
            260.532,
            260.532,
            768.675,
            768.675,
            668.675,
            668.675,
            819.064,
            819.064,
            819.064,
            819.064,
            972.3179999999999,
            972.3179999999999,
            972.3179999999999,
            972.3179999999999,
            819.064,
            695.653,
            695.653,
            533.813,
            736.332,
            736.332,
            689.685,
            780.107,
            780.107,
            537.7149999999999
        ],
        [
            238.91499999999996,
            336.58,
            336.58,
            200.0,
            363.184,
            363.184,
            455.567,
            455.567,
            298.683,
            298.683,
            200.0,
            372.98199999999997,
            372.98199999999997,
            276.45799999999997,
            200.0,
            299.676,
            299.676,
            299.676,
            200.0,
            339.557,
            339.557,
            285.83,
            200.0,
            0.0,
            300.0,
            300.0,
            200.0,
            260.175,
            260.175,
            260.532,
            260.532,
            346.423,
            346.423,
            260.532,
            260.532,
            260.532,
            768.675,
            768.675,
            668.675,
            668.675,
            819.064,
            819.064,
            819.064,
            819.064,
            972.3179999999999,
            972.3179999999999,
            972.3179999999999,
            972.3179999999999,
            819.064,
            695.653,
            695.653,
            533.813,
            736.332,
            736.332,
            689.685,
            780.107,
            780.107,
            537.7149999999999
        ],
        [
            338.91499999999996,
            436.58,
            436.58,
            300.0,
            463.184,
            463.184,
            555.567,
            555.567,
            398.683,
            398.683,
            300.0,
            472.98199999999997,
            472.98199999999997,
            376.45799999999997,
            300.0,
            399.676,
            399.676,
            399.676,
            300.0,
            439.557,
            439.557,
            385.83,
            300.0,
            300.0,
            0.0,
            200.0,
            300.0,
            360.175,
            360.175,
            360.532,
            360.532,
            446.423,
            446.423,
            360.532,
            360.532,
            360.532,
            868.675,
            868.675,
            768.675,
            768.675,
            919.064,
            919.064,
            919.064,
            919.064,
            1072.3179999999998,
            1072.3179999999998,
            1072.3179999999998,
            1072.3179999999998,
            919.064,
            795.653,
            795.653,
            633.813,
            836.332,
            836.332,
            789.685,
            880.107,
            880.107,
            637.7149999999999
        ],
        [
            338.91499999999996,
            436.58,
            436.58,
            300.0,
            463.184,
            463.184,
            555.567,
            555.567,
            398.683,
            398.683,
            300.0,
            472.98199999999997,
            472.98199999999997,
            376.45799999999997,
            300.0,
            399.676,
            399.676,
            399.676,
            300.0,
            439.557,
            439.557,
            385.83,
            300.0,
            300.0,
            200.0,
            0.0,
            300.0,
            360.175,
            360.175,
            360.532,
            360.532,
            446.423,
            446.423,
            360.532,
            360.532,
            360.532,
            868.675,
            868.675,
            768.675,
            768.675,
            919.064,
            919.064,
            919.064,
            919.064,
            1072.3179999999998,
            1072.3179999999998,
            1072.3179999999998,
            1072.3179999999998,
            919.064,
            795.653,
            795.653,
            633.813,
            836.332,
            836.332,
            789.685,
            880.107,
            880.107,
            637.7149999999999
        ],
        [
            238.91499999999996,
            336.58,
            336.58,
            200.0,
            363.184,
            363.184,
            455.567,
            455.567,
            298.683,
            298.683,
            200.0,
            372.98199999999997,
            372.98199999999997,
            276.45799999999997,
            200.0,
            299.676,
            299.676,
            299.676,
            200.0,
            339.557,
            339.557,
            285.83,
            200.0,
            200.0,
            300.0,
            300.0,
            0.0,
            260.175,
            260.175,
            260.532,
            260.532,
            346.423,
            346.423,
            260.532,
            260.532,
            260.532,
            768.675,
            768.675,
            668.675,
            668.675,
            819.064,
            819.064,
            819.064,
            819.064,
            972.3179999999999,
            972.3179999999999,
            972.3179999999999,
            972.3179999999999,
            819.064,
            695.653,
            695.653,
            533.813,
            736.332,
            736.332,
            689.685,
            780.107,
            780.107,
            537.7149999999999
        ],
        [
            299.09,
            396.755,
            396.755,
            260.175,
            423.35900000000004,
            423.35900000000004,
            515.742,
            515.742,
            358.858,
            358.858,
            260.175,
            433.157,
            433.157,
            336.63300000000004,
            260.175,
            359.851,
            359.851,
            359.851,
            260.175,
            399.732,
            399.732,
            346.005,
            260.175,
            260.175,
            360.175,
            360.175,
            260.175,
            0.0,
            200.0,
            320.707,
            320.707,
            406.598,
            406.598,
            320.707,
            320.707,
            320.707,
            828.8499999999999,
            828.8499999999999,
            728.8499999999999,
            728.8499999999999,
            879.239,
            879.239,
            879.239,
            879.239,
            1032.493,
            1032.493,
            1032.493,
            1032.493,
            879.239,
            755.828,
            755.828,
            593.988,
            796.5070000000001,
            796.5070000000001,
            749.86,
            840.2819999999999,
            840.2819999999999,
            597.89
        ],
        [
            299.09,
            396.755,
            396.755,
            260.175,
            423.35900000000004,
