{
    "NEXUS_FILE_URL": "http://purl.org/phylo/treebase/phylows/study/TB2:S14038",
    "NEWICK_TREE": "(1:0.232495,2:0.09699,3:0.098235,4:0.191984,(((5:0.001741,6:0.001727,7:0.001695,8:0.001733,9:0.001708,10:0.001744):0.010064,11:0.018339):0.003889,((12:0.001796,13:0.001786):0.003447,14:0.002029):0.015999,15:0.019656):0.054828,((16:0.001751,17:0.001742):0.049046,(18:0.04547,19:0.044846):0.085283):0.027929,(((20:0.014649,21:0.013226):0.023536,22:0.040056):0.077022,(23:0.016136,24:0.032837):0.055918):0.064862,(25:0.06378,(26:0.052651,27:0.056814):0.020822):0.016582);",
    "DISTANCE_MATRIX": [
        [
            0.0,
            0.32948500000000003,
            0.33073,
            0.424479,
            0.303017,
            0.303003,
            0.302971,
            0.303009,
            0.30298400000000003,
            0.30302,
            0.309551,
            0.308565,
            0.308555,
            0.30535100000000004,
            0.306979,
            0.311221,
            0.311212,
            0.391177,
            0.39055300000000004,
            0.41256400000000004,
            0.411141,
            0.414435,
            0.36941100000000004,
            0.386112,
            0.312857,
            0.32255,
            0.32671300000000003
        ],
        [
            0.32948500000000003,
            0.0,
            0.195225,
            0.288974,
            0.167512,
            0.167498,
            0.167466,
            0.167504,
            0.167479,
            0.16751500000000002,
            0.174046,
            0.17306,
            0.17305,
            0.169846,
            0.17147400000000002,
            0.175716,
            0.175707,
            0.255672,
            0.255048,
            0.277059,
            0.275636,
            0.27893,
            0.233906,
            0.250607,
            0.177352,
            0.18704500000000002,
            0.19120800000000002
        ],
        [
            0.33073,
            0.195225,
            0.0,
            0.290219,
            0.168757,
            0.168743,
            0.168711,
            0.16874899999999998,
            0.16872399999999999,
            0.16876000000000002,
            0.175291,
            0.174305,
            0.174295,
            0.171091,
            0.172719,
            0.176961,
            0.176952,
            0.256917,
            0.256293,
            0.278304,
            0.276881,
            0.280175,
            0.235151,
            0.251852,
            0.178597,
            0.18829,
            0.192453
        ],
        [
            0.424479,
            0.288974,
            0.290219,
            0.0,
            0.262506,
            0.262492,
            0.26246,
            0.262498,
            0.26247299999999996,
            0.262509,
            0.26904,
            0.268054,
            0.268044,
            0.26483999999999996,
            0.266468,
            0.27071,
            0.27070099999999997,
            0.35066600000000003,
            0.35004199999999996,
            0.37205299999999997,
            0.37063,
            0.373924,
            0.32889999999999997,
            0.345601,
            0.272346,
            0.282039,
            0.286202
        ],
        [
            0.303017,
            0.167512,
            0.168757,
            0.262506,
            0.0,
            0.0034679999999999997,
            0.003436,
            0.0034739999999999997,
            0.003449,
            0.0034850000000000003,
            0.030144,
            0.036936,
            0.036926,
            0.033722,
            0.03535,
            0.149248,
            0.149239,
            0.22920400000000002,
            0.22858,
            0.250591,
            0.249168,
            0.25246199999999996,
            0.207438,
            0.224139,
            0.15088400000000002,
            0.16057700000000003,
            0.16474
        ],
        [
            0.303003,
            0.167498,
            0.168743,
            0.262492,
            0.0034679999999999997,
            0.0,
            0.0034219999999999997,
            0.00346,
            0.003435,
            0.003471,
            0.03013,
            0.036921999999999996,
            0.036912,
            0.033708,
            0.035336,
            0.149234,
            0.149225,
            0.22919,
            0.228566,
            0.250577,
            0.249154,
            0.252448,
            0.207424,
            0.22412500000000002,
            0.15087,
            0.160563,
            0.164726
        ],
        [
            0.302971,
            0.167466,
            0.168711,
            0.26246,
            0.003436,
            0.0034219999999999997,
            0.0,
            0.0034279999999999996,
            0.0034029999999999998,
            0.003439,
            0.030098,
            0.036890000000000006,
            0.03688,
            0.033676,
            0.035304,
            0.149202,
            0.14919300000000002,
            0.22915800000000003,
            0.22853400000000001,
            0.250545,
            0.249122,
            0.252416,
            0.20739200000000002,
            0.22409300000000001,
            0.15083800000000003,
            0.16053100000000003,
            0.164694
        ],
        [
            0.303009,
            0.167504,
            0.16874899999999998,
            0.262498,
            0.0034739999999999997,
            0.00346,
            0.0034279999999999996,
            0.0,
            0.003441,
            0.003477,
            0.030136000000000003,
            0.036928,
            0.036918,
            0.033713999999999994,
            0.035342,
            0.14923999999999998,
            0.149231,
            0.229196,
            0.228572,
            0.250583,
            0.24916,
            0.25245399999999996,
            0.20743,
            0.224131,
            0.150876,
            0.16056900000000002,
            0.164732
        ],
        [
            0.30298400000000003,
            0.167479,
            0.16872399999999999,
            0.26247299999999996,
            0.003449,
            0.003435,
            0.0034029999999999998,
            0.003441,
            0.0,
            0.003452,
            0.030111,
            0.036903000000000005,
            0.036893,
            0.033689,
            0.035317,
            0.149215,
            0.149206,
            0.229171,
            0.228547,
            0.250558,
            0.249135,
            0.252429,
            0.207405,
            0.224106,
            0.150851,
            0.16054400000000002,
            0.164707
        ],
        [
            0.30302,
            0.16751500000000002,
            0.16876000000000002,
            0.262509,
            0.0034850000000000003,
            0.003471,
            0.003439,
            0.003477,
            0.003452,
            0.0,
            0.030147,
            0.036939,
            0.036929000000000003,
            0.033725000000000005,
            0.035353,
            0.14925100000000002,
            0.14924199999999999,
            0.22920700000000002,
            0.228583,
            0.250594,
            0.249171,
            0.252465,
            0.20744100000000001,
            0.224142,
            0.150887,
            0.16058,
            0.16474300000000003
        ],
        [
            0.309551,
            0.174046,
            0.175291,
            0.26904,
            0.030144,
            0.03013,
            0.030098,
            0.030136000000000003,
            0.030111,
            0.030147,
            0.0,
            0.04347,
            0.04346,
            0.040256,
            0.041884000000000005,
            0.155782,
            0.155773,
            0.235738,
            0.235114,
            0.257125,
            0.255702,
            0.258996,
            0.213972,
            0.23067300000000002,
            0.157418,
            0.167111,
            0.171274
        ],
        [
            0.308565,
            0.17306,
            0.174305,
            0.268054,
            0.036936,
            0.036921999999999996,
            0.036890000000000006,
            0.036928,
            0.036903000000000005,
            0.036939,
            0.04347,
            0.0,
            0.003582,
            0.007272000000000001,
            0.040898000000000004,
            0.154796,
            0.154787,
            0.23475200000000002,
            0.234128,
            0.256139,
            0.254716,
            0.25800999999999996,
            0.212986,
            0.229687,
            0.15643200000000002,
            0.16612500000000002,
            0.170288
        ],
        [
            0.308555,
            0.17305,
            0.174295,
            0.268044,
            0.036926,
            0.036912,
            0.03688,
            0.036918,
            0.036893,
            0.036929000000000003,
            0.04346,
            0.003582,
            0.0,
            0.007261999999999999,
            0.040888,
            0.154786,
            0.154777,
            0.234742,
            0.234118,
            0.256129,
            0.254706,
            0.258,
            0.212976,
            0.22967700000000002,
            0.156422,
            0.166115,
            0.170278
        ],
        [
            0.30535100000000004,
            0.169846,
            0.171091,
            0.26483999999999996,
            0.033722,
            0.033708,
            0.033676,
            0.033713999999999994,
            0.033689,
            0.033725000000000005,
            0.040256,
            0.007272000000000001,
            0.007261999999999999,
            0.0,
            0.037683999999999995,
            0.151582,
            0.151573,
            0.23153800000000002,
            0.230914,
            0.252925,
            0.251502,
            0.254796,
            0.20977200000000001,
            0.226473,
            0.15321800000000002,
            0.16291100000000003,
            0.167074
        ],
        [
            0.306979,
            0.17147400000000002,
            0.172719,
            0.266468,
            0.03535,
            0.035336,
            0.035304,
            0.035342,
            0.035317,
            0.035353,
            0.041884000000000005,
            0.040898000000000004,
            0.040888,
            0.037683999999999995,
            0.0,
            0.15321,
            0.15320099999999998,
            0.233166,
            0.232542,
            0.25455300000000003,
            0.25312999999999997,
            0.256424,
            0.2114,
            0.228101,
            0.15484599999999998,
            0.164539,
            0.16870200000000002
        ],
        [
            0.311221,
            0.175716,
            0.176961,
            0.27071,
            0.149248,
            0.149234,
            0.149202,
            0.14923999999999998,
            0.149215,
            0.14925100000000002,
            0.155782,
            0.154796,
            0.154786,
            0.151582,
            0.15321,
            0.0,
            0.003493,
            0.18155000000000002,
            0.180926,
            0.258795,
            0.257372,
            0.260666,
            0.215642,
            0.23234300000000002,
            0.159088,
            0.16878100000000001,
            0.17294400000000001
        ],
        [
            0.311212,
            0.175707,
            0.176952,
            0.27070099999999997,
            0.149239,
            0.149225,
            0.14919300000000002,
            0.149231,
            0.149206,
            0.14924199999999999,
            0.155773,
            0.154787,
            0.154777,
            0.151573,
            0.15320099999999998,
            0.003493,
            0.0,
            0.181541,
            0.180917,
            0.258786,
            0.257363,
            0.26065699999999997,
            0.21563300000000002,
            0.23233399999999998,
            0.159079,
            0.168772,
            0.172935
        ],
        [
            0.391177,
            0.255672,
            0.256917,
            0.35066600000000003,
            0.22920400000000002,
            0.22919,
            0.22915800000000003,
            0.229196,
            0.229171,
            0.22920700000000002,
            0.235738,
            0.23475200000000002,
            0.234742,
            0.23153800000000002,
            0.233166,
            0.18155000000000002,
            0.181541,
            0.0,
            0.090316,
            0.338751,
            0.337328,
            0.340622,
            0.295598,
            0.312299,
            0.23904400000000003,
            0.24873700000000004,
            0.2529
        ],
        [
            0.39055300000000004,
            0.255048,
            0.256293,
            0.35004199999999996,
            0.22858,
            0.228566,
            0.22853400000000001,
            0.228572,
            0.228547,
            0.228583,
            0.235114,
            0.234128,
            0.234118,
            0.230914,
            0.232542,
            0.180926,
            0.180917,
            0.090316,
            0.0,
            0.338127,
            0.336704,
            0.339998,
            0.294974,
            0.31167500000000004,
            0.23842000000000002,
            0.24811300000000003,
            0.252276
        ],
        [
            0.41256400000000004,
            0.277059,
            0.278304,
            0.37205299999999997,
            0.250591,
            0.250577,
            0.250545,
            0.250583,
            0.250558,
            0.250594,
            0.257125,
            0.256139,
            0.256129,
            0.252925,
            0.25455300000000003,
            0.258795,
            0.258786,
            0.338751,
            0.338127,
            0.0,
            0.027875,
            0.078241,
            0.187261,
            0.203962,
            0.260431,
            0.27012400000000003,
            0.274287
        ],
        [
            0.411141,
            0.275636,
            0.276881,
            0.37063,
            0.249168,
            0.249154,
            0.249122,
            0.24916,
            0.249135,
            0.249171,
            0.255702,
            0.254716,
            0.254706,
            0.251502,
            0.25312999999999997,
            0.257372,
            0.257363,
            0.337328,
            0.336704,
            0.027875,
            0.0,
            0.076818,
            0.185838,
            0.202539,
            0.259008,
            0.268701,
            0.272864
        ],
        [
            0.414435,
            0.27893,
            0.280175,
            0.373924,
            0.25246199999999996,
            0.252448,
            0.252416,
            0.25245399999999996,
            0.252429,
            0.252465,
            0.258996,
            0.25800999999999996,
            0.258,
            0.254796,
            0.256424,
            0.260666,
            0.26065699999999997,
            0.340622,
            0.339998,
            0.078241,
            0.076818,
            0.0,
            0.189132,
            0.205833,
            0.262302,
            0.271995,
            0.276158
        ],
        [
            0.36941100000000004,
            0.233906,
            0.235151,
            0.32889999999999997,
            0.207438,
            0.207424,
            0.20739200000000002,
            0.20743,
            0.207405,
            0.20744100000000001,
            0.213972,
            0.212986,
            0.212976,
            0.20977200000000001,
            0.2114,
            0.215642,
            0.21563300000000002,
            0.295598,
            0.294974,
            0.187261,
            0.185838,
            0.189132,
            0.0,
            0.048973,
            0.21727800000000003,
            0.22697100000000003,
            0.231134
        ],
        [
            0.386112,
            0.250607,
            0.251852,
            0.345601,
            0.224139,
            0.22412500000000002,
            0.22409300000000001,
            0.224131,
            0.224106,
            0.224142,
            0.23067300000000002,
            0.229687,
            0.22967700000000002,
            0.226473,
            0.228101,
            0.23234300000000002,
            0.23233399999999998,
            0.312299,
            0.31167500000000004,
            0.203962,
            0.202539,
            0.205833,
            0.048973,
            0.0,
            0.233979,
            0.243672,
            0.24783500000000003
        ],
        [
            0.312857,
            0.177352,
            0.178597,
            0.272346,
            0.15088400000000002,
            0.15087,
            0.15083800000000003,
            0.150876,
            0.150851,
            0.150887,
            0.157418,
            0.15643200000000002,
            0.156422,
            0.15321800000000002,
            0.15484599999999998,
            0.159088,
            0.159079,
            0.23904400000000003,
            0.23842000000000002,
            0.260431,
            0.259008,
            0.262302,
            0.21727800000000003,
            0.233979,
            0.0,
            0.13725300000000001,
            0.14141600000000001
        ],
        [
            0.32255,
            0.18704500000000002,
            0.18829,
            0.282039,
            0.16057700000000003,
            0.160563,
            0.16053100000000003,
            0.16056900000000002,
            0.16054400000000002,
            0.16058,
            0.167111,
            0.16612500000000002,
            0.166115,
            0.16291100000000003,
            0.164539,
            0.16878100000000001,
            0.168772,
            0.24873700000000004,
            0.24811300000000003,
            0.27012400000000003,
            0.268701,
            0.271995,
            0.22697100000000003,
            0.243672,
            0.13725300000000001,
            0.0,
            0.109465
        ],
        [
            0.32671300000000003,
            0.19120800000000002,
            0.192453,
            0.286202,
            0.16474,
            0.164726,
            0.164694,
            0.164732,
            0.164707,
            0.16474300000000003,
            0.171274,
            0.170288,
            0.170278,
            0.167074,
            0.16870200000000002,
            0.17294400000000001,
            0.172935,
            0.2529,
            0.252276,
            0.274287,
            0.272864,
            0.276158,
            0.231134,
            0.24783500000000003,
            0.14141600000000001,
            0.109465,
            0.0
        ]
    ],
    "NODE_MAPPING": {
        "0": "1",
        "1": "2",
        "2": "3",
        "3": "4",
        "4": "5",
        "5": "6",
        "6": "7",
        "7": "8",
        "8": "9",
        "9": "10",
        "10": "11",
        "11": "12",
        "12": "13",
        "13": "14",
        "14": "15",
        "15": "16",
        "16": "17",
        "17": "18",
        "18": "19",
        "19": "20",
        "20": "21",
        "21": "22",
        "22": "23",
        "23": "24",
        "24": "25",
        "25": "26",
        "26": "27"
    }
}