{
    "NEXUS_FILE_URL": "http://purl.org/phylo/treebase/phylows/study/TB2:S12607",
    "NEWICK_TREE": "((((((((1:0.032756592275471064,(((2:0.004647496175531678,3:0.011748263005930503):0.0018538526150702532,4:0.01346464369122449):0.035856041708642074,((5:0.015572376570672996,(7:0.014069910143434346,6:0.009941647435274316):0.00916896573844414):0.005235970798513242,((8:0.023261458771820377,(((10:0.00918633866707145,11:0.014741654497338703):0.005711765120435342,(12:0.02015510340852559,(14:0.011799157641117235,13:0.010090294576090984):0.0031065132929549055):0.005437878179234098):9.038043776468265E-4,((15:0.04034288624449912,16:0.015774684231752965):0.006342232356689452,(17:0.022688306145782194,(18:0.04268453966336567,19:0.022484876059122295):0.014430151453607222):0.005980406996953389):8.470575754041368E-4):0.0018900803169480192):6.530803967062437E-4,((9:0.0489716660619064,((26:0.04775781582063811,(28:0.04958275266983056,27:0.03181687300093935):0.006633029245404125):0.0036461480022055336,((29:0.017151678146890788,30:0.018836907626724606):0.0036625030610047257,(31:0.028243831567724288,((32:0.021536626401795274,33:0.013390570035981769):0.0035105862309145765,((34:0.018545813218625428,(35:0.025896155697684938,((36:0.07265546492206429,(37:0.04188456309029565,(38:0.026982266670090894,39:0.01488258129248768):0.04428231862178401):0.006286012462223478):1.2675386063761528E-4,(40:0.07367497552944106,(41:0.017019997232581782,42:0.0185448584265383):0.01629317889935488):0.005087423655807927):0.005169947759554016):6.238474910235373E-4):9.929600593767457E-4,(43:0.03924906627621122,44:0.04689783324162112):0.008678215760612827):0.002064739022477892):0.011976619416912181):0.0017735277066148261):0.0026657435320497705):0.011526200058511902):0.002888035534272986,(20:0.04754632897321769,(21:0.04558633461528986,(22:0.04576128622568641,(23:0.013739233328256915,(24:0.020926412857398196,25:0.02398797450329788):0.07768041982908318):0.005141723814659389):0.009731292621865133):0.005953346864609999):0.009249530447143139):8.068176978861465E-4):0.00893728421032496):0.005801198829479404):0.005846572884695757):0.08320104096615348,(((((45:0.12850477381443656,(47:0.06715569392710698,46:0.10148013198757981):0.028168263839154994):0.11011850000997171,((48:0.01886190282509876,49:0.012462855747848185):0.001376283327732211,(50:0.011249724338014418,51:0.022165957264886033):0.0044019888210352805):0.03074283237688534):0.007978162093399695,((52:0.03390052351123543,(54:0.02724494882758161,53:0.019905697154142536):0.025882245231475937):0.00775580779846374,((60:0.007235149910941362,(57:0.01140978772457174,(58:0.004311266252452651,59:0.006135517354167307):0.016156570397550144):0.005489941415387696):0.024318238846687063,(55:0.029626712607192827,56:0.02109848596553945):0.004686244549053338):0.02276144710921629):0.015906956846015737):0.014329322043884122,61:0.03040977510380689):0.003336186529122472,(62:0.024221556035180655,(63:0.006050648014650969,64:0.014694302113274993):0.013088378159765459):0.023034273930624734):0.012957103621155973):0.07168424474122762,(((65:0.31785874831607935,(69:0.09849467624547414,70:0.2935663166914533):0.03339977379123631):0.007369930537195166,67:0.11590234586708811):0.014459855515096938,(66:0.12340980397206261,68:0.16224938492776322):0.033907867903628784):0.0611805134605858):0.013031389023955016,(71:0.10464343430457147,72:0.07522381001693663):0.031426670063933626):0.02019400665671161,73:0.19253029154157575):0.023270546387816837,(74:0.1176050354054056,((75:0.048843090525566776,76:0.06118203745408306):0.03769029941849772,77:0.10900677840799619):0.06276352271766948):0.021632646171596836):0.029767371264244964,(78:0.17832255838441394,(79:0.19318945804250495,80:0.15441546458518693):0.033729889712681746):0.01619991906934054):0.2595581750364994,81:0.2595581750364994);",
    "DISTANCE_MATRIX": [
        [
            0,
            0.08096055565941082,
            0.08806132248980965,
            0.08792385056003338,
            0.06521271135883247,
            0.07287921067003794,
            0.06875094796187792,
            0.0772561873684978,
            0.07168671707877906,
            0.07724203290904633,
            0.08238159487903196,
            0.07713216240457851,
            0.07542329933955226,
            0.10341698509021816,
            0.078848783077472,
            0.08540057963176517,
            0.11982696460295587,
            0.09962730099871249,
            0.10600816749403671,
            0.11996666531348586,
            0.12842463140808244,
            0.11065875173919124,
            0.09204262623058751,
            0.09372785571042132,
            0.1012458042970311,
            0.11002580477892884,
            0.10187974841311534,
            0.10658210444669906,
            0.11455629441678211,
            0.16661230526135307,
            0.14212741589180794,
            0.17150743809338717,
            0.15940775271578395,
            0.17259248566390017,
            0.13223068626639578,
            0.1337555474603523,
            0.13497061320552092,
            0.14261938017093084,
            0.11094432531821817,
            0.11493767782490033,
            0.12484392205716202,
            0.09796359297439192,
            0.18283119233261638,
            0.18589275397851607,
            0.3931816813535951,
            0.36000086530542047,
            0.39432530336589333,
            0.20553942605890313,
            0.19914037898165254,
            0.20095295306512184,
            0.21186918599199345,
            0.204143533591502,
            0.22337020413932412,
            0.21603095246588505,
            0.21680203814864757,
            0.22646661737766566,
            0.2355246663030967,
            0.23734891740481134,
            0.2195616065472653,
            0.21103337990561194,
            0.16266069849570988,
            0.1761705668285859,
            0.17108803696782168,
            0.1797316910664457,
            0.5885109258118093,
            0.4025466275324405,
            0.5976182679784197,
            0.379184592825623,
            0.40614006331912933,
            0.44497964427482994,
            0.33674337137531224,
            0.3073237470876774,
            0.4133975652050945,
            0.383375501628338,
            0.4150673788846664,
            0.4274063258131827,
            0.4375407673485981,
            0.46842766876933506,
            0.5170244581401078,
            0.47825046468278976,
            0.7930215413885795
        ],
        [
            0.08096055565941082,
            0,
            0.01639575918146218,
            0.01996599248182642,
            0.06896693669790965,
            0.07663343600911512,
            0.0725051733009551,
            0.08101041270757499,
            0.07544094241785625,
            0.08099625824812351,
            0.08613582021810914,
            0.0808863877436557,
            0.07917752467862944,
            0.10717121042929534,
            0.08260300841654919,
            0.08915480497084236,
            0.12358118994203306,
            0.10338152633778967,
            0.1097623928331139,
            0.12372089065256305,
            0.13217885674715962,
            0.11441297707826842,
            0.09579685156966469,
            0.0974820810494985,
            0.10500002963610829,
            0.11378003011800603,
            0.10563397375219252,
            0.11033632978577625,
            0.1183105197558593,
            0.17036653060043025,
            0.14588164123088512,
            0.17526166343246435,
            0.16316197805486113,
            0.17634671100297736,
            0.13598491160547296,
            0.13750977279942947,
            0.1387248385445981,
            0.14637360551000803,
            0.11469855065729535,
            0.11869190316397751,
            0.1285981473962392,
            0.1017178183134691,
            0.18658541767169357,
            0.18964697931759325,
            0.40862905246206377,
            0.37544823641388914,
            0.409772674474362,
            0.2209867971673718,
            0.2145877500901212,
            0.2164003241735905,
            0.22731655710046214,
            0.2195909046999707,
            0.23881757524779282,
            0.23147832357435374,
            0.23224940925711623,
            0.24191398848613432,
            0.2509720374115654,
            0.25279628851328007,
            0.23500897765573397,
            0.2264807510140806,
            0.17810806960417855,
            0.1916179379370546,
            0.18653540807629038,
            0.19517906217491438,
            0.603958296920278,
            0.41799399864090925,
            0.6130656390868883,
            0.3946319639340917,
            0.42158743442759805,
            0.46042701538329867,
            0.3521907424837809,
            0.3227711181961461,
            0.42884493631356324,
            0.3988228727368067,
            0.4305147499931351,
            0.44285369692165133,
            0.45298813845706676,
            0.48387503987780367,
            0.5324718292485764,
            0.4936978357912584,
            0.8084689124970481
        ],
        [
            0.08806132248980965,
            0.01639575918146218,
            0,
            0.027066759312225245,
            0.07606770352830847,
            0.08373420283951397,
            0.07960594013135393,
            0.08811117953797382,
            0.08254170924825507,
            0.08809702507852232,
            0.09323658704850797,
            0.08798715457405452,
            0.08627829150902827,
            0.11427197725969417,
            0.089703775246948,
            0.09625557180124117,
            0.13068195677243188,
            0.1104822931681885,
            0.11686315966351273,
            0.13082165748296187,
            0.13927962357755846,
            0.12151374390866725,
            0.1028976184000635,
            0.10458284787989733,
            0.11210079646650711,
            0.12088079694840485,
            0.11273474058259135,
            0.11743709661617507,
            0.1254112865862581,
            0.17746729743082906,
            0.15298240806128394,
            0.1823624302628632,
            0.17026274488525994,
            0.18344747783337617,
            0.14308567843587178,
            0.14461053962982828,
            0.14582560537499695,
            0.15347437234040684,
            0.12179931748769418,
            0.12579266999437633,
            0.13569891422663805,
            0.10881858514386791,
            0.1936861845020924,
            0.19674774614799206,
            0.4157298192924626,
            0.382549003244288,
            0.41687344130476084,
            0.22808756399777064,
            0.22168851692052005,
            0.22350109100398935,
            0.23441732393086098,
            0.22669167153036954,
            0.24591834207819166,
            0.2385790904047526,
            0.23935017608751508,
            0.24901475531653317,
            0.2580728042419642,
            0.2598970553436789,
            0.24210974448613282,
            0.23358151784447945,
            0.1852088364345774,
            0.19871870476745343,
            0.19363617490668922,
            0.20227982900531322,
            0.6110590637506769,
            0.4250947654713081,
            0.6201664059172871,
            0.40173273076449056,
            0.4286882012579969,
            0.4675277822136975,
            0.35929150931417975,
            0.32987188502654496,
            0.4359457031439621,
            0.40592363956720556,
            0.43761551682353395,
            0.44995446375205017,
            0.4600889052874656,
            0.4909758067082025,
            0.5395725960789752,
            0.5007986026216573,
            0.815569679327447
        ],
        [
            0.08792385056003338,
            0.01996599248182642,
            0.027066759312225245,
            0,
            0.07593023159853221,
            0.08359673090973768,
            0.07946846820157766,
            0.08797370760819755,
            0.0824042373184788,
            0.08795955314874607,
            0.0930991151187317,
            0.08784968264427825,
            0.086140819579252,
            0.1141345053299179,
            0.08956630331717175,
            0.09611809987146491,
            0.13054448484265563,
            0.11034482123841223,
            0.11672568773373646,
            0.13068418555318562,
            0.13914215164778218,
            0.12137627197889098,
            0.10276014647028725,
            0.10444537595012106,
            0.11196332453673084,
            0.12074332501862858,
            0.11259726865281508,
            0.1172996246863988,
            0.12527381465648185,
            0.1773298255010528,
            0.15284493613150768,
            0.1822249583330869,
            0.1701252729554837,
            0.18331000590359992,
            0.14294820650609552,
            0.14447306770005203,
            0.14568813344522066,
            0.15333690041063058,
            0.12166184555791791,
            0.12565519806460007,
            0.13556144229686176,
            0.10868111321409166,
            0.19354871257231612,
            0.1966102742182158,
            0.41559234736268635,
            0.3824115313145118,
            0.4167359693749846,
            0.22795009206799438,
            0.2215510449907438,
            0.2233636190742131,
            0.23427985200108473,
            0.22655419960059328,
            0.2457808701484154,
            0.23844161847497633,
            0.23921270415773882,
            0.2488772833867569,
            0.25793533231218796,
            0.2597595834139026,
            0.24197227255635656,
            0.2334440459147032,
            0.18507136450480113,
            0.19858123283767717,
            0.19349870297691296,
            0.20214235707553696,
            0.6109215918209007,
            0.4249572935415318,
            0.6200289339875109,
            0.40159525883471425,
            0.4285507293282206,
            0.4673903102839212,
            0.35915403738440355,
            0.3297344130967687,
            0.43580823121418577,
            0.40578616763742936,
            0.43747804489375774,
            0.44981699182227397,
            0.4599514333576894,
            0.4908383347784263,
            0.539435124149199,
            0.5006611306918811,
            0.8154322073976707
        ],
        [
            0.06521271135883247,
            0.06896693669790965,
            0.07606770352830847,
            0.07593023159853221,
            0,
            0.03881125245255148,
            0.03468298974439145,
            0.05366017074803782,
            0.04809070045831908,
            0.05364601628858634,
            0.058785578258571974,
            0.05353614578411853,
            0.051827282719092274,
            0.07982096846975817,
            0.05525276645701202,
            0.061804563011305186,
            0.09623094798249589,
            0.0760312843782525,
            0.08241215087357673,
            0.09637064869302588,
            0.10482861478762245,
            0.08706273511873125,
            0.06844660961012752,
            0.07013183908996133,
            0.07764978767657112,
            0.08642978815846886,
            0.07828373179265535,
            0.08298608782623908,
            0.09096027779632213,
            0.14301628864089308,
            0.11853139927134795,
            0.14791142147292718,
            0.13581173609532396,
            0.1489964690434402,
            0.1086346696459358,
            0.1101595308398923,
            0.11137459658506094,
            0.11902336355047086,
            0.08734830869775818,
            0.09134166120444034,
            0.10124790543670203,
            0.07436757635393193,
            0.1592351757121564,
            0.16229673735805608,
            0.3928812081614854,
            0.35970039211331084,
            0.39402483017378365,
            0.20523895286679344,
            0.19883990578954286,
            0.20065247987301216,
            0.2115687127998838,
            0.20384306039939235,
            0.22306973094721447,
            0.2157304792737754,
            0.21650156495653788,
            0.22616614418555597,
            0.23522419311098702,
            0.2370484442127017,
            0.21926113335515562,
            0.21073290671350225,
            0.1623602253036002,
            0.17587009363647624,
            0.17078756377571203,
            0.17943121787433602,
            0.5882104526196997,
            0.40224615434033084,
            0.59731779478631,
            0.3788841196335133,
            0.40583959012701964,
            0.44467917108272026,
            0.3364428981832026,
            0.30702327389556777,
            0.41309709201298483,
            0.38307502843622837,
            0.41476690569255675,
            0.42710585262107303,
            0.43724029415648846,
            0.4681271955772254,
            0.5167239849479981,
            0.4779499914906801,
            0.7927210681964698
        ],
        [
            0.07287921067003794,
            0.07663343600911512,
            0.08373420283951397,
            0.08359673090973768,
            0.03881125245255148,
            0,
            0.02401155757870866,
            0.06132667005924331,
            0.05575719976952457,
            0.061312515599791825,
            0.06645207756977747,
            0.06120264509532402,
            0.059493782030297766,
            0.08748746778096367,
            0.0629192657682175,
            0.06947106232251067,
            0.10389744729370137,
            0.08369778368945799,
            0.09007865018478223,
            0.10403714800423136,
            0.11249511409882794,
            0.09472923442993673,
            0.07611310892133301,
            0.07779833840116682,
            0.0853162869877766,
            0.09409628746967434,
            0.08595023110386085,
            0.09065258713744456,
            0.09862677710752761,
            0.15068278795209855,
            0.12619789858255342,
            0.15557792078413268,
            0.14347823540652943,
            0.15666296835464566,
            0.11630116895714128,
            0.11782603015109779,
            0.11904109589626642,
            0.12668986286167633,
            0.09501480800896367,
            0.09900816051564583,
            0.10891440474790752,
            0.08203407566513742,
            0.1669016750233619,
            0.16996323666926155,
            0.4005477074726909,
            0.3673668914245163,
            0.40169132948498915,
            0.21290545217799894,
            0.20650640510074836,
            0.20831897918421766,
            0.2192352121110893,
            0.21150955971059784,
            0.23073623025841997,
            0.2233969785849809,
            0.22416806426774338,
            0.23383264349676147,
            0.24289069242219252,
            0.24471494352390719,
            0.22692763266636112,
            0.21839940602470775,
            0.1700267246148057,
            0.18353659294768174,
            0.17845406308691752,
            0.18709771718554152,
            0.5958769519309052,
            0.4099126536515364,
            0.6049842940975154,
            0.38655061894471887,
            0.4135060894382252,
            0.4523456703939258,
            0.34410939749440805,
            0.31468977320677327,
            0.4207635913241904,
            0.39074152774743387,
            0.42243340500376225,
            0.4347723519322785,
            0.4449067934676939,
            0.4757936948884308,
            0.5243904842592035,
            0.48561649080188557,
            0.8003875675076753
        ],
        [
            0.06875094796187792,
            0.0725051733009551,
            0.07960594013135393,
            0.07946846820157766,
            0.03468298974439145,
            0.02401155757870866,
            0,
            0.05719840735108328,
            0.05162893706136454,
            0.057184252891631794,
            0.062323814861617435,
            0.05707438238716399,
            0.055365519322137735,
            0.08335920507280363,
            0.058791003060057474,
            0.06534279961435063,
            0.09976918458554135,
            0.07956952098129796,
            0.08595038747662219,
            0.09990888529607134,
            0.1083668513906679,
            0.0906009717217767,
            0.07198484621317297,
            0.07367007569300679,
            0.08118802427961658,
            0.0899680247615143,
            0.08182196839570081,
            0.08652432442928454,
            0.09449851439936757,
            0.14655452524393853,
            0.1220696358743934,
            0.15144965807597263,
            0.1393499726983694,
            0.15253470564648564,
            0.11217290624898124,
            0.11369776744293775,
            0.11491283318810638,
            0.1225616001535163,
            0.09088654530080365,
            0.09487989780748579,
            0.10478614203974748,
            0.07790581295697738,
            0.16277341231520184,
            0.16583497396110153,
            0.3964194447645309,
            0.36323862871635626,
            0.3975630667768291,
            0.20877718946983892,
            0.20237814239258833,
            0.20419071647605763,
            0.21510694940292924,
            0.2073812970024378,
            0.22660796755025991,
            0.21926871587682084,
            0.22003980155958336,
            0.22970438078860145,
            0.2387624297140325,
            0.24058668081574713,
            0.2227993699582011,
            0.21427114331654773,
            0.16589846190664567,
            0.17940833023952169,
            0.17432580037875747,
            0.1829694544773815,
            0.5917486892227452,
            0.4057843909433763,
            0.6008560313893554,
            0.3824223562365588,
            0.4093778267300651,
            0.44821740768576573,
            0.33998113478624803,
            0.3105615104986132,
            0.4166353286160303,
            0.38661326503927385,
            0.41830514229560223,
            0.43064408922411845,
            0.4407785307595339,
            0.4716654321802708,
            0.5202622215510435,
            0.48148822809372555,
            0.7962593047995152
        ],
        [
            0.0772561873684978,
            0.08101041270757499,
            0.08811117953797382,
            0.08797370760819755,
            0.05366017074803782,
            0.06132667005924331,
            0.05719840735108328,
            0,
            0.04095344725392201,
            0.04650876308418927,
            0.05164832505417491,
            0.04639889257972146,
            0.04469002951469521,
            0.0726837152653611,
            0.04811551325261495,
            0.054667309806908114,
            0.08909369477809884,
            0.06889403117385544,
            0.07658105846259215,
            0.0905395562820413,
            0.09899752237663788,
            0.08123164270774666,
            0.06261551719914293,
            0.06430074667897676,
            0.07181869526558654,
            0.08059869574748428,
            0.07245263938167078,
            0.0771549954152545,
            0.08512918538533754,
            0.1371851962299085,
            0.11270030686036338,
            0.14208032906194262,
            0.12998064368433937,
            0.1431653766324556,
            0.10280357723495122,
            0.10432843842890772,
            0.10554350417407636,
            0.11319227113948628,
            0.08151721628677361,
            0.08551056879345577,
            0.09541681302571746,
            0.06853648394294734,
            0.1534040833011718,
            0.1564656449470715,
            0.4049246841711508,
            0.37174386812297616,
            0.406068306183449,
            0.2172824288764588,
            0.21088338179920824,
            0.21269595588267753,
            0.22361218880954914,
            0.2158865364090577,
            0.23511320695687982,
            0.22777395528344074,
            0.22854504096620323,
            0.23820962019522132,
            0.24726766912065237,
            0.24909192022236704,
            0.23130460936482097,
            0.2227763827231676,
            0.17440370131326555,
            0.1879135696461416,
            0.18283103978537735,
            0.1914746938840014,
            0.6002539286293651,
            0.4142896303499962,
            0.6093612707959752,
            0.3909275956431787,
            0.417883066136685,
            0.45672264709238564,
            0.34848637419286793,
            0.3190667499052331,
            0.4251405680226502,
            0.3951185044458937,
            0.4268103817022221,
            0.4391493286307384,
            0.4492837701661538,
            0.48017067158689075,
            0.5287674609576635,
            0.48999346750034545,
            0.8047645442061351
        ],
        [
            0.07168671707877906,
            0.07544094241785625,
            0.08254170924825507,
            0.0824042373184788,
            0.04809070045831908,
            0.05575719976952457,
            0.05162893706136454,
            0.04095344725392201,
            0,
            0.023927993164410154,
            0.04049108537526648,
            0.035241652900813034,
            0.03353278983578678,
            0.06333408434174632,
            0.038765882329000176,
            0.04531767888329334,
            0.07974406385448404,
            0.05954440025024066,
            0.07101158817287341,
            0.08497008599232256,
            0.09342805208691914,
            0.07566217241802793,
            0.057046046909424206,
            0.058731276389258014,
            0.0662492249758678,
            0.07502922545776554,
            0.06688316909195204,
            0.07158552512553576,
            0.07955971509561881,
            0.13161572594018978,
            0.10713083657064464,
            0.13651085877222388,
            0.12441117339462064,
            0.13759590634273688,
            0.09723410694523248,
            0.09875896813918898,
            0.09997403388435762,
            0.10762280084976754,
            0.07594774599705487,
            0.07994109850373703,
            0.08984734273599872,
            0.06296701365322861,
            0.14783461301145306,
            0.15089617465735275,
            0.399355213881432,
            0.36617439783325745,
            0.40049883589373025,
            0.21171295858674005,
            0.20531391150948947,
            0.20712648559295876,
            0.2180427185198304,
            0.21031706611933895,
            0.22954373666716107,
            0.222204484993722,
            0.2229755706764845,
            0.23264014990550258,
            0.24169819883093363,
            0.2435224499326483,
            0.22573513907510223,
            0.21720691243344886,
            0.1688342310235468,
            0.18234409935642285,
            0.17726156949565863,
            0.18590522359428263,
            0.5946844583396463,
            0.40872016006027745,
            0.6037918005062566,
            0.3853581253534599,
            0.41231359584696625,
            0.45115317680266687,
            0.3429169039031492,
            0.3134972796155144,
            0.41957109773293144,
            0.38954903415617503,
            0.4212409114125034,
            0.43357985834101964,
            0.44371429987643507,
            0.474601201297172,
            0.5231979906679447,
            0.48442399721062673,
            0.7991950739164164
        ],
        [
            0.07724203290904633,
            0.08099625824812351,
            0.08809702507852232,
            0.08795955314874607,
            0.05364601628858634,
            0.061312515599791825,
            0.057184252891631794,
            0.04650876308418927,
            0.023927993164410154,
            0,
            0.04604640120553373,
            0.04079696873108028,
            0.03908810566605403,
            0.06888940017201359,
            0.044321198159267425,
            0.05087299471356059,
            0.08529937968475129,
            0.06509971608050791,
            0.07656690400314067,
            0.09052540182258981,
            0.0989833679171864,
            0.08121748824829518,
            0.06260136273969145,
            0.06428659221952526,
            0.07180454080613505,
            0.0805845412880328,
            0.0724384849222193,
            0.07714084095580301,
            0.08511503092588606,
            0.13717104177045703,
            0.1126861524009119,
            0.14206617460249113,
            0.1299664892248879,
            0.14315122217300413,
            0.10278942277549974,
            0.10431428396945625,
            0.10552934971462488,
            0.1131781166800348,
            0.08150306182732212,
            0.08549641433400429,
            0.09540265856626598,
            0.06852232948349586,
            0.1533899288417203,
            0.15645149048762,
            0.4049105297116993,
            0.3717297136635247,
            0.4060541517239975,
            0.2172682744170073,
            0.21086922733975672,
            0.212681801423226,
            0.22359803435009765,
            0.2158723819496062,
            0.23509905249742832,
            0.22775980082398925,
            0.22853088650675174,
            0.23819546573576983,
            0.24725351466120088,
            0.24907776576291554,
            0.23129045490536948,
            0.2227622282637161,
            0.17438954685381405,
            0.1878994151866901,
            0.18281688532592588,
            0.19146053942454988,
            0.6002397741699136,
            0.4142754758905447,
            0.6093471163365238,
            0.3909134411837272,
            0.4178689116772335,
            0.4567084926329341,
            0.34847221973341647,
            0.31905259544578163,
            0.4251264135631987,
            0.3951043499864423,
            0.42679622724277066,
            0.4391351741712869,
            0.4492696157067023,
            0.48015651712743923,
            0.528753306498212,
            0.489979313040894,
            0.8047503897466837
        ],
        [
            0.08238159487903196,
            0.08613582021810914,
            0.09323658704850797,
            0.0930991151187317,
            0.058785578258571974,
            0.06645207756977747,
            0.062323814861617435,
            0.05164832505417491,
            0.04049108537526648,
            0.04604640120553373,
            0,
            0.03506077434259773,
            0.03335191127757148,
            0.07402896214199922,
            0.04946076012925307,
            0.05601255668354624,
            0.09043894165473694,
            0.07023927805049356,
            0.08170646597312631,
            0.09566496379257546,
            0.10412292988717203,
            0.08635705021828083,
            0.0677409247096771,
            0.06942615418951091,
            0.0769441027761207,
            0.08572410325801844,
            0.07757804689220493,
            0.08228040292578866,
            0.0902545928958717,
            0.14231060374044266,
            0.11782571437089753,
            0.14720573657247676,
            0.13510605119487354,
            0.14829078414298977,
            0.10792898474548537,
            0.10945384593944188,
            0.11066891168461052,
            0.11831767865002044,
            0.08664262379730776,
            0.09063597630398992,
            0.10054222053625161,
            0.07366189145348151,
            0.15852949081170598,
            0.16159105245760566,
            0.41005009168168494,
            0.37686927563351036,
            0.41119371369398316,
            0.22240783638699296,
            0.21600878930974238,
            0.21782136339321168,
            0.2287375963200833,
            0.22101194391959186,
            0.24023861446741399,
            0.2328993627939749,
            0.2336704484767374,
            0.2433350277057555,
            0.25239307663118654,
            0.2542173277329012,
            0.23643001687535514,
            0.22790179023370177,
            0.17952910882379972,
            0.19303897715667576,
            0.18795644729591154,
            0.19660010139453554,
            0.6053793361398992,
            0.41941503786053036,
            0.6144866783065095,
            0.39605300315371283,
            0.42300847364721916,
            0.4618480546029198,
            0.35361178170340213,
            0.3241921574157673,
            0.43026597553318435,
            0.40024391195642794,
            0.4319357892127563,
            0.44427473614127255,
            0.454409177676688,
            0.4852960790974249,
            0.5338928684681976,
            0.49511887501087964,
            0.8098899517166693
        ],
        [
            0.07713216240457851,
            0.0808863877436557,
            0.08798715457405452,
            0.08784968264427825,
            0.05353614578411853,
            0.06120264509532402,
            0.05707438238716399,
            0.04639889257972146,
            0.035241652900813034,
            0.04079696873108028,
            0.03506077434259773,
            0,
            0.02188945221720822,
            0.06877952966754577,
            0.04421132765479962,
            0.050763124209092785,
            0.0851895091802835,
            0.06498984557604011,
            0.07645703349867286,
            0.09041553131812201,
            0.09887349741271859,
            0.08110761774382738,
            0.06249149223522365,
            0.06417672171505746,
            0.07169467030166725,
            0.08047467078356499,
            0.07232861441775149,
            0.0770309704513352,
            0.08500516042141826,
            0.1370611712659892,
            0.11257628189644409,
            0.14195630409802332,
            0.1298566187204201,
            0.14304135166853632,
            0.10267955227103193,
            0.10420441346498843,
            0.10541947921015707,
            0.11306824617556699,
            0.0813931913228543,
            0.08538654382953648,
            0.09529278806179817,
            0.06841245897902806,
            0.1532800583372525,
            0.1563416199831522,
            0.40480065920723146,
            0.37161984315905683,
            0.4059442812195297,
            0.2171584039125395,
            0.2107593568352889,
            0.2125719309187582,
            0.22348816384562983,
            0.2157625114451384,
            0.2349891819929605,
            0.22764993031952144,
            0.22842101600228393,
            0.23808559523130202,
            0.24714364415673307,
            0.24896789525844773,
            0.23118058440090167,
            0.2226523577592483,
            0.17427967634934624,
            0.18778954468222228,
            0.18270701482145807,
            0.19135066892008207,
            0.6001299036654457,
            0.41416560538607694,
            0.609237245832056,
            0.3908035706792594,
            0.41775904117276574,
            0.45659862212846636,
            0.3483623492289486,
            0.3189427249413138,
            0.42501654305873093,
            0.3949944794819744,
            0.4266863567383028,
            0.439025303666819,
            0.44915974520223445,
            0.48004664662297136,
            0.5286434359937442,
            0.4898694425364261,
            0.8046405192422157
        ],
        [
            0.07542329933955226,
            0.07917752467862944,
            0.08627829150902827,
            0.086140819579252,
            0.051827282719092274,
            0.059493782030297766,
            0.055365519322137735,
            0.04469002951469521,
            0.03353278983578678,
            0.03908810566605403,
            0.03335191127757148,
            0.02188945221720822,
            0,
            0.06707066660251952,
            0.04250246458977337,
            0.04905426114406654,
            0.08348064611525724,
            0.06328098251101386,
            0.07474817043364661,
            0.08870666825309576,
            0.09716463434769233,
            0.07939875467880113,
            0.0607826291701974,
            0.06246785865003121,
            0.069985807236641,
            0.07876580771853874,
            0.07061975135272523,
            0.07532210738630896,
            0.083296297356392,
            0.13535230820096297,
            0.11086741883141783,
            0.14024744103299708,
            0.12814775565539385,
            0.14133248860351008,
            0.10097068920600567,
            0.10249555039996218,
            0.10371061614513082,
            0.11135938311054074,
            0.07968432825782806,
            0.08367768076451022,
            0.09358392499677191,
            0.06670359591400181,
            0.15157119527222626,
            0.15463275691812595,
            0.40309179614220525,
            0.3699109800940306,
            0.4042354181545035,
            0.21544954084751325,
            0.2090504937702627,
            0.210863067853732,
            0.2217793007806036,
            0.21405364838011215,
            0.23328031892793427,
            0.2259410672544952,
            0.2267121529372577,
            0.23637673216627578,
            0.24543478109170683,
            0.2472590321934215,
            0.22947172133587543,
            0.22094349469422206,
            0.17257081328432,
            0.18608068161719604,
            0.1809981517564318,
            0.18964180585505586,
            0.5984210406004196,
            0.4124567423210507,
            0.6075283827670297,
            0.38909470761423315,
            0.4160501781077395,
            0.4548897590634401,
            0.3466534861639224,
            0.31723386187628755,
            0.42330767999370467,
            0.39328561641694815,
            0.42497749367327653,
            0.43731644060179287,
            0.44745088213720824,
            0.4783377835579452,
            0.5269345729287179,
            0.4881605794713999,
            0.8029316561771895
        ],
        [
            0.10341698509021816,
            0.10717121042929534,
            0.11427197725969417,
            0.1141345053299179,
            0.07982096846975817,
            0.08748746778096367,
            0.08335920507280363,
            0.0726837152653611,
            0.06333408434174632,
            0.06888940017201359,
            0.07402896214199922,
            0.06877952966754577,
            0.06707066660251952,
            0,
            0.056117570476252085,
            0.07535383174392415,
            0.10978021671511486,
            0.08958055311087147,
            0.1027418561843125,
            0.11670035400376165,
            0.12515832009835823,
            0.10739244042946702,
            0.0887763149208633,
            0.0904615444006971,
            0.09797949298730689,
            0.10675949346920463,
            0.09861343710339113,
            0.10331579313697484,
            0.1112899831070579,
            0.16334599395162885,
            0.13886110458208373,
            0.16824112678366296,
            0.15614144140605973,
            0.16932617435417596,
            0.12896437495667157,
            0.13048923615062807,
            0.1317043018957967,
            0.13935306886120663,
            0.10767801400849394,
            0.11167136651517612,
            0.12157761074743781,
            0.0946972816646677,
            0.17956488102289214,
            0.18262644266879186,
            0.4310854818928711,
            0.3979046658446965,
            0.43222910390516933,
            0.24344322659817913,
            0.23704417952092854,
            0.23885675360439784,
            0.24977298653126948,
            0.24204733413077803,
