{
    "NEXUS_FILE_URL": "http://purl.org/phylo/treebase/phylows/study/TB2:S12431",
    "NEWICK_TREE": "(((28:0.033039309690100195,(((20:1.56320720395216E-6,19:1.56320720395216E-6):0.0608511358791756,(((23:1.56320720395216E-6,24:0.015392218766823574):1.56320720395216E-6,(22:0.00272932328173525,(26:0.0061045612502495065,(27:0.0061266966621272055,25:0.0030398277642128954):1.56320720395216E-6):0.022435636343738154):0.0072207656289620436):0.029326359776807167,21:0.11368172171589248):0.0256100959560047):0.040603923105095606,(31:0.017242120079388305,(29:1.56320720395216E-6,30:0.0029947152430896714):0.02142562487197944):0.03373811591472279):0.005975235840908294):0.04650927928895911,(18:0.09917581944988663,((((((9:0.0030417002280068383,7:0.006068290209897578):1.56320720395216E-6,8:0.009154457589008975):0.00891579928798493,((15:0.05175598784282326,2:0.020602840663929554):0.011528846323704302,3:0.017779521293960238,1:0.0796809970092558):0.02418996264023451):0.0034877798447144016,10:0.021617417152241896):1.56320720395216E-6,((6:1.56320720395216E-6,(4:1.56320720395216E-6,5:1.56320720395216E-6):1.56320720395216E-6):0.031112248605916756,(14:0.021909578662338745,(17:0.02225680822171099,16:0.01255235263057696):0.0031809061040959596):0.011598714474474404):0.007922529202439216):0.00966922660014715,(13:1.56320720395216E-6,(11:0.015692860663883333,12:0.002989214002337714):0.0030461461789287715):0.019451494022786484):0.01934578249863633):0.09380029174797032):0.2985859213872438,32:0.2985859213872438);",
    "DISTANCE_MATRIX": [
        [
            0.0,
            0.14047116772248366,
            0.14047116772248366,
            0.13455805078332386,
            0.1499487063429435,
            0.14450501327961326,
            0.17031588759186567,
            0.1703395862109473,
            0.16725271731303298,
            0.21891028630800127,
            0.08999478152511958,
            0.09417984952491468,
            0.09717300156080039,
            0.27252470017691627,
            0.21781229560092719,
            0.22083888558281792,
            0.22392348975472537,
            0.29332802968449356,
            0.26217488250559984,
            0.2478227168119262,
            0.3097241925272218,
            0.22398287018525898,
            0.24140023084137302,
            0.24140179404857698,
            0.24140179404857698,
            0.24379471216506549,
            0.24732284782853367,
            0.23761839223739964,
            0.21214772045565639,
            0.23088516409126453,
            0.21818151742971892,
            0.6767204317535469
        ],
        [
            0.14047116772248366,
            0.0,
            3.12641440790432e-06,
            0.11579228123359932,
            0.13118293679321893,
            0.1257392437298887,
            0.15155011804214114,
            0.15157381666122277,
            0.14848694776330845,
            0.20014451675827674,
            0.15243685818558628,
            0.15662192618538134,
            0.15961507822126708,
            0.34691724851919953,
            0.29220484394321045,
            0.2952314339251012,
            0.29831603809700863,
            0.3677205780267768,
            0.3365674308478831,
            0.32221526515420945,
            0.38411674086950504,
            0.29837541852754224,
            0.3157927791836563,
            0.31579434239086024,
            0.31579434239086024,
            0.31818726050734875,
            0.3217153961708169,
            0.3120109405796829,
            0.28654026879793965,
            0.3052777124335478,
            0.2925740657720022,
            0.7511129800958303
        ],
        [
            0.14047116772248366,
            3.12641440790432e-06,
            0.0,
            0.11579228123359932,
            0.13118293679321893,
            0.1257392437298887,
            0.15155011804214114,
            0.15157381666122277,
            0.14848694776330845,
            0.20014451675827674,
            0.15243685818558628,
            0.15662192618538134,
            0.15961507822126708,
            0.34691724851919953,
            0.29220484394321045,
            0.2952314339251012,
            0.29831603809700863,
            0.3677205780267768,
            0.3365674308478831,
            0.32221526515420945,
            0.38411674086950504,
            0.29837541852754224,
            0.3157927791836563,
            0.31579434239086024,
            0.31579434239086024,
            0.31818726050734875,
            0.3217153961708169,
            0.3120109405796829,
            0.28654026879793965,
            0.3052777124335478,
            0.2925740657720022,
            0.7511129800958303
        ],
        [
            0.13455805078332386,
            0.11579228123359932,
            0.11579228123359932,
            0.0,
            0.015393781974027526,
            0.009953215325105198,
            0.03576408963735761,
            0.03578778825643926,
            0.03270091935852495,
            0.14301120790710756,
            0.14652374124642648,
            0.15070880924622154,
            0.15370196128210728,
            0.3410041315800397,
            0.28629172700405064,
            0.28931831698594135,
            0.2924029211578488,
            0.361807461087617,
            0.3306543139087233,
            0.31630214821504965,
            0.37820362393034523,
            0.29246230158838243,
            0.3098796622444965,
            0.30988122545170044,
            0.30988122545170044,
            0.31227414356818894,
            0.31580227923165716,
            0.30609782364052307,
            0.28062715185877984,
            0.299364595494388,
            0.2866609488328424,
            0.7451998631566704
        ],
        [
            0.1499487063429435,
            0.13118293679321893,
            0.13118293679321893,
            0.015393781974027526,
            0.0,
            0.02534387088472482,
            0.051154745196977235,
            0.051178443816058884,
            0.04809157491814457,
            0.1584018634667272,
            0.16191439680604608,
            0.16609946480584117,
            0.16909261684172688,
            0.35639478713965933,
            0.3016823825636703,
            0.304708972545561,
            0.30779357671746843,
            0.3771981166472367,
            0.34604496946834296,
            0.33169280377466925,
            0.39359427948996484,
            0.3078529571480021,
            0.3252703178041161,
            0.3252718810113201,
            0.3252718810113201,
            0.32766479912780855,
            0.33119293479127676,
            0.32148847920014273,
            0.29601780741839945,
            0.3147552510540076,
            0.30205160439246204,
            0.76059051871629
        ],
        [
            0.14450501327961326,
            0.1257392437298887,
            0.1257392437298887,
            0.009953215325105198,
            0.02534387088472482,
            0.0,
            0.03126952087572291,
            0.03129321949480456,
            0.02820635059689025,
            0.15295817040339693,
            0.15647070374271588,
            0.16065577174251094,
            0.16364892377839668,
            0.35095109407632913,
            0.29623868950034005,
            0.2992652794822308,
            0.30234988365413823,
            0.3717544235839064,
            0.3406012764050127,
            0.32624911071133905,
            0.38815058642663464,
            0.30240926408467184,
            0.3198266247407859,
            0.31982818794798984,
            0.31982818794798984,
            0.32222110606447835,
            0.3257492417279465,
            0.3160447861368125,
            0.29057411435506925,
            0.3093115579906774,
            0.2966079113291318,
            0.7551468256529599
        ],
        [
            0.17031588759186567,
            0.15155011804214114,
            0.15155011804214114,
            0.03576408963735761,
            0.051154745196977235,
            0.03126952087572291,
            0.0,
            0.012232821119580664,
            0.009145952221666354,
            0.17876904471564936,
            0.1822815780549683,
            0.18646664605476337,
            0.1894597980906491,
            0.37676196838858156,
            0.3220495638125925,
            0.3250761537944832,
            0.32816075796639066,
            0.39756529789615885,
            0.36641215071726513,
            0.3520599850235915,
            0.41396146073888707,
            0.32822013839692427,
            0.3456374990530383,
            0.34563906226024227,
            0.34563906226024227,
            0.3480319803767308,
            0.351560116040199,
            0.3418556604490649,
            0.3163849886673217,
            0.3351224323029298,
            0.3224187856413842,
            0.7809576999652122
        ],
        [
            0.1703395862109473,
            0.15157381666122277,
            0.15157381666122277,
            0.03578778825643926,
            0.051178443816058884,
            0.03129321949480456,
            0.012232821119580664,
            0.0,
            0.009166524426340101,
            0.178792743334731,
            0.18230527667404994,
            0.186490344673845,
            0.18948349670973075,
            0.3767856670076632,
            0.3220732624316741,
            0.32509985241356487,
            0.3281844565854723,
            0.3975889965152405,
            0.36643584933634676,
            0.3520836836426731,
            0.4139851593579687,
            0.3282438370160059,
            0.34566119767211995,
            0.3456627608793239,
            0.3456627608793239,
            0.3480556789958124,
            0.35158381465928057,
            0.3418793590681466,
            0.3164086872864033,
            0.33514613092201145,
            0.32244248426046584,
            0.7809813985842939
        ],
        [
            0.16725271731303298,
            0.14848694776330845,
            0.14848694776330845,
            0.03270091935852495,
            0.04809157491814457,
            0.02820635059689025,
            0.009145952221666354,
            0.009166524426340101,
            0.0,
            0.17570587443681668,
            0.17921840777613562,
            0.1834034757759307,
            0.18639662781181643,
            0.3736987981097489,
            0.3189863935337598,
            0.32201298351565055,
            0.325097587687558,
            0.39450212761732617,
            0.36334898043843245,
            0.3489968147447588,
            0.4108982904600544,
            0.3251569681180916,
            0.3425743287742056,
            0.3425758919814096,
            0.3425758919814096,
            0.3449688100978981,
            0.34849694576136625,
            0.3387924901702323,
            0.313321818388489,
            0.33205926202409713,
            0.3193556153625515,
            0.7778945296863795
        ],
        [
            0.21891028630800127,
            0.20014451675827674,
            0.20014451675827674,
            0.14301120790710756,
            0.1584018634667272,
            0.15295817040339693,
            0.17876904471564936,
            0.178792743334731,
            0.17570587443681668,
            0.0,
            0.23087597677110389,
            0.23506104477089898,
            0.2380541968067847,
            0.42535636710471714,
            0.37064396252872805,
            0.37367055251061876,
            0.37675515668252624,
            0.44615969661229443,
            0.4150065494334007,
            0.40065438373972706,
            0.46255585945502264,
            0.37681453711305984,
            0.3942318977691739,
            0.39423346097637785,
            0.39423346097637785,
            0.39662637909286635,
            0.40015451475633457,
            0.3904500591652005,
            0.36497938738345725,
            0.3837168310190654,
            0.3710131843575198,
            0.8295520986813478
        ],
        [
            0.08999478152511958,
            0.15243685818558628,
            0.15243685818558628,
            0.14652374124642648,
            0.16191439680604608,
            0.15647070374271588,
            0.1822815780549683,
            0.18230527667404994,
            0.17921840777613562,
            0.23087597677110389,
            0.0,
            0.0386693081585717,
            0.04166246019445742,
            0.2964408623218355,
            0.2417284577458464,
            0.2447550477277371,
            0.24783965189964458,
            0.31724419182941277,
            0.28609104465051904,
            0.2717388789568454,
            0.333640354672141,
            0.24789903233017818,
            0.2653163929862922,
            0.2653179561934962,
            0.2653179561934962,
            0.2677108743099847,
            0.27123900997345285,
            0.2615345543823188,
            0.2360638826005756,
            0.25480132623618373,
            0.24209767957463812,
            0.7006365938984662
        ],
        [
            0.09417984952491468,
            0.15662192618538134,
            0.15662192618538134,
            0.15070880924622154,
            0.16609946480584117,
            0.16065577174251094,
            0.18646664605476337,
            0.186490344673845,
            0.1834034757759307,
            0.23506104477089898,
            0.0386693081585717,
            0.0,
            0.002996278450293624,
            0.30062593032163054,
            0.24591352574564146,
            0.2489401157275322,
            0.25202471989943964,
            0.32142925982920784,
            0.2902761126503141,
            0.27592394695664046,
            0.33782542267193605,
            0.25208410032997325,
            0.2695014609860873,
            0.26950302419329125,
            0.26950302419329125,
            0.27189594230977976,
            0.27542407797324797,
            0.2657196223821139,
            0.24024895060037066,
            0.2589863942359788,
            0.2462827475744332,
            0.7048216618982612
        ],
        [
            0.09717300156080039,
            0.15961507822126708,
            0.15961507822126708,
            0.15370196128210728,
            0.16909261684172688,
            0.16364892377839668,
            0.1894597980906491,
            0.18948349670973075,
            0.18639662781181643,
            0.2380541968067847,
            0.04166246019445742,
            0.002996278450293624,
            0.0,
            0.3036190823575163,
            0.2489066777815272,
            0.2519332677634179,
            0.2550178719353254,
            0.3244224118650936,
            0.29326926468619985,
            0.2789170989925262,
            0.3408185747078218,
            0.255077252365859,
            0.27249461302197303,
            0.272496176229177,
            0.272496176229177,
            0.2748890943456655,
            0.27841723000913365,
            0.2687127744179996,
            0.2432421026362564,
            0.26197954627186454,
            0.24927589961031893,
            0.7078148139341469
        ],
        [
            0.27252470017691627,
            0.34691724851919953,
            0.34691724851919953,
            0.3410041315800397,
            0.35639478713965933,
            0.35095109407632913,
            0.37676196838858156,
            0.3767856670076632,
            0.3736987981097489,
            0.42535636710471714,
            0.2964408623218355,
            0.30062593032163054,
            0.3036190823575163,
            0.0,
            0.14363923432378417,
            0.14666582430567493,
            0.14975042847758235,
            0.21915496840735055,
            0.18800182122845682,
            0.1736496555347832,
            0.2355511312500788,
            0.14980980890811596,
            0.16722716956423003,
            0.16722873277143396,
            0.16722873277143396,
            0.16962165088792247,
            0.17314978655139068,
            0.16344533096025665,
            0.1379746591785134,
            0.15671210281412154,
            0.14400845615257593,
            0.7901479539723446
        ],
        [
            0.21781229560092719,
            0.29220484394321045,
            0.29220484394321045,
            0.28629172700405064,
            0.3016823825636703,
            0.29623868950034005,
            0.3220495638125925,
            0.3220732624316741,
            0.3189863935337598,
            0.37064396252872805,
            0.2417284577458464,
            0.24591352574564146,
            0.2489066777815272,
            0.14363923432378417,
            0.0,
            0.009109990437904416,
            0.012197721024219765,
            0.09943385952995779,
            0.06828071235106409,
            0.05392854665739047,
            0.11583002237268603,
            0.03706425972015202,
            0.054484746790674,
            0.054486309997877944,
            0.054486309997877944,
            0.05687922811436644,
            0.060407363777834636,
            0.050702908186700604,
            0.04457068960525166,
            0.0633081332408598,
            0.05060448657931419,
            0.7354355493963556
        ],
        [
            0.22083888558281792,
            0.2952314339251012,
            0.2952314339251012,
            0.28931831698594135,
            0.304708972545561,
            0.2992652794822308,
            0.3250761537944832,
            0.32509985241356487,
            0.32201298351565055,
            0.37367055251061876,
            0.2447550477277371,
            0.2489401157275322,
            0.2519332677634179,
            0.14666582430567493,
            0.009109990437904416,
            0.0,
            0.015224311006110505,
            0.10246044951184853,
            0.07130730233295483,
            0.056955136639281215,
            0.11885661235457677,
            0.040090849702042755,
            0.05751133677256474,
            0.05751289997976869,
            0.05751289997976869,
            0.05990581809625718,
            0.06343395375972538,
            0.05372949816859135,
            0.047597279587142396,
            0.06633472322275055,
            0.05363107656120493,
            0.7384621393782462
        ],
        [
            0.22392348975472537,
            0.29831603809700863,
            0.29831603809700863,
            0.2924029211578488,
            0.30779357671746843,
            0.30234988365413823,
            0.32816075796639066,
            0.3281844565854723,
            0.325097587687558,
            0.37675515668252624,
            0.24783965189964458,
            0.25202471989943964,
            0.2550178719353254,
            0.14975042847758235,
            0.012197721024219765,
            0.015224311006110505,
            0.0,
            0.10554505368375597,
            0.07439190650486227,
            0.06003974081118865,
            0.12194121652648421,
            0.043175453873950206,
            0.06059594094447218,
            0.06059750415167613,
            0.06059750415167613,
            0.06299042226816462,
            0.06651855793163283,
            0.056814102340498794,
            0.05068188375904985,
            0.069419327394658,
            0.05671568073311238,
            0.7415467435501537
        ],
        [
            0.29332802968449356,
            0.3677205780267768,
            0.3677205780267768,
            0.361807461087617,
            0.3771981166472367,
            0.3717544235839064,
            0.39756529789615885,
            0.3975889965152405,
            0.39450212761732617,
            0.44615969661229443,
            0.31724419182941277,
            0.32142925982920784,
            0.3244224118650936,
            0.21915496840735055,
            0.09943385952995779,
            0.10246044951184853,
            0.10554505368375597,
            0.0,
            0.07235882850675282,
            0.08106435546048779,
            0.14296583117578335,
            0.11257999380371837,
            0.13000048087424035,
            0.1300020440814443,
            0.1300020440814443,
            0.1323949621979328,
            0.135923097861401,
            0.12621864227026697,
            0.12008642368881803,
            0.13882386732442617,
            0.12612022066288056,
            0.8109512834799218
        ],
        [
            0.26217488250559984,
            0.3365674308478831,
            0.3365674308478831,
            0.3306543139087233,
            0.34604496946834296,
            0.3406012764050127,
            0.36641215071726513,
            0.36643584933634676,
            0.36334898043843245,
            0.4150065494334007,
            0.28609104465051904,
            0.2902761126503141,
            0.29326926468619985,
            0.18800182122845682,
            0.06828071235106409,
            0.07130730233295483,
            0.07439190650486227,
            0.07235882850675282,
            0.0,
            0.049911208281594094,
            0.11181268399688965,
            0.08142684662482466,
            0.09884733369534665,
            0.0988488969025506,
            0.0988488969025506,
            0.10124181501903909,
            0.10476995068250729,
            0.09506549509137326,
            0.0889332765099243,
            0.10767072014553244,
            0.09496707348398684,
            0.7797981363010282
        ],
        [
            0.2478227168119262,
            0.32221526515420945,
            0.32221526515420945,
            0.31630214821504965,
            0.33169280377466925,
            0.32624911071133905,
            0.3520599850235915,
            0.3520836836426731,
            0.3489968147447588,
            0.40065438373972706,
            0.2717388789568454,
            0.27592394695664046,
            0.2789170989925262,
            0.1736496555347832,
            0.05392854665739047,
            0.056955136639281215,
            0.06003974081118865,
            0.08106435546048779,
            0.049911208281594094,
            0.0,
            0.09746051830321603,
            0.06707468093115104,
            0.08449516800167303,
            0.08449673120887698,
            0.08449673120887698,
            0.08688964932536547,
            0.09041778498883367,
            0.08071332939769964,
            0.07458111081625068,
            0.09331855445185884,
            0.08061490779031322,
            0.7654459706073545
        ],
        [
            0.3097241925272218,
            0.38411674086950504,
            0.38411674086950504,
            0.37820362393034523,
            0.39359427948996484,
            0.38815058642663464,
            0.41396146073888707,
            0.4139851593579687,
            0.4108982904600544,
            0.46255585945502264,
            0.333640354672141,
            0.33782542267193605,
            0.3408185747078218,
            0.2355511312500788,
            0.11583002237268603,
            0.11885661235457677,
            0.12194121652648421,
            0.14296583117578335,
            0.11181268399688965,
            0.09746051830321603,
            0.0,
            0.1289761566464466,
            0.1463966437169686,
            0.14639820692417255,
            0.14639820692417255,
            0.14879112504066105,
            0.15231926070412924,
            0.1426148051129952,
            0.13648258653154627,
            0.1552200301671544,
            0.1425163835056088,
            0.8273474463226501
        ],
        [
            0.22398287018525898,
            0.29837541852754224,
            0.29837541852754224,
            0.29246230158838243,
            0.3078529571480021,
            0.30240926408467184,
            0.32822013839692427,
            0.3282438370160059,
            0.3251569681180916,
            0.37681453711305984,
            0.24789903233017818,
            0.25208410032997325,
            0.255077252365859,
            0.14980980890811596,
            0.03706425972015202,
            0.040090849702042755,
            0.043175453873950206,
            0.11257999380371837,
            0.08142684662482466,
            0.06707468093115104,
            0.1289761566464466,
            0.0,
            0.060655321375005775,
            0.06065688458220972,
            0.06065688458220972,
            0.06304980269869821,
            0.06657793836216641,
            0.05687348277103238,
            0.05074126418958344,
            0.06947870782519158,
            0.05677506116364597,
            0.7416061239806873
        ],
        [
            0.24140023084137302,
            0.3157927791836563,
            0.3157927791836563,
            0.3098796622444965,
            0.3252703178041161,
            0.3198266247407859,
            0.3456374990530383,
            0.34566119767211995,
            0.3425743287742056,
            0.3942318977691739,
            0.2653163929862922,
            0.2695014609860873,
            0.27249461302197303,
            0.16722716956423003,
            0.054484746790674,
            0.05751133677256474,
            0.06059594094447218,
            0.13000048087424035,
            0.09884733369534665,
            0.08449516800167303,
            0.1463966437169686,
            0.060655321375005775,
            0.0,
            4.68962161185648e-06,
            4.68962161185648e-06,
            0.06462210494993387,
            0.06815024061340205,
            0.058445785022268035,
            0.06815862484569751,
            0.08689606848130565,
            0.07419242181976005,
            0.7590234846368014
        ],
        [
            0.24140179404857698,
            0.31579434239086024,
            0.31579434239086024,
            0.30988122545170044,
            0.3252718810113201,
            0.31982818794798984,
            0.34563906226024227,
            0.3456627608793239,
            0.3425758919814096,
            0.39423346097637785,
            0.2653179561934962,
            0.26950302419329125,
            0.272496176229177,
            0.16722873277143396,
            0.054486309997877944,
            0.05751289997976869,
            0.06059750415167613,
            0.1300020440814443,
            0.0988488969025506,
            0.08449673120887698,
            0.14639820692417255,
            0.06065688458220972,
            4.68962161185648e-06,
            0.0,
            3.12641440790432e-06,
            0.06462366815713781,
            0.06815180382060601,
            0.05844734822947198,
            0.06816018805290146,
            0.08689763168850961,
            0.07419398502696399,
            0.7590250478440053
        ],
        [
            0.24140179404857698,
            0.31579434239086024,
            0.31579434239086024,
            0.30988122545170044,
            0.3252718810113201,
            0.31982818794798984,
            0.34563906226024227,
            0.3456627608793239,
            0.3425758919814096,
            0.39423346097637785,
            0.2653179561934962,
            0.26950302419329125,
            0.272496176229177,
            0.16722873277143396,
            0.054486309997877944,
            0.05751289997976869,
            0.06059750415167613,
            0.1300020440814443,
            0.0988488969025506,
            0.08449673120887698,
            0.14639820692417255,
            0.06065688458220972,
            4.68962161185648e-06,
            3.12641440790432e-06,
            0.0,
            0.06462366815713781,
            0.06815180382060601,
            0.05844734822947198,
            0.06816018805290146,
            0.08689763168850961,
            0.07419398502696399,
            0.7590250478440053
        ],
        [
            0.24379471216506549,
            0.31818726050734875,
            0.31818726050734875,
            0.31227414356818894,
            0.32766479912780855,
            0.32222110606447835,
            0.3480319803767308,
            0.3480556789958124,
            0.3449688100978981,
            0.39662637909286635,
            0.2677108743099847,
            0.27189594230977976,
            0.2748890943456655,
            0.16962165088792247,
            0.05687922811436644,
            0.05990581809625718,
            0.06299042226816462,
            0.1323949621979328,
            0.10124181501903909,
            0.08688964932536547,
            0.14879112504066105,
            0.06304980269869821,
            0.06462210494993387,
            0.06462366815713781,
            0.06462366815713781,
            0.0,
            0.04734729298814569,
            0.037642837397011665,
            0.07055310616938995,
            0.0892905498049981,
            0.07658690314345248,
            0.7614179659604938
        ],
        [
            0.24732284782853367,
            0.3217153961708169,
            0.3217153961708169,
            0.31580227923165716,
            0.33119293479127676,
            0.3257492417279465,
            0.351560116040199,
            0.35158381465928057,
            0.34849694576136625,
            0.40015451475633457,
            0.27123900997345285,
            0.27542407797324797,
            0.27841723000913365,
            0.17314978655139068,
            0.060407363777834636,
            0.06343395375972538,
            0.06651855793163283,
            0.135923097861401,
            0.10476995068250729,
            0.09041778498883367,
            0.15231926070412924,
            0.06657793836216641,
            0.06815024061340205,
            0.06815180382060601,
            0.06815180382060601,
            0.04734729298814569,
            0.0,
            0.03480916085228795,
            0.07408124183285815,
            0.0928186854684663,
            0.08011503880692068,
            0.764946101623962
        ],
        [
            0.23761839223739964,
            0.3120109405796829,
            0.3120109405796829,
            0.30609782364052307,
            0.32148847920014273,
            0.3160447861368125,
            0.3418556604490649,
            0.3418793590681466,
            0.3387924901702323,
            0.3904500591652005,
            0.2615345543823188,
            0.2657196223821139,
            0.2687127744179996,
            0.16344533096025665,
            0.050702908186700604,
            0.05372949816859135,
            0.056814102340498794,
            0.12621864227026697,
            0.09506549509137326,
            0.08071332939769964,
            0.1426148051129952,
            0.05687348277103238,
            0.058445785022268035,
            0.05844734822947198,
            0.05844734822947198,
            0.037642837397011665,
            0.03480916085228795,
            0.0,
            0.06437678624172412,
            0.08311422987733227,
            0.07041058321578665,
            0.755241646032828
        ],
        [
            0.21214772045565639,
            0.28654026879793965,
            0.28654026879793965,
            0.28062715185877984,
            0.29601780741839945,
            0.29057411435506925,
            0.3163849886673217,
            0.3164086872864033,
            0.313321818388489,
            0.36497938738345725,
            0.2360638826005756,
            0.24024895060037066,
            0.2432421026362564,
            0.1379746591785134,
            0.04457068960525166,
            0.047597279587142396,
            0.05068188375904985,
            0.12008642368881803,
            0.0889332765099243,
            0.07458111081625068,
            0.13648258653154627,
            0.05074126418958344,
            0.06815862484569751,
            0.06816018805290146,
            0.06816018805290146,
            0.07055310616938995,
            0.07408124183285815,
            0.06437678624172412,
            0.0,
            0.018740570050016055,
            0.006036923388470438,
            0.7297709742510847
        ],
        [
            0.23088516409126453,
            0.3052777124335478,
            0.3052777124335478,
            0.299364595494388,
            0.3147552510540076,
            0.3093115579906774,
            0.3351224323029298,
            0.33514613092201145,
            0.33205926202409713,
            0.3837168310190654,
            0.25480132623618373,
            0.2589863942359788,
            0.26197954627186454,
            0.15671210281412154,
            0.0633081332408598,
            0.06633472322275055,
            0.069419327394658,
            0.13882386732442617,
            0.10767072014553244,
            0.09331855445185884,
            0.1552200301671544,
            0.06947870782519158,
            0.08689606848130565,
            0.08689763168850961,
            0.08689763168850961,
            0.0892905498049981,
            0.0928186854684663,
            0.08311422987733227,
            0.018740570050016055,
            0.0,
            0.018682074666221047,
            0.7485084178866929
        ],
        [
            0.21818151742971892,
            0.2925740657720022,
            0.2925740657720022,
            0.2866609488328424,
            0.30205160439246204,
            0.2966079113291318,
            0.3224187856413842,
            0.32244248426046584,
            0.3193556153625515,
            0.3710131843575198,
            0.24209767957463812,
            0.2462827475744332,
            0.24927589961031893,
            0.14400845615257593,
            0.05060448657931419,
            0.05363107656120493,
            0.05671568073311238,
            0.12612022066288056,
            0.09496707348398684,
            0.08061490779031322,
            0.1425163835056088,
            0.05677506116364597,
            0.07419242181976005,
            0.07419398502696399,
            0.07419398502696399,
            0.07658690314345248,
            0.08011503880692068,
            0.07041058321578665,
            0.006036923388470438,
            0.018682074666221047,
            0.0,
            0.7358047712251472
        ],
        [
            0.6767204317535469,
            0.7511129800958303,
            0.7511129800958303,
            0.7451998631566704,
            0.76059051871629,
            0.7551468256529599,
            0.7809576999652122,
            0.7809813985842939,
            0.7778945296863795,
            0.8295520986813478,
            0.7006365938984662,
            0.7048216618982612,
            0.7078148139341469,
            0.7901479539723446,
            0.7354355493963556,
            0.7384621393782462,
            0.7415467435501537,
            0.8109512834799218,
            0.7797981363010282,
            0.7654459706073545,
            0.8273474463226501,
            0.7416061239806873,
            0.7590234846368014,
            0.7590250478440053,
            0.7590250478440053,
            0.7614179659604938,
            0.764946101623962,
            0.755241646032828,
            0.7297709742510847,
            0.7485084178866929,
            0.7358047712251472,
            0.0
        ]
    ],
    "NODE_MAPPING": {
        "0": "28",
        "1": "20",
        "2": "19",
        "3": "23",
        "4": "24",
        "5": "22",
        "6": "26",
        "7": "27",
        "8": "25",
        "9": "21",
        "10": "31",
        "11": "29",
        "12": "30",
        "13": "18",
        "14": "9",
        "15": "7",
        "16": "8",
        "17": "15",
        "18": "2",
        "19": "3",
        "20": "1",
        "21": "10",
        "22": "6",
        "23": "4",
        "24": "5",
        "25": "14",
        "26": "17",
        "27": "16",
        "28": "13",
        "29": "11",
        "30": "12",
        "31": "32"
    }
}