{
    "NEXUS_FILE_URL": "http://purl.org/phylo/treebase/phylows/study/TB2:S11080",
    "NEWICK_TREE": "(1:0.045791,2:0.020561,((((((3:0.072753,(4:0.177636,5:0.190853):0.060669):0.027806,6:0.290094):0.035554,7:0.087432):0.016942,8:0.086857):0.012051,9:0.115377):0.014772,10:0.221319,((11:0.112266,(12:0.12577,13:0.074255):0.033466):0.050344,((((14:0.040348,15:0.044295):0.035806,((16:0.003131,17:0.008194):0.013772,(18:0.004684,19:0.005917):0.016914):0.088431):0.008068,20:0.075739):0.017528,((((21:0.012852,22:0.021649):0.072218,23:0.087575):0.024087,((((24:0.013112,25:0.045904):0.009041,(26:0.009896,27:0.013805):0.007994):0.025331,((28:0.009032,((29:0.014292,30:0.008531):0.007085,(31:0.002322,32:0.011051):0.010762,(33:0.003462,(34:0.00324,35:0.003293):0.007831):0.006476):0.010739):0.006347,36:0.01733):0.008872):0.026769,(37:0.00286,38:0.027662):0.08932):0.034021):0.012604,39:0.073894,((40:0.043889,(41:0.076031,42:0.0212):0.006761):0.061751,((((43:0.00478,44:0.004767):0.015786,45:0.016833):0.016706,46:0.029003):0.004517,(47:0.002841,48:0.006531):0.010353):0.057562):0.025446):0.024089):0.049352):0.031549):0.055122);",
    "DISTANCE_MATRIX": [
        [
            0.0,
            0.066352,
            0.280791,
            0.44634299999999993,
            0.45955999999999997,
            0.470326,
            0.23211,
            0.214593,
            0.231062,
            0.32223199999999996,
            0.295072,
            0.34204199999999996,
            0.290527,
            0.28356400000000004,
            0.287511,
            0.312744,
            0.31780699999999995,
            0.317439,
            0.31867199999999996,
            0.275081,
            0.32766399999999996,
            0.336461,
            0.33016900000000005,
            0.326781,
            0.35957300000000003,
            0.32251799999999997,
            0.326427,
            0.30354800000000004,
            0.32663200000000003,
            0.320871,
            0.31833900000000004,
            0.327068,
            0.31519299999999995,
            0.32280200000000003,
            0.322855,
            0.30549899999999997,
            0.344708,
            0.36951,
            0.27979699999999996,
            0.336989,
            0.375892,
            0.32106100000000004,
            0.3307,
            0.33068699999999995,
            0.326967,
            0.322431,
            0.30210499999999996,
            0.30579499999999993
        ],
        [
            0.066352,
            0.0,
            0.25556100000000004,
            0.42111299999999996,
            0.43433,
            0.44509600000000005,
            0.20688,
            0.189363,
            0.205832,
            0.297002,
            0.269842,
            0.316812,
            0.265297,
            0.258334,
            0.26228100000000004,
            0.287514,
            0.292577,
            0.292209,
            0.293442,
            0.249851,
            0.302434,
            0.311231,
            0.304939,
            0.301551,
            0.334343,
            0.297288,
            0.301197,
            0.278318,
            0.301402,
            0.295641,
            0.293109,
            0.301838,
            0.28996299999999997,
            0.297572,
            0.297625,
            0.280269,
            0.319478,
            0.34428000000000003,
            0.254567,
            0.311759,
            0.35066200000000003,
            0.295831,
            0.30546999999999996,
            0.305457,
            0.301737,
            0.297201,
            0.276875,
            0.28056499999999995
        ],
        [
            0.280791,
            0.25556100000000004,
            0.0,
            0.311058,
            0.32427500000000004,
            0.39065300000000003,
            0.223545,
            0.23991200000000001,
            0.280483,
            0.401197,
            0.374037,
            0.421007,
            0.36949200000000004,
            0.362529,
            0.366476,
            0.391709,
            0.396772,
            0.396404,
            0.397637,
            0.35404599999999997,
            0.406629,
            0.415426,
            0.409134,
            0.40574600000000005,
            0.438538,
            0.40148300000000003,
            0.405392,
            0.382513,
            0.405597,
            0.399836,
            0.397304,
            0.406033,
            0.394158,
            0.401767,
            0.40182,
            0.38446400000000003,
            0.423673,
            0.44847500000000007,
            0.358762,
            0.41595400000000005,
            0.45485700000000007,
            0.400026,
            0.409665,
            0.409652,
            0.405932,
            0.401396,
            0.38107,
            0.38476
        ],
        [
            0.44634299999999993,
            0.42111299999999996,
            0.311058,
            0.0,
            0.36848899999999996,
            0.5562050000000001,
            0.38909699999999997,
            0.405464,
            0.44603499999999996,
            0.566749,
            0.539589,
            0.5865589999999999,
            0.535044,
            0.528081,
            0.532028,
            0.557261,
            0.5623239999999999,
            0.5619559999999999,
            0.5631889999999999,
            0.519598,
            0.5721809999999999,
            0.580978,
            0.574686,
            0.571298,
            0.60409,
            0.567035,
            0.5709439999999999,
            0.548065,
            0.5711489999999999,
            0.565388,
            0.562856,
            0.571585,
            0.5597099999999999,
            0.5673189999999999,
            0.567372,
            0.550016,
            0.589225,
            0.614027,
            0.524314,
            0.581506,
            0.620409,
            0.5655779999999999,
            0.575217,
            0.5752039999999999,
            0.571484,
            0.566948,
            0.5466219999999999,
            0.5503119999999999
        ],
        [
            0.45955999999999997,
            0.43433,
            0.32427500000000004,
            0.36848899999999996,
            0.0,
            0.5694220000000001,
            0.402314,
            0.418681,
            0.459252,
            0.579966,
            0.552806,
            0.599776,
            0.548261,
            0.5412980000000001,
            0.545245,
            0.570478,
            0.575541,
            0.5751729999999999,
            0.576406,
            0.532815,
            0.585398,
            0.594195,
            0.5879030000000001,
            0.584515,
            0.617307,
            0.580252,
            0.5841609999999999,
            0.5612820000000001,
            0.5843659999999999,
            0.578605,
            0.5760730000000001,
            0.584802,
            0.572927,
            0.5805359999999999,
            0.580589,
            0.563233,
            0.602442,
            0.627244,
            0.537531,
            0.594723,
            0.633626,
            0.578795,
            0.588434,
            0.588421,
            0.584701,
            0.580165,
            0.559839,
            0.563529
        ],
        [
            0.470326,
            0.44509600000000005,
            0.39065300000000003,
            0.5562050000000001,
            0.5694220000000001,
            0.0,
            0.41308000000000006,
            0.4294470000000001,
            0.47001800000000005,
            0.590732,
            0.5635720000000001,
            0.610542,
            0.559027,
            0.5520640000000001,
            0.556011,
            0.5812440000000001,
            0.586307,
            0.585939,
            0.587172,
            0.5435810000000001,
            0.596164,
            0.6049610000000001,
            0.5986690000000001,
            0.5952810000000001,
            0.6280730000000001,
            0.591018,
            0.594927,
            0.5720480000000001,
            0.595132,
            0.5893710000000001,
            0.5868390000000001,
            0.5955680000000001,
            0.583693,
            0.591302,
            0.5913550000000001,
            0.573999,
            0.6132080000000001,
            0.6380100000000001,
            0.548297,
            0.605489,
            0.6443920000000001,
            0.589561,
            0.5992000000000001,
            0.599187,
            0.5954670000000001,
            0.5909310000000001,
            0.570605,
            0.574295
        ],
        [
            0.23211,
            0.20688,
            0.223545,
            0.38909699999999997,
            0.402314,
            0.41308000000000006,
            0.0,
            0.19123099999999998,
            0.231802,
            0.352516,
            0.325356,
            0.372326,
            0.320811,
            0.313848,
            0.31779500000000005,
            0.343028,
            0.34809100000000004,
            0.347723,
            0.34895600000000004,
            0.305365,
            0.35794800000000004,
            0.366745,
            0.360453,
            0.357065,
            0.389857,
            0.352802,
            0.356711,
            0.333832,
            0.356916,
            0.351155,
            0.348623,
            0.357352,
            0.34547700000000003,
            0.353086,
            0.353139,
            0.33578300000000005,
            0.374992,
            0.39979400000000004,
            0.310081,
            0.367273,
            0.40617600000000004,
            0.351345,
            0.36098399999999997,
            0.36097100000000004,
            0.357251,
            0.352715,
            0.332389,
            0.336079
        ],
        [
            0.214593,
            0.189363,
            0.23991200000000001,
            0.405464,
            0.418681,
            0.4294470000000001,
            0.19123099999999998,
            0.0,
            0.214285,
            0.334999,
            0.307839,
            0.354809,
            0.303294,
            0.296331,
            0.30027800000000004,
            0.325511,
            0.33057400000000003,
            0.330206,
            0.33143900000000004,
            0.287848,
            0.34043100000000004,
            0.349228,
            0.342936,
            0.339548,
            0.37234,
            0.335285,
            0.339194,
            0.316315,
            0.339399,
            0.333638,
            0.331106,
            0.339835,
            0.32796000000000003,
            0.335569,
            0.335622,
            0.31826600000000005,
            0.357475,
            0.38227700000000003,
            0.292564,
            0.349756,
            0.38865900000000003,
            0.333828,
            0.34346699999999997,
            0.34345400000000004,
            0.339734,
            0.335198,
            0.314872,
            0.318562
        ],
        [
            0.231062,
            0.205832,
            0.280483,
            0.44603499999999996,
            0.459252,
            0.47001800000000005,
            0.231802,
            0.214285,
            0.0,
            0.351468,
            0.324308,
            0.371278,
            0.319763,
            0.31279999999999997,
            0.316747,
            0.34197999999999995,
            0.347043,
            0.34667499999999996,
            0.347908,
            0.30431699999999995,
            0.3569,
            0.365697,
            0.359405,
            0.35601700000000003,
            0.38880899999999996,
            0.351754,
            0.35566299999999995,
            0.33278399999999997,
            0.35586799999999996,
            0.350107,
            0.34757499999999997,
            0.35630399999999995,
            0.344429,
            0.35203799999999996,
            0.352091,
            0.334735,
            0.373944,
            0.39874600000000004,
            0.309033,
            0.366225,
            0.40512800000000004,
            0.35029699999999997,
            0.359936,
            0.359923,
            0.356203,
            0.35166699999999995,
            0.331341,
            0.33503099999999997
        ],
        [
            0.32223199999999996,
            0.297002,
            0.401197,
            0.566749,
            0.579966,
            0.590732,
            0.352516,
            0.334999,
            0.351468,
            0.0,
            0.415478,
            0.46244799999999997,
            0.410933,
            0.40397,
            0.407917,
            0.43315,
            0.43821299999999996,
            0.437845,
            0.43907799999999997,
            0.395487,
            0.44806999999999997,
            0.456867,
            0.450575,
            0.447187,
            0.479979,
            0.442924,
            0.446833,
            0.423954,
            0.447038,
            0.44127700000000003,
            0.438745,
            0.447474,
            0.43559899999999996,
            0.443208,
            0.443261,
            0.425905,
            0.465114,
            0.489916,
            0.400203,
            0.457395,
            0.496298,
            0.441467,
            0.451106,
            0.45109299999999997,
            0.447373,
            0.442837,
            0.42251099999999997,
            0.42620099999999994
        ],
        [
            0.295072,
            0.269842,
            0.374037,
            0.539589,
            0.552806,
            0.5635720000000001,
            0.325356,
            0.307839,
            0.324308,
            0.415478,
            0.0,
            0.271502,
            0.21998700000000002,
            0.313712,
            0.317659,
            0.342892,
            0.347955,
            0.347587,
            0.34882,
            0.305229,
            0.357812,
            0.366609,
            0.360317,
            0.35692900000000005,
            0.389721,
            0.35266600000000004,
            0.356575,
            0.333696,
            0.35678,
            0.351019,
            0.348487,
            0.357216,
            0.345341,
            0.35295,
            0.353003,
            0.33564700000000003,
            0.374856,
            0.399658,
            0.309945,
            0.36713700000000005,
            0.40604,
            0.351209,
            0.360848,
            0.360835,
            0.357115,
            0.352579,
            0.332253,
            0.335943
        ],
        [
            0.34204199999999996,
            0.316812,
            0.421007,
            0.5865589999999999,
            0.599776,
            0.610542,
            0.372326,
            0.354809,
            0.371278,
            0.46244799999999997,
            0.271502,
            0.0,
            0.200025,
            0.360682,
            0.364629,
            0.389862,
            0.39492499999999997,
            0.394557,
            0.39579,
            0.352199,
            0.404782,
            0.41357900000000003,
            0.407287,
            0.403899,
            0.436691,
            0.399636,
            0.403545,
            0.380666,
            0.40375,
            0.39798900000000004,
            0.395457,
            0.404186,
            0.39231099999999997,
            0.39992,
            0.399973,
            0.382617,
            0.42182600000000003,
            0.446628,
            0.356915,
            0.414107,
            0.45301,
            0.398179,
            0.407818,
            0.407805,
            0.404085,
            0.399549,
            0.379223,
            0.38291299999999995
        ],
        [
            0.290527,
            0.265297,
            0.36949200000000004,
            0.535044,
            0.548261,
            0.559027,
            0.320811,
            0.303294,
            0.319763,
            0.410933,
            0.21998700000000002,
            0.200025,
            0.0,
            0.309167,
            0.313114,
            0.338347,
            0.34341,
            0.343042,
            0.344275,
            0.300684,
            0.353267,
            0.36206400000000005,
            0.35577200000000003,
            0.35238400000000003,
            0.385176,
            0.348121,
            0.35203,
            0.329151,
            0.352235,
            0.34647400000000006,
            0.343942,
            0.352671,
            0.340796,
            0.348405,
            0.34845800000000005,
            0.331102,
            0.37031100000000006,
            0.39511300000000005,
            0.3054,
            0.362592,
            0.40149500000000005,
            0.346664,
            0.35630300000000004,
            0.35629,
            0.35257000000000005,
            0.348034,
            0.327708,
            0.33139799999999997
        ],
        [
            0.28356400000000004,
            0.258334,
            0.362529,
            0.528081,
            0.5412980000000001,
            0.5520640000000001,
            0.313848,
            0.296331,
            0.31279999999999997,
            0.40397,
            0.313712,
            0.360682,
            0.309167,
            0.0,
            0.084643,
            0.18148799999999998,
            0.186551,
            0.186183,
            0.187416,
            0.15996100000000002,
            0.24760000000000001,
            0.256397,
            0.250105,
            0.24671700000000002,
            0.279509,
            0.242454,
            0.246363,
            0.22348400000000002,
            0.246568,
            0.24080700000000002,
            0.23827500000000001,
            0.247004,
            0.235129,
            0.242738,
            0.242791,
            0.22543500000000002,
            0.264644,
            0.289446,
            0.199733,
            0.256925,
            0.295828,
            0.24099700000000002,
            0.25063599999999997,
            0.25062300000000004,
            0.246903,
            0.242367,
            0.222041,
            0.22573100000000001
        ],
        [
            0.287511,
            0.26228100000000004,
            0.366476,
            0.532028,
            0.545245,
            0.556011,
            0.31779500000000005,
            0.30027800000000004,
            0.316747,
            0.407917,
            0.317659,
            0.364629,
            0.313114,
            0.084643,
            0.0,
            0.18543500000000002,
            0.190498,
            0.19013,
            0.191363,
            0.163908,
            0.251547,
            0.260344,
            0.25405200000000006,
            0.250664,
            0.28345600000000004,
            0.246401,
            0.25031000000000003,
            0.22743100000000002,
            0.25051500000000004,
            0.24475400000000003,
            0.24222200000000002,
            0.25095100000000004,
            0.239076,
            0.24668500000000002,
            0.246738,
            0.22938200000000003,
            0.268591,
            0.293393,
            0.20368000000000003,
            0.260872,
            0.299775,
            0.24494400000000002,
            0.254583,
            0.25457,
            0.25085,
            0.246314,
            0.22598800000000002,
            0.229678
        ],
        [
            0.312744,
            0.287514,
            0.391709,
            0.557261,
            0.570478,
            0.5812440000000001,
            0.343028,
            0.325511,
            0.34197999999999995,
            0.43315,
            0.342892,
            0.389862,
            0.338347,
            0.18148799999999998,
            0.18543500000000002,
            0.0,
            0.011325,
            0.038501,
            0.039734,
            0.189141,
            0.27678,
            0.28557699999999997,
            0.279285,
            0.275897,
            0.308689,
            0.271634,
            0.275543,
            0.252664,
            0.275748,
            0.269987,
            0.267455,
            0.276184,
            0.264309,
            0.271918,
            0.27197099999999996,
            0.25461500000000004,
            0.293824,
            0.31862599999999996,
            0.22891299999999998,
            0.286105,
            0.32500799999999996,
            0.270177,
            0.27981599999999995,
            0.279803,
            0.27608299999999997,
            0.271547,
            0.25122099999999997,
            0.254911
        ],
        [
            0.31780699999999995,
            0.292577,
            0.396772,
            0.5623239999999999,
            0.575541,
            0.586307,
            0.34809100000000004,
            0.33057400000000003,
            0.347043,
            0.43821299999999996,
            0.347955,
            0.39492499999999997,
            0.34341,
            0.186551,
            0.190498,
            0.011325,
            0.0,
            0.043564,
            0.044797,
            0.194204,
            0.281843,
            0.29064,
            0.28434800000000005,
            0.28096,
            0.31375200000000003,
            0.27669699999999997,
            0.280606,
            0.25772700000000004,
            0.28081100000000003,
            0.27505,
            0.27251800000000004,
            0.281247,
            0.269372,
            0.27698100000000003,
            0.277034,
            0.259678,
            0.298887,
            0.323689,
            0.23397600000000002,
            0.291168,
            0.330071,
            0.27524000000000004,
            0.284879,
            0.284866,
            0.281146,
            0.27661,
            0.256284,
            0.259974
        ],
        [
            0.317439,
            0.292209,
            0.396404,
            0.5619559999999999,
            0.5751729999999999,
            0.585939,
            0.347723,
            0.330206,
            0.34667499999999996,
            0.437845,
            0.347587,
            0.394557,
            0.343042,
            0.186183,
            0.19013,
            0.038501,
            0.043564,
            0.0,
            0.010601,
            0.193836,
            0.28147500000000003,
            0.290272,
            0.28398,
            0.280592,
            0.313384,
            0.276329,
            0.280238,
            0.257359,
            0.280443,
            0.274682,
            0.27215,
            0.280879,
            0.269004,
            0.276613,
            0.27666599999999997,
            0.25931000000000004,
            0.298519,
            0.32332099999999997,
            0.23360799999999998,
            0.2908,
            0.32970299999999997,
            0.274872,
            0.28451099999999996,
            0.28449800000000003,
            0.28077799999999997,
            0.276242,
            0.255916,
            0.259606
        ],
        [
            0.31867199999999996,
            0.293442,
            0.397637,
            0.5631889999999999,
            0.576406,
            0.587172,
            0.34895600000000004,
            0.33143900000000004,
            0.347908,
            0.43907799999999997,
            0.34882,
            0.39579,
            0.344275,
            0.187416,
            0.191363,
            0.039734,
            0.044797,
            0.010601,
            0.0,
            0.195069,
            0.282708,
            0.291505,
            0.28521300000000005,
            0.281825,
            0.31461700000000004,
            0.277562,
            0.281471,
            0.25859200000000004,
            0.28167600000000004,
            0.275915,
            0.27338300000000004,
            0.28211200000000003,
            0.270237,
            0.27784600000000004,
            0.277899,
            0.260543,
            0.299752,
            0.324554,
            0.23484100000000002,
            0.292033,
            0.330936,
            0.27610500000000004,
            0.285744,
            0.285731,
            0.282011,
            0.277475,
            0.257149,
            0.260839
        ],
        [
            0.275081,
            0.249851,
            0.35404599999999997,
            0.519598,
            0.532815,
            0.5435810000000001,
            0.305365,
            0.287848,
            0.30431699999999995,
            0.395487,
            0.305229,
            0.352199,
            0.300684,
            0.15996100000000002,
            0.163908,
            0.189141,
            0.194204,
            0.193836,
            0.195069,
            0.0,
            0.23911700000000002,
            0.24791400000000002,
            0.241622,
            0.238234,
            0.271026,
            0.23397099999999998,
            0.23787999999999998,
            0.215001,
            0.238085,
            0.23232400000000003,
            0.229792,
            0.23852099999999998,
            0.22664600000000001,
            0.234255,
            0.23430800000000002,
            0.21695200000000003,
            0.256161,
            0.280963,
            0.19125,
            0.248442,
            0.287345,
            0.232514,
            0.242153,
            0.24214000000000002,
            0.23842000000000002,
            0.23388399999999998,
            0.213558,
            0.217248
        ],
        [
            0.32766399999999996,
            0.302434,
            0.406629,
            0.5721809999999999,
            0.585398,
            0.596164,
            0.35794800000000004,
            0.34043100000000004,
            0.3569,
            0.44806999999999997,
            0.357812,
            0.404782,
            0.353267,
            0.24760000000000001,
            0.251547,
            0.27678,
            0.281843,
            0.28147500000000003,
            0.282708,
            0.23911700000000002,
            0.0,
            0.034501000000000004,
            0.172645,
            0.217431,
            0.250223,
            0.213168,
            0.217077,
            0.194198,
            0.217282,
            0.21152100000000001,
            0.208989,
            0.217718,
            0.205843,
            0.213452,
            0.213505,
            0.19614900000000002,
            0.235358,
            0.26016,
            0.19565500000000002,
            0.25284700000000004,
            0.29175,
            0.236919,
            0.246558,
            0.24654500000000001,
            0.242825,
            0.238289,
            0.21796300000000002,
            0.221653
        ],
        [
            0.336461,
            0.311231,
            0.415426,
            0.580978,
            0.594195,
            0.6049610000000001,
            0.366745,
            0.349228,
            0.365697,
            0.456867,
            0.366609,
            0.41357900000000003,
            0.36206400000000005,
            0.256397,
            0.260344,
            0.28557699999999997,
            0.29064,
            0.290272,
            0.291505,
            0.24791400000000002,
            0.034501000000000004,
            0.0,
            0.181442,
            0.226228,
            0.25902000000000003,
            0.221965,
            0.225874,
            0.202995,
            0.226079,
            0.220318,
            0.217786,
            0.226515,
            0.21464,
            0.222249,
            0.222302,
            0.20494600000000002,
            0.244155,
            0.268957,
            0.20445200000000002,
            0.261644,
            0.300547,
            0.245716,
            0.255355,
            0.255342,
            0.251622,
            0.247086,
            0.22676000000000002,
            0.23045
        ],
        [
            0.33016900000000005,
            0.304939,
            0.409134,
            0.574686,
            0.5879030000000001,
            0.5986690000000001,
            0.360453,
            0.342936,
            0.359405,
            0.450575,
            0.360317,
            0.407287,
            0.35577200000000003,
            0.250105,
            0.25405200000000006,
            0.279285,
            0.28434800000000005,
            0.28398,
            0.28521300000000005,
            0.241622,
            0.172645,
            0.181442,
            0.0,
            0.21993600000000002,
            0.252728,
            0.215673,
            0.219582,
            0.19670300000000002,
            0.219787,
            0.214026,
            0.21149400000000002,
            0.220223,
            0.20834799999999998,
            0.215957,
            0.21600999999999998,
            0.198654,
            0.237863,
            0.262665,
            0.19816,
            0.255352,
            0.294255,
            0.239424,
            0.24906299999999998,
            0.24905,
            0.24533,
            0.240794,
            0.220468,
            0.224158
        ],
        [
            0.326781,
            0.301551,
            0.40574600000000005,
            0.571298,
            0.584515,
            0.5952810000000001,
            0.357065,
            0.339548,
            0.35601700000000003,
            0.447187,
            0.35692900000000005,
            0.403899,
            0.35238400000000003,
            0.24671700000000002,
            0.250664,
            0.275897,
            0.28096,
            0.280592,
            0.281825,
            0.238234,
            0.217431,
            0.226228,
            0.21993600000000002,
            0.0,
            0.059016,
            0.040042999999999995,
            0.043952,
            0.071735,
            0.09481899999999999,
            0.089058,
            0.08652599999999999,
            0.09525499999999999,
            0.08338,
            0.09098899999999999,
            0.09104199999999998,
            0.073686,
            0.166433,
            0.191235,
            0.194772,
            0.251964,
            0.290867,
            0.23603600000000002,
            0.245675,
            0.24566200000000002,
            0.24194200000000002,
            0.237406,
            0.21708,
            0.22077000000000002
        ],
        [
            0.35957300000000003,
            0.334343,
            0.438538,
            0.60409,
            0.617307,
            0.6280730000000001,
            0.389857,
            0.37234,
            0.38880899999999996,
            0.479979,
            0.389721,
            0.436691,
            0.385176,
            0.279509,
            0.28345600000000004,
            0.308689,
            0.31375200000000003,
            0.313384,
            0.31461700000000004,
            0.271026,
            0.250223,
            0.25902000000000003,
            0.252728,
            0.059016,
            0.0,
            0.072835,
            0.076744,
            0.10452700000000001,
            0.127611,
            0.12185,
            0.11931800000000001,
            0.128047,
            0.116172,
            0.123781,
            0.123834,
            0.106478,
            0.19922499999999999,
            0.224027,
            0.227564,
            0.284756,
            0.32365900000000003,
            0.268828,
            0.278467,
            0.278454,
            0.27473400000000003,
            0.270198,
            0.24987199999999998,
            0.253562
        ],
        [
            0.32251799999999997,
            0.297288,
            0.40148300000000003,
            0.567035,
            0.580252,
            0.591018,
            0.352802,
            0.335285,
            0.351754,
            0.442924,
            0.35266600000000004,
            0.399636,
            0.348121,
            0.242454,
            0.246401,
            0.271634,
            0.27669699999999997,
            0.276329,
            0.277562,
            0.23397099999999998,
            0.213168,
            0.221965,
            0.215673,
            0.040042999999999995,
            0.072835,
            0.0,
            0.023701,
            0.067472,
            0.090556,
            0.084795,
            0.082263,
            0.09099199999999999,
            0.07911699999999999,
            0.086726,
            0.086779,
            0.069423,
            0.16216999999999998,
            0.186972,
            0.19050899999999998,
            0.247701,
            0.28660399999999997,
            0.231773,
            0.241412,
            0.241399,
            0.237679,
            0.233143,
            0.21281699999999998,
            0.216507
        ],
        [
            0.326427,
            0.301197,
            0.405392,
            0.5709439999999999,
            0.5841609999999999,
            0.594927,
            0.356711,
            0.339194,
            0.35566299999999995,
            0.446833,
            0.356575,
            0.403545,
            0.35203,
            0.246363,
            0.25031000000000003,
            0.275543,
            0.280606,
            0.280238,
            0.281471,
            0.23787999999999998,
            0.217077,
            0.225874,
            0.219582,
            0.043952,
            0.076744,
            0.023701,
            0.0,
            0.071381,
            0.094465,
            0.088704,
            0.086172,
            0.09490099999999999,
            0.08302599999999999,
            0.090635,
            0.09068799999999999,
            0.07333200000000001,
            0.16607899999999998,
            0.190881,
            0.19441799999999998,
            0.25161,
            0.290513,
            0.235682,
            0.24532099999999998,
            0.245308,
            0.241588,
            0.23705199999999998,
            0.21672599999999997,
            0.220416
        ],
        [
            0.30354800000000004,
            0.278318,
            0.382513,
            0.548065,
            0.5612820000000001,
            0.5720480000000001,
            0.333832,
            0.316315,
            0.33278399999999997,
            0.423954,
            0.333696,
            0.380666,
            0.329151,
            0.22348400000000002,
            0.22743100000000002,
            0.252664,
            0.25772700000000004,
            0.257359,
            0.25859200000000004,
            0.215001,
            0.194198,
            0.202995,
            0.19670300000000002,
            0.071735,
            0.10452700000000001,
            0.067472,
            0.071381,
            0.0,
            0.041148,
            0.035387,
            0.032855,
            0.041583999999999996,
            0.029709,
            0.037318,
            0.037370999999999995,
            0.032709,
            0.1432,
            0.168002,
            0.171539,
            0.22873100000000002,
            0.26763400000000004,
            0.21280300000000002,
            0.222442,
            0.22242900000000002,
            0.21870900000000001,
            0.214173,
            0.193847,
            0.19753700000000002
        ],
        [
            0.32663200000000003,
            0.301402,
            0.405597,
            0.5711489999999999,
            0.5843659999999999,
            0.595132,
            0.356916,
            0.339399,
            0.35586799999999996,
            0.447038,
            0.35678,
            0.40375,
            0.352235,
            0.246568,
            0.25051500000000004,
            0.275748,
            0.28081100000000003,
            0.280443,
            0.28167600000000004,
            0.238085,
            0.217282,
            0.226079,
            0.219787,
            0.09481899999999999,
            0.127611,
            0.090556,
            0.094465,
            0.041148,
            0.0,
            0.022823,
            0.034461,
            0.04319,
            0.031314999999999996,
            0.038924,
            0.038977,
            0.055792999999999995,
            0.166284,
            0.191086,
            0.194623,
            0.251815,
            0.29071800000000003,
            0.235887,
            0.245526,
            0.245513,
            0.241793,
            0.237257,
            0.21693099999999998,
            0.220621
        ],
        [
            0.320871,
            0.295641,
            0.399836,
            0.565388,
            0.578605,
            0.5893710000000001,
            0.351155,
            0.333638,
            0.350107,
            0.44127700000000003,
            0.351019,
            0.39798900000000004,
            0.34647400000000006,
            0.24080700000000002,
            0.24475400000000003,
            0.269987,
            0.27505,
            0.274682,
            0.275915,
            0.23232400000000003,
            0.21152100000000001,
            0.220318,
            0.214026,
            0.089058,
            0.12185,
            0.084795,
            0.088704,
            0.035387,
            0.022823,
            0.0,
            0.028700000000000003,
            0.037429000000000004,
            0.025554,
            0.033163,
            0.033215999999999996,
            0.05003200000000001,
            0.160523,
            0.18532500000000002,
            0.18886200000000003,
            0.24605400000000002,
            0.284957,
            0.230126,
            0.239765,
            0.23975200000000002,
            0.23603200000000002,
            0.231496,
            0.21117000000000002,
            0.21486
        ],
        [
            0.31833900000000004,
            0.293109,
            0.397304,
            0.562856,
            0.5760730000000001,
            0.5868390000000001,
            0.348623,
            0.331106,
            0.34757499999999997,
            0.438745,
            0.348487,
            0.395457,
            0.343942,
            0.23827500000000001,
            0.24222200000000002,
            0.267455,
            0.27251800000000004,
            0.27215,
            0.27338300000000004,
            0.229792,
            0.208989,
            0.217786,
            0.21149400000000002,
            0.08652599999999999,
            0.11931800000000001,
            0.082263,
            0.086172,
            0.032855,
            0.034461,
            0.028700000000000003,
            0.0,
            0.013373,
            0.023022,
            0.030631,
            0.030683999999999996,
            0.0475,
            0.157991,
            0.182793,
            0.18633,
            0.24352200000000002,
            0.28242500000000004,
            0.22759400000000002,
            0.237233,
            0.23722000000000001,
            0.2335,
            0.228964,
            0.208638,
            0.21232800000000002
        ],
        [
            0.327068,
            0.301838,
            0.406033,
            0.571585,
            0.584802,
            0.5955680000000001,
            0.357352,
            0.339835,
            0.35630399999999995,
            0.447474,
            0.357216,
            0.404186,
            0.352671,
            0.247004,
            0.25095100000000004,
            0.276184,
            0.281247,
            0.280879,
            0.28211200000000003,
            0.23852099999999998,
            0.217718,
            0.226515,
            0.220223,
            0.09525499999999999,
            0.128047,
            0.09099199999999999,
            0.09490099999999999,
            0.041583999999999996,
            0.04319,
            0.037429000000000004,
            0.013373,
            0.0,
            0.031751,
            0.03936,
