{
    "NEXUS_FILE_URL": "http://purl.org/phylo/treebase/phylows/study/TB2:S14387",
    "NEWICK_TREE": "((40:1.0E-8,41:1.0E-8):0.07097337,(((36:1.0E-8,37:1.0E-8):0.01129634,(38:0.00174276,39:1.0E-8):0.00836547):0.029373,((((42:0.00165086,43:1.0E-8):0.00405134,(44:0.00166874,45:8.35E-8):0.00594788):0.02636737,((12:0.00139171,13:0.00142841):0.01725499,((46:1.0E-8,47:1.0E-8):0.0137093,(48:1.0E-8,49:1.0E-8):0.00849955):0.00116014):0.00496326):0.00925182,((1:1.0E-8,2:1.0E-8):0.02181669,((3:1.0E-8,4:0.00636504):0.00850799,(((7:1.0E-8,8:1.0E-8):0.00815939,((9:0.00169363,10:1.0E-8):0.0035984,(11:1.0E-8,14:1.0E-8):0.00659134):0.0012514):0.011129,((33:0.00137613,((32:1.0E-8,(30:1.0E-8,31:1.0E-8):1.0E-8):1.0E-8,(29:1.0E-8,(28:1.0E-8,(26:1.0E-8,27:1.0E-8):1.0E-8):1.0E-8):0.00165721):0.00142255):0.00563665,((34:1.0E-8,35:0.0016637):0.00139032,(((17:1.0E-8,18:1.0E-8):0.00512413,(25:1.0E-8,(23:1.0E-8,24:1.0E-8):1.0E-8):0.00167396):0.00167588,((21:1.0E-8,22:1.0E-8):0.00332949,((5:1.0E-8,6:0.0016617):0.00166026,((15:0.0083317,16:1.0E-8):0.00165825,(19:0.00166774,20:0.00166563):0.00334412):1.0E-8):1.0E-8):1.0E-8):0.00140546):1.622E-7):0.01180405):0.00156103):0.0044736):0.00354841):1.872E-7):0.07097337);",
    "DISTANCE_MATRIX": [
        [
            0.0,
            2e-08,
            0.1826161,
            0.1826161,
            0.18142798,
            0.17968522999999997,
            0.18326832719999997,
            0.1816174772,
            0.1851827472,
            0.18351409069999997,
            0.17480871719999996,
            0.17484541719999996,
            0.17103146719999998,
            0.17103146719999998,
            0.1658217172,
            0.1658217172,
            0.16731204719999998,
            0.16731204719999998,
            0.1584769472,
            0.1648419772,
            0.17081837719999998,
            0.17081837719999998,
            0.1692024072,
            0.1675087872,
            0.1705017272,
            0.1705017272,
            0.1703468072,
            0.1703932472,
            0.17039325719999998,
            0.17039325719999998,
            0.17205044719999998,
            0.1720504572,
            0.1720504672,
            0.1720504672,
            0.1647245194,
            0.1663882094,
            0.17153966939999998,
            0.17153966939999998,
            0.1680894994,
            0.1680895094,
            0.1680895094,
            0.1680691594,
            0.1680691594,
            0.16639993939999997,
            0.16806162939999997,
            0.17472962939999998,
            0.16639793939999997,
            0.16975153939999998,
            0.16974942939999998
        ],
        [
            2e-08,
            0.0,
            0.1826161,
            0.1826161,
            0.18142798,
            0.17968522999999997,
            0.18326832719999997,
            0.1816174772,
            0.1851827472,
            0.18351409069999997,
            0.17480871719999996,
            0.17484541719999996,
            0.17103146719999998,
            0.17103146719999998,
            0.1658217172,
            0.1658217172,
            0.16731204719999998,
            0.16731204719999998,
            0.1584769472,
            0.1648419772,
            0.17081837719999998,
            0.17081837719999998,
            0.1692024072,
            0.1675087872,
            0.1705017272,
            0.1705017272,
            0.1703468072,
            0.1703932472,
            0.17039325719999998,
            0.17039325719999998,
            0.17205044719999998,
            0.1720504572,
            0.1720504672,
            0.1720504672,
            0.1647245194,
            0.1663882094,
            0.17153966939999998,
            0.17153966939999998,
            0.1680894994,
            0.1680895094,
            0.1680895094,
            0.1680691594,
            0.1680691594,
            0.16639993939999997,
            0.16806162939999997,
            0.17472962939999998,
            0.16639793939999997,
            0.16975153939999998,
            0.16974942939999998
        ],
        [
            0.1826161,
            0.1826161,
            0.0,
            2e-08,
            0.02140458,
            0.019661829999999998,
            0.08199092720000001,
            0.0803400772,
            0.08390534720000001,
            0.0822366907,
            0.0735313172,
            0.0735680172,
            0.06975406719999999,
            0.06975406719999999,
            0.0645443172,
            0.0645443172,
            0.0660346472,
            0.0660346472,
            0.0571995472,
            0.0635645772,
            0.0695409772,
            0.0695409772,
            0.0679250072,
            0.0662313872,
            0.0692243272,
            0.0692243272,
            0.0690694072,
            0.0691158472,
            0.0691158572,
            0.0691158572,
            0.0707730472,
            0.0707730572,
            0.07077306720000001,
            0.07077306720000001,
            0.0634471194,
            0.0651108094,
            0.07026226940000001,
            0.07026226940000001,
            0.0668120994,
            0.06681210940000001,
            0.06681210940000001,
            0.06679175940000001,
            0.06679175940000001,
            0.06512253940000001,
            0.0667842294,
            0.07345222940000001,
            0.06512053940000001,
            0.0684741394,
            0.0684720294
        ],
        [
            0.1826161,
            0.1826161,
            2e-08,
            0.0,
            0.02140458,
            0.019661829999999998,
            0.08199092720000001,
            0.0803400772,
            0.08390534720000001,
            0.0822366907,
            0.0735313172,
            0.0735680172,
            0.06975406719999999,
            0.06975406719999999,
            0.0645443172,
            0.0645443172,
            0.0660346472,
            0.0660346472,
            0.0571995472,
            0.0635645772,
            0.0695409772,
            0.0695409772,
            0.0679250072,
            0.0662313872,
            0.0692243272,
            0.0692243272,
            0.0690694072,
            0.0691158472,
            0.0691158572,
            0.0691158572,
            0.0707730472,
            0.0707730572,
            0.07077306720000001,
            0.07077306720000001,
            0.0634471194,
            0.0651108094,
            0.07026226940000001,
            0.07026226940000001,
            0.0668120994,
            0.06681210940000001,
            0.06681210940000001,
            0.06679175940000001,
            0.06679175940000001,
            0.06512253940000001,
            0.0667842294,
            0.07345222940000001,
            0.06512053940000001,
            0.0684741394,
            0.0684720294
        ],
        [
            0.18142798,
            0.18142798,
            0.02140458,
            0.02140458,
            0.0,
            0.00174277,
            0.08080280719999999,
            0.0791519572,
            0.0827172272,
            0.0810485707,
            0.0723431972,
            0.0723798972,
            0.0685659472,
            0.0685659472,
            0.06335619719999999,
            0.06335619719999999,
            0.0648465272,
            0.0648465272,
            0.0560114272,
            0.0623764572,
            0.0683528572,
            0.0683528572,
            0.06673688720000001,
            0.0650432672,
            0.0680362072,
            0.0680362072,
            0.0678812872,
            0.06792772720000001,
            0.0679277372,
            0.0679277372,
            0.06958492720000001,
            0.0695849372,
            0.0695849472,
            0.0695849472,
            0.0622589994,
            0.06392268940000001,
            0.0690741494,
            0.0690741494,
            0.0656239794,
            0.0656239894,
            0.0656239894,
            0.0656036394,
            0.0656036394,
            0.0639344194,
            0.0655961094,
            0.0722641094,
            0.0639324194,
            0.06728601940000001,
            0.06728390940000001
        ],
        [
            0.17968522999999997,
            0.17968522999999997,
            0.019661829999999998,
            0.019661829999999998,
            0.00174277,
            0.0,
            0.0790600572,
            0.0774092072,
            0.0809744772,
            0.0793058207,
            0.0706004472,
            0.0706371472,
            0.06682319719999999,
            0.06682319719999999,
            0.0616134472,
            0.0616134472,
            0.0631037772,
            0.0631037772,
            0.0542686772,
            0.0606337072,
            0.0666101072,
            0.0666101072,
            0.0649941372,
            0.0633005172,
            0.0662934572,
            0.0662934572,
            0.0661385372,
            0.0661849772,
            0.0661849872,
            0.0661849872,
            0.06784217719999999,
            0.0678421872,
            0.06784219720000001,
            0.06784219720000001,
            0.0605162494,
            0.0621799394,
            0.0673313994,
            0.0673313994,
            0.0638812294,
            0.06388123940000001,
            0.06388123940000001,
            0.06386088940000001,
            0.06386088940000001,
            0.0621916694,
            0.0638533594,
            0.07052135940000001,
            0.0621896694,
            0.06554326939999999,
            0.0655411594
        ],
        [
            0.18326832719999997,
            0.18326832719999997,
            0.08199092720000001,
            0.08199092720000001,
            0.08080280719999999,
            0.0790600572,
            0.0,
            0.00165087,
            0.013318819999999999,
            0.0116501635,
            0.055679530000000005,
            0.055716230000000005,
            0.051902279999999995,
            0.051902279999999995,
            0.046692529999999996,
            0.046692529999999996,
            0.06668650000000001,
            0.06668650000000001,
            0.0578514,
            0.06421642999999999,
            0.07019283000000001,
            0.07019283000000001,
            0.06857686,
            0.06688324000000001,
            0.06987618000000001,
            0.06987618000000001,
            0.06972126000000001,
            0.0697677,
            0.06976771000000001,
            0.06976771000000001,
            0.0714249,
            0.07142491000000001,
            0.07142492,
            0.07142492,
            0.06409897219999999,
            0.0657626622,
            0.07091412220000001,
            0.07091412220000001,
            0.06746395220000001,
            0.0674639622,
            0.0674639622,
            0.0674436122,
            0.0674436122,
            0.0657743922,
            0.0674360822,
            0.0741040822,
            0.0657723922,
            0.0691259922,
            0.0691238822
        ],
        [
            0.1816174772,
            0.1816174772,
            0.0803400772,
            0.0803400772,
            0.0791519572,
            0.0774092072,
            0.00165087,
            0.0,
            0.01166797,
            0.009999313499999999,
            0.05402868,
            0.05406538,
            0.05025143,
            0.05025143,
            0.04504168,
            0.04504168,
            0.06503565,
            0.06503565,
            0.056200549999999995,
            0.06256558,
            0.06854198,
            0.06854198,
            0.06692601000000001,
            0.06523239,
            0.06822533,
            0.06822533,
            0.06807041,
            0.06811685,
            0.06811686,
            0.06811686,
            0.06977405,
            0.06977406,
            0.06977407,
            0.06977407,
            0.0624481222,
            0.0641118122,
            0.0692632722,
            0.0692632722,
            0.0658131022,
            0.0658131122,
            0.0658131122,
            0.0657927622,
            0.0657927622,
            0.0641235422,
            0.0657852322,
            0.0724532322,
            0.06412154219999999,
            0.0674751422,
            0.0674730322
        ],
        [
            0.1851827472,
            0.1851827472,
            0.08390534720000001,
            0.08390534720000001,
            0.0827172272,
            0.0809744772,
            0.013318819999999999,
            0.01166797,
            0.0,
            0.0016688235,
            0.057593950000000005,
            0.057630650000000005,
            0.053816699999999995,
            0.053816699999999995,
            0.048606949999999996,
            0.048606949999999996,
            0.06860092000000001,
            0.06860092000000001,
            0.05976582,
            0.06613084999999999,
            0.07210725000000001,
            0.07210725000000001,
            0.07049128,
            0.06879766000000001,
            0.07179060000000001,
            0.07179060000000001,
            0.07163568000000001,
            0.07168212,
            0.07168213000000001,
            0.07168213000000001,
            0.07333932,
            0.07333933000000001,
            0.07333934,
            0.07333934,
            0.06601339219999999,
            0.0676770822,
            0.07282854220000001,
            0.07282854220000001,
            0.06937837220000001,
            0.0693783822,
            0.0693783822,
            0.0693580322,
            0.0693580322,
            0.0676888122,
            0.0693505022,
            0.0760185022,
            0.0676868122,
            0.0710404122,
            0.0710383022
        ],
        [
            0.18351409069999997,
            0.18351409069999997,
            0.0822366907,
            0.0822366907,
            0.0810485707,
            0.0793058207,
            0.0116501635,
            0.009999313499999999,
            0.0016688235,
            0.0,
            0.0559252935,
            0.0559619935,
            0.052148043500000005,
            0.052148043500000005,
            0.046938293500000006,
            0.046938293500000006,
            0.0669322635,
            0.0669322635,
            0.0580971635,
            0.0644621935,
            0.07043859350000001,
            0.07043859350000001,
            0.06882262350000001,
            0.0671290035,
            0.0701219435,
            0.0701219435,
            0.0699670235,
            0.07001346350000001,
            0.0700134735,
            0.0700134735,
            0.07167066350000001,
            0.0716706735,
            0.0716706835,
            0.0716706835,
            0.0643447357,
            0.06600842570000001,
            0.07115988570000001,
            0.07115988570000001,
            0.0677097157,
            0.0677097257,
            0.0677097257,
            0.0676893757,
            0.0676893757,
            0.0660201557,
            0.0676818457,
            0.0743498457,
            0.0660181557,
            0.06937175570000001,
            0.06936964570000001
        ],
        [
            0.17480871719999996,
            0.17480871719999996,
            0.0735313172,
            0.0735313172,
            0.0723431972,
            0.0706004472,
            0.055679530000000005,
            0.05402868,
            0.057593950000000005,
            0.0559252935,
            0.0,
            0.0028201199999999997,
            0.03351615,
            0.03351615,
            0.028306400000000002,
            0.028306400000000002,
            0.05822689,
            0.05822689,
            0.04939179,
            0.05575682,
            0.061733220000000005,
            0.061733220000000005,
            0.060117250000000004,
            0.058423630000000004,
            0.061416570000000004,
            0.061416570000000004,
            0.06126165,
            0.06130809,
            0.061308100000000004,
            0.061308100000000004,
            0.06296529000000001,
            0.0629653,
            0.06296531,
            0.06296531,
            0.0556393622,
            0.0573030522,
            0.062454512200000006,
            0.062454512200000006,
            0.059004342200000004,
            0.059004352200000006,
            0.059004352200000006,
            0.0589840022,
            0.0589840022,
            0.057314782200000004,
            0.058976472200000005,
            0.0656444722,
            0.0573127822,
            0.0606663822,
            0.0606642722
        ],
        [
            0.17484541719999996,
            0.17484541719999996,
            0.0735680172,
            0.0735680172,
            0.0723798972,
            0.0706371472,
            0.055716230000000005,
            0.05406538,
            0.057630650000000005,
            0.0559619935,
            0.0028201199999999997,
            0.0,
            0.03355285,
            0.03355285,
            0.028343100000000003,
            0.028343100000000003,
            0.058263590000000004,
            0.058263590000000004,
            0.04942849,
            0.05579352,
            0.061769920000000006,
            0.061769920000000006,
            0.060153950000000005,
            0.058460330000000005,
            0.061453270000000004,
            0.061453270000000004,
            0.06129835,
            0.06134479,
            0.061344800000000005,
            0.061344800000000005,
            0.06300199000000001,
            0.063002,
            0.06300201,
            0.06300201,
            0.0556760622,
            0.0573397522,
            0.06249121220000001,
            0.06249121220000001,
            0.059041042200000005,
            0.059041052200000006,
            0.059041052200000006,
            0.059020702200000004,
            0.059020702200000004,
            0.057351482200000005,
            0.059013172200000005,
            0.0656811722,
            0.0573494822,
            0.0607030822,
            0.0607009722
        ],
        [
            0.17103146719999998,
            0.17103146719999998,
            0.06975406719999999,
            0.06975406719999999,
            0.0685659472,
            0.06682319719999999,
            0.051902279999999995,
            0.05025143,
            0.053816699999999995,
            0.052148043500000005,
            0.03351615,
            0.03355285,
            0.0,
            2e-08,
            0.02220887,
            0.02220887,
            0.05444964,
            0.05444964,
            0.045614539999999995,
            0.051979569999999996,
            0.05795597,
            0.05795597,
            0.05634,
            0.05464638,
            0.05763932,
            0.05763932,
            0.0574844,
            0.05753084,
            0.05753085,
            0.05753085,
            0.05918804,
            0.05918805,
            0.05918806,
            0.05918806,
            0.0518621122,
            0.0535258022,
            0.058677262200000004,
            0.058677262200000004,
            0.0552270922,
            0.0552271022,
            0.0552271022,
            0.0552067522,
            0.0552067522,
            0.0535375322,
            0.0551992222,
            0.0618672222,
            0.0535355322,
            0.0568891322,
            0.0568870222
        ],
        [
            0.17103146719999998,
            0.17103146719999998,
            0.06975406719999999,
            0.06975406719999999,
            0.0685659472,
            0.06682319719999999,
            0.051902279999999995,
            0.05025143,
            0.053816699999999995,
            0.052148043500000005,
            0.03351615,
            0.03355285,
            2e-08,
            0.0,
            0.02220887,
            0.02220887,
            0.05444964,
            0.05444964,
            0.045614539999999995,
            0.051979569999999996,
            0.05795597,
            0.05795597,
            0.05634,
            0.05464638,
            0.05763932,
            0.05763932,
            0.0574844,
            0.05753084,
            0.05753085,
            0.05753085,
            0.05918804,
            0.05918805,
            0.05918806,
            0.05918806,
            0.0518621122,
            0.0535258022,
            0.058677262200000004,
            0.058677262200000004,
            0.0552270922,
            0.0552271022,
            0.0552271022,
            0.0552067522,
            0.0552067522,
            0.0535375322,
            0.0551992222,
            0.0618672222,
            0.0535355322,
            0.0568891322,
            0.0568870222
        ],
        [
            0.1658217172,
            0.1658217172,
            0.0645443172,
            0.0645443172,
            0.06335619719999999,
            0.0616134472,
            0.046692529999999996,
            0.04504168,
            0.048606949999999996,
            0.046938293500000006,
            0.028306400000000002,
            0.028343100000000003,
            0.02220887,
            0.02220887,
            0.0,
            2e-08,
            0.04923989,
            0.04923989,
            0.040404789999999996,
            0.04676982,
            0.05274622,
            0.05274622,
            0.05113025,
            0.04943663,
            0.05242957,
            0.05242957,
            0.05227465,
            0.05232109,
            0.0523211,
            0.0523211,
            0.05397829,
            0.0539783,
            0.05397831,
            0.05397831,
            0.0466523622,
            0.0483160522,
            0.053467512200000004,
            0.053467512200000004,
            0.0500173422,
            0.050017352200000004,
            0.050017352200000004,
            0.0499970022,
            0.0499970022,
            0.0483277822,
            0.0499894722,
            0.0566574722,
            0.0483257822,
            0.0516793822,
            0.0516772722
        ],
        [
            0.1658217172,
            0.1658217172,
            0.0645443172,
            0.0645443172,
            0.06335619719999999,
            0.0616134472,
            0.046692529999999996,
            0.04504168,
            0.048606949999999996,
            0.046938293500000006,
            0.028306400000000002,
            0.028343100000000003,
            0.02220887,
            0.02220887,
            2e-08,
            0.0,
            0.04923989,
            0.04923989,
            0.040404789999999996,
            0.04676982,
            0.05274622,
            0.05274622,
            0.05113025,
            0.04943663,
            0.05242957,
            0.05242957,
            0.05227465,
            0.05232109,
            0.0523211,
            0.0523211,
            0.05397829,
            0.0539783,
            0.05397831,
            0.05397831,
            0.0466523622,
            0.0483160522,
            0.053467512200000004,
            0.053467512200000004,
            0.0500173422,
            0.050017352200000004,
            0.050017352200000004,
            0.0499970022,
            0.0499970022,
            0.0483277822,
            0.0499894722,
            0.0566574722,
            0.0483257822,
            0.0516793822,
            0.0516772722
        ],
        [
            0.16731204719999998,
            0.16731204719999998,
            0.0660346472,
            0.0660346472,
            0.0648465272,
            0.0631037772,
            0.06668650000000001,
            0.06503565,
            0.06860092000000001,
            0.0669322635,
            0.05822689,
            0.058263590000000004,
            0.05444964,
            0.05444964,
            0.04923989,
            0.04923989,
            0.0,
            2e-08,
            0.034798300000000004,
            0.04116333,
            0.047139730000000005,
            0.047139730000000005,
            0.04552376,
            0.043830140000000004,
            0.04682308,
            0.04682308,
            0.04666816,
            0.04671460000000001,
            0.046714610000000004,
            0.046714610000000004,
            0.048371800000000006,
            0.04837181,
            0.04837182000000001,
            0.04837182000000001,
            0.0410458722,
            0.0427095622,
            0.047861022200000006,
            0.047861022200000006,
            0.0444108522,
            0.044410862200000005,
            0.044410862200000005,
            0.0443905122,
            0.0443905122,
            0.042721292200000004,
            0.044382982200000004,
            0.051050982200000004,
            0.0427192922,
            0.04607289220000001,
            0.04607078220000001
        ],
        [
            0.16731204719999998,
            0.16731204719999998,
            0.0660346472,
            0.0660346472,
            0.0648465272,
            0.0631037772,
            0.06668650000000001,
            0.06503565,
            0.06860092000000001,
            0.0669322635,
            0.05822689,
            0.058263590000000004,
            0.05444964,
            0.05444964,
            0.04923989,
            0.04923989,
            2e-08,
            0.0,
            0.034798300000000004,
            0.04116333,
            0.047139730000000005,
            0.047139730000000005,
            0.04552376,
            0.043830140000000004,
            0.04682308,
            0.04682308,
            0.04666816,
            0.04671460000000001,
            0.046714610000000004,
            0.046714610000000004,
            0.048371800000000006,
            0.04837181,
            0.04837182000000001,
            0.04837182000000001,
            0.0410458722,
            0.0427095622,
            0.047861022200000006,
            0.047861022200000006,
            0.0444108522,
            0.044410862200000005,
            0.044410862200000005,
            0.0443905122,
            0.0443905122,
            0.042721292200000004,
            0.044382982200000004,
            0.051050982200000004,
            0.0427192922,
            0.04607289220000001,
            0.04607078220000001
        ],
        [
            0.1584769472,
            0.1584769472,
            0.0571995472,
            0.0571995472,
            0.0560114272,
            0.0542686772,
            0.0578514,
            0.056200549999999995,
            0.05976582,
            0.0580971635,
            0.04939179,
            0.04942849,
            0.045614539999999995,
            0.045614539999999995,
            0.040404789999999996,
            0.040404789999999996,
            0.034798300000000004,
            0.034798300000000004,
            0.0,
            0.00636505,
            0.029357430000000004,
            0.029357430000000004,
            0.027741460000000003,
            0.026047840000000003,
            0.029040780000000002,
            0.029040780000000002,
            0.02888586,
            0.0289323,
            0.028932310000000003,
            0.028932310000000003,
            0.0305895,
            0.03058951,
            0.030589520000000002,
            0.030589520000000002,
            0.0232635722,
            0.0249272622,
            0.030078722200000005,
            0.030078722200000005,
            0.026628552200000002,
            0.026628562200000004,
            0.026628562200000004,
            0.026608212200000002,
            0.026608212200000002,
            0.024938992200000003,
            0.026600682200000003,
            0.033268682200000003,
            0.0249369922,
            0.0282905922,
            0.0282884822
        ],
        [
            0.1648419772,
            0.1648419772,
            0.0635645772,
            0.0635645772,
            0.0623764572,
            0.0606337072,
            0.06421642999999999,
            0.06256558,
            0.06613084999999999,
            0.0644621935,
            0.05575682,
            0.05579352,
            0.051979569999999996,
            0.051979569999999996,
            0.04676982,
            0.04676982,
            0.04116333,
            0.04116333,
            0.00636505,
            0.0,
            0.03572246,
            0.03572246,
            0.03410649,
            0.032412869999999996,
            0.03540581,
            0.03540581,
            0.03525089,
            0.03529733,
            0.035297339999999996,
            0.035297339999999996,
            0.03695453,
            0.03695454,
            0.03695455,
            0.03695455,
            0.0296286022,
            0.0312922922,
            0.0364437522,
            0.0364437522,
            0.032993582199999996,
            0.032993592200000005,
            0.032993592200000005,
            0.0329732422,
            0.0329732422,
            0.0313040222,
            0.0329657122,
            0.039633712200000004,
            0.0313020222,
            0.0346556222,
            0.0346535122
        ],
        [
            0.17081837719999998,
            0.17081837719999998,
            0.0695409772,
            0.0695409772,
            0.0683528572,
            0.0666101072,
            0.07019283000000001,
            0.06854198,
            0.07210725000000001,
            0.07043859350000001,
            0.061733220000000005,
            0.061769920000000006,
            0.05795597,
            0.05795597,
            0.05274622,
            0.05274622,
            0.047139730000000005,
            0.047139730000000005,
            0.029357430000000004,
            0.03572246,
            0.0,
            2e-08,
            0.01470283,
            0.01300921,
            0.01600215,
            0.01600215,
            0.038105230000000004,
            0.03815167,
            0.03815168,
            0.03815168,
            0.039808869999999996,
            0.039808880000000005,
            0.03980889,
            0.03980889,
            0.0324829422,
            0.0341466322,
            0.0392980922,
            0.0392980922,
            0.0358479222,
            0.0358479322,
            0.0358479322,
            0.0358275822,
            0.0358275822,
            0.0341583622,
            0.0358200522,
            0.0424880522,
            0.0341563622,
            0.0375099622,
            0.0375078522
        ],
        [
            0.17081837719999998,
            0.17081837719999998,
            0.0695409772,
            0.0695409772,
            0.0683528572,
            0.0666101072,
            0.07019283000000001,
            0.06854198,
            0.07210725000000001,
            0.07043859350000001,
            0.061733220000000005,
            0.061769920000000006,
            0.05795597,
            0.05795597,
            0.05274622,
            0.05274622,
            0.047139730000000005,
            0.047139730000000005,
            0.029357430000000004,
            0.03572246,
            2e-08,
            0.0,
            0.01470283,
            0.01300921,
            0.01600215,
            0.01600215,
            0.038105230000000004,
            0.03815167,
            0.03815168,
            0.03815168,
            0.039808869999999996,
            0.039808880000000005,
            0.03980889,
            0.03980889,
            0.0324829422,
            0.0341466322,
            0.0392980922,
            0.0392980922,
            0.0358479222,
            0.0358479322,
            0.0358479322,
            0.0358275822,
            0.0358275822,
            0.0341583622,
            0.0358200522,
            0.0424880522,
            0.0341563622,
            0.0375099622,
            0.0375078522
        ],
        [
            0.1692024072,
            0.1692024072,
            0.0679250072,
            0.0679250072,
            0.06673688720000001,
            0.0649941372,
            0.06857686,
            0.06692601000000001,
            0.07049128,
            0.06882262350000001,
            0.060117250000000004,
            0.060153950000000005,
            0.05634,
            0.05634,
            0.05113025,
            0.05113025,
            0.04552376,
            0.04552376,
            0.027741460000000003,
            0.03410649,
            0.01470283,
            0.01470283,
            0.0,
            0.00169364,
            0.011883379999999999,
            0.011883379999999999,
            0.036489259999999996,
            0.036535700000000004,
            0.03653571,
            0.03653571,
            0.0381929,
            0.03819291,
            0.038192920000000005,
            0.038192920000000005,
            0.0308669722,
            0.0325306622,
            0.0376821222,
            0.0376821222,
            0.0342319522,
            0.0342319622,
            0.0342319622,
            0.0342116122,
            0.0342116122,
            0.0325423922,
            0.0342040822,
            0.0408720822,
            0.0325403922,
            0.0358939922,
            0.0358918822
        ],
        [
            0.1675087872,
            0.1675087872,
            0.0662313872,
            0.0662313872,
            0.0650432672,
            0.0633005172,
            0.06688324000000001,
            0.06523239,
            0.06879766000000001,
            0.0671290035,
            0.058423630000000004,
            0.058460330000000005,
            0.05464638,
            0.05464638,
            0.04943663,
            0.04943663,
            0.043830140000000004,
            0.043830140000000004,
            0.026047840000000003,
            0.032412869999999996,
            0.01300921,
            0.01300921,
            0.00169364,
            0.0,
            0.010189759999999999,
            0.010189759999999999,
            0.03479564,
            0.03484208,
            0.03484209,
            0.03484209,
            0.036499279999999995,
            0.036499290000000004,
            0.0364993,
            0.0364993,
            0.0291733522,
            0.030837042199999998,
            0.0359885022,
            0.0359885022,
            0.0325383322,
            0.0325383422,
            0.0325383422,
            0.0325179922,
            0.0325179922,
            0.0308487722,
            0.0325104622,
            0.0391784622,
            0.030846772199999997,
            0.034200372199999995,
            0.034198262199999996
        ],
        [
            0.1705017272,
            0.1705017272,
            0.0692243272,
            0.0692243272,
            0.0680362072,
            0.0662934572,
            0.06987618000000001,
            0.06822533,
            0.07179060000000001,
            0.0701219435,
            0.061416570000000004,
            0.061453270000000004,
            0.05763932,
            0.05763932,
            0.05242957,
            0.05242957,
            0.04682308,
            0.04682308,
            0.029040780000000002,
            0.03540581,
            0.01600215,
            0.01600215,
            0.011883379999999999,
            0.010189759999999999,
            0.0,
            2e-08,
            0.03778858,
            0.037835020000000004,
            0.037835030000000006,
            0.037835030000000006,
            0.03949222,
            0.03949223,
            0.039492240000000005,
            0.039492240000000005,
            0.0321662922,
            0.033829982200000004,
            0.03898144220000001,
            0.03898144220000001,
            0.035531272200000005,
            0.0355312822,
            0.0355312822,
            0.0355109322,
            0.0355109322,
            0.0338417122,
            0.035503402200000006,
            0.0421714022,
            0.033839712200000004,
            0.0371933122,
            0.0371912022
        ],
        [
            0.1705017272,
            0.1705017272,
            0.0692243272,
            0.0692243272,
            0.0680362072,
            0.0662934572,
            0.06987618000000001,
            0.06822533,
            0.07179060000000001,
            0.0701219435,
            0.061416570000000004,
            0.061453270000000004,
            0.05763932,
            0.05763932,
            0.05242957,
            0.05242957,
            0.04682308,
            0.04682308,
            0.029040780000000002,
            0.03540581,
            0.01600215,
            0.01600215,
            0.011883379999999999,
            0.010189759999999999,
            2e-08,
            0.0,
            0.03778858,
            0.037835020000000004,
            0.037835030000000006,
            0.037835030000000006,
            0.03949222,
            0.03949223,
            0.039492240000000005,
            0.039492240000000005,
            0.0321662922,
            0.033829982200000004,
            0.03898144220000001,
            0.03898144220000001,
            0.035531272200000005,
            0.0355312822,
            0.0355312822,
            0.0355109322,
            0.0355109322,
            0.0338417122,
            0.035503402200000006,
            0.0421714022,
            0.033839712200000004,
            0.0371933122,
            0.0371912022
        ],
        [
            0.1703468072,
            0.1703468072,
            0.0690694072,
            0.0690694072,
            0.0678812872,
            0.0661385372,
            0.06972126000000001,
            0.06807041,
            0.07163568000000001,
            0.0699670235,
            0.06126165,
            0.06129835,
            0.0574844,
            0.0574844,
            0.05227465,
            0.05227465,
            0.04666816,
            0.04666816,
            0.02888586,
            0.03525089,
            0.038105230000000004,
            0.038105230000000004,
            0.036489259999999996,
            0.03479564,
            0.03778858,
            0.03778858,
            0.0,
            0.0027987000000000003,
            0.0027987100000000003,
            0.0027987100000000003,
            0.0044559,
            0.00445591,
            0.00445592,
            0.00445592,
            0.008403272199999999,
            0.0100669622,
            0.015218422200000001,
            0.015218422200000001,
            0.011768252199999999,
            0.0117682622,
            0.0117682622,
            0.011747912199999998,
            0.011747912199999998,
            0.0100786922,
            0.0117403822,
            0.0184083822,
            0.0100766922,
            0.013430292199999999,
            0.0134281822
        ],
        [
            0.1703932472,
            0.1703932472,
            0.0691158472,
            0.0691158472,
            0.06792772720000001,
            0.0661849772,
            0.0697677,
            0.06811685,
            0.07168212,
            0.07001346350000001,
            0.06130809,
            0.06134479,
            0.05753084,
            0.05753084,
            0.05232109,
            0.05232109,
            0.04671460000000001,
            0.04671460000000001,
            0.0289323,
            0.03529733,
            0.03815167,
            0.03815167,
            0.036535700000000004,
            0.03484208,
            0.037835020000000004,
            0.037835020000000004,
            0.0027987000000000003,
            0.0,
            3.0000000000000004e-08,
            3.0000000000000004e-08,
            0.0016572400000000001,
            0.0016572500000000003,
            0.0016572600000000002,
            0.0016572600000000002,
            0.008449712199999999,
            0.0101134022,
            0.015264862200000002,
            0.015264862200000002,
            0.011814692199999999,
            0.011814702199999999,
            0.011814702199999999,
            0.0117943522,
            0.0117943522,
            0.0101251322,
            0.011786822199999998,
            0.0184548222,
            0.0101231322,
