{
    "NEXUS_FILE_URL": "http://purl.org/phylo/treebase/phylows/study/TB2:S10943",
    "NEWICK_TREE": "(((30:1.0E-8,((41:1.0E-8,42:1.0E-8):1.0E-8,31:1.0E-8):1.0E-8):1.0E-8,((6:1.0E-8,(5:1.0E-8,(20:0.00234483,(24:1.0E-8,23:1.0E-8):1.0E-8):0.00470674):1.0E-8):1.0E-8,37:1.0E-8):0.00234744):1.0E-8,(36:0.00494464,(33:0.00490265,((8:1.0E-8,7:1.0E-8):0.00490505,((34:0.00244637,(38:1.0E-8,(39:1.0E-8,((2:1.0E-8,1:1.0E-8):0.01242812,43:0.0049044):1.0E-8):1.0E-8):1.0E-8):0.00244509,(44:0.00491805,(((11:1.0E-8,12:1.0E-8):0.00245767,(14:1.0E-8,13:1.0E-8):1.0E-8):0.00246126,((((28:1.0E-8,29:1.0E-8):1.0E-8,40:0.00245472):0.00493241,25:1.0E-8):0.00246387,(((10:1.0E-8,9:1.0E-8):0.00245814,(21:1.0E-8,(19:0.0024578,22:1.0E-8):1.0E-8):1.0E-8):0.00245919,((26:1.0E-8,27:1.0E-8):0.00750219,((18:1.0E-8,17:1.0E-8):0.00482253,(((32:0.00228396,35:0.00725596):0.02506508,(3:1.0E-8,4:1.0E-8):0.00490312):0.00211302,(45:0.00237357,(16:1.0E-8,15:1.0E-8):1.0E-8):0.04046487):0.01443336):0.01427898):0.01087984):1.0E-8):1.0E-8):0.00815889):0.00267763):1.0E-8):1.0E-8):0.00543014):0.00812417,46:0.69591513);",
    "DISTANCE_MATRIX": [
        [
            0.0,
            4e-08,
            4e-08,
            3.0000000000000004e-08,
            0.00234748,
            0.00234749,
            0.009399049999999999,
            0.00705424,
            0.00705424,
            0.00234747,
            0.01306884,
            0.018456990000000003,
            0.018459410000000002,
            0.018459410000000002,
            0.01844582,
            0.015999470000000002,
            0.01599948,
            0.028427610000000002,
            0.028427610000000002,
            0.020903880000000003,
            0.021150040000000002,
            0.029309820000000004,
            0.029309820000000004,
            0.026852160000000003,
            0.026852160000000003,
            0.03178719,
            0.03178719,
            0.034241890000000004,
            0.026854770000000003,
            0.029308240000000006,
            0.029308240000000006,
            0.02685011,
            0.029307910000000003,
            0.02685012,
            0.04277294,
            0.04277294,
            0.054372260000000006,
            0.054372260000000006,
            0.09344513999999998,
            0.09841713999999999,
            0.07099923000000001,
            0.07099923000000001,
            0.10682151999999998,
            0.10444796999999999,
            0.10444796999999999,
            0.6959151600000001
        ],
        [
            4e-08,
            0.0,
            2e-08,
            3.0000000000000004e-08,
            0.0023475,
            0.00234751,
            0.009399069999999999,
            0.00705426,
            0.00705426,
            0.0023474900000000003,
            0.01306886,
            0.018457010000000003,
            0.018459430000000002,
            0.018459430000000002,
            0.01844584,
            0.01599949,
            0.0159995,
            0.028427630000000002,
            0.028427630000000002,
            0.020903900000000003,
            0.021150060000000002,
            0.029309840000000004,
            0.029309840000000004,
            0.026852180000000003,
            0.026852180000000003,
            0.03178721,
            0.03178721,
            0.03424191000000001,
            0.026854790000000003,
            0.029308260000000006,
            0.029308260000000006,
            0.02685013,
            0.029307930000000003,
            0.02685014,
            0.042772960000000006,
            0.042772960000000006,
            0.05437228000000001,
            0.05437228000000001,
            0.09344515999999999,
            0.09841715999999999,
            0.07099925000000001,
            0.07099925000000001,
            0.10682153999999998,
            0.10444798999999999,
            0.10444798999999999,
            0.6959151800000001
        ],
        [
            4e-08,
            2e-08,
            0.0,
            3.0000000000000004e-08,
            0.0023475,
            0.00234751,
            0.009399069999999999,
            0.00705426,
            0.00705426,
            0.0023474900000000003,
            0.01306886,
            0.018457010000000003,
            0.018459430000000002,
            0.018459430000000002,
            0.01844584,
            0.01599949,
            0.0159995,
            0.028427630000000002,
            0.028427630000000002,
            0.020903900000000003,
            0.021150060000000002,
            0.029309840000000004,
            0.029309840000000004,
            0.026852180000000003,
            0.026852180000000003,
            0.03178721,
            0.03178721,
            0.03424191000000001,
            0.026854790000000003,
            0.029308260000000006,
            0.029308260000000006,
            0.02685013,
            0.029307930000000003,
            0.02685014,
            0.042772960000000006,
            0.042772960000000006,
            0.05437228000000001,
            0.05437228000000001,
            0.09344515999999999,
            0.09841715999999999,
            0.07099925000000001,
            0.07099925000000001,
            0.10682153999999998,
            0.10444798999999999,
            0.10444798999999999,
            0.6959151800000001
        ],
        [
            3.0000000000000004e-08,
            3.0000000000000004e-08,
            3.0000000000000004e-08,
            0.0,
            0.00234749,
            0.0023474999999999998,
            0.009399059999999999,
            0.00705425,
            0.00705425,
            0.00234748,
            0.01306885,
            0.018457,
            0.01845942,
            0.01845942,
            0.01844583,
            0.01599948,
            0.015999489999999998,
            0.02842762,
            0.02842762,
            0.02090389,
            0.02115005,
            0.029309830000000002,
            0.029309830000000002,
            0.02685217,
            0.02685217,
            0.0317872,
            0.0317872,
            0.034241900000000006,
            0.02685478,
            0.029308250000000004,
            0.029308250000000004,
            0.026850119999999998,
            0.02930792,
            0.02685013,
            0.042772950000000004,
            0.042772950000000004,
            0.05437227000000001,
            0.05437227000000001,
            0.09344514999999999,
            0.09841715,
            0.07099924000000002,
            0.07099924000000002,
            0.10682152999999998,
            0.10444798,
            0.10444798,
            0.69591517
        ],
        [
            0.00234748,
            0.0023475,
            0.0023475,
            0.00234749,
            0.0,
            3.0000000000000004e-08,
            0.00705159,
            0.00470678,
            0.00470678,
            3.0000000000000004e-08,
            0.015416280000000001,
            0.020804430000000002,
            0.02080685,
            0.02080685,
            0.02079326,
            0.01834691,
            0.01834692,
            0.03077505,
            0.03077505,
            0.023251320000000002,
            0.02349748,
            0.03165726,
            0.03165726,
            0.029199600000000003,
            0.029199600000000003,
            0.03413463,
            0.03413463,
            0.03658933,
            0.029202210000000003,
            0.031655680000000005,
            0.031655680000000005,
            0.02919755,
            0.03165535,
            0.02919756,
            0.04512038,
            0.04512038,
            0.056719700000000005,
            0.056719700000000005,
            0.09579257999999999,
            0.10076457999999999,
            0.07334667000000002,
            0.07334667000000002,
            0.10916895999999998,
            0.10679541,
            0.10679541,
            0.6982626000000001
        ],
        [
            0.00234749,
            0.00234751,
            0.00234751,
            0.0023474999999999998,
            3.0000000000000004e-08,
            0.0,
            0.00705158,
            0.00470677,
            0.00470677,
            4e-08,
            0.01541629,
            0.02080444,
            0.02080686,
            0.02080686,
            0.02079327,
            0.01834692,
            0.018346929999999997,
            0.03077506,
            0.03077506,
            0.02325133,
            0.02349749,
            0.03165727,
            0.03165727,
            0.02919961,
            0.02919961,
            0.03413464,
            0.03413464,
            0.036589340000000005,
            0.02920222,
            0.03165569000000001,
            0.03165569000000001,
            0.029197559999999997,
            0.03165536,
            0.02919757,
            0.04512039,
            0.04512039,
            0.056719710000000007,
            0.056719710000000007,
            0.09579258999999998,
            0.10076458999999999,
            0.07334668000000001,
            0.07334668000000001,
            0.10916896999999998,
            0.10679541999999999,
            0.10679541999999999,
            0.69826261
        ],
        [
            0.009399049999999999,
            0.009399069999999999,
            0.009399069999999999,
            0.009399059999999999,
            0.00705159,
            0.00705158,
            0.0,
            0.00234485,
            0.00234485,
            0.0070516,
            0.022467849999999998,
            0.027856,
            0.027858420000000002,
            0.027858420000000002,
            0.02784483,
            0.02539848,
            0.025398489999999996,
            0.03782662,
            0.03782662,
            0.03030289,
            0.03054905,
            0.03870883,
            0.03870883,
            0.03625117,
            0.03625117,
            0.0411862,
            0.0411862,
            0.0436409,
            0.03625378,
            0.038707250000000006,
            0.038707250000000006,
            0.036249119999999996,
            0.03870692,
            0.03624913,
            0.05217195,
            0.05217195,
            0.06377127,
            0.06377127,
            0.10284414999999998,
            0.10781614999999999,
            0.08039824000000001,
            0.08039824000000001,
            0.11622052999999997,
            0.11384697999999999,
            0.11384697999999999,
            0.7053141700000001
        ],
        [
            0.00705424,
            0.00705426,
            0.00705426,
            0.00705425,
            0.00470678,
            0.00470677,
            0.00234485,
            0.0,
            2e-08,
            0.00470679,
            0.020123040000000002,
            0.025511190000000003,
            0.02551361,
            0.02551361,
            0.025500019999999998,
            0.02305367,
            0.02305368,
            0.03548181,
            0.03548181,
            0.027958080000000003,
            0.02820424,
            0.036364020000000004,
            0.036364020000000004,
            0.03390636,
            0.03390636,
            0.03884139,
            0.03884139,
            0.04129609000000001,
            0.033908970000000004,
            0.03636244,
            0.03636244,
            0.03390431,
            0.03636211,
            0.03390432,
            0.049827140000000006,
            0.049827140000000006,
            0.06142646000000001,
            0.06142646000000001,
            0.10049933999999998,
            0.10547133999999998,
            0.07805343000000001,
            0.07805343000000001,
            0.11387571999999997,
            0.11150216999999998,
            0.11150216999999998,
            0.7029693600000001
        ],
        [
            0.00705424,
            0.00705426,
            0.00705426,
            0.00705425,
            0.00470678,
            0.00470677,
            0.00234485,
            2e-08,
            0.0,
            0.00470679,
            0.020123040000000002,
            0.025511190000000003,
            0.02551361,
            0.02551361,
            0.025500019999999998,
            0.02305367,
            0.02305368,
            0.03548181,
            0.03548181,
            0.027958080000000003,
            0.02820424,
            0.036364020000000004,
            0.036364020000000004,
            0.03390636,
            0.03390636,
            0.03884139,
            0.03884139,
            0.04129609000000001,
            0.033908970000000004,
            0.03636244,
            0.03636244,
            0.03390431,
            0.03636211,
            0.03390432,
            0.049827140000000006,
            0.049827140000000006,
            0.06142646000000001,
            0.06142646000000001,
            0.10049933999999998,
            0.10547133999999998,
            0.07805343000000001,
            0.07805343000000001,
            0.11387571999999997,
            0.11150216999999998,
            0.11150216999999998,
            0.7029693600000001
        ],
        [
            0.00234747,
            0.0023474900000000003,
            0.0023474900000000003,
            0.00234748,
            3.0000000000000004e-08,
            4e-08,
            0.0070516,
            0.00470679,
            0.00470679,
            0.0,
            0.01541627,
            0.02080442,
            0.02080684,
            0.02080684,
            0.02079325,
            0.0183469,
            0.018346909999999998,
            0.03077504,
            0.03077504,
            0.02325131,
            0.02349747,
            0.031657250000000005,
            0.031657250000000005,
            0.02919959,
            0.02919959,
            0.034134620000000004,
            0.034134620000000004,
            0.03658932000000001,
            0.0292022,
            0.031655670000000004,
            0.031655670000000004,
            0.029197539999999998,
            0.031655340000000004,
            0.02919755,
            0.04512037000000001,
            0.04512037000000001,
            0.05671969000000001,
            0.05671969000000001,
            0.09579256999999998,
            0.10076456999999998,
            0.07334666000000001,
            0.07334666000000001,
            0.10916894999999997,
            0.10679539999999998,
            0.10679539999999998,
            0.69826259
        ],
        [
            0.01306884,
            0.01306886,
            0.01306886,
            0.01306885,
            0.015416280000000001,
            0.01541629,
            0.022467849999999998,
            0.020123040000000002,
            0.020123040000000002,
            0.01541627,
            0.0,
            0.01527743,
            0.015279850000000001,
            0.015279850000000001,
            0.01526626,
            0.01281991,
            0.01281992,
            0.02524805,
            0.02524805,
            0.017724320000000002,
            0.01797048,
            0.026130260000000002,
            0.026130260000000002,
            0.023672600000000002,
            0.023672600000000002,
            0.028607630000000002,
            0.028607630000000002,
            0.031062330000000006,
            0.023675210000000002,
            0.026128680000000005,
            0.026128680000000005,
            0.02367055,
            0.02612835,
            0.02367056,
            0.039593380000000004,
            0.039593380000000004,
            0.05119270000000001,
            0.05119270000000001,
            0.09026557999999998,
            0.09523757999999999,
            0.06781967000000001,
            0.06781967000000001,
            0.10364195999999998,
            0.10126840999999999,
            0.10126840999999999,
            0.7089839400000001
        ],
        [
            0.018456990000000003,
            0.018457010000000003,
            0.018457010000000003,
            0.018457,
            0.020804430000000002,
            0.02080444,
            0.027856,
            0.025511190000000003,
            0.025511190000000003,
            0.02080442,
            0.01527743,
            0.0,
            0.009807719999999999,
            0.009807719999999999,
            0.00979413,
            0.00734778,
            0.00734779,
            0.019775920000000002,
            0.019775920000000002,
            0.01225219,
            0.01249835,
            0.020658130000000004,
            0.020658130000000004,
            0.01820047,
            0.01820047,
            0.023135500000000003,
            0.023135500000000003,
            0.025590200000000007,
            0.01820308,
            0.020656550000000003,
            0.020656550000000003,
            0.01819842,
            0.020656220000000003,
            0.01819843,
            0.034121250000000006,
            0.034121250000000006,
            0.04572057000000001,
            0.04572057000000001,
            0.08479344999999998,
            0.08976544999999998,
            0.062347540000000014,
            0.062347540000000014,
            0.09816982999999997,
            0.09579627999999998,
            0.09579627999999998,
            0.71437209
        ],
        [
            0.018459410000000002,
            0.018459430000000002,
            0.018459430000000002,
            0.01845942,
            0.02080685,
            0.02080686,
            0.027858420000000002,
            0.02551361,
            0.02551361,
            0.02080684,
            0.015279850000000001,
            0.009807719999999999,
            0.0,
            2e-08,
            0.009796530000000001,
            0.0073501799999999996,
            0.0073501899999999995,
            0.019778320000000002,
            0.019778320000000002,
            0.01225459,
            0.012500750000000001,
            0.02066053,
            0.02066053,
            0.01820287,
            0.01820287,
            0.0231379,
            0.0231379,
            0.025592600000000004,
            0.01820548,
            0.020658950000000002,
            0.020658950000000002,
            0.01820082,
            0.02065862,
            0.01820083,
            0.034123650000000005,
            0.034123650000000005,
            0.04572297000000001,
            0.04572297000000001,
            0.08479584999999999,
            0.08976785,
            0.06234994000000001,
            0.06234994000000001,
            0.09817222999999999,
            0.09579868,
            0.09579868,
            0.7143745100000001
        ],
        [
            0.018459410000000002,
            0.018459430000000002,
            0.018459430000000002,
            0.01845942,
            0.02080685,
            0.02080686,
            0.027858420000000002,
            0.02551361,
            0.02551361,
            0.02080684,
            0.015279850000000001,
            0.009807719999999999,
            2e-08,
            0.0,
            0.009796530000000001,
            0.0073501799999999996,
            0.0073501899999999995,
            0.019778320000000002,
            0.019778320000000002,
            0.01225459,
            0.012500750000000001,
            0.02066053,
            0.02066053,
            0.01820287,
            0.01820287,
            0.0231379,
            0.0231379,
            0.025592600000000004,
            0.01820548,
            0.020658950000000002,
            0.020658950000000002,
            0.01820082,
            0.02065862,
            0.01820083,
            0.034123650000000005,
            0.034123650000000005,
            0.04572297000000001,
            0.04572297000000001,
            0.08479584999999999,
            0.08976785,
            0.06234994000000001,
            0.06234994000000001,
            0.09817222999999999,
            0.09579868,
            0.09579868,
            0.7143745100000001
        ],
        [
            0.01844582,
            0.01844584,
            0.01844584,
            0.01844583,
            0.02079326,
            0.02079327,
            0.02784483,
            0.025500019999999998,
            0.025500019999999998,
            0.02079325,
            0.01526626,
            0.00979413,
            0.009796530000000001,
            0.009796530000000001,
            0.0,
            0.0024463899999999997,
            0.0024463999999999996,
            0.01487453,
            0.01487453,
            0.007350799999999999,
            0.01248714,
            0.02064692,
            0.02064692,
            0.01818926,
            0.01818926,
            0.02312429,
            0.02312429,
            0.025578990000000003,
            0.01819187,
            0.02064534,
            0.02064534,
            0.018187210000000002,
            0.02064501,
            0.01818722,
            0.03411004,
            0.03411004,
            0.045709360000000004,
            0.045709360000000004,
            0.08478224,
            0.08975424,
            0.06233633000000001,
            0.06233633000000001,
            0.09815861999999999,
            0.09578507,
            0.09578507,
            0.7143609200000001
        ],
        [
            0.015999470000000002,
            0.01599949,
            0.01599949,
            0.01599948,
            0.01834691,
            0.01834692,
            0.02539848,
            0.02305367,
            0.02305367,
            0.0183469,
            0.01281991,
            0.00734778,
            0.0073501799999999996,
            0.0073501799999999996,
            0.0024463899999999997,
            0.0,
            3.0000000000000004e-08,
            0.01242816,
            0.01242816,
            0.0049044299999999996,
            0.01004079,
            0.01820057,
            0.01820057,
            0.01574291,
            0.01574291,
            0.02067794,
            0.02067794,
            0.023132640000000003,
            0.01574552,
            0.01819899,
            0.01819899,
            0.01574086,
            0.01819866,
            0.01574087,
            0.03166369,
            0.03166369,
            0.043263010000000005,
            0.043263010000000005,
            0.08233589,
            0.08730789,
            0.05988998000000001,
            0.05988998000000001,
            0.09571226999999999,
            0.09333872,
            0.09333872,
            0.71191457
        ],
        [
            0.01599948,
            0.0159995,
            0.0159995,
            0.015999489999999998,
            0.01834692,
            0.018346929999999997,
            0.025398489999999996,
            0.02305368,
            0.02305368,
            0.018346909999999998,
            0.01281992,
            0.00734779,
            0.0073501899999999995,
            0.0073501899999999995,
            0.0024463999999999996,
            3.0000000000000004e-08,
            0.0,
            0.01242815,
            0.01242815,
            0.00490442,
            0.0100408,
            0.018200579999999997,
            0.018200579999999997,
            0.01574292,
            0.01574292,
            0.020677949999999997,
            0.020677949999999997,
            0.02313265,
            0.01574553,
            0.018199,
            0.018199,
            0.01574087,
            0.018198669999999997,
            0.01574088,
            0.0316637,
            0.0316637,
            0.043263020000000006,
            0.043263020000000006,
            0.08233589999999999,
            0.0873079,
            0.05988999000000001,
            0.05988999000000001,
            0.09571227999999998,
            0.09333873,
            0.09333873,
            0.7119145800000001
        ],
        [
            0.028427610000000002,
            0.028427630000000002,
            0.028427630000000002,
            0.02842762,
            0.03077505,
            0.03077506,
            0.03782662,
            0.03548181,
            0.03548181,
            0.03077504,
            0.02524805,
            0.019775920000000002,
            0.019778320000000002,
            0.019778320000000002,
            0.01487453,
            0.01242816,
            0.01242815,
            0.0,
            2e-08,
            0.01733253,
            0.02246893,
            0.03062871,
            0.03062871,
            0.028171050000000003,
            0.028171050000000003,
            0.033106079999999996,
            0.033106079999999996,
            0.03556078,
            0.028173660000000003,
            0.030627130000000002,
            0.030627130000000002,
            0.028169,
            0.0306268,
            0.02816901,
            0.04409183,
            0.04409183,
            0.05569115000000001,
            0.05569115000000001,
            0.09476403,
            0.09973603,
            0.07231812000000001,
            0.07231812000000001,
            0.10814040999999999,
            0.10576686,
            0.10576686,
            0.7243427100000001
        ],
        [
            0.028427610000000002,
            0.028427630000000002,
            0.028427630000000002,
            0.02842762,
            0.03077505,
            0.03077506,
            0.03782662,
            0.03548181,
            0.03548181,
            0.03077504,
            0.02524805,
            0.019775920000000002,
            0.019778320000000002,
            0.019778320000000002,
            0.01487453,
            0.01242816,
            0.01242815,
            2e-08,
            0.0,
            0.01733253,
            0.02246893,
            0.03062871,
            0.03062871,
            0.028171050000000003,
            0.028171050000000003,
            0.033106079999999996,
            0.033106079999999996,
            0.03556078,
            0.028173660000000003,
            0.030627130000000002,
            0.030627130000000002,
            0.028169,
            0.0306268,
            0.02816901,
            0.04409183,
            0.04409183,
            0.05569115000000001,
            0.05569115000000001,
            0.09476403,
            0.09973603,
            0.07231812000000001,
            0.07231812000000001,
            0.10814040999999999,
            0.10576686,
            0.10576686,
            0.7243427100000001
        ],
        [
            0.020903880000000003,
            0.020903900000000003,
            0.020903900000000003,
            0.02090389,
            0.023251320000000002,
            0.02325133,
            0.03030289,
            0.027958080000000003,
            0.027958080000000003,
            0.02325131,
            0.017724320000000002,
            0.01225219,
            0.01225459,
            0.01225459,
            0.007350799999999999,
            0.0049044299999999996,
            0.00490442,
            0.01733253,
            0.01733253,
            0.0,
            0.0149452,
            0.023104979999999997,
            0.023104979999999997,
            0.02064732,
            0.02064732,
            0.025582349999999997,
            0.025582349999999997,
            0.02803705,
            0.02064993,
            0.023103400000000003,
            0.023103400000000003,
            0.02064527,
            0.023103069999999996,
            0.020645280000000002,
            0.0365681,
            0.0365681,
            0.04816742,
            0.04816742,
            0.08724029999999999,
            0.0922123,
            0.06479439000000001,
            0.06479439000000001,
            0.10061667999999999,
            0.09824313,
            0.09824313,
            0.71681898
        ],
        [
            0.021150040000000002,
            0.021150060000000002,
            0.021150060000000002,
            0.02115005,
            0.02349748,
            0.02349749,
            0.03054905,
            0.02820424,
            0.02820424,
            0.02349747,
            0.01797048,
            0.01249835,
            0.012500750000000001,
            0.012500750000000001,
            0.01248714,
            0.01004079,
            0.0100408,
            0.02246893,
            0.02246893,
            0.0149452,
            0.0,
            0.01799588,
            0.01799588,
            0.01553822,
            0.01553822,
            0.02047325,
            0.02047325,
            0.022927950000000002,
            0.01554083,
            0.0179943,
            0.0179943,
            0.01553617,
            0.017993969999999998,
            0.01553618,
            0.031459,
            0.031459,
            0.043058320000000004,
            0.043058320000000004,
            0.08213119999999999,
            0.08710319999999999,
            0.05968529000000001,
            0.05968529000000001,
            0.09550757999999998,
            0.09313403,
            0.09313403,
            0.7170651400000001
        ],
        [
            0.029309820000000004,
            0.029309840000000004,
            0.029309840000000004,
            0.029309830000000002,
            0.03165726,
            0.03165727,
            0.03870883,
            0.036364020000000004,
            0.036364020000000004,
            0.031657250000000005,
            0.026130260000000002,
            0.020658130000000004,
            0.02066053,
            0.02066053,
            0.02064692,
            0.01820057,
            0.018200579999999997,
            0.03062871,
            0.03062871,
            0.023104979999999997,
            0.01799588,
            0.0,
            2e-08,
            0.0024576999999999997,
            0.0024576999999999997,
            0.01231525,
            0.01231525,
            0.01476995,
            0.00738283,
            0.0098363,
            0.0098363,
            0.00737817,
            0.00983597,
            0.00737818,
            0.023301000000000002,
            0.023301000000000002,
            0.03490032,
            0.03490032,
            0.07397319999999999,
            0.0789452,
            0.05152729,
            0.05152729,
            0.08734957999999998,
            0.08497603,
            0.08497603,
            0.72522492
        ],
        [
            0.029309820000000004,
            0.029309840000000004,
            0.029309840000000004,
            0.029309830000000002,
            0.03165726,
            0.03165727,
            0.03870883,
            0.036364020000000004,
            0.036364020000000004,
            0.031657250000000005,
            0.026130260000000002,
            0.020658130000000004,
            0.02066053,
            0.02066053,
            0.02064692,
            0.01820057,
            0.018200579999999997,
            0.03062871,
            0.03062871,
            0.023104979999999997,
            0.01799588,
            2e-08,
            0.0,
            0.0024576999999999997,
            0.0024576999999999997,
            0.01231525,
            0.01231525,
            0.01476995,
            0.00738283,
            0.0098363,
            0.0098363,
            0.00737817,
            0.00983597,
            0.00737818,
            0.023301000000000002,
            0.023301000000000002,
            0.03490032,
            0.03490032,
            0.07397319999999999,
            0.0789452,
            0.05152729,
            0.05152729,
            0.08734957999999998,
            0.08497603,
            0.08497603,
            0.72522492
        ],
        [
            0.026852160000000003,
            0.026852180000000003,
            0.026852180000000003,
            0.02685217,
            0.029199600000000003,
            0.02919961,
            0.03625117,
            0.03390636,
            0.03390636,
            0.02919959,
            0.023672600000000002,
            0.01820047,
            0.01820287,
            0.01820287,
            0.01818926,
            0.01574291,
            0.01574292,
            0.028171050000000003,
            0.028171050000000003,
            0.02064732,
            0.01553822,
            0.0024576999999999997,
            0.0024576999999999997,
            0.0,
            2e-08,
            0.00985759,
            0.00985759,
            0.01231229,
            0.0049251699999999995,
            0.00737864,
            0.00737864,
            0.0049205099999999995,
            0.007378309999999999,
            0.004920519999999999,
            0.020843340000000002,
            0.020843340000000002,
            0.03244266,
            0.03244266,
            0.07151553999999999,
            0.07648753999999999,
            0.04906963,
            0.04906963,
            0.08489191999999998,
            0.08251837,
            0.08251837,
            0.72276726
        ],
        [
            0.026852160000000003,
            0.026852180000000003,
            0.026852180000000003,
            0.02685217,
            0.029199600000000003,
            0.02919961,
            0.03625117,
            0.03390636,
            0.03390636,
            0.02919959,
            0.023672600000000002,
            0.01820047,
            0.01820287,
            0.01820287,
            0.01818926,
            0.01574291,
            0.01574292,
            0.028171050000000003,
            0.028171050000000003,
            0.02064732,
            0.01553822,
            0.0024576999999999997,
            0.0024576999999999997,
            2e-08,
            0.0,
            0.00985759,
            0.00985759,
            0.01231229,
            0.0049251699999999995,
            0.00737864,
            0.00737864,
            0.0049205099999999995,
            0.007378309999999999,
            0.004920519999999999,
            0.020843340000000002,
            0.020843340000000002,
            0.03244266,
            0.03244266,
            0.07151553999999999,
            0.07648753999999999,
            0.04906963,
            0.04906963,
            0.08489191999999998,
            0.08251837,
            0.08251837,
            0.72276726
        ],
        [
            0.03178719,
            0.03178721,
            0.03178721,
            0.0317872,
            0.03413463,
            0.03413464,
            0.0411862,
            0.03884139,
            0.03884139,
            0.034134620000000004,
            0.028607630000000002,
            0.023135500000000003,
            0.0231379,
            0.0231379,
            0.02312429,
            0.02067794,
            0.020677949999999997,
            0.033106079999999996,
            0.033106079999999996,
            0.025582349999999997,
            0.02047325,
            0.01231525,
            0.01231525,
            0.00985759,
            0.00985759,
            0.0,
            2e-08,
            0.00245474,
            0.00493244,
            0.012313649999999999,
            0.012313649999999999,
            0.00985552,
            0.012313319999999999,
            0.00985553,
            0.02577835,
            0.02577835,
            0.03737767,
            0.03737767,
            0.07645054999999999,
            0.08142255,
            0.054004640000000007,
            0.054004640000000007,
            0.08982692999999999,
            0.08745338,
            0.08745338,
            0.7277022900000001
        ],
        [
            0.03178719,
            0.03178721,
            0.03178721,
            0.0317872,
            0.03413463,
            0.03413464,
            0.0411862,
            0.03884139,
            0.03884139,
            0.034134620000000004,
            0.028607630000000002,
            0.023135500000000003,
            0.0231379,
            0.0231379,
            0.02312429,
            0.02067794,
            0.020677949999999997,
            0.033106079999999996,
            0.033106079999999996,
            0.025582349999999997,
            0.02047325,
            0.01231525,
            0.01231525,
            0.00985759,
            0.00985759,
            2e-08,
            0.0,
            0.00245474,
            0.00493244,
            0.012313649999999999,
            0.012313649999999999,
            0.00985552,
            0.012313319999999999,
            0.00985553,
            0.02577835,
            0.02577835,
            0.03737767,
            0.03737767,
            0.07645054999999999,
            0.08142255,
            0.054004640000000007,
            0.054004640000000007,
            0.08982692999999999,
            0.08745338,
            0.08745338,
            0.7277022900000001
        ],
        [
            0.034241890000000004,
            0.03424191000000001,
            0.03424191000000001,
            0.034241900000000006,
            0.03658933,
            0.036589340000000005,
            0.0436409,
            0.04129609000000001,
            0.04129609000000001,
            0.03658932000000001,
            0.031062330000000006,
            0.025590200000000007,
            0.025592600000000004,
            0.025592600000000004,
            0.025578990000000003,
            0.023132640000000003,
            0.02313265,
            0.03556078,
            0.03556078,
            0.02803705,
            0.022927950000000002,
            0.01476995,
            0.01476995,
            0.01231229,
            0.01231229,
            0.00245474,
            0.00245474,
            0.0,
            0.00738714,
            0.01476835,
            0.01476835,
            0.01231022,
            0.01476802,
            0.01231023,
            0.028233050000000003,
            0.028233050000000003,
            0.03983237,
            0.03983237,
            0.07890525,
            0.08387725,
            0.056459340000000004,
            0.056459340000000004,
            0.09228162999999999,
            0.08990808,
            0.08990808,
            0.73015699
        ],
        [
            0.026854770000000003,
            0.026854790000000003,
            0.026854790000000003,
            0.02685478,
            0.029202210000000003,
            0.02920222,
            0.03625378,
            0.033908970000000004,
            0.033908970000000004,
            0.0292022,
            0.023675210000000002,
            0.01820308,
            0.01820548,
            0.01820548,
            0.01819187,
            0.01574552,
            0.01574553,
            0.028173660000000003,
            0.028173660000000003,
            0.02064993,
            0.01554083,
            0.00738283,
            0.00738283,
            0.0049251699999999995,
            0.0049251699999999995,
            0.00493244,
            0.00493244,
            0.00738714,
            0.0,
            0.00738123,
            0.00738123,
            0.0049231,
            0.007380899999999999,
            0.00492311,
            0.02084593,
            0.02084593,
            0.03244525,
            0.03244525,
            0.07151813,
            0.07649013,
            0.04907222000000001,
            0.04907222000000001,
            0.08489450999999999,
            0.08252096,
            0.08252096,
            0.72276987
        ],
        [
            0.029308240000000006,
            0.029308260000000006,
            0.029308260000000006,
            0.029308250000000004,
            0.031655680000000005,
            0.03165569000000001,
            0.038707250000000006,
            0.03636244,
            0.03636244,
            0.031655670000000004,
            0.026128680000000005,
            0.020656550000000003,
            0.020658950000000002,
            0.020658950000000002,
            0.02064534,
            0.01819899,
            0.018199,
            0.030627130000000002,
            0.030627130000000002,
            0.023103400000000003,
            0.0179943,
            0.0098363,
            0.0098363,
            0.00737864,
            0.00737864,
            0.012313649999999999,
            0.012313649999999999,
            0.01476835,
            0.00738123,
            0.0,
            2e-08,
