{
    "NEXUS_FILE_URL": "http://purl.org/phylo/treebase/phylows/study/TB2:S14038",
    "NEWICK_TREE": "(1:0.38586,2:0.101217,3:0.113293,4:0.098211,5:0.109598,6:0.219483,7:0.099062,8:0.144146,9:0.467011,(10:0.018519,11:0.014224):0.501062,(((12:0.003811,13:0.003796,14:0.003806,15:0.003788,16:0.003839,17:0.003825):0.020662,18:0.037158):0.036787,((19:0.003916,20:0.003888,21:0.003906,22:0.003848):0.050211,23:0.049907):0.01946):0.181132,(((24:0.034345,25:0.049488):0.030409,26:0.023996):0.057781,27:0.538319):0.21097);",
    "DISTANCE_MATRIX": [
        [
            0.0,
            0.487077,
            0.49915299999999996,
            0.484071,
            0.49545799999999995,
            0.605343,
            0.48492199999999996,
            0.530006,
            0.8528709999999999,
            0.9054409999999999,
            0.901146,
            0.628252,
            0.6282369999999999,
            0.628247,
            0.6282289999999999,
            0.62828,
            0.628266,
            0.640937,
            0.640579,
            0.640551,
            0.6405689999999999,
            0.6405109999999999,
            0.6363589999999999,
            0.719365,
            0.7345079999999999,
            0.678607,
            1.135149
        ],
        [
            0.487077,
            0.0,
            0.21451,
            0.199428,
            0.210815,
            0.3207,
            0.20027899999999998,
            0.245363,
            0.568228,
            0.620798,
            0.616503,
            0.343609,
            0.34359399999999996,
            0.343604,
            0.343586,
            0.34363699999999997,
            0.343623,
            0.356294,
            0.355936,
            0.355908,
            0.35592599999999996,
            0.35586799999999996,
            0.351716,
            0.434722,
            0.44986499999999996,
            0.393964,
            0.850506
        ],
        [
            0.49915299999999996,
            0.21451,
            0.0,
            0.21150400000000003,
            0.222891,
            0.332776,
            0.21235500000000002,
            0.257439,
            0.580304,
            0.6328739999999999,
            0.628579,
            0.35568500000000003,
            0.35567,
            0.35568,
            0.35566200000000003,
            0.35571299999999995,
            0.355699,
            0.36837,
            0.368012,
            0.367984,
            0.36800199999999994,
            0.36794399999999994,
            0.363792,
            0.44679800000000003,
            0.46194099999999993,
            0.40603999999999996,
            0.862582
        ],
        [
            0.484071,
            0.199428,
            0.21150400000000003,
            0.0,
            0.20780900000000002,
            0.31769400000000003,
            0.197273,
            0.242357,
            0.565222,
            0.617792,
            0.6134970000000001,
            0.340603,
            0.340588,
            0.340598,
            0.34058,
            0.34063099999999996,
            0.340617,
            0.353288,
            0.35292999999999997,
            0.352902,
            0.35291999999999996,
            0.35286199999999995,
            0.34870999999999996,
            0.431716,
            0.44685899999999995,
            0.39095799999999997,
            0.8475
        ],
        [
            0.49545799999999995,
            0.210815,
            0.222891,
            0.20780900000000002,
            0.0,
            0.329081,
            0.20866,
            0.25374399999999997,
            0.576609,
            0.6291789999999999,
            0.624884,
            0.35199,
            0.351975,
            0.351985,
            0.35196700000000003,
            0.35201799999999994,
            0.352004,
            0.36467499999999997,
            0.364317,
            0.364289,
            0.36430699999999994,
            0.36424899999999993,
            0.360097,
            0.443103,
            0.45824599999999993,
            0.40234499999999995,
            0.858887
        ],
        [
            0.605343,
            0.3207,
            0.332776,
            0.31769400000000003,
            0.329081,
            0.0,
            0.318545,
            0.363629,
            0.686494,
            0.7390639999999999,
            0.734769,
            0.46187500000000004,
            0.46186,
            0.46187,
            0.46185200000000004,
            0.46190299999999995,
            0.461889,
            0.47456,
            0.474202,
            0.474174,
            0.47419199999999995,
            0.47413399999999994,
            0.469982,
            0.552988,
            0.5681309999999999,
            0.51223,
            0.968772
        ],
        [
            0.48492199999999996,
            0.20027899999999998,
            0.21235500000000002,
            0.197273,
            0.20866,
            0.318545,
            0.0,
            0.24320799999999998,
            0.566073,
            0.6186429999999999,
            0.614348,
            0.341454,
            0.341439,
            0.341449,
            0.341431,
            0.34148199999999995,
            0.341468,
            0.354139,
            0.35378099999999996,
            0.353753,
            0.35377099999999995,
            0.35371299999999994,
            0.34956099999999996,
            0.432567,
            0.44770999999999994,
            0.39180899999999996,
            0.848351
        ],
        [
            0.530006,
            0.245363,
            0.257439,
            0.242357,
            0.25374399999999997,
            0.363629,
            0.24320799999999998,
            0.0,
            0.611157,
            0.663727,
            0.659432,
            0.386538,
            0.38652299999999995,
            0.386533,
            0.386515,
            0.38656599999999997,
            0.386552,
            0.399223,
            0.39886499999999997,
            0.398837,
            0.39885499999999996,
            0.39879699999999996,
            0.39464499999999997,
            0.477651,
            0.49279399999999995,
            0.436893,
            0.893435
        ],
        [
            0.8528709999999999,
            0.568228,
            0.580304,
            0.565222,
            0.576609,
            0.686494,
            0.566073,
            0.611157,
            0.0,
            0.9865919999999999,
            0.982297,
            0.709403,
            0.709388,
            0.709398,
            0.70938,
            0.7094309999999999,
            0.709417,
            0.7220880000000001,
            0.72173,
            0.7217020000000001,
            0.7217199999999999,
            0.721662,
            0.71751,
            0.800516,
            0.8156589999999999,
            0.7597579999999999,
            1.2163
        ],
        [
            0.9054409999999999,
            0.620798,
            0.6328739999999999,
            0.617792,
            0.6291789999999999,
            0.7390639999999999,
            0.6186429999999999,
            0.663727,
            0.9865919999999999,
            0.0,
            0.032743,
            0.761973,
            0.7619579999999999,
            0.761968,
            0.7619499999999999,
            0.7620009999999999,
            0.761987,
            0.774658,
            0.7743,
            0.774272,
            0.7742899999999999,
            0.7742319999999999,
            0.7700799999999999,
            0.853086,
            0.8682289999999999,
            0.8123279999999999,
            1.26887
        ],
        [
            0.901146,
            0.616503,
            0.628579,
            0.6134970000000001,
            0.624884,
            0.734769,
            0.614348,
            0.659432,
            0.982297,
            0.032743,
            0.0,
            0.7576780000000001,
            0.757663,
            0.757673,
            0.757655,
            0.757706,
            0.757692,
            0.770363,
            0.770005,
            0.769977,
            0.769995,
            0.769937,
            0.7657849999999999,
            0.8487910000000001,
            0.863934,
            0.808033,
            1.264575
        ],
        [
            0.628252,
            0.343609,
            0.35568500000000003,
            0.340603,
            0.35199,
            0.46187500000000004,
            0.341454,
            0.386538,
            0.709403,
            0.761973,
            0.7576780000000001,
            0.0,
            0.007607,
            0.0076170000000000005,
            0.007599,
            0.0076500000000000005,
            0.007636,
            0.061631,
            0.134847,
            0.134819,
            0.134837,
            0.134779,
            0.130627,
            0.575897,
            0.59104,
            0.535139,
            0.991681
        ],
        [
            0.6282369999999999,
            0.34359399999999996,
            0.35567,
            0.340588,
            0.351975,
            0.46186,
            0.341439,
            0.38652299999999995,
            0.709388,
            0.7619579999999999,
            0.757663,
            0.007607,
            0.0,
            0.007601999999999999,
            0.0075840000000000005,
            0.007634999999999999,
            0.007620999999999999,
            0.061616,
            0.134832,
            0.134804,
            0.134822,
            0.134764,
            0.130612,
            0.575882,
            0.5910249999999999,
            0.5351239999999999,
            0.9916659999999999
        ],
        [
            0.628247,
            0.343604,
            0.35568,
            0.340598,
            0.351985,
            0.46187,
            0.341449,
            0.386533,
            0.709398,
            0.761968,
            0.757673,
            0.0076170000000000005,
            0.007601999999999999,
            0.0,
            0.007594,
            0.007645,
            0.007631,
            0.061626,
            0.13484200000000002,
            0.134814,
            0.134832,
            0.134774,
            0.13062200000000002,
            0.575892,
            0.591035,
            0.535134,
            0.991676
        ],
        [
            0.6282289999999999,
            0.343586,
            0.35566200000000003,
            0.34058,
            0.35196700000000003,
            0.46185200000000004,
            0.341431,
            0.386515,
            0.70938,
            0.7619499999999999,
            0.757655,
            0.007599,
            0.0075840000000000005,
            0.007594,
            0.0,
            0.007627,
            0.007613,
            0.061607999999999996,
            0.134824,
            0.134796,
            0.134814,
            0.134756,
            0.130604,
            0.575874,
            0.5910169999999999,
            0.5351159999999999,
            0.9916579999999999
        ],
        [
            0.62828,
            0.34363699999999997,
            0.35571299999999995,
            0.34063099999999996,
            0.35201799999999994,
            0.46190299999999995,
            0.34148199999999995,
            0.38656599999999997,
            0.7094309999999999,
            0.7620009999999999,
            0.757706,
            0.0076500000000000005,
            0.007634999999999999,
            0.007645,
            0.007627,
            0.0,
            0.007664,
            0.06165899999999999,
            0.134875,
            0.134847,
            0.134865,
            0.134807,
            0.130655,
            0.575925,
            0.5910679999999999,
            0.535167,
            0.991709
        ],
        [
            0.628266,
            0.343623,
            0.355699,
            0.340617,
            0.352004,
            0.461889,
            0.341468,
            0.386552,
            0.709417,
            0.761987,
            0.757692,
            0.007636,
            0.007620999999999999,
            0.007631,
            0.007613,
            0.007664,
            0.0,
            0.06164499999999999,
            0.134861,
            0.13483299999999998,
            0.134851,
            0.134793,
            0.130641,
            0.575911,
            0.591054,
            0.535153,
            0.991695
        ],
        [
            0.640937,
            0.356294,
            0.36837,
            0.353288,
            0.36467499999999997,
            0.47456,
            0.354139,
            0.399223,
            0.7220880000000001,
            0.774658,
            0.770363,
            0.061631,
            0.061616,
            0.061626,
            0.061607999999999996,
            0.06165899999999999,
            0.06164499999999999,
            0.0,
            0.147532,
            0.147504,
            0.147522,
            0.14746399999999998,
            0.143312,
            0.5885819999999999,
            0.603725,
            0.547824,
            1.004366
        ],
        [
            0.640579,
            0.355936,
            0.368012,
            0.35292999999999997,
            0.364317,
            0.474202,
            0.35378099999999996,
            0.39886499999999997,
            0.72173,
            0.7743,
            0.770005,
            0.134847,
            0.134832,
            0.13484200000000002,
            0.134824,
            0.134875,
            0.134861,
            0.147532,
            0.0,
            0.007804,
            0.007822,
            0.007764,
            0.104034,
            0.588224,
            0.603367,
            0.547466,
            1.004008
        ],
        [
            0.640551,
            0.355908,
            0.367984,
            0.352902,
            0.364289,
            0.474174,
            0.353753,
            0.398837,
            0.7217020000000001,
            0.774272,
            0.769977,
            0.134819,
            0.134804,
            0.134814,
            0.134796,
            0.134847,
            0.13483299999999998,
            0.147504,
            0.007804,
            0.0,
            0.007794000000000001,
            0.007736,
            0.104006,
            0.5881959999999999,
            0.603339,
            0.547438,
            1.0039799999999999
        ],
        [
            0.6405689999999999,
            0.35592599999999996,
            0.36800199999999994,
            0.35291999999999996,
            0.36430699999999994,
            0.47419199999999995,
            0.35377099999999995,
            0.39885499999999996,
            0.7217199999999999,
            0.7742899999999999,
            0.769995,
            0.134837,
            0.134822,
            0.134832,
            0.134814,
            0.134865,
            0.134851,
            0.147522,
            0.007822,
            0.007794000000000001,
            0.0,
            0.0077540000000000005,
            0.104024,
            0.588214,
            0.6033569999999999,
            0.5474559999999999,
            1.003998
        ],
        [
            0.6405109999999999,
            0.35586799999999996,
            0.36794399999999994,
            0.35286199999999995,
            0.36424899999999993,
            0.47413399999999994,
            0.35371299999999994,
            0.39879699999999996,
            0.721662,
            0.7742319999999999,
            0.769937,
            0.134779,
            0.134764,
            0.134774,
            0.134756,
            0.134807,
            0.134793,
            0.14746399999999998,
            0.007764,
            0.007736,
            0.0077540000000000005,
            0.0,
            0.103966,
            0.5881559999999999,
            0.6032989999999999,
            0.5473979999999999,
            1.00394
        ],
        [
            0.6363589999999999,
            0.351716,
            0.363792,
            0.34870999999999996,
            0.360097,
            0.469982,
            0.34956099999999996,
            0.39464499999999997,
            0.71751,
            0.7700799999999999,
            0.7657849999999999,
            0.130627,
            0.130612,
            0.13062200000000002,
            0.130604,
            0.130655,
            0.130641,
            0.143312,
            0.104034,
            0.104006,
            0.104024,
            0.103966,
            0.0,
            0.584004,
            0.5991469999999999,
            0.5432459999999999,
            0.9997879999999999
        ],
        [
            0.719365,
            0.434722,
            0.44679800000000003,
            0.431716,
            0.443103,
            0.552988,
            0.432567,
            0.477651,
            0.800516,
            0.853086,
            0.8487910000000001,
            0.575897,
            0.575882,
            0.575892,
            0.575874,
            0.575925,
            0.575911,
            0.5885819999999999,
            0.588224,
            0.5881959999999999,
            0.588214,
            0.5881559999999999,
            0.584004,
            0.0,
            0.08383299999999999,
            0.08875000000000001,
            0.660854
        ],
        [
            0.7345079999999999,
            0.44986499999999996,
            0.46194099999999993,
            0.44685899999999995,
            0.45824599999999993,
            0.5681309999999999,
            0.44770999999999994,
            0.49279399999999995,
            0.8156589999999999,
            0.8682289999999999,
            0.863934,
            0.59104,
            0.5910249999999999,
            0.591035,
            0.5910169999999999,
            0.5910679999999999,
            0.591054,
            0.603725,
            0.603367,
            0.603339,
            0.6033569999999999,
            0.6032989999999999,
            0.5991469999999999,
            0.08383299999999999,
            0.0,
            0.103893,
            0.675997
        ],
        [
            0.678607,
            0.393964,
            0.40603999999999996,
            0.39095799999999997,
            0.40234499999999995,
            0.51223,
            0.39180899999999996,
            0.436893,
            0.7597579999999999,
            0.8123279999999999,
            0.808033,
            0.535139,
            0.5351239999999999,
            0.535134,
            0.5351159999999999,
            0.535167,
            0.535153,
            0.547824,
            0.547466,
            0.547438,
            0.5474559999999999,
            0.5473979999999999,
            0.5432459999999999,
            0.08875000000000001,
            0.103893,
            0.0,
            0.620096
        ],
        [
            1.135149,
            0.850506,
            0.862582,
            0.8475,
            0.858887,
            0.968772,
            0.848351,
            0.893435,
            1.2163,
            1.26887,
            1.264575,
            0.991681,
            0.9916659999999999,
            0.991676,
            0.9916579999999999,
            0.991709,
            0.991695,
            1.004366,
            1.004008,
            1.0039799999999999,
            1.003998,
            1.00394,
            0.9997879999999999,
            0.660854,
            0.675997,
            0.620096,
            0.0
        ]
    ],
    "NODE_MAPPING": {
        "0": "1",
        "1": "2",
        "2": "3",
        "3": "4",
        "4": "5",
        "5": "6",
        "6": "7",
        "7": "8",
        "8": "9",
        "9": "10",
        "10": "11",
        "11": "12",
        "12": "13",
        "13": "14",
        "14": "15",
        "15": "16",
        "16": "17",
        "17": "18",
        "18": "19",
        "19": "20",
        "20": "21",
        "21": "22",
        "22": "23",
        "23": "24",
        "24": "25",
        "25": "26",
        "26": "27"
    }
}