{
    "NEXUS_FILE_URL": "http://purl.org/phylo/treebase/phylows/study/TB2:S12410",
    "NEWICK_TREE": "((1:18.359946017018494,((2:1.0573187566528297,3:1.0573187566528297):15.634918187432351,(((((((4:4.1855825269618485,(5:2.2311915676159977,(6:1.5686229888218488,7:1.5686229888218488):0.6625685787941489):1.9543909593458508):0.5451033991539012,8:4.730685926115817):1.355855497757152,(9:1.9946014532135017,10:1.9946014532135017):4.0919399706594):1.768244513074963,(11:2.772371206706704,((12:0.27653556095850007,13:0.27653556095850007):0.617196144256507,14:0.8937317052150071):1.8786395014917003):5.082414730241161):0.515781654926835,((15:1.4575991564027468,16:1.4575991564027468):3.556208165668849,(17:0.7904929656379309,18:0.7904929656379345):4.223314356433647):3.3567602698031997):2.6878605130588014,(((19:1.7670749881737589,20:1.7670749881737589):7.002175848293804,(21:1.290056261120668,22:1.290056261120668):7.479194575346895):0.6987956911396367,(23:5.5645538291968055,24:5.564553829196894):3.9034926984104974):1.5903815773263013):2.231150156063997,(25:9.9871419380282,((26:3.5186846165791517,27:3.5186846165791517):3.8015901483826537,(28:1.8719183556547954,29:1.8719183556547954):5.448356409306907):2.6668671730663913):3.3024363229695997):3.4026586830873526):1.6677090729331496):8.4417976452645,(30:15.378666382967005,((31:9.74992108896501,32:9.74992108896501):3.8148691749787407,33:13.56479026394375):1.813876119023254):11.423077279315997);",
    "DISTANCE_MATRIX": [
        [
            0.0,
            36.719892034036825,
            36.719892034036825,
            36.71989203403649,
            36.71989203403649,
            36.71989203403649,
            36.71989203403649,
            36.71989203403656,
            36.71989203403649,
            36.71989203403649,
            36.71989203403649,
            36.7198920340365,
            36.7198920340365,
            36.7198920340365,
            36.71989203403659,
            36.71989203403659,
            36.719892034036576,
            36.719892034036576,
            36.71989203403649,
            36.71989203403649,
            36.71989203403649,
            36.71989203403649,
            36.7198920340366,
            36.71989203403669,
            36.719892034036796,
            36.71989203403679,
            36.71989203403679,
            36.71989203403669,
            36.71989203403669,
            53.603487324566,
            53.603487324566,
            53.603487324566,
            53.603487324566
        ],
        [
            36.719892034036825,
            0.0,
            2.1146375133056594,
            33.384473888170035,
            33.384473888170035,
            33.384473888170035,
            33.384473888170035,
            33.3844738881701,
            33.384473888170035,
            33.384473888170035,
            33.384473888170035,
            33.384473888170035,
            33.384473888170035,
            33.384473888170035,
            33.38447388817013,
            33.38447388817013,
            33.384473888170106,
            33.38447388817011,
            33.384473888170035,
            33.384473888170035,
            33.384473888170035,
            33.384473888170035,
            33.384473888170135,
            33.38447388817022,
            33.384473888170334,
            33.384473888170334,
            33.384473888170334,
            33.38447388817023,
            33.38447388817023,
            53.60348732456583,
            53.60348732456583,
            53.60348732456583,
            53.60348732456583
        ],
        [
            36.719892034036825,
            2.1146375133056594,
            0.0,
            33.384473888170035,
            33.384473888170035,
            33.384473888170035,
            33.384473888170035,
            33.3844738881701,
            33.384473888170035,
            33.384473888170035,
            33.384473888170035,
            33.384473888170035,
            33.384473888170035,
            33.384473888170035,
            33.38447388817013,
            33.38447388817013,
            33.384473888170106,
            33.38447388817011,
            33.384473888170035,
            33.384473888170035,
            33.384473888170035,
            33.384473888170035,
            33.384473888170135,
            33.38447388817022,
            33.384473888170334,
            33.384473888170334,
            33.384473888170334,
            33.38447388817023,
            33.38447388817023,
            53.60348732456583,
            53.60348732456583,
            53.60348732456583,
            53.60348732456583
        ],
        [
            36.71989203403649,
            33.384473888170035,
            33.384473888170035,
            0.0,
            8.371165053923697,
            8.371165053923697,
            8.371165053923697,
            9.461371852231567,
            12.173082847745803,
            12.173082847745803,
            15.70957187389573,
            15.709571873895733,
            15.709571873895733,
            15.709571873895733,
            16.741135183749495,
            16.741135183749495,
            16.741135183749478,
            16.74113518374948,
            22.116856209867002,
            22.116856209867002,
            22.116856209867002,
            22.116856209867002,
            22.116856209867105,
            22.116856209867194,
            26.579156521995298,
            26.579156521995294,
            26.579156521995294,
            26.57915652199519,
            26.57915652199519,
            53.603487324565506,
            53.603487324565506,
            53.603487324565506,
            53.603487324565506
        ],
        [
            36.71989203403649,
            33.384473888170035,
            33.384473888170035,
            8.371165053923697,
            0.0,
            4.462383135231995,
            4.462383135231995,
            9.461371852231567,
            12.173082847745803,
            12.173082847745803,
            15.70957187389573,
            15.709571873895733,
            15.709571873895733,
            15.709571873895733,
            16.741135183749495,
            16.741135183749495,
            16.741135183749478,
            16.74113518374948,
            22.116856209867002,
            22.116856209867002,
            22.116856209867002,
            22.116856209867002,
            22.116856209867105,
            22.116856209867194,
            26.579156521995298,
            26.579156521995294,
            26.579156521995294,
            26.57915652199519,
            26.57915652199519,
            53.603487324565506,
            53.603487324565506,
            53.603487324565506,
            53.603487324565506
        ],
        [
            36.71989203403649,
            33.384473888170035,
            33.384473888170035,
            8.371165053923697,
            4.462383135231995,
            0.0,
            3.1372459776436976,
            9.461371852231567,
            12.173082847745803,
            12.173082847745803,
            15.70957187389573,
            15.709571873895733,
            15.709571873895733,
            15.709571873895733,
            16.741135183749495,
            16.741135183749495,
            16.741135183749478,
            16.74113518374948,
            22.116856209867002,
            22.116856209867002,
            22.116856209867002,
            22.116856209867002,
            22.116856209867105,
            22.116856209867194,
            26.579156521995298,
            26.579156521995294,
            26.579156521995294,
            26.57915652199519,
            26.57915652199519,
            53.603487324565506,
            53.603487324565506,
            53.603487324565506,
            53.603487324565506
        ],
        [
            36.71989203403649,
            33.384473888170035,
            33.384473888170035,
            8.371165053923697,
            4.462383135231995,
            3.1372459776436976,
            0.0,
            9.461371852231567,
            12.173082847745803,
            12.173082847745803,
            15.70957187389573,
            15.709571873895733,
            15.709571873895733,
            15.709571873895733,
            16.741135183749495,
            16.741135183749495,
            16.741135183749478,
            16.74113518374948,
            22.116856209867002,
            22.116856209867002,
            22.116856209867002,
            22.116856209867002,
            22.116856209867105,
            22.116856209867194,
            26.579156521995298,
            26.579156521995294,
            26.579156521995294,
            26.57915652199519,
            26.57915652199519,
            53.603487324565506,
            53.603487324565506,
            53.603487324565506,
            53.603487324565506
        ],
        [
            36.71989203403656,
            33.3844738881701,
            33.3844738881701,
            9.461371852231567,
            9.461371852231567,
            9.461371852231567,
            9.461371852231567,
            0.0,
            12.17308284774587,
            12.17308284774587,
            15.709571873895797,
            15.7095718738958,
            15.7095718738958,
            15.7095718738958,
            16.741135183749563,
            16.741135183749563,
            16.741135183749545,
            16.74113518374955,
            22.11685620986707,
            22.11685620986707,
            22.11685620986707,
            22.11685620986707,
            22.116856209867173,
            22.11685620986726,
            26.579156521995365,
            26.579156521995362,
            26.579156521995362,
            26.57915652199526,
            26.57915652199526,
            53.60348732456557,
            53.60348732456557,
            53.60348732456557,
            53.60348732456557
        ],
        [
            36.71989203403649,
            33.384473888170035,
            33.384473888170035,
            12.173082847745803,
            12.173082847745803,
            12.173082847745803,
            12.173082847745803,
            12.17308284774587,
            0.0,
            3.9892029064270034,
            15.70957187389573,
            15.709571873895733,
            15.709571873895733,
            15.709571873895733,
            16.741135183749495,
            16.741135183749495,
            16.741135183749478,
            16.74113518374948,
            22.116856209867002,
            22.116856209867002,
            22.116856209867002,
            22.116856209867002,
            22.116856209867105,
            22.116856209867194,
            26.579156521995298,
            26.579156521995294,
            26.579156521995294,
            26.57915652199519,
            26.57915652199519,
            53.603487324565506,
            53.603487324565506,
            53.603487324565506,
            53.603487324565506
        ],
        [
            36.71989203403649,
            33.384473888170035,
            33.384473888170035,
            12.173082847745803,
            12.173082847745803,
            12.173082847745803,
            12.173082847745803,
            12.17308284774587,
            3.9892029064270034,
            0.0,
            15.70957187389573,
            15.709571873895733,
            15.709571873895733,
            15.709571873895733,
            16.741135183749495,
            16.741135183749495,
            16.741135183749478,
            16.74113518374948,
            22.116856209867002,
            22.116856209867002,
            22.116856209867002,
            22.116856209867002,
            22.116856209867105,
            22.116856209867194,
            26.579156521995298,
            26.579156521995294,
            26.579156521995294,
            26.57915652199519,
            26.57915652199519,
            53.603487324565506,
            53.603487324565506,
            53.603487324565506,
            53.603487324565506
        ],
        [
            36.71989203403649,
            33.384473888170035,
            33.384473888170035,
            15.70957187389573,
            15.70957187389573,
            15.70957187389573,
            15.70957187389573,
            15.709571873895797,
            15.70957187389573,
            15.70957187389573,
            0.0,
            5.544742413413411,
            5.544742413413411,
            5.544742413413411,
            16.741135183749495,
            16.741135183749495,
            16.741135183749478,
            16.74113518374948,
            22.116856209867002,
            22.116856209867002,
            22.116856209867002,
            22.116856209867002,
            22.116856209867105,
            22.116856209867194,
            26.579156521995298,
            26.579156521995294,
            26.579156521995294,
            26.57915652199519,
            26.57915652199519,
            53.603487324565506,
            53.603487324565506,
            53.603487324565506,
            53.603487324565506
        ],
        [
            36.7198920340365,
            33.384473888170035,
            33.384473888170035,
            15.709571873895733,
            15.709571873895733,
            15.709571873895733,
            15.709571873895733,
            15.7095718738958,
            15.709571873895733,
            15.709571873895733,
            5.544742413413411,
            0.0,
            0.5530711219170001,
            1.7874634104300142,
            16.7411351837495,
            16.7411351837495,
            16.74113518374948,
            16.741135183749485,
            22.116856209867006,
            22.116856209867006,
            22.116856209867006,
            22.116856209867006,
            22.11685620986711,
            22.116856209867198,
            26.5791565219953,
            26.579156521995298,
            26.579156521995298,
            26.579156521995195,
            26.579156521995195,
            53.603487324565506,
            53.603487324565506,
            53.603487324565506,
            53.603487324565506
        ],
        [
            36.7198920340365,
            33.384473888170035,
            33.384473888170035,
            15.709571873895733,
            15.709571873895733,
            15.709571873895733,
            15.709571873895733,
            15.7095718738958,
            15.709571873895733,
            15.709571873895733,
            5.544742413413411,
            0.5530711219170001,
            0.0,
            1.7874634104300142,
            16.7411351837495,
            16.7411351837495,
            16.74113518374948,
            16.741135183749485,
            22.116856209867006,
            22.116856209867006,
            22.116856209867006,
            22.116856209867006,
            22.11685620986711,
            22.116856209867198,
            26.5791565219953,
            26.579156521995298,
            26.579156521995298,
            26.579156521995195,
            26.579156521995195,
            53.603487324565506,
            53.603487324565506,
            53.603487324565506,
            53.603487324565506
        ],
        [
            36.7198920340365,
            33.384473888170035,
            33.384473888170035,
            15.709571873895733,
            15.709571873895733,
            15.709571873895733,
            15.709571873895733,
            15.7095718738958,
            15.709571873895733,
            15.709571873895733,
            5.544742413413411,
            1.7874634104300142,
            1.7874634104300142,
            0.0,
            16.7411351837495,
            16.7411351837495,
            16.74113518374948,
            16.741135183749485,
            22.116856209867006,
            22.116856209867006,
            22.116856209867006,
            22.116856209867006,
            22.11685620986711,
            22.116856209867198,
            26.5791565219953,
            26.579156521995298,
            26.579156521995298,
            26.579156521995195,
            26.579156521995195,
            53.603487324565506,
            53.603487324565506,
            53.603487324565506,
            53.603487324565506
        ],
        [
            36.71989203403659,
            33.38447388817013,
            33.38447388817013,
            16.741135183749495,
            16.741135183749495,
            16.741135183749495,
            16.741135183749495,
            16.741135183749563,
            16.741135183749495,
            16.741135183749495,
            16.741135183749495,
            16.7411351837495,
            16.7411351837495,
            16.7411351837495,
            0.0,
            2.9151983128054937,
            10.027614644143174,
            10.027614644143178,
            22.116856209867098,
            22.116856209867098,
            22.116856209867098,
            22.116856209867098,
            22.1168562098672,
            22.11685620986729,
            26.579156521995394,
            26.57915652199539,
            26.57915652199539,
            26.579156521995287,
            26.579156521995287,
            53.6034873245656,
            53.6034873245656,
            53.6034873245656,
            53.6034873245656
        ],
        [
            36.71989203403659,
            33.38447388817013,
            33.38447388817013,
            16.741135183749495,
            16.741135183749495,
            16.741135183749495,
            16.741135183749495,
            16.741135183749563,
            16.741135183749495,
            16.741135183749495,
            16.741135183749495,
            16.7411351837495,
            16.7411351837495,
            16.7411351837495,
            2.9151983128054937,
            0.0,
            10.027614644143174,
            10.027614644143178,
            22.116856209867098,
            22.116856209867098,
            22.116856209867098,
            22.116856209867098,
            22.1168562098672,
            22.11685620986729,
            26.579156521995394,
            26.57915652199539,
            26.57915652199539,
            26.579156521995287,
            26.579156521995287,
            53.6034873245656,
            53.6034873245656,
            53.6034873245656,
            53.6034873245656
        ],
        [
            36.719892034036576,
            33.384473888170106,
            33.384473888170106,
            16.741135183749478,
            16.741135183749478,
            16.741135183749478,
            16.741135183749478,
            16.741135183749545,
            16.741135183749478,
            16.741135183749478,
            16.741135183749478,
            16.74113518374948,
            16.74113518374948,
            16.74113518374948,
            10.027614644143174,
            10.027614644143174,
            0.0,
            1.5809859312758654,
            22.11685620986708,
            22.11685620986708,
            22.11685620986708,
            22.11685620986708,
            22.116856209867183,
            22.116856209867272,
            26.579156521995376,
            26.579156521995372,
            26.579156521995372,
            26.57915652199527,
            26.57915652199527,
            53.60348732456558,
            53.60348732456558,
            53.60348732456558,
            53.60348732456558
        ],
        [
            36.719892034036576,
            33.38447388817011,
            33.38447388817011,
            16.74113518374948,
            16.74113518374948,
            16.74113518374948,
            16.74113518374948,
            16.74113518374955,
            16.74113518374948,
            16.74113518374948,
            16.74113518374948,
            16.741135183749485,
            16.741135183749485,
            16.741135183749485,
            10.027614644143178,
            10.027614644143178,
            1.5809859312758654,
            0.0,
            22.116856209867084,
            22.116856209867084,
            22.116856209867084,
            22.116856209867084,
            22.116856209867187,
            22.116856209867276,
            26.57915652199538,
            26.579156521995376,
            26.579156521995376,
            26.579156521995273,
            26.579156521995273,
            53.603487324565585,
            53.603487324565585,
            53.603487324565585,
            53.603487324565585
        ],
        [
            36.71989203403649,
            33.384473888170035,
            33.384473888170035,
            22.116856209867002,
            22.116856209867002,
            22.116856209867002,
            22.116856209867002,
            22.11685620986707,
            22.116856209867002,
            22.116856209867002,
            22.116856209867002,
            22.116856209867006,
            22.116856209867006,
            22.116856209867006,
            22.116856209867098,
            22.116856209867098,
            22.11685620986708,
            22.116856209867084,
            0.0,
            3.5341499763475177,
            17.538501672935126,
            17.538501672935126,
            18.936093055214503,
            18.93609305521459,
            26.579156521995298,
            26.579156521995294,
            26.579156521995294,
            26.57915652199519,
            26.57915652199519,
            53.603487324565506,
            53.603487324565506,
            53.603487324565506,
            53.603487324565506
        ],
        [
            36.71989203403649,
            33.384473888170035,
            33.384473888170035,
            22.116856209867002,
            22.116856209867002,
            22.116856209867002,
            22.116856209867002,
            22.11685620986707,
            22.116856209867002,
            22.116856209867002,
            22.116856209867002,
            22.116856209867006,
            22.116856209867006,
            22.116856209867006,
            22.116856209867098,
            22.116856209867098,
            22.11685620986708,
            22.116856209867084,
            3.5341499763475177,
            0.0,
            17.538501672935126,
            17.538501672935126,
            18.936093055214503,
            18.93609305521459,
            26.579156521995298,
            26.579156521995294,
            26.579156521995294,
            26.57915652199519,
            26.57915652199519,
            53.603487324565506,
            53.603487324565506,
            53.603487324565506,
            53.603487324565506
        ],
        [
            36.71989203403649,
            33.384473888170035,
            33.384473888170035,
            22.116856209867002,
            22.116856209867002,
            22.116856209867002,
            22.116856209867002,
            22.11685620986707,
            22.116856209867002,
            22.116856209867002,
            22.116856209867002,
            22.116856209867006,
            22.116856209867006,
            22.116856209867006,
            22.116856209867098,
            22.116856209867098,
            22.11685620986708,
            22.116856209867084,
            17.538501672935126,
            17.538501672935126,
            0.0,
            2.580112522241336,
            18.936093055214503,
            18.93609305521459,
            26.579156521995298,
            26.579156521995294,
            26.579156521995294,
            26.57915652199519,
            26.57915652199519,
            53.603487324565506,
            53.603487324565506,
            53.603487324565506,
            53.603487324565506
        ],
        [
            36.71989203403649,
            33.384473888170035,
            33.384473888170035,
            22.116856209867002,
            22.116856209867002,
            22.116856209867002,
            22.116856209867002,
            22.11685620986707,
            22.116856209867002,
            22.116856209867002,
            22.116856209867002,
            22.116856209867006,
            22.116856209867006,
            22.116856209867006,
            22.116856209867098,
            22.116856209867098,
            22.11685620986708,
            22.116856209867084,
            17.538501672935126,
            17.538501672935126,
            2.580112522241336,
            0.0,
            18.936093055214503,
            18.93609305521459,
            26.579156521995298,
            26.579156521995294,
            26.579156521995294,
            26.57915652199519,
            26.57915652199519,
            53.603487324565506,
            53.603487324565506,
            53.603487324565506,
            53.603487324565506
        ],
        [
            36.7198920340366,
            33.384473888170135,
            33.384473888170135,
            22.116856209867105,
            22.116856209867105,
            22.116856209867105,
            22.116856209867105,
            22.116856209867173,
            22.116856209867105,
            22.116856209867105,
            22.116856209867105,
            22.11685620986711,
            22.11685620986711,
            22.11685620986711,
            22.1168562098672,
            22.1168562098672,
            22.116856209867183,
            22.116856209867187,
            18.936093055214503,
            18.936093055214503,
            18.936093055214503,
            18.936093055214503,
            0.0,
            11.1291076583937,
            26.5791565219954,
            26.579156521995397,
            26.579156521995397,
            26.579156521995294,
            26.579156521995294,
            53.603487324565606,
            53.603487324565606,
            53.603487324565606,
            53.603487324565606
        ],
        [
            36.71989203403669,
            33.38447388817022,
            33.38447388817022,
            22.116856209867194,
            22.116856209867194,
            22.116856209867194,
            22.116856209867194,
            22.11685620986726,
            22.116856209867194,
            22.116856209867194,
            22.116856209867194,
            22.116856209867198,
            22.116856209867198,
            22.116856209867198,
            22.11685620986729,
            22.11685620986729,
            22.116856209867272,
            22.116856209867276,
            18.93609305521459,
            18.93609305521459,
            18.93609305521459,
            18.93609305521459,
            11.1291076583937,
            0.0,
            26.57915652199549,
            26.579156521995486,
            26.579156521995486,
            26.579156521995383,
            26.579156521995383,
            53.60348732456569,
            53.60348732456569,
            53.60348732456569,
            53.60348732456569
        ],
        [
            36.719892034036796,
            33.384473888170334,
            33.384473888170334,
            26.579156521995298,
            26.579156521995298,
            26.579156521995298,
            26.579156521995298,
            26.579156521995365,
            26.579156521995298,
            26.579156521995298,
            26.579156521995298,
            26.5791565219953,
            26.5791565219953,
            26.5791565219953,
            26.579156521995394,
            26.579156521995394,
            26.579156521995376,
            26.57915652199538,
            26.579156521995298,
            26.579156521995298,
            26.579156521995298,
            26.579156521995298,
            26.5791565219954,
            26.57915652199549,
            0.0,
            19.974283876056397,
            19.974283876056397,
            19.974283876056294,
            19.974283876056294,
            53.603487324565805,
            53.603487324565805,
            53.603487324565805,
            53.603487324565805
        ],
        [
            36.71989203403679,
            33.384473888170334,
            33.384473888170334,
            26.579156521995294,
            26.579156521995294,
            26.579156521995294,
            26.579156521995294,
            26.579156521995362,
            26.579156521995294,
            26.579156521995294,
            26.579156521995294,
            26.579156521995298,
            26.579156521995298,
            26.579156521995298,
            26.57915652199539,
            26.57915652199539,
            26.579156521995372,
            26.579156521995376,
            26.579156521995294,
            26.579156521995294,
            26.579156521995294,
            26.579156521995294,
            26.579156521995397,
            26.579156521995486,
            19.974283876056397,
            0.0,
            7.037369233158303,
            14.640549529923508,
            14.640549529923508,
            53.603487324565805,
            53.603487324565805,
            53.603487324565805,
            53.603487324565805
        ],
        [
            36.71989203403679,
            33.384473888170334,
            33.384473888170334,
            26.579156521995294,
            26.579156521995294,
            26.579156521995294,
            26.579156521995294,
            26.579156521995362,
            26.579156521995294,
            26.579156521995294,
            26.579156521995294,
            26.579156521995298,
            26.579156521995298,
            26.579156521995298,
            26.57915652199539,
            26.57915652199539,
            26.579156521995372,
            26.579156521995376,
            26.579156521995294,
            26.579156521995294,
            26.579156521995294,
            26.579156521995294,
            26.579156521995397,
            26.579156521995486,
            19.974283876056397,
            7.037369233158303,
            0.0,
            14.640549529923508,
            14.640549529923508,
            53.603487324565805,
            53.603487324565805,
            53.603487324565805,
            53.603487324565805
        ],
        [
            36.71989203403669,
            33.38447388817023,
            33.38447388817023,
            26.57915652199519,
            26.57915652199519,
            26.57915652199519,
            26.57915652199519,
            26.57915652199526,
            26.57915652199519,
            26.57915652199519,
            26.57915652199519,
            26.579156521995195,
            26.579156521995195,
            26.579156521995195,
            26.579156521995287,
            26.579156521995287,
            26.57915652199527,
            26.579156521995273,
            26.57915652199519,
            26.57915652199519,
            26.57915652199519,
            26.57915652199519,
            26.579156521995294,
            26.579156521995383,
            19.974283876056294,
            14.640549529923508,
            14.640549529923508,
            0.0,
            3.7438367113095907,
            53.6034873245657,
            53.6034873245657,
            53.6034873245657,
            53.6034873245657
        ],
        [
            36.71989203403669,
            33.38447388817023,
            33.38447388817023,
            26.57915652199519,
            26.57915652199519,
            26.57915652199519,
            26.57915652199519,
            26.57915652199526,
            26.57915652199519,
            26.57915652199519,
            26.57915652199519,
            26.579156521995195,
            26.579156521995195,
            26.579156521995195,
            26.579156521995287,
            26.579156521995287,
            26.57915652199527,
            26.579156521995273,
            26.57915652199519,
            26.57915652199519,
            26.57915652199519,
            26.57915652199519,
            26.579156521995294,
            26.579156521995383,
            19.974283876056294,
            14.640549529923508,
            14.640549529923508,
            3.7438367113095907,
            0.0,
            53.6034873245657,
            53.6034873245657,
            53.6034873245657,
            53.6034873245657
        ],
        [
            53.603487324566,
            53.60348732456583,
            53.60348732456583,
            53.603487324565506,
            53.603487324565506,
            53.603487324565506,
            53.603487324565506,
            53.60348732456557,
            53.603487324565506,
            53.603487324565506,
            53.603487324565506,
            53.603487324565506,
            53.603487324565506,
            53.603487324565506,
            53.6034873245656,
            53.6034873245656,
            53.60348732456558,
            53.603487324565585,
            53.603487324565506,
            53.603487324565506,
            53.603487324565506,
            53.603487324565506,
            53.603487324565606,
            53.60348732456569,
            53.603487324565805,
            53.603487324565805,
            53.603487324565805,
            53.6034873245657,
            53.6034873245657,
            0.0,
            30.75733276593401,
            30.75733276593401,
            30.75733276593401
        ],
        [
            53.603487324566,
            53.60348732456583,
            53.60348732456583,
            53.603487324565506,
            53.603487324565506,
            53.603487324565506,
            53.603487324565506,
            53.60348732456557,
            53.603487324565506,
            53.603487324565506,
            53.603487324565506,
            53.603487324565506,
            53.603487324565506,
            53.603487324565506,
            53.6034873245656,
            53.6034873245656,
            53.60348732456558,
            53.603487324565585,
            53.603487324565506,
            53.603487324565506,
            53.603487324565506,
            53.603487324565506,
            53.603487324565606,
            53.60348732456569,
            53.603487324565805,
            53.603487324565805,
            53.603487324565805,
            53.6034873245657,
            53.6034873245657,
            30.75733276593401,
            0.0,
            19.49984217793002,
            27.1295805278875
        ],
        [
            53.603487324566,
            53.60348732456583,
            53.60348732456583,
            53.603487324565506,
            53.603487324565506,
            53.603487324565506,
            53.603487324565506,
            53.60348732456557,
            53.603487324565506,
            53.603487324565506,
            53.603487324565506,
            53.603487324565506,
            53.603487324565506,
            53.603487324565506,
            53.6034873245656,
            53.6034873245656,
            53.60348732456558,
            53.603487324565585,
            53.603487324565506,
            53.603487324565506,
            53.603487324565506,
            53.603487324565506,
            53.603487324565606,
            53.60348732456569,
            53.603487324565805,
            53.603487324565805,
            53.603487324565805,
            53.6034873245657,
            53.6034873245657,
            30.75733276593401,
            19.49984217793002,
            0.0,
            27.1295805278875
        ],
        [
            53.603487324566,
            53.60348732456583,
            53.60348732456583,
            53.603487324565506,
            53.603487324565506,
            53.603487324565506,
            53.603487324565506,
            53.60348732456557,
            53.603487324565506,
            53.603487324565506,
            53.603487324565506,
            53.603487324565506,
            53.603487324565506,
            53.603487324565506,
            53.6034873245656,
            53.6034873245656,
            53.60348732456558,
            53.603487324565585,
            53.603487324565506,
            53.603487324565506,
            53.603487324565506,
            53.603487324565506,
            53.603487324565606,
            53.60348732456569,
            53.603487324565805,
            53.603487324565805,
            53.603487324565805,
            53.6034873245657,
            53.6034873245657,
            30.75733276593401,
            27.1295805278875,
            27.1295805278875,
            0.0
        ]
    ],
    "NODE_MAPPING": {
        "0": "1",
        "1": "2",
        "2": "3",
        "3": "4",
        "4": "5",
        "5": "6",
        "6": "7",
        "7": "8",
        "8": "9",
        "9": "10",
        "10": "11",
        "11": "12",
        "12": "13",
        "13": "14",
        "14": "15",
        "15": "16",
        "16": "17",
        "17": "18",
        "18": "19",
        "19": "20",
        "20": "21",
        "21": "22",
        "22": "23",
        "23": "24",
        "24": "25",
        "25": "26",
        "26": "27",
        "27": "28",
        "28": "29",
        "29": "30",
        "30": "31",
        "31": "32",
        "32": "33"
    }
}