{
    "NEXUS_FILE_URL": "http://purl.org/phylo/treebase/phylows/study/TB2:S13754",
    "NEWICK_TREE": "(((((12:0.001887,13:0.001843,15:0.001885):0.007084,2:0.001866,3:0.003683,8:0.001854,9:0.001922,11:0.001889,14:0.001926):0.005402,((4:0.001865,5:0.001927,6:0.001856):0.005604,10:0.001951):0.009759,7:0.002543):0.125684,16:0.043423):0.170004,1:0.170004);",
    "DISTANCE_MATRIX": [
        [
            0.0,
            0.00373,
            0.003772,
            0.010837,
            0.012654,
            0.010825,
            0.010893,
            0.01086,
            0.010897,
            0.031601000000000004,
            0.031663,
            0.031591999999999995,
            0.026083000000000002,
            0.016916,
            0.18347999999999998,
            0.48006499999999996
        ],
        [
            0.00373,
            0.0,
            0.003728,
            0.010793,
            0.012610000000000001,
            0.010781,
            0.010849000000000001,
            0.010816000000000001,
            0.010853000000000002,
            0.031557,
            0.031619,
            0.031548,
            0.026039,
            0.016872,
            0.183436,
            0.480021
        ],
        [
            0.003772,
            0.003728,
            0.0,
            0.010835,
            0.012652,
            0.010823,
            0.010891,
            0.010858,
            0.010895,
            0.031599,
            0.031660999999999995,
            0.03158999999999999,
            0.026081,
            0.016914,
            0.18347799999999997,
            0.48006299999999996
        ],
        [
            0.010837,
            0.010793,
            0.010835,
            0.0,
            0.005549,
            0.00372,
            0.003788,
            0.003755,
            0.0037920000000000002,
            0.024496,
            0.024558,
            0.024487,
            0.018978000000000002,
            0.009811,
            0.176375,
            0.47296
        ],
        [
            0.012654,
            0.012610000000000001,
            0.012652,
            0.005549,
            0.0,
            0.005537,
            0.005605000000000001,
            0.0055720000000000006,
            0.005609,
            0.026313,
            0.026375,
            0.026303999999999998,
            0.020795,
            0.011628,
            0.17819200000000002,
            0.47477699999999995
        ],
        [
            0.010825,
            0.010781,
            0.010823,
            0.00372,
            0.005537,
            0.0,
            0.003776,
            0.003743,
            0.00378,
            0.024484,
            0.024546,
            0.024474999999999997,
            0.018966,
            0.009798999999999999,
            0.176363,
            0.472948
        ],
        [
            0.010893,
            0.010849000000000001,
            0.010891,
            0.003788,
            0.005605000000000001,
            0.003776,
            0.0,
            0.003811,
            0.003848,
            0.024552,
            0.024614,
            0.024543,
            0.019034,
            0.009867,
            0.176431,
            0.47301599999999994
        ],
        [
            0.01086,
            0.010816000000000001,
            0.010858,
            0.003755,
            0.0055720000000000006,
            0.003743,
            0.003811,
            0.0,
            0.003815,
            0.024519,
            0.024581,
            0.024509999999999997,
            0.019001,
            0.009833999999999999,
            0.176398,
            0.472983
        ],
        [
            0.010897,
            0.010853000000000002,
            0.010895,
            0.0037920000000000002,
            0.005609,
            0.00378,
            0.003848,
            0.003815,
            0.0,
            0.024556,
            0.024618,
            0.024547,
            0.019038,
            0.009871,
            0.176435,
            0.47301999999999994
        ],
        [
            0.031601000000000004,
            0.031557,
            0.031599,
            0.024496,
            0.026313,
            0.024484,
            0.024552,
            0.024519,
            0.024556,
            0.0,
            0.003792,
            0.003721,
            0.00942,
            0.019771,
            0.18633499999999997,
            0.48291999999999996
        ],
        [
            0.031663,
            0.031619,
            0.031660999999999995,
            0.024558,
            0.026375,
            0.024546,
            0.024614,
            0.024581,
            0.024618,
            0.003792,
            0.0,
            0.003783,
            0.009481999999999999,
            0.019833,
            0.18639699999999998,
            0.48298199999999997
        ],
        [
            0.031591999999999995,
            0.031548,
            0.03158999999999999,
            0.024487,
            0.026303999999999998,
            0.024474999999999997,
            0.024543,
            0.024509999999999997,
            0.024547,
            0.003721,
            0.003783,
            0.0,
            0.009411,
            0.019762,
            0.186326,
            0.482911
        ],
        [
            0.026083000000000002,
            0.026039,
            0.026081,
            0.018978000000000002,
            0.020795,
            0.018966,
            0.019034,
            0.019001,
            0.019038,
            0.00942,
            0.009481999999999999,
            0.009411,
            0.0,
            0.014253,
            0.180817,
            0.47740199999999994
        ],
        [
            0.016916,
            0.016872,
            0.016914,
            0.009811,
            0.011628,
            0.009798999999999999,
            0.009867,
            0.009833999999999999,
            0.009871,
            0.019771,
            0.019833,
            0.019762,
            0.014253,
            0.0,
            0.17164999999999997,
            0.46823499999999996
        ],
        [
            0.18347999999999998,
            0.183436,
            0.18347799999999997,
            0.176375,
            0.17819200000000002,
            0.176363,
            0.176431,
            0.176398,
            0.176435,
            0.18633499999999997,
            0.18639699999999998,
            0.186326,
            0.180817,
            0.17164999999999997,
            0.0,
            0.38343099999999997
        ],
        [
            0.48006499999999996,
            0.480021,
            0.48006299999999996,
            0.47296,
            0.47477699999999995,
            0.472948,
            0.47301599999999994,
            0.472983,
            0.47301999999999994,
            0.48291999999999996,
            0.48298199999999997,
            0.482911,
            0.47740199999999994,
            0.46823499999999996,
            0.38343099999999997,
            0.0
        ]
    ],
    "NODE_MAPPING": {
        "0": "12",
        "1": "13",
        "2": "15",
        "3": "2",
        "4": "3",
        "5": "8",
        "6": "9",
        "7": "11",
        "8": "14",
        "9": "4",
        "10": "5",
        "11": "6",
        "12": "10",
        "13": "7",
        "14": "16",
        "15": "1"
    }
}