{
    "NEXUS_FILE_URL": "http://purl.org/phylo/treebase/phylows/study/TB2:S14038",
    "NEWICK_TREE": "(3:0.244431300033003,6:0.1729400018975115,((((((((1:2.177618855041179E-4,2:2.187651350160527E-4,4:2.192883341084206E-4,12:2.195386151853078E-4,18:2.200884715878665E-4,20:2.199876654122037E-4):0.005195587950763907,26:0.01028456181198078):0.01146892818269923,((((13:5.355936292081304E-4,19:2.225859791710177E-4):4.465380872428115E-4,17:2.817844774845667E-4):4.369813538915213E-4,14:2.439342254575972E-4):0.01020794088499192,25:0.01182596864791854):0.004474552046451241):0.0450506460264439,((16:0.03245674026992573,21:0.04689247166365565):0.01307951279023872,22:0.06990330153751406):0.006178341782682572):0.02044056962810278,7:0.04681389660374246):0.0196292723488633,(((8:0.008450389260060741,27:0.0116245442089674):0.01080030860692388,10:0.02164861591738132):0.07252515677565631,(11:0.02802898225909443,23:0.01653442530438075):0.08984922413302938):0.03499040112965989):0.01090402458465457,(15:0.00230508792563484,24:0.001293675002708865):0.0723763409294984):0.01264805472729293,(5:0.03578838469694647,9:0.03867576691953419):0.04705260729931175):0.04966286171679483);",
    "DISTANCE_MATRIX": [
        [
            0.0,
            0.4173713019305145,
            0.41964900708412256,
            0.41965001033363447,
            0.41965053353272685,
            0.4196507838138038,
            0.41965133367020635,
            0.41965123286403067,
            0.42452021905983534,
            0.41886833506694093,
            0.4185553274169038,
            0.4181679878279746,
            0.41769315622205605,
            0.41906724975952514,
            0.40943067788155846,
            0.4238664092752884,
            0.43379772635890806,
            0.3840894100143511,
            0.44441249683404616,
            0.4475866517829528,
            0.44681041488444284,
            0.47051484858352904,
            0.45902029162881536,
            0.381423645332224,
            0.380412232409298,
            0.376935153746056,
            0.3798225359686438
        ],
        [
            0.4173713019305145,
            0.0,
            0.3481577089486311,
            0.348158712198143,
            0.34815923539723537,
            0.34815948567831223,
            0.3481600355347148,
            0.3481599347285391,
            0.3530289209243438,
            0.3473770369314494,
            0.34706402928141233,
            0.34667668969248305,
            0.34620185808656456,
            0.3475759516240336,
            0.3379393797460669,
            0.35237511113979686,
            0.3623064282234165,
            0.31259811187885955,
            0.37292119869855467,
            0.3760953536474613,
            0.37531911674895135,
            0.3990235504480375,
            0.3875289934933238,
            0.30993234719673246,
            0.3089209342738065,
            0.30544385561056453,
            0.30833123783315225
        ],
        [
            0.41964900708412256,
            0.3481577089486311,
            0.0,
            0.0004365270205201706,
            0.0004370502196125385,
            0.00043730050068942574,
            0.0004378503570919844,
            0.00043774955091632165,
            0.015697911648248804,
            0.03298388402075288,
            0.032670876370715765,
            0.032283536781786505,
            0.031808705175868014,
            0.033182798713337035,
            0.11364751888825819,
            0.1280832502819881,
            0.1380145673656078,
            0.1291873902772564,
            0.22876902179467806,
            0.23194317674358472,
            0.23116693984507475,
            0.25487137354416095,
            0.24337681658944726,
            0.18758821946216508,
            0.18657680653923908,
            0.20839583733058298,
            0.2112832195531707
        ],
        [
            0.41965001033363447,
            0.348158712198143,
            0.0004365270205201706,
            0.0,
            0.0004380534691244733,
            0.0004383037502013605,
            0.00043885360660391923,
            0.0004387528004282564,
            0.015698914897760742,
            0.032984887270264815,
            0.0326718796202277,
            0.032284540031298437,
            0.031809708425379946,
            0.033183801962848966,
            0.11364852213777013,
            0.12808425353150005,
            0.13801557061511974,
            0.12918839352676834,
            0.22877002504419,
            0.23194417999309666,
            0.2311679430945867,
            0.2548723767936729,
            0.2433778198389592,
            0.187589222711677,
            0.18657780978875102,
            0.2083968405800949,
            0.2112842228026826
        ],
        [
            0.41965053353272685,
            0.34815923539723537,
            0.0004370502196125385,
            0.0004380534691244733,
            0.0,
            0.0004388269492937284,
            0.00043937680569628714,
            0.0004392759995206243,
            0.01569943809685311,
            0.032985410469357185,
            0.03267240281932007,
            0.032285063230390806,
            0.031810231624472315,
            0.033184325161941336,
            0.11364904533686249,
            0.1280847767305924,
            0.1380160938142121,
            0.1291889167258607,
            0.22877054824328236,
            0.23194470319218902,
            0.23116846629367904,
            0.25487289999276524,
            0.24337834303805156,
            0.18758974591076938,
            0.18657833298784338,
            0.20839736377918727,
            0.211284746001775
        ],
        [
            0.4196507838138038,
            0.34815948567831223,
            0.00043730050068942574,
            0.0004383037502013605,
            0.0004388269492937284,
            0.0,
            0.0004396270867731743,
            0.0004395262805975115,
            0.015699688377929996,
            0.03298566075043407,
            0.03267265310039696,
            0.0322853135114677,
            0.03181048190554921,
            0.03318457544301823,
            0.11364929561793938,
            0.1280850270116693,
            0.13801634409528898,
            0.12918916700693758,
            0.22877079852435928,
            0.23194495347326594,
            0.23116871657475596,
            0.25487315027384216,
            0.24337859331912848,
            0.18758999619184624,
            0.1865785832689203,
            0.20839761406026416,
            0.21128499628285188
        ],
        [
            0.41965133367020635,
            0.3481600355347148,
            0.0004378503570919844,
            0.00043885360660391923,
            0.00043937680569628714,
            0.0004396270867731743,
            0.0,
            0.0004400761370000702,
            0.01570023823433255,
            0.032986210606836625,
            0.03267320295679951,
            0.03228586336787025,
            0.03181103176195176,
            0.03318512529942078,
            0.11364984547434194,
            0.12808557686807187,
            0.13801689395169153,
            0.12918971686334016,
            0.22877134838076182,
            0.23194550332966848,
            0.2311692664311585,
            0.2548737001302447,
            0.24337914317553103,
            0.18759054604824882,
            0.18657913312532284,
            0.2083981639166667,
            0.21128554613925443
        ],
        [
            0.41965123286403067,
            0.3481599347285391,
            0.00043774955091632165,
            0.0004387528004282564,
            0.0004392759995206243,
            0.0004395262805975115,
            0.0004400761370000702,
            0.0,
            0.01570013742815689,
            0.03298610980066097,
            0.032673102150623856,
            0.03228576256169459,
            0.0318109309557761,
            0.03318502449324512,
            0.11364974466816627,
            0.1280854760618962,
            0.13801679314551588,
            0.12918961605716447,
            0.22877124757458617,
            0.23194540252349283,
            0.23116916562498285,
            0.25487359932406906,
            0.24337904236935537,
            0.18759044524207313,
            0.1865790323191472,
            0.20839806311049106,
            0.21128544533307878
        ],
        [
            0.42452021905983534,
            0.3530289209243438,
            0.015697911648248804,
            0.015698914897760742,
            0.01569943809685311,
            0.015699688377929996,
            0.01570023823433255,
            0.01570013742815689,
            0.0,
            0.03785509599646564,
            0.037542088346428526,
            0.03715474875749926,
            0.03667991715158077,
            0.03805401068904979,
            0.11851873086397095,
            0.13295446225770086,
            0.14288577934132057,
            0.13405860225296917,
            0.23364023377039084,
            0.2368143887192975,
            0.23603815182078752,
            0.2597425855198737,
            0.24824802856516004,
            0.19245943143787783,
            0.19144801851495186,
            0.21326704930629573,
            0.21615443152888345
        ],
        [
            0.41886833506694093,
            0.3473770369314494,
            0.03298388402075288,
            0.032984887270264815,
            0.032985410469357185,
            0.03298566075043407,
            0.032986210606836625,
            0.03298610980066097,
            0.03785509599646564,
            0.0,
            0.000758179608379148,
            0.0012639161939355084,
            0.0016630472958000602,
            0.023453022603252924,
            0.11286684687107656,
            0.12730257826480648,
            0.13723389534842617,
            0.12840671826007477,
            0.22798834977749644,
            0.2311625047264031,
            0.23038626782789312,
            0.2540907015269793,
            0.24259614457226564,
            0.18680754744498343,
            0.18579613452205745,
            0.20761516531340132,
            0.21050254753598904
        ],
        [
            0.4185553274169038,
            0.34706402928141233,
            0.032670876370715765,
            0.0326718796202277,
            0.03267240281932007,
            0.03267265310039696,
            0.03267320295679951,
            0.032673102150623856,
            0.037542088346428526,
            0.000758179608379148,
            0.0,
            0.0009509085438983958,
            0.0013500396457629476,
            0.023140014953215812,
            0.11255383922103945,
            0.12698957061476937,
            0.13692088769838906,
            0.12809371061003766,
            0.22767534212745932,
            0.23084949707636598,
            0.230073260177856,
            0.2537776938769422,
            0.24228313692222853,
            0.18649453979494632,
            0.18548312687202034,
            0.2073021576633642,
            0.21018953988595193
        ],
        [
            0.4181679878279746,
            0.34667668969248305,
            0.032283536781786505,
            0.032284540031298437,
            0.032285063230390806,
            0.0322853135114677,
            0.03228586336787025,
            0.03228576256169459,
            0.03715474875749926,
            0.0012639161939355084,
            0.0009509085438983958,
            0.0,
            0.0009627000568336853,
            0.022752675364286545,
            0.11216649963211019,
            0.12660223102584012,
            0.13653354810945978,
            0.1277063710211084,
            0.22728800253853007,
            0.23046215748743673,
            0.22968592058892676,
            0.25339035428801293,
            0.24189579733329927,
            0.18610720020601706,
            0.1850957872830911,
            0.20691481807443496,
            0.20980220029702268
        ],
        [
            0.41769315622205605,
            0.34620185808656456,
            0.031808705175868014,
            0.031809708425379946,
            0.031810231624472315,
            0.03181048190554921,
            0.03181103176195176,
            0.0318109309557761,
            0.03667991715158077,
            0.0016630472958000602,
            0.0013500396457629476,
            0.0009627000568336853,
            0.0,
            0.022277843758368054,
            0.1116916680261917,
            0.12612739941992163,
            0.1360587165035413,
            0.12723153941518991,
            0.22681317093261158,
            0.22998732588151824,
            0.22921108898300827,
            0.2529155226820945,
            0.24142096572738078,
            0.18563236860009857,
            0.1846209556771726,
            0.20643998646851647,
            0.2093273686911042
        ],
        [
            0.41906724975952514,
            0.3475759516240336,
            0.033182798713337035,
            0.033183801962848966,
            0.033184325161941336,
            0.03318457544301823,
            0.03318512529942078,
            0.03318502449324512,
            0.03805401068904979,
            0.023453022603252924,
            0.023140014953215812,
            0.022752675364286545,
            0.022277843758368054,
            0.0,
            0.11306576156366072,
            0.12750149295739063,
            0.13743281004101032,
            0.12860563295265892,
            0.2281872644700806,
            0.23136141941898725,
            0.23058518252047727,
            0.2542896162195635,
            0.2427950592648498,
            0.1870064621375676,
            0.1859950492146416,
            0.2078140800059855,
            0.21070146222857322
        ],
        [
            0.40943067788155846,
            0.3379393797460669,
            0.11364751888825819,
            0.11364852213777013,
            0.11364904533686249,
            0.11364929561793938,
            0.11364984547434194,
            0.11364974466816627,
            0.11851873086397095,
            0.11286684687107656,
            0.11255383922103945,
            0.11216649963211019,
            0.1116916680261917,
            0.11306576156366072,
            0.0,
            0.07934921193358138,
            0.11543955459767852,
            0.11896906107469227,
            0.21855069259211396,
            0.22172484754102062,
            0.22094861064251065,
            0.24465304434159685,
            0.23315848738688316,
            0.17736989025960093,
            0.17635847733667498,
            0.19817750812801882,
            0.20106489035060654
        ],
        [
            0.4238664092752884,
            0.35237511113979686,
            0.1280832502819881,
            0.12808425353150005,
            0.1280847767305924,
            0.1280850270116693,
            0.12808557686807187,
            0.1280854760618962,
            0.13295446225770086,
            0.12730257826480648,
            0.12698957061476937,
            0.12660223102584012,
            0.12612739941992163,
            0.12750149295739063,
            0.07934921193358138,
            0.0,
            0.12987528599140843,
            0.13340479246842218,
            0.23298642398584385,
            0.2361605789347505,
            0.23538434203624053,
            0.25908877573532674,
            0.24759421878061305,
            0.19180562165333087,
            0.19079420873040487,
            0.21261323952174876,
            0.21550062174433648
        ],
        [
            0.43379772635890806,
            0.3623064282234165,
            0.1380145673656078,
            0.13801557061511974,
            0.1380160938142121,
            0.13801634409528898,
            0.13801689395169153,
            0.13801679314551588,
            0.14288577934132057,
            0.13723389534842617,
            0.13692088769838906,
            0.13653354810945978,
            0.1360587165035413,
            0.13743281004101032,
            0.11543955459767852,
            0.12987528599140843,
            0.0,
            0.14333610955204187,
            0.24291774106946357,
            0.24609189601837023,
            0.24531565911986025,
            0.26902009281894645,
            0.25752553586423277,
            0.20173693873695053,
            0.20072552581402459,
            0.22254455660536845,
            0.22543193882795617
        ],
        [
            0.3840894100143511,
            0.31259811187885955,
            0.1291873902772564,
            0.12918839352676834,
            0.1291889167258607,
            0.12918916700693758,
            0.12918971686334016,
            0.12918961605716447,
            0.13405860225296917,
            0.12840671826007477,
            0.12809371061003766,
            0.1277063710211084,
            0.12723153941518991,
            0.12860563295265892,
            0.11896906107469227,
            0.13340479246842218,
            0.14333610955204187,
            0.0,
            0.1932094247249066,
            0.19638357967381326,
            0.19560734277530328,
            0.21931177647438949,
            0.2078172195196758,
            0.15202862239239356,
            0.15101720946946762,
            0.17283624026081146,
            0.17572362248339918
        ],
        [
            0.44441249683404616,
            0.37292119869855467,
            0.22876902179467806,
            0.22877002504419,
            0.22877054824328236,
            0.22877079852435928,
            0.22877134838076182,
            0.22877124757458617,
            0.23364023377039084,
            0.22798834977749644,
            0.22767534212745932,
            0.22728800253853007,
            0.22681317093261158,
            0.2281872644700806,
            0.21855069259211396,
            0.23298642398584385,
            0.24291774106946357,
            0.1932094247249066,
            0.0,
            0.02007493346902814,
            0.04089931378436594,
            0.20965406103476475,
            0.19815950408005106,
            0.21235170921208862,
            0.21134029628916268,
            0.23315932708050655,
            0.23604670930309427
        ],
        [
            0.4475866517829528,
            0.3760953536474613,
            0.23194317674358472,
            0.23194417999309666,
            0.23194470319218902,
            0.23194495347326594,
            0.23194550332966848,
            0.23194540252349283,
            0.2368143887192975,
            0.2311625047264031,
            0.23084949707636598,
            0.23046215748743673,
            0.22998732588151824,
            0.23136141941898725,
            0.22172484754102062,
            0.2361605789347505,
            0.24609189601837023,
            0.19638357967381326,
            0.02007493346902814,
            0.0,
            0.0440734687332726,
            0.2128282159836714,
            0.20133365902895772,
            0.21552586416099528,
            0.21451445123806934,
            0.2363334820294132,
            0.23922086425200093
        ],
        [
            0.44681041488444284,
            0.37531911674895135,
            0.23116693984507475,
            0.2311679430945867,
            0.23116846629367904,
            0.23116871657475596,
            0.2311692664311585,
            0.23116916562498285,
            0.23603815182078752,
            0.23038626782789312,
            0.230073260177856,
            0.22968592058892676,
            0.22921108898300827,
            0.23058518252047727,
            0.22094861064251065,
            0.23538434203624053,
            0.24531565911986025,
            0.19560734277530328,
            0.04089931378436594,
            0.0440734687332726,
            0.0,
            0.21205197908516144,
            0.20055742213044775,
            0.2147496272624853,
            0.21373821433955936,
            0.23555724513090323,
            0.23844462735349095
        ],
        [
            0.47051484858352904,
            0.3990235504480375,
            0.25487137354416095,
            0.2548723767936729,
            0.25487289999276524,
            0.25487315027384216,
            0.2548737001302447,
            0.25487359932406906,
            0.2597425855198737,
            0.2540907015269793,
            0.2537776938769422,
            0.25339035428801293,
            0.2529155226820945,
            0.2542896162195635,
            0.24465304434159685,
            0.25908877573532674,
            0.26902009281894645,
            0.21931177647438949,
            0.20965406103476475,
            0.2128282159836714,
            0.21205197908516144,
            0.0,
            0.04456340756347518,
            0.2384540609615715,
            0.23744264803864557,
            0.2592616788299894,
            0.2621490610525772
        ],
        [
            0.45902029162881536,
            0.3875289934933238,
            0.24337681658944726,
            0.2433778198389592,
            0.24337834303805156,
            0.24337859331912848,
            0.24337914317553103,
            0.24337904236935537,
            0.24824802856516004,
            0.24259614457226564,
            0.24228313692222853,
            0.24189579733329927,
            0.24142096572738078,
            0.2427950592648498,
            0.23315848738688316,
            0.24759421878061305,
            0.25752553586423277,
            0.2078172195196758,
            0.19815950408005106,
            0.20133365902895772,
            0.20055742213044775,
            0.04456340756347518,
            0.0,
            0.22695950400685783,
            0.22594809108393188,
            0.24776712187527575,
            0.2506545040978635
        ],
        [
            0.381423645332224,
            0.30993234719673246,
            0.18758821946216508,
            0.187589222711677,
            0.18758974591076938,
            0.18758999619184624,
            0.18759054604824882,
            0.18759044524207313,
            0.19245943143787783,
            0.18680754744498343,
            0.18649453979494632,
            0.18610720020601706,
            0.18563236860009857,
            0.1870064621375676,
            0.17736989025960093,
            0.19180562165333087,
            0.20173693873695053,
            0.15202862239239356,
            0.21235170921208862,
            0.21552586416099528,
            0.2147496272624853,
            0.2384540609615715,
            0.22695950400685783,
            0.0,
            0.003598762928343705,
            0.1701704755786844,
            0.1730578578012721
        ],
        [
            0.380412232409298,
            0.3089209342738065,
            0.18657680653923908,
            0.18657780978875102,
            0.18657833298784338,
            0.1865785832689203,
            0.18657913312532284,
            0.1865790323191472,
            0.19144801851495186,
            0.18579613452205745,
            0.18548312687202034,
            0.1850957872830911,
            0.1846209556771726,
            0.1859950492146416,
            0.17635847733667498,
            0.19079420873040487,
            0.20072552581402459,
            0.15101720946946762,
            0.21134029628916268,
            0.21451445123806934,
            0.21373821433955936,
            0.23744264803864557,
            0.22594809108393188,
            0.003598762928343705,
            0.0,
            0.16915906265575842,
            0.17204644487834614
        ],
        [
            0.376935153746056,
            0.30544385561056453,
            0.20839583733058298,
            0.2083968405800949,
            0.20839736377918727,
            0.20839761406026416,
            0.2083981639166667,
            0.20839806311049106,
            0.21326704930629573,
            0.20761516531340132,
            0.2073021576633642,
            0.20691481807443496,
            0.20643998646851647,
            0.2078140800059855,
            0.19817750812801882,
            0.21261323952174876,
            0.22254455660536845,
            0.17283624026081146,
            0.23315932708050655,
            0.2363334820294132,
            0.23555724513090323,
            0.2592616788299894,
            0.24776712187527575,
            0.1701704755786844,
            0.16915906265575842,
            0.0,
            0.07446415161648066
        ],
        [
            0.3798225359686438,
            0.30833123783315225,
            0.2112832195531707,
            0.2112842228026826,
            0.211284746001775,
            0.21128499628285188,
            0.21128554613925443,
            0.21128544533307878,
            0.21615443152888345,
            0.21050254753598904,
            0.21018953988595193,
            0.20980220029702268,
            0.2093273686911042,
            0.21070146222857322,
            0.20106489035060654,
            0.21550062174433648,
            0.22543193882795617,
            0.17572362248339918,
            0.23604670930309427,
            0.23922086425200093,
            0.23844462735349095,
            0.2621490610525772,
            0.2506545040978635,
            0.1730578578012721,
            0.17204644487834614,
            0.07446415161648066,
            0.0
        ]
    ],
    "NODE_MAPPING": {
        "0": "3",
        "1": "6",
        "2": "1",
        "3": "2",
        "4": "4",
        "5": "12",
        "6": "18",
        "7": "20",
        "8": "26",
        "9": "13",
        "10": "19",
        "11": "17",
        "12": "14",
        "13": "25",
        "14": "16",
        "15": "21",
        "16": "22",
        "17": "7",
        "18": "8",
        "19": "27",
        "20": "10",
        "21": "11",
        "22": "23",
        "23": "15",
        "24": "24",
        "25": "5",
        "26": "9"
    }
}