{
    "NEXUS_FILE_URL": "http://purl.org/phylo/treebase/phylows/study/TB2:S12742",
    "NEWICK_TREE": "(4:0.033977045,((5:0.01688423,(1:0.06324501,2:0.02824087):0.03630794):0.00376213,((9:0.00810121,10:0.0144914):0.00742527,((3:0.01758808,6:0.0144742):0.01204637,(7:0.00245508,8:0.0028818):0.00970179):0.0020491):0.00203765):0.033977045);",
    "DISTANCE_MATRIX": [
        [
            0.0,
            0.08860045,
            0.17126916999999997,
            0.13626503,
            0.08551821999999999,
            0.09190841,
            0.10167528999999999,
            0.09856140999999999,
            0.08419771,
            0.08462443
        ],
        [
            0.08860045,
            0.0,
            0.11643718,
            0.08143304,
            0.03821049,
            0.04460068,
            0.054367559999999995,
            0.051253679999999996,
            0.03688998,
            0.037316699999999994
        ],
        [
            0.17126916999999997,
            0.11643718,
            0.0,
            0.09148588,
            0.12087921,
            0.1272694,
            0.13703628,
            0.1339224,
            0.1195587,
            0.11998542000000001
        ],
        [
            0.13626503,
            0.08143304,
            0.09148588,
            0.0,
            0.08587507,
            0.09226526,
            0.10203214,
            0.09891826,
            0.08455456,
            0.08498127999999999
        ],
        [
            0.08551821999999999,
            0.03821049,
            0.12087921,
            0.08587507,
            0.0,
            0.02259261,
            0.04721003,
            0.04409615,
            0.02973245,
            0.03015917
        ],
        [
            0.09190841,
            0.04460068,
            0.1272694,
            0.09226526,
            0.02259261,
            0.0,
            0.05360022,
            0.05048634,
            0.03612264,
            0.03654936
        ],
        [
            0.10167528999999999,
            0.054367559999999995,
            0.13703628,
            0.10203214,
            0.04721003,
            0.05360022,
            0.0,
            0.03206228,
            0.04179132,
            0.04221804
        ],
        [
            0.09856140999999999,
            0.051253679999999996,
            0.1339224,
            0.09891826,
            0.04409615,
            0.05048634,
            0.03206228,
            0.0,
            0.03867744,
            0.03910416
        ],
        [
            0.08419771,
            0.03688998,
            0.1195587,
            0.08455456,
            0.02973245,
            0.03612264,
            0.04179132,
            0.03867744,
            0.0,
            0.0053368800000000004
        ],
        [
            0.08462443,
            0.037316699999999994,
            0.11998542000000001,
            0.08498127999999999,
            0.03015917,
            0.03654936,
            0.04221804,
            0.03910416,
            0.0053368800000000004,
            0.0
        ]
    ],
    "NODE_MAPPING": {
        "0": "4",
        "1": "5",
        "2": "1",
        "3": "2",
        "4": "9",
        "5": "10",
        "6": "3",
        "7": "6",
        "8": "7",
        "9": "8"
    }
}