{
    "NEXUS_FILE_URL": "http://purl.org/phylo/treebase/phylows/study/TB2:S15970",
    "NEWICK_TREE": "(((28:0.09512999999999994,29:9.999999999843467E-6):0.7632400000000001,(26:0.016690000000000094,27:0.06144000000000016):0.8960699999999999,(((35:0.07667000000000002,37:0.022359999999999935):0.02864,33:0.43670999999999993,34:0.14195000000000002,36:0.09993999999999992,38:0.2254799999999999):0.14329999999999976,((41:0.12407999999999997,42:0.13795000000000002):0.22032999999999991,39:0.21345999999999998,40:0.26622999999999997,43:0.48673999999999995):0.11392999999999986):0.4250600000000002,(((9:0.1306799999999999,10:0.2525599999999999):0.12348999999999988,((1:0.06631000000000009,2:0.039120000000000044):0.05201000000000011,3:0.03865000000000007,4:0.11533000000000015,5:0.022909999999999986,6:0.14595000000000002):0.11594999999999978,7:0.09532999999999969,8:0.10444999999999993,11:0.15812999999999988):0.17298999999999998,((12:0.16434000000000015,13:0.12927):0.34872999999999976,(((20:0.23459999999999992,21:0.1413500000000001):0.15400999999999998,19:0.6257299999999999):0.13851999999999998,(23:0.14982000000000006,24:0.16595000000000004):0.21016999999999997,18:0.16935999999999996,22:0.31800000000000006,25:0.44665):0.28166999999999986,(14:0.15900000000000025,15:0.06720000000000015):0.19145999999999974,16:0.6662399999999999,17:0.18991999999999987):0.24131999999999998):0.1930200000000002,(((44:0.31362,45:0.20452000000000004):0.24652999999999992,46:0.25602000000000014):0.10989000000000004,((52:0.3608100000000001,53:0.94276):0.24164000000000008,51:0.41825):0.2328699999999999,(((49:0.09582999999999986,50:0.0570400000000002):0.27939999999999987,48:0.1735000000000002):0.28681,47:0.3427):0.5002899999999999):1.09711,30:1.29256,31:1.96277,32:0.6193900000000001):0.878885,54:1.75777);",
    "DISTANCE_MATRIX": [
        [
            0.0,
            0.09513999999999978,
            1.77113,
            1.8158800000000002,
            1.53204,
            1.47773,
            1.86344,
            1.56868,
            1.52667,
            1.65221,
            1.74177,
            1.75564,
            1.6108200000000001,
            1.6635900000000001,
            1.8841,
            1.47855,
            1.60043,
            1.4586500000000002,
            1.4314600000000002,
            1.37898,
            1.4556600000000002,
            1.36324,
            1.48628,
            1.31971,
            1.3288300000000002,
            1.3825100000000001,
            1.8057800000000002,
            1.77071,
            2.10151,
            2.00826,
            2.33863,
            1.9343700000000001,
            1.9505000000000001,
            1.74374,
            1.8923800000000002,
            2.02103,
            1.6431700000000002,
            1.5513700000000001,
            1.9589500000000002,
            1.4826300000000001,
            2.62552,
            2.51642,
            2.32139,
            2.7908,
            3.37275,
            2.6066000000000003,
            3.1178099999999995,
            3.07902,
            2.91608,
            2.79847,
            2.15093,
            2.8211399999999998,
            1.4777600000000002,
            3.495025
        ],
        [
            0.09513999999999978,
            0.0,
            1.67601,
            1.72076,
            1.43692,
            1.38261,
            1.76832,
            1.47356,
            1.4315499999999999,
            1.5570899999999999,
            1.64665,
            1.66052,
            1.5157,
            1.56847,
            1.78898,
            1.38343,
            1.50531,
            1.3635300000000001,
            1.33634,
            1.28386,
            1.36054,
            1.26812,
            1.39116,
            1.2245899999999998,
            1.23371,
            1.28739,
            1.71066,
            1.67559,
            2.0063899999999997,
            1.91314,
            2.2435099999999997,
            1.83925,
            1.85538,
            1.64862,
            1.79726,
            1.92591,
            1.5480500000000001,
            1.45625,
            1.86383,
            1.38751,
            2.5304,
            2.4213,
            2.2262700000000004,
            2.6956800000000003,
            3.2776300000000003,
            2.5114799999999997,
            3.02269,
            2.9839,
            2.8209600000000004,
            2.70335,
            2.05581,
            2.72602,
            1.38264,
            3.3999050000000004
        ],
        [
            1.77113,
            1.67601,
            0.0,
            0.07813000000000025,
            1.58643,
            1.53212,
            1.91783,
            1.62307,
            1.58106,
            1.7066,
            1.79616,
            1.81003,
            1.66521,
            1.71798,
            1.93849,
            1.53294,
            1.65482,
            1.5130400000000002,
            1.4858500000000001,
            1.43337,
            1.5100500000000001,
            1.41763,
            1.54067,
            1.3740999999999999,
            1.3832200000000001,
            1.4369,
            1.86017,
            1.8251,
            2.1559,
            2.06265,
            2.39302,
            1.98876,
            2.00489,
            1.79813,
            1.9467700000000001,
            2.0754200000000003,
            1.6975600000000002,
            1.60576,
            2.0133400000000004,
            1.53702,
            2.67991,
            2.57081,
            2.3757800000000002,
            2.84519,
            3.42714,
            2.66099,
            3.1721999999999997,
            3.13341,
            2.97047,
            2.8528599999999997,
            2.20532,
            2.87553,
            1.5321500000000001,
            3.5494149999999998
        ],
        [
            1.8158800000000002,
            1.72076,
            0.07813000000000025,
            0.0,
            1.63118,
            1.57687,
            1.96258,
            1.66782,
            1.62581,
            1.75135,
            1.84091,
            1.85478,
            1.7099600000000001,
            1.7627300000000001,
            1.9832400000000001,
            1.57769,
            1.69957,
            1.5577900000000002,
            1.5306000000000002,
            1.47812,
            1.5548000000000002,
            1.46238,
            1.58542,
            1.41885,
            1.4279700000000002,
            1.4816500000000001,
            1.9049200000000002,
            1.86985,
            2.20065,
            2.1074,
            2.43777,
            2.03351,
            2.04964,
            1.84288,
            1.9915200000000002,
            2.12017,
            1.7423100000000002,
            1.6505100000000001,
            2.05809,
            1.5817700000000001,
            2.72466,
            2.6155600000000003,
            2.4205300000000003,
            2.88994,
            3.47189,
            2.70574,
            3.2169499999999998,
            3.17816,
            3.0152200000000002,
            2.8976100000000002,
            2.25007,
            2.92028,
            1.5769000000000002,
            3.5941650000000003
        ],
        [
            1.53204,
            1.43692,
            1.58643,
            1.63118,
            0.0,
            0.09902999999999995,
            0.54202,
            0.24726000000000004,
            0.20524999999999993,
            0.3307899999999999,
            0.7069499999999995,
            0.7208199999999996,
            0.5759999999999996,
            0.6287699999999996,
            0.8492799999999996,
            1.29385,
            1.41573,
            1.2739500000000001,
            1.24676,
            1.19428,
            1.27096,
            1.17854,
            1.30158,
            1.1350099999999999,
            1.14413,
            1.19781,
            1.62108,
            1.58601,
            1.91681,
            1.82356,
            2.15393,
            1.74967,
            1.7658,
            1.55904,
            1.70768,
            1.83633,
            1.4584700000000002,
            1.36667,
            1.77425,
            1.29793,
            2.44082,
            2.33172,
            2.13669,
            2.6061,
            3.18805,
            2.4219,
            2.9331099999999997,
            2.89432,
            2.73138,
            2.6137699999999997,
            1.96623,
            2.63644,
            1.29306,
            3.3103249999999997
        ],
        [
            1.47773,
            1.38261,
            1.53212,
            1.57687,
            0.09902999999999995,
            0.0,
            0.48770999999999987,
            0.19294999999999995,
            0.15093999999999985,
            0.27647999999999984,
            0.6526399999999994,
            0.6665099999999995,
            0.5216899999999995,
            0.5744599999999995,
            0.7949699999999995,
            1.2395399999999999,
            1.3614199999999999,
            1.21964,
            1.19245,
            1.13997,
            1.21665,
            1.1242299999999998,
            1.2472699999999999,
            1.0806999999999998,
            1.08982,
            1.1435,
            1.56677,
            1.5316999999999998,
            1.8624999999999998,
            1.76925,
            2.09962,
            1.69536,
            1.71149,
            1.50473,
            1.65337,
            1.78202,
            1.40416,
            1.31236,
            1.71994,
            1.24362,
            2.38651,
            2.2774099999999997,
            2.08238,
            2.55179,
            3.13374,
            2.36759,
            2.8787999999999996,
            2.84001,
            2.67707,
            2.5594599999999996,
            1.9119199999999998,
            2.58213,
            1.23875,
            3.2560149999999997
        ],
        [
            1.86344,
            1.76832,
            1.91783,
            1.96258,
            0.54202,
            0.48770999999999987,
            0.0,
            0.57866,
            0.5366499999999998,
            0.6621899999999998,
            1.0383499999999994,
            1.0522199999999995,
            0.9073999999999995,
            0.9601699999999995,
            1.1806799999999995,
            1.6252499999999999,
            1.7471299999999998,
            1.60535,
            1.57816,
            1.52568,
            1.60236,
            1.5099399999999998,
            1.6329799999999999,
            1.4664099999999998,
            1.47553,
            1.52921,
            1.95248,
            1.9174099999999998,
            2.24821,
            2.15496,
            2.48533,
            2.08107,
            2.0972,
            1.89044,
            2.0390800000000002,
            2.1677299999999997,
            1.78987,
            1.69807,
            2.10565,
            1.62933,
            2.77222,
            2.66312,
            2.46809,
            2.9375,
            3.51945,
            2.7533,
            3.2645099999999996,
            3.22572,
            3.06278,
            2.94517,
            2.29763,
            2.96784,
            1.62446,
            3.641725
        ],
        [
            1.56868,
            1.47356,
            1.62307,
            1.66782,
            0.24726000000000004,
            0.19294999999999995,
            0.57866,
            0.0,
            0.24188999999999994,
            0.3674299999999999,
            0.7435899999999995,
            0.7574599999999996,
            0.6126399999999996,
            0.6654099999999996,
            0.8859199999999996,
            1.33049,
            1.45237,
            1.3105900000000001,
            1.2834,
            1.23092,
            1.3076,
            1.21518,
            1.33822,
            1.1716499999999999,
            1.18077,
            1.23445,
            1.65772,
            1.62265,
            1.95345,
            1.8602,
            2.19057,
            1.78631,
            1.80244,
            1.59568,
            1.74432,
            1.87297,
            1.4951100000000002,
            1.40331,
            1.81089,
            1.33457,
            2.4774599999999998,
            2.36836,
            2.17333,
            2.64274,
            3.22469,
            2.45854,
            2.9697499999999994,
            2.93096,
            2.76802,
            2.65041,
            2.0028699999999997,
            2.6730799999999997,
            1.3297,
            3.346965
        ],
        [
            1.52667,
            1.4315499999999999,
            1.58106,
            1.62581,
            0.20524999999999993,
            0.15093999999999985,
            0.5366499999999998,
            0.24188999999999994,
            0.0,
            0.3254199999999998,
            0.7015799999999994,
            0.7154499999999995,
            0.5706299999999995,
            0.6233999999999995,
            0.8439099999999995,
            1.2884799999999998,
            1.4103599999999998,
            1.26858,
            1.24139,
            1.18891,
            1.26559,
            1.1731699999999998,
            1.2962099999999999,
            1.1296399999999998,
            1.13876,
            1.19244,
            1.61571,
            1.5806399999999998,
            1.9114399999999998,
            1.81819,
            2.14856,
            1.7443,
            1.76043,
            1.5536699999999999,
            1.70231,
            1.83096,
            1.4531,
            1.3613,
            1.76888,
            1.29256,
            2.43545,
            2.3263499999999997,
            2.13132,
            2.60073,
            3.18268,
            2.41653,
            2.9277399999999996,
            2.88895,
            2.72601,
            2.6083999999999996,
            1.9608599999999998,
            2.63107,
            1.28769,
            3.3049549999999996
        ],
        [
            1.65221,
            1.5570899999999999,
            1.7066,
            1.75135,
            0.3307899999999999,
            0.27647999999999984,
            0.6621899999999998,
            0.3674299999999999,
            0.3254199999999998,
            0.0,
            0.8271199999999994,
            0.8409899999999995,
            0.6961699999999995,
            0.7489399999999995,
            0.9694499999999995,
            1.4140199999999998,
            1.5358999999999998,
            1.39412,
            1.36693,
            1.31445,
            1.39113,
            1.2987099999999998,
            1.4217499999999998,
            1.2551799999999997,
            1.2643,
            1.31798,
            1.74125,
            1.7061799999999998,
            2.03698,
            1.94373,
            2.2741,
            1.86984,
            1.88597,
            1.6792099999999999,
            1.82785,
            1.9565,
            1.57864,
            1.48684,
            1.89442,
            1.4181,
            2.56099,
            2.4518899999999997,
            2.25686,
            2.72627,
            3.30822,
            2.54207,
            3.0532799999999995,
            3.01449,
            2.85155,
            2.7339399999999996,
            2.0864,
            2.75661,
            1.41323,
            3.4304949999999996
        ],
        [
            1.74177,
            1.64665,
            1.79616,
            1.84091,
            0.7069499999999995,
            0.6526399999999994,
            1.0383499999999994,
            0.7435899999999995,
            0.7015799999999994,
            0.8271199999999994,
            0.0,
            0.26203,
            0.5578699999999999,
            0.6106399999999998,
            0.8311499999999998,
            1.50358,
            1.62546,
            1.48368,
            1.45649,
            1.40401,
            1.48069,
            1.38827,
            1.51131,
            1.3447399999999998,
            1.35386,
            1.40754,
            1.83081,
            1.79574,
            2.12654,
            2.03329,
            2.36366,
            1.9594,
            1.97553,
            1.76877,
            1.91741,
            2.0460599999999998,
            1.6682000000000001,
            1.5764,
            1.98398,
            1.50766,
            2.65055,
            2.54145,
            2.34642,
            2.81583,
            3.39778,
            2.63163,
            3.1428399999999996,
            3.10405,
            2.94111,
            2.8235,
            2.17596,
            2.84617,
            1.50279,
            3.520055
        ],
        [
            1.75564,
            1.66052,
            1.81003,
            1.85478,
            0.7208199999999996,
            0.6665099999999995,
            1.0522199999999995,
            0.7574599999999996,
            0.7154499999999995,
            0.8409899999999995,
            0.26203,
            0.0,
            0.5717399999999999,
            0.6245099999999999,
            0.8450199999999999,
            1.51745,
            1.63933,
            1.4975500000000002,
            1.4703600000000001,
            1.41788,
            1.49456,
            1.40214,
            1.52518,
            1.3586099999999999,
            1.3677300000000001,
            1.42141,
            1.84468,
            1.80961,
            2.14041,
            2.04716,
            2.37753,
            1.97327,
            1.9894,
            1.78264,
            1.93128,
            2.05993,
            1.6820700000000002,
            1.59027,
            1.9978500000000001,
            1.52153,
            2.66442,
            2.55532,
            2.36029,
            2.8297,
            3.41165,
            2.6455,
            3.1567099999999995,
            3.11792,
            2.95498,
            2.83737,
            2.1898299999999997,
            2.8600399999999997,
            1.5166600000000001,
            3.533925
        ],
        [
            1.6108200000000001,
            1.5157,
            1.66521,
            1.7099600000000001,
            0.5759999999999996,
            0.5216899999999995,
            0.9073999999999995,
            0.6126399999999996,
            0.5706299999999995,
            0.6961699999999995,
            0.5578699999999999,
            0.5717399999999999,
            0.0,
            0.47968999999999995,
            0.7001999999999999,
            1.37263,
            1.49451,
            1.3527300000000002,
            1.3255400000000002,
            1.27306,
            1.3497400000000002,
            1.25732,
            1.38036,
            1.21379,
            1.2229100000000002,
            1.2765900000000001,
            1.6998600000000001,
            1.66479,
            1.99559,
            1.9023400000000001,
            2.23271,
            1.8284500000000001,
            1.84458,
            1.63782,
            1.7864600000000002,
            1.91511,
            1.5372500000000002,
            1.4454500000000001,
            1.8530300000000002,
            1.37671,
            2.5196,
            2.4105,
            2.2154700000000003,
            2.68488,
            3.26683,
            2.50068,
            3.0118899999999997,
            2.9731,
            2.81016,
            2.6925499999999998,
            2.04501,
            2.71522,
            1.3718400000000002,
            3.389105
        ],
        [
            1.6635900000000001,
            1.56847,
            1.71798,
            1.7627300000000001,
            0.6287699999999996,
            0.5744599999999995,
            0.9601699999999995,
            0.6654099999999996,
            0.6233999999999995,
            0.7489399999999995,
            0.6106399999999998,
            0.6245099999999999,
            0.47968999999999995,
            0.0,
            0.7529699999999999,
            1.4254,
            1.54728,
            1.4055000000000002,
            1.3783100000000001,
            1.32583,
            1.4025100000000001,
            1.31009,
            1.43313,
            1.26656,
            1.2756800000000001,
            1.32936,
            1.7526300000000001,
            1.71756,
            2.0483599999999997,
            1.9551100000000001,
            2.2854799999999997,
            1.8812200000000001,
            1.89735,
            1.69059,
            1.8392300000000001,
            1.96788,
            1.5900200000000002,
            1.49822,
            1.9058000000000002,
            1.42948,
            2.5723700000000003,
            2.46327,
            2.2682400000000005,
            2.7376500000000004,
            3.3196000000000003,
            2.5534499999999998,
            3.06466,
            3.0258700000000003,
            2.8629300000000004,
            2.74532,
            2.09778,
            2.76799,
            1.4246100000000002,
            3.4418750000000005
        ],
        [
            1.8841,
            1.78898,
            1.93849,
            1.9832400000000001,
            0.8492799999999996,
            0.7949699999999995,
            1.1806799999999995,
            0.8859199999999996,
            0.8439099999999995,
            0.9694499999999995,
            0.8311499999999998,
            0.8450199999999999,
            0.7001999999999999,
            0.7529699999999999,
            0.0,
            1.64591,
            1.76779,
            1.6260100000000002,
            1.5988200000000001,
            1.54634,
            1.6230200000000001,
            1.5306,
            1.65364,
            1.48707,
            1.4961900000000001,
            1.54987,
            1.9731400000000001,
            1.93807,
            2.2688699999999997,
            2.1756200000000003,
            2.5059899999999997,
            2.10173,
            2.1178600000000003,
            1.9111,
            2.05974,
            2.18839,
            1.8105300000000002,
            1.71873,
            2.12631,
            1.64999,
            2.7928800000000003,
            2.68378,
            2.4887500000000005,
            2.9581600000000003,
            3.5401100000000003,
            2.7739599999999998,
            3.28517,
            3.2463800000000003,
            3.0834400000000004,
            2.96583,
            2.31829,
            2.9885,
            1.6451200000000001,
            3.6623850000000004
        ],
        [
            1.47855,
            1.38343,
            1.53294,
            1.57769,
            1.29385,
            1.2395399999999999,
            1.6252499999999999,
            1.33049,
            1.2884799999999998,
            1.4140199999999998,
            1.50358,
            1.51745,
            1.37263,
            1.4254,
            1.64591,
            0.0,
            0.3832399999999998,
            0.48843999999999976,
            0.4612499999999997,
            0.40876999999999963,
            0.4854499999999997,
            0.39302999999999955,
            0.5160699999999996,
            0.3494999999999995,
            0.3586199999999997,
            0.41229999999999967,
            1.1815499999999997,
            1.1464799999999995,
            1.4772799999999995,
            1.3840299999999996,
            1.7143999999999995,
            1.3101399999999996,
            1.3262699999999996,
            1.1195099999999996,
            1.2681499999999997,
            1.3967999999999996,
            1.0189399999999997,
            0.9271399999999996,
            1.3347199999999997,
            0.8583999999999996,
            2.38733,
            2.2782299999999998,
            2.0832,
            2.55261,
            3.13456,
            2.36841,
            2.8796199999999996,
            2.84083,
            2.67789,
            2.5602799999999997,
            1.9127399999999999,
            2.58295,
            1.23957,
            3.2568349999999997
        ],
        [
            1.60043,
            1.50531,
            1.65482,
            1.69957,
            1.41573,
            1.3614199999999999,
            1.7471299999999998,
            1.45237,
            1.4103599999999998,
            1.5358999999999998,
            1.62546,
            1.63933,
            1.49451,
            1.54728,
            1.76779,
            0.3832399999999998,
            0.0,
            0.6103199999999998,
            0.5831299999999997,
            0.5306499999999996,
            0.6073299999999997,
            0.5149099999999995,
            0.6379499999999996,
            0.47137999999999947,
            0.4804999999999997,
            0.5341799999999997,
            1.3034299999999996,
            1.2683599999999995,
            1.5991599999999995,
            1.5059099999999996,
            1.8362799999999995,
            1.4320199999999996,
            1.4481499999999996,
            1.2413899999999995,
            1.3900299999999997,
            1.5186799999999996,
            1.1408199999999997,
            1.0490199999999996,
            1.4565999999999997,
            0.9802799999999996,
            2.50921,
            2.4001099999999997,
            2.20508,
            2.67449,
            3.25644,
            2.49029,
            3.0014999999999996,
            2.96271,
            2.79977,
            2.6821599999999997,
            2.03462,
            2.70483,
            1.36145,
            3.3787149999999997
        ],
        [
            1.4586500000000002,
            1.3635300000000001,
            1.5130400000000002,
            1.5577900000000002,
            1.2739500000000001,
            1.21964,
            1.60535,
            1.3105900000000001,
            1.26858,
            1.39412,
            1.48368,
            1.4975500000000002,
            1.3527300000000002,
            1.4055000000000002,
            1.6260100000000002,
            0.48843999999999976,
            0.6103199999999998,
            0.0,
            0.10543000000000013,
            0.15697000000000028,
            0.23365000000000036,
            0.1412300000000002,
            0.2642700000000002,
            0.32959999999999967,
            0.3387199999999999,
            0.39239999999999986,
            1.1616499999999998,
            1.1265799999999997,
            1.4573799999999997,
            1.3641299999999998,
            1.6944999999999997,
            1.2902399999999998,
            1.3063699999999998,
            1.0996099999999998,
            1.2482499999999999,
            1.3768999999999998,
            0.9990399999999999,
            0.9072399999999998,
            1.3148199999999999,
            0.8384999999999998,
            2.36743,
            2.25833,
            2.0633000000000004,
            2.5327100000000002,
            3.11466,
            2.34851,
            2.85972,
            2.82093,
            2.6579900000000003,
            2.54038,
            1.89284,
            2.56305,
            1.2196700000000003,
            3.236935
        ],
        [
            1.4314600000000002,
            1.33634,
            1.4858500000000001,
            1.5306000000000002,
            1.24676,
            1.19245,
            1.57816,
            1.2834,
            1.24139,
            1.36693,
            1.45649,
            1.4703600000000001,
            1.3255400000000002,
            1.3783100000000001,
            1.5988200000000001,
            0.4612499999999997,
            0.5831299999999997,
            0.10543000000000013,
            0.0,
            0.12978000000000023,
            0.2064600000000003,
            0.11404000000000014,
            0.23708000000000018,
            0.3024099999999996,
            0.31152999999999986,
            0.3652099999999998,
            1.1344599999999998,
            1.0993899999999996,
            1.4301899999999996,
            1.3369399999999998,
            1.6673099999999996,
            1.2630499999999998,
            1.2791799999999998,
            1.0724199999999997,
            1.2210599999999998,
            1.3497099999999997,
            0.9718499999999999,
            0.8800499999999998,
            1.2876299999999998,
            0.8113099999999998,
            2.34024,
            2.23114,
            2.0361100000000003,
            2.50552,
            3.08747,
            2.32132,
            2.8325299999999998,
            2.79374,
            2.6308000000000002,
            2.51319,
            1.86565,
            2.53586,
            1.1924800000000002,
            3.209745
        ],
        [
            1.37898,
            1.28386,
            1.43337,
            1.47812,
            1.19428,
            1.13997,
            1.52568,
            1.23092,
            1.18891,
            1.31445,
            1.40401,
            1.41788,
            1.27306,
            1.32583,
            1.54634,
            0.40876999999999963,
            0.5306499999999996,
            0.15697000000000028,
            0.12978000000000023,
            0.0,
            0.15398000000000023,
            0.06156000000000006,
            0.1846000000000001,
            0.24992999999999954,
            0.2590499999999998,
            0.31272999999999973,
            1.0819799999999997,
            1.0469099999999996,
            1.3777099999999995,
            1.2844599999999997,
            1.6148299999999995,
            1.2105699999999997,
            1.2266999999999997,
            1.0199399999999996,
            1.1685799999999997,
            1.2972299999999997,
            0.9193699999999998,
            0.8275699999999997,
            1.2351499999999997,
            0.7588299999999997,
            2.28776,
            2.17866,
            1.9836300000000002,
            2.45304,
            3.03499,
            2.26884,
            2.7800499999999997,
            2.74126,
            2.57832,
            2.4607099999999997,
            1.81317,
            2.48338,
            1.1400000000000001,
            3.1572649999999998
        ],
        [
            1.4556600000000002,
            1.36054,
            1.5100500000000001,
            1.5548000000000002,
            1.27096,
            1.21665,
            1.60236,
            1.3076,
            1.26559,
            1.39113,
            1.48069,
            1.49456,
            1.3497400000000002,
            1.4025100000000001,
            1.6230200000000001,
            0.4854499999999997,
            0.6073299999999997,
            0.23365000000000036,
            0.2064600000000003,
            0.15398000000000023,
            0.0,
            0.13824000000000014,
            0.2612800000000002,
            0.3266099999999996,
            0.33572999999999986,
            0.3894099999999998,
            1.1586599999999998,
            1.1235899999999996,
            1.4543899999999996,
            1.3611399999999998,
            1.6915099999999996,
            1.2872499999999998,
            1.3033799999999998,
            1.0966199999999997,
            1.2452599999999998,
            1.3739099999999997,
            0.9960499999999999,
            0.9042499999999998,
            1.3118299999999998,
            0.8355099999999998,
            2.36444,
            2.2553400000000003,
            2.0603100000000003,
            2.52972,
            3.11167,
            2.34552,
            2.8567299999999998,
            2.81794,
            2.6550000000000002,
            2.5373900000000003,
            1.88985,
            2.56006,
            1.2166800000000002,
            3.2339450000000003
        ],
        [
            1.36324,
            1.26812,
            1.41763,
            1.46238,
            1.17854,
            1.1242299999999998,
            1.5099399999999998,
            1.21518,
            1.1731699999999998,
            1.2987099999999998,
            1.38827,
            1.40214,
            1.25732,
            1.31009,
            1.5306,
            0.39302999999999955,
            0.5149099999999995,
            0.1412300000000002,
            0.11404000000000014,
            0.06156000000000006,
            0.13824000000000014,
            0.0,
            0.16886,
            0.23418999999999945,
            0.2433099999999997,
            0.29698999999999964,
            1.0662399999999996,
            1.0311699999999995,
            1.3619699999999995,
            1.2687199999999996,
            1.5990899999999995,
            1.1948299999999996,
            1.2109599999999996,
            1.0041999999999995,
            1.1528399999999996,
            1.2814899999999996,
            0.9036299999999997,
            0.8118299999999996,
            1.2194099999999997,
            0.7430899999999996,
            2.27202,
            2.1629199999999997,
            1.9678900000000001,
            2.4373,
            3.01925,
            2.2531,
            2.7643099999999996,
            2.72552,
            2.56258,
            2.4449699999999996,
            1.7974299999999999,
            2.46764,
            1.12426,
            3.1415249999999997
        ],
        [
            1.48628,
            1.39116,
            1.54067,
            1.58542,
            1.30158,
            1.2472699999999999,
            1.6329799999999999,
            1.33822,
            1.2962099999999999,
            1.4217499999999998,
            1.51131,
            1.52518,
            1.38036,
            1.43313,
            1.65364,
            0.5160699999999996,
            0.6379499999999996,
            0.2642700000000002,
            0.23708000000000018,
            0.1846000000000001,
            0.2612800000000002,
            0.16886,
            0.0,
            0.3572299999999995,
            0.36634999999999973,
            0.4200299999999997,
            1.1892799999999997,
            1.1542099999999995,
            1.4850099999999995,
            1.3917599999999997,
            1.7221299999999995,
            1.3178699999999997,
            1.3339999999999996,
            1.1272399999999996,
            1.2758799999999997,
            1.4045299999999996,
            1.0266699999999997,
            0.9348699999999996,
            1.3424499999999997,
            0.8661299999999996,
            2.39506,
            2.28596,
            2.09093,
            2.56034,
            3.14229,
            2.37614,
            2.8873499999999996,
            2.84856,
            2.68562,
            2.56801,
            1.92047,
            2.59068,
            1.2473,
            3.264565
        ],
        [
            1.31971,
            1.2245899999999998,
            1.3740999999999999,
            1.41885,
            1.1350099999999999,
            1.0806999999999998,
            1.4664099999999998,
            1.1716499999999999,
            1.1296399999999998,
            1.2551799999999997,
            1.3447399999999998,
            1.3586099999999999,
            1.21379,
            1.26656,
            1.48707,
            0.3494999999999995,
            0.47137999999999947,
            0.32959999999999967,
            0.3024099999999996,
            0.24992999999999954,
            0.3266099999999996,
            0.23418999999999945,
            0.3572299999999995,
            0.0,
            0.19977999999999962,
            0.2534599999999996,
            1.0227099999999996,
            0.9876399999999994,
            1.3184399999999994,
            1.2251899999999996,
            1.5555599999999994,
            1.1512999999999995,
            1.1674299999999995,
            0.9606699999999995,
            1.1093099999999996,
            1.2379599999999995,
            0.8600999999999996,
            0.7682999999999995,
            1.1758799999999996,
            0.6995599999999995,
            2.22849,
            2.11939,
            1.92436,
            2.39377,
            2.97572,
            2.20957,
            2.7207799999999995,
            2.68199,
            2.51905,
            2.40144,
            1.7538999999999998,
            2.4241099999999998,
            1.08073,
            3.097995
        ],
        [
            1.3288300000000002,
            1.23371,
            1.3832200000000001,
            1.4279700000000002,
            1.14413,
            1.08982,
            1.47553,
            1.18077,
            1.13876,
            1.2643,
            1.35386,
            1.3677300000000001,
            1.2229100000000002,
            1.2756800000000001,
            1.4961900000000001,
            0.3586199999999997,
            0.4804999999999997,
            0.3387199999999999,
            0.31152999999999986,
            0.2590499999999998,
            0.33572999999999986,
            0.2433099999999997,
            0.36634999999999973,
            0.19977999999999962,
            0.0,
            0.2625799999999998,
            1.0318299999999998,
            0.9967599999999996,
            1.3275599999999996,
            1.2343099999999998,
            1.5646799999999996,
            1.1604199999999998,
            1.1765499999999998,
            0.9697899999999997,
            1.1184299999999998,
            1.2470799999999997,
            0.8692199999999999,
            0.7774199999999998,
            1.1849999999999998,
            0.7086799999999998,
            2.23761,
            2.1285100000000003,
            1.9334800000000003,
            2.40289,
            2.98484,
            2.21869,
            2.7298999999999998,
            2.69111,
            2.5281700000000003,
            2.4105600000000003,
            1.76302,
            2.43323,
            1.0898500000000002,
            3.1071150000000003
        ],
        [
            1.3825100000000001,
            1.28739,
            1.4369,
            1.4816500000000001,
            1.19781,
            1.1435,
            1.52921,
            1.23445,
            1.19244,
            1.31798,
            1.40754,
            1.42141,
            1.2765900000000001,
            1.32936,
            1.54987,
            0.41229999999999967,
            0.5341799999999997,
            0.39239999999999986,
            0.3652099999999998,
            0.31272999999999973,
            0.3894099999999998,
            0.29698999999999964,
            0.4200299999999997,
            0.2534599999999996,
            0.2625799999999998,
            0.0,
            1.0855099999999998,
            1.0504399999999996,
            1.3812399999999996,
            1.2879899999999997,
            1.6183599999999996,
            1.2140999999999997,
            1.2302299999999997,
            1.0234699999999997,
            1.1721099999999998,
            1.3007599999999997,
            0.9228999999999998,
            0.8310999999999997,
            1.2386799999999998,
            0.7623599999999997,
            2.29129,
            2.1821900000000003,
            1.9871600000000003,
            2.45657,
            3.03852,
            2.27237,
            2.7835799999999997,
            2.74479,
            2.58185,
            2.46424,
            1.8167,
            2.48691,
            1.1435300000000002,
            3.1607950000000002
        ],
        [
            1.8057800000000002,
            1.71066,
            1.86017,
            1.9049200000000002,
            1.62108,
            1.56677,
            1.95248,
            1.65772,
            1.61571,
            1.74125,
            1.83081,
            1.84468,
            1.6998600000000001,
            1.7526300000000001,
            1.9731400000000001,
            1.1815499999999997,
            1.3034299999999996,
            1.1616499999999998,
            1.1344599999999998,
            1.0819799999999997,
            1.1586599999999998,
            1.0662399999999996,
            1.1892799999999997,
            1.0227099999999996,
            1.0318299999999998,
            1.0855099999999998,
            0.0,
