{
    "NEXUS_FILE_URL": "http://purl.org/phylo/treebase/phylows/study/TB2:S15822",
    "NEWICK_TREE": "((2:0.097048,4:0.027509,6:0.031975,7:0.028833,8:0.022447,9:0.026839,10:0.013851,11:0.023809,12:0.014382,14:0.014415,16:0.002415,17:0.00561,18:0.002945,19:0.003438,20:0.003575,21:0.002288,22:0.002406,24:0.013325,25:0.010635,26:0.015631,27:0.001862,28:0.00832,29:0.004397,30:2.64E-4,31:0.007411,32:0.002055,33:6.88E-4,34:0.003197,35:0.00237,36:0.0,37:0.0,38:0.0,39:0.005923,40:0.023463,41:0.0,42:0.005238,43:0.020927,44:0.005154,45:0.021683,46:0.017809,47:0.010026,48:0.006282,49:0.0,50:0.00916,52:0.016417,59:0.008277,(1:0.081797,3:0.049038):0.027424,(5:0.040256,13:0.008316):0.001614,(15:0.016039,23:0.008101):0.002038):0.00947,(51:0.138478,53:0.04949,56:0.017222,60:0.008058,(57:0.01642,58:0.025121):0.019942,(54:0.007554,55:0.030253):0.014257,(73:0.066247,(61:0.099915,62:0.061633,63:0.061302,64:0.064457,66:0.080823,67:0.078919,68:0.060226,69:0.11521,70:0.071717,71:0.048446,72:0.127436,74:0.04975,75:0.095209,77:0.052941,78:0.056121,80:0.08988,81:0.037661,82:0.082332,83:0.050837,84:0.075661,87:0.062244,88:0.026085,(79:0.063816,85:0.045123):0.027507,(65:0.055743,76:0.070039):0.031437,(86:0.016394,89:0.081555):0.025593):0.022674):0.035064):0.009469);",
    "DISTANCE_MATRIX": [
        [
            0.0,
            0.124557,
            0.129023,
            0.125881,
            0.11949499999999999,
            0.123887,
            0.110899,
            0.12085699999999999,
            0.11143,
            0.11146299999999999,
            0.099463,
            0.102658,
            0.099993,
            0.10048599999999999,
            0.10062299999999999,
            0.099336,
            0.099454,
            0.110373,
            0.107683,
            0.112679,
            0.09891,
            0.10536799999999999,
            0.101445,
            0.097312,
            0.104459,
            0.099103,
            0.09773599999999999,
            0.100245,
            0.09941799999999999,
            0.097048,
            0.097048,
            0.097048,
            0.102971,
            0.120511,
            0.097048,
            0.10228599999999999,
            0.117975,
            0.102202,
            0.118731,
            0.11485699999999999,
            0.107074,
            0.10332999999999999,
            0.097048,
            0.106208,
            0.113465,
            0.105325,
            0.20626899999999998,
            0.17351,
            0.13891799999999999,
            0.10697799999999999,
            0.115125,
            0.10718699999999999,
            0.254465,
            0.16547699999999999,
            0.133209,
            0.124045,
            0.152349,
            0.16105,
            0.137798,
            0.160497,
            0.217298,
            0.27364,
            0.23535799999999998,
            0.23502699999999999,
            0.238182,
            0.254548,
            0.252644,
            0.233951,
            0.288935,
            0.245442,
            0.222171,
            0.301161,
            0.223475,
            0.268934,
            0.226666,
            0.229846,
            0.263605,
            0.21138600000000002,
            0.256057,
            0.22456199999999998,
            0.249386,
            0.23596899999999998,
            0.19981,
            0.265048,
            0.246355,
            0.260905,
            0.27520100000000003,
            0.21571200000000001,
            0.280873
        ],
        [
            0.124557,
            0.0,
            0.059484,
            0.056342,
            0.049956,
            0.054347999999999994,
            0.04136,
            0.051318,
            0.041891,
            0.041924,
            0.029924,
            0.033118999999999996,
            0.030454,
            0.030947,
            0.031084,
            0.029796999999999997,
            0.029914999999999997,
            0.040833999999999995,
            0.038144,
            0.04314,
            0.029370999999999998,
            0.035829,
            0.031906,
            0.027773,
            0.03492,
            0.029564,
            0.028197,
            0.030705999999999997,
            0.029879,
            0.027509,
            0.027509,
            0.027509,
            0.033431999999999996,
            0.050972,
            0.027509,
            0.032747,
            0.048436,
            0.032663,
            0.049192,
            0.045318,
            0.037535,
            0.033791,
            0.027509,
            0.036669,
            0.043926,
            0.035786,
            0.13673,
            0.10397100000000001,
            0.069379,
            0.037439,
            0.045586,
            0.037648,
            0.18492599999999998,
            0.095938,
            0.06367,
            0.054506,
            0.08281,
            0.09151100000000001,
            0.068259,
            0.090958,
            0.147759,
            0.20410099999999998,
            0.165819,
            0.16548799999999997,
            0.168643,
            0.18500899999999998,
            0.18310500000000002,
            0.164412,
            0.21939599999999998,
            0.17590299999999998,
            0.152632,
            0.231622,
            0.15393600000000002,
            0.199395,
            0.15712700000000002,
            0.160307,
            0.19406600000000002,
            0.141847,
            0.18651800000000002,
            0.155023,
            0.17984699999999998,
            0.16642999999999997,
            0.130271,
            0.195509,
            0.17681599999999997,
            0.19136599999999998,
            0.205662,
            0.146173,
            0.21133399999999997
        ],
        [
            0.129023,
            0.059484,
            0.0,
            0.060808,
            0.054422000000000005,
            0.058814000000000005,
            0.045826000000000006,
            0.055784,
            0.046357,
            0.04639,
            0.034390000000000004,
            0.03758500000000001,
            0.03492000000000001,
            0.035413,
            0.035550000000000005,
            0.034263,
            0.034381,
            0.04530000000000001,
            0.04261,
            0.047606,
            0.033837000000000006,
            0.040295000000000004,
            0.036372,
            0.032239000000000004,
            0.039386000000000004,
            0.034030000000000005,
            0.032663000000000005,
            0.035172,
            0.034345,
            0.031975,
            0.031975,
            0.031975,
            0.037898,
            0.055438,
            0.031975,
            0.037213,
            0.052902000000000005,
            0.037129,
            0.053658000000000004,
            0.049784,
            0.042001000000000004,
            0.038257000000000006,
            0.031975,
            0.041135000000000005,
            0.048392000000000004,
            0.040252,
            0.141196,
            0.108437,
            0.073845,
            0.041905000000000005,
            0.050052000000000006,
            0.042114000000000006,
            0.189392,
            0.100404,
            0.068136,
            0.058972000000000004,
            0.087276,
            0.095977,
            0.07272500000000001,
            0.09542400000000001,
            0.152225,
            0.208567,
            0.170285,
            0.169954,
            0.173109,
            0.189475,
            0.18757100000000002,
            0.168878,
            0.223862,
            0.180369,
            0.15709800000000002,
            0.23608800000000002,
            0.15840200000000002,
            0.20386100000000001,
            0.16159300000000001,
            0.164773,
            0.19853200000000001,
            0.146313,
            0.19098400000000001,
            0.159489,
            0.184313,
            0.170896,
            0.134737,
            0.199975,
            0.181282,
            0.195832,
            0.21012800000000004,
            0.150639,
            0.2158
        ],
        [
            0.125881,
            0.056342,
            0.060808,
            0.0,
            0.051280000000000006,
            0.055672,
            0.042684,
            0.052642,
            0.043215,
            0.043248,
            0.031248,
            0.034443,
            0.031778,
            0.032271,
            0.032408,
            0.031121000000000003,
            0.031239000000000003,
            0.042158,
            0.039468,
            0.044464000000000004,
            0.030695,
            0.037153,
            0.03323,
            0.029097,
            0.036244,
            0.030888000000000002,
            0.029521000000000002,
            0.03203,
            0.031203,
            0.028833,
            0.028833,
            0.028833,
            0.034756,
            0.052296,
            0.028833,
            0.034071000000000004,
            0.04976,
            0.033987,
            0.050516000000000005,
            0.046642,
            0.038859000000000005,
            0.035115,
            0.028833,
            0.037993,
            0.04525,
            0.037110000000000004,
            0.138054,
            0.105295,
            0.070703,
            0.038763000000000006,
            0.04691000000000001,
            0.038972,
            0.18625,
            0.097262,
            0.064994,
            0.055830000000000005,
            0.08413400000000001,
            0.092835,
            0.069583,
            0.092282,
            0.14908300000000002,
            0.205425,
            0.16714299999999999,
            0.166812,
            0.169967,
            0.186333,
            0.184429,
            0.165736,
            0.22072,
            0.177227,
            0.153956,
            0.23294600000000001,
            0.15526,
            0.200719,
            0.158451,
            0.16163100000000002,
            0.19539,
            0.143171,
            0.187842,
            0.156347,
            0.181171,
            0.167754,
            0.13159500000000002,
            0.196833,
            0.17814,
            0.19269,
            0.20698600000000003,
            0.147497,
            0.21265799999999999
        ],
        [
            0.11949499999999999,
            0.049956,
            0.054422000000000005,
            0.051280000000000006,
            0.0,
            0.049285999999999996,
            0.036298000000000004,
            0.046256000000000005,
            0.036829,
            0.036862000000000006,
            0.024862000000000002,
            0.028057000000000002,
            0.025392,
            0.025885000000000002,
            0.026022000000000003,
            0.024735,
            0.024853,
            0.035772,
            0.033082,
            0.038078,
            0.024309,
            0.030767000000000003,
            0.026844,
            0.022711000000000002,
            0.029858000000000003,
            0.024502000000000003,
            0.023135000000000003,
            0.025644,
            0.024817000000000002,
            0.022447,
            0.022447,
            0.022447,
            0.028370000000000003,
            0.045910000000000006,
            0.022447,
            0.027685,
            0.043374,
            0.027601,
            0.04413,
            0.040256,
            0.032473,
            0.028729,
            0.022447,
            0.031607,
            0.038864,
            0.030724,
            0.131668,
            0.098909,
            0.064317,
            0.032377,
            0.040524000000000004,
            0.032586000000000004,
            0.179864,
            0.090876,
            0.058608,
            0.049444,
            0.07774800000000001,
            0.086449,
            0.063197,
            0.085896,
            0.14269700000000002,
            0.199039,
            0.16075699999999998,
            0.16042599999999999,
            0.163581,
            0.179947,
            0.178043,
            0.15935,
            0.214334,
            0.170841,
            0.14757,
            0.22656,
            0.148874,
            0.194333,
            0.152065,
            0.15524500000000002,
            0.189004,
            0.136785,
            0.181456,
            0.149961,
            0.174785,
            0.16136799999999998,
            0.12520900000000001,
            0.190447,
            0.171754,
            0.186304,
            0.20060000000000003,
            0.141111,
            0.20627199999999998
        ],
        [
            0.123887,
            0.054347999999999994,
            0.058814000000000005,
            0.055672,
            0.049285999999999996,
            0.0,
            0.04069,
            0.050648,
            0.041221,
            0.041254,
            0.029254,
            0.032449,
            0.029783999999999998,
            0.030277,
            0.030413999999999997,
            0.029127,
            0.029245,
            0.040164,
            0.037474,
            0.042469999999999994,
            0.028700999999999997,
            0.035158999999999996,
            0.031236,
            0.027103,
            0.034249999999999996,
            0.028894,
            0.027527,
            0.030036,
            0.029209,
            0.026839,
            0.026839,
            0.026839,
            0.032762,
            0.050302,
            0.026839,
            0.032076999999999994,
            0.047766,
            0.031993,
            0.048521999999999996,
            0.04464799999999999,
            0.036864999999999995,
            0.033121,
            0.026839,
            0.035998999999999996,
            0.043256,
            0.035115999999999994,
            0.13606,
            0.103301,
            0.06870899999999999,
            0.036768999999999996,
            0.044916,
            0.036978,
            0.18425599999999998,
            0.09526799999999999,
            0.063,
            0.053835999999999995,
            0.08213999999999999,
            0.090841,
            0.067589,
            0.090288,
            0.147089,
            0.20343099999999997,
            0.165149,
            0.16481799999999996,
            0.16797299999999998,
            0.18433899999999998,
            0.182435,
            0.163742,
            0.21872599999999998,
            0.17523299999999997,
            0.15196199999999999,
            0.230952,
            0.153266,
            0.19872499999999998,
            0.156457,
            0.159637,
            0.193396,
            0.141177,
            0.185848,
            0.154353,
            0.17917699999999998,
            0.16575999999999996,
            0.129601,
            0.19483899999999998,
            0.17614599999999997,
            0.19069599999999998,
            0.204992,
            0.145503,
            0.21066399999999996
        ],
        [
            0.110899,
            0.04136,
            0.045826000000000006,
            0.042684,
            0.036298000000000004,
            0.04069,
            0.0,
            0.03766,
            0.028233,
            0.028266,
            0.016266,
            0.019461,
            0.016796000000000002,
            0.017289,
            0.017426,
            0.016139,
            0.016257,
            0.027176,
            0.024486,
            0.029482,
            0.015713,
            0.022171,
            0.018248,
            0.014115,
            0.021262,
            0.015906,
            0.014539,
            0.017048,
            0.016221,
            0.013851,
            0.013851,
            0.013851,
            0.019774,
            0.037314,
            0.013851,
            0.019089000000000002,
            0.034778,
            0.019005,
            0.035534,
            0.03166,
            0.023877000000000002,
            0.020133,
            0.013851,
            0.023011,
            0.030268000000000003,
            0.022128000000000002,
            0.123072,
            0.090313,
            0.055721,
            0.023781000000000004,
            0.031928000000000005,
            0.02399,
            0.171268,
            0.08227999999999999,
            0.050012,
            0.040848,
            0.069152,
            0.077853,
            0.054601000000000004,
            0.07730000000000001,
            0.134101,
            0.190443,
            0.152161,
            0.15183,
            0.154985,
            0.171351,
            0.16944700000000001,
            0.150754,
            0.205738,
            0.162245,
            0.13897400000000001,
            0.21796400000000002,
            0.140278,
            0.185737,
            0.143469,
            0.146649,
            0.180408,
            0.128189,
            0.17286,
            0.141365,
            0.166189,
            0.152772,
            0.116613,
            0.181851,
            0.163158,
            0.177708,
            0.19200400000000004,
            0.132515,
            0.197676
        ],
        [
            0.12085699999999999,
            0.051318,
            0.055784,
            0.052642,
            0.046256000000000005,
            0.050648,
            0.03766,
            0.0,
            0.038191,
            0.038224,
            0.026224,
            0.029419,
            0.026754,
            0.027247,
            0.027384,
            0.026097000000000002,
            0.026215000000000002,
            0.037134,
            0.034444,
            0.03944,
            0.025671,
            0.032129,
            0.028206000000000002,
            0.024073,
            0.03122,
            0.025864,
            0.024497,
            0.027006000000000002,
            0.026179,
            0.023809,
            0.023809,
            0.023809,
            0.029732,
            0.047272,
            0.023809,
            0.029047,
            0.044736,
            0.028963,
            0.045492000000000005,
            0.041618,
            0.033835000000000004,
            0.030091,
            0.023809,
            0.032969,
            0.040226,
            0.032086,
            0.13303,
            0.100271,
            0.065679,
            0.033739000000000005,
            0.04188600000000001,
            0.033948,
            0.181226,
            0.092238,
            0.05997,
            0.050806000000000004,
            0.07911000000000001,
            0.087811,
            0.064559,
            0.087258,
            0.144059,
            0.200401,
            0.16211899999999999,
            0.161788,
            0.164943,
            0.181309,
            0.179405,
            0.160712,
            0.215696,
            0.172203,
            0.148932,
            0.227922,
            0.150236,
            0.195695,
            0.153427,
            0.156607,
            0.190366,
            0.13814700000000002,
            0.182818,
            0.15132299999999999,
            0.176147,
            0.16272999999999999,
            0.126571,
            0.191809,
            0.173116,
            0.187666,
            0.20196200000000003,
            0.14247300000000002,
            0.20763399999999999
        ],
        [
            0.11143,
            0.041891,
            0.046357,
            0.043215,
            0.036829,
            0.041221,
            0.028233,
            0.038191,
            0.0,
            0.028797000000000003,
            0.016797,
            0.019992000000000003,
            0.017327000000000002,
            0.017820000000000003,
            0.017957,
            0.01667,
            0.016788,
            0.027707000000000002,
            0.025017,
            0.030012999999999998,
            0.016244,
            0.022702,
            0.018779,
            0.014646000000000001,
            0.021793,
            0.016437,
            0.01507,
            0.017579,
            0.016752,
            0.014382,
            0.014382,
            0.014382,
            0.020305,
            0.037845000000000004,
            0.014382,
            0.01962,
            0.035309,
            0.019536,
            0.036065,
            0.032191,
            0.024408,
            0.020664000000000002,
            0.014382,
            0.023542,
            0.030799,
            0.022659,
            0.123603,
            0.09084400000000001,
            0.056251999999999996,
            0.024312,
            0.032459,
            0.024521,
            0.17179899999999998,
            0.082811,
            0.050543,
            0.041379,
            0.069683,
            0.07838400000000001,
            0.055132,
            0.077831,
            0.134632,
            0.19097399999999998,
            0.152692,
            0.15236099999999997,
            0.155516,
            0.17188199999999998,
            0.16997800000000002,
            0.151285,
            0.20626899999999998,
            0.16277599999999998,
            0.139505,
            0.218495,
            0.14080900000000002,
            0.186268,
            0.14400000000000002,
            0.14718,
            0.18093900000000002,
            0.12872,
            0.17339100000000002,
            0.141896,
            0.16671999999999998,
            0.15330299999999997,
            0.117144,
            0.182382,
            0.16368899999999997,
            0.17823899999999998,
            0.192535,
            0.133046,
            0.19820699999999997
        ],
        [
            0.11146299999999999,
            0.041924,
            0.04639,
            0.043248,
            0.036862000000000006,
            0.041254,
            0.028266,
            0.038224,
            0.028797000000000003,
            0.0,
            0.01683,
            0.020025,
            0.01736,
            0.017853,
            0.01799,
            0.016703000000000003,
            0.016821000000000003,
            0.02774,
            0.025050000000000003,
            0.030046,
            0.016277,
            0.022735,
            0.018812000000000002,
            0.014679000000000001,
            0.021826,
            0.016470000000000002,
            0.015103,
            0.017612000000000003,
            0.016785,
            0.014415,
            0.014415,
            0.014415,
            0.020338000000000002,
            0.037878,
            0.014415,
            0.019653,
            0.035342,
            0.019569,
            0.036098000000000005,
            0.032224,
            0.024441,
            0.020697,
            0.014415,
            0.023575,
            0.030832000000000002,
            0.022692,
            0.123636,
            0.090877,
            0.056285,
            0.024345000000000002,
            0.03249200000000001,
            0.024554,
            0.17183199999999998,
            0.082844,
            0.050575999999999996,
            0.041412000000000004,
            0.069716,
            0.078417,
            0.055165000000000006,
            0.077864,
            0.134665,
            0.19100699999999998,
            0.15272499999999997,
            0.15239399999999997,
            0.155549,
            0.17191499999999998,
            0.170011,
            0.15131799999999998,
            0.20630199999999999,
            0.16280899999999998,
            0.139538,
            0.218528,
            0.140842,
            0.186301,
            0.144033,
            0.147213,
            0.180972,
            0.128753,
            0.173424,
            0.141929,
            0.16675299999999998,
            0.15333599999999997,
            0.117177,
            0.182415,
            0.16372199999999998,
            0.17827199999999999,
            0.19256800000000002,
            0.133079,
            0.19823999999999997
        ],
        [
            0.099463,
            0.029924,
            0.034390000000000004,
            0.031248,
            0.024862000000000002,
            0.029254,
            0.016266,
            0.026224,
            0.016797,
            0.01683,
            0.0,
            0.008025000000000001,
            0.00536,
            0.0058530000000000006,
            0.0059900000000000005,
            0.004703000000000001,
            0.004821000000000001,
            0.01574,
            0.01305,
            0.018046,
            0.0042769999999999996,
            0.010735,
            0.006812,
            0.002679,
            0.009826,
            0.00447,
            0.003103,
            0.005612000000000001,
            0.004785,
            0.002415,
            0.002415,
            0.002415,
            0.008338,
            0.025878,
            0.002415,
            0.007653,
            0.023342,
            0.007568999999999999,
            0.024098,
            0.020224,
            0.012441,
            0.008697,
            0.002415,
            0.011575,
            0.018832,
            0.010692,
            0.111636,
            0.078877,
            0.044285,
            0.012345000000000002,
            0.020492000000000003,
            0.012554000000000001,
            0.159832,
            0.07084399999999999,
            0.038576,
            0.029412,
            0.057716,
            0.066417,
            0.043165,
            0.065864,
            0.122665,
            0.179007,
            0.140725,
            0.140394,
            0.143549,
            0.159915,
            0.158011,
            0.139318,
            0.194302,
            0.150809,
            0.127538,
            0.20652800000000002,
            0.128842,
            0.174301,
            0.132033,
            0.135213,
            0.168972,
            0.116753,
            0.161424,
            0.129929,
            0.154753,
            0.141336,
            0.10517699999999999,
            0.170415,
            0.151722,
            0.166272,
            0.18056800000000003,
            0.12107899999999999,
            0.18624
        ],
        [
            0.102658,
            0.033118999999999996,
            0.03758500000000001,
            0.034443,
            0.028057000000000002,
            0.032449,
            0.019461,
            0.029419,
            0.019992000000000003,
            0.020025,
            0.008025000000000001,
            0.0,
            0.008555,
            0.009048,
            0.009185,
            0.007898,
            0.008016,
            0.018935,
            0.016245000000000002,
            0.021241,
            0.007472,
            0.01393,
            0.010007,
            0.005874000000000001,
            0.013021000000000001,
            0.007665,
            0.006298000000000001,
            0.008807,
            0.007980000000000001,
            0.00561,
            0.00561,
            0.00561,
            0.011533000000000002,
            0.029073,
            0.00561,
            0.010848,
            0.026537,
            0.010764,
            0.027293,
            0.023419,
            0.015636,
            0.011892,
            0.00561,
            0.01477,
            0.022027,
            0.013887,
            0.114831,
            0.082072,
            0.047479999999999994,
            0.015540000000000002,
            0.023687000000000003,
            0.015749,
            0.163027,
            0.074039,
            0.041771,
            0.032607,
            0.06091100000000001,
            0.06961200000000001,
            0.04636,
            0.069059,
            0.12586,
            0.182202,
            0.14392,
            0.143589,
            0.146744,
            0.16311,
            0.16120600000000002,
            0.142513,
            0.197497,
            0.154004,
            0.13073300000000002,
            0.20972300000000002,
            0.13203700000000002,
            0.17749600000000001,
            0.13522800000000001,
            0.138408,
            0.17216700000000001,
            0.119948,
            0.16461900000000002,
            0.133124,
            0.157948,
            0.144531,
            0.108372,
            0.17361000000000001,
            0.154917,
            0.169467,
            0.18376300000000004,
            0.124274,
            0.189435
        ],
        [
            0.099993,
            0.030454,
            0.03492000000000001,
            0.031778,
            0.025392,
            0.029783999999999998,
            0.016796000000000002,
            0.026754,
            0.017327000000000002,
            0.01736,
            0.00536,
            0.008555,
            0.0,
            0.006383,
            0.00652,
            0.005233,
            0.005351,
            0.01627,
            0.01358,
            0.018576,
            0.0048070000000000005,
            0.011264999999999999,
            0.007342,
            0.003209,
            0.010356,
            0.005,
            0.003633,
            0.006142,
            0.005315,
            0.002945,
            0.002945,
            0.002945,
            0.008868000000000001,
            0.026408,
            0.002945,
            0.008183,
            0.023872,
            0.008099,
            0.024628,
            0.020753999999999998,
            0.012971,
            0.009227,
            0.002945,
            0.012105,
            0.019362,
            0.011222,
            0.112166,
            0.079407,
            0.044815,
            0.012875000000000001,
            0.021022000000000002,
            0.013084,
            0.160362,
            0.07137399999999999,
            0.039106,
            0.029942,
            0.058246000000000006,
            0.066947,
            0.043695,
            0.066394,
            0.123195,
            0.179537,
            0.141255,
            0.140924,
            0.144079,
            0.160445,
            0.15854100000000002,
            0.139848,
            0.194832,
            0.151339,
            0.12806800000000002,
            0.20705800000000002,
            0.12937200000000001,
            0.17483100000000001,
            0.13256300000000001,
            0.135743,
            0.169502,
            0.117283,
            0.16195400000000001,
            0.130459,
            0.155283,
            0.141866,
            0.105707,
            0.170945,
            0.152252,
            0.166802,
            0.18109800000000004,
            0.121609,
            0.18677
        ],
        [
            0.10048599999999999,
            0.030947,
            0.035413,
            0.032271,
            0.025885000000000002,
            0.030277,
            0.017289,
            0.027247,
            0.017820000000000003,
            0.017853,
            0.0058530000000000006,
            0.009048,
            0.006383,
            0.0,
            0.007013,
            0.005726,
            0.005844,
            0.016763,
            0.014073,
            0.019069,
            0.0053,
            0.011758,
            0.007835,
            0.003702,
            0.010849000000000001,
            0.005493,
            0.004126,
            0.006635,
            0.005808000000000001,
            0.003438,
            0.003438,
            0.003438,
            0.009361000000000001,
            0.026901,
            0.003438,
            0.008676,
            0.024365,
            0.008591999999999999,
            0.025121,
            0.021247,
            0.013464,
            0.00972,
            0.003438,
            0.012598,
            0.019855,
            0.011715,
            0.112659,
            0.0799,
            0.045308,
            0.013368000000000001,
            0.021515000000000003,
            0.013577,
            0.160855,
            0.071867,
            0.039598999999999995,
            0.030435,
            0.058739,
            0.06744,
            0.044188000000000005,
            0.066887,
            0.123688,
            0.18003,
            0.14174799999999999,
            0.141417,
            0.144572,
            0.160938,
            0.159034,
            0.140341,
            0.195325,
            0.151832,
            0.128561,
            0.207551,
            0.129865,
            0.175324,
            0.133056,
            0.136236,
            0.169995,
            0.117776,
            0.162447,
            0.13095199999999999,
            0.155776,
            0.14235899999999999,
            0.1062,
            0.171438,
            0.152745,
            0.167295,
            0.18159100000000003,
            0.122102,
            0.18726299999999999
        ],
        [
            0.10062299999999999,
            0.031084,
            0.035550000000000005,
            0.032408,
            0.026022000000000003,
            0.030413999999999997,
            0.017426,
            0.027384,
            0.017957,
            0.01799,
            0.0059900000000000005,
            0.009185,
            0.00652,
            0.007013,
            0.0,
            0.005863,
            0.005981,
            0.0169,
            0.01421,
            0.019206,
            0.005437,
            0.011895,
            0.007972,
            0.003839,
            0.010986,
            0.00563,
            0.004263,
            0.006772,
            0.005945000000000001,
            0.003575,
            0.003575,
            0.003575,
            0.009498,
            0.027038,
            0.003575,
            0.008813,
            0.024502000000000003,
            0.008729,
            0.025258000000000003,
            0.021384,
            0.013601,
            0.009857000000000001,
            0.003575,
            0.012735,
            0.019992000000000003,
            0.011852,
            0.112796,
            0.080037,
            0.045445,
            0.013505000000000001,
            0.021652000000000005,
            0.013714,
            0.160992,
            0.072004,
            0.039736,
            0.030572000000000002,
            0.058876000000000005,
            0.067577,
            0.044325,
            0.067024,
            0.123825,
            0.180167,
            0.14188499999999998,
            0.14155399999999999,
            0.144709,
            0.161075,
            0.159171,
            0.140478,
            0.195462,
            0.151969,
            0.128698,
            0.207688,
            0.130002,
            0.175461,
            0.133193,
            0.136373,
            0.170132,
            0.117913,
            0.162584,
            0.13108899999999998,
            0.155913,
            0.14249599999999998,
            0.106337,
            0.171575,
            0.152882,
            0.167432,
            0.18172800000000003,
            0.122239,
            0.18739999999999998
        ],
        [
            0.099336,
            0.029796999999999997,
            0.034263,
            0.031121000000000003,
            0.024735,
            0.029127,
            0.016139,
            0.026097000000000002,
            0.01667,
            0.016703000000000003,
            0.004703000000000001,
            0.007898,
            0.005233,
            0.005726,
            0.005863,
            0.0,
            0.004694,
            0.015613,
            0.012923,
            0.017918999999999997,
            0.00415,
            0.010608,
            0.006685,
            0.002552,
            0.009699,
            0.004343,
            0.0029760000000000003,
            0.005485,
            0.004658000000000001,
            0.002288,
            0.002288,
            0.002288,
            0.008211,
            0.025751000000000003,
            0.002288,
            0.007526,
            0.023215,
            0.007442,
            0.023971,
            0.020096999999999997,
            0.012314,
            0.008570000000000001,
            0.002288,
            0.011448,
            0.018705,
            0.010565,
            0.111509,
            0.07875,
            0.044157999999999996,
            0.012218000000000001,
            0.020365,
            0.012427,
            0.15970499999999999,
            0.070717,
            0.038449,
            0.029285,
            0.057589,
            0.06629,
            0.043038,
            0.065737,
            0.12253800000000001,
            0.17887999999999998,
            0.14059799999999997,
            0.14026699999999998,
            0.143422,
            0.15978799999999999,
            0.157884,
            0.13919099999999998,
            0.194175,
            0.15068199999999998,
            0.127411,
            0.206401,
            0.128715,
            0.174174,
            0.131906,
            0.135086,
            0.168845,
            0.11662600000000001,
            0.161297,
            0.129802,
            0.15462599999999999,
            0.14120899999999997,
            0.10505,
            0.170288,
            0.15159499999999998,
            0.166145,
            0.18044100000000002,
            0.120952,
            0.18611299999999997
        ],
        [
            0.099454,
            0.029914999999999997,
            0.034381,
            0.031239000000000003,
            0.024853,
            0.029245,
            0.016257,
            0.026215000000000002,
            0.016788,
            0.016821000000000003,
            0.004821000000000001,
            0.008016,
            0.005351,
            0.005844,
            0.005981,
            0.004694,
            0.0,
            0.015731000000000002,
            0.013041,
            0.018036999999999997,
            0.004268,
            0.010726,
            0.006803,
            0.00267,
            0.009817,
            0.004461,
            0.0030940000000000004,
            0.005603,
            0.004776000000000001,
            0.002406,
            0.002406,
            0.002406,
            0.008329,
            0.025869000000000003,
            0.002406,
            0.007644,
            0.023333,
            0.00756,
            0.024089,
            0.020214999999999997,
            0.012432,
            0.008688000000000001,
            0.002406,
            0.011566,
            0.018823,
            0.010683,
            0.111627,
            0.07886800000000001,
            0.044275999999999996,
            0.012336000000000001,
            0.020483,
            0.012545,
            0.159823,
            0.070835,
            0.038567,
            0.029403,
            0.057707,
            0.06640800000000001,
            0.043156,
            0.065855,
            0.122656,
            0.178998,
            0.14071599999999998,
            0.14038499999999998,
            0.14354,
            0.159906,
            0.158002,
            0.139309,
            0.194293,
            0.1508,
            0.127529,
            0.206519,
            0.128833,
            0.174292,
            0.132024,
            0.13520400000000002,
            0.168963,
            0.116744,
            0.161415,
            0.12992,
            0.154744,
            0.14132699999999998,
            0.105168,
            0.170406,
            0.151713,
            0.166263,
            0.18055900000000003,
            0.12107,
            0.18623099999999998
        ],
        [
            0.110373,
            0.040833999999999995,
            0.04530000000000001,
            0.042158,
            0.035772,
            0.040164,
            0.027176,
            0.037134,
            0.027707000000000002,
            0.02774,
            0.01574,
            0.018935,
            0.01627,
            0.016763,
            0.0169,
            0.015613,
            0.015731000000000002,
            0.0,
            0.023960000000000002,
            0.028956,
