{
    "NEXUS_FILE_URL": "http://purl.org/phylo/treebase/phylows/study/TB2:S10489",
    "NEWICK_TREE": "((((1:50.0,(4:34.0,5:26.0):25.0):27.0,((6:17.0,7:9.0):41.0,8:60.0):33.0):15.0,(2:13.0,3:33.0):49.0):0.0,(9:43.0,10:43.0):130.0);",
    "DISTANCE_MATRIX": [
        [
            0.0,
            109.0,
            101.0,
            168.0,
            160.0,
            170.0,
            154.0,
            174.0,
            265.0,
            265.0
        ],
        [
            109.0,
            0.0,
            60.0,
            177.0,
            169.0,
            179.0,
            163.0,
            183.0,
            274.0,
            274.0
        ],
        [
            101.0,
            60.0,
            0.0,
            169.0,
            161.0,
            171.0,
            155.0,
            175.0,
            266.0,
            266.0
        ],
        [
            168.0,
            177.0,
            169.0,
            0.0,
            26.0,
            118.0,
            168.0,
            188.0,
            279.0,
            279.0
        ],
        [
            160.0,
            169.0,
            161.0,
            26.0,
            0.0,
            110.0,
            160.0,
            180.0,
            271.0,
            271.0
        ],
        [
            170.0,
            179.0,
            171.0,
            118.0,
            110.0,
            0.0,
            170.0,
            190.0,
            281.0,
            281.0
        ],
        [
            154.0,
            163.0,
            155.0,
            168.0,
            160.0,
            170.0,
            0.0,
            46.0,
            235.0,
            235.0
        ],
        [
            174.0,
            183.0,
            175.0,
            188.0,
            180.0,
            190.0,
            46.0,
            0.0,
            255.0,
            255.0
        ],
        [
            265.0,
            274.0,
            266.0,
            279.0,
            271.0,
            281.0,
            235.0,
            255.0,
            0.0,
            86.0
        ],
        [
            265.0,
            274.0,
            266.0,
            279.0,
            271.0,
            281.0,
            235.0,
            255.0,
            86.0,
            0.0
        ]
    ],
    "NODE_MAPPING": {
        "0": "1",
        "1": "4",
        "2": "5",
        "3": "6",
        "4": "7",
        "5": "8",
        "6": "2",
        "7": "3",
        "8": "9",
        "9": "10"
    }
}