{
    "NEXUS_FILE_URL": "http://purl.org/phylo/treebase/phylows/study/TB2:S14911",
    "NEWICK_TREE": "((1:0.07501515,(2:0.15858765,3:0.25996956):0.04539294):0.4314957,((8:0.12974721,(10:0.088198856,((14:0.118696384,(17:0.025926793,18:0.04127967):0.077113055):0.015508147,((11:1.22123E-6,12:1.22123E-6):0.08002472,((9:0.2711142,16:0.09086147):0.054161966,(13:0.09016781,15:0.078911915):0.016901951):0.019473873):0.015568333):0.0133436015):0.042739686):0.128939723,((4:0.23623978,5:0.266107):0.22590989,((22:0.22307946,(20:0.14605108,21:0.10835582):0.13608827):0.036350578,((7:0.4930705,25:0.17248818):0.11087208,(26:0.18492061,(23:0.1693722,(19:0.29799554,(6:0.6165584,24:0.14237526):0.04535971):0.06454204):0.031872272):0.039687775):0.03349699):0.059750333):0.16628839):0.4314957);",
    "DISTANCE_MATRIX": [
        [
            0.0,
            0.27899574,
            0.38037765,
            1.196693483,
            1.1978848149999999,
            1.2572340915,
            1.2415775555,
            1.2569304325,
            1.21862383473,
            1.21862383473,
            1.4833479324999999,
            1.3030952025,
            1.2651415275,
            1.2538856324999998,
            1.56644461,
            1.5963118299999999,
            1.423475311,
            1.482535201,
            1.444839941,
            1.801484843,
            1.480902523,
            1.422150648,
            1.4384745099999998,
            1.63163989,
            1.9955624599999997,
            1.5213793199999999
        ],
        [
            0.27899574,
            0.0,
            0.41855721,
            1.325658923,
            1.3268502549999999,
            1.3861995315,
            1.3705429955,
            1.3858958725,
            1.34758927473,
            1.34758927473,
            1.6123133724999998,
            1.4320606425,
            1.3941069675,
            1.3828510724999998,
            1.69541005,
            1.7252772699999999,
            1.552440751,
            1.611500641,
            1.573805381,
            1.9304502829999999,
            1.609867963,
            1.551116088,
            1.5674399499999998,
            1.76060533,
            2.1245278999999995,
            1.6503447599999999
        ],
        [
            0.38037765,
            0.41855721,
            0.0,
            1.427040833,
            1.4282321649999998,
            1.4875814415,
            1.4719249054999999,
            1.4872777824999999,
            1.44897118473,
            1.44897118473,
            1.7136952824999998,
            1.5334425525,
            1.4954888775,
            1.4842329824999998,
            1.79679196,
            1.8266591799999998,
            1.653822661,
            1.7128825509999999,
            1.6751872909999999,
            2.0318321929999996,
            1.7112498729999999,
            1.6524979979999999,
            1.6688218599999998,
            1.86198724,
            2.2259098099999997,
            1.7517266699999998
        ],
        [
            1.196693483,
            1.325658923,
            1.427040833,
            0.0,
            0.260685752,
            0.3200350285,
            0.30437849250000004,
            0.31973136950000003,
            0.28142477173,
            0.28142477173,
            0.5461488695000001,
            0.3658961395,
            0.3279424645,
            0.31668656949999996,
            0.887124993,
            0.916992213,
            0.744155694,
            0.803215584,
            0.765520324,
            1.122165226,
            0.801582906,
            0.742831031,
            0.7591548929999999,
            0.9523202730000001,
            1.316242843,
            0.842059703
        ],
        [
            1.1978848149999999,
            1.3268502549999999,
            1.4282321649999998,
            0.260685752,
            0.0,
            0.23574698850000003,
            0.22009045250000003,
            0.23544332950000002,
            0.19713673173000001,
            0.19713673173000001,
            0.4618608295,
            0.2816080995,
            0.24365442449999997,
            0.2323985295,
            0.888316325,
            0.918183545,
            0.745347026,
            0.804406916,
            0.766711656,
            1.123356558,
            0.802774238,
            0.744022363,
            0.7603462249999999,
            0.9535116050000001,
            1.3174341749999998,
            0.843251035
        ],
        [
            1.2572340915,
            1.3861995315,
            1.4875814415,
            0.3200350285,
            0.23574698850000003,
            0.0,
            0.221736232,
            0.23708910900000002,
            0.22979880523000001,
            0.22979880523000001,
            0.494522903,
            0.31427017300000004,
            0.276316498,
            0.265060603,
            0.9476656015,
            0.9775328215,
            0.8046963025,
            0.8637561925,
            0.8260609325,
            1.1827058345,
            0.8621235145,
            0.8033716395,
            0.8196955014999999,
            1.0128608815,
            1.3767834514999997,
            0.9026003115
        ],
        [
            1.2415775555,
            1.3705429955,
            1.4719249054999999,
            0.30437849250000004,
            0.22009045250000003,
            0.221736232,
            0.0,
            0.067206463,
            0.21414226923000002,
            0.21414226923000002,
            0.478866367,
            0.298613637,
            0.26065996199999997,
            0.249404067,
            0.9320090655000001,
            0.9618762855,
            0.7890397665000001,
            0.8480996565000001,
            0.8104043965000001,
            1.1670492985,
            0.8464669785000001,
            0.7877151035000001,
            0.8040389655,
            0.9972043455000001,
            1.3611269154999999,
            0.8869437755
        ],
        [
            1.2569304325,
            1.3858958725,
            1.4872777824999999,
            0.31973136950000003,
            0.23544332950000002,
            0.23708910900000002,
            0.067206463,
            0.0,
            0.22949514623,
            0.22949514623,
            0.494219244,
            0.313966514,
            0.27601283899999995,
            0.264756944,
            0.9473619425,
            0.9772291625,
            0.8043926435000001,
            0.8634525335000001,
            0.8257572735,
            1.1824021755,
            0.8618198555000001,
            0.8030679805000001,
            0.8193918425,
            1.0125572225000001,
            1.3764797924999999,
            0.9022966525
        ],
        [
            1.21862383473,
            1.34758927473,
            1.44897118473,
            0.28142477173,
            0.19713673173000001,
            0.22979880523000001,
            0.21414226923000002,
            0.22949514623,
            0.0,
            2.44246e-06,
            0.42477598023,
            0.24452325023,
            0.20656957522999997,
            0.19531368023,
            0.90905534473,
            0.93892256473,
            0.76608604573,
            0.8251459357300001,
            0.78745067573,
            1.14409557773,
            0.8235132577300001,
            0.76476138273,
            0.78108524473,
            0.9742506247300001,
            1.33817319473,
            0.86399005473
        ],
        [
            1.21862383473,
            1.34758927473,
            1.44897118473,
            0.28142477173,
            0.19713673173000001,
            0.22979880523000001,
            0.21414226923000002,
            0.22949514623,
            2.44246e-06,
            0.0,
            0.42477598023,
            0.24452325023,
            0.20656957522999997,
            0.19531368023,
            0.90905534473,
            0.93892256473,
            0.76608604573,
            0.8251459357300001,
            0.78745067573,
            1.14409557773,
            0.8235132577300001,
            0.76476138273,
            0.78108524473,
            0.9742506247300001,
            1.33817319473,
            0.86399005473
        ],
        [
            1.4833479324999999,
            1.6123133724999998,
            1.7136952824999998,
            0.5461488695000001,
            0.4618608295,
            0.494522903,
            0.478866367,
            0.494219244,
            0.42477598023,
            0.42477598023,
            0.0,
            0.36197567,
            0.432345927,
            0.42109003200000006,
            1.1737794424999999,
            1.2036466625,
            1.0308101435,
            1.0898700335,
            1.0521747735,
            1.4088196755,
            1.0882373555,
            1.0294854805,
            1.0458093425,
            1.2389747225,
            1.6028972924999998,
            1.1287141525
        ],
        [
            1.3030952025,
            1.4320606425,
            1.5334425525,
            0.3658961395,
            0.2816080995,
            0.31427017300000004,
            0.298613637,
            0.313966514,
            0.24452325023,
            0.24452325023,
            0.36197567,
            0.0,
            0.252093197,
            0.240837302,
            0.9935267125,
            1.0233939324999999,
            0.8505574135,
            0.9096173035,
            0.8719220435,
            1.2285669455,
            0.9079846255,
            0.8492327505,
            0.8655566124999999,
            1.0587219925000002,
            1.4226445625,
            0.9484614225
        ],
        [
            1.2651415275,
            1.3941069675,
            1.4954888775,
            0.3279424645,
            0.24365442449999997,
            0.276316498,
            0.26065996199999997,
            0.27601283899999995,
            0.20656957522999997,
            0.20656957522999997,
            0.432345927,
            0.252093197,
            0.0,
            0.16907972500000001,
            0.9555730375,
            0.9854402575,
            0.8126037385,
            0.8716636285,
            0.8339683685,
            1.1906132705,
            0.8700309505,
            0.8112790755,
            0.8276029374999999,
            1.0207683175,
            1.3846908874999997,
            0.9105077475
        ],
        [
            1.2538856324999998,
            1.3828510724999998,
            1.4842329824999998,
            0.31668656949999996,
            0.2323985295,
            0.265060603,
            0.249404067,
            0.264756944,
            0.19531368023,
            0.19531368023,
            0.42109003200000006,
            0.240837302,
            0.16907972500000001,
            0.0,
            0.9443171425,
            0.9741843625,
            0.8013478435,
            0.8604077335,
            0.8227124735,
            1.1793573755,
            0.8587750555,
            0.8000231805,
            0.8163470424999999,
            1.0095124225,
            1.3734349924999998,
            0.8992518525
        ],
        [
            1.56644461,
            1.69541005,
            1.79679196,
            0.887124993,
            0.888316325,
            0.9476656015,
            0.9320090655000001,
            0.9473619425,
            0.90905534473,
            0.90905534473,
            1.1737794424999999,
            0.9935267125,
            0.9555730375,
            0.9443171425,
            0.0,
            0.50234678,
            0.781330041,
            0.840389931,
            0.802694671,
            1.159339573,
            0.838757253,
            0.780005378,
            0.7963292399999999,
            0.9894946200000001,
            1.3534171899999998,
            0.87923405
        ],
        [
            1.5963118299999999,
            1.7252772699999999,
            1.8266591799999998,
            0.916992213,
            0.918183545,
            0.9775328215,
            0.9618762855,
            0.9772291625,
            0.93892256473,
            0.93892256473,
            1.2036466625,
            1.0233939324999999,
            0.9854402575,
            0.9741843625,
            0.50234678,
            0.0,
            0.811197261,
            0.870257151,
            0.832561891,
            1.1892067929999999,
            0.8686244729999999,
            0.809872598,
            0.82619646,
            1.01936184,
            1.38328441,
            0.90910127
        ],
        [
            1.423475311,
            1.552440751,
            1.653822661,
            0.744155694,
            0.745347026,
            0.8046963025,
            0.7890397665000001,
            0.8043926435000001,
            0.76608604573,
            0.76608604573,
            1.0308101435,
            0.8505574135,
            0.8126037385,
            0.8013478435,
            0.781330041,
            0.811197261,
            0.0,
            0.50521881,
            0.46752355,
            0.896869608,
            0.5762872880000001,
            0.517535413,
            0.533859275,
            0.727024655,
            1.0909472249999999,
            0.616764085
        ],
        [
            1.482535201,
            1.611500641,
            1.7128825509999999,
            0.803215584,
            0.804406916,
            0.8637561925,
            0.8480996565000001,
            0.8634525335000001,
            0.8251459357300001,
            0.8251459357300001,
            1.0898700335,
            0.9096173035,
            0.8716636285,
            0.8604077335,
            0.840389931,
            0.870257151,
            0.50521881,
            0.0,
            0.2544069,
            0.9559294979999999,
            0.635347178,
            0.5765953030000001,
            0.5929191650000001,
            0.786084545,
            1.150007115,
            0.675823975
        ],
        [
            1.444839941,
            1.573805381,
            1.6751872909999999,
            0.765520324,
            0.766711656,
            0.8260609325,
            0.8104043965000001,
            0.8257572735,
            0.78745067573,
            0.78745067573,
            1.0521747735,
            0.8719220435,
            0.8339683685,
            0.8227124735,
            0.802694671,
            0.832561891,
            0.46752355,
            0.2544069,
            0.0,
            0.9182342379999999,
            0.597651918,
            0.538900043,
            0.5552239050000001,
            0.748389285,
            1.112311855,
            0.638128715
        ],
        [
            1.801484843,
            1.9304502829999999,
            2.0318321929999996,
            1.122165226,
            1.123356558,
            1.1827058345,
            1.1670492985,
            1.1824021755,
            1.14409557773,
            1.14409557773,
            1.4088196755,
            1.2285669455,
            1.1906132705,
            1.1793573755,
            1.159339573,
            1.1892067929999999,
            0.896869608,
            0.9559294979999999,
            0.9182342379999999,
            0.0,
            0.66555868,
            0.828550965,
            0.844874827,
            1.0380402069999999,
            1.401962777,
            0.927779637
        ],
        [
            1.480902523,
            1.609867963,
            1.7112498729999999,
            0.801582906,
            0.802774238,
            0.8621235145,
            0.8464669785000001,
            0.8618198555000001,
            0.8235132577300001,
            0.8235132577300001,
            1.0882373555,
            0.9079846255,
            0.8700309505,
            0.8587750555,
            0.838757253,
            0.8686244729999999,
            0.5762872880000001,
            0.635347178,
            0.597651918,
            0.66555868,
            0.0,
            0.507968645,
            0.524292507,
            0.7174578869999999,
            1.0813804569999999,
            0.607197317
        ],
        [
            1.422150648,
            1.551116088,
            1.6524979979999999,
            0.742831031,
            0.744022363,
            0.8033716395,
            0.7877151035000001,
            0.8030679805000001,
            0.76476138273,
            0.76476138273,
            1.0294854805,
            0.8492327505,
            0.8112790755,
            0.8000231805,
            0.780005378,
            0.809872598,
            0.517535413,
            0.5765953030000001,
            0.538900043,
            0.828550965,
            0.507968645,
            0.0,
            0.386165082,
            0.579330462,
            0.943253032,
            0.46906989200000004
        ],
        [
            1.4384745099999998,
            1.5674399499999998,
            1.6688218599999998,
            0.7591548929999999,
            0.7603462249999999,
            0.8196955014999999,
            0.8040389655,
            0.8193918425,
            0.78108524473,
            0.78108524473,
            1.0458093425,
            0.8655566124999999,
            0.8276029374999999,
            0.8163470424999999,
            0.7963292399999999,
            0.82619646,
            0.533859275,
            0.5929191650000001,
            0.5552239050000001,
            0.844874827,
            0.524292507,
            0.386165082,
            0.0,
            0.53190978,
            0.8958323499999999,
            0.42164921
        ],
        [
            1.63163989,
            1.76060533,
            1.86198724,
            0.9523202730000001,
            0.9535116050000001,
            1.0128608815,
            0.9972043455000001,
            1.0125572225000001,
            0.9742506247300001,
            0.9742506247300001,
            1.2389747225,
            1.0587219925000002,
            1.0207683175,
            1.0095124225,
            0.9894946200000001,
            1.01936184,
            0.727024655,
            0.786084545,
            0.748389285,
            1.0380402069999999,
            0.7174578869999999,
            0.579330462,
            0.53190978,
            0.0,
            0.9599136500000001,
            0.48573051
        ],
        [
            1.9955624599999997,
            2.1245278999999995,
            2.2259098099999997,
            1.316242843,
            1.3174341749999998,
            1.3767834514999997,
            1.3611269154999999,
            1.3764797924999999,
            1.33817319473,
            1.33817319473,
            1.6028972924999998,
            1.4226445625,
            1.3846908874999997,
            1.3734349924999998,
            1.3534171899999998,
            1.38328441,
            1.0909472249999999,
            1.150007115,
            1.112311855,
            1.401962777,
            1.0813804569999999,
            0.943253032,
            0.8958323499999999,
            0.9599136500000001,
            0.0,
            0.75893366
        ],
        [
            1.5213793199999999,
            1.6503447599999999,
            1.7517266699999998,
            0.842059703,
            0.843251035,
            0.9026003115,
            0.8869437755,
            0.9022966525,
            0.86399005473,
            0.86399005473,
            1.1287141525,
            0.9484614225,
            0.9105077475,
            0.8992518525,
            0.87923405,
            0.90910127,
            0.616764085,
            0.675823975,
            0.638128715,
            0.927779637,
            0.607197317,
            0.46906989200000004,
            0.42164921,
            0.48573051,
            0.75893366,
            0.0
        ]
    ],
    "NODE_MAPPING": {
        "0": "1",
        "1": "2",
        "2": "3",
        "3": "8",
        "4": "10",
        "5": "14",
        "6": "17",
        "7": "18",
        "8": "11",
        "9": "12",
        "10": "9",
        "11": "16",
        "12": "13",
        "13": "15",
        "14": "4",
        "15": "5",
        "16": "22",
        "17": "20",
        "18": "21",
        "19": "7",
        "20": "25",
        "21": "26",
        "22": "23",
        "23": "19",
        "24": "6",
        "25": "24"
    }
}