{
    "NEXUS_FILE_URL": "http://purl.org/phylo/treebase/phylows/study/TB2:S13449",
    "NEWICK_TREE": "(2:1.0E-8,((5:1.0E-8,6:1.0E-8):0.0057084,((4:1.0E-8,3:1.0E-8):0.00873222,((((83:0.07615399,79:0.09365718,84:0.12045216):0.0041221,((((77:0.11318925,81:0.0906771):9.4855E-4,(82:0.00778927,76:0.01551762):0.05513793):0.00270371,80:0.14641416):0.00472811,78:0.08340179):0.00582504):0.04024966,((75:1.0E-8,74:1.0E-8,65:1.0E-8,73:1.0E-8,72:9.9172E-4):0.00828208,(((69:1.0E-8,68:1.0E-8):0.0295404,(((67:1.0E-8,66:1.0E-8):0.00188608,54:1.0E-8,53:1.0E-8):0.00296839,((64:1.0E-8,63:1.0E-8):9.4273E-4,71:9.7074E-4,70:0.00189616):0.0017784):0.00287196):0.00111784,((61:1.0E-8,58:1.0E-8,56:1.0E-8,60:1.0E-8,57:1.0E-8,62:1.0E-8,59:1.0E-8):0.0018824,55:1.0E-8):0.01361073):0.00543151):0.05919472):0.03652974,(((((35:1.0E-8,34:1.0E-8):0.010959,(32:1.0E-8,43:9.4221E-4,33:9.4306E-4,44:9.4308E-4):0.00503112):0.0041808,(46:1.0E-8,50:1.0E-8,9:1.0E-8,8:0.00105156,52:1.0E-8,51:1.0E-8,47:1.0E-8):0.01199667):0.00178651,((49:1.0E-8,22:1.0E-8,(16:1.0E-8,23:1.0E-8):9.474E-4):0.00494844,(((42:1.0E-8,11:1.0E-8):0.00280411,(41:1.0E-8,(39:1.0E-8,15:1.0E-8):0.00288592,40:1.0E-8,48:1.0E-8,21:1.0E-8,(18:0.00187218,20:0.00376195):9.2887E-4,(19:0.00372996,17:1.0E-8,14:9.2986E-4,26:1.0E-8,10:1.0E-8,25:1.0E-8,13:0.00288068,12:1.0E-8):9.3069E-4,24:1.0E-8):9.3399E-4):0.00187158,45:0.00389275,7:0.00188189,(38:1.0E-8,(37:1.0E-8,36:1.0E-8):9.3133E-4):0.01532167):0.00363884):0.01458971):0.00813709,((29:1.0E-8,30:9.357E-4):0.00281902,31:1.0E-8,27:1.0E-8,28:1.0E-8):0.00914194):0.01565869):0.01852498):0.00347676):0.00898219,1:1.0E-8);",
    "DISTANCE_MATRIX": [
        [
            0.0,
            0.014690609999999998,
            0.014690609999999998,
            0.021191190000000002,
            0.021191190000000002,
            0.18803943,
            0.20554262,
            0.2323376,
            0.23515799999999998,
            0.21264585,
            0.18394739999999998,
            0.19167574999999998,
            0.26473065,
            0.19699017,
            0.13499049,
            0.13499049,
            0.13499049,
            0.13499049,
            0.1359822,
            0.16279816,
            0.16279816,
            0.14098418999999998,
            0.14098418999999998,
            0.13909811,
            0.13909811,
            0.13885085,
            0.13885085,
            0.13887885,
            0.13980426999999998,
            0.14763305,
            0.14763305,
            0.14763305,
            0.14763305,
            0.14763305,
            0.14763305,
            0.14763305,
            0.14575064999999998,
            0.07170603999999998,
            0.07170603999999998,
            0.06577815999999999,
            0.06672035999999999,
            0.06672120999999999,
            0.06672122999999999,
            0.06856290999999999,
            0.06856290999999999,
            0.06856290999999999,
            0.06961445999999999,
            0.06856290999999999,
            0.06856290999999999,
            0.06856290999999999,
            0.07431787999999999,
            0.07431787999999999,
            0.07526527999999999,
            0.07526527999999999,
            0.07768396999999999,
            0.07768396999999999,
            0.07581384999999999,
            0.07869976999999999,
            0.07869976999999999,
            0.07581384999999999,
            0.07581384999999999,
            0.07581384999999999,
            0.07861488999999999,
            0.08050465999999999,
            0.08047448999999998,
            0.07674453999999999,
            0.07767438999999998,
            0.07674453999999999,
            0.07674453999999999,
            0.07674453999999999,
            0.07962520999999999,
            0.07674453999999999,
            0.07581384999999999,
            0.07690101999999999,
            0.07489015999999998,
            0.08832994999999999,
            0.08926127999999998,
            0.08926127999999998,
            0.058603600000000006,
            0.05953929000000001,
            0.05578458,
            0.05578458,
            0.05578458,
            2e-08
        ],
        [
            0.014690609999999998,
            0.0,
            2e-08,
            0.0179174,
            0.0179174,
            0.18476564,
            0.20226883,
            0.22906381,
            0.23188420999999998,
            0.20937206,
            0.18067360999999998,
            0.18840195999999998,
            0.26145686,
            0.19371638,
            0.1317167,
            0.1317167,
            0.1317167,
            0.1317167,
            0.13270841,
            0.15952437,
            0.15952437,
            0.13771039999999998,
            0.13771039999999998,
            0.13582432,
            0.13582432,
            0.13557706,
            0.13557706,
            0.13560506,
            0.13653047999999998,
            0.14435926,
            0.14435926,
            0.14435926,
            0.14435926,
            0.14435926,
            0.14435926,
            0.14435926,
            0.14247685999999998,
            0.06843224999999999,
            0.06843224999999999,
            0.06250437,
            0.06344657000000001,
            0.06344742,
            0.06344744000000001,
            0.06528912,
            0.06528912,
            0.06528912,
            0.06634067,
            0.06528912,
            0.06528912,
            0.06528912,
            0.07104408999999999,
            0.07104408999999999,
            0.07199148999999999,
            0.07199148999999999,
            0.07441017999999999,
            0.07441017999999999,
            0.07254005999999999,
            0.07542597999999999,
            0.07542597999999999,
            0.07254005999999999,
            0.07254005999999999,
            0.07254005999999999,
            0.0753411,
            0.07723087,
            0.07720069999999998,
            0.07347074999999999,
            0.07440059999999998,
            0.07347074999999999,
            0.07347074999999999,
            0.07347074999999999,
            0.07635141999999999,
            0.07347074999999999,
            0.07254005999999999,
            0.07362722999999999,
            0.07161636999999998,
            0.08505615999999999,
            0.08598748999999999,
            0.08598748999999999,
            0.05532981,
            0.0562655,
            0.052510789999999995,
            0.052510789999999995,
            0.052510789999999995,
            0.014690609999999998
        ],
        [
            0.014690609999999998,
            2e-08,
            0.0,
            0.0179174,
            0.0179174,
            0.18476564,
            0.20226883,
            0.22906381,
            0.23188420999999998,
            0.20937206,
            0.18067360999999998,
            0.18840195999999998,
            0.26145686,
            0.19371638,
            0.1317167,
            0.1317167,
            0.1317167,
            0.1317167,
            0.13270841,
            0.15952437,
            0.15952437,
            0.13771039999999998,
            0.13771039999999998,
            0.13582432,
            0.13582432,
            0.13557706,
            0.13557706,
            0.13560506,
            0.13653047999999998,
            0.14435926,
            0.14435926,
            0.14435926,
            0.14435926,
            0.14435926,
            0.14435926,
            0.14435926,
            0.14247685999999998,
            0.06843224999999999,
            0.06843224999999999,
            0.06250437,
            0.06344657000000001,
            0.06344742,
            0.06344744000000001,
            0.06528912,
            0.06528912,
            0.06528912,
            0.06634067,
            0.06528912,
            0.06528912,
            0.06528912,
            0.07104408999999999,
            0.07104408999999999,
            0.07199148999999999,
            0.07199148999999999,
            0.07441017999999999,
            0.07441017999999999,
            0.07254005999999999,
            0.07542597999999999,
            0.07542597999999999,
            0.07254005999999999,
            0.07254005999999999,
            0.07254005999999999,
            0.0753411,
            0.07723087,
            0.07720069999999998,
            0.07347074999999999,
            0.07440059999999998,
            0.07347074999999999,
            0.07347074999999999,
            0.07347074999999999,
            0.07635141999999999,
            0.07347074999999999,
            0.07254005999999999,
            0.07362722999999999,
            0.07161636999999998,
            0.08505615999999999,
            0.08598748999999999,
            0.08598748999999999,
            0.05532981,
            0.0562655,
            0.052510789999999995,
            0.052510789999999995,
            0.052510789999999995,
            0.014690609999999998
        ],
        [
            0.021191190000000002,
            0.0179174,
            0.0179174,
            0.0,
            2e-08,
            0.18431270000000002,
            0.20181589000000003,
            0.22861087000000002,
            0.23143127,
            0.20891912,
            0.18022067,
            0.18794902,
            0.26100392,
            0.19326344,
            0.13126376,
            0.13126376,
            0.13126376,
            0.13126376,
            0.13225547,
            0.15907143,
            0.15907143,
            0.13725746,
            0.13725746,
            0.13537138,
            0.13537138,
            0.13512412000000001,
            0.13512412000000001,
            0.13515212000000001,
            0.13607754,
            0.14390632,
            0.14390632,
            0.14390632,
            0.14390632,
            0.14390632,
            0.14390632,
            0.14390632,
            0.14202392,
            0.06797930999999999,
            0.06797930999999999,
            0.06205143,
            0.06299363,
            0.06299447999999999,
            0.06299450000000001,
            0.06483618,
            0.06483618,
            0.06483618,
            0.06588773,
            0.06483618,
            0.06483618,
            0.06483618,
            0.07059114999999999,
            0.07059114999999999,
            0.07153855,
            0.07153855,
            0.07395724000000001,
            0.07395724000000001,
            0.07208712,
            0.07497303999999999,
            0.07497303999999999,
            0.07208712,
            0.07208712,
            0.07208712,
            0.07488816000000001,
            0.07677793,
            0.07674776,
            0.07301780999999999,
            0.07394766,
            0.07301780999999999,
            0.07301780999999999,
            0.07301780999999999,
            0.07589847999999999,
            0.07301780999999999,
            0.07208712,
            0.07317429,
            0.07116343,
            0.08460322,
            0.08553454999999999,
            0.08553454999999999,
            0.05487687,
            0.055812560000000004,
            0.052057849999999996,
            0.052057849999999996,
            0.052057849999999996,
            0.021191190000000002
        ],
        [
            0.021191190000000002,
            0.0179174,
            0.0179174,
            2e-08,
            0.0,
            0.18431270000000002,
            0.20181589000000003,
            0.22861087000000002,
            0.23143127,
            0.20891912,
            0.18022067,
            0.18794902,
            0.26100392,
            0.19326344,
            0.13126376,
            0.13126376,
            0.13126376,
            0.13126376,
            0.13225547,
            0.15907143,
            0.15907143,
            0.13725746,
            0.13725746,
            0.13537138,
            0.13537138,
            0.13512412000000001,
            0.13512412000000001,
            0.13515212000000001,
            0.13607754,
            0.14390632,
            0.14390632,
            0.14390632,
            0.14390632,
            0.14390632,
            0.14390632,
            0.14390632,
            0.14202392,
            0.06797930999999999,
            0.06797930999999999,
            0.06205143,
            0.06299363,
            0.06299447999999999,
            0.06299450000000001,
            0.06483618,
            0.06483618,
            0.06483618,
            0.06588773,
            0.06483618,
            0.06483618,
            0.06483618,
            0.07059114999999999,
            0.07059114999999999,
            0.07153855,
            0.07153855,
            0.07395724000000001,
            0.07395724000000001,
            0.07208712,
            0.07497303999999999,
            0.07497303999999999,
            0.07208712,
            0.07208712,
            0.07208712,
            0.07488816000000001,
            0.07677793,
            0.07674776,
            0.07301780999999999,
            0.07394766,
            0.07301780999999999,
            0.07301780999999999,
            0.07301780999999999,
            0.07589847999999999,
            0.07301780999999999,
            0.07208712,
            0.07317429,
            0.07116343,
            0.08460322,
            0.08553454999999999,
            0.08553454999999999,
            0.05487687,
            0.055812560000000004,
            0.052057849999999996,
            0.052057849999999996,
            0.052057849999999996,
            0.021191190000000002
        ],
        [
            0.18803943,
            0.18476564,
            0.18476564,
            0.18431270000000002,
            0.18431270000000002,
            0.0,
            0.16981117,
            0.19660615,
            0.20767075000000002,
            0.1851586,
            0.15646015000000002,
            0.16418850000000001,
            0.2372434,
            0.16950292,
            0.18800256,
            0.18800256,
            0.18800256,
            0.18800256,
            0.18899427000000002,
            0.21581023000000002,
            0.21581023000000002,
            0.19399626000000003,
            0.19399626000000003,
            0.19211018000000002,
            0.19211018000000002,
            0.19186292000000002,
            0.19186292000000002,
            0.19189092000000002,
            0.19281634000000003,
            0.20064512,
            0.20064512,
            0.20064512,
            0.20064512,
            0.20064512,
            0.20064512,
            0.20064512,
            0.19876272,
            0.19777759,
            0.19777759,
            0.19184971,
            0.19279191,
            0.19279276,
            0.19279278000000002,
            0.19463446,
            0.19463446,
            0.19463446,
            0.19568601000000002,
            0.19463446,
            0.19463446,
            0.19463446,
            0.20038943000000004,
            0.20038943000000004,
            0.20133683000000002,
            0.20133683000000002,
            0.20375552000000002,
            0.20375552000000002,
            0.20188540000000002,
            0.20477132000000003,
            0.20477132000000003,
            0.20188540000000002,
            0.20188540000000002,
            0.20188540000000002,
            0.20468644000000003,
            0.20657621000000004,
            0.20654604000000001,
            0.20281609,
            0.20374594000000001,
            0.20281609,
            0.20281609,
            0.20281609,
            0.20569676000000003,
            0.20281609,
            0.20188540000000002,
            0.20297257000000002,
            0.20096171000000002,
            0.21440150000000002,
            0.21533283000000003,
            0.21533283000000003,
            0.18467515,
            0.18561084000000003,
            0.18185613,
            0.18185613,
            0.18185613,
            0.18803943
        ],
        [
            0.20554262,
            0.20226883,
            0.20226883,
            0.20181589000000003,
            0.20181589000000003,
            0.16981117,
            0.0,
            0.21410934,
            0.22517394000000002,
            0.20266179,
            0.17396334000000002,
            0.18169169000000002,
            0.25474659,
            0.18700611,
            0.20550575000000001,
            0.20550575000000001,
            0.20550575000000001,
            0.20550575000000001,
            0.20649746000000002,
            0.23331342000000002,
            0.23331342000000002,
            0.21149945000000003,
            0.21149945000000003,
            0.20961337000000002,
            0.20961337000000002,
            0.20936611000000002,
            0.20936611000000002,
            0.20939411000000002,
            0.21031953000000003,
            0.21814831,
            0.21814831,
            0.21814831,
            0.21814831,
            0.21814831,
            0.21814831,
            0.21814831,
            0.21626591,
            0.21528078,
            0.21528078,
            0.2093529,
            0.2102951,
            0.21029595,
            0.21029597000000003,
            0.21213765,
            0.21213765,
            0.21213765,
            0.21318920000000002,
            0.21213765,
            0.21213765,
            0.21213765,
            0.21789262000000004,
            0.21789262000000004,
            0.21884002000000002,
            0.21884002000000002,
            0.22125871000000003,
            0.22125871000000003,
            0.21938859000000002,
            0.22227451000000004,
            0.22227451000000004,
            0.21938859000000002,
            0.21938859000000002,
            0.21938859000000002,
            0.22218963000000003,
            0.22407940000000004,
            0.22404923000000002,
            0.22031928,
            0.22124913000000002,
            0.22031928,
            0.22031928,
            0.22031928,
            0.22319995000000004,
            0.22031928,
            0.21938859000000002,
            0.22047576000000002,
            0.21846490000000002,
            0.23190469000000002,
            0.23283602000000003,
            0.23283602000000003,
            0.20217834,
            0.20311403000000003,
            0.19935932,
            0.19935932,
            0.19935932,
            0.20554262
        ],
        [
            0.2323376,
            0.22906381,
            0.22906381,
            0.22861087000000002,
            0.22861087000000002,
            0.19660615,
            0.21410934,
            0.0,
            0.25196892,
            0.22945677,
            0.20075832,
            0.20848666999999999,
            0.28154157,
            0.21380109000000003,
            0.23230073,
            0.23230073,
            0.23230073,
            0.23230073,
            0.23329244000000002,
            0.2601084,
            0.2601084,
            0.23829443,
            0.23829443,
            0.23640835000000002,
            0.23640835000000002,
            0.23616109000000002,
            0.23616109000000002,
            0.23618909000000002,
            0.23711451,
            0.24494329,
            0.24494329,
            0.24494329,
            0.24494329,
            0.24494329,
            0.24494329,
            0.24494329,
            0.24306089000000003,
            0.24207576000000003,
            0.24207576000000003,
            0.23614788000000003,
            0.23709008000000004,
            0.23709093000000003,
            0.23709095000000002,
            0.23893263000000003,
            0.23893263000000003,
            0.23893263000000003,
            0.23998418000000002,
            0.23893263000000003,
            0.23893263000000003,
            0.23893263000000003,
            0.2446876,
            0.2446876,
            0.24563500000000002,
            0.24563500000000002,
            0.24805369000000002,
            0.24805369000000002,
            0.24618357000000002,
            0.24906949,
            0.24906949,
            0.24618357000000002,
            0.24618357000000002,
            0.24618357000000002,
            0.24898461000000002,
            0.25087438,
            0.25084421,
            0.24711426000000003,
            0.24804411,
            0.24711426000000003,
            0.24711426000000003,
            0.24711426000000003,
            0.24999493,
            0.24711426000000003,
            0.24618357000000002,
            0.24727074000000002,
            0.24525988,
            0.25869967000000005,
            0.259631,
            0.259631,
            0.22897332,
            0.22990901000000002,
            0.22615430000000003,
            0.22615430000000003,
            0.22615430000000003,
            0.2323376
        ],
        [
            0.23515799999999998,
            0.23188420999999998,
            0.23188420999999998,
            0.23143127,
            0.23143127,
            0.20767075000000002,
            0.22517394000000002,
            0.25196892,
            0.0,
            0.20386635,
            0.17706500000000003,
            0.18479335000000002,
            0.26325567,
            0.20497141000000002,
            0.23512112999999998,
            0.23512112999999998,
            0.23512112999999998,
            0.23512112999999998,
            0.23611284,
            0.26292879999999996,
            0.26292879999999996,
            0.24111483,
            0.24111483,
            0.23922875,
            0.23922875,
            0.23898149,
            0.23898149,
            0.23900949,
            0.23993491,
            0.24776368999999998,
            0.24776368999999998,
            0.24776368999999998,
            0.24776368999999998,
            0.24776368999999998,
            0.24776368999999998,
            0.24776368999999998,
            0.24588128999999997,
            0.24489615999999997,
            0.24489615999999997,
            0.23896827999999998,
            0.23991047999999998,
            0.23991132999999998,
            0.23991135,
            0.24175302999999998,
            0.24175302999999998,
            0.24175302999999998,
            0.24280458,
            0.24175302999999998,
            0.24175302999999998,
            0.24175302999999998,
            0.247508,
            0.247508,
            0.2484554,
            0.2484554,
            0.25087409,
            0.25087409,
            0.24900397,
            0.25188989,
            0.25188989,
            0.24900397,
            0.24900397,
            0.24900397,
            0.25180501,
            0.25369478,
            0.25366460999999996,
            0.24993465999999998,
            0.25086451,
            0.24993465999999998,
            0.24993465999999998,
            0.24993465999999998,
            0.25281533,
            0.24993465999999998,
            0.24900397,
            0.25009114,
            0.24808028,
            0.26152007,
            0.2624514,
            0.2624514,
            0.23179371999999998,
            0.23272941,
            0.22897469999999998,
            0.22897469999999998,
            0.22897469999999998,
            0.23515799999999998
        ],
        [
            0.21264585,
            0.20937206,
            0.20937206,
            0.20891912,
            0.20891912,
            0.1851586,
            0.20266179,
            0.22945677,
            0.20386635,
            0.0,
            0.15455285000000002,
            0.16228120000000001,
            0.24074352,
            0.18245926,
            0.21260898,
            0.21260898,
            0.21260898,
            0.21260898,
            0.21360069,
            0.24041665,
            0.24041665,
            0.21860268,
            0.21860268,
            0.2167166,
            0.2167166,
            0.21646934,
            0.21646934,
            0.21649734,
            0.21742276,
            0.22525154,
            0.22525154,
            0.22525154,
            0.22525154,
            0.22525154,
            0.22525154,
            0.22525154,
            0.22336914000000002,
            0.22238401000000002,
            0.22238401000000002,
            0.21645613000000002,
            0.21739833000000003,
            0.21739918000000003,
            0.21739920000000001,
            0.21924088000000003,
            0.21924088000000003,
            0.21924088000000003,
            0.22029243,
            0.21924088000000003,
            0.21924088000000003,
            0.21924088000000003,
            0.22499585,
            0.22499585,
            0.22594325,
            0.22594325,
            0.22836194,
            0.22836194,
            0.22649182,
            0.22937774,
            0.22937774,
            0.22649182,
            0.22649182,
            0.22649182,
            0.22929286000000001,
            0.23118263,
            0.23115246,
            0.22742251000000002,
            0.22835236,
            0.22742251000000002,
            0.22742251000000002,
            0.22742251000000002,
            0.23030318,
            0.22742251000000002,
            0.22649182,
            0.22757899,
            0.22556813,
            0.23900792,
            0.23993925,
            0.23993925,
            0.20928157,
            0.21021726000000002,
            0.20646255000000002,
            0.20646255000000002,
            0.20646255000000002,
            0.21264585
        ],
        [
            0.18394739999999998,
            0.18067360999999998,
            0.18067360999999998,
            0.18022067,
            0.18022067,
            0.15646015000000002,
            0.17396334000000002,
            0.20075832,
            0.17706500000000003,
            0.15455285000000002,
            0.0,
            0.02330689,
            0.21204507,
            0.15376081,
            0.18391053,
            0.18391053,
            0.18391053,
            0.18391053,
            0.18490224,
            0.2117182,
            0.2117182,
            0.18990423,
            0.18990423,
            0.18801815,
            0.18801815,
            0.18777089,
            0.18777089,
            0.18779889,
            0.18872431,
            0.19655308999999999,
            0.19655308999999999,
            0.19655308999999999,
            0.19655308999999999,
            0.19655308999999999,
            0.19655308999999999,
            0.19655308999999999,
            0.19467068999999998,
            0.19368555999999998,
            0.19368555999999998,
            0.18775767999999998,
            0.18869988,
            0.18870072999999998,
            0.18870075,
            0.19054242999999998,
            0.19054242999999998,
            0.19054242999999998,
            0.19159398,
            0.19054242999999998,
            0.19054242999999998,
            0.19054242999999998,
            0.1962974,
            0.1962974,
            0.1972448,
            0.1972448,
            0.19966349,
            0.19966349,
            0.19779337,
            0.20067929,
            0.20067929,
            0.19779337,
            0.19779337,
            0.19779337,
            0.20059441,
            0.20248418,
            0.20245401,
            0.19872405999999998,
            0.19965391,
            0.19872405999999998,
            0.19872405999999998,
            0.19872405999999998,
            0.20160473,
            0.19872405999999998,
            0.19779337,
            0.19888054,
            0.19686968,
            0.21030947,
            0.2112408,
            0.2112408,
            0.18058311999999999,
            0.18151881,
            0.17776409999999998,
            0.17776409999999998,
            0.17776409999999998,
            0.18394739999999998
        ],
        [
            0.19167574999999998,
            0.18840195999999998,
            0.18840195999999998,
            0.18794902,
            0.18794902,
            0.16418850000000001,
            0.18169169000000002,
            0.20848666999999999,
            0.18479335000000002,
            0.16228120000000001,
            0.02330689,
            0.0,
            0.21977342,
            0.16148916,
            0.19163887999999998,
            0.19163887999999998,
            0.19163887999999998,
            0.19163887999999998,
            0.19263059,
            0.21944655,
            0.21944655,
            0.19763258,
            0.19763258,
            0.1957465,
            0.1957465,
            0.19549924,
            0.19549924,
            0.19552724,
            0.19645266,
            0.20428143999999998,
            0.20428143999999998,
            0.20428143999999998,
            0.20428143999999998,
            0.20428143999999998,
            0.20428143999999998,
            0.20428143999999998,
            0.20239903999999997,
            0.20141390999999997,
            0.20141390999999997,
            0.19548602999999998,
            0.19642822999999998,
            0.19642907999999998,
            0.1964291,
            0.19827077999999998,
            0.19827077999999998,
            0.19827077999999998,
            0.19932233,
            0.19827077999999998,
            0.19827077999999998,
            0.19827077999999998,
            0.20402575,
            0.20402575,
            0.20497315,
            0.20497315,
            0.20739184,
            0.20739184,
            0.20552172,
            0.20840764,
            0.20840764,
            0.20552172,
            0.20552172,
            0.20552172,
            0.20832276,
            0.21021253,
            0.21018235999999998,
            0.20645240999999998,
            0.20738225999999998,
            0.20645240999999998,
            0.20645240999999998,
            0.20645240999999998,
            0.20933308,
            0.20645240999999998,
            0.20552172,
            0.20660889,
            0.20459803,
            0.21803782,
            0.21896915,
            0.21896915,
            0.18831146999999998,
            0.18924716,
            0.18549244999999998,
            0.18549244999999998,
            0.18549244999999998,
            0.19167574999999998
        ],
        [
            0.26473065,
            0.26145686,
            0.26145686,
            0.26100392,
            0.26100392,
            0.2372434,
            0.25474659,
            0.28154157,
            0.26325567,
            0.24074352,
            0.21204507,
            0.21977342,
            0.0,
            0.23454406,
            0.26469378,
            0.26469378,
            0.26469378,
            0.26469378,
            0.26568548999999997,
            0.29250145,
            0.29250145,
            0.27068748,
            0.27068748,
            0.26880139999999997,
            0.26880139999999997,
            0.26855414,
            0.26855414,
            0.26858214,
            0.26950756,
            0.27733633999999996,
            0.27733633999999996,
            0.27733633999999996,
            0.27733633999999996,
            0.27733633999999996,
            0.27733633999999996,
            0.27733633999999996,
            0.27545394,
            0.27446881,
            0.27446881,
            0.26854093,
            0.26948313,
            0.26948398,
            0.269484,
            0.27132568,
            0.27132568,
            0.27132568,
            0.27237723,
            0.27132568,
            0.27132568,
            0.27132568,
            0.27708065,
            0.27708065,
            0.27802804999999997,
            0.27802804999999997,
            0.28044674,
            0.28044674,
            0.27857662,
            0.28146254,
            0.28146254,
            0.27857662,
            0.27857662,
            0.27857662,
            0.28137766,
            0.28326743,
            0.28323726,
            0.27950731,
            0.28043715999999996,
            0.27950731,
            0.27950731,
            0.27950731,
            0.28238798,
            0.27950731,
            0.27857662,
            0.27966378999999997,
            0.27765293,
            0.29109271999999997,
            0.29202405,
            0.29202405,
            0.26136637,
            0.26230206,
            0.25854735,
            0.25854735,
            0.25854735,
            0.26473065
        ],
        [
            0.19699017,
            0.19371638,
            0.19371638,
            0.19326344,
            0.19326344,
            0.16950292,
            0.18700611,
            0.21380109000000003,
            0.20497141000000002,
            0.18245926,
            0.15376081,
            0.16148916,
            0.23454406,
            0.0,
            0.1969533,
            0.1969533,
            0.1969533,
            0.1969533,
            0.19794501,
            0.22476097,
            0.22476097,
            0.202947,
            0.202947,
            0.20106092,
            0.20106092,
            0.20081366,
            0.20081366,
            0.20084166,
            0.20176708,
            0.20959586,
            0.20959586,
            0.20959586,
            0.20959586,
            0.20959586,
            0.20959586,
            0.20959586,
            0.20771346000000002,
            0.20672833000000002,
            0.20672833000000002,
            0.20080045000000002,
            0.20174265000000002,
            0.20174350000000002,
            0.20174352,
            0.20358520000000002,
            0.20358520000000002,
            0.20358520000000002,
            0.20463675,
            0.20358520000000002,
            0.20358520000000002,
            0.20358520000000002,
            0.20934017,
            0.20934017,
            0.21028757,
            0.21028757,
            0.21270626,
            0.21270626,
            0.21083614,
            0.21372206,
            0.21372206,
            0.21083614,
            0.21083614,
            0.21083614,
            0.21363718,
            0.21552695,
            0.21549678,
            0.21176683000000002,
            0.21269668,
            0.21176683000000002,
            0.21176683000000002,
            0.21176683000000002,
            0.2146475,
            0.21176683000000002,
            0.21083614,
            0.21192331,
            0.20991245,
            0.22335224,
            0.22428357,
            0.22428357,
            0.19362589,
            0.19456158,
            0.19080687000000002,
            0.19080687000000002,
            0.19080687000000002,
            0.19699017
        ],
        [
            0.13499049,
            0.1317167,
            0.1317167,
            0.13126376,
            0.13126376,
            0.18800256,
            0.20550575000000001,
            0.23230073,
            0.23512112999999998,
            0.21260898,
            0.18391053,
            0.19163887999999998,
            0.26469378,
            0.1969533,
            0.0,
            2e-08,
            2e-08,
            2e-08,
            0.00099173,
            0.04437185,
            0.04437185,
            0.022557880000000002,
            0.022557880000000002,
            0.020671799999999997,
            0.020671799999999997,
            0.020424539999999998,
            0.020424539999999998,
            0.020452539999999998,
            0.02137796,
            0.029206740000000002,
            0.029206740000000002,
            0.029206740000000002,
            0.029206740000000002,
            0.029206740000000002,
            0.029206740000000002,
            0.029206740000000002,
            0.027324340000000003,
            0.14472865000000001,
            0.14472865000000001,
            0.13880077000000002,
            0.13974297000000002,
            0.13974382000000002,
            0.13974384,
            0.14158552000000002,
            0.14158552000000002,
            0.14158552000000002,
            0.14263707,
            0.14158552000000002,
            0.14158552000000002,
            0.14158552000000002,
            0.14734049,
            0.14734049,
            0.14828789,
            0.14828789,
            0.15070658,
            0.15070658,
            0.14883646,
            0.15172238,
            0.15172238,
            0.14883646,
            0.14883646,
            0.14883646,
            0.1516375,
            0.15352727,
            0.1534971,
            0.14976715000000002,
            0.150697,
            0.14976715000000002,
            0.14976715000000002,
            0.14976715000000002,
            0.15264782,
            0.14976715000000002,
            0.14883646,
            0.14992363,
            0.14791277,
            0.16135256,
            0.16228389,
            0.16228389,
            0.13162621,
            0.1325619,
            0.12880719000000002,
            0.12880719000000002,
            0.12880719000000002,
            0.13499049
        ],
        [
            0.13499049,
            0.1317167,
            0.1317167,
            0.13126376,
            0.13126376,
            0.18800256,
            0.20550575000000001,
            0.23230073,
            0.23512112999999998,
            0.21260898,
            0.18391053,
            0.19163887999999998,
            0.26469378,
            0.1969533,
            2e-08,
            0.0,
            2e-08,
            2e-08,
            0.00099173,
            0.04437185,
            0.04437185,
            0.022557880000000002,
            0.022557880000000002,
            0.020671799999999997,
            0.020671799999999997,
            0.020424539999999998,
            0.020424539999999998,
            0.020452539999999998,
            0.02137796,
            0.029206740000000002,
            0.029206740000000002,
            0.029206740000000002,
            0.029206740000000002,
            0.029206740000000002,
            0.029206740000000002,
            0.029206740000000002,
            0.027324340000000003,
            0.14472865000000001,
            0.14472865000000001,
            0.13880077000000002,
            0.13974297000000002,
            0.13974382000000002,
            0.13974384,
            0.14158552000000002,
            0.14158552000000002,
            0.14158552000000002,
            0.14263707,
            0.14158552000000002,
            0.14158552000000002,
            0.14158552000000002,
            0.14734049,
            0.14734049,
            0.14828789,
            0.14828789,
            0.15070658,
            0.15070658,
            0.14883646,
            0.15172238,
            0.15172238,
            0.14883646,
            0.14883646,
            0.14883646,
            0.1516375,
            0.15352727,
            0.1534971,
            0.14976715000000002,
            0.150697,
            0.14976715000000002,
            0.14976715000000002,
            0.14976715000000002,
            0.15264782,
            0.14976715000000002,
            0.14883646,
            0.14992363,
            0.14791277,
            0.16135256,
            0.16228389,
            0.16228389,
            0.13162621,
            0.1325619,
            0.12880719000000002,
            0.12880719000000002,
            0.12880719000000002,
            0.13499049
        ],
        [
            0.13499049,
            0.1317167,
            0.1317167,
            0.13126376,
            0.13126376,
            0.18800256,
            0.20550575000000001,
            0.23230073,
            0.23512112999999998,
            0.21260898,
            0.18391053,
            0.19163887999999998,
            0.26469378,
            0.1969533,
            2e-08,
            2e-08,
            0.0,
            2e-08,
            0.00099173,
            0.04437185,
            0.04437185,
            0.022557880000000002,
            0.022557880000000002,
            0.020671799999999997,
            0.020671799999999997,
