{
    "NEXUS_FILE_URL": "http://purl.org/phylo/treebase/phylows/study/TB2:S13449",
    "NEWICK_TREE": "(4:7.6133E-4,((2:1.0E-8,3:1.0E-8):0.00157481,(((21:0.00172643,22:0.00178659):0.00593347,((25:0.00408989,(33:1.0E-8,23:1.0E-8,24:1.0E-8):7.5116E-4):0.00479158,(((6:1.0E-8,35:1.0E-8):7.6501E-4,38:1.0E-8,39:1.0E-8):0.00469446,(((30:1.0E-8,12:1.0E-8,36:1.0E-8,10:1.0E-8,20:1.0E-8,16:1.0E-8,31:1.0E-8,(((15:0.00260812,19:0.00262025):0.00125143,7:3.7594E-4):3.8861E-4,14:1.0E-8,9:1.0E-8,11:1.0E-8):7.641E-4,29:1.0E-8,17:1.0E-8):7.6421E-4,8:7.6424E-4,((5:1.0E-8,13:1.0E-8,37:7.6412E-4,18:1.0E-8,32:1.0E-8):7.641E-4,34:1.0E-8):7.6409E-4):0.00635331,(28:1.0E-8,27:1.0E-8,26:7.6505E-4):0.00313238):0.00400188):7.596E-4):0.00192488):0.00772469,((52:0.00199727,(((40:0.00181034,48:8.9041E-4):0.00109718,(51:1.0E-8,50:1.0E-8,47:0.0010021):0.00139649):0.00156406,(49:0.00484327,(46:1.0E-8,44:1.0E-8,45:1.0E-8,42:1.0E-8,41:1.0E-8,43:1.0E-8):0.00399314):8.3005E-4):0.00220587):0.01208555,(((60:0.03283184,((54:0.04509899,(58:0.01530279,(59:0.00283124,53:0.01009292):0.01172253):0.00371936):7.1626E-4,55:0.02919):0.00375499):0.00294075,(61:0.0411177,56:0.03133042):0.0030546):6.1328E-4,57:0.06285134):0.00625602):0.00797262):0.00399682):0.00311508,1:8.4881E-4);",
    "DISTANCE_MATRIX": [
        [
            0.0,
            0.0054512300000000005,
            0.0054512300000000005,
            0.023257820000000002,
            0.02331798,
            0.026404269999999997,
            0.02306555,
            0.02306555,
            0.02306555,
            0.023741880000000003,
            0.023741880000000003,
            0.02297687,
            0.02297687,
            0.029401809999999997,
            0.029401809999999997,
            0.029401809999999997,
            0.029401809999999997,
            0.029401809999999997,
            0.029401809999999997,
            0.029401809999999997,
            0.034414059999999996,
            0.034426189999999995,
            0.03093045,
            0.03016591,
            0.03016591,
            0.03016591,
            0.029401809999999997,
            0.029401809999999997,
            0.02940183,
            0.03016579,
            0.03016579,
            0.0309299,
            0.03016579,
            0.03016579,
            0.029401689999999998,
            0.02541667,
            0.02541667,
            0.02618171,
            0.02992867,
            0.03460885,
            0.03368892,
            0.033097829999999995,
            0.033097829999999995,
            0.03409992,
            0.035810589999999996,
            0.034960469999999993,
            0.034960469999999993,
            0.034960469999999993,
            0.034960469999999993,
            0.034960469999999993,
            0.034960469999999993,
            0.058487739999999996,
            0.07522614000000001,
            0.04914929999999999,
            0.04840028,
            0.055661959999999996,
            0.058600889999999996,
            0.06688745000000001,
            0.05710016999999999,
            0.08495321000000002,
            0.00161014
        ],
        [
            0.0054512300000000005,
            0.0,
            2e-08,
            0.020956230000000003,
            0.02101639,
            0.024102679999999998,
            0.02076396,
            0.02076396,
            0.02076396,
            0.021440290000000004,
            0.021440290000000004,
            0.02067528,
            0.02067528,
            0.027100219999999998,
            0.027100219999999998,
            0.027100219999999998,
            0.027100219999999998,
            0.027100219999999998,
            0.027100219999999998,
            0.027100219999999998,
            0.03211247,
            0.032124599999999996,
            0.028628860000000003,
            0.02786432,
            0.02786432,
            0.02786432,
            0.027100219999999998,
            0.027100219999999998,
            0.02710024,
            0.027864200000000002,
            0.027864200000000002,
            0.02862831,
            0.027864200000000002,
            0.027864200000000002,
            0.0271001,
            0.02311508,
            0.02311508,
            0.02388012,
            0.027627080000000002,
            0.03230726,
            0.03138733,
            0.03079624,
            0.03079624,
            0.03179833,
            0.033509,
            0.032658879999999994,
            0.032658879999999994,
            0.032658879999999994,
            0.032658879999999994,
            0.032658879999999994,
            0.032658879999999994,
            0.05618615,
            0.07292455,
            0.046847709999999994,
            0.04609869,
            0.05336037,
            0.0562993,
            0.06458586000000001,
            0.05479857999999999,
            0.08265162000000001,
            0.0055387100000000005
        ],
        [
            0.0054512300000000005,
            2e-08,
            0.0,
            0.020956230000000003,
            0.02101639,
            0.024102679999999998,
            0.02076396,
            0.02076396,
            0.02076396,
            0.021440290000000004,
            0.021440290000000004,
            0.02067528,
            0.02067528,
            0.027100219999999998,
            0.027100219999999998,
            0.027100219999999998,
            0.027100219999999998,
            0.027100219999999998,
            0.027100219999999998,
            0.027100219999999998,
            0.03211247,
            0.032124599999999996,
            0.028628860000000003,
            0.02786432,
            0.02786432,
            0.02786432,
            0.027100219999999998,
            0.027100219999999998,
            0.02710024,
            0.027864200000000002,
            0.027864200000000002,
            0.02862831,
            0.027864200000000002,
            0.027864200000000002,
            0.0271001,
            0.02311508,
            0.02311508,
            0.02388012,
            0.027627080000000002,
            0.03230726,
            0.03138733,
            0.03079624,
            0.03079624,
            0.03179833,
            0.033509,
            0.032658879999999994,
            0.032658879999999994,
            0.032658879999999994,
            0.032658879999999994,
            0.032658879999999994,
            0.032658879999999994,
            0.05618615,
            0.07292455,
            0.046847709999999994,
            0.04609869,
            0.05336037,
            0.0562993,
            0.06458586000000001,
            0.05479857999999999,
            0.08265162000000001,
            0.0055387100000000005
        ],
        [
            0.023257820000000002,
            0.020956230000000003,
            0.020956230000000003,
            0.0,
            0.00351302,
            0.01846625,
            0.01512753,
            0.01512753,
            0.01512753,
            0.01580386,
            0.01580386,
            0.01503885,
            0.01503885,
            0.02146379,
            0.02146379,
            0.02146379,
            0.02146379,
            0.02146379,
            0.02146379,
            0.02146379,
            0.02647604,
            0.02648817,
            0.02299243,
            0.02222789,
            0.02222789,
            0.02222789,
            0.02146379,
            0.02146379,
            0.02146381,
            0.02222777,
            0.02222777,
            0.02299188,
            0.02222777,
            0.02222777,
            0.02146367,
            0.017478650000000002,
            0.017478650000000002,
            0.01824369,
            0.03744003,
            0.042120210000000005,
            0.041200280000000006,
            0.04060919,
            0.04060919,
            0.04161128,
            0.04332195,
            0.04247183,
            0.04247183,
            0.04247183,
            0.04247183,
            0.04247183,
            0.04247183,
            0.0659991,
            0.0827375,
            0.05666066,
            0.05591164,
            0.06317332,
            0.06611225,
            0.07439881,
            0.06461153,
            0.09246457000000001,
            0.0233453
        ],
        [
            0.02331798,
            0.02101639,
            0.02101639,
            0.00351302,
            0.0,
            0.01852641,
            0.01518769,
            0.01518769,
            0.01518769,
            0.01586402,
            0.01586402,
            0.01509901,
            0.01509901,
            0.02152395,
            0.02152395,
            0.02152395,
            0.02152395,
            0.02152395,
            0.02152395,
            0.02152395,
            0.0265362,
            0.02654833,
            0.02305259,
            0.02228805,
            0.02228805,
            0.02228805,
            0.02152395,
            0.02152395,
            0.02152397,
            0.02228793,
            0.02228793,
            0.02305204,
            0.02228793,
            0.02228793,
            0.02152383,
            0.017538810000000002,
            0.017538810000000002,
            0.01830385,
            0.03750019,
            0.04218037,
            0.04126044,
            0.04066935,
            0.04066935,
            0.041671440000000004,
            0.04338211,
            0.04253199,
            0.04253199,
            0.04253199,
            0.04253199,
            0.04253199,
            0.04253199,
            0.06605926000000001,
            0.08279766,
            0.05672082,
            0.0559718,
            0.06323348000000001,
            0.06617241,
            0.07445897,
            0.06467169,
            0.09252473,
            0.023405459999999996
        ],
        [
            0.026404269999999997,
            0.024102679999999998,
            0.024102679999999998,
            0.01846625,
            0.01852641,
            0.0,
            0.0048410599999999995,
            0.0048410599999999995,
            0.0048410599999999995,
            0.015100549999999999,
            0.015100549999999999,
            0.014335539999999999,
            0.014335539999999999,
            0.020760479999999998,
            0.020760479999999998,
            0.020760479999999998,
            0.020760479999999998,
            0.020760479999999998,
            0.020760479999999998,
            0.020760479999999998,
            0.025772729999999997,
            0.025784859999999996,
            0.02228912,
            0.021524579999999998,
            0.021524579999999998,
            0.021524579999999998,
            0.020760479999999998,
            0.020760479999999998,
            0.020760499999999998,
            0.02152446,
            0.02152446,
            0.022288569999999997,
            0.02152446,
            0.02152446,
            0.02076036,
            0.01677534,
            0.01677534,
            0.017540379999999998,
            0.04058648,
            0.04526666,
            0.04434673,
            0.04375564,
            0.04375564,
            0.044757729999999996,
            0.0464684,
            0.04561828,
            0.04561828,
            0.04561828,
            0.04561828,
            0.04561828,
            0.04561828,
            0.06914555,
            0.08588395,
            0.05980711,
            0.05905809,
            0.06631977,
            0.0692587,
            0.07754526,
            0.06775798,
            0.09561102,
            0.026491749999999994
        ],
        [
            0.02306555,
            0.02076396,
            0.02076396,
            0.01512753,
            0.01518769,
            0.0048410599999999995,
            0.0,
            2e-08,
            2e-08,
            0.011761830000000001,
            0.011761830000000001,
            0.010996820000000001,
            0.010996820000000001,
            0.017421759999999998,
            0.017421759999999998,
            0.017421759999999998,
            0.017421759999999998,
            0.017421759999999998,
            0.017421759999999998,
            0.017421759999999998,
            0.022434009999999997,
            0.022446139999999996,
            0.0189504,
            0.018185859999999998,
            0.018185859999999998,
            0.018185859999999998,
            0.017421759999999998,
            0.017421759999999998,
            0.017421779999999998,
            0.01818574,
            0.01818574,
            0.018949849999999997,
            0.01818574,
            0.01818574,
            0.01742164,
            0.01343662,
            0.01343662,
            0.014201659999999998,
            0.037247760000000005,
            0.04192794,
            0.04100801,
            0.040416919999999995,
            0.040416919999999995,
            0.04141901,
            0.043129680000000004,
            0.042279559999999994,
            0.042279559999999994,
            0.042279559999999994,
            0.042279559999999994,
            0.042279559999999994,
            0.042279559999999994,
            0.06580683,
            0.08254523,
            0.05646838999999999,
            0.055719370000000004,
            0.06298105,
            0.06591998,
            0.07420654,
            0.06441925999999999,
            0.0922723,
            0.023153029999999998
        ],
        [
            0.02306555,
            0.02076396,
            0.02076396,
            0.01512753,
            0.01518769,
            0.0048410599999999995,
            2e-08,
            0.0,
            2e-08,
            0.011761830000000001,
            0.011761830000000001,
            0.010996820000000001,
            0.010996820000000001,
            0.017421759999999998,
            0.017421759999999998,
            0.017421759999999998,
            0.017421759999999998,
            0.017421759999999998,
            0.017421759999999998,
            0.017421759999999998,
            0.022434009999999997,
            0.022446139999999996,
            0.0189504,
            0.018185859999999998,
            0.018185859999999998,
            0.018185859999999998,
            0.017421759999999998,
            0.017421759999999998,
            0.017421779999999998,
            0.01818574,
            0.01818574,
            0.018949849999999997,
            0.01818574,
            0.01818574,
            0.01742164,
            0.01343662,
            0.01343662,
            0.014201659999999998,
            0.037247760000000005,
            0.04192794,
            0.04100801,
            0.040416919999999995,
            0.040416919999999995,
            0.04141901,
            0.043129680000000004,
            0.042279559999999994,
            0.042279559999999994,
            0.042279559999999994,
            0.042279559999999994,
            0.042279559999999994,
            0.042279559999999994,
            0.06580683,
            0.08254523,
            0.05646838999999999,
            0.055719370000000004,
            0.06298105,
            0.06591998,
            0.07420654,
            0.06441925999999999,
            0.0922723,
            0.023153029999999998
        ],
        [
            0.02306555,
            0.02076396,
            0.02076396,
            0.01512753,
            0.01518769,
            0.0048410599999999995,
            2e-08,
            2e-08,
            0.0,
            0.011761830000000001,
            0.011761830000000001,
            0.010996820000000001,
            0.010996820000000001,
            0.017421759999999998,
            0.017421759999999998,
            0.017421759999999998,
            0.017421759999999998,
            0.017421759999999998,
            0.017421759999999998,
            0.017421759999999998,
            0.022434009999999997,
            0.022446139999999996,
            0.0189504,
            0.018185859999999998,
            0.018185859999999998,
            0.018185859999999998,
            0.017421759999999998,
            0.017421759999999998,
            0.017421779999999998,
            0.01818574,
            0.01818574,
            0.018949849999999997,
            0.01818574,
            0.01818574,
            0.01742164,
            0.01343662,
            0.01343662,
            0.014201659999999998,
            0.037247760000000005,
            0.04192794,
            0.04100801,
            0.040416919999999995,
            0.040416919999999995,
            0.04141901,
            0.043129680000000004,
            0.042279559999999994,
            0.042279559999999994,
            0.042279559999999994,
            0.042279559999999994,
            0.042279559999999994,
            0.042279559999999994,
            0.06580683,
            0.08254523,
            0.05646838999999999,
            0.055719370000000004,
            0.06298105,
            0.06591998,
            0.07420654,
            0.06441925999999999,
            0.0922723,
            0.023153029999999998
        ],
        [
            0.023741880000000003,
            0.021440290000000004,
            0.021440290000000004,
            0.01580386,
            0.01586402,
            0.015100549999999999,
            0.011761830000000001,
            0.011761830000000001,
            0.011761830000000001,
            0.0,
            2e-08,
            0.0007650300000000001,
            0.0007650300000000001,
            0.01657889,
            0.01657889,
            0.01657889,
            0.01657889,
            0.01657889,
            0.01657889,
            0.01657889,
            0.021591139999999998,
            0.021603269999999997,
            0.01810753,
            0.01734299,
            0.01734299,
            0.01734299,
            0.01657889,
            0.01657889,
            0.01657891,
            0.01734287,
            0.01734287,
            0.018106979999999998,
            0.01734287,
            0.01734287,
            0.01657877,
            0.01259375,
            0.01259375,
            0.013358789999999999,
            0.03792409000000001,
            0.04260427,
            0.04168434,
            0.04109325,
            0.04109325,
            0.04209534,
            0.043806010000000006,
            0.04295589,
            0.04295589,
            0.04295589,
            0.04295589,
            0.04295589,
            0.04295589,
            0.06648316,
            0.08322156,
            0.057144719999999996,
            0.05639570000000001,
            0.06365738,
            0.06659631,
            0.07488287,
            0.06509559,
            0.09294863,
            0.02382936
        ],
        [
            0.023741880000000003,
            0.021440290000000004,
            0.021440290000000004,
            0.01580386,
            0.01586402,
            0.015100549999999999,
            0.011761830000000001,
            0.011761830000000001,
            0.011761830000000001,
            2e-08,
            0.0,
            0.0007650300000000001,
            0.0007650300000000001,
            0.01657889,
            0.01657889,
            0.01657889,
            0.01657889,
            0.01657889,
            0.01657889,
            0.01657889,
            0.021591139999999998,
            0.021603269999999997,
            0.01810753,
            0.01734299,
            0.01734299,
            0.01734299,
            0.01657889,
            0.01657889,
            0.01657891,
            0.01734287,
            0.01734287,
            0.018106979999999998,
            0.01734287,
            0.01734287,
            0.01657877,
            0.01259375,
            0.01259375,
            0.013358789999999999,
            0.03792409000000001,
            0.04260427,
            0.04168434,
            0.04109325,
            0.04109325,
            0.04209534,
            0.043806010000000006,
            0.04295589,
            0.04295589,
            0.04295589,
            0.04295589,
            0.04295589,
            0.04295589,
            0.06648316,
            0.08322156,
            0.057144719999999996,
            0.05639570000000001,
            0.06365738,
            0.06659631,
            0.07488287,
            0.06509559,
            0.09294863,
            0.02382936
        ],
        [
            0.02297687,
            0.02067528,
            0.02067528,
            0.01503885,
            0.01509901,
            0.014335539999999999,
            0.010996820000000001,
            0.010996820000000001,
            0.010996820000000001,
            0.0007650300000000001,
            0.0007650300000000001,
            0.0,
            2e-08,
            0.01581388,
            0.01581388,
            0.01581388,
            0.01581388,
            0.01581388,
            0.01581388,
            0.01581388,
            0.020826129999999998,
            0.020838259999999997,
            0.01734252,
            0.01657798,
            0.01657798,
            0.01657798,
            0.01581388,
            0.01581388,
            0.0158139,
            0.01657786,
            0.01657786,
            0.017341969999999998,
            0.01657786,
            0.01657786,
            0.01581376,
            0.01182874,
            0.01182874,
            0.012593779999999999,
            0.037159080000000004,
            0.04183926,
            0.040919330000000004,
            0.04032824,
            0.04032824,
            0.04133033,
            0.043041,
            0.04219088,
            0.04219088,
            0.04219088,
            0.04219088,
            0.04219088,
            0.04219088,
            0.06571815,
            0.08245655,
            0.05637971,
            0.055630690000000003,
            0.06289237,
            0.06583130000000001,
            0.07411786000000001,
            0.06433058,
            0.09218362000000001,
            0.023064349999999997
        ],
        [
            0.02297687,
            0.02067528,
            0.02067528,
            0.01503885,
            0.01509901,
            0.014335539999999999,
            0.010996820000000001,
            0.010996820000000001,
            0.010996820000000001,
            0.0007650300000000001,
            0.0007650300000000001,
            2e-08,
            0.0,
            0.01581388,
            0.01581388,
            0.01581388,
            0.01581388,
            0.01581388,
            0.01581388,
            0.01581388,
            0.020826129999999998,
            0.020838259999999997,
            0.01734252,
            0.01657798,
            0.01657798,
            0.01657798,
            0.01581388,
            0.01581388,
            0.0158139,
            0.01657786,
            0.01657786,
            0.017341969999999998,
            0.01657786,
            0.01657786,
            0.01581376,
            0.01182874,
            0.01182874,
            0.012593779999999999,
            0.037159080000000004,
            0.04183926,
            0.040919330000000004,
            0.04032824,
            0.04032824,
            0.04133033,
            0.043041,
            0.04219088,
            0.04219088,
            0.04219088,
            0.04219088,
            0.04219088,
            0.04219088,
            0.06571815,
            0.08245655,
            0.05637971,
            0.055630690000000003,
            0.06289237,
            0.06583130000000001,
            0.07411786000000001,
            0.06433058,
            0.09218362000000001,
            0.023064349999999997
        ],
        [
            0.029401809999999997,
            0.027100219999999998,
            0.027100219999999998,
            0.02146379,
            0.02152395,
            0.020760479999999998,
            0.017421759999999998,
            0.017421759999999998,
            0.017421759999999998,
            0.01657889,
            0.01657889,
            0.01581388,
            0.01581388,
            0.0,
            2e-08,
            2e-08,
            2e-08,
            2e-08,
            2e-08,
            2e-08,
            0.00501227,
            0.0050244,
            0.0015286599999999998,
            0.0007641200000000001,
            0.0007641200000000001,
            0.0007641200000000001,
            2e-08,
            2e-08,
            0.0015284600000000001,
            0.00229242,
            0.00229242,
            0.0030565299999999996,
            0.00229242,
            0.00229242,
            0.0015283200000000001,
            0.010249920000000001,
            0.010249920000000001,
            0.01101496,
            0.04358402,
            0.0482642,
            0.04734427,
            0.04675318,
            0.04675318,
            0.04775527,
            0.04946594,
            0.04861582,
            0.04861582,
            0.04861582,
            0.04861582,
            0.04861582,
            0.04861582,
            0.07214308999999999,
            0.08888149000000001,
            0.06280464999999999,
            0.06205563,
            0.06931731,
            0.07225624,
            0.0805428,
            0.07075551999999999,
            0.09860856000000001,
            0.029489289999999994
        ],
        [
            0.029401809999999997,
            0.027100219999999998,
            0.027100219999999998,
            0.02146379,
            0.02152395,
            0.020760479999999998,
            0.017421759999999998,
            0.017421759999999998,
            0.017421759999999998,
            0.01657889,
            0.01657889,
            0.01581388,
            0.01581388,
            2e-08,
            0.0,
            2e-08,
            2e-08,
            2e-08,
            2e-08,
            2e-08,
            0.00501227,
            0.0050244,
            0.0015286599999999998,
            0.0007641200000000001,
            0.0007641200000000001,
            0.0007641200000000001,
            2e-08,
            2e-08,
            0.0015284600000000001,
            0.00229242,
            0.00229242,
            0.0030565299999999996,
            0.00229242,
            0.00229242,
            0.0015283200000000001,
            0.010249920000000001,
            0.010249920000000001,
            0.01101496,
            0.04358402,
            0.0482642,
            0.04734427,
            0.04675318,
            0.04675318,
            0.04775527,
            0.04946594,
            0.04861582,
            0.04861582,
            0.04861582,
            0.04861582,
            0.04861582,
            0.04861582,
            0.07214308999999999,
            0.08888149000000001,
            0.06280464999999999,
            0.06205563,
            0.06931731,
            0.07225624,
            0.0805428,
            0.07075551999999999,
            0.09860856000000001,
            0.029489289999999994
        ],
        [
            0.029401809999999997,
            0.027100219999999998,
            0.027100219999999998,
            0.02146379,
            0.02152395,
            0.020760479999999998,
            0.017421759999999998,
            0.017421759999999998,
            0.017421759999999998,
            0.01657889,
            0.01657889,
            0.01581388,
            0.01581388,
            2e-08,
            2e-08,
            0.0,
            2e-08,
            2e-08,
            2e-08,
            2e-08,
            0.00501227,
            0.0050244,
            0.0015286599999999998,
            0.0007641200000000001,
            0.0007641200000000001,
            0.0007641200000000001,
            2e-08,
            2e-08,
            0.0015284600000000001,
            0.00229242,
            0.00229242,
            0.0030565299999999996,
            0.00229242,
            0.00229242,
            0.0015283200000000001,
            0.010249920000000001,
            0.010249920000000001,
            0.01101496,
            0.04358402,
            0.0482642,
            0.04734427,
            0.04675318,
            0.04675318,
            0.04775527,
            0.04946594,
            0.04861582,
            0.04861582,
            0.04861582,
            0.04861582,
            0.04861582,
            0.04861582,
            0.07214308999999999,
            0.08888149000000001,
            0.06280464999999999,
            0.06205563,
            0.06931731,
            0.07225624,
            0.0805428,
            0.07075551999999999,
            0.09860856000000001,
            0.029489289999999994
        ],
        [
            0.029401809999999997,
            0.027100219999999998,
            0.027100219999999998,
            0.02146379,
            0.02152395,
            0.020760479999999998,
            0.017421759999999998,
            0.017421759999999998,
            0.017421759999999998,
            0.01657889,
            0.01657889,
            0.01581388,
            0.01581388,
            2e-08,
            2e-08,
            2e-08,
            0.0,
            2e-08,
            2e-08,
            2e-08,
            0.00501227,
            0.0050244,
            0.0015286599999999998,
            0.0007641200000000001,
            0.0007641200000000001,
            0.0007641200000000001,
            2e-08,
            2e-08,
            0.0015284600000000001,
            0.00229242,
            0.00229242,
            0.0030565299999999996,
            0.00229242,
            0.00229242,
            0.0015283200000000001,
            0.010249920000000001,
            0.010249920000000001,
            0.01101496,
            0.04358402,
            0.0482642,
            0.04734427,
            0.04675318,
            0.04675318,
            0.04775527,
            0.04946594,
            0.04861582,
            0.04861582,
            0.04861582,
            0.04861582,
            0.04861582,
            0.04861582,
            0.07214308999999999,
            0.08888149000000001,
            0.06280464999999999,
            0.06205563,
            0.06931731,
            0.07225624,
            0.0805428,
            0.07075551999999999,
            0.09860856000000001,
            0.029489289999999994
        ],
        [
            0.029401809999999997,
            0.027100219999999998,
            0.027100219999999998,
            0.02146379,
            0.02152395,
            0.020760479999999998,
            0.017421759999999998,
            0.017421759999999998,
            0.017421759999999998,
            0.01657889,
            0.01657889,
            0.01581388,
            0.01581388,
            2e-08,
            2e-08,
            2e-08,
            2e-08,
            0.0,
            2e-08,
            2e-08,
            0.00501227,
            0.0050244,
            0.0015286599999999998,
            0.0007641200000000001,
            0.0007641200000000001,
            0.0007641200000000001,
            2e-08,
            2e-08,
            0.0015284600000000001,
            0.00229242,
            0.00229242,
            0.0030565299999999996,
            0.00229242,
            0.00229242,
            0.0015283200000000001,
            0.010249920000000001,
            0.010249920000000001,
            0.01101496,
            0.04358402,
            0.0482642,
            0.04734427,
            0.04675318,
            0.04675318,
            0.04775527,
            0.04946594,
            0.04861582,
            0.04861582,
            0.04861582,
            0.04861582,
            0.04861582,
            0.04861582,
            0.07214308999999999,
            0.08888149000000001,
            0.06280464999999999,
            0.06205563,
            0.06931731,
            0.07225624,
            0.0805428,
            0.07075551999999999,
            0.09860856000000001,
            0.029489289999999994
        ],
        [
            0.029401809999999997,
            0.027100219999999998,
            0.027100219999999998,
            0.02146379,
            0.02152395,
            0.020760479999999998,
            0.017421759999999998,
            0.017421759999999998,
            0.017421759999999998,
            0.01657889,
            0.01657889,
            0.01581388,
            0.01581388,
            2e-08,
            2e-08,
            2e-08,
            2e-08,
            2e-08,
            0.0,
            2e-08,
            0.00501227,
            0.0050244,
            0.0015286599999999998,
            0.0007641200000000001,
            0.0007641200000000001,
            0.0007641200000000001,
            2e-08,
            2e-08,
            0.0015284600000000001,
            0.00229242,
            0.00229242,
            0.0030565299999999996,
            0.00229242,
            0.00229242,
            0.0015283200000000001,
            0.010249920000000001,
            0.010249920000000001,
            0.01101496,
            0.04358402,
            0.0482642,
            0.04734427,
            0.04675318,
            0.04675318,
            0.04775527,
            0.04946594,
            0.04861582,
            0.04861582,
            0.04861582,
            0.04861582,
            0.04861582,
            0.04861582,
            0.07214308999999999,
            0.08888149000000001,
            0.06280464999999999,
            0.06205563,
            0.06931731,
            0.07225624,
            0.0805428,
            0.07075551999999999,
            0.09860856000000001,
            0.029489289999999994
        ],
        [
            0.029401809999999997,
            0.027100219999999998,
            0.027100219999999998,
            0.02146379,
            0.02152395,
            0.020760479999999998,
            0.017421759999999998,
            0.017421759999999998,
            0.017421759999999998,
            0.01657889,
            0.01657889,
            0.01581388,
            0.01581388,
            2e-08,
            2e-08,
            2e-08,
            2e-08,
            2e-08,
            2e-08,
            0.0,
            0.00501227,
            0.0050244,
            0.0015286599999999998,
            0.0007641200000000001,
            0.0007641200000000001,
            0.0007641200000000001,
            2e-08,
            2e-08,
            0.0015284600000000001,
            0.00229242,
            0.00229242,
            0.0030565299999999996,
            0.00229242,
            0.00229242,
            0.0015283200000000001,
            0.010249920000000001,
            0.010249920000000001,
            0.01101496,
            0.04358402,
            0.0482642,
            0.04734427,
            0.04675318,
            0.04675318,
            0.04775527,
            0.04946594,
            0.04861582,
            0.04861582,
            0.04861582,
            0.04861582,
            0.04861582,
            0.04861582,
            0.07214308999999999,
            0.08888149000000001,
            0.06280464999999999,
            0.06205563,
            0.06931731,
            0.07225624,
            0.0805428,
            0.07075551999999999,
            0.09860856000000001,
            0.029489289999999994
        ],
        [
            0.034414059999999996,
            0.03211247,
            0.03211247,
            0.02647604,
            0.0265362,
            0.025772729999999997,
            0.022434009999999997,
            0.022434009999999997,
            0.022434009999999997,
            0.021591139999999998,
            0.021591139999999998,
            0.020826129999999998,
            0.020826129999999998,
            0.00501227,
            0.00501227,
            0.00501227,
            0.00501227,
            0.00501227,
            0.00501227,
            0.00501227,
            0.0,
            0.0052283699999999995,
            0.00423549,
            0.00424817,
            0.00424817,
            0.00424817,
            0.00501227,
            0.00501227,
            0.006540710000000001,
            0.007304670000000001,
            0.007304670000000001,
            0.008068780000000001,
            0.007304670000000001,
            0.007304670000000001,
            0.006540570000000001,
            0.01526217,
            0.01526217,
            0.01602721,
            0.04859627,
            0.05327645,
            0.052356520000000004,
            0.05176543,
            0.05176543,
            0.05276752,
            0.054478189999999996,
            0.05362807,
            0.05362807,
            0.05362807,
            0.05362807,
            0.05362807,
            0.05362807,
            0.07715534,
            0.09389374,
            0.0678169,
            0.06706788,
            0.07432956,
            0.07726849,
            0.08555505,
            0.07576777,
            0.10362081000000001,
            0.03450154
        ],
        [
            0.034426189999999995,
            0.032124599999999996,
            0.032124599999999996,
            0.02648817,
            0.02654833,
            0.025784859999999996,
            0.022446139999999996,
            0.022446139999999996,
            0.022446139999999996,
            0.021603269999999997,
            0.021603269999999997,
            0.020838259999999997,
            0.020838259999999997,
            0.0050244,
            0.0050244,
            0.0050244,
            0.0050244,
            0.0050244,
            0.0050244,
            0.0050244,
            0.0052283699999999995,
            0.0,
            0.0042476200000000006,
            0.0042603,
            0.0042603,
            0.0042603,
            0.0050244,
            0.0050244,
            0.00655284,
            0.0073168,
            0.0073168,
            0.00808091,
            0.0073168,
            0.0073168,
            0.0065527,
            0.0152743,
            0.0152743,
            0.01603934,
            0.048608399999999996,
            0.05328858,
            0.05236865,
            0.05177756,
            0.05177756,
            0.05277965,
            0.054490319999999995,
            0.0536402,
            0.0536402,
            0.0536402,
            0.0536402,
            0.0536402,
            0.0536402,
            0.07716747,
            0.09390587,
            0.06782903,
            0.06708001,
            0.07434169,
            0.07728062,
            0.08556717999999999,
            0.0757799,
            0.10363294,
            0.034513669999999996
        ],
        [
            0.03093045,
            0.028628860000000003,
            0.028628860000000003,
            0.02299243,
            0.02305259,
            0.02228912,
            0.0189504,
            0.0189504,
            0.0189504,
            0.01810753,
            0.01810753,
            0.01734252,
            0.01734252,
            0.0015286599999999998,
            0.0015286599999999998,
            0.0015286599999999998,
            0.0015286599999999998,
            0.0015286599999999998,
            0.0015286599999999998,
            0.0015286599999999998,
            0.00423549,
            0.0042476200000000006,
            0.0,
            0.0007645600000000001,
            0.0007645600000000001,
            0.0007645600000000001,
            0.0015286599999999998,
            0.0015286599999999998,
            0.0030571,
            0.00382106,
            0.00382106,
            0.0045851699999999995,
            0.00382106,
            0.00382106,
            0.00305696,
            0.01177856,
            0.01177856,
            0.0125436,
            0.04511266,
            0.049792840000000005,
            0.048872910000000006,
            0.04828182,
            0.04828182,
            0.04928391,
            0.05099458,
            0.05014446,
            0.05014446,
            0.05014446,
            0.05014446,
            0.05014446,
            0.05014446,
            0.07367173,
            0.09041013,
            0.06433329,
            0.06358427,
            0.07084595,
