{
    "NEXUS_FILE_URL": "http://purl.org/phylo/treebase/phylows/study/TB2:S11298",
    "NEWICK_TREE": "(59:0.06834601,((50:0.02264643,51:0.0230885):0.00401232,((22:0.00313227,23:7.5788E-4):0.01021863,(41:0.00464825,(42:5.8344E-4,43:0.00221847):4.8813E-4):0.01870075):5.8619E-4,(((24:0.00644415,25:0.00282903):0.00808671,(29:5.9748E-4,(30:4.5351E-4,60:1.0E-8):1.191E-5):0.01021745,((26:0.00699253,27:0.00378792):0.00495382,(28:0.01488247,(40:0.0086004,55:0.03389095):0.00595057):0.00416879):0.00294801):6.5225E-4,((53:0.02204773,54:0.013499):0.00879067,(31:0.01143643,((33:1.0E-8,(1:0.00109811,34:1.0E-8):5.4218E-4):0.0135926,(21:0.01410414,(((35:0.0234765,46:0.01283117):0.00313475,((16:0.00310704,17:0.00194466):0.00488915,(38:0.00787035,(47:0.00817965,48:0.00808655):0.0107729):0.00525196):7.9826E-4):0.00140204,(18:0.01029666,((57:0.02239839,(49:0.02303526,(52:0.01841473,58:0.02030226):0.00128361):0.00159289,((36:0.00610738,37:0.00386146):0.00600675,((9:0.00626668,32:0.01060025):0.00133344,(10:0.00954756,11:1.0E-8):0.00309521):0.00146625):0.00298495):0.00399717,(((7:0.00814142,8:0.00777026):0.00501604,(44:0.01433949,45:0.01773458):0.0088527):9.9442E-4,((6:0.00371093,15:0.00496963):0.00484946,((19:0.00117032,20:0.00402891):0.00925113,((3:0.0221401,(4:0.0107708,39:0.01262125):0.00238073):9.162E-5,(2:0.02372832,5:0.01032873,(56:0.01479873,(14:0.00479841,(12:0.00119155,13:0.00155191):0.00232216):0.01301973):0.00456806):6.8435E-4):0.00322555):0.00112306):0.00835554):0.002816):7.5282E-4):0.00203379):0.00211036):0.00104029):0.00288823):0.00149804):0.00172229):0.00174114):0.06834601);",
    "DISTANCE_MATRIX": [
        [
            0.0,
            0.16335076999999998,
            0.16379284,
            0.15062911,
            0.14825472,
            0.16062721,
            0.15705053,
            0.15868556,
            0.15361627,
            0.15000115,
            0.14990034,
            0.14976827999999998,
            0.14931477999999998,
            0.15397977000000002,
            0.15077516000000002,
            0.16108467999999998,
            0.16075318,
            0.18604373000000002,
            0.17099385,
            0.16244512,
            0.15308992,
            0.15813433,
            0.15977460999999998,
            0.15867651,
            0.15968615,
            0.17570565999999999,
            0.16506032999999998,
            0.15788886,
            0.15672648,
            0.16301497999999998,
            0.17409718000000002,
            0.17400408,
            0.16002282,
            0.17687454000000002,
            0.1791043,
            0.17576738,
            0.17765491,
            0.16957523000000002,
            0.16732931,
            0.16652747,
            0.17086104000000002,
            0.17157012,
            0.16202256999999998,
            0.16744685999999998,
            0.1670757,
            0.17748159000000002,
            0.18087668,
            0.17021091,
            0.17146961,
            0.17319503,
            0.17605362000000002,
            0.18823085,
            0.17924227999999998,
            0.18109272999999998,
            0.19041180000000002,
            0.17701221,
            0.18605027000000002,
            0.18906968000000002,
            0.18778498,
            0.18814534
        ],
        [
            0.16335076999999998,
            0.0,
            0.04573493,
            0.040595839999999994,
            0.03822145,
            0.05059394,
            0.04701726,
            0.04865229,
            0.043583,
            0.03996788,
            0.03986707,
            0.03973501,
            0.03928151,
            0.0439465,
            0.04074189,
            0.05105141,
            0.05071991,
            0.07601046,
            0.06096058,
            0.052411849999999996,
            0.04305665,
            0.04810106,
            0.049741339999999995,
            0.04864324,
            0.049652879999999996,
            0.06567239,
            0.05502705999999999,
            0.047855589999999996,
            0.04669321,
            0.052981709999999994,
            0.06406391,
            0.06397081,
            0.049989549999999994,
            0.06684127000000001,
            0.06907102999999999,
            0.06573411,
            0.06762164,
            0.059541960000000005,
            0.05729603999999999,
            0.056494199999999994,
            0.06082777,
            0.061536850000000004,
            0.051989299999999995,
            0.057413589999999994,
            0.05704242999999999,
            0.06744832,
            0.07084341,
            0.06017763999999999,
            0.06143633999999999,
            0.06316176,
            0.06602035,
            0.07819758,
            0.06920901,
            0.07105946,
            0.08037853,
            0.06697894,
            0.076017,
            0.07903641,
            0.07775171,
            0.07811206999999999
        ],
        [
            0.16379284,
            0.04573493,
            0.0,
            0.04103791,
            0.03866352,
            0.05103601,
            0.04745933,
            0.049094360000000004,
            0.04402507,
            0.04040995,
            0.04030914,
            0.040177080000000004,
            0.03972358,
            0.04438857,
            0.041183960000000006,
            0.05149348,
            0.05116198,
            0.07645253,
            0.06140265,
            0.05285392,
            0.043498720000000005,
            0.048543130000000004,
            0.05018341,
            0.04908531,
            0.05009495,
            0.06611446,
            0.05546912999999999,
            0.04829766,
            0.04713528,
            0.05342378,
            0.06450598,
            0.06441288,
            0.050431619999999996,
            0.06728334000000001,
            0.0695131,
            0.06617618,
            0.06806371,
            0.05998403000000001,
            0.057738109999999995,
            0.05693627,
            0.061269840000000006,
            0.06197892000000001,
            0.05243137,
            0.057855659999999996,
            0.057484499999999994,
            0.06789039000000001,
            0.07128548,
            0.06061970999999999,
            0.061878409999999995,
            0.06360383,
            0.06646242000000001,
            0.07863965,
            0.06965108,
            0.07150153000000001,
            0.0808206,
            0.06742101,
            0.07645907,
            0.07947848,
            0.07819378,
            0.07855414
        ],
        [
            0.15062911,
            0.040595839999999994,
            0.04103791,
            0.0,
            0.0038901499999999998,
            0.036699899999999994,
            0.033123219999999995,
            0.03475825,
            0.030861339999999998,
            0.02724622,
            0.02714541,
            0.02701335,
            0.02655985,
            0.03122484,
            0.02802023,
            0.038329749999999996,
            0.03799825,
            0.0632888,
            0.048238920000000005,
            0.03969019,
            0.03033499,
            0.0353794,
            0.03701968,
            0.035921579999999995,
            0.03693122,
            0.05295073,
            0.04230539999999999,
            0.035133929999999994,
            0.03397155,
            0.04026004999999999,
            0.05134225,
            0.05124915,
            0.03726789,
            0.054119610000000005,
            0.056349369999999996,
            0.05301245,
            0.05489998,
            0.0468203,
            0.04457438,
            0.04377254,
            0.04810611,
            0.04881519,
            0.03926763999999999,
            0.04469192999999999,
            0.044320769999999995,
            0.05472666,
            0.05812174999999999,
            0.047455979999999995,
            0.048714679999999996,
            0.0504401,
            0.05329869,
            0.06547591999999999,
            0.05648735,
            0.0583378,
            0.06765687000000001,
            0.05425728,
            0.06329534,
            0.06631475,
            0.06503005,
            0.06539041
        ],
        [
            0.14825472,
            0.03822145,
            0.03866352,
            0.0038901499999999998,
            0.0,
            0.03432551,
            0.030748829999999998,
            0.03238386,
            0.028486949999999997,
            0.02487183,
            0.024771019999999998,
            0.02463896,
            0.02418546,
            0.02885045,
            0.025645840000000003,
            0.03595536,
            0.03562386,
            0.06091441000000001,
            0.04586453000000001,
            0.0373158,
            0.027960600000000002,
            0.03300501,
            0.034645289999999995,
            0.03354719,
            0.03455683,
            0.050576340000000004,
            0.039931009999999996,
            0.03275954,
            0.03159716,
            0.037885659999999995,
            0.04896786,
            0.04887476,
            0.0348935,
            0.05174522000000001,
            0.05397498,
            0.050638060000000006,
            0.052525590000000004,
            0.044445910000000005,
            0.04219999,
            0.04139815,
            0.045731720000000003,
            0.046440800000000004,
            0.036893249999999995,
            0.042317539999999994,
            0.04194638,
            0.052352270000000006,
            0.055747359999999996,
            0.04508159,
            0.04634029,
            0.048065710000000005,
            0.050924300000000006,
            0.06310153,
            0.05411296,
            0.055963410000000005,
            0.06528248,
            0.05188289,
            0.06092095,
            0.06394036,
            0.06265566,
            0.06301601999999999
        ],
        [
            0.16062721,
            0.05059394,
            0.05103601,
            0.036699899999999994,
            0.03432551,
            0.0,
            0.00571982,
            0.00735485,
            0.04085944,
            0.03724432,
            0.03714351,
            0.03701145,
            0.03655795,
            0.04122294,
            0.03801833,
            0.04832785,
            0.04799635,
            0.0732869,
            0.05823702,
            0.049688289999999996,
            0.04033309,
            0.0453775,
            0.047017779999999995,
            0.04591968,
            0.04692932,
            0.06294883,
            0.05230349999999999,
            0.04513203,
            0.04396965,
            0.050258149999999994,
            0.06134035,
            0.06124725,
            0.047265989999999994,
            0.06411771000000001,
            0.06634746999999999,
            0.06301055,
            0.06489808,
            0.056818400000000005,
            0.05457247999999999,
            0.053770639999999995,
            0.05810421,
            0.058813290000000004,
            0.049265739999999995,
            0.054690029999999994,
            0.05431886999999999,
            0.06472476,
            0.06811985,
            0.05745407999999999,
            0.05871277999999999,
            0.0604382,
            0.06329679,
            0.07547402,
            0.06648545,
            0.0683359,
            0.07765497,
            0.06425538,
            0.07329344,
            0.07631285,
            0.07502815,
            0.07538850999999999
        ],
        [
            0.15705053,
            0.04701726,
            0.04745933,
            0.033123219999999995,
            0.030748829999999998,
            0.00571982,
            0.0,
            0.0028019100000000003,
            0.03728276,
            0.03366764,
            0.03356683,
            0.03343477,
            0.03298127,
            0.03764626,
            0.034441650000000004,
            0.04475117,
            0.04441967,
            0.06971022,
            0.05466034,
            0.04611161,
            0.03675641,
            0.04180082,
            0.043441099999999996,
            0.042343,
            0.04335264,
            0.05937215,
            0.04872681999999999,
            0.04155535,
            0.04039297,
            0.046681469999999996,
            0.05776367,
            0.057670570000000004,
            0.043689309999999995,
            0.06054103000000001,
            0.06277078999999999,
            0.05943387,
            0.0613214,
            0.053241720000000006,
            0.050995799999999994,
            0.050193959999999996,
            0.054527530000000005,
            0.055236610000000005,
            0.04568906,
            0.051113349999999995,
            0.05074218999999999,
            0.06114808000000001,
            0.06454317,
            0.05387739999999999,
            0.05513609999999999,
            0.05686152,
            0.05972011000000001,
            0.07189734,
            0.06290877,
            0.06475922,
            0.07407829,
            0.0606787,
            0.06971676,
            0.07273617,
            0.07145147,
            0.07181183
        ],
        [
            0.15868556,
            0.04865229,
            0.049094360000000004,
            0.03475825,
            0.03238386,
            0.00735485,
            0.0028019100000000003,
            0.0,
            0.038917789999999994,
            0.03530267,
            0.03520186,
            0.0350698,
            0.0346163,
            0.039281289999999996,
            0.03607668,
            0.0463862,
            0.046054700000000004,
            0.07134525,
            0.056295370000000004,
            0.04774664,
            0.03839144,
            0.04343585,
            0.04507612999999999,
            0.04397803,
            0.044987669999999993,
            0.06100718,
            0.05036184999999999,
            0.04319038,
            0.042027999999999996,
            0.0483165,
            0.0593987,
            0.0593056,
            0.04532434,
            0.062176060000000005,
            0.06440582,
            0.0610689,
            0.06295643000000001,
            0.05487675,
            0.052630829999999997,
            0.05182899,
            0.05616256,
            0.05687164,
            0.04732409,
            0.05274838,
            0.052377219999999995,
            0.06278311,
            0.06617819999999999,
            0.055512429999999995,
            0.056771129999999996,
            0.05849655,
            0.06135514,
            0.07353237,
            0.0645438,
            0.06639425,
            0.07571332,
            0.06231373,
            0.07135179,
            0.0743712,
            0.0730865,
            0.07344686
        ],
        [
            0.15361627,
            0.043583,
            0.04402507,
            0.030861339999999998,
            0.028486949999999997,
            0.04085944,
            0.03728276,
            0.038917789999999994,
            0.0,
            0.00927318,
            0.02534579,
            0.025213729999999997,
            0.02476023,
            0.029425220000000002,
            0.026220610000000002,
            0.03653013,
            0.03619863,
            0.061489180000000004,
            0.0477438,
            0.03919507,
            0.029839869999999998,
            0.034884280000000004,
            0.03652456,
            0.03542646,
            0.0364361,
            0.05245561,
            0.04181027999999999,
            0.03463881,
            0.03347643,
            0.03976493,
            0.05084713,
            0.05075403,
            0.036772769999999996,
            0.053624490000000004,
            0.055854249999999994,
            0.05251733,
            0.05440486,
            0.04632518,
            0.044079259999999995,
            0.04327742,
            0.04761099,
            0.04832007,
            0.03877252,
            0.044196809999999996,
            0.043825649999999994,
            0.05423154,
            0.05762662999999999,
            0.04696085999999999,
            0.048219559999999995,
            0.04994498,
            0.05280357,
            0.0649808,
            0.05599223,
            0.05784268,
            0.06716174999999999,
            0.053762159999999996,
            0.06280021999999999,
            0.06581962999999999,
            0.06453492999999999,
            0.06489529
        ],
        [
            0.15000115,
            0.03996788,
            0.04040995,
            0.02724622,
            0.02487183,
            0.03724432,
            0.03366764,
            0.03530267,
            0.00927318,
            0.0,
            0.02173067,
            0.021598609999999997,
            0.02114511,
            0.025810100000000002,
            0.022605490000000002,
            0.03291501,
            0.03258351,
            0.057874060000000005,
            0.04412868,
            0.03557995,
            0.026224749999999998,
            0.031269160000000004,
            0.03290944,
            0.03181134,
            0.03282098,
            0.04884049,
            0.03819515999999999,
            0.03102369,
            0.029861310000000002,
            0.03614981,
            0.04723201,
            0.04713891,
            0.03315765,
            0.050009370000000004,
            0.052239129999999995,
            0.04890221,
            0.05078974,
            0.04271006,
            0.040464139999999996,
            0.0396623,
            0.04399587,
            0.04470495,
            0.0351574,
            0.04058169,
            0.040210529999999994,
            0.05061642,
            0.05401150999999999,
            0.043345739999999994,
            0.044604439999999995,
            0.04632986,
            0.04918845,
            0.06136568,
            0.05237711,
            0.05422756,
            0.06354662999999999,
            0.05014704,
            0.0591851,
            0.06220451,
            0.06091981,
            0.061280169999999995
        ],
        [
            0.14990034,
            0.03986707,
            0.04030914,
            0.02714541,
            0.024771019999999998,
            0.03714351,
            0.03356683,
            0.03520186,
            0.02534579,
            0.02173067,
            0.0,
            0.0010628999999999999,
            0.0006094,
            0.025709290000000003,
            0.02250468,
            0.0328142,
            0.0324827,
            0.057773250000000005,
            0.044027870000000004,
            0.03547914,
            0.02612394,
            0.031168349999999997,
            0.03280863,
            0.03171053,
            0.03272017,
            0.04873968,
            0.03809434999999999,
            0.03092288,
            0.029760500000000002,
            0.036049,
            0.0471312,
            0.0470381,
            0.03305684,
            0.049908560000000005,
            0.052138319999999995,
            0.0488014,
            0.05068893,
            0.04260925,
            0.040363329999999996,
            0.03956149,
            0.04389506,
            0.04460414,
            0.03505659,
            0.04048088,
            0.040109719999999995,
            0.05051561,
            0.05391069999999999,
            0.043244929999999994,
            0.044503629999999995,
            0.04622905,
            0.04908764,
            0.06126487,
            0.0522763,
            0.05412675,
            0.06344582,
            0.05004623,
            0.05908429,
            0.0621037,
            0.060819,
            0.061179359999999995
        ],
        [
            0.14976827999999998,
            0.03973501,
            0.040177080000000004,
            0.02701335,
            0.02463896,
            0.03701145,
            0.03343477,
            0.0350698,
            0.025213729999999997,
            0.021598609999999997,
            0.0010628999999999999,
            0.0,
            0.00045352,
            0.02557723,
            0.022372620000000003,
            0.03268214,
            0.03235064,
            0.05764119,
            0.04389581,
            0.03534708,
            0.02599188,
            0.03103629,
            0.032676569999999995,
            0.03157847,
            0.032588109999999997,
            0.04860762,
            0.037962289999999996,
            0.030790819999999997,
            0.02962844,
            0.035916939999999994,
            0.046999139999999995,
            0.046906039999999996,
            0.03292478,
            0.0497765,
            0.05200625999999999,
            0.04866934,
            0.05055687,
            0.04247719,
            0.04023127,
            0.03942943,
            0.043762999999999996,
            0.04447208,
            0.034924529999999995,
            0.040348819999999994,
            0.03997766,
            0.05038355,
            0.05377863999999999,
            0.04311286999999999,
            0.04437156999999999,
            0.04609699,
            0.04895558,
            0.061132809999999996,
            0.052144239999999994,
            0.05399469,
            0.06331376,
            0.049914169999999994,
            0.058952229999999994,
            0.061971639999999995,
            0.060686939999999995,
            0.06104729999999999
        ],
        [
            0.14931477999999998,
            0.03928151,
            0.03972358,
            0.02655985,
            0.02418546,
            0.03655795,
            0.03298127,
            0.0346163,
            0.02476023,
            0.02114511,
            0.0006094,
            0.00045352,
            0.0,
            0.025123730000000004,
            0.02191912,
            0.03222864,
            0.031897140000000004,
            0.057187690000000006,
            0.043442310000000005,
            0.03489358,
            0.02553838,
            0.03058279,
            0.03222307,
            0.031124970000000002,
            0.03213461,
            0.04815412,
            0.03750878999999999,
            0.03033732,
            0.029174940000000003,
            0.03546344,
            0.04654564,
            0.04645254,
            0.03247128,
            0.049323000000000006,
            0.051552759999999996,
            0.04821584,
            0.05010337,
            0.04202369,
            0.03977777,
            0.03897593,
            0.0433095,
            0.04401858,
            0.03447103,
            0.03989532,
            0.039524159999999996,
            0.049930050000000004,
            0.05332513999999999,
            0.042659369999999995,
            0.04391807,
            0.04564349,
            0.04850208,
            0.06067931,
            0.05169074,
            0.05354119,
            0.06286026,
            0.04946067,
            0.05849873,
            0.06151814,
            0.06023344,
            0.060593799999999996
        ],
        [
            0.15397977000000002,
            0.0439465,
            0.04438857,
            0.03122484,
            0.02885045,
            0.04122294,
            0.03764626,
            0.039281289999999996,
            0.029425220000000002,
            0.025810100000000002,
            0.025709290000000003,
            0.02557723,
            0.025123730000000004,
            0.0,
            0.01078045,
            0.030997610000000002,
            0.030666110000000003,
            0.055956660000000005,
            0.048107300000000006,
            0.03955857,
            0.03020337,
            0.035247780000000006,
            0.03688806,
            0.03578996,
            0.0367996,
            0.05281911,
            0.042173779999999994,
            0.03500231,
            0.033839930000000004,
            0.04012843,
            0.05121063,
            0.05111753,
            0.03713627,
            0.053987990000000007,
            0.05621775,
            0.052880830000000004,
            0.05476836,
            0.04668868,
            0.04444276,
            0.04364092,
            0.04797449,
            0.04868357,
            0.03913602,
            0.04456031,
            0.044189149999999996,
            0.054595040000000004,
            0.057990129999999994,
            0.047324359999999996,
            0.04858306,
            0.05030848,
            0.053167070000000004,
            0.0653443,
            0.05635573,
            0.05820618,
            0.06752525000000001,
            0.05412566,
            0.06316372,
            0.06618313,
            0.06489843000000001,
            0.06525879
        ],
        [
            0.15077516000000002,
            0.04074189,
            0.041183960000000006,
            0.02802023,
            0.025645840000000003,
            0.03801833,
            0.034441650000000004,
            0.03607668,
            0.026220610000000002,
            0.022605490000000002,
            0.02250468,
            0.022372620000000003,
            0.02191912,
            0.01078045,
            0.0,
            0.027793,
            0.027461500000000003,
            0.05275205000000001,
            0.04490269000000001,
            0.036353960000000005,
            0.026998760000000004,
            0.03204317,
            0.033683450000000004,
            0.03258535,
            0.033594990000000005,
            0.049614500000000006,
            0.03896917,
            0.0317977,
            0.030635320000000004,
            0.036923819999999996,
            0.048006019999999996,
            0.04791292,
            0.03393166,
            0.05078338,
            0.05301314,
            0.04967622000000001,
            0.051563750000000005,
            0.04348407,
            0.04123815,
            0.04043631,
            0.04476988,
            0.04547896,
            0.03593141,
            0.041355699999999995,
            0.04098454,
            0.05139043,
            0.05478551999999999,
            0.04411975,
            0.04537845,
            0.047103870000000006,
            0.04996246,
            0.06213969,
            0.053151119999999996,
            0.05500157,
            0.06432064,
            0.050921049999999995,
            0.059959109999999996,
            0.06297852,
            0.061693819999999996,
            0.06205418
        ],
        [
            0.16108467999999998,
            0.05105141,
            0.05149348,
            0.038329749999999996,
            0.03595536,
            0.04832785,
            0.04475117,
            0.0463862,
            0.03653013,
            0.03291501,
            0.0328142,
            0.03268214,
            0.03222864,
            0.030997610000000002,
            0.027793,
            0.0,
            0.029433439999999998,
            0.05472399000000001,
            0.055212210000000005,
            0.04666348000000001,
            0.03730828,
            0.04235269,
            0.04399297,
            0.04289487,
            0.04390451,
            0.05992402,
            0.04927869,
            0.04210722,
            0.04094484,
            0.04723334,
            0.05831554,
            0.05822244,
            0.044241180000000005,
            0.061092900000000006,
            0.06332266,
            0.05998574,
            0.06187327,
            0.05379359,
            0.051547670000000004,
            0.050745830000000006,
            0.0550794,
            0.05578848,
            0.04624093,
            0.05166522,
            0.05129406,
            0.06169995,
            0.06509503999999999,
            0.054429269999999995,
            0.055687969999999996,
            0.05741339,
            0.06027198,
            0.07244921,
            0.06346064,
            0.06531109,
            0.07463016,
            0.06123057,
            0.07026863,
            0.07328804,
            0.07200334,
            0.0723637
        ],
        [
            0.16075318,
            0.05071991,
            0.05116198,
            0.03799825,
            0.03562386,
            0.04799635,
            0.04441967,
            0.046054700000000004,
            0.03619863,
            0.03258351,
            0.0324827,
            0.03235064,
            0.031897140000000004,
            0.030666110000000003,
            0.027461500000000003,
            0.029433439999999998,
            0.0,
            0.042491350000000004,
            0.054880710000000006,
            0.04633198000000001,
            0.03697678,
            0.04202119,
            0.04366147,
            0.04256337,
            0.04357301,
            0.05959252,
            0.04894719,
            0.04177572,
            0.040613340000000005,
            0.04690184,
            0.05798404,
            0.05789094,
            0.043909680000000006,
            0.06076140000000001,
            0.06299115999999999,
            0.059654240000000004,
            0.06154177,
            0.053462090000000004,
            0.051216170000000005,
            0.05041433000000001,
            0.0547479,
            0.05545698,
            0.04590943,
            0.05133372,
            0.050962560000000004,
            0.061368450000000005,
            0.06476354,
            0.054097769999999996,
            0.05535647,
            0.05708189,
            0.059940480000000004,
            0.07211771,
            0.06312914,
            0.06497959,
            0.07429866,
            0.06089907,
            0.06993713,
            0.07295654,
            0.07167184,
            0.07203219999999999
        ],
        [
            0.18604373000000002,
            0.07601046,
            0.07645253,
            0.0632888,
            0.06091441000000001,
            0.0732869,
            0.06971022,
            0.07134525,
            0.061489180000000004,
            0.057874060000000005,
            0.057773250000000005,
            0.05764119,
            0.057187690000000006,
            0.055956660000000005,
            0.05275205000000001,
            0.05472399000000001,
            0.042491350000000004,
            0.0,
            0.08017126000000001,
            0.07162253,
            0.06226733,
            0.06731174000000001,
            0.06895202,
            0.06785392000000001,
            0.06886356,
            0.08488307,
            0.07423774,
            0.06706627000000001,
            0.06590389,
            0.07219239,
            0.08327459000000001,
            0.08318149,
            0.06920023,
            0.08605195000000002,
            0.08828171,
            0.08494479,
            0.08683232,
            0.07875264000000001,
            0.07650672,
            0.07570488,
            0.08003845000000001,
            0.08074753000000001,
            0.07119998,
            0.07662427,
            0.07625311,
            0.08665900000000001,
            0.09005409,
            0.07938832,
            0.08064702,
            0.08237244,
            0.08523103000000001,
            0.09740826,
            0.08841969,
            0.09027014,
            0.09958921000000001,
            0.08618962,
            0.09522768000000001,
            0.09824709000000001,
            0.09696239000000001,
            0.09732275
        ],
        [
            0.17099385,
            0.06096058,
            0.06140265,
            0.048238920000000005,
            0.04586453000000001,
            0.05823702,
            0.05466034,
            0.056295370000000004,
            0.0477438,
            0.04412868,
            0.044027870000000004,
            0.04389581,
            0.043442310000000005,
            0.048107300000000006,
            0.04490269000000001,
            0.055212210000000005,
            0.054880710000000006,
            0.08017126000000001,
            0.0,
            0.03554673,
            0.043772870000000005,
            0.048817280000000005,
            0.05045756,
            0.04935946,
            0.0503691,
            0.06638861,
            0.05574327999999999,
            0.04857181,
            0.04740943,
            0.05369793,
            0.06478012999999999,
            0.06468703,
            0.05070577,
            0.06755749,
            0.06978725,
            0.06645033,
            0.06833786,
            0.06025818,
            0.058012259999999996,
            0.05721042,
            0.06154399,
            0.06225307,
            0.05270552,
            0.05812981,
            0.057758649999999995,
            0.06816454,
            0.07155962999999999,
            0.060893859999999994,
            0.062152559999999996,
            0.06387798,
            0.06673657,
            0.0789138,
            0.06992523,
            0.07177568000000001,
            0.08109475,
            0.06769516,
            0.07673321999999999,
            0.07975262999999999,
            0.07846792999999999,
            0.07882829
        ],
        [
            0.16244512,
            0.052411849999999996,
            0.05285392,
            0.03969019,
            0.0373158,
            0.049688289999999996,
            0.04611161,
            0.04774664,
            0.03919507,
            0.03557995,
            0.03547914,
            0.03534708,
            0.03489358,
            0.03955857,
            0.036353960000000005,
            0.04666348000000001,
            0.04633198000000001,
            0.07162253,
            0.03554673,
            0.0,
            0.03522414,
            0.04026855,
            0.041908829999999994,
            0.04081073,
            0.041820369999999996,
            0.057839879999999996,
            0.047194549999999995,
            0.04002308,
            0.0388607,
            0.0451492,
            0.0562314,
            0.0561383,
            0.04215704,
            0.05900876000000001,
            0.06123851999999999,
            0.0579016,
            0.059789129999999996,
            0.051709450000000004,
            0.04946353,
            0.04866169,
            0.05299526,
            0.05370434,
            0.04415679,
            0.04958108,
            0.04920992,
            0.059615810000000005,
            0.0630109,
            0.05234513,
            0.05360382999999999,
            0.055329249999999996,
            0.058187840000000005,
            0.07036507,
            0.0613765,
            0.06322695,
            0.07254602,
            0.05914643,
            0.06818449,
            0.0712039,
            0.0699192,
            0.07027955999999999
        ],
        [
            0.15308992,
            0.04305665,
            0.043498720000000005,
            0.03033499,
            0.027960600000000002,
            0.04033309,
            0.03675641,
            0.03839144,
            0.029839869999999998,
            0.026224749999999998,
            0.02612394,
            0.02599188,
            0.02553838,
            0.03020337,
            0.026998760000000004,
            0.03730828,
            0.03697678,
            0.06226733,
            0.043772870000000005,
            0.03522414,
            0.0,
            0.02791727,
            0.029557549999999995,
            0.028459449999999997,
            0.029469089999999996,
            0.0454886,
            0.034843269999999996,
            0.027671799999999996,
            0.02650942,
            0.032797919999999994,
            0.043880119999999995,
            0.043787019999999996,
            0.02980576,
            0.04665748,
            0.04888723999999999,
            0.04555032,
            0.04743785,
            0.03935817,
            0.03711225,
            0.03631041,
            0.040643979999999996,
            0.04135306,
            0.031805509999999995,
            0.03722979999999999,
            0.03685864,
            0.04726453,
            0.05065961999999999,
            0.03999385,
            0.04125254999999999,
            0.04297797,
            0.04583656,
            0.058013789999999996,
            0.049025219999999994,
            0.05087567,
            0.06019474,
            0.046795149999999994,
            0.055833209999999994,
            0.058852619999999994,
            0.057567919999999995,
            0.05792827999999999
        ],
        [
            0.15813433,
            0.04810106,
            0.048543130000000004,
            0.0353794,
            0.03300501,
            0.0453775,
            0.04180082,
            0.04343585,
            0.034884280000000004,
            0.031269160000000004,
            0.031168349999999997,
            0.03103629,
            0.03058279,
            0.035247780000000006,
            0.03204317,
            0.04235269,
            0.04202119,
            0.06731174000000001,
            0.048817280000000005,
            0.04026855,
            0.02791727,
            0.0,
            0.0016403,
            0.0005422000000000001,
            0.02873704,
            0.04475655,
            0.03411122,
            0.02693975,
            0.02577737,
            0.032065869999999996,
            0.04314807,
            0.04305497,
            0.02907371,
            0.04592543,
            0.048155189999999994,
            0.04481827,
            0.0467058,
            0.03862612,
            0.0363802,
            0.03557836,
            0.03991193,
            0.04062101,
            0.031073459999999997,
            0.036497749999999995,
            0.03612659,
            0.04653248,
            0.04992756999999999,
            0.0392618,
            0.040520499999999994,
            0.04224592,
            0.04510451,
            0.05728174,
            0.048293169999999996,
            0.05014362,
            0.05946269,
            0.046063099999999996,
            0.055101159999999996,
            0.058120569999999996,
            0.05683587,
            0.057196229999999994
        ],
        [
            0.15977460999999998,
            0.049741339999999995,
            0.05018341,
            0.03701968,
            0.034645289999999995,
            0.047017779999999995,
            0.043441099999999996,
            0.04507612999999999,
            0.03652456,
            0.03290944,
            0.03280863,
            0.032676569999999995,
            0.03222307,
            0.03688806,
            0.033683450000000004,
            0.04399297,
            0.04366147,
            0.06895202,
            0.05045756,
            0.041908829999999994,
            0.029557549999999995,
            0.0016403,
            0.0,
            0.00109812,
            0.03037732,
            0.04639683,
            0.03575149999999999,
            0.02858003,
            0.02741765,
            0.03370615,
            0.04478834999999999,
            0.04469524999999999,
            0.030713989999999997,
            0.047565710000000004,
            0.049795469999999994,
            0.04645855,
            0.04834608,
            0.0402664,
            0.038020479999999995,
            0.03721864,
            0.04155221,
            0.04226129,
            0.03271374,
            0.038138029999999996,
            0.037766869999999994,
            0.04817276,
            0.05156784999999999,
            0.04090207999999999,
            0.042160779999999995,
            0.0438862,
            0.04674479,
            0.05892202,
            0.04993345,
            0.0517839,
            0.06110297,
            0.04770338,
            0.05674144,
            0.05976085,
            0.05847615,
            0.058836509999999995
        ],
        [
            0.15867651,
            0.04864324,
            0.04908531,
            0.035921579999999995,
            0.03354719,
            0.04591968,
            0.042343,
            0.04397803,
            0.03542646,
            0.03181134,
            0.03171053,
            0.03157847,
            0.031124970000000002,
