{
    "NEXUS_FILE_URL": "http://purl.org/phylo/treebase/phylows/study/TB2:S14010",
    "NEWICK_TREE": "((1:0.020456889322189253,(((2:0.008283277109414344,(3:0.02416656029922626,((4:0.011825397156781214,5:0.01920860572571126):0.0011587693025715273,(6:1.047332781722865E-6,7:0.0011533649844035487):0.014286457783071027):1.047332781722865E-6):0.0022797329139492284):0.03559877209361195,8:0.037000941476984406):0.03647962475582123,9:0.03829374032693489):0.031655784791522645):0.5333506138321209,10:0.5333506138321209);",
    "DISTANCE_MATRIX": [
        [
            0.0,
            0.13247434807255942,
            0.15063736417632057,
            0.13945601766922877,
            0.14683922623815882,
            0.14075935632572878,
            0.1419116739773506,
            0.12559324034651753,
            0.09040641444064679,
            1.087158116986431
        ],
        [
            0.13247434807255942,
            0.0,
            0.03472957032258983,
            0.023548223815498037,
            0.03093143238442808,
            0.024851562471998045,
            0.02600388012361987,
            0.0808829906800107,
            0.11865541428578241,
            1.178718686414612
        ],
        [
            0.15063736417632057,
            0.03472957032258983,
            0.0,
            0.03715177409136072,
            0.04453498266029077,
            0.03845511274786073,
            0.03960743039948256,
            0.09904600678377184,
            0.13681843038954355,
            1.1968817025183731
        ],
        [
            0.13945601766922877,
            0.023548223815498037,
            0.03715177409136072,
            0.0,
            0.031034002882492473,
            0.02727167157520549,
            0.028423989226827318,
            0.08786466027668005,
            0.12563708388245176,
            1.1857003560112813
        ],
        [
            0.14683922623815882,
            0.03093143238442808,
            0.04453498266029077,
            0.031034002882492473,
            0.0,
            0.034654880144135536,
            0.03580719779575736,
            0.0952478688456101,
            0.1330202924513818,
            1.1930835645802114
        ],
        [
            0.14075935632572878,
            0.024851562471998045,
            0.03845511274786073,
            0.02727167157520549,
            0.034654880144135536,
            0.0,
            0.0011544123171852716,
            0.08916799893318006,
            0.12694042253895177,
            1.1870036946677813
        ],
        [
            0.1419116739773506,
            0.02600388012361987,
            0.03960743039948256,
            0.028423989226827318,
            0.03580719779575736,
            0.0011544123171852716,
            0.0,
            0.09032031658480189,
            0.1280927401905736,
            1.188156012319403
        ],
        [
            0.12559324034651753,
            0.0808829906800107,
            0.09904600678377184,
            0.08786466027668005,
            0.0952478688456101,
            0.08916799893318006,
            0.09032031658480189,
            0.0,
            0.11177430655974052,
            1.17183757868857
        ],
        [
            0.09040641444064679,
            0.11865541428578241,
            0.13681843038954355,
            0.12563708388245176,
            0.1330202924513818,
            0.12694042253895177,
            0.1280927401905736,
            0.11177430655974052,
            0.0,
            1.1366507527826992
        ],
        [
            1.087158116986431,
            1.178718686414612,
            1.1968817025183731,
            1.1857003560112813,
            1.1930835645802114,
            1.1870036946677813,
            1.188156012319403,
            1.17183757868857,
            1.1366507527826992,
            0.0
        ]
    ],
    "NODE_MAPPING": {
        "0": "1",
        "1": "2",
        "2": "3",
        "3": "4",
        "4": "5",
        "5": "6",
        "6": "7",
        "7": "8",
        "8": "9",
        "9": "10"
    }
}