{
    "NEXUS_FILE_URL": "http://purl.org/phylo/treebase/phylows/study/TB2:S12738",
    "NEWICK_TREE": "(57:0.3074382,(39:0.07148847,((((29:1.0E-8,28:0.00459871,(25:1.0E-8,27:1.0E-8,26:0.00129111):0.00323159):0.03856523,(((30:0.02056917,32:0.00121886):0.00143203,31:0.00384958):0.04876232,((((18:0.00339203,(17:0.00462244,16:0.0051212):0.00202054):0.01166264,(((15:1.0E-8,13:0.00116245):0.00233347,(51:0.00117155,14:1.0E-8):0.00109885):0.00225264,(49:0.0010988,50:0.00337043):0.00224472):0.01398904):0.02095741,((4:0.00111847,8:1.0E-8,1:1.0E-8,7:0.00110601):0.00563581,((3:1.0E-8,2:1.0E-8,5:1.0E-8):0.00119772,6:1.0E-8):0.00123377):0.01936438):0.00202134,(33:0.00105798,23:0.00230586):0.01136861,(36:0.03938561,(9:0.00111112,10:0.00222518):0.01258928):0.00502842):0.00346092):0.00140522):0.00762967,((((((43:1.0E-8,44:1.0E-8,45:1.0E-8,42:1.0E-8):0.00692998,(46:1.0E-8,47:1.0E-8,(34:0.00318252,48:1.0E-8):0.00318089):0.00183138):0.00574168,11:0.00899426):0.08230983,12:0.09390823):0.01202692,((22:0.00671039,52:0.00311733):0.08403054,((19:0.00358356,(21:1.0E-8,20:0.00112625):0.00213724):0.04047531,(54:1.0E-8,55:0.00104981,53:0.00326422):0.02792005):0.01151665):0.01021324):0.00905179,(41:0.03715045,35:0.01826797):0.12069156):0.01999492):0.01575489,((38:0.06955208,37:0.05072964):0.00834555,(24:0.04135322,56:0.04705013):0.03380327):0.03535896):0.01984869):0.02843175,40:0.04921254);",
    "DISTANCE_MATRIX": [
        [
            0.0,
            0.40735842,
            0.41766844000000003,
            0.42226714,
            0.42090003,
            0.42090003,
            0.42219112999999997,
            0.45127194000000004,
            0.43192163,
            0.43312032,
            0.42200276000000003,
            0.42525371,
            0.42575247,
            0.42552325,
            0.42668569,
            0.42546017,
            0.42428863,
            0.42428065000000004,
            0.42655228,
            0.41210934,
            0.41099088,
            0.41099088,
            0.41209688,
            0.40778656,
            0.40778656,
            0.40778656,
            0.40658883999999995,
            0.39639592999999995,
            0.39764381,
            0.42838337,
            0.40269816,
            0.40381222,
            0.50752866,
            0.50752866,
            0.50752866,
            0.50752866,
            0.50243006,
            0.50243006,
            0.50879346,
            0.50561095,
            0.50385125,
            0.50645539,
            0.5014744099999999,
            0.49788135,
            0.466309,
            0.46486269,
            0.46598892999999997,
            0.45017019,
            0.45121999,
            0.4534344,
            0.5493104600000001,
            0.53042798,
            0.46897522999999997,
            0.45015278999999997,
            0.46623409000000005,
            0.471931,
            0.35665073999999997
        ],
        [
            0.40735842,
            0.0,
            0.15328696,
            0.15788565999999998,
            0.15651855,
            0.15651855,
            0.15780965,
            0.18689046,
            0.16754015,
            0.16873884,
            0.15762128,
            0.16087223,
            0.16137099,
            0.16114177,
            0.16230421,
            0.16107869,
            0.15990715,
            0.15989917,
            0.1621708,
            0.14772786,
            0.1466094,
            0.1466094,
            0.1477154,
            0.14340508,
            0.14340508,
            0.14340508,
            0.14220736,
            0.13201445,
            0.13326232999999998,
            0.16400188999999998,
            0.13831668,
            0.13943074,
            0.24314718,
            0.24314718,
            0.24314718,
            0.24314718,
            0.23804858,
            0.23804858,
            0.24441198,
            0.24122947,
            0.23946977,
            0.24207391,
            0.23709292999999998,
            0.23349987,
            0.20192752,
            0.20048121,
            0.20160745,
            0.18578871,
            0.18683851,
            0.18905292,
            0.28492898,
            0.26604649999999996,
            0.20459375,
            0.18577131,
            0.20185261000000002,
            0.20754952000000002,
            0.14913276
        ],
        [
            0.41766844000000003,
            0.15328696,
            0.0,
            0.00459872,
            0.0032316099999999998,
            0.0032316099999999998,
            0.00452271,
            0.11073398,
            0.09138367,
            0.09258236,
            0.0814648,
            0.08471575,
            0.08521451,
            0.08498528999999999,
            0.08614773,
            0.08492221,
            0.08375067,
            0.08374269000000001,
            0.08601432,
            0.07157138,
            0.07045292,
            0.07045292,
            0.07155892,
            0.06724859999999999,
            0.06724859999999999,
            0.06724859999999999,
            0.06605088,
            0.05585797,
            0.05710585,
            0.08784541,
            0.0621602,
            0.06327426,
            0.18225004,
            0.18225004,
            0.18225004,
            0.18225004,
            0.17715144000000002,
            0.17715144000000002,
            0.18351484,
            0.18033233,
            0.17857263,
            0.18117677000000001,
            0.17619579,
            0.17260273,
            0.14103038,
            0.13958407,
            0.14071031,
            0.12489157000000001,
            0.12594137,
            0.12815578,
            0.22403184,
            0.20514936,
            0.17520639,
            0.15638395,
            0.17246525000000001,
            0.17816216,
            0.15944278
        ],
        [
            0.42226714,
            0.15788565999999998,
            0.00459872,
            0.0,
            0.00783031,
            0.00783031,
            0.00912141,
            0.11533267999999999,
            0.09598237,
            0.09718105999999999,
            0.08606349999999999,
            0.08931444999999999,
            0.08981321,
            0.08958399,
            0.09074642999999999,
            0.08952090999999998,
            0.08834936999999998,
            0.08834138999999999,
            0.09061301999999999,
            0.07617008,
            0.07505162,
            0.07505162,
            0.07615762,
            0.0718473,
            0.0718473,
            0.0718473,
            0.07064957999999999,
            0.06045667,
            0.06170455,
            0.09244411,
            0.0667589,
            0.06787296,
            0.18684873999999999,
            0.18684873999999999,
            0.18684873999999999,
            0.18684873999999999,
            0.18175014,
            0.18175014,
            0.18811354,
            0.18493103,
            0.18317133,
            0.18577547,
            0.18079448999999997,
            0.17720143,
            0.14562908,
            0.14418277,
            0.14530901,
            0.12949027,
            0.13054007,
            0.13275448,
            0.22863054,
            0.20974806,
            0.17980509,
            0.16098265,
            0.17706395000000003,
            0.18276086000000002,
            0.16404148
        ],
        [
            0.42090003,
            0.15651855,
            0.0032316099999999998,
            0.00783031,
            0.0,
            2e-08,
            0.00129112,
            0.11396556999999999,
            0.09461526,
            0.09581395,
            0.08469639,
            0.08794734,
            0.0884461,
            0.08821688,
            0.08937932,
            0.08815379999999999,
            0.08698225999999999,
            0.08697428,
            0.08924591,
            0.07480297,
            0.07368451000000001,
            0.07368451000000001,
            0.07479051,
            0.07048019,
            0.07048019,
            0.07048019,
            0.06928247,
            0.05908956,
            0.06033744,
            0.09107699999999999,
            0.06539179,
            0.06650585,
            0.18548163,
            0.18548163,
            0.18548163,
            0.18548163,
            0.18038303,
            0.18038303,
            0.18674643000000002,
            0.18356392,
            0.18180422000000002,
            0.18440836,
            0.17942737999999997,
            0.17583432,
            0.14426197000000002,
            0.14281566,
            0.1439419,
            0.12812316,
            0.12917296,
            0.13138737,
            0.22726343,
            0.20838095,
            0.17843798,
            0.15961554,
            0.17569684000000002,
            0.18139375000000002,
            0.16267437
        ],
        [
            0.42090003,
            0.15651855,
            0.0032316099999999998,
            0.00783031,
            2e-08,
            0.0,
            0.00129112,
            0.11396556999999999,
            0.09461526,
            0.09581395,
            0.08469639,
            0.08794734,
            0.0884461,
            0.08821688,
            0.08937932,
            0.08815379999999999,
            0.08698225999999999,
            0.08697428,
            0.08924591,
            0.07480297,
            0.07368451000000001,
            0.07368451000000001,
            0.07479051,
            0.07048019,
            0.07048019,
            0.07048019,
            0.06928247,
            0.05908956,
            0.06033744,
            0.09107699999999999,
            0.06539179,
            0.06650585,
            0.18548163,
            0.18548163,
            0.18548163,
            0.18548163,
            0.18038303,
            0.18038303,
            0.18674643000000002,
            0.18356392,
            0.18180422000000002,
            0.18440836,
            0.17942737999999997,
            0.17583432,
            0.14426197000000002,
            0.14281566,
            0.1439419,
            0.12812316,
            0.12917296,
            0.13138737,
            0.22726343,
            0.20838095,
            0.17843798,
            0.15961554,
            0.17569684000000002,
            0.18139375000000002,
            0.16267437
        ],
        [
            0.42219112999999997,
            0.15780965,
            0.00452271,
            0.00912141,
            0.00129112,
            0.00129112,
            0.0,
            0.11525666999999999,
            0.09590636,
            0.09710505,
            0.08598749,
            0.08923844,
            0.08973719999999999,
            0.08950797999999999,
            0.09067042,
            0.0894449,
            0.08827336,
            0.08826538,
            0.09053701,
            0.07609407,
            0.07497561,
            0.07497561,
            0.07608161,
            0.07177128999999999,
            0.07177128999999999,
            0.07177128999999999,
            0.07057357,
            0.060380659999999996,
            0.061628539999999996,
            0.0923681,
            0.06668289,
            0.06779695,
            0.18677273,
            0.18677273,
            0.18677273,
            0.18677273,
            0.18167413000000002,
            0.18167413000000002,
            0.18803753,
            0.18485502,
            0.18309532,
            0.18569946,
            0.18071848,
            0.17712542,
            0.14555307,
            0.14410676,
            0.145233,
            0.12941426,
            0.13046406,
            0.13267847,
            0.22855453,
            0.20967205,
            0.17972907999999999,
            0.16090664,
            0.17698794,
            0.18268485,
            0.16396547
        ],
        [
            0.45127194000000004,
            0.18689046,
            0.11073398,
            0.11533267999999999,
            0.11396556999999999,
            0.11396556999999999,
            0.11525666999999999,
            0.0,
            0.02178803,
            0.025850780000000004,
            0.11225785999999999,
            0.11550880999999999,
            0.11600757,
            0.11577835,
            0.11694078999999999,
            0.11571526999999998,
            0.11454372999999998,
            0.11453574999999999,
            0.11680737999999999,
            0.10236444,
            0.10124598,
            0.10124598,
            0.10235198,
            0.09804166,
            0.09804166,
            0.09804166,
            0.09684393999999999,
            0.08665102999999999,
            0.08789891,
            0.11863847,
            0.09295326,
            0.09406732,
            0.21585354,
            0.21585354,
            0.21585354,
            0.21585354,
            0.21075494,
            0.21075494,
            0.21711834000000002,
            0.21393583,
            0.21217613000000002,
            0.21478027,
            0.20979928999999997,
            0.20620623,
            0.17463388000000002,
            0.17318757,
            0.17431381,
            0.15849507000000002,
            0.15954487,
            0.16175928,
            0.25763534,
            0.23875286,
            0.20880989,
            0.18998745,
            0.20606875000000002,
            0.21176566000000002,
            0.19304628000000001
        ],
        [
            0.43192163,
            0.16754015,
            0.09138367,
            0.09598237,
            0.09461526,
            0.09461526,
            0.09590636,
            0.02178803,
            0.0,
            0.0065004699999999995,
            0.09290755,
            0.09615850000000001,
            0.09665726,
            0.09642803999999999,
            0.09759048000000001,
            0.09636496,
            0.09519342,
            0.09518544000000001,
            0.09745707,
            0.08301413,
            0.08189567,
            0.08189567,
            0.08300167,
            0.07869135,
            0.07869135,
            0.07869135,
            0.07749363000000001,
            0.06730072000000001,
            0.0685486,
            0.09928816,
            0.07360295,
            0.07471701,
            0.19650323,
            0.19650323,
            0.19650323,
            0.19650323,
            0.19140463000000002,
            0.19140463000000002,
            0.19776803,
            0.19458552,
            0.19282582,
            0.19542996,
            0.19044898,
            0.18685592,
            0.15528357,
            0.15383726,
            0.1549635,
            0.13914476,
            0.14019456,
            0.14240897,
            0.23828503,
            0.21940255,
            0.18945958,
            0.17063714,
            0.18671844,
            0.19241535,
            0.17369597
        ],
        [
            0.43312032,
            0.16873884,
            0.09258236,
            0.09718105999999999,
            0.09581395,
            0.09581395,
            0.09710505,
            0.025850780000000004,
            0.0065004699999999995,
            0.0,
            0.09410624,
            0.09735719,
            0.09785595,
            0.09762673,
            0.09878917,
            0.09756364999999999,
            0.09639210999999999,
            0.09638413,
            0.09865576,
            0.08421282,
            0.08309435999999999,
            0.08309435999999999,
            0.08420036,
            0.07989004,
            0.07989004,
            0.07989004,
            0.07869232,
            0.06849941,
            0.06974728999999999,
            0.10048684999999999,
            0.07480164,
            0.0759157,
            0.19770191999999998,
            0.19770191999999998,
            0.19770191999999998,
            0.19770191999999998,
            0.19260332000000002,
            0.19260332000000002,
            0.19896671999999999,
            0.19578421000000001,
            0.19402450999999998,
            0.19662865000000002,
            0.19164767,
            0.18805461,
            0.15648225999999998,
            0.15503594999999998,
            0.15616218999999998,
            0.14034344999999998,
            0.14139325,
            0.14360766,
            0.23948372,
            0.22060123999999998,
            0.19065827,
            0.17183583,
            0.18791713000000002,
            0.19361404000000002,
            0.17489466
        ],
        [
            0.42200276000000003,
            0.15762128,
            0.0814648,
            0.08606349999999999,
            0.08469639,
            0.08469639,
            0.08598749,
            0.11225785999999999,
            0.09290755,
            0.09410624,
            0.0,
            0.01003501,
            0.010533770000000001,
            0.03362983,
            0.03479227,
            0.03356675,
            0.03239521,
            0.03238723,
            0.03465886,
            0.062130740000000004,
            0.06101228,
            0.06101228,
            0.06211828,
            0.057807960000000005,
            0.057807960000000005,
            0.057807960000000005,
            0.056610240000000006,
            0.05046001,
            0.05170789,
            0.08244745,
            0.05676224,
            0.0578763,
            0.18658436,
            0.18658436,
            0.18658436,
            0.18658436,
            0.18148576,
            0.18148576,
            0.18784916000000002,
            0.18466665,
            0.18290695,
            0.18551109,
            0.18053010999999997,
            0.17693704999999998,
            0.1453647,
            0.14391839,
            0.14504463,
            0.12922589,
            0.13027569,
            0.1324901,
            0.22836615999999998,
            0.20948368,
            0.17954071,
            0.16071827,
            0.17679957000000002,
            0.18249648000000002,
            0.1637771
        ],
        [
            0.42525371,
            0.16087223,
            0.08471575,
            0.08931444999999999,
            0.08794734,
            0.08794734,
            0.08923844,
            0.11550880999999999,
            0.09615850000000001,
            0.09735719,
            0.01003501,
            0.0,
            0.009743640000000001,
            0.03688078,
            0.03804322,
            0.0368177,
            0.03564616,
            0.035638180000000005,
            0.03790981,
            0.06538169,
            0.06426323,
            0.06426323,
            0.06536923,
            0.06105891000000001,
            0.06105891000000001,
            0.06105891000000001,
            0.05986119000000001,
            0.05371096,
            0.05495884,
            0.08569840000000001,
            0.06001319,
            0.06112725,
            0.18983530999999998,
            0.18983530999999998,
            0.18983530999999998,
            0.18983530999999998,
            0.18473671000000003,
            0.18473671000000003,
            0.19110011,
            0.18791760000000002,
            0.1861579,
            0.18876204000000002,
            0.18378106,
            0.18018800000000001,
            0.14861565,
            0.14716933999999998,
            0.14829557999999998,
            0.13247683999999998,
            0.13352664,
            0.13574105,
            0.23161711000000001,
            0.21273462999999998,
            0.18279166,
            0.16396922,
            0.18005052000000002,
            0.18574743000000002,
            0.16702805
        ],
        [
            0.42575247,
            0.16137099,
            0.08521451,
            0.08981321,
            0.0884461,
            0.0884461,
            0.08973719999999999,
            0.11600757,
            0.09665726,
            0.09785595,
            0.010533770000000001,
            0.009743640000000001,
            0.0,
            0.03737954,
            0.03854198,
            0.03731646,
            0.036144920000000004,
            0.036136940000000006,
            0.03840857,
            0.06588045000000001,
            0.06476199,
            0.06476199,
            0.06586799,
            0.06155767000000001,
            0.06155767000000001,
            0.06155767000000001,
            0.06035995000000001,
            0.05420972,
            0.0554576,
            0.08619716,
            0.06051195,
            0.06162601,
            0.19033407,
            0.19033407,
            0.19033407,
            0.19033407,
            0.18523547,
            0.18523547,
            0.19159887,
            0.18841636,
            0.18665666,
            0.1892608,
            0.18427981999999998,
            0.18068676,
            0.14911441,
            0.1476681,
            0.14879434,
            0.1329756,
            0.13402540000000002,
            0.13623981000000002,
            0.23211587,
            0.21323339,
            0.18329041999999998,
            0.16446797999999999,
            0.18054928,
            0.18624619,
            0.16752681
        ],
        [
            0.42552325,
            0.16114177,
            0.08498528999999999,
            0.08958399,
            0.08821688,
            0.08821688,
            0.08950797999999999,
            0.11577835,
            0.09642803999999999,
            0.09762673,
            0.03362983,
            0.03688078,
            0.03737954,
            0.0,
            0.00116246,
            0.004603879999999999,
            0.00343234,
            0.00792964,
            0.01020127,
            0.06565123,
            0.06453277,
            0.06453277,
            0.06563877,
            0.06132845000000001,
            0.06132845000000001,
            0.06132845000000001,
            0.06013073000000001,
            0.0539805,
            0.05522838,
            0.08596793999999999,
            0.06028273,
            0.06139679,
            0.19010485,
            0.19010485,
            0.19010485,
            0.19010485,
            0.18500625,
            0.18500625,
            0.19136965,
            0.18818714,
            0.18642744,
            0.18903158,
            0.18405059999999998,
            0.18045754,
            0.14888519,
            0.14743888,
            0.14856512,
            0.13274638,
            0.13379618,
            0.13601059,
            0.23188665,
            0.21300417,
            0.18306119999999998,
            0.16423875999999998,
            0.18032006,
            0.18601697,
            0.16729759
        ],
        [
            0.42668569,
            0.16230421,
            0.08614773,
            0.09074642999999999,
            0.08937932,
            0.08937932,
            0.09067042,
            0.11694078999999999,
            0.09759048000000001,
            0.09878917,
            0.03479227,
            0.03804322,
            0.03854198,
            0.00116246,
            0.0,
            0.005766319999999999,
            0.00459478,
            0.009092079999999999,
            0.011363709999999999,
            0.06681367,
            0.06569521,
            0.06569521,
            0.06680121,
            0.06249089000000001,
            0.06249089000000001,
            0.06249089000000001,
            0.06129317000000001,
            0.05514294,
            0.05639082,
            0.08713038000000001,
            0.06144517,
            0.06255923,
            0.19126728999999998,
            0.19126728999999998,
            0.19126728999999998,
            0.19126728999999998,
            0.18616869000000003,
            0.18616869000000003,
            0.19253209,
            0.18934958000000002,
            0.18758988,
            0.19019402000000002,
            0.18521304,
            0.18161998000000001,
            0.15004763,
            0.14860131999999998,
            0.14972755999999998,
            0.13390881999999998,
            0.13495862,
            0.13717303,
            0.23304909000000001,
            0.21416660999999998,
            0.18422364,
            0.1654012,
            0.18148250000000002,
            0.18717941000000002,
            0.16846003
        ],
        [
            0.42546017,
            0.16107869,
            0.08492221,
            0.08952090999999998,
            0.08815379999999999,
            0.08815379999999999,
            0.0894449,
            0.11571526999999998,
            0.09636496,
            0.09756364999999999,
            0.03356675,
            0.0368177,
            0.03731646,
            0.004603879999999999,
            0.005766319999999999,
            0.0,
            0.0011715599999999999,
            0.00786656,
            0.01013819,
            0.06558815,
            0.06446969,
            0.06446969,
            0.06557568999999999,
            0.06126537,
            0.06126537,
            0.06126537,
            0.06006765,
            0.053917419999999994,
            0.055165299999999994,
            0.08590486,
            0.06021964999999999,
            0.06133370999999999,
            0.19004177,
            0.19004177,
            0.19004177,
            0.19004177,
            0.18494317,
            0.18494317,
            0.19130657,
            0.18812405999999998,
            0.18636436,
            0.18896849999999998,
            0.18398751999999996,
            0.18039445999999998,
            0.14882211,
            0.1473758,
            0.14850204,
            0.1326833,
            0.1337331,
            0.13594751,
            0.23182356999999998,
            0.21294109,
            0.18299812,
            0.16417568,
            0.18025698,
            0.18595389,
            0.16723451
        ],
        [
            0.42428863,
            0.15990715,
            0.08375067,
            0.08834936999999998,
            0.08698225999999999,
            0.08698225999999999,
            0.08827336,
            0.11454372999999998,
            0.09519342,
            0.09639210999999999,
            0.03239521,
            0.03564616,
            0.036144920000000004,
            0.00343234,
            0.00459478,
            0.0011715599999999999,
            0.0,
            0.00669502,
            0.00896665,
            0.06441661,
            0.06329815,
            0.06329815,
            0.06440415,
            0.06009383,
            0.06009383,
            0.06009383,
            0.05889611,
            0.052745879999999995,
            0.053993759999999995,
            0.08473332,
            0.059048109999999994,
            0.060162169999999994,
            0.18887022999999997,
            0.18887022999999997,
            0.18887022999999997,
            0.18887022999999997,
            0.18377163000000002,
            0.18377163000000002,
            0.19013502999999998,
            0.18695252,
            0.18519281999999998,
            0.18779696,
            0.18281598,
            0.17922292,
            0.14765056999999998,
            0.14620425999999997,
            0.14733049999999998,
            0.13151175999999998,
            0.13256156,
            0.13477597,
            0.23065203,
            0.21176954999999997,
            0.18182658,
            0.16300414,
            0.17908544,
            0.18478235,
            0.16606297
        ],
        [
            0.42428065000000004,
            0.15989917,
            0.08374269000000001,
            0.08834138999999999,
            0.08697428,
            0.08697428,
            0.08826538,
            0.11453574999999999,
            0.09518544000000001,
            0.09638413,
            0.03238723,
            0.035638180000000005,
            0.036136940000000006,
            0.00792964,
            0.009092079999999999,
            0.00786656,
            0.00669502,
            0.0,
            0.00446923,
            0.06440863,
            0.06329017,
            0.06329017,
            0.06439617,
            0.060085849999999996,
            0.060085849999999996,
            0.060085849999999996,
            0.05888813,
            0.052737900000000004,
            0.053985780000000004,
            0.08472534000000001,
            0.05904013,
            0.06015419,
            0.18886225,
            0.18886225,
            0.18886225,
            0.18886225,
            0.18376365,
            0.18376365,
            0.19012705000000002,
            0.18694454,
            0.18518484000000002,
            0.18778898,
            0.18280799999999997,
            0.17921494,
            0.14764259000000002,
            0.14619628,
            0.14732252,
            0.13150378000000001,
            0.13255358,
            0.13476799,
            0.23064405,
            0.21176157,
            0.1818186,
            0.16299616,
            0.17907746000000002,
            0.18477437000000002,
            0.16605499
        ],
        [
            0.42655228,
            0.1621708,
            0.08601432,
            0.09061301999999999,
            0.08924591,
            0.08924591,
            0.09053701,
            0.11680737999999999,
            0.09745707,
            0.09865576,
            0.03465886,
            0.03790981,
            0.03840857,
            0.01020127,
            0.011363709999999999,
            0.01013819,
            0.00896665,
            0.00446923,
            0.0,
            0.06668026,
            0.0655618,
            0.0655618,
            0.0666678,
            0.06235748000000001,
            0.06235748000000001,
            0.06235748000000001,
            0.06115976000000001,
            0.05500953,
            0.05625741,
            0.08699697,
            0.06131176,
            0.06242582,
            0.19113387999999998,
            0.19113387999999998,
            0.19113387999999998,
            0.19113387999999998,
            0.18603528000000003,
            0.18603528000000003,
            0.19239868,
            0.18921617000000002,
            0.18745647,
            0.19006061000000002,
            0.18507963,
            0.18148657,
            0.14991422,
            0.14846790999999998,
            0.14959414999999998,
            0.13377540999999998,
            0.13482521,
            0.13703962,
            0.23291568,
            0.21403319999999998,
            0.18409023,
            0.16526779,
            0.18134909000000002,
            0.18704600000000002,
            0.16832662
        ],
        [
            0.41210934,
            0.14772786,
            0.07157138,
            0.07617008,
            0.07480297,
            0.07480297,
            0.07609407,
            0.10236444,
            0.08301413,
            0.08421282,
            0.062130740000000004,
            0.06538169,
            0.06588045000000001,
            0.06565123,
            0.06681367,
            0.06558815,
            0.06441661,
            0.06440863,
            0.06668026,
            0.0,
            0.00111848,
            0.00111848,
            0.00222448,
            0.00918578,
            0.00918578,
            0.00918578,
            0.00798806,
            0.04056659,
            0.04181447,
            0.07255403,
            0.046868820000000005,
            0.047982880000000006,
            0.17669094,
            0.17669094,
            0.17669094,
            0.17669094,
            0.17159234,
            0.17159234,
            0.17795574,
            0.17477323,
            0.17301353,
            0.17561767,
            0.17063668999999998,
            0.16704363,
            0.13547128,
            0.13402497,
            0.13515121,
            0.11933247,
            0.12038227000000001,
            0.12259668000000001,
            0.21847274,
            0.19959026,
            0.16964729,
            0.15082485,
            0.16690615000000003,
            0.17260306000000003,
            0.15388368
        ],
        [
            0.41099088,
            0.1466094,
            0.07045292,
            0.07505162,
            0.07368451000000001,
            0.07368451000000001,
            0.07497561,
            0.10124598,
            0.08189567,
            0.08309435999999999,
            0.06101228,
            0.06426323,
            0.06476199,
            0.06453277,
            0.06569521,
            0.06446969,
            0.06329815,
            0.06329017,
            0.0655618,
            0.00111848,
            0.0,
            2e-08,
            0.0011060199999999999,
            0.00806732,
            0.00806732,
            0.00806732,
            0.0068696,
            0.03944813,
            0.04069601,
            0.07143557,
            0.045750360000000004,
            0.046864420000000004,
            0.17557248,
            0.17557248,
            0.17557248,
            0.17557248,
            0.17047388000000002,
            0.17047388000000002,
            0.17683728,
            0.17365477,
            0.17189507,
            0.17449921000000002,
            0.16951823,
            0.16592517,
            0.13435282,
            0.13290651,
            0.13403275,
            0.11821401000000001,
            0.11926381,
            0.12147822,
            0.21735428,
            0.1984718,
            0.16852883,
            0.14970639,
            0.16578769000000002,
            0.17148460000000001,
            0.15276522
        ],
        [
            0.41099088,
            0.1466094,
            0.07045292,
            0.07505162,
            0.07368451000000001,
            0.07368451000000001,
            0.07497561,
            0.10124598,
            0.08189567,
            0.08309435999999999,
            0.06101228,
            0.06426323,
            0.06476199,
            0.06453277,
            0.06569521,
            0.06446969,
            0.06329815,
            0.06329017,
            0.0655618,
            0.00111848,
            2e-08,
            0.0,
            0.0011060199999999999,
            0.00806732,
            0.00806732,
            0.00806732,
            0.0068696,
            0.03944813,
            0.04069601,
            0.07143557,
            0.045750360000000004,
            0.046864420000000004,
            0.17557248,
            0.17557248,
            0.17557248,
            0.17557248,
            0.17047388000000002,
            0.17047388000000002,
            0.17683728,
            0.17365477,
            0.17189507,
            0.17449921000000002,
            0.16951823,
            0.16592517,
            0.13435282,
            0.13290651,
            0.13403275,
            0.11821401000000001,
            0.11926381,
            0.12147822,
            0.21735428,
            0.1984718,
            0.16852883,
            0.14970639,
            0.16578769000000002,
            0.17148460000000001,
            0.15276522
        ],
        [
            0.41209688,
            0.1477154,
            0.07155892,
            0.07615762,
            0.07479051,
            0.07479051,
            0.07608161,
            0.10235198,
            0.08300167,
            0.08420036,
            0.06211828,
            0.06536923,
            0.06586799,
            0.06563877,
            0.06680121,
            0.06557568999999999,
            0.06440415,
            0.06439617,
            0.0666678,
            0.00222448,
            0.0011060199999999999,
            0.0011060199999999999,
            0.0,
            0.009173319999999999,
            0.009173319999999999,
            0.009173319999999999,
            0.0079756,
            0.04055413,
            0.04180201,
            0.07254157,
            0.04685636,
            0.04797042,
            0.17667848,
            0.17667848,
            0.17667848,
            0.17667848,
            0.17157988000000002,
            0.17157988000000002,
            0.17794328,
            0.17476077,
            0.17300107,
            0.17560521,
            0.17062423,
            0.16703117,
            0.13545882,
            0.13401251,
            0.13513875,
            0.11932001,
            0.12036981,
            0.12258422,
            0.21846028,
            0.1995778,
            0.16963483,
            0.15081239,
            0.16689369,
            0.1725906,
            0.15387122
        ],
        [
            0.40778656,
            0.14340508,
            0.06724859999999999,
            0.0718473,
            0.07048019,
            0.07048019,
            0.07177128999999999,
            0.09804166,
            0.07869135,
            0.07989004,
            0.057807960000000005,
            0.06105891000000001,
            0.06155767000000001,
            0.06132845000000001,
            0.06249089000000001,
            0.06126537,
            0.06009383,
            0.060085849999999996,
            0.06235748000000001,
            0.00918578,
            0.00806732,
            0.00806732,
            0.009173319999999999,
            0.0,
            2e-08,
            2e-08,
            0.0011977399999999999,
            0.03624381,
            0.03749169,
            0.06823125,
            0.04254604,
            0.0436601,
            0.17236816,
            0.17236816,
            0.17236816,
            0.17236816,
            0.16726956,
            0.16726956,
            0.17363296,
            0.17045045,
            0.16869075,
            0.17129489,
            0.16631390999999998,
            0.16272085,
            0.1311485,
            0.12970219,
            0.13082843,
            0.11500969,
            0.11605949,
            0.1182739,
            0.21414996,
            0.19526748,
            0.16532450999999998,
            0.14650206999999998,
            0.16258337,
            0.16828028,
            0.1495609
        ],
        [
            0.40778656,
            0.14340508,
            0.06724859999999999,
            0.0718473,
            0.07048019,
            0.07048019,
            0.07177128999999999,
            0.09804166,
            0.07869135,
            0.07989004,
            0.057807960000000005,
            0.06105891000000001,
            0.06155767000000001,
            0.06132845000000001,
            0.06249089000000001,
            0.06126537,
            0.06009383,
            0.060085849999999996,
            0.06235748000000001,
            0.00918578,
            0.00806732,
            0.00806732,
            0.009173319999999999,
            2e-08,
            0.0,
            2e-08,
            0.0011977399999999999,
            0.03624381,
            0.03749169,
            0.06823125,
            0.04254604,
            0.0436601,
            0.17236816,
            0.17236816,
            0.17236816,
            0.17236816,
            0.16726956,
            0.16726956,
            0.17363296,
            0.17045045,
            0.16869075,
            0.17129489,
            0.16631390999999998,
            0.16272085,
            0.1311485,
            0.12970219,
            0.13082843,
            0.11500969,
            0.11605949,
            0.1182739,
            0.21414996,
            0.19526748,
            0.16532450999999998,
            0.14650206999999998,
            0.16258337,
            0.16828028,
            0.1495609
        ],
        [
            0.40778656,
            0.14340508,
            0.06724859999999999,
            0.0718473,
            0.07048019,
            0.07048019,
            0.07177128999999999,
            0.09804166,
            0.07869135,
            0.07989004,
            0.057807960000000005,
            0.06105891000000001,
            0.06155767000000001,
            0.06132845000000001,
            0.06249089000000001,
            0.06126537,
            0.06009383,
            0.060085849999999996,
