{
    "NEXUS_FILE_URL": "http://purl.org/phylo/treebase/phylows/study/TB2:S14038",
    "NEWICK_TREE": "(3:0.2526683110207288,6:0.3683462762455766,((((((((19:0.01420029634780036,4:0.0173160169228444):0.08907394644446613,24:0.1383611394146442):0.01006273367021605,11:0.08051207235093985):0.007911057592470263,7:0.09877455479860224):0.01835089046433208,((13:0.0275579901007037,(10:0.01656051937249538,9:0.02580103336710739):0.02722235073387549):0.03511010638359292,12:0.08081190648534523):0.08312897017582664):0.008876674944545283,((8:0.03442210660775413,1:0.06521308527957864):0.006974453313148775,((16:0.04691211680399095,(14:0.04404141995669755,18:0.04601955851621894):0.03298205019295752):0.008180456032859105,15:0.07820402485230568):0.01147621427078318):0.0277594763330097):0.007660743633615518,(2:0.06295127302426444,(23:0.01679188373163275,21:0.01922176448564259):0.03416533347338704):0.02181748040768696):0.03680014548481193,((5:0.01950809450565425,22:0.01392205189424765):0.05384407786201489,(17:0.05548385371707081,20:0.07725037263839023):0.02412968614875444):0.08771680060173553):0.01944917685646128);",
    "DISTANCE_MATRIX": [
        [
            0.0,
            0.6210145872663053,
            0.4650539764594477,
            0.46816969703449174,
            0.5001408730818254,
            0.432229072347905,
            0.4425804972030971,
            0.47125211860028604,
            0.4874769986059533,
            0.4967175126005653,
            0.48939592860133463,
            0.3857344132495302,
            0.4165253919213546,
            0.41090664043626046,
            0.44101799378192463,
            0.44299613234144597,
            0.4340180924517161,
            0.3936863867939534,
            0.3816923309747088,
            0.38412221172871863,
            0.43318646084659473,
            0.42760041823518813,
            0.4394478283447508,
            0.46121434726607025
        ],
        [
            0.6210145872663053,
            0.0,
            0.5807319416842955,
            0.5838476622593395,
            0.6158188383066732,
            0.5479070375727528,
            0.558258462427945,
            0.5869300838251339,
            0.603154963830801,
            0.612395477825413,
            0.6050738938261825,
            0.5014123784743779,
            0.5322033571462025,
            0.5265846056611082,
            0.5566959590067724,
            0.5586740975662937,
            0.5496960576765639,
            0.5093643520188011,
            0.4973702961995565,
            0.4998001769535664,
            0.5488644260714426,
            0.5432783834600359,
            0.5551257935695987,
            0.5768923124909181
        ],
        [
            0.4650539764594477,
            0.5807319416842955,
            0.0,
            0.03151631327064476,
            0.2416353822069107,
            0.1938490488134224,
            0.22002258885355505,
            0.28539599117940817,
            0.30162087118507536,
            0.31086138517968737,
            0.30353980118045676,
            0.2176316357177428,
            0.2484226143895673,
            0.24280386290447312,
            0.27291521625013726,
            0.2748933548096586,
            0.26591531491992876,
            0.2409050965293971,
            0.22891104071015245,
            0.2313409214641623,
            0.35400546155166235,
            0.34841941894025574,
            0.36026682904981844,
            0.38203334797113786
        ],
        [
            0.46816969703449174,
            0.5838476622593395,
            0.03151631327064476,
            0.0,
            0.24475110278195472,
            0.19696476938846644,
            0.22313830942859908,
            0.2885117117544522,
            0.30473659176011936,
            0.31397710575473137,
            0.3066555217555008,
            0.22074735629278683,
            0.2515383349646113,
            0.24591958347951715,
            0.2760309368251813,
            0.27800907538470265,
            0.26903103549497276,
            0.24402081710444112,
            0.23202676128519648,
            0.23445664203920633,
            0.3571211821267063,
            0.3515351395152997,
            0.36338254962486244,
            0.38514906854618186
        ],
        [
            0.5001408730818254,
            0.6158188383066732,
            0.2416353822069107,
            0.24475110278195472,
            0.0,
            0.2289359454358001,
            0.25510948547593276,
            0.32048288780178585,
            0.33670776780745304,
            0.34594828180206505,
            0.33862669780283444,
            0.2527185323401205,
            0.283509511011945,
            0.27789075952685083,
            0.30800211287251494,
            0.30998025143203634,
            0.30100221154230644,
            0.2759919931517748,
            0.26399793733253013,
            0.26642781808654,
            0.38909235817404,
            0.38350631556263337,
            0.3953537256721961,
            0.41712024459351554
        ],
        [
            0.432229072347905,
            0.5479070375727528,
            0.1938490488134224,
            0.19696476938846644,
            0.2289359454358001,
            0.0,
            0.18719768474201237,
            0.25257108706786546,
            0.26879596707353265,
            0.27803648106814466,
            0.27071489706891405,
            0.1848067316062001,
            0.2155977102780246,
            0.2099789587929304,
            0.24009031213859455,
            0.24206845069811592,
            0.23309041080838605,
            0.2080801924178544,
            0.19608613659860974,
            0.1985160173526196,
            0.32118055744011964,
            0.31559451482871304,
            0.32744192493827573,
            0.34920844385959515
        ],
        [
            0.4425804972030971,
            0.558258462427945,
            0.22002258885355505,
            0.22313830942859908,
            0.25510948547593276,
            0.18719768474201237,
            0.0,
            0.2629225119230576,
            0.2791473919287248,
            0.2883879059233368,
            0.2810663219241062,
            0.19515815646139223,
            0.22594913513321674,
            0.22033038364812255,
            0.2504417369937867,
            0.252419875553308,
            0.2434418356635782,
            0.21843161727304652,
            0.20643756145380188,
            0.20886744220781173,
            0.3315319822953118,
            0.3259459396839052,
            0.33779334979346787,
            0.3595598687147873
        ],
        [
            0.47125211860028604,
            0.5869300838251339,
            0.28539599117940817,
            0.2885117117544522,
            0.32048288780178585,
            0.25257108706786546,
            0.2629225119230576,
            0.0,
            0.07134086020707457,
            0.08058137420168658,
            0.14348000296964186,
            0.22382977785858116,
            0.25462075653040567,
            0.24900200504531148,
            0.2791133583909756,
            0.28109149695049696,
            0.2721134570607671,
            0.24710323867023545,
            0.2351091828509908,
            0.23753906360500066,
            0.3602036036925007,
            0.3546175610810941,
            0.3664649711906568,
            0.3882314901119762
        ],
        [
            0.4874769986059533,
            0.603154963830801,
            0.30162087118507536,
            0.30473659176011936,
            0.33670776780745304,
            0.26879596707353265,
            0.2791473919287248,
            0.07134086020707457,
            0.0,
            0.04236155273960277,
            0.15970488297530902,
            0.24005465786424834,
            0.27084563653607285,
            0.2652268850509787,
            0.2953382383966428,
            0.2973163769561642,
            0.2883383370664343,
            0.26332811867590267,
            0.251334062856658,
            0.25376394361066784,
            0.37642848369816784,
            0.37084244108676123,
            0.382689851196324,
            0.4044563701176434
        ],
        [
            0.4967175126005653,
            0.612395477825413,
            0.31086138517968737,
            0.31397710575473137,
            0.34594828180206505,
            0.27803648106814466,
            0.2883879059233368,
            0.08058137420168658,
            0.04236155273960277,
            0.0,
            0.16894539696992103,
            0.24929517185886035,
            0.28008615053068486,
            0.2744673990455907,
            0.3045787523912548,
            0.3065568909507762,
            0.2975788510610463,
            0.2725686326705147,
            0.26057457685127,
            0.26300445760527985,
            0.38566899769277985,
            0.38008295508137324,
            0.391930365190936,
            0.4136968841122554
        ],
        [
            0.48939592860133463,
            0.6050738938261825,
            0.30353980118045676,
            0.3066555217555008,
            0.33862669780283444,
            0.27071489706891405,
            0.2810663219241062,
            0.14348000296964186,
            0.15970488297530902,
            0.16894539696992103,
            0.0,
            0.24197358785962975,
            0.27276456653145426,
            0.26714581504636004,
            0.2972571683920242,
            0.29923530695154554,
            0.2902572670618157,
            0.265247048671284,
            0.2532529928520394,
            0.25568287360604924,
            0.3783474136935493,
            0.3727613710821427,
            0.3846087811917054,
            0.4063753001130248
        ],
        [
            0.3857344132495302,
            0.5014123784743779,
            0.2176316357177428,
            0.22074735629278683,
            0.2527185323401205,
            0.1848067316062001,
            0.19515815646139223,
            0.22382977785858116,
            0.24005465786424834,
            0.24929517185886035,
            0.24197358785962975,
            0.0,
            0.09963519188733277,
            0.10796534702853615,
            0.13807670037420028,
            0.14005483893372167,
            0.13107679904399178,
            0.16158553331947953,
            0.14959147750023488,
            0.15202135825424473,
            0.2746858983417447,
            0.2690998557303381,
            0.2809472658399009,
            0.3027137847612203
        ],
        [
            0.4165253919213546,
            0.5322033571462025,
            0.2484226143895673,
            0.2515383349646113,
            0.283509511011945,
            0.2155977102780246,
            0.22594913513321674,
            0.25462075653040567,
            0.27084563653607285,
            0.28008615053068486,
            0.27276456653145426,
            0.09963519188733277,
            0.0,
            0.13875632570036067,
            0.1688676790460248,
            0.17084581760554618,
            0.16186777771581629,
            0.19237651199130404,
            0.1803824561720594,
            0.18281233692606924,
            0.3054768770135693,
            0.2998908344021627,
            0.3117382445117254,
            0.3335047634330448
        ],
        [
            0.41090664043626046,
            0.5265846056611082,
            0.24280386290447312,
            0.24591958347951715,
            0.27789075952685083,
            0.2099789587929304,
            0.22033038364812255,
            0.24900200504531148,
            0.2652268850509787,
            0.2744673990455907,
            0.26714581504636004,
            0.10796534702853615,
            0.13875632570036067,
            0.0,
            0.12393558695364602,
            0.1259137255131674,
            0.13329659768915575,
            0.18675776050620985,
            0.1747637046869652,
            0.17719358544097505,
            0.299858125528475,
            0.2942720829170684,
            0.30611949302663116,
            0.3278860119479506
        ],
        [
            0.44101799378192463,
            0.5566959590067724,
            0.27291521625013726,
            0.2760309368251813,
            0.30800211287251494,
            0.24009031213859455,
            0.2504417369937867,
            0.2791133583909756,
            0.2953382383966428,
            0.3045787523912548,
            0.2972571683920242,
            0.13807670037420028,
            0.1688676790460248,
            0.12393558695364602,
            0.0,
            0.0900609784729165,
            0.16340795103481986,
            0.216869113851874,
            0.20487505803262934,
            0.2073049387866392,
            0.3299694788741392,
            0.3243834362627326,
            0.33623084637229533,
            0.35799736529361476
        ],
        [
            0.44299613234144597,
            0.5586740975662937,
            0.2748933548096586,
            0.27800907538470265,
            0.30998025143203634,
            0.24206845069811592,
            0.252419875553308,
            0.28109149695049696,
            0.2973163769561642,
            0.3065568909507762,
            0.29923530695154554,
            0.14005483893372167,
            0.17084581760554618,
            0.1259137255131674,
            0.0900609784729165,
            0.0,
            0.16538608959434126,
            0.21884725241139535,
            0.2068531965921507,
            0.20928307734616056,
            0.3319476174336605,
            0.3263615748222539,
            0.33820898493181667,
            0.3599755038531361
        ],
        [
            0.4340180924517161,
            0.5496960576765639,
            0.26591531491992876,
            0.26903103549497276,
            0.30100221154230644,
            0.23309041080838605,
            0.2434418356635782,
            0.2721134570607671,
            0.2883383370664343,
            0.2975788510610463,
            0.2902572670618157,
            0.13107679904399178,
            0.16186777771581629,
            0.13329659768915575,
            0.16340795103481986,
            0.16538608959434126,
            0.0,
            0.2098692125216655,
            0.19787515670242084,
            0.2003050374564307,
            0.32296957754393074,
            0.31738353493252414,
            0.32923094504208683,
            0.35099746396340625
        ],
        [
            0.3936863867939534,
            0.5093643520188011,
            0.2409050965293971,
            0.24402081710444112,
            0.2759919931517748,
            0.2080801924178544,
            0.21843161727304652,
            0.24710323867023545,
            0.26332811867590267,
            0.2725686326705147,
            0.265247048671284,
            0.16158553331947953,
            0.19237651199130404,
            0.18675776050620985,
            0.216869113851874,
            0.21884725241139535,
            0.2098692125216655,
            0.0,
            0.11390849022928423,
            0.11633837098329407,
            0.282637871886168,
            0.2770518292747614,
            0.2888992393843241,
            0.3106657583056435
        ],
        [
            0.3816923309747088,
            0.4973702961995565,
            0.22891104071015245,
            0.23202676128519648,
            0.26399793733253013,
            0.19608613659860974,
            0.20643756145380188,
            0.2351091828509908,
            0.251334062856658,
            0.26057457685127,
            0.2532529928520394,
            0.14959147750023488,
            0.1803824561720594,
            0.1747637046869652,
            0.20487505803262934,
            0.2068531965921507,
            0.19787515670242084,
            0.11390849022928423,
            0.0,
            0.036013648217275346,
            0.27064381606692334,
            0.26505777345551673,
            0.2769051835650795,
            0.2986717024863989
        ],
        [
            0.38412221172871863,
            0.4998001769535664,
            0.2313409214641623,
            0.23445664203920633,
            0.26642781808654,
            0.1985160173526196,
            0.20886744220781173,
            0.23753906360500066,
            0.25376394361066784,
            0.26300445760527985,
            0.25568287360604924,
            0.15202135825424473,
            0.18281233692606924,
            0.17719358544097505,
            0.2073049387866392,
            0.20928307734616056,
            0.2003050374564307,
            0.11633837098329407,
            0.036013648217275346,
            0.0,
            0.2730736968209332,
            0.2674876542095266,
            0.27933506431908933,
            0.30110158324040875
        ],
        [
            0.43318646084659473,
            0.5488644260714426,
            0.35400546155166235,
            0.3571211821267063,
            0.38909235817404,
            0.32118055744011964,
            0.3315319822953118,
            0.3602036036925007,
            0.37642848369816784,
            0.38566899769277985,
            0.3783474136935493,
            0.2746858983417447,
            0.3054768770135693,
            0.299858125528475,
            0.3299694788741392,
            0.3319476174336605,
            0.32296957754393074,
            0.282637871886168,
            0.27064381606692334,
            0.2730736968209332,
            0.0,
            0.0334301463999019,
            0.1529657122334944,
            0.1747322311548138
        ],
        [
            0.42760041823518813,
            0.5432783834600359,
            0.34841941894025574,
            0.3515351395152997,
            0.38350631556263337,
            0.31559451482871304,
            0.3259459396839052,
            0.3546175610810941,
            0.37084244108676123,
            0.38008295508137324,
            0.3727613710821427,
            0.2690998557303381,
            0.2998908344021627,
            0.2942720829170684,
            0.3243834362627326,
            0.3263615748222539,
            0.31738353493252414,
            0.2770518292747614,
            0.26505777345551673,
            0.2674876542095266,
            0.0334301463999019,
            0.0,
            0.1473796696220878,
            0.16914618854340718
        ],
        [
            0.4394478283447508,
            0.5551257935695987,
            0.36026682904981844,
            0.36338254962486244,
            0.3953537256721961,
            0.32744192493827573,
            0.33779334979346787,
            0.3664649711906568,
            0.382689851196324,
            0.391930365190936,
            0.3846087811917054,
            0.2809472658399009,
            0.3117382445117254,
            0.30611949302663116,
            0.33623084637229533,
            0.33820898493181667,
            0.32923094504208683,
            0.2888992393843241,
            0.2769051835650795,
            0.27933506431908933,
            0.1529657122334944,
            0.1473796696220878,
            0.0,
            0.13273422635546103
        ],
        [
            0.46121434726607025,
            0.5768923124909181,
            0.38203334797113786,
            0.38514906854618186,
            0.41712024459351554,
            0.34920844385959515,
            0.3595598687147873,
            0.3882314901119762,
            0.4044563701176434,
            0.4136968841122554,
            0.4063753001130248,
            0.3027137847612203,
            0.3335047634330448,
            0.3278860119479506,
            0.35799736529361476,
            0.3599755038531361,
            0.35099746396340625,
            0.3106657583056435,
            0.2986717024863989,
            0.30110158324040875,
            0.1747322311548138,
            0.16914618854340718,
            0.13273422635546103,
            0.0
        ]
    ],
    "NODE_MAPPING": {
        "0": "3",
        "1": "6",
        "2": "19",
        "3": "4",
        "4": "24",
        "5": "11",
        "6": "7",
        "7": "13",
        "8": "10",
        "9": "9",
        "10": "12",
        "11": "8",
        "12": "1",
        "13": "16",
        "14": "14",
        "15": "18",
        "16": "15",
        "17": "2",
        "18": "23",
        "19": "21",
        "20": "5",
        "21": "22",
        "22": "17",
        "23": "20"
    }
}