{
    "NEXUS_FILE_URL": "http://purl.org/phylo/treebase/phylows/study/TB2:S12975",
    "NEWICK_TREE": "(1:5.72E-4,2:2.36E-4,((3:6.01E-4,4:7.3E-4):0.001653,((5:1.71E-4,6:4.08E-4):4.15E-4,(((((7:0.001173,(((9:0.002893,(12:1.72E-4,13:1.77E-4):0.001097):3.27E-4,((10:0.001188,11:9.19E-4):4.16E-4,14:0.001657):1.76E-4):4.17E-4,15:9.43E-4):0.002168):6.6E-4,8:0.004432):4.22E-4,((16:0.00206,(17:1.71E-4,18:4.07E-4):0.001635):0.001,19:0.004315):0.001721):6.58E-4,((21:0.002176,((22:1.76E-4,(23:6.61E-4,24:6.59E-4):1.76E-4):9.16E-4,25:0.001432):4.26E-4):0.003404,((((((26:0.00116,27:1.73E-4):0.00495,(28:9.1E-4,29:6.6E-4):9.46E-4):4.02E-4,(30:0.003179,31:0.001675):0.00216):0.001089,((32:0.002266,(33:0.003062,34:0.004366):6.83E-4):6.96E-4,35:0.002422):0.001021):0.001431,(((38:0.001438,(39:1.73E-4,40:1.74E-4):4.01E-4):0.0063,41:0.008257):0.002109,((42:4.08E-4,43:0.001164):0.006688,(44:0.007707,45:0.007788):0.003917):0.001199):6.77E-4):4.07E-4,(36:1.67E-4,37:1.74E-4):0.009755):4.6E-4):0.001907):1.79E-4,20:0.003402):0.001366):3.03E-4):0.001086);",
    "DISTANCE_MATRIX": [
        [
            0.0,
            0.000808,
            0.0039120000000000005,
            0.0040409999999999995,
            0.0025470000000000002,
            0.0027839999999999996,
            0.006419000000000001,
            0.011050999999999998,
            0.009427,
            0.009432,
            0.009610999999999998,
            0.009342,
            0.009663999999999999,
            0.008357,
            0.009018,
            0.008945,
            0.008690999999999999,
            0.008927,
            0.010199999999999999,
            0.010993,
            0.010334999999999999,
            0.010996,
            0.010993999999999999,
            0.010674999999999999,
            0.015312000000000001,
            0.014325,
            0.011058,
            0.010808,
            0.014139,
            0.012634999999999999,
            0.011694000000000001,
            0.013173000000000002,
            0.014476999999999999,
            0.011153999999999999,
            0.016804,
            0.015940000000000003,
            0.015941000000000004,
            0.017323,
            0.015252,
            0.016008000000000005,
            0.01978,
            0.019861,
            0.015795000000000003,
            0.015802000000000004,
            0.006729000000000001
        ],
        [
            0.000808,
            0.0,
            0.003576,
            0.003705,
            0.0022110000000000003,
            0.0024479999999999997,
            0.006083000000000001,
            0.010714999999999999,
            0.009091,
            0.009096,
            0.009274999999999999,
            0.009006,
            0.009328,
            0.008021,
            0.008682,
            0.008609,
            0.008355,
            0.008591,
            0.009864,
            0.010657,
            0.009999,
            0.010660000000000001,
            0.010657999999999999,
            0.010339,
            0.014976000000000001,
            0.013989,
            0.010722,
            0.010472,
            0.013803000000000001,
            0.012299,
            0.011358000000000002,
            0.012837000000000003,
            0.014140999999999999,
            0.010818,
            0.016468,
            0.015604000000000002,
            0.015605000000000003,
            0.016987000000000002,
            0.014916,
            0.015672000000000002,
            0.019444,
            0.019525,
            0.015459000000000002,
            0.015466000000000002,
            0.006393
        ],
        [
            0.0039120000000000005,
            0.003576,
            0.0,
            0.001331,
            0.003143,
            0.0033799999999999998,
            0.007015,
            0.011646999999999998,
            0.010023,
            0.010028,
            0.010206999999999997,
            0.009937999999999999,
            0.010259999999999998,
            0.008953,
            0.009614000000000001,
            0.009541000000000001,
            0.009287,
            0.009523,
            0.010796,
            0.011588999999999999,
            0.010931,
            0.011592000000000002,
            0.01159,
            0.011271,
            0.015908000000000002,
            0.014921,
            0.011654000000000001,
            0.011404000000000001,
            0.014735000000000002,
            0.013231,
            0.012290000000000002,
            0.013769000000000003,
            0.015073,
            0.01175,
            0.017400000000000002,
            0.016536000000000002,
            0.016537000000000003,
            0.017919,
            0.015848,
            0.016604000000000004,
            0.020376,
            0.020457,
            0.016391000000000003,
            0.016398000000000003,
            0.007325
        ],
        [
            0.0040409999999999995,
            0.003705,
            0.001331,
            0.0,
            0.0032719999999999997,
            0.0035089999999999995,
            0.007144,
            0.011775999999999998,
            0.010152,
            0.010157,
            0.010335999999999998,
            0.010067,
            0.010388999999999999,
            0.009082,
            0.009743,
            0.009670000000000002,
            0.009416,
            0.009652,
            0.010924999999999999,
            0.011718,
            0.011059999999999999,
            0.011721,
            0.011718999999999999,
            0.011399999999999999,
            0.016037000000000003,
            0.01505,
            0.011783,
            0.011533,
            0.014864,
            0.013359999999999999,
            0.012419000000000001,
            0.013898000000000002,
            0.015201999999999999,
            0.011878999999999999,
            0.017529000000000003,
            0.016665,
            0.016666,
            0.018048,
            0.015976999999999998,
            0.016733000000000005,
            0.020505,
            0.020586,
            0.01652,
            0.016527,
            0.007454
        ],
        [
            0.0025470000000000002,
            0.0022110000000000003,
            0.003143,
            0.0032719999999999997,
            0.0,
            0.000579,
            0.005044,
            0.009675999999999999,
            0.008052,
            0.008057,
            0.008235999999999999,
            0.007967,
            0.008289,
            0.0069819999999999995,
            0.007643,
            0.00757,
            0.007316,
            0.007552,
            0.008825,
            0.009618,
            0.00896,
            0.009621000000000001,
            0.009618999999999999,
            0.0093,
            0.013937000000000001,
            0.01295,
            0.009683,
            0.009433,
            0.012764000000000001,
            0.01126,
            0.010319000000000002,
            0.011798000000000003,
            0.013101999999999999,
            0.009779,
            0.015429000000000002,
            0.014565000000000002,
            0.014566000000000003,
            0.015948,
            0.013877,
            0.014633000000000004,
            0.018404999999999998,
            0.018486,
            0.014420000000000002,
            0.014427000000000002,
            0.005353999999999999
        ],
        [
            0.0027839999999999996,
            0.0024479999999999997,
            0.0033799999999999998,
            0.0035089999999999995,
            0.000579,
            0.0,
            0.005281,
            0.009912999999999998,
            0.008289,
            0.008294,
            0.008472999999999998,
            0.008204,
            0.008525999999999999,
            0.007219,
            0.00788,
            0.007807000000000001,
            0.007553,
            0.007789,
            0.009062,
            0.009855,
            0.009197,
            0.009858000000000002,
            0.009856,
            0.009537,
            0.014174000000000003,
            0.013187,
            0.009920000000000002,
            0.009670000000000002,
            0.013001000000000002,
            0.011497,
            0.010556000000000003,
            0.012035000000000004,
            0.013339,
            0.010016,
            0.015666000000000003,
            0.014802000000000003,
            0.014803000000000004,
            0.016185,
            0.014114000000000002,
            0.014870000000000005,
            0.018642,
            0.018723,
            0.014657000000000003,
            0.014664000000000003,
            0.005591
        ],
        [
            0.006419000000000001,
            0.006083000000000001,
            0.007015,
            0.007144,
            0.005044,
            0.005281,
            0.0,
            0.006978,
            0.005353999999999999,
            0.005359000000000001,
            0.0055379999999999995,
            0.005268999999999999,
            0.0055910000000000005,
            0.004284,
            0.006265,
            0.007036000000000001,
            0.006782,
            0.007018,
            0.008291,
            0.0104,
            0.009742,
            0.010402999999999999,
            0.010401,
            0.010081999999999999,
            0.014719,
            0.013732000000000001,
            0.010465,
            0.010215,
            0.013545999999999999,
            0.012042,
            0.011101,
            0.012580000000000001,
            0.013884,
            0.010561000000000001,
            0.016211,
            0.015347,
            0.015348,
            0.016730000000000002,
            0.014659000000000002,
            0.015415000000000002,
            0.019187,
            0.019268,
            0.015202,
            0.015209,
            0.006494
        ],
        [
            0.011050999999999998,
            0.010714999999999999,
            0.011646999999999998,
            0.011775999999999998,
            0.009675999999999999,
            0.009912999999999998,
            0.006978,
            0.0,
            0.004162000000000001,
            0.0041670000000000006,
            0.005,
            0.004731,
            0.005053,
            0.00458,
            0.010897,
            0.011668,
            0.011413999999999999,
            0.011649999999999999,
            0.012923,
            0.015031999999999998,
            0.014373999999999998,
            0.015035,
            0.015032999999999998,
            0.014713999999999998,
            0.019351,
            0.018364,
            0.015097,
            0.014846999999999999,
            0.018178,
            0.016673999999999998,
            0.015733,
            0.017212,
            0.018515999999999998,
            0.015192999999999998,
            0.020843,
            0.019979,
            0.01998,
            0.021362,
            0.019291,
            0.020047000000000002,
            0.023819,
            0.0239,
            0.019834,
            0.019841,
            0.011125999999999999
        ],
        [
            0.009427,
            0.009091,
            0.010023,
            0.010152,
            0.008052,
            0.008289,
            0.005353999999999999,
            0.004162000000000001,
            0.0,
            0.000349,
            0.003376,
            0.0031070000000000004,
            0.003429,
            0.0029560000000000003,
            0.009273,
            0.010044,
            0.00979,
            0.010026,
            0.011299,
            0.013408,
            0.01275,
            0.013411,
            0.013408999999999999,
            0.013089999999999997,
            0.017727,
            0.016739999999999998,
            0.013472999999999999,
            0.013222999999999999,
            0.016554,
            0.01505,
            0.014109,
            0.015588000000000001,
            0.016891999999999997,
            0.013569,
            0.019219,
            0.018355,
            0.018356,
            0.019738,
            0.017667000000000002,
            0.018423000000000002,
            0.022195,
            0.022276,
            0.01821,
            0.018217,
            0.009502
        ],
        [
            0.009432,
            0.009096,
            0.010028,
            0.010157,
            0.008057,
            0.008294,
            0.005359000000000001,
            0.0041670000000000006,
            0.000349,
            0.0,
            0.0033810000000000003,
            0.003112,
            0.0034340000000000004,
            0.002961,
            0.009278000000000002,
            0.010049,
            0.009795,
            0.010031,
            0.011304000000000002,
            0.013413,
            0.012754999999999999,
            0.013416,
            0.013413999999999999,
            0.013094999999999999,
            0.017732,
            0.016745,
            0.013478,
            0.013228,
            0.016559,
            0.015054999999999999,
            0.014114000000000002,
            0.015593000000000003,
            0.016897,
            0.013574,
            0.019224,
            0.01836,
            0.018361000000000002,
            0.019743,
            0.017672,
            0.018428000000000003,
            0.0222,
            0.022281000000000002,
            0.018215000000000002,
            0.018222000000000002,
            0.009507
        ],
        [
            0.009610999999999998,
            0.009274999999999999,
            0.010206999999999997,
            0.010335999999999998,
            0.008235999999999999,
            0.008472999999999998,
            0.0055379999999999995,
            0.005,
            0.003376,
            0.0033810000000000003,
            0.0,
            0.002107,
            0.003261,
            0.0031399999999999996,
            0.009457,
            0.010228,
            0.009973999999999998,
            0.010209999999999999,
            0.011483,
            0.013591999999999998,
            0.012933999999999998,
            0.013595,
            0.013592999999999997,
            0.013273999999999998,
            0.017911,
            0.016923999999999998,
            0.013656999999999999,
            0.013406999999999999,
            0.016738,
            0.015233999999999998,
            0.014293,
            0.015772,
            0.017075999999999997,
            0.013752999999999998,
            0.019403,
            0.018539,
            0.01854,
            0.019922,
            0.017851,
            0.018607000000000002,
            0.022379,
            0.02246,
            0.018394,
            0.018401,
            0.009685999999999998
        ],
        [
            0.009342,
            0.009006,
            0.009937999999999999,
            0.010067,
            0.007967,
            0.008204,
            0.005268999999999999,
            0.004731,
            0.0031070000000000004,
            0.003112,
            0.002107,
            0.0,
            0.002992,
            0.0028710000000000003,
            0.009188,
            0.009958999999999999,
            0.009704999999999998,
            0.009940999999999998,
            0.011214,
            0.013322999999999998,
            0.012665,
            0.013326,
            0.013323999999999999,
            0.013005,
            0.017641999999999998,
            0.016655,
            0.013388,
            0.013138,
            0.016468999999999998,
            0.014965,
            0.014024,
            0.015503000000000001,
            0.016807,
            0.013484,
            0.019133999999999998,
            0.01827,
            0.018271000000000003,
            0.019653,
            0.017582,
            0.018338,
            0.022109999999999998,
            0.022191000000000002,
            0.018125000000000002,
            0.018132000000000002,
            0.009417
        ],
        [
            0.009663999999999999,
            0.009328,
            0.010259999999999998,
            0.010388999999999999,
            0.008289,
            0.008525999999999999,
            0.0055910000000000005,
            0.005053,
            0.003429,
            0.0034340000000000004,
            0.003261,
            0.002992,
            0.0,
            0.0031929999999999997,
            0.009510000000000001,
            0.010281,
            0.010027,
            0.010263,
            0.011536000000000001,
            0.013645,
            0.012986999999999999,
            0.013648,
            0.013645999999999998,
            0.013326999999999999,
            0.017964,
            0.016977,
            0.01371,
            0.01346,
            0.016791,
            0.015286999999999999,
            0.014346000000000001,
            0.015825000000000002,
            0.017129,
            0.013805999999999999,
            0.019456,
            0.018592,
            0.018593000000000002,
            0.019975,
            0.017904,
            0.018660000000000003,
            0.022432,
            0.022513000000000002,
            0.018447,
            0.018454,
            0.009739
        ],
        [
            0.008357,
            0.008021,
            0.008953,
            0.009082,
            0.0069819999999999995,
            0.007219,
            0.004284,
            0.00458,
            0.0029560000000000003,
            0.002961,
            0.0031399999999999996,
            0.0028710000000000003,
            0.0031929999999999997,
            0.0,
            0.008203,
            0.008974,
            0.008719999999999999,
            0.008955999999999999,
            0.010229,
            0.012337999999999998,
            0.01168,
            0.012341,
            0.012339,
            0.01202,
            0.016656999999999998,
            0.01567,
            0.012403,
            0.012153,
            0.015484,
            0.01398,
            0.013039,
            0.014518000000000001,
            0.015822,
            0.012499,
            0.018149,
            0.017285000000000002,
            0.017286000000000003,
            0.018668,
            0.016597,
            0.017353,
            0.021124999999999998,
            0.021206000000000003,
            0.017140000000000002,
            0.017147000000000003,
            0.008432
        ],
        [
            0.009018,
            0.008682,
            0.009614000000000001,
            0.009743,
            0.007643,
            0.00788,
            0.006265,
            0.010897,
            0.009273,
            0.009278000000000002,
            0.009457,
            0.009188,
            0.009510000000000001,
            0.008203,
            0.0,
            0.009635000000000001,
            0.009381,
            0.009617,
            0.01089,
            0.012999,
            0.012341,
            0.013002,
            0.013,
            0.012680999999999998,
            0.017318,
            0.016331,
            0.013064,
            0.012813999999999999,
            0.016145,
            0.014641,
            0.0137,
            0.015179000000000002,
            0.016482999999999998,
            0.01316,
            0.01881,
            0.017946,
            0.017947,
            0.019329,
            0.017258000000000003,
            0.018014000000000002,
            0.021786,
            0.021867,
            0.017801,
            0.017808,
            0.009093
        ],
        [
            0.008945,
            0.008609,
            0.009541000000000001,
            0.009670000000000002,
            0.00757,
            0.007807000000000001,
            0.007036000000000001,
            0.011668,
            0.010044,
            0.010049,
            0.010228,
            0.009958999999999999,
            0.010281,
            0.008974,
            0.009635000000000001,
            0.0,
            0.003866,
            0.004102,
            0.0073750000000000005,
            0.012926,
            0.012268000000000001,
            0.012929,
            0.012927000000000001,
            0.012608,
            0.017245,
            0.016258,
            0.012991,
            0.012741,
            0.016072,
            0.014568000000000001,
            0.013627,
            0.015106000000000001,
            0.01641,
            0.013087000000000001,
            0.018737,
            0.017873,
            0.017874,
            0.019256000000000002,
            0.017185000000000002,
            0.017941000000000002,
            0.021713,
            0.021794,
            0.017728,
            0.017735,
            0.00902
        ],
        [
            0.008690999999999999,
            0.008355,
            0.009287,
            0.009416,
            0.007316,
            0.007553,
            0.006782,
            0.011413999999999999,
            0.00979,
            0.009795,
            0.009973999999999998,
            0.009704999999999998,
            0.010027,
            0.008719999999999999,
            0.009381,
            0.003866,
            0.0,
            0.0005780000000000001,
            0.007121000000000001,
            0.012672,
            0.012014,
            0.012674999999999999,
            0.012673,
            0.012353999999999999,
            0.016991,
            0.016004,
            0.012737,
            0.012487,
            0.015818,
            0.014314,
            0.013373,
            0.014852,
            0.016156,
            0.012833,
            0.018483,
            0.017619,
            0.01762,
            0.019002,
            0.016931,
            0.017687,
            0.021459,
            0.02154,
            0.017474,
            0.017481,
            0.008766
        ],
        [
            0.008927,
            0.008591,
            0.009523,
            0.009652,
            0.007552,
            0.007789,
            0.007018,
            0.011649999999999999,
            0.010026,
            0.010031,
            0.010209999999999999,
            0.009940999999999998,
            0.010263,
            0.008955999999999999,
            0.009617,
            0.004102,
            0.0005780000000000001,
            0.0,
            0.007357000000000001,
            0.012908,
            0.01225,
            0.012910999999999999,
            0.012909,
            0.012589999999999999,
            0.017227,
            0.01624,
            0.012973,
            0.012723,
            0.016054,
            0.01455,
            0.013609,
            0.015088,
            0.016392,
            0.013069,
            0.018719,
            0.017855,
            0.017856,
            0.019238,
            0.017167,
            0.017923,
            0.021695,
            0.021776,
            0.01771,
            0.017717,
            0.009002
        ],
        [
            0.010199999999999999,
            0.009864,
            0.010796,
            0.010924999999999999,
            0.008825,
            0.009062,
            0.008291,
            0.012923,
            0.011299,
            0.011304000000000002,
            0.011483,
            0.011214,
            0.011536000000000001,
            0.010229,
            0.01089,
            0.0073750000000000005,
            0.007121000000000001,
            0.007357000000000001,
            0.0,
            0.014181,
            0.013523,
            0.014184,
            0.014182,
            0.013863,
            0.018500000000000003,
            0.017513,
            0.014246000000000002,
            0.013996000000000001,
            0.017327000000000002,
            0.015823,
            0.014882000000000001,
            0.016361,
            0.017665,
            0.014342,
            0.019992000000000003,
            0.019128,
            0.019129,
            0.020511,
            0.01844,
            0.019196000000000005,
            0.022968000000000002,
            0.023049,
            0.018983,
            0.01899,
            0.010275000000000001
        ],
        [
            0.010993,
            0.010657,
            0.011588999999999999,
            0.011718,
            0.009618,
            0.009855,
            0.0104,
            0.015031999999999998,
            0.013408,
            0.013413,
            0.013591999999999998,
            0.013322999999999998,
            0.013645,
            0.012337999999999998,
            0.012999,
            0.012926,
            0.012672,
            0.012908,
            0.014181,
            0.0,
            0.0036940000000000002,
            0.004355,
            0.004353,
            0.004033999999999999,
            0.015479,
            0.014492,
            0.011225,
            0.010975,
            0.014306,
            0.012802000000000001,
            0.011861,
            0.013340000000000001,
            0.014643999999999999,
            0.011321000000000001,
            0.016971,
            0.016107,
            0.016108,
            0.01749,
            0.015419,
            0.016175000000000002,
            0.019947,
            0.020028,
            0.015962,
            0.015969,
            0.011068
        ],
        [
            0.010334999999999999,
            0.009999,
            0.010931,
            0.011059999999999999,
            0.00896,
            0.009197,
            0.009742,
            0.014373999999999998,
            0.01275,
            0.012754999999999999,
            0.012933999999999998,
            0.012665,
            0.012986999999999999,
            0.01168,
            0.012341,
            0.012268000000000001,
            0.012014,
            0.01225,
            0.013523,
            0.0036940000000000002,
            0.0,
            0.001013,
            0.001011,
            0.002524,
            0.014821,
            0.013833999999999999,
            0.010567,
            0.010317,
            0.013648,
            0.012144,
            0.011203000000000001,
            0.012682000000000002,
            0.013985999999999998,
            0.010663,
            0.016313,
            0.015449000000000001,
            0.015450000000000002,
            0.016832,
            0.014761,
            0.015517000000000003,
            0.019289,
            0.019370000000000002,
            0.015304000000000002,
            0.015311000000000002,
            0.01041
        ],
        [
            0.010996,
            0.010660000000000001,
            0.011592000000000002,
            0.011721,
            0.009621000000000001,
            0.009858000000000002,
            0.010402999999999999,
            0.015035,
            0.013411,
            0.013416,
            0.013595,
            0.013326,
            0.013648,
            0.012341,
            0.013002,
            0.012929,
            0.012674999999999999,
            0.012910999999999999,
            0.014184,
            0.004355,
            0.001013,
            0.0,
            0.00132,
            0.0031850000000000003,
            0.015482,
            0.014495000000000001,
            0.011228000000000002,
            0.010978000000000002,
            0.014308999999999999,
            0.012805,
            0.011864,
            0.013343,
            0.014647,
            0.011324,
            0.016974,
            0.01611,
            0.016111,
            0.017493,
            0.015422000000000002,
            0.016178,
            0.019950000000000002,
            0.020031,
            0.015965,
            0.015972,
            0.011071000000000001
        ],
        [
            0.010993999999999999,
            0.010657999999999999,
            0.01159,
            0.011718999999999999,
            0.009618999999999999,
            0.009856,
            0.010401,
            0.015032999999999998,
            0.013408999999999999,
            0.013413999999999999,
            0.013592999999999997,
            0.013323999999999999,
            0.013645999999999998,
            0.012339,
            0.013,
            0.012927000000000001,
            0.012673,
            0.012909,
            0.014182,
            0.004353,
            0.001011,
            0.00132,
            0.0,
            0.003183,
            0.01548,
            0.014492999999999999,
            0.011226,
            0.010976,
            0.014307,
            0.012803,
            0.011862000000000001,
            0.013341000000000002,
            0.014644999999999998,
            0.011322,
            0.016972,
            0.016108,
            0.016109000000000002,
            0.017491,
            0.01542,
            0.016176000000000003,
            0.019948,
            0.020029,
            0.015963,
            0.01597,
            0.011069
        ],
        [
            0.010674999999999999,
            0.010339,
            0.011271,
            0.011399999999999999,
            0.0093,
            0.009537,
            0.010081999999999999,
            0.014713999999999998,
            0.013089999999999997,
            0.013094999999999999,
            0.013273999999999998,
            0.013005,
            0.013326999999999999,
            0.01202,
            0.012680999999999998,
            0.012608,
            0.012353999999999999,
            0.012589999999999999,
            0.013863,
            0.004033999999999999,
            0.002524,
            0.0031850000000000003,
            0.003183,
            0.0,
            0.015160999999999999,
            0.014173999999999999,
            0.010907,
            0.010657,
            0.013987999999999999,
            0.012483999999999999,
            0.011543,
            0.013022,
            0.014325999999999998,
            0.011002999999999999,
            0.016653,
            0.015788999999999997,
            0.01579,
            0.017172,
            0.015101,
            0.015857000000000003,
            0.019629,
            0.01971,
            0.015643999999999998,
            0.015650999999999998,
            0.01075
        ],
        [
            0.015312000000000001,
            0.014976000000000001,
            0.015908000000000002,
            0.016037000000000003,
            0.013937000000000001,
            0.014174000000000003,
            0.014719,
            0.019351,
            0.017727,
            0.017732,
            0.017911,
            0.017641999999999998,
            0.017964,
            0.016656999999999998,
            0.017318,
            0.017245,
            0.016991,
            0.017227,
            0.018500000000000003,
            0.015479,
            0.014821,
            0.015482,
            0.01548,
            0.015160999999999999,
            0.0,
            0.001333,
            0.007966,
            0.007716000000000001,
            0.011851,
            0.010347,
            0.011584,
            0.013063000000000002,
            0.014367000000000001,
            0.011044,
            0.019556,
            0.018692,
            0.018693,
            0.020075000000000003,
            0.018004,
            0.018760000000000002,
            0.022532000000000003,
            0.022613,
            0.019361,
            0.019368,
            0.015387000000000001
        ],
        [
            0.014325,
            0.013989,
            0.014921,
            0.01505,
            0.01295,
            0.013187,
            0.013732000000000001,
            0.018364,
            0.016739999999999998,
            0.016745,
            0.016923999999999998,
            0.016655,
            0.016977,
            0.01567,
            0.016331,
            0.016258,
            0.016004,
            0.01624,
            0.017513,
            0.014492,
            0.013833999999999999,
            0.014495000000000001,
            0.014492999999999999,
            0.014173999999999999,
            0.001333,
            0.0,
            0.006979000000000001,
            0.006729000000000001,
            0.010864,
            0.00936,
            0.010596999999999999,
            0.012076,
            0.01338,
            0.010057,
            0.018569000000000002,
            0.017705,
            0.017706,
            0.019088,
            0.017017,
            0.017773000000000004,
            0.021545,
            0.021626,
            0.018374,
            0.018381,
            0.014400000000000001
        ],
        [
            0.011058,
            0.010722,
            0.011654000000000001,
            0.011783,
            0.009683,
            0.009920000000000002,
            0.010465,
            0.015097,
            0.013472999999999999,
            0.013478,
            0.013656999999999999,
            0.013388,
            0.01371,
            0.012403,
            0.013064,
            0.012991,
            0.012737,
            0.012973,
            0.014246000000000002,
            0.011225,
            0.010567,
            0.011228000000000002,
            0.011226,
            0.010907,
            0.007966,
            0.006979000000000001,
            0.0,
            0.00157,
            0.007597,
            0.0060929999999999995,
            0.00733,
            0.008809,
            0.010113,
            0.00679,
            0.015302,
            0.014438,
            0.014439,
            0.015821,
            0.013750000000000002,
            0.014506000000000002,
            0.018278000000000003,
            0.018359,
            0.015107,
            0.015114,
            0.011133
        ],
        [
            0.010808,
            0.010472,
            0.011404000000000001,
            0.011533,
            0.009433,
            0.009670000000000002,
            0.010215,
            0.014846999999999999,
            0.013222999999999999,
            0.013228,
            0.013406999999999999,
            0.013138,
            0.01346,
            0.012153,
            0.012813999999999999,
            0.012741,
            0.012487,
            0.012723,
            0.013996000000000001,
            0.010975,
            0.010317,
            0.010978000000000002,
            0.010976,
            0.010657,
            0.007716000000000001,
            0.006729000000000001,
            0.00157,
            0.0,
            0.007347,
            0.005843,
            0.0070799999999999995,
            0.008559,
            0.009863,
            0.00654,
            0.015052,
            0.014188,
            0.014189,
            0.015571000000000002,
            0.013500000000000002,
            0.014256000000000001,
            0.018028000000000002,
            0.018109,
            0.014857,
            0.014864,
            0.010883
        ],
        [
            0.014139,
            0.013803000000000001,
            0.014735000000000002,
            0.014864,
            0.012764000000000001,
            0.013001000000000002,
            0.013545999999999999,
            0.018178,
            0.016554,
            0.016559,
            0.016738,
            0.016468999999999998,
            0.016791,
            0.015484,
            0.016145,
            0.016072,
            0.015818,
            0.016054,
            0.017327000000000002,
            0.014306,
            0.013648,
            0.014308999999999999,
            0.014307,
            0.013987999999999999,
            0.011851,
            0.010864,
            0.007597,
            0.007347,
            0.0,
            0.004854,
            0.010411,
            0.011890000000000001,
            0.013194,
            0.009871,
            0.018383,
            0.017519,
            0.01752,
            0.018902000000000002,
            0.016831,
            0.017587000000000002,
            0.021359000000000003,
            0.02144,
            0.018188,
            0.018195,
            0.014214000000000001
        ],
        [
            0.012634999999999999,
            0.012299,
            0.013231,
            0.013359999999999999,
            0.01126,
            0.011497,
            0.012042,
            0.016673999999999998,
            0.01505,
            0.015054999999999999,
            0.015233999999999998,
            0.014965,
            0.015286999999999999,
            0.01398,
            0.014641,
            0.014568000000000001,
            0.014314,
            0.01455,
            0.015823,
            0.012802000000000001,
            0.012144,
            0.012805,
            0.012803,
            0.012483999999999999,
            0.010347,
            0.00936,
            0.0060929999999999995,
            0.005843,
            0.004854,
            0.0,
            0.008906999999999998,
            0.010386,
            0.011689999999999999,
            0.008367,
            0.016878999999999998,
            0.016015,
            0.016016000000000002,
            0.017398,
            0.015327,
            0.016083,
            0.019855,
            0.019936000000000002,
            0.016684,
            0.016691,
            0.01271
        ],
        [
            0.011694000000000001,
            0.011358000000000002,
            0.012290000000000002,
            0.012419000000000001,
            0.010319000000000002,
            0.010556000000000003,
            0.011101,
            0.015733,
            0.014109,
            0.014114000000000002,
            0.014293,
            0.014024,
            0.014346000000000001,
            0.013039,
            0.0137,
            0.013627,
            0.013373,
            0.013609,
            0.014882000000000001,
            0.011861,
            0.011203000000000001,
            0.011864,
            0.011862000000000001,
            0.011543,
            0.011584,
            0.010596999999999999,
            0.00733,
            0.0070799999999999995,
            0.010411,
            0.008906999999999998,
            0.0,
            0.006011,
            0.0073149999999999995,
            0.005384,
            0.015938,
            0.015074,
            0.015075000000000002,
            0.016457,
            0.014386,
            0.015142000000000003,
            0.018914,
            0.018995,
            0.015743,
            0.01575,
            0.011769000000000002
        ],
        [
            0.013173000000000002,
            0.012837000000000003,
            0.013769000000000003,
            0.013898000000000002,
            0.011798000000000003,
            0.012035000000000004,
            0.012580000000000001,
            0.017212,
            0.015588000000000001,
            0.015593000000000003,
            0.015772,
            0.015503000000000001,
            0.015825000000000002,
            0.014518000000000001,
            0.015179000000000002,
            0.015106000000000001,
            0.014852,
            0.015088,
            0.016361,
            0.013340000000000001,
            0.012682000000000002,
            0.013343,
            0.013341000000000002,
            0.013022,
            0.013063000000000002,
            0.012076,
            0.008809,
            0.008559,
            0.011890000000000001,
            0.010386,
            0.006011,
            0.0,
            0.007428000000000001,
            0.006863000000000001,
            0.017417000000000002,
            0.016553000000000002,
            0.016554000000000003,
            0.017936,
            0.015865,
            0.016621000000000004,
            0.020393,
            0.020474000000000003,
            0.017222,
            0.017229,
            0.013248000000000003
        ],
        [
            0.014476999999999999,
            0.014140999999999999,
            0.015073,
            0.015201999999999999,
            0.013101999999999999,
            0.013339,
            0.013884,
            0.018515999999999998,
            0.016891999999999997,
            0.016897,
