{
    "NEXUS_FILE_URL": "http://purl.org/phylo/treebase/phylows/study/TB2:S12768",
    "NEWICK_TREE": "(((1:0.07582299999999997,2:0.03733200000000003):0.18092399999999997,((3:0.12784099999999998,4:0.08583399999999997):0.0911479999999999,((((5:0.08002500000000001,(6:0.020845000000000002,7:0.06055999999999995):0.09349999999999992):0.03926099999999999,(8:0.03493900000000005,9:0.03146300000000002):0.05346699999999993,(10:0.003009999999999957,11:0.003087000000000062):0.08078399999999997):0.072994,(((12:0.044484999999999886,13:0.014014999999999889):0.05462300000000009,14:0.07776800000000006):0.02044800000000002,(15:0.15004400000000007,16:0.012318999999999969):0.027290000000000036):0.11111199999999988,((17:0.061226,18:0.11625700000000005):0.21114699999999997,(((19:0.006529000000000007,20:0.0033689999999999554):0.040522999999999976,21:0.005337999999999954):0.00997300000000001,22:0.007901000000000047):0.125371,(23:0.010859000000000063,(24:0.010052999999999979,25:0.009975999999999985):0.012580000000000036,26:0.03609400000000007):0.035479999999999956,((((27:0.07404199999999994,28:0.18081999999999998):0.08287499999999992,29:0.2993960000000001):0.03522400000000003,(((30:0.009427999999999992,31:0.01261599999999996):0.08962000000000003,32:0.231611):0.06494599999999995,33:0.14697800000000005):0.09327400000000008):0.056599999999999984,34:0.223101):0.559591):0.05160699999999996,(((((35:0.05794699999999997,36:0.027218000000000075):0.057242000000000015,37:0.015602000000000005):0.016803000000000012,38:0.03322500000000006):0.02239800000000003,(39:0.024280999999999997,40:0.0144979999999999):0.06588800000000006):0.03227000000000002,(41:0.08449099999999998,42:0.010606000000000004):0.024160999999999988):0.09808399999999995,(((43:0.03854499999999994,(44:0.03857100000000013,45:0.019082000000000043):0.013658999999999866):0.014010999999999996,46:0.013491999999999948):0.014403000000000055,47:0.008189000000000002):0.06675299999999995):0.05171999999999999,(48:0.12296799999999997,49:0.044219999999999926,(50:0.07345499999999983,((51:0.130282,52:0.0720050000000001):0.0324040000000001,((53:0.03084700000000007,54:0.006874000000000047):0.07048799999999988,(55:0.04697599999999991,56:0.07998400000000006):0.02860499999999999):0.033015999999999934):0.045429000000000164):0.020224999999999937):0.06596000000000002):0.07089100000000004):0.08219499999999991):0.3867525,57:0.3867525);",
    "DISTANCE_MATRIX": [
        [
            0,
            0.113155,
            0.5579309999999997,
            0.5159239999999997,
            0.6538329999999999,
            0.6881529999999998,
            0.7278679999999997,
            0.6229529999999999,
            0.6194769999999998,
            0.6183409999999998,
            0.6184179999999999,
            0.6922209999999998,
            0.6617509999999998,
            0.6708809999999998,
            0.7499989999999999,
            0.6122739999999998,
            0.7855329999999998,
            0.8405639999999999,
            0.6955559999999998,
            0.6923959999999998,
            0.6538419999999998,
            0.6464319999999999,
            0.5594989999999999,
            0.5712729999999998,
            0.5711959999999998,
            0.5847339999999999,
            1.3214919999999997,
            1.4282699999999995,
            1.463971,
            1.3866189999999996,
            1.3898069999999998,
            1.5191819999999998,
            1.3696029999999997,
            1.2958519999999996,
            0.7462969999999999,
            0.715568,
            0.6467099999999999,
            0.6475299999999999,
            0.6820759999999999,
            0.6722929999999998,
            0.6682889999999998,
            0.5944039999999998,
            0.5952649999999998,
            0.6089499999999999,
            0.5894609999999998,
            0.5562009999999998,
            0.5364949999999998,
            0.5987609999999999,
            0.5200129999999998,
            0.5694729999999997,
            0.7041330000000001,
            0.6458560000000002,
            0.6757979999999999,
            0.6518249999999999,
            0.6500439999999998,
            0.683052,
            1.030252
        ],
        [
            0.113155,
            0,
            0.5194399999999998,
            0.4774329999999998,
            0.615342,
            0.6496619999999999,
            0.6893769999999998,
            0.5844619999999999,
            0.5809859999999999,
            0.5798499999999999,
            0.579927,
            0.6537299999999998,
            0.6232599999999998,
            0.6323899999999999,
            0.7115079999999999,
            0.5737829999999998,
            0.7470419999999999,
            0.8020729999999999,
            0.6570649999999999,
            0.6539049999999998,
            0.6153509999999999,
            0.607941,
            0.5210079999999999,
            0.5327819999999999,
            0.5327049999999999,
            0.5462429999999999,
            1.2830009999999998,
            1.3897789999999997,
            1.42548,
            1.3481279999999998,
            1.351316,
            1.480691,
            1.3311119999999999,
            1.2573609999999997,
            0.7078059999999999,
            0.677077,
            0.608219,
            0.609039,
            0.643585,
            0.6338019999999999,
            0.6297979999999999,
            0.5559129999999999,
            0.5567739999999999,
            0.5704589999999999,
            0.5509699999999998,
            0.5177099999999999,
            0.4980039999999999,
            0.5602699999999999,
            0.4815219999999999,
            0.5309819999999997,
            0.6656420000000002,
            0.6073650000000003,
            0.637307,
            0.6133339999999999,
            0.6115529999999999,
            0.644561,
            0.9917610000000001
        ],
        [
            0.5579309999999997,
            0.5194399999999998,
            0,
            0.21367499999999995,
            0.5338799999999999,
            0.5681999999999998,
            0.6079149999999998,
            0.5029999999999999,
            0.49952399999999986,
            0.49838799999999983,
            0.49846499999999994,
            0.5722679999999998,
            0.5417979999999998,
            0.5509279999999999,
            0.6300459999999999,
            0.4923209999999998,
            0.6655799999999998,
            0.7206109999999999,
            0.5756029999999999,
            0.5724429999999998,
            0.5338889999999998,
            0.5264789999999999,
            0.4395459999999999,
            0.45131999999999983,
            0.45124299999999984,
            0.4647809999999999,
            1.2015389999999997,
            1.3083169999999997,
            1.344018,
            1.2666659999999998,
            1.2698539999999998,
            1.3992289999999998,
            1.24965,
            1.1758989999999998,
            0.6263439999999999,
            0.595615,
            0.5267569999999999,
            0.527577,
            0.5621229999999999,
            0.5523399999999998,
            0.5483359999999998,
            0.47445099999999985,
            0.47531199999999985,
            0.4889969999999999,
            0.4695079999999998,
            0.43624799999999986,
            0.41654199999999986,
            0.4788079999999999,
            0.40005999999999986,
            0.4495199999999997,
            0.5841800000000001,
            0.5259030000000002,
            0.5558449999999999,
            0.5318719999999999,
            0.5300909999999999,
            0.563099,
            1.0746889999999998
        ],
        [
            0.5159239999999997,
            0.4774329999999998,
            0.21367499999999995,
            0,
            0.4918729999999999,
            0.5261929999999998,
            0.5659079999999997,
            0.4609929999999999,
            0.45751699999999984,
            0.4563809999999998,
            0.4564579999999999,
            0.5302609999999998,
            0.49979099999999976,
            0.5089209999999998,
            0.5880389999999999,
            0.45031399999999977,
            0.6235729999999998,
            0.6786039999999999,
            0.5335959999999998,
            0.5304359999999998,
            0.4918819999999998,
            0.4844719999999999,
            0.39753899999999986,
            0.4093129999999998,
            0.4092359999999998,
            0.42277399999999987,
            1.1595319999999996,
            1.2663099999999998,
            1.3020109999999998,
            1.224659,
            1.2278469999999997,
            1.3572219999999997,
            1.207643,
            1.133892,
            0.5843369999999999,
            0.553608,
            0.4847499999999999,
            0.48556999999999995,
            0.5201159999999999,
            0.5103329999999998,
            0.5063289999999998,
            0.43244399999999983,
            0.43330499999999983,
            0.4469899999999999,
            0.4275009999999998,
            0.39424099999999984,
            0.37453499999999984,
            0.4368009999999999,
            0.35805299999999984,
            0.4075129999999997,
            0.5421730000000001,
            0.4838960000000002,
            0.5138379999999999,
            0.4898649999999999,
            0.48808399999999985,
            0.521092,
            1.0326819999999999
        ],
        [
            0.6538329999999999,
            0.615342,
            0.5338799999999999,
            0.4918729999999999,
            0,
            0.19436999999999993,
            0.23408499999999988,
            0.207692,
            0.20421599999999995,
            0.20307999999999993,
            0.20315700000000003,
            0.4229479999999999,
            0.3924779999999999,
            0.40160799999999997,
            0.480726,
            0.3430009999999999,
            0.5162599999999999,
            0.571291,
            0.42628299999999997,
            0.4231229999999999,
            0.38456899999999994,
            0.377159,
            0.290226,
            0.30199999999999994,
            0.30192299999999994,
            0.315461,
            1.0522189999999998,
            1.1589969999999998,
            1.194698,
            1.117346,
            1.120534,
            1.249909,
            1.10033,
            1.026579,
            0.477024,
            0.4462950000000001,
            0.377437,
            0.37825700000000007,
            0.41280300000000003,
            0.40301999999999993,
            0.3990159999999999,
            0.32513099999999995,
            0.32599199999999995,
            0.339677,
            0.3201879999999999,
            0.28692799999999996,
            0.26722199999999996,
            0.432928,
            0.35417999999999994,
            0.4036399999999998,
            0.5383000000000002,
            0.4800230000000003,
            0.509965,
            0.485992,
            0.48421099999999995,
            0.5172190000000001,
            1.170591
        ],
        [
            0.6881529999999998,
            0.6496619999999999,
            0.5681999999999998,
            0.5261929999999998,
            0.19436999999999993,
            0,
            0.08140499999999995,
            0.2420119999999999,
            0.23853599999999986,
            0.23739999999999983,
            0.23747699999999994,
            0.4572679999999998,
            0.4267979999999998,
            0.43592799999999987,
            0.5150459999999999,
            0.3773209999999998,
            0.5505799999999998,
            0.6056109999999999,
            0.4606029999999999,
            0.4574429999999998,
            0.41888899999999984,
            0.41147899999999993,
            0.3245459999999999,
            0.33631999999999984,
            0.33624299999999985,
            0.3497809999999999,
            1.0865389999999997,
            1.1933169999999997,
            1.229018,
            1.1516659999999999,
            1.1548539999999998,
            1.2842289999999998,
            1.13465,
            1.0608989999999998,
            0.5113439999999999,
            0.480615,
            0.41175699999999993,
            0.41257699999999997,
            0.44712299999999994,
            0.43733999999999984,
            0.43333599999999983,
            0.35945099999999985,
            0.36031199999999985,
            0.3739969999999999,
            0.3545079999999998,
            0.32124799999999987,
            0.30154199999999987,
            0.4672479999999999,
            0.38849999999999985,
            0.4379599999999997,
            0.5726200000000001,
            0.5143430000000002,
            0.5442849999999999,
            0.5203119999999999,
            0.5185309999999999,
            0.551539,
            1.2049109999999998
        ],
        [
            0.7278679999999997,
            0.6893769999999998,
            0.6079149999999998,
            0.5659079999999997,
            0.23408499999999988,
            0.08140499999999995,
            0,
            0.28172699999999984,
            0.2782509999999998,
            0.2771149999999998,
            0.2771919999999999,
            0.49698299999999973,
            0.46651299999999973,
            0.4756429999999998,
            0.5547609999999998,
            0.41703599999999974,
            0.5902949999999998,
            0.6453259999999998,
            0.5003179999999998,
            0.49715799999999977,
            0.4586039999999998,
            0.4511939999999999,
            0.36426099999999983,
            0.3760349999999998,
            0.3759579999999998,
            0.38949599999999984,
            1.1262539999999996,
            1.2330319999999997,
            1.2687329999999999,
            1.1913809999999998,
            1.1945689999999998,
            1.3239439999999998,
            1.1743649999999999,
            1.1006139999999998,
            0.5510589999999999,
            0.52033,
            0.4514719999999999,
            0.4522919999999999,
            0.4868379999999999,
            0.4770549999999998,
            0.4730509999999998,
            0.3991659999999998,
            0.4000269999999998,
            0.41371199999999986,
            0.39422299999999977,
            0.3609629999999998,
            0.3412569999999998,
            0.5069629999999998,
            0.4282149999999998,
            0.4776749999999996,
            0.6123350000000001,
            0.5540580000000002,
            0.5839999999999999,
            0.5600269999999998,
            0.5582459999999998,
            0.591254,
            1.2446259999999998
        ],
        [
            0.6229529999999999,
            0.5844619999999999,
            0.5029999999999999,
            0.4609929999999999,
            0.207692,
            0.2420119999999999,
            0.28172699999999984,
            0,
            0.06640200000000007,
            0.1721999999999999,
            0.172277,
            0.39206799999999986,
            0.36159799999999986,
            0.37072799999999995,
            0.44984599999999997,
            0.31212099999999987,
            0.4853799999999999,
            0.540411,
            0.39540299999999995,
            0.3922429999999999,
            0.3536889999999999,
            0.346279,
            0.25934599999999997,
            0.2711199999999999,
            0.2710429999999999,
            0.284581,
            1.0213389999999998,
            1.1281169999999998,
            1.163818,
            1.086466,
            1.089654,
            1.219029,
            1.06945,
            0.9956989999999999,
            0.446144,
            0.4154150000000001,
            0.346557,
            0.34737700000000005,
            0.381923,
            0.3721399999999999,
            0.3681359999999999,
            0.29425099999999993,
            0.29511199999999993,
            0.308797,
            0.2893079999999999,
            0.25604799999999994,
            0.23634199999999994,
            0.40204799999999996,
            0.3232999999999999,
            0.37275999999999976,
            0.5074200000000002,
            0.4491430000000003,
            0.479085,
            0.45511199999999996,
            0.45333099999999993,
            0.4863390000000001,
            1.139711
        ],
        [
            0.6194769999999998,
            0.5809859999999999,
            0.49952399999999986,
            0.45751699999999984,
            0.20421599999999995,
            0.23853599999999986,
            0.2782509999999998,
            0.06640200000000007,
            0,
            0.16872399999999987,
            0.16880099999999998,
            0.3885919999999998,
            0.35812199999999983,
            0.3672519999999999,
            0.44636999999999993,
            0.30864499999999984,
            0.4819039999999999,
            0.5369349999999999,
            0.3919269999999999,
            0.38876699999999986,
            0.3502129999999999,
            0.34280299999999997,
            0.25586999999999993,
            0.2676439999999999,
            0.2675669999999999,
            0.28110499999999994,
            1.0178629999999997,
            1.1246409999999998,
            1.160342,
            1.08299,
            1.0861779999999999,
            1.2155529999999999,
            1.065974,
            0.9922229999999999,
            0.44266799999999995,
            0.41193900000000006,
            0.34308099999999997,
            0.343901,
            0.378447,
            0.3686639999999999,
            0.3646599999999999,
            0.2907749999999999,
            0.2916359999999999,
            0.30532099999999995,
            0.28583199999999986,
            0.2525719999999999,
            0.2328659999999999,
            0.3985719999999999,
            0.3198239999999999,
            0.3692839999999997,
            0.5039440000000002,
            0.44566700000000026,
            0.47560899999999995,
            0.4516359999999999,
            0.4498549999999999,
            0.48286300000000004,
            1.1362349999999999
        ],
        [
            0.6183409999999998,
            0.5798499999999999,
            0.49838799999999983,
            0.4563809999999998,
            0.20307999999999993,
            0.23739999999999983,
            0.2771149999999998,
            0.1721999999999999,
            0.16872399999999987,
            0,
            0.006097000000000019,
            0.3874559999999998,
            0.3569859999999998,
            0.3661159999999999,
            0.4452339999999999,
            0.3075089999999998,
            0.48076799999999986,
            0.5357989999999999,
            0.3907909999999999,
            0.38763099999999984,
            0.34907699999999986,
            0.34166699999999994,
            0.2547339999999999,
            0.26650799999999986,
            0.26643099999999986,
            0.2799689999999999,
            1.0167269999999997,
            1.1235049999999998,
            1.159206,
            1.0818539999999999,
            1.0850419999999998,
            1.2144169999999999,
            1.064838,
            0.9910869999999998,
            0.4415319999999999,
            0.41080300000000003,
            0.34194499999999994,
            0.342765,
            0.37731099999999995,
            0.36752799999999985,
            0.36352399999999985,
            0.28963899999999987,
            0.29049999999999987,
            0.3041849999999999,
            0.28469599999999984,
            0.2514359999999999,
            0.23172999999999988,
            0.3974359999999999,
            0.31868799999999986,
            0.3681479999999997,
            0.5028080000000001,
            0.44453100000000023,
            0.4744729999999999,
            0.4504999999999999,
            0.44871899999999987,
            0.481727,
            1.1350989999999999
        ],
        [
            0.6184179999999999,
            0.579927,
            0.49846499999999994,
            0.4564579999999999,
            0.20315700000000003,
            0.23747699999999994,
            0.2771919999999999,
            0.172277,
            0.16880099999999998,
            0.006097000000000019,
            0,
            0.3875329999999999,
            0.3570629999999999,
            0.366193,
            0.445311,
            0.3075859999999999,
            0.48084499999999997,
            0.535876,
            0.390868,
            0.38770799999999994,
            0.34915399999999996,
            0.34174400000000005,
            0.254811,
            0.26658499999999996,
            0.26650799999999997,
            0.280046,
            1.0168039999999998,
            1.1235819999999999,
            1.159283,
            1.081931,
            1.085119,
            1.214494,
            1.064915,
            0.9911639999999999,
            0.44160900000000003,
            0.41088000000000013,
            0.34202200000000005,
            0.3428420000000001,
            0.37738800000000006,
            0.36760499999999996,
            0.36360099999999995,
            0.289716,
            0.290577,
            0.30426200000000003,
            0.28477299999999994,
            0.251513,
            0.23180699999999999,
            0.397513,
            0.31876499999999997,
            0.3682249999999998,
            0.5028850000000002,
            0.44460800000000034,
            0.47455,
            0.450577,
            0.448796,
            0.4818040000000001,
            1.135176
        ],
        [
            0.6922209999999998,
            0.6537299999999998,
            0.5722679999999998,
            0.5302609999999998,
            0.4229479999999999,
            0.4572679999999998,
            0.49698299999999973,
            0.39206799999999986,
            0.3885919999999998,
            0.3874559999999998,
            0.3875329999999999,
            0,
            0.058499999999999774,
            0.17687600000000003,
            0.2968900000000001,
            0.159165,
            0.5546479999999998,
            0.6096789999999999,
            0.46467099999999983,
            0.4615109999999998,
            0.4229569999999998,
            0.4155469999999999,
            0.32861399999999985,
            0.3403879999999998,
            0.3403109999999998,
            0.35384899999999986,
            1.0906069999999997,
            1.1973849999999997,
            1.233086,
            1.1557339999999998,
            1.1589219999999998,
            1.2882969999999998,
            1.138718,
            1.0649669999999998,
            0.5154119999999999,
            0.484683,
            0.4158249999999999,
            0.41664499999999993,
            0.4511909999999999,
            0.4414079999999998,
            0.4374039999999998,
            0.3635189999999998,
            0.3643799999999998,
            0.3780649999999999,
            0.3585759999999998,
            0.3253159999999998,
            0.3056099999999998,
            0.47131599999999985,
            0.3925679999999998,
            0.44202799999999964,
            0.5766880000000001,
            0.5184110000000002,
            0.5483529999999999,
            0.5243799999999998,
            0.5225989999999998,
            0.555607,
            1.2089789999999998
        ],
        [
            0.6617509999999998,
            0.6232599999999998,
            0.5417979999999998,
            0.49979099999999976,
            0.3924779999999999,
            0.4267979999999998,
            0.46651299999999973,
            0.36159799999999986,
            0.35812199999999983,
            0.3569859999999998,
            0.3570629999999999,
            0.058499999999999774,
            0,
            0.14640600000000004,
            0.2664200000000001,
            0.128695,
            0.5241779999999998,
            0.5792089999999999,
            0.43420099999999984,
            0.4310409999999998,
            0.3924869999999998,
            0.3850769999999999,
            0.29814399999999985,
            0.3099179999999998,
            0.3098409999999998,
            0.32337899999999986,
            1.0601369999999997,
            1.1669149999999997,
            1.202616,
            1.1252639999999998,
            1.1284519999999998,
            1.2578269999999998,
            1.108248,
            1.0344969999999998,
            0.4849419999999999,
            0.454213,
            0.3853549999999999,
            0.38617499999999993,
            0.4207209999999999,
            0.4109379999999998,
            0.4069339999999998,
            0.3330489999999998,
            0.3339099999999998,
            0.3475949999999999,
            0.3281059999999998,
            0.29484599999999983,
            0.27513999999999983,
            0.44084599999999985,
            0.3620979999999998,
            0.41155799999999965,
            0.5462180000000001,
            0.4879410000000002,
            0.5178829999999999,
            0.49390999999999985,
            0.4921289999999998,
            0.525137,
            1.1785089999999998
        ],
        [
            0.6708809999999998,
            0.6323899999999999,
            0.5509279999999999,
            0.5089209999999998,
            0.40160799999999997,
            0.43592799999999987,
            0.4756429999999998,
            0.37072799999999995,
            0.3672519999999999,
            0.3661159999999999,
            0.366193,
            0.17687600000000003,
            0.14640600000000004,
            0,
            0.2755500000000002,
            0.1378250000000001,
            0.5333079999999999,
            0.588339,
            0.4433309999999999,
            0.44017099999999987,
            0.4016169999999999,
            0.394207,
            0.30727399999999994,
            0.3190479999999999,
            0.3189709999999999,
            0.33250899999999994,
            1.0692669999999997,
            1.1760449999999998,
            1.211746,
            1.134394,
            1.1375819999999999,
            1.2669569999999999,
            1.117378,
            1.0436269999999999,
            0.49407199999999996,
            0.46334300000000006,
            0.394485,
            0.395305,
            0.429851,
            0.4200679999999999,
            0.4160639999999999,
            0.3421789999999999,
            0.3430399999999999,
            0.35672499999999996,
            0.33723599999999987,
            0.3039759999999999,
            0.2842699999999999,
            0.44997599999999993,
            0.3712279999999999,
            0.42068799999999973,
            0.5553480000000002,
            0.49707100000000026,
            0.527013,
            0.5030399999999999,
            0.5012589999999999,
            0.534267,
            1.187639
        ],
        [
            0.7499989999999999,
            0.7115079999999999,
            0.6300459999999999,
            0.5880389999999999,
            0.480726,
            0.5150459999999999,
            0.5547609999999998,
            0.44984599999999997,
            0.44636999999999993,
            0.4452339999999999,
            0.445311,
            0.2968900000000001,
            0.2664200000000001,
            0.2755500000000002,
            0,
            0.16236300000000004,
            0.6124259999999999,
            0.667457,
            0.5224489999999999,
            0.5192889999999999,
            0.4807349999999999,
            0.473325,
            0.38639199999999996,
            0.3981659999999999,
            0.3980889999999999,
            0.41162699999999997,
            1.1483849999999998,
            1.2551629999999998,
            1.290864,
            1.213512,
            1.2167,
            1.346075,
            1.196496,
            1.1227449999999999,
            0.57319,
            0.5424610000000001,
            0.473603,
            0.47442300000000004,
            0.508969,
            0.4991859999999999,
            0.4951819999999999,
            0.4212969999999999,
            0.4221579999999999,
            0.435843,
            0.4163539999999999,
            0.38309399999999993,
            0.36338799999999993,
            0.529094,
            0.4503459999999999,
            0.49980599999999975,
            0.6344660000000002,
            0.5761890000000003,
            0.606131,
            0.582158,
            0.5803769999999999,
            0.6133850000000001,
            1.266757
        ],
        [
            0.6122739999999998,
            0.5737829999999998,
            0.4923209999999998,
            0.45031399999999977,
            0.3430009999999999,
            0.3773209999999998,
            0.41703599999999974,
            0.31212099999999987,
            0.30864499999999984,
            0.3075089999999998,
            0.3075859999999999,
            0.159165,
            0.128695,
            0.1378250000000001,
            0.16236300000000004,
            0,
            0.4747009999999998,
            0.5297319999999999,
            0.38472399999999984,
            0.3815639999999998,
            0.3430099999999998,
            0.3355999999999999,
            0.24866699999999986,
            0.2604409999999998,
            0.2603639999999998,
            0.27390199999999987,
            1.0106599999999997,
            1.1174379999999997,
            1.153139,
            1.0757869999999998,
            1.0789749999999998,
            1.2083499999999998,
            1.058771,
            0.9850199999999998,
            0.4354649999999999,
            0.404736,
            0.3358779999999999,
            0.33669799999999994,
            0.3712439999999999,
            0.3614609999999998,
            0.3574569999999998,
            0.2835719999999998,
            0.2844329999999998,
            0.2981179999999999,
            0.2786289999999998,
            0.24536899999999984,
            0.22566299999999984,
            0.39136899999999986,
            0.3126209999999998,
            0.36208099999999965,
            0.4967410000000001,
            0.4384640000000002,
            0.4684059999999999,
            0.44443299999999986,
            0.4426519999999998,
            0.47565999999999997,
            1.1290319999999998
        ],
        [
            0.7855329999999998,
            0.7470419999999999,
            0.6655799999999998,
            0.6235729999999998,
            0.5162599999999999,
            0.5505799999999998,
            0.5902949999999998,
            0.4853799999999999,
            0.4819039999999999,
            0.48076799999999986,
            0.48084499999999997,
            0.5546479999999998,
            0.5241779999999998,
            0.5333079999999999,
            0.6124259999999999,
            0.4747009999999998,
            0,
            0.17748300000000006,
            0.454769,
            0.4516089999999999,
            0.41305499999999995,
            0.40564500000000003,
            0.318712,
            0.33048599999999995,
            0.33040899999999995,
            0.343947,
            1.0807049999999998,
            1.1874829999999998,
            1.223184,
            1.145832,
            1.14902,
            1.278395,
            1.128816,
            1.055065,
            0.6087239999999999,
            0.577995,
            0.509137,
            0.509957,
            0.544503,
            0.5347199999999999,
            0.5307159999999999,
            0.4568309999999999,
            0.4576919999999999,
            0.47137699999999993,
            0.45188799999999985,
            0.4186279999999999,
            0.3989219999999999,
            0.5646279999999999,
            0.48587999999999987,
            0.5353399999999997,
            0.6700000000000002,
            0.6117230000000002,
            0.6416649999999999,
            0.6176919999999999,
            0.6159109999999999,
            0.648919,
            1.3022909999999999
        ],
        [
            0.8405639999999999,
            0.8020729999999999,
            0.7206109999999999,
            0.6786039999999999,
            0.571291,
            0.6056109999999999,
            0.6453259999999998,
            0.540411,
            0.5369349999999999,
            0.5357989999999999,
            0.535876,
            0.6096789999999999,
            0.5792089999999999,
            0.588339,
            0.667457,
            0.5297319999999999,
            0.17748300000000006,
            0,
            0.5098,
            0.50664,
            0.468086,
            0.4606760000000001,
            0.37374300000000005,
            0.385517,
            0.38544,
            0.39897800000000005,
            1.1357359999999999,
            1.242514,
            1.278215,
            1.200863,
            1.204051,
            1.333426,
            1.183847,
            1.110096,
            0.663755,
            0.6330260000000001,
            0.564168,
            0.564988,
            0.599534,
            0.5897509999999999,
            0.5857469999999999,
            0.5118619999999999,
            0.5127229999999999,
            0.526408,
            0.5069189999999999,
            0.47365899999999994,
            0.45395299999999994,
            0.619659,
            0.5409109999999999,
            0.5903709999999998,
            0.7250310000000002,
            0.6667540000000003,
            0.696696,
            0.672723,
            0.6709419999999999,
            0.7039500000000001,
            1.357322
        ],
        [
            0.6955559999999998,
            0.6570649999999999,
            0.5756029999999999,
            0.5335959999999998,
            0.42628299999999997,
            0.4606029999999999,
            0.5003179999999998,
            0.39540299999999995,
            0.3919269999999999,
            0.3907909999999999,
            0.390868,
            0.46467099999999983,
            0.43420099999999984,
            0.4433309999999999,
            0.5224489999999999,
            0.38472399999999984,
            0.454769,
            0.5098,
            0,
            0.009897999999999962,
            0.05238999999999994,
            0.06492600000000004,
            0.22873500000000002,
            0.24050899999999997,
            0.24043199999999998,
            0.25397000000000003,
            0.9907279999999998,
            1.0975059999999999,
            1.133207,
            1.055855,
            1.059043,
            1.188418,
            1.038839,
            0.965088,
            0.518747,
            0.48801800000000006,
            0.41916,
            0.41998,
            0.454526,
            0.4447429999999999,
            0.4407389999999999,
            0.3668539999999999,
            0.3677149999999999,
            0.38139999999999996,
            0.36191099999999987,
            0.3286509999999999,
            0.3089449999999999,
            0.47465099999999993,
            0.3959029999999999,
            0.44536299999999973,
            0.5800230000000002,
            0.5217460000000003,
            0.551688,
            0.5277149999999999,
            0.5259339999999999,
            0.558942,
            1.212314
        ],
        [
            0.6923959999999998,
            0.6539049999999998,
            0.5724429999999998,
            0.5304359999999998,
            0.4231229999999999,
            0.4574429999999998,
            0.49715799999999977,
            0.3922429999999999,
            0.38876699999999986,
            0.38763099999999984,
            0.38770799999999994,
            0.4615109999999998,
            0.4310409999999998,
            0.44017099999999987,
            0.5192889999999999,
            0.3815639999999998,
            0.4516089999999999,
            0.50664,
            0.009897999999999962,
            0,
            0.049229999999999885,
            0.06176599999999999,
            0.22557499999999997,
            0.23734899999999992,
            0.23727199999999993,
            0.25081,
            0.9875679999999998,
            1.0943459999999998,
            1.130047,
            1.052695,
            1.055883,
            1.185258,
            1.035679,
            0.9619279999999999,
            0.5155869999999999,
            0.484858,
            0.4159999999999999,
            0.41681999999999997,
            0.45136599999999993,
            0.44158299999999984,
            0.43757899999999983,
            0.36369399999999985,
            0.36455499999999985,
            0.3782399999999999,
            0.3587509999999998,
            0.32549099999999986,
            0.30578499999999986,
            0.4714909999999999,
            0.39274299999999984,
            0.4422029999999997,
            0.5768630000000001,
            0.5185860000000002,
            0.5485279999999999,
            0.5245549999999999,
            0.5227739999999998,
            0.555782,
            1.2091539999999998
        ],
        [
            0.6538419999999998,
            0.6153509999999999,
            0.5338889999999998,
            0.4918819999999998,
            0.38456899999999994,
            0.41888899999999984,
            0.4586039999999998,
            0.3536889999999999,
            0.3502129999999999,
            0.34907699999999986,
            0.34915399999999996,
            0.4229569999999998,
            0.3924869999999998,
            0.4016169999999999,
            0.4807349999999999,
            0.3430099999999998,
            0.41305499999999995,
            0.468086,
            0.05238999999999994,
            0.049229999999999885,
            0,
            0.02321200000000001,
            0.187021,
            0.19879499999999994,
            0.19871799999999995,
            0.212256,
            0.9490139999999998,
            1.0557919999999998,
            1.091493,
            1.014141,
            1.017329,
            1.146704,
            0.997125,
            0.9233739999999999,
            0.47703299999999993,
            0.44630400000000003,
            0.37744599999999995,
            0.378266,
            0.41281199999999996,
            0.40302899999999986,
            0.39902499999999985,
            0.3251399999999999,
            0.3260009999999999,
            0.33968599999999993,
            0.32019699999999984,
            0.2869369999999999,
            0.2672309999999999,
            0.4329369999999999,
            0.35418899999999987,
            0.4036489999999997,
            0.5383090000000001,
            0.48003200000000024,
            0.5099739999999999,
            0.4860009999999999,
            0.4842199999999999,
            0.517228,
            1.1705999999999999
        ],
        [
            0.6464319999999999,
            0.607941,
            0.5264789999999999,
            0.4844719999999999,
            0.377159,
            0.41147899999999993,
            0.4511939999999999,
            0.346279,
            0.34280299999999997,
            0.34166699999999994,
            0.34174400000000005,
            0.4155469999999999,
            0.3850769999999999,
            0.394207,
            0.473325,
            0.3355999999999999,
            0.40564500000000003,
            0.4606760000000001,
            0.06492600000000004,
            0.06176599999999999,
            0.02321200000000001,
            0,
            0.17961100000000008,
            0.19138500000000003,
            0.19130800000000003,
            0.20484600000000008,
            0.9416039999999999,
            1.048382,
            1.0840830000000001,
            1.006731,
            1.009919,
            1.139294,
            0.9897150000000001,
            0.915964,
            0.469623,
            0.4388940000000001,
            0.37003600000000003,
            0.3708560000000001,
