{
    "NEXUS_FILE_URL": "http://purl.org/phylo/treebase/phylows/study/TB2:S15730",
    "NEWICK_TREE": "((41:0.2295982779723565,42:0.4123956023548579):0.24742911533835016,(43:0.7114588279313471,(((4:0.003523778392702596,5:0.001609493419778578):0.4045219688645985,(39:0.2126452943537488,(6:0.003182256009488767,33:0.01327693503739803):0.09569250955633198):0.2808214307959694):0.1347420041259397,(49:0.2815382938159612,((3:0.1038557117556482,17:0.1538690351179081):0.117016132502963,(35:0.1548846300045036,37:0.2234861351661924):0.1724037958815821,((19:0.001287494875413665,76:9.386992311570443E-4):0.05095141844516851,(((8:0.0510786421257807,65:0.002558228368940733):0.03641954118666711,(70:0.004373226783676231,71:0.002635006312754084):0.03035861101526922):0.04574391485976647,((72:0.01502986983608667,73:0.002666275258537853):0.01919257183539121,(25:0.1091164116752473,(74:9.260523570869165E-4,75:0.01587914354209094):0.04848608915711825):0.006179588008112078):0.01641706510500671):0.01332941954012455):0.2097765723835159,(14:0.2004938509598501,(((68:0.002972338926991753,78:0.00120806925856729):0.08869049557298544,(54:0.1105815324400999,(7:0.0940581379064673,31:0.04698393417185158):0.09114565562765226):0.01929003284771553):0.06241955105914842,((38:0.007140682396949076,(64:0.006126977999341148,(80:0.007334476888856491,81:0.002382624979957971):0.03264066590694271):0.009970597240753679):0.2106264659535527,((16:0.03121104972162516,(51:0.005569611942588482,52:0.006908300920113013):0.005090027280170037):0.1217826705014596,((18:0.0307671515960832,79:0.09088530244027164):0.08418020308637504,((10:0.001437781873263002,12:0.001371756055917942,(2:0.001523147480747009,11:0.007254801991291284):0.01274690424953744):0.07371536187129776,(77:0.001512630299981904,(9:0.003840430480419728,34:0.003682960406878094,(1:0.01615345906953922,30:0.01311244985502656):0.01728720278550901):0.007575900706013047):0.04358321257612006):0.04638137528346459):0.1861050983663866):0.03136025422049869):0.0461584847513213):0.07154245527875046):0.3673822605668831,((46:0.001888664864582058,(45:0.01687784309493531,47:0.03642237297641301):0.0098741603719525):0.05362294908531494,(((13:0.02709786112819606,(15:0.002769863451782493,48:0.002459934788639922):0.03582920076340081):0.06479859856108343,(69:0.1175527976632324,(36:0.1584640127080459,40:0.222844797038919):0.05572238507294821,(55:0.01562525778634599,(44:0.01391135814827853,53:0.02296939526488329,(50:0.0421056546772769,66:0.03982667721126912):0.008329966872239764):0.01415181380187624):0.2224402202798305):0.01946037762775225):0.02230230114344128,((20:0.04419153708898788,26:0.08144883423650649):0.05419175789674598,(22:0.001151820143084973,63:0.001215792394125088):0.1076266623734434,(56:0.06132223693374312,(57:0.1116816849238562,61:0.01917272641233373):0.1261228207055183):0.09754045293189549,(((58:0.04412242909896596,60:0.08588793202937896):0.0120194457221482,((21:0.02475363214220937,27:0.09287457376771549):0.06436561973817358,(59:0.06445452251673953,67:0.060501754115583):0.1041756824076379):0.01138180606453344):0.07342970476702824,(32:0.07554968424390456,(62:0.03297203273077958,((23:0.008077469629262663,24:0.002438055036786795):0.009875391577476366,(28:0.06617317562026574,29:0.02053543934870041):0.0171262555944055):0.04958195541746865):0.04384195664580261):0.01591811716521209):0.02050667867146738):0.1196770047225254):0.05982964785776587):0.1169775944413305):0.1032737190776329):0.2479316014951172):0.537350625827468):0.24742911533835016);",
    "DISTANCE_MATRIX": [
        [
            0,
            0.6419938803272144,
            1.435915336580404,
            1.8045948858597654,
            1.8026806008868412,
            1.8900158637521827,
            1.7762453349642544,
            1.786340013992164,
            1.791277029787603,
            1.8338842993078859,
            1.8838976226701458,
            1.9403008809353604,
            2.0089023860970494,
            1.8750279407533728,
            1.8746791451091163,
            1.9693605451451295,
            1.9208401313882897,
            1.9165941996316271,
            1.9148559791607052,
            1.8867579537493997,
            1.874394359171851,
            1.9678315117612812,
            1.9081272416002393,
            1.923080332785243,
            2.180888566576008,
            2.206019556454034,
            2.2042552867856093,
            2.244228287241872,
            2.3188505483358917,
            2.271776344601276,
            2.3158628039967315,
            2.324819696839877,
            2.3586678616363352,
            2.3537160097274366,
            2.282449630089813,
            2.2618982195909463,
            2.263236908568471,
            2.4305083629155733,
            2.490626513759762,
            2.4370955272611403,
            2.4370295014437953,
            2.449927797118162,
            2.455659451628706,
            2.4070382263926815,
            2.416941927279132,
            2.4167844572055905,
            2.446542158653761,
            2.443501149439248,
            1.785501663440502,
            1.8103650020428081,
            1.8299095319242857,
            1.904018458181092,
            1.9155196612680792,
            1.9152097326049367,
            1.949135173782797,
            2.0457687739005586,
            2.110149558231432,
            2.069647854185741,
            2.08208576834955,
            2.091143805466155,
            2.118610031750788,
            2.1163310542847804,
            2.0078799970566306,
            2.045137294204149,
            2.018275184587425,
            2.018339156838465,
            2.0683593919365353,
            2.2448416606321664,
            2.152332702120644,
            2.0595749603305062,
            2.1013404632609194,
            2.1039341434543086,
            2.1720550850798146,
            2.183445096498303,
            2.1794923280971465,
            2.0214711821514806,
            2.0227354872841583,
            2.0572982711775865,
            2.0516588565851106,
            2.1226448411855183,
            2.077007104913953
        ],
        [
            0.6419938803272144,
            0,
            1.6187126609629052,
            1.987392210242267,
            1.9854779252693429,
            2.072813188134684,
            1.959042659346756,
            1.969137338374665,
            1.9740743541701047,
            2.0166816236903875,
            2.0666949470526474,
            2.123098205317862,
            2.1916997104795506,
            2.0578252651358744,
            2.057476469491618,
            2.152157869527631,
            2.103637455770791,
            2.0993915240141288,
            2.0976533035432063,
            2.0695552781319013,
            2.0571916835543527,
            2.150628836143783,
            2.0909245659827405,
            2.1058776571677447,
            2.3636858909585095,
            2.3888168808365355,
            2.387052611168111,
            2.427025611624374,
            2.5016478727183933,
            2.4545736689837776,
            2.498660128379233,
            2.5076170212223787,
            2.541465186018837,
            2.536513334109938,
            2.4652469544723146,
            2.444695543973448,
            2.4460342329509728,
            2.613305687298075,
            2.6734238381422633,
            2.619892851643642,
            2.619826825826297,
            2.6327251215006635,
            2.6384567760112074,
            2.589835550775183,
            2.5997392516616338,
            2.599581781588092,
            2.6293394830362624,
            2.6262984738217496,
            1.9682989878230037,
            1.9931623264253093,
            2.0127068563067874,
            2.0868157825635936,
            2.098316985650581,
            2.0980070569874383,
            2.1319324981652987,
            2.22856609828306,
            2.292946882613933,
            2.2524451785682427,
            2.2648830927320516,
            2.273941129848656,
            2.3014073561332897,
            2.2991283786672816,
            2.1906773214391317,
            2.2279346185866507,
            2.2010725089699266,
            2.2011364812209666,
            2.2511567163190365,
            2.427638985014668,
            2.3351300265031454,
            2.242372284713008,
            2.284137787643421,
            2.2867314678368102,
            2.354852409462316,
            2.3662424208808046,
            2.362289652479648,
            2.204268506533982,
            2.2055328116666595,
            2.2400955955600876,
            2.234456180967612,
            2.30544216556802,
            2.2598044292964548
        ],
        [
            1.435915336580404,
            1.6187126609629052,
            0,
            1.7915972051420557,
            1.7896829201691316,
            1.877018183034473,
            1.7632476542465447,
            1.7733423332744542,
            1.7782793490698934,
            1.8208866185901762,
            1.8708999419524361,
            1.9273032002176507,
            1.9959047053793397,
            1.862030260035663,
            1.8616814643914066,
            1.9563628644274198,
            1.90784245067058,
            1.9035965189139175,
            1.9018582984429955,
            1.87376027303169,
            1.8613966784541414,
            1.9548338310435716,
            1.8951295608825296,
            1.9100826520675334,
            2.167890885858298,
            2.1930218757363242,
            2.1912576060678997,
            2.2312306065241625,
            2.305852867618182,
            2.2587786638835663,
            2.302865123279022,
            2.3118220161221674,
            2.3456701809186256,
            2.340718329009727,
            2.2694519493721033,
            2.2489005388732366,
            2.2502392278507615,
            2.4175106821978636,
            2.477628833042052,
            2.4240978465434306,
            2.4240318207260856,
            2.436930116400452,
            2.442661770910996,
            2.394040545674972,
            2.4039442465614225,
            2.403786776487881,
            2.433544477936051,
            2.4305034687215383,
            1.7725039827227924,
            1.7973673213250985,
            1.816911851206576,
            1.8910207774633823,
            1.9025219805503695,
            1.902212051887227,
            1.9361374930650874,
            2.032771093182849,
            2.0971518775137223,
            2.0566501734680314,
            2.0690880876318403,
            2.078146124748445,
            2.1056123510330784,
            2.1033333735670707,
            1.9948823163389209,
            2.0321396134864393,
            2.0052775038697153,
            2.0053414761207553,
            2.0553617112188256,
            2.2318439799144567,
            2.1393350214029345,
            2.0465772796127966,
            2.0883427825432097,
            2.090936462736599,
            2.159057404362105,
            2.1704474157805933,
            2.166494647379437,
            2.008473501433771,
            2.0097378065664486,
            2.0443005904598768,
            2.038661175867401,
            2.1096471604678086,
            2.0640094241962434
        ],
        [
            1.8045948858597654,
            1.987392210242267,
            1.7915972051420557,
            0,
            0.005133271812481174,
            0.9015124724070193,
            0.7877419436190912,
            0.7978366226470004,
            1.072257646694319,
            1.114864916214602,
            1.164878239576862,
            1.2212814978420765,
            1.2898830030037653,
            1.156008557660089,
            1.1556597620158322,
            1.2503411620518454,
            1.2018207482950056,
            1.197574816538343,
            1.195836596067421,
            1.1677385706561159,
            1.155374976078567,
            1.2488121286679974,
            1.1891078585069552,
            1.2040609496919594,
            1.4618691834827242,
            1.48700017336075,
            1.4852359036923257,
            1.5252089041485881,
            1.599831165242608,
            1.5527569615079924,
            1.5968434209034474,
            1.6058003137465935,
            1.6396484785430512,
            1.634696626634153,
            1.5634302469965293,
            1.5428788364976627,
            1.544217525475187,
            1.7114889798222892,
            1.7716071306664776,
            1.7180761441678563,
            1.7180101183505112,
            1.7309084140248778,
            1.7366400685354222,
            1.6880188432993974,
            1.6979225441858485,
            1.697765074112307,
            1.7275227755604772,
            1.7244817663459644,
            1.0664822803472185,
            1.091345618949524,
            1.1108901488310017,
            1.1849990750878079,
            1.196500278174795,
            1.1961903495116526,
            1.230115790689513,
            1.326749390807275,
            1.391130175138148,
            1.3506284710924572,
            1.3630663852562659,
            1.3721244223728708,
            1.399590648657504,
            1.3973116711914964,
            1.2888606139633465,
            1.326117911110865,
            1.2992558014941409,
            1.2993197737451812,
            1.3493400088432512,
            1.5258222775388828,
            1.4333133190273601,
            1.3405555772372224,
            1.3823210801676353,
            1.3849147603610246,
            1.4530357019865308,
            1.4644257134050191,
            1.4604729450038625,
            1.3024517990581965,
            1.3037161041908742,
            1.3382788880843024,
            1.3326394734918265,
            1.4036254580922347,
            1.3579877218206693
        ],
        [
            1.8026806008868412,
            1.9854779252693429,
            1.7896829201691316,
            0.005133271812481174,
            0,
            0.8995981874340953,
            0.7858276586461672,
            0.7959223376740765,
            1.070343361721395,
            1.1129506312416781,
            1.162963954603938,
            1.2193672128691526,
            1.2879687180308412,
            1.154094272687165,
            1.1537454770429083,
            1.2484268770789215,
            1.1999064633220815,
            1.1956605315654192,
            1.193922311094497,
            1.165824285683192,
            1.153460691105643,
            1.2468978436950735,
            1.187193573534031,
            1.2021466647190353,
            1.4599548985098,
            1.4850858883878262,
            1.4833216187194016,
            1.5232946191756642,
            1.597916880269684,
            1.5508426765350682,
            1.5949291359305235,
            1.6038860287736694,
            1.6377341935701273,
            1.6327823416612288,
            1.5615159620236052,
            1.5409645515247385,
            1.5423032405022632,
            1.7095746948493653,
            1.7696928456935537,
            1.7161618591949324,
            1.7160958333775873,
            1.728994129051954,
            1.734725783562498,
            1.6861045583264735,
            1.6960082592129244,
            1.6958507891393828,
            1.725608490587553,
            1.7225674813730403,
            1.0645679953742944,
            1.0894313339766,
            1.1089758638580778,
            1.183084790114884,
            1.1945859932018712,
            1.1942760645387287,
            1.2282015057165891,
            1.3248351058343508,
            1.3892158901652238,
            1.3487141861195333,
            1.361152100283342,
            1.3702101373999467,
            1.3976763636845801,
            1.3953973862185722,
            1.2869463289904224,
            1.324203626137941,
            1.297341516521217,
            1.2974054887722573,
            1.347425723870327,
            1.5239079925659587,
            1.431399034054436,
            1.3386412922642985,
            1.3804067951947114,
            1.3830004753881007,
            1.4511214170136069,
            1.4625114284320953,
            1.4585586600309386,
            1.3005375140852726,
            1.3018018192179501,
            1.3363646031113783,
            1.3307251885189024,
            1.4017111731193106,
            1.3560734368477454
        ],
        [
            1.8900158637521827,
            2.072813188134684,
            1.877018183034473,
            0.9015124724070193,
            0.8995981874340953,
            0,
            0.31152005991956955,
            0.32161473894747883,
            1.1576786245867363,
            1.2002858941070191,
            1.250299217469279,
            1.3067024757344936,
            1.3753039808961824,
            1.241429535552506,
            1.2410807399082495,
            1.3357621399442627,
            1.2872417261874227,
            1.2829957944307604,
            1.2812575739598382,
            1.253159548548533,
            1.2407959539709843,
            1.3342331065604145,
            1.2745288363993723,
            1.2894819275843763,
            1.547290161375141,
            1.5724211512531672,
            1.5706568815847426,
            1.6106298820410054,
            1.685252143135025,
            1.6381779394004092,
            1.6822643987958648,
            1.6912212916390104,
            1.7250694564354685,
            1.7201176045265698,
            1.6488512248889462,
            1.6282998143900795,
            1.6296385033676044,
            1.7969099577147065,
            1.8570281085588949,
            1.8034971220602736,
            1.8034310962429285,
            1.8163293919172951,
            1.822061046427839,
            1.7734398211918148,
            1.7833435220782654,
            1.7831860520047238,
            1.812943753452894,
            1.8099027442383813,
            1.1519032582396354,
            1.1767665968419412,
            1.196311126723419,
            1.2704200529802252,
            1.2819212560672124,
            1.28161132740407,
            1.3155367685819304,
            1.4121703686996918,
            1.476551153030565,
            1.4360494489848743,
            1.4484873631486832,
            1.457545400265288,
            1.4850116265499214,
            1.4827326490839134,
            1.3742815918557636,
            1.4115388890032823,
            1.3846767793865582,
            1.3847407516375982,
            1.4347609867356683,
            1.6112432554312996,
            1.5187342969197772,
            1.4259765551296395,
            1.4677420580600526,
            1.4703357382534419,
            1.5384566798789479,
            1.5498466912974362,
            1.5458939228962798,
            1.3878727769506138,
            1.3891370820832913,
            1.4236998659767195,
            1.4180604513842436,
            1.4890464359846516,
            1.4434086997130864
        ],
        [
            1.7762453349642544,
            1.959042659346756,
            1.7632476542465447,
            0.7877419436190912,
            0.7858276586461672,
            0.31152005991956955,
            0,
            0.016459191046886798,
            1.043908095798808,
            1.086515365319091,
            1.136528688681351,
            1.1929319469465656,
            1.2615334521082544,
            1.127659006764578,
            1.1273102111203213,
            1.2219916111563345,
            1.1734711973994947,
            1.1692252656428321,
            1.1674870451719102,
            1.139389019760605,
            1.127025425183056,
            1.2204625777724865,
            1.1607583076114443,
            1.1757113987964485,
            1.4335196325872133,
            1.4586506224652391,
            1.4568863527968148,
            1.4968593532530772,
            1.571481614347097,
            1.5244074106124814,
            1.5684938700079365,
            1.5774507628510825,
            1.6112989276475402,
            1.606347075738642,
            1.5350806961010184,
            1.5145292856021517,
            1.5158679745796761,
            1.6831394289267783,
            1.7432575797709666,
            1.6897265932723453,
            1.6896605674550003,
            1.7025588631293669,
            1.7082905176399112,
            1.6596692924038865,
            1.6695729932903376,
            1.669415523216796,
            1.6991732246649662,
            1.6961322154504535,
            1.0381327294517075,
            1.0629960680540131,
            1.0825405979354907,
            1.156649524192297,
            1.1681507272792842,
            1.1678407986161417,
            1.201766239794002,
            1.298399839911764,
            1.362780624242637,
            1.3222789201969463,
            1.334716834360755,
            1.3437748714773599,
            1.371241097761993,
            1.3689621202959854,
            1.2605110630678356,
            1.297768360215354,
            1.27090625059863,
            1.2709702228496702,
            1.3209904579477403,
            1.4974727266433718,
            1.4049637681318492,
            1.3122060263417115,
            1.3539715292721244,
            1.3565652094655136,
            1.4246861510910198,
            1.4360761625095082,
            1.4321233941083515,
            1.2741022481626856,
            1.2753665532953633,
            1.3099293371887915,
            1.3042899225963156,
            1.3752759071967238,
            1.3296381709251583
        ],
        [
            1.786340013992164,
            1.969137338374665,
            1.7733423332744542,
            0.7978366226470004,
            0.7959223376740765,
            0.32161473894747883,
            0.016459191046886798,
            0,
            1.0540027748267176,
            1.0966100443470004,
            1.1466233677092603,
            1.2030266259744749,
            1.2716281311361637,
            1.1377536857924873,
            1.1374048901482308,
            1.232086290184244,
            1.183565876427404,
            1.1793199446707416,
            1.1775817241998194,
            1.1494836987885142,
            1.1371201042109655,
            1.2305572568003957,
            1.1708529866393536,
            1.1858060778243575,
            1.4436143116151223,
            1.4687453014931484,
            1.4669810318247238,
            1.5069540322809867,
            1.5815762933750062,
            1.5345020896403905,
            1.578588549035846,
            1.5875454418789916,
            1.6213936066754497,
            1.616441754766551,
            1.5451753751289274,
            1.5246239646300608,
            1.5259626536075857,
            1.6932341079546878,
            1.7533522587988761,
            1.6998212723002548,
            1.6997552464829098,
            1.7126535421572764,
            1.7183851966678203,
            1.669763971431796,
            1.6796676723182467,
            1.679510202244705,
            1.7092679036928753,
            1.7062268944783625,
            1.0482274084796166,
            1.0730907470819224,
            1.0926352769634002,
            1.1667442032202064,
            1.1782454063071937,
            1.1779354776440512,
            1.2118609188219116,
            1.308494518939673,
            1.3728753032705463,
            1.3323735992248555,
            1.3448115133886644,
            1.3538695505052691,
            1.3813357767899026,
            1.3790567993238947,
            1.2706057420957448,
            1.3078630392432635,
            1.2810009296265394,
            1.2810649018775795,
            1.3310851369756496,
            1.507567405671281,
            1.4150584471597585,
            1.3223007053696207,
            1.3640662083000339,
            1.3666598884934231,
            1.434780830118929,
            1.4461708415374175,
            1.442218073136261,
            1.284196927190595,
            1.2854612323232726,
            1.3200240162167007,
            1.3143846016242249,
            1.3853705862246328,
            1.3397328499530676
        ],
        [
            1.791277029787603,
            1.9740743541701047,
            1.7782793490698934,
            1.072257646694319,
            1.070343361721395,
            1.1576786245867363,
            1.043908095798808,
            1.0540027748267176,
            0,
            0.6056838571522053,
            0.6556971805144651,
            0.7121004387796798,
            0.7807019439413685,
            0.6468274985976922,
            0.6464787029534356,
            0.7411601029894488,
            0.6926396892326088,
            0.6883937574759464,
            0.6866555370050242,
            0.6585575115937191,
            0.6461939170161703,
            0.7396310696056005,
            0.6799267994445585,
            0.6948798906295626,
            0.9526881244203274,
            0.9778191142983533,
            0.9760548446299289,
            1.0160278450861915,
            1.0906501061802112,
            1.0435759024455955,
            1.0876623618410508,
            1.0966192546841964,
            1.1304674194806545,
            1.125515567571756,
            1.0542491879341325,
            1.0336977774352658,
            1.0350364664127905,
            1.2023079207598926,
            1.262426071604081,
            1.2088950851054596,
            1.2088290592881146,
            1.2217273549624812,
            1.2274590094730253,
            1.1788377842370008,
            1.1887414851234517,
            1.18858401504991,
            1.21834171649808,
            1.2153007072835675,
            0.5573012212848216,
            0.5821645598871273,
            0.601709089768605,
            0.6758180160254113,
            0.6873192191123985,
            0.687009290449256,
            0.7209347316271164,
            0.8175683317448781,
            0.8819491160757512,
            0.8414474120300605,
            0.8538853261938693,
            0.862943363310474,
            0.8904095895951074,
            0.8881306121290996,
            0.7796795549009496,
            0.8169368520484683,
            0.7900747424317442,
            0.7901387146827844,
            0.8401589497808545,
            1.016641218476486,
            0.9241322599649634,
            0.8313745181748257,
            0.8731400211052387,
            0.8757337012986279,
            0.943854642924134,
            0.9552446543426224,
            0.9512918859414659,
            0.7932707399957999,
            0.7945350451284775,
            0.8290978290219057,
            0.8234584144294298,
            0.8944443990298379,
            0.8488066627582725
        ],
        [
            1.8338842993078859,
            2.0166816236903875,
            1.8208866185901762,
            1.114864916214602,
            1.1129506312416781,
            1.2002858941070191,
            1.086515365319091,
            1.0966100443470004,
            0.6056838571522053,
            0,
            0.2577247468735563,
            0.5481602701446969,
            0.6167617753063857,
            0.48288732996270933,
            0.4825385343184526,
            0.577219934354466,
            0.5286995205976259,
            0.5244535888409636,
            0.5227153683700414,
            0.4946173429587363,
            0.4822537483811874,
            0.5756909009706177,
            0.5159866308095756,
            0.5309397219945796,
            0.7887479557853444,
            0.8138789456633704,
            0.8121146759949459,
            0.8520876764512085,
            0.9267099375452282,
            0.8796357338106126,
            0.9237221932060679,
            0.9326790860492136,
            0.9665272508456716,
            0.9615753989367731,
            0.8903090192991495,
            0.8697576088002829,
            0.8710962977778074,
            1.0383677521249097,
            1.098485902969098,
            1.0449549164704768,
            1.0448888906531317,
            1.0577871863274981,
            1.0635188408380425,
            1.014897615602018,
            1.0248013164884688,
            1.0246438464149272,
            1.0544015478630973,
            1.0513605386485847,
            0.39336105264983867,
            0.4182243912521445,
            0.43776892113362215,
            0.5118778473904283,
            0.5233790504774156,
            0.523069121814273,
            0.5569945629921335,
            0.6536281631098951,
            0.7180089474407683,
            0.6775072433950775,
            0.6899451575588863,
            0.6990031946754911,
            0.7264694209601245,
            0.7241904434941167,
            0.6157393862659668,
            0.6529966834134854,
            0.6261345737967613,
            0.6261985460478015,
            0.6762187811458715,
            0.852701049841503,
            0.7601920913299804,
            0.6674343495398427,
            0.7091998524702557,
            0.711793532663645,
            0.7799144742891511,
            0.7913044857076394,
            0.7873517173064829,
            0.6293305713608169,
            0.6305948764934945,
            0.6651576603869227,
            0.6595182457944468,
            0.7305042303948549,
            0.6848664941232896
        ],
        [
            1.8838976226701458,
            2.0666949470526474,
            1.8708999419524361,
            1.164878239576862,
            1.162963954603938,
            1.250299217469279,
            1.136528688681351,
            1.1466233677092603,
            0.6556971805144651,
            0.2577247468735563,
            0,
            0.5981735935069568,
            0.6667750986686456,
            0.5329006533249692,
            0.5325518576807126,
            0.6272332577167259,
            0.5787128439598859,
            0.5744669122032235,
            0.5727286917323013,
            0.5446306663209961,
            0.5322670717434473,
            0.6257042243328776,
            0.5659999541718355,
            0.5809530453568396,
            0.8387612791476043,
            0.8638922690256303,
            0.8621279993572059,
            0.9021009998134685,
            0.9767232609074882,
            0.9296490571728725,
            0.9737355165683278,
            0.9826924094114735,
            1.0165405742079314,
            1.0115887222990332,
            0.9403223426614095,
            0.9197709321625428,
            0.9211096211400673,
            1.0883810754871694,
            1.1484992263313578,
            1.0949682398327365,
            1.0949022140153915,
            1.107800509689758,
            1.1135321642003024,
            1.0649109389642777,
            1.0748146398507288,
            1.0746571697771872,
            1.1044148712253572,
            1.1013738620108446,
            0.4433743760120986,
            0.4682377146144044,
            0.48778224449588203,
            0.5618911707526882,
            0.5733923738396756,
            0.573082445176533,
            0.6070078863543934,
            0.7036414864721551,
            0.7680222708030282,
            0.7275205667573375,
            0.7399584809211462,
            0.749016518037751,
            0.7764827443223844,
            0.7742037668563766,
            0.6657527096282267,
            0.7030100067757453,
            0.6761478971590212,
            0.6762118694100614,
            0.7262321045081315,
            0.9027143732037629,
            0.8102054146922404,
            0.7174476729021027,
            0.7592131758325157,
            0.7618068560259049,
            0.829927797651411,
            0.8413178090698994,
            0.8373650406687428,
            0.6793438947230769,
            0.6806081998557545,
            0.7151709837491826,
            0.7095315691567068,
            0.7805175537571148,
            0.7348798174855495
        ],
        [
            1.9403008809353604,
            2.123098205317862,
            1.9273032002176507,
            1.2212814978420765,
            1.2193672128691526,
            1.3067024757344936,
            1.1929319469465656,
            1.2030266259744749,
            0.7121004387796798,
            0.5481602701446969,
            0.5981735935069568,
            0,
            0.378370765170696,
            0.5893039115901838,
            0.5889551159459272,
            0.6836365159819404,
            0.6351161022251004,
            0.6308701704684381,
            0.6291319499975159,
            0.6010339245862107,
            0.588670330008662,
            0.6821074825980922,
            0.6224032124370501,
            0.6373563036220542,
            0.895164537412819,
            0.9202955272908449,
            0.9185312576224205,
            0.9585042580786831,
            1.0331265191727028,
            0.9860523154380871,
            1.0301387748335424,
            1.039095667676688,
            1.0729438324731462,
            1.0679919805642477,
            0.9967256009266241,
            0.9761741904277574,
            0.9775128794052819,
            1.1447843337523842,
            1.2049024845965726,
            1.1513714980979513,
            1.1513054722806062,
            1.1642037679549726,
            1.169935422465517,
            1.1213141972294924,
            1.1312178981159433,
            1.1310604280424017,
            1.1608181294905717,
            1.1577771202760592,
            0.4997776342773132,
            0.524640972879619,
            0.5441855027610967,
            0.6182944290179029,
            0.6297956321048901,
            0.6294857034417476,
            0.663411144619608,
            0.7600447447373697,
            0.8244255290682427,
            0.783923825022552,
            0.7963617391863609,
            0.8054197763029656,
            0.832886002587599,
            0.8306070251215911,
            0.7221559678934413,
            0.75941326504096,
            0.7325511554242359,
            0.7326151276752759,
            0.782635362773346,
            0.9591176314689775,
            0.8666086729574549,
            0.7738509311673172,
            0.8156164340977303,
            0.8182101142911196,
            0.8863310559166255,
            0.8977210673351139,
            0.8937682989339575,
            0.7357471529882915,
            0.737011458120969,
            0.7715742420143972,
            0.7659348274219213,
            0.8369208120223295,
            0.7912830757507641
        ],
        [
            2.0089023860970494,
            2.1916997104795506,
            1.9959047053793397,
            1.2898830030037653,
            1.2879687180308412,
            1.3753039808961824,
            1.2615334521082544,
            1.2716281311361637,
            0.7807019439413685,
            0.6167617753063857,
            0.6667750986686456,
            0.378370765170696,
            0,
            0.6579054167518725,
            0.6575566211076159,
            0.7522380211436293,
            0.7037176073867892,
            0.6994716756301269,
            0.6977334551592047,
            0.6696354297478995,
            0.6572718351703507,
            0.750708987759781,
            0.6910047175987388,
            0.7059578087837429,
            0.9637660425745077,
            0.9888970324525337,
            0.9871327627841092,
            1.027105763240372,
            1.1017280243343914,
            1.0546538205997757,
            1.0987402799952313,
            1.1076971728383769,
            1.141545337634835,
            1.1365934857259363,
            1.0653271060883127,
            1.044775695589446,
            1.0461143845669707,
            1.213385838914073,
            1.2735039897582614,
            1.21997300325964,
            1.219906977442295,
            1.2328052731166614,
            1.2385369276272056,
            1.1899157023911813,
            1.199819403277632,
            1.1996619332040903,
            1.2294196346522606,
            1.2263786254377478,
            0.568379139439002,
            0.5932424780413077,
            0.6127870079227854,
            0.6868959341795916,
            0.6983971372665789,
            0.6980872086034363,
            0.7320126497812968,
            0.8286462498990584,
            0.8930270342299316,
            0.8525253301842408,
            0.8649632443480496,
            0.8740212814646544,
            0.9014875077492878,
            0.89920853028328,
            0.7907574730551301,
            0.8280147702026487,
            0.8011526605859246,
            0.8012166328369648,
            0.8512368679350348,
            1.0277191366306662,
            0.9352101781191438,
            0.842452436329006,
            0.884217939259419,
            0.8868116194528083,
            0.9549325610783144,
            0.9663225724968028,
            0.9623698040956462,
            0.8043486581499802,
            0.8056129632826579,
            0.840175747176086,
            0.8345363325836102,
            0.9055223171840182,
            0.8598845809124529
        ],
        [
            1.8750279407533728,
            2.0578252651358744,
            1.862030260035663,
            1.156008557660089,
            1.154094272687165,
            1.241429535552506,
            1.127659006764578,
            1.1377536857924873,
            0.6468274985976922,
            0.48288732996270933,
            0.5329006533249692,
            0.5893039115901838,
            0.6579054167518725,
            0,
            0.0022261941065707096,
            0.19881043103292098,
            0.15029001727608104,
            0.14604408551941866,
            0.14430586504849652,
            0.1162078396371913,
            0.1038442450596425,
            0.1972813976490728,
            0.1375771274880307,
            0.1525302186730347,
            0.8298915972308314,
            0.8550225871088573,
            0.8532583174404329,
            0.8932313178966955,
            0.9678535789907152,
            0.9207793752560995,
            0.9648658346515548,
            0.9738227274947004,
            1.0076708922911586,
            1.0027190403822601,
            0.9314526607446365,
            0.9109012502457698,
            0.9122399392232943,
            1.0795113935703966,
            1.139629544414585,
            1.0860985579159637,
            1.0860325320986186,
            1.098930827772985,
            1.1046624822835294,
            1.0560412570475048,
            1.0659449579339557,
            1.065787487860414,
            1.0955451893085841,
            1.0925041800940716,
            0.4345046940953256,
            0.4593680326976314,
            0.4789125625791091,
            0.5530214888359153,
            0.5645226919229025,
            0.56421276325976,
            0.5981382044376204,
            0.6947718045553821,
            0.7591525888862551,
            0.7186508848405644,
            0.7310887990043733,
            0.740146836120978,
            0.7676130624056114,
            0.7653340849396035,
            0.6568830277114537,
            0.6941403248589724,
            0.6672782152422483,
            0.6673421874932883,
            0.7173624225913584,
            0.89384469128699,
            0.8013357327754673,
            0.7085779909853296,
            0.7503434939157427,
            0.752937174109132,
            0.8210581157346379,
            0.8324481271531263,
            0.8284953587519699,
            0.6704742128063039,
            0.6717385179389814,
            0.7063013018324096,
            0.7006618872399337,
            0.7716478718403419,
            0.7260101355687765
        ],
        [
            1.8746791451091163,
            2.057476469491618,
            1.8616814643914066,
            1.1556597620158322,
            1.1537454770429083,
            1.2410807399082495,
            1.1273102111203213,
            1.1374048901482308,
            0.6464787029534356,
            0.4825385343184526,
            0.5325518576807126,
