{
    "NEXUS_FILE_URL": "http://purl.org/phylo/treebase/phylows/study/TB2:S14246",
    "NEWICK_TREE": "((1:0.01668922,(31:0.00937815,32:0.00458858):0.04296755):0.03404124,(((4:1.0E-8,5:1.0E-8):0.06708208,((30:0.00305233,(28:0.00552537,29:0.00467672):0.00573864):0.05830528,(37:0.00293201,(36:1.0E-8,38:0.00496193):0.00498591):0.03314724):0.01273552):0.01413583,((17:0.11239325,(((24:0.04208824,25:0.00802195):0.08482839,((6:1.0E-8,7:1.0E-8):0.0790688,(21:1.0E-8,22:0.00688671):0.07169216):0.01036299):0.00588986,(10:0.15146265,((8:0.00979166,(12:0.00375688,13:0.00296494):0.00448791):0.11203593,((39:1.0E-8,40:1.0E-8):0.06250711,(41:0.00950813,42:0.00560785):0.09387719):0.04006218):0.03181376):0.0325765):0.01422161):4.9366E-4,((9:1.8375E-4,11:0.00465347):0.15242318,(((2:0.00140435,3:0.00248733):0.03916062,((14:0.00388776,(15:1.0E-8,16:1.0E-8):1.0E-8):0.02041803,(19:1.0E-8,(18:1.0E-8,20:1.0E-8):1.0E-8):0.01806548):0.0113063):0.04573679,((34:0.03545727,(35:0.01591779,(26:1.0E-8,27:0.00489286):0.0084707):0.02948272):0.01444606,(33:0.02605797,(((49:0.00193564,(47:0.00193563,50:0.00193037):9.6974E-4):0.00867808,((43:0.00287464,48:0.00599859):0.00657217,(44:0.00483453,(45:1.0E-8,46:0.00386306):1.0E-8):0.01234842):0.00479213):0.0123811,((62:9.6712E-4,(63:9.5691E-4,64:1.0E-8):0.00191709):0.00706623,((51:0.0067094,((52:0.00194142,(23:1.0E-8,53:1.0E-8):1.0E-8):0.00242839,(66:0.00388003,(65:1.0E-8,67:9.6306E-4):1.0E-8):0.00245724):7.0192E-4):0.00524941,((55:9.5586E-4,56:9.5547E-4):0.0,(54:9.5999E-4,(58:1.0E-8,(60:1.0E-8,(57:1.0E-8,(59:1.0E-8,61:1.0E-8):1.0E-8):1.0E-8):1.0E-8):1.0E-8):0.00191924):0.00802093):0.00186821):0.00444088):0.0076816):0.06391069):0.01051544):0.00626785):0.00431376):0.0176698):0.03404124);",
    "DISTANCE_MATRIX": [
        [
            0.0,
            0.06903492,
            0.06424535,
            0.16598962,
            0.16598962,
            0.17300066000000003,
            0.18121234,
            0.18036369,
            0.1477223,
            0.14977621000000002,
            0.15473813,
            0.21532841000000003,
            0.24996326000000002,
            0.21589697000000002,
            0.21247843,
            0.21247843,
            0.20510179,
            0.21198849000000003,
            0.30119592000000006,
            0.30337462000000004,
            0.30182775000000006,
            0.30103581,
            0.28411633000000003,
            0.28411633000000003,
            0.32499453,
            0.32109425,
            0.25936219,
            0.26383191,
            0.19932487000000002,
            0.20040785000000003,
            0.19437199000000002,
            0.19048425,
            0.19048425,
            0.18813169000000002,
            0.1881317,
            0.1881317,
            0.17344188,
            0.18338512,
            0.17593804,
            0.18083089,
            0.21350721,
            0.21812566,
            0.21909539,
            0.21909013000000002,
            0.22175088000000004,
            0.22487483000000003,
            0.22948702000000004,
            0.22465251000000003,
            0.22851556,
            0.20760507000000003,
            0.20951195000000003,
            0.20855505000000002,
            0.21339874000000003,
            0.21176107,
            0.20981967,
            0.20981967,
            0.21372853000000003,
            0.20984852000000004,
            0.21081157,
            0.21041672,
            0.21041633000000004,
            0.21234009000000004,
            0.21138012,
            0.21138013,
            0.21138014000000002,
            0.21138015000000002,
            0.21138015000000002
        ],
        [
            0.06903492,
            0.0,
            0.01396673,
            0.2016461,
            0.2016461,
            0.20865714000000002,
            0.21686882,
            0.21602016999999998,
            0.18337878,
            0.18543269,
            0.19039461,
            0.25098489,
            0.28561974,
            0.25155345,
            0.24813491,
            0.24813491,
            0.24075827,
            0.24764497000000002,
            0.33685240000000005,
            0.33903110000000003,
            0.33748423000000005,
            0.33669229,
            0.31977281,
            0.31977281,
            0.36065101,
            0.35675073,
            0.29501867,
            0.29948839,
            0.23498135,
            0.23606433000000002,
            0.23002847,
            0.22614072999999998,
            0.22614072999999998,
            0.22378817,
            0.22378818,
            0.22378818,
            0.20909835999999998,
            0.2190416,
            0.21159451999999998,
            0.21648736999999998,
            0.24916369,
            0.25378214,
            0.25475187,
            0.25474661,
            0.25740736000000003,
            0.26053131,
            0.26514350000000003,
            0.26030899,
            0.26417204,
            0.24326155000000002,
            0.24516843000000002,
            0.24421153,
            0.24905522000000002,
            0.24741754999999999,
            0.24547615,
            0.24547615,
            0.24938501000000002,
            0.24550500000000003,
            0.24646805,
            0.2460732,
            0.24607281000000003,
            0.24799657000000003,
            0.2470366,
            0.24703661,
            0.24703662,
            0.24703663,
            0.24703663
        ],
        [
            0.06424535,
            0.01396673,
            0.0,
            0.19685653,
            0.19685653,
            0.20386757,
            0.21207925,
            0.2112306,
            0.17858921,
            0.18064312,
            0.18560504,
            0.24619532000000002,
            0.28083017,
            0.24676388000000002,
            0.24334534,
            0.24334534,
            0.2359687,
            0.24285540000000003,
            0.33206283000000003,
            0.33424153,
            0.33269466000000003,
            0.33190272,
            0.31498324,
            0.31498324,
            0.35586144,
            0.35196116,
            0.2902291,
            0.29469882000000003,
            0.23019178,
            0.23127476000000002,
            0.22523890000000002,
            0.22135116,
            0.22135116,
            0.21899860000000002,
            0.21899861,
            0.21899861,
            0.20430879000000002,
            0.21425203,
            0.20680495,
            0.2116978,
            0.24437412,
            0.24899257,
            0.2499623,
            0.24995704000000002,
            0.25261779000000006,
            0.25574174000000005,
            0.26035393000000007,
            0.25551942000000005,
            0.25938247000000003,
            0.23847198000000003,
            0.24037886000000003,
            0.23942196000000002,
            0.24426565000000003,
            0.24262798,
            0.24068658,
            0.24068658,
            0.24459544000000003,
            0.24071543000000004,
            0.24167848,
            0.24128363,
            0.24128324000000004,
            0.24320700000000003,
            0.24224703,
            0.24224704,
            0.24224705000000002,
            0.24224706000000001,
            0.24224706000000001
        ],
        [
            0.16598962,
            0.2016461,
            0.19685653,
            0.0,
            2e-08,
            0.14117522,
            0.1493869,
            0.14853824999999998,
            0.11589685999999999,
            0.11795077,
            0.12291268999999999,
            0.21177463000000002,
            0.24640948000000001,
            0.21234319000000001,
            0.20892465,
            0.20892465,
            0.20154801,
            0.20843471000000002,
            0.29764214,
            0.29982084000000003,
            0.29827397,
            0.29748203,
            0.28056255,
            0.28056255,
            0.32144075,
            0.31754047,
            0.25580841,
            0.26027813,
            0.19577109,
            0.19685407,
            0.19081821,
            0.18693047000000002,
            0.18693047000000002,
            0.18457791,
            0.18457792,
            0.18457792,
            0.1698881,
            0.17983134,
            0.17238426,
            0.17727711000000002,
            0.20995343,
            0.21457188,
            0.21554161,
            0.21553635000000002,
            0.21819710000000003,
            0.22132105000000002,
            0.22593324000000004,
            0.22109873000000002,
            0.22496178,
            0.20405129,
            0.20595817,
            0.20500127,
            0.20984496000000002,
            0.20820729,
            0.20626589,
            0.20626589,
            0.21017475000000002,
            0.20629474000000003,
            0.20725779,
            0.20686294,
            0.20686255000000003,
            0.20878631000000003,
            0.20782634,
            0.20782635,
            0.20782636000000002,
            0.20782637,
            0.20782637
        ],
        [
            0.16598962,
            0.2016461,
            0.19685653,
            2e-08,
            0.0,
            0.14117522,
            0.1493869,
            0.14853824999999998,
            0.11589685999999999,
            0.11795077,
            0.12291268999999999,
            0.21177463000000002,
            0.24640948000000001,
            0.21234319000000001,
            0.20892465,
            0.20892465,
            0.20154801,
            0.20843471000000002,
            0.29764214,
            0.29982084000000003,
            0.29827397,
            0.29748203,
            0.28056255,
            0.28056255,
            0.32144075,
            0.31754047,
            0.25580841,
            0.26027813,
            0.19577109,
            0.19685407,
            0.19081821,
            0.18693047000000002,
            0.18693047000000002,
            0.18457791,
            0.18457792,
            0.18457792,
            0.1698881,
            0.17983134,
            0.17238426,
            0.17727711000000002,
            0.20995343,
            0.21457188,
            0.21554161,
            0.21553635000000002,
            0.21819710000000003,
            0.22132105000000002,
            0.22593324000000004,
            0.22109873000000002,
            0.22496178,
            0.20405129,
            0.20595817,
            0.20500127,
            0.20984496000000002,
            0.20820729,
            0.20626589,
            0.20626589,
            0.21017475000000002,
            0.20629474000000003,
            0.20725779,
            0.20686294,
            0.20686255000000003,
            0.20878631000000003,
            0.20782634,
            0.20782635,
            0.20782636000000002,
            0.20782637,
            0.20782637
        ],
        [
            0.17300066000000003,
            0.20865714000000002,
            0.20386757,
            0.14117522,
            0.14117522,
            0.0,
            0.01431634,
            0.013467689999999997,
            0.09743686,
            0.09949077,
            0.10445269,
            0.21878567000000004,
            0.25342052000000004,
            0.21935423000000004,
            0.21593569,
            0.21593569,
            0.20855905000000002,
            0.21544575000000005,
            0.30465318,
            0.30683188000000006,
            0.30528501,
            0.30449307000000003,
            0.28757359000000005,
            0.28757359000000005,
            0.32845179,
            0.32455151000000004,
            0.26281945,
            0.26728917,
            0.20278213,
            0.20386511000000002,
            0.19782925,
            0.19394151,
            0.19394151,
            0.19158895000000004,
            0.19158896000000003,
            0.19158896000000003,
            0.17689914,
            0.18684238000000003,
            0.1793953,
            0.18428815,
            0.21696447000000002,
            0.22158292000000002,
            0.22255265000000002,
            0.22254739,
            0.22520814000000006,
            0.22833209000000004,
            0.23294428000000006,
            0.22810977000000004,
            0.23197282000000002,
            0.21106233000000002,
            0.21296921000000002,
            0.21201231000000004,
            0.21685600000000005,
            0.21521833,
            0.21327693000000003,
            0.21327693000000003,
            0.21718579000000005,
            0.21330578000000006,
            0.21426883000000002,
            0.21387398000000002,
            0.21387359000000006,
            0.21579735000000005,
            0.21483738000000002,
            0.21483739000000002,
            0.2148374,
            0.21483741,
            0.21483741
        ],
        [
            0.18121234,
            0.21686882,
            0.21207925,
            0.1493869,
            0.1493869,
            0.01431634,
            0.0,
            0.01020209,
            0.10564854000000001,
            0.10770245,
            0.11266437000000001,
            0.22699735000000004,
            0.26163220000000004,
            0.22756591000000004,
            0.22414737,
            0.22414737,
            0.21677073000000002,
            0.22365743000000005,
            0.31286486,
            0.31504356000000006,
            0.31349669,
            0.31270475000000003,
            0.29578527000000004,
            0.29578527000000004,
            0.33666347,
            0.33276319000000004,
            0.27103113,
            0.27550085,
            0.21099381,
            0.21207679000000002,
            0.20604093,
            0.20215319,
            0.20215319,
            0.19980063000000003,
            0.19980064000000003,
            0.19980064000000003,
            0.18511082,
            0.19505406000000003,
            0.18760698,
            0.19249983,
            0.22517615000000002,
            0.22979460000000002,
            0.23076433000000002,
            0.23075907,
            0.23341982000000006,
            0.23654377000000004,
            0.24115596000000006,
            0.23632145000000004,
            0.24018450000000002,
            0.21927401000000002,
            0.22118089000000002,
            0.22022399000000004,
            0.22506768000000005,
            0.22343001,
            0.22148861000000003,
            0.22148861000000003,
            0.22539747000000004,
            0.22151746000000005,
            0.22248051000000002,
            0.22208566000000002,
            0.22208527000000006,
            0.22400903000000005,
            0.22304906000000002,
            0.22304907000000002,
            0.22304908,
            0.22304909,
            0.22304909
        ],
        [
            0.18036369,
            0.21602016999999998,
            0.2112306,
            0.14853824999999998,
            0.14853824999999998,
            0.013467689999999997,
            0.01020209,
            0.0,
            0.10479989,
            0.1068538,
            0.11181572000000001,
            0.22614870000000004,
            0.26078355000000003,
            0.22671726000000003,
            0.22329872,
            0.22329872,
            0.21592208000000002,
            0.22280878000000004,
            0.31201621,
            0.31419491000000005,
            0.31264804,
            0.3118561,
            0.29493662000000004,
            0.29493662000000004,
            0.33581482,
            0.33191454000000004,
            0.27018248,
            0.2746522,
            0.21014516,
            0.21122814,
            0.20519228,
            0.20130454,
            0.20130454,
            0.19895198000000003,
            0.19895199000000002,
            0.19895199000000002,
            0.18426217,
            0.19420541000000002,
            0.18675833,
            0.19165118,
            0.2243275,
            0.22894595,
            0.22991568,
            0.22991042,
            0.23257117000000005,
            0.23569512000000004,
            0.24030731000000005,
            0.23547280000000004,
            0.23933585000000002,
            0.21842536,
            0.22033224,
            0.21937534000000003,
            0.22421903000000004,
            0.22258136,
            0.22063996000000002,
            0.22063996000000002,
            0.22454882000000004,
            0.22066881000000005,
            0.22163186,
            0.22123701,
            0.22123662000000005,
            0.22316038000000005,
            0.22220041000000001,
            0.22220042,
            0.22220043,
            0.22220044,
            0.22220044
        ],
        [
            0.1477223,
            0.18337878,
            0.17858921,
            0.11589685999999999,
            0.11589685999999999,
            0.09743686,
            0.10564854000000001,
            0.10479989,
            0.0,
            0.00791793,
            0.01287985,
            0.19350731000000002,
            0.22814216,
            0.19407587,
            0.19065732999999999,
            0.19065732999999999,
            0.18328069,
            0.19016739000000002,
            0.27937482,
            0.28155352,
            0.28000665,
            0.27921471,
            0.26229523,
            0.26229523,
            0.30317342999999997,
            0.29927315,
            0.23754108999999998,
            0.24201081,
            0.17750377,
            0.17858675000000002,
            0.17255089,
            0.16866314999999998,
            0.16866314999999998,
            0.16631059,
            0.1663106,
            0.1663106,
            0.15162078,
            0.16156402,
            0.15411693999999998,
            0.15900978999999998,
            0.19168611,
            0.19630456,
            0.19727429,
            0.19726903,
            0.19992978000000003,
            0.20305373000000002,
            0.20766592000000003,
            0.20283141000000002,
            0.20669446,
            0.18578397000000002,
            0.18769085000000002,
            0.18673395,
            0.19157764000000002,
            0.18993996999999999,
            0.18799857,
            0.18799857,
            0.19190743000000002,
            0.18802742000000003,
            0.18899047,
            0.18859562,
            0.18859523000000003,
            0.19051899000000003,
            0.18955902,
            0.18955903,
            0.18955904,
            0.18955905,
            0.18955905
        ],
        [
            0.14977621000000002,
            0.18543269,
            0.18064312,
            0.11795077,
            0.11795077,
            0.09949077,
            0.10770245,
            0.1068538,
            0.00791793,
            0.0,
            0.00496194,
            0.19556122000000004,
            0.23019607000000003,
            0.19612978000000003,
            0.19271124,
            0.19271124,
            0.18533460000000002,
            0.19222130000000004,
            0.28142873,
            0.28360743000000005,
            0.28206056,
            0.28126862,
            0.26434914000000004,
            0.26434914000000004,
            0.30522734,
            0.30132706000000004,
            0.239595,
            0.24406472,
            0.17955768,
            0.18064066,
            0.1746048,
            0.17071706,
            0.17071706,
            0.16836450000000003,
            0.16836451000000002,
            0.16836451000000002,
            0.15367469,
            0.16361793000000002,
            0.15617085,
            0.1610637,
            0.19374002,
            0.19835847,
            0.1993282,
            0.19932294,
            0.20198369000000005,
            0.20510764000000004,
            0.20971983000000005,
            0.20488532000000004,
            0.20874837000000002,
            0.18783788,
            0.18974476,
            0.18878786000000003,
            0.19363155000000004,
            0.19199388,
            0.19005248000000002,
            0.19005248000000002,
            0.19396134000000004,
            0.19008133000000005,
            0.19104438,
            0.19064953,
            0.19064914000000005,
            0.19257290000000005,
            0.19161293000000001,
            0.19161294,
            0.19161295,
            0.19161296,
            0.19161296
        ],
        [
            0.15473813,
            0.19039461,
            0.18560504,
            0.12291268999999999,
            0.12291268999999999,
            0.10445269,
            0.11266437000000001,
            0.11181572000000001,
            0.01287985,
            0.00496194,
            0.0,
            0.20052314000000002,
            0.23515799,
            0.2010917,
            0.19767316,
            0.19767316,
            0.19029652,
            0.19718322000000002,
            0.28639064999999997,
            0.28856935000000006,
            0.28702247999999997,
            0.28623054000000003,
            0.26931106000000005,
            0.26931106000000005,
            0.31018926,
            0.30628898000000004,
            0.24455691999999998,
            0.24902664,
            0.1845196,
            0.18560258000000002,
            0.17956672,
            0.17567897999999998,
            0.17567897999999998,
            0.17332642,
            0.17332643,
            0.17332643,
            0.15863661,
            0.16857985,
            0.16113276999999998,
            0.16602561999999998,
            0.19870194,
            0.20332039,
            0.20429012,
            0.20428486,
            0.20694561000000003,
            0.21006956000000002,
            0.21468175000000003,
            0.20984724000000002,
            0.21371029,
            0.19279980000000002,
            0.19470668000000002,
            0.19374978,
            0.19859347000000002,
            0.1969558,
            0.1950144,
            0.1950144,
            0.19892326000000002,
            0.19504325000000003,
            0.1960063,
            0.19561145,
            0.19561106000000003,
            0.19753482000000003,
            0.19657485,
            0.19657486,
            0.19657487,
            0.19657488,
            0.19657488
        ],
        [
            0.21532841000000003,
            0.25098489,
            0.24619532000000002,
            0.21177463000000002,
            0.21177463000000002,
            0.21878567000000004,
            0.22699735000000004,
            0.22614870000000004,
            0.19350731000000002,
            0.19556122000000004,
            0.20052314000000002,
            0.0,
            0.25942135,
            0.22535506,
            0.22193651999999997,
            0.22193651999999997,
            0.21455987999999998,
            0.22144658,
            0.31065401000000004,
            0.31283271,
            0.31128584000000004,
            0.3104939,
            0.29357442,
            0.29357442,
            0.33445262,
            0.33055234,
            0.26980760000000004,
            0.27427732,
            0.20977028000000003,
            0.21085326000000001,
            0.2048174,
            0.20092966,
            0.20092966,
            0.1985771,
            0.19857711,
            0.19857711,
            0.18388729,
            0.19383053,
            0.18638345,
            0.1912763,
            0.22395262000000002,
            0.22857107000000002,
            0.22954080000000002,
            0.22953554000000004,
            0.23219629000000003,
            0.23532024,
            0.23993243000000003,
            0.23509792000000002,
            0.23896097000000002,
            0.21805048000000002,
            0.21995736000000002,
            0.21900046,
            0.22384415000000002,
            0.22220648,
            0.22026508,
            0.22026508,
            0.22417394000000002,
            0.22029393000000003,
            0.22125698000000002,
            0.22086213000000002,
            0.22086174000000003,
            0.22278550000000003,
            0.22182553000000002,
            0.22182554000000002,
            0.22182555000000004,
            0.22182556000000003,
            0.22182556000000003
        ],
        [
            0.24996326000000002,
            0.28561974,
            0.28083017,
            0.24640948000000001,
            0.24640948000000001,
            0.25342052000000004,
            0.26163220000000004,
            0.26078355000000003,
            0.22814216,
            0.23019607000000003,
            0.23515799,
            0.25942135,
            0.0,
            0.05011019,
            0.21634842999999998,
            0.21634842999999998,
            0.20897179,
            0.21585849000000001,
            0.31684564000000004,
            0.31902434,
            0.31747747000000004,
            0.31668553,
            0.29976605,
            0.29976605,
            0.34064425,
            0.33674397,
            0.30444245000000003,
            0.30891217,
            0.24440513000000003,
            0.24548811,
            0.23945225,
            0.23556451,
            0.23556451,
            0.23321195,
            0.23321196,
            0.23321196,
            0.21852214,
            0.22846538,
            0.2210183,
            0.22591115,
            0.25858747000000004,
            0.26320592,
            0.26417565,
            0.26417039000000003,
            0.26683114,
            0.26995509,
            0.27456728,
            0.26973277,
            0.27359582000000005,
            0.25268533000000004,
            0.25459221,
            0.25363531,
            0.258479,
            0.25684133,
            0.25489993,
            0.25489993,
            0.25880879,
            0.25492878,
            0.25589183000000004,
            0.25549698,
            0.25549659,
            0.25742035,
            0.25646038000000004,
            0.25646039,
            0.25646040000000003,
            0.25646041,
            0.25646041
        ],
        [
            0.21589697000000002,
            0.25155345,
            0.24676388000000002,
            0.21234319000000001,
            0.21234319000000001,
            0.21935423000000004,
            0.22756591000000004,
            0.22671726000000003,
            0.19407587,
            0.19612978000000003,
            0.2010917,
            0.22535506,
            0.05011019,
            0.0,
            0.18228213999999998,
            0.18228213999999998,
            0.1749055,
            0.18179220000000001,
            0.28277935,
            0.28495805,
            0.28341118,
            0.28261924000000005,
            0.26569976,
            0.26569976,
            0.30657796000000004,
            0.30267768,
            0.27037616,
            0.27484588,
            0.21033884000000003,
            0.21142182,
            0.20538596,
            0.20149822,
            0.20149822,
            0.19914566,
            0.19914567,
            0.19914567,
            0.18445585,
            0.19439909,
            0.18695201,
            0.19184486,
            0.22452118000000001,
            0.22913963,
            0.23010936,
            0.23010410000000003,
            0.23276485000000002,
            0.2358888,
            0.24050099000000003,
            0.23566648,
            0.23952953000000002,
            0.21861904000000001,
            0.22052592000000001,
            0.21956902,
            0.22441271000000002,
            0.22277504,
            0.22083364,
            0.22083364,
            0.2247425,
            0.22086249000000002,
            0.22182554000000002,
            0.22143069,
            0.22143030000000002,
            0.22335406000000002,
            0.22239409000000002,
            0.2223941,
            0.22239411000000003,
            0.22239412000000003,
            0.22239412000000003
        ],
        [
            0.21247843,
            0.24813491,
            0.24334534,
            0.20892465,
            0.20892465,
            0.21593569,
            0.22414737,
            0.22329872,
            0.19065732999999999,
            0.19271124,
            0.19767316,
            0.22193651999999997,
            0.21634842999999998,
            0.18228213999999998,
            0.0,
            2e-08,
            0.15076098,
            0.15764768,
            0.27936081,
            0.28153951,
            0.27999264,
            0.2792007,
            0.26228122,
            0.26228122,
            0.30315942,
            0.29925914,
            0.26695762,
            0.27142733999999996,
            0.2069203,
            0.20800328,
            0.20196742,
            0.19807967999999998,
            0.19807967999999998,
            0.19572712,
            0.19572713,
            0.19572713,
            0.18103731,
            0.19098055,
            0.18353346999999998,
            0.18842631999999998,
            0.22110264000000002,
            0.22572109,
            0.22669082000000002,
            0.22668556,
            0.22934631,
            0.23247025999999998,
            0.23708245,
            0.23224793999999999,
            0.23611099000000002,
            0.21520050000000002,
            0.21710738000000002,
            0.21615048,
            0.22099417,
            0.2193565,
            0.2174151,
            0.2174151,
            0.22132396,
            0.21744395,
            0.21840700000000002,
            0.21801215000000002,
            0.21801176,
            0.21993552,
            0.21897555000000002,
            0.21897556,
            0.21897557,
            0.21897558,
            0.21897558
        ],
        [
            0.21247843,
            0.24813491,
            0.24334534,
            0.20892465,
            0.20892465,
            0.21593569,
            0.22414737,
            0.22329872,
            0.19065732999999999,
            0.19271124,
            0.19767316,
            0.22193651999999997,
            0.21634842999999998,
            0.18228213999999998,
            2e-08,
            0.0,
            0.15076098,
            0.15764768,
            0.27936081,
            0.28153951,
            0.27999264,
            0.2792007,
            0.26228122,
            0.26228122,
            0.30315942,
            0.29925914,
            0.26695762,
            0.27142733999999996,
            0.2069203,
            0.20800328,
            0.20196742,
            0.19807967999999998,
            0.19807967999999998,
            0.19572712,
            0.19572713,
            0.19572713,
            0.18103731,
            0.19098055,
            0.18353346999999998,
            0.18842631999999998,
            0.22110264000000002,
            0.22572109,
            0.22669082000000002,
            0.22668556,
            0.22934631,
            0.23247025999999998,
            0.23708245,
            0.23224793999999999,
            0.23611099000000002,
            0.21520050000000002,
            0.21710738000000002,
            0.21615048,
            0.22099417,
            0.2193565,
            0.2174151,
            0.2174151,
            0.22132396,
            0.21744395,
            0.21840700000000002,
            0.21801215000000002,
            0.21801176,
            0.21993552,
            0.21897555000000002,
            0.21897556,
            0.21897557,
            0.21897558,
            0.21897558
        ],
        [
            0.20510179,
            0.24075827,
            0.2359687,
            0.20154801,
            0.20154801,
            0.20855905000000002,
            0.21677073000000002,
            0.21592208000000002,
            0.18328069,
            0.18533460000000002,
            0.19029652,
            0.21455987999999998,
            0.20897179,
            0.1749055,
            0.15076098,
            0.15076098,
            0.0,
            0.00688672,
            0.27198417,
            0.27416287,
            0.272616,
            0.27182406000000003,
            0.25490458,
            0.25490458,
            0.29578278,
            0.2918825,
            0.25958098,
            0.26405069999999997,
            0.19954366,
            0.20062664000000002,
            0.19459078000000002,
            0.19070304,
            0.19070304,
            0.18835048000000001,
            0.18835049,
            0.18835049,
            0.17366067000000002,
            0.18360391,
            0.17615683,
            0.18104968,
            0.21372600000000003,
            0.21834445000000002,
            0.21931418000000003,
            0.21930892000000002,
            0.22196967,
            0.22509362,
            0.22970581,
            0.2248713,
            0.22873435000000003,
            0.20782386000000003,
            0.20973074000000003,
            0.20877384000000002,
            0.21361753,
            0.21197986000000002,
            0.21003846,
            0.21003846,
            0.21394732,
            0.21006731,
            0.21103036000000003,
            0.21063551000000003,
            0.21063512,
            0.21255888,
            0.21159891000000003,
            0.21159892000000002,
            0.21159893000000002,
            0.21159894,
            0.21159894
        ],
        [
            0.21198849000000003,
            0.24764497000000002,
            0.24285540000000003,
            0.20843471000000002,
            0.20843471000000002,
            0.21544575000000005,
            0.22365743000000005,
            0.22280878000000004,
            0.19016739000000002,
            0.19222130000000004,
            0.19718322000000002,
            0.22144658,
            0.21585849000000001,
            0.18179220000000001,
            0.15764768,
            0.15764768,
            0.00688672,
            0.0,
            0.27887087,
            0.28104957,
            0.2795027,
            0.27871076000000006,
            0.26179128,
            0.26179128,
            0.30266948000000005,
            0.2987692,
            0.26646768,
            0.2709374,
            0.20643036000000003,
            0.20751334000000002,
            0.20147748000000001,
            0.19758974,
            0.19758974,
            0.19523718,
            0.19523719,
            0.19523719,
            0.18054737,
            0.19049061,
            0.18304353,
            0.18793638000000001,
            0.22061270000000002,
            0.22523115000000002,
            0.22620088000000002,
            0.22619562000000004,
            0.22885637000000003,
            0.23198032000000002,
            0.23659251000000003,
            0.23175800000000002,
            0.23562105000000003,
            0.21471056000000002,
            0.21661744000000002,
            0.21566054,
            0.22050423000000002,
            0.21886656000000002,
            0.21692516,
            0.21692516,
            0.22083402000000002,
            0.21695401000000003,
            0.21791706000000002,
            0.21752221000000002,
            0.21752182000000003,
            0.21944558000000003,
            0.21848561000000002,
            0.21848562000000002,
            0.21848563000000004,
            0.21848564000000004,
            0.21848564000000004
        ],
        [
            0.30119592000000006,
            0.33685240000000005,
            0.33206283000000003,
            0.29764214,
            0.29764214,
            0.30465318,
            0.31286486,
            0.31201621,
            0.27937482,
            0.28142873,
            0.28639064999999997,
            0.31065401000000004,
            0.31684564000000004,
            0.28277935,
            0.27936081,
            0.27936081,
            0.27198417,
            0.27887087,
            0.0,
            0.30510400000000004,
            0.30355713,
            0.30276519,
            0.28584571000000003,
            0.28584571000000003,
            0.32672391,
            0.32282363000000003,
            0.35567511,
            0.36014482999999997,
            0.29563779,
            0.29672077,
            0.29068491,
            0.28679717000000005,
            0.28679717000000005,
            0.28444461000000004,
            0.28444462000000004,
            0.28444462000000004,
            0.2697548,
            0.27969804000000004,
            0.27225096000000004,
            0.27714381,
            0.30982013,
            0.31443858,
            0.31540831,
            0.31540305,
            0.3180638,
            0.32118775,
            0.32579994,
            0.32096543,
            0.32482848000000003,
            0.30391799,
            0.30582487,
            0.30486797000000004,
            0.30971166000000006,
            0.30807399,
            0.30613259000000004,
            0.30613259000000004,
            0.31004145000000005,
            0.30616144,
            0.30712449,
            0.30672964,
            0.30672925000000006,
            0.30865301,
            0.30769304000000003,
            0.30769305,
            0.30769306,
            0.30769307,
            0.30769307
        ],
        [
            0.30337462000000004,
            0.33903110000000003,
            0.33424153,
            0.29982084000000003,
            0.29982084000000003,
            0.30683188000000006,
            0.31504356000000006,
            0.31419491000000005,
            0.28155352,
            0.28360743000000005,
            0.28856935000000006,
            0.31283271,
            0.31902434,
            0.28495805,
            0.28153951,
            0.28153951,
            0.27416287,
            0.28104957,
            0.30510400000000004,
            0.0,
            0.018036450000000002,
            0.01724451,
            0.22439689000000002,
            0.22439689000000002,
            0.26527509000000005,
            0.26137481,
            0.35785381000000005,
            0.36232353,
            0.29781649000000004,
            0.29889947000000006,
            0.29286361000000005,
            0.28897587,
            0.28897587,
            0.28662331,
            0.28662332,
            0.28662332,
            0.27193350000000005,
            0.28187674,
            0.27442966,
            0.27932251,
            0.31199883000000006,
            0.31661728,
            0.31758701,
            0.31758175000000005,
            0.32024250000000004,
            0.32336645,
            0.32797864000000004,
            0.32314413000000003,
            0.32700718000000006,
            0.30609669000000006,
            0.30800357,
            0.30704667,
            0.31189036000000003,
            0.31025269,
            0.30831129,
            0.30831129,
            0.31222015000000003,
            0.30834014000000004,
            0.30930319000000006,
            0.30890834,
            0.30890795000000004,
            0.31083171000000004,
            0.30987174000000006,
            0.30987175,
            0.30987176000000005,
            0.30987177000000005,
            0.30987177000000005
        ],
        [
            0.30182775000000006,
            0.33748423000000005,
            0.33269466000000003,
            0.29827397,
            0.29827397,
            0.30528501,
            0.31349669,
            0.31264804,
            0.28000665,
            0.28206056,
            0.28702247999999997,
            0.31128584000000004,
            0.31747747000000004,
            0.28341118,
            0.27999264,
            0.27999264,
            0.272616,
            0.2795027,
            0.30355713,
            0.018036450000000002,
            0.0,
            0.00672182,
            0.22285002,
            0.22285002,
            0.26372822,
            0.25982794,
            0.35630694,
