{
    "NEXUS_FILE_URL": "http://purl.org/phylo/treebase/phylows/study/TB2:S15060",
    "NEWICK_TREE": "((38:0.10362723216310421,39:0.0888414610397269):0.20563255929779886,(((37:5.723718926595733E-4,(36:1.1541079378607488E-4,(34:4.434222005657018E-4,((31:0.0018095962210483707,32:3.753494624634257E-4):0.01508857065289182,(33:0.0,35:0.004342773038807035):0.0013403507698656059):0.0024314047137743433):0.002128458945853562):0.003412831349506096):0.026139032867000478,((28:9.888235707904425E-4,29:0.0):0.002842056540570903,(23:0.004570686054654716,27:0.0034878669900741954,30:0.01404433381404524,(26:0.0017959260755046058,(25:0.0,(22:0.003216967389822134,(21:8.625379149288515E-4,24:0.002005369133397994):0.0):7.70542203687441E-6):0.0023903261213504834):0.004286580846659338):0.0039316371818308715):0.046886606516558405):0.14666224871187056,((18:0.0,(19:2.274026914842464E-4,20:0.006333882656225476):0.011605583997887692):0.14352925747755452,((15:0.00137227710547827,(14:0.002620004865492187,17:0.0020244424237778613,(13:2.91698563958942E-6,16:0.002866725127651182):0.009948431128478652):0.002270875858662369):0.1073486639853265,((12:0.0,(10:1.0527994741593716E-4,(9:7.853700514370843E-6,11:6.86474656430569E-6):0.0060644083183446496):0.013935911002111667):0.026659739575906727,(2:0.0010763678692894407,(3:0.0015172980536647396,(1:0.0011839629150905973,(6:0.0,(5:0.0,(4:0.0,(7:0.0,8:0.0):0.005023418272075086):0.004372420908524077):0.0031929694692313104):0.002742654701028413):0.0028614168728230416):0.0012473416130659443):0.01635646254438894):0.07702463675835158):0.04237623688818648):0.08648185729784535):0.20563255929779886);",
    "DISTANCE_MATRIX": [
        [
            0.0,
            0.1924686932028311,
            0.6882660042302325,
            0.6912218744808651,
            0.6936783448334983,
            0.7125644942206472,
            0.7111302474620622,
            0.6970066781165726,
            0.7013494511553796,
            0.7122720860984922,
            0.7112832625277018,
            0.7169435292236165,
            0.715860710159036,
            0.726417176983007,
            0.7184553500911257,
            0.7190497501369716,
            0.7222744229488306,
            0.7199199934739373,
            0.7210628246924065,
            0.7449034655341018,
            0.7567364522234737,
            0.762842932188215,
            0.7524713860355385,
            0.7559899896542148,
            0.7553944272125005,
            0.7633213329028409,
            0.7661851410448525,
            0.7474348212789921,
            0.7614760122285197,
            0.7674429942999628,
            0.7674420053460127,
            0.7382079121167637,
            0.739896183914205,
            0.7424242656484539,
            0.7439829574343917,
            0.747175926903623,
            0.7515483478121471,
            0.7565717660842222,
            0.7565717660842222
        ],
        [
            0.1924686932028311,
            0.0,
            0.6734802331068552,
            0.6764361033574878,
            0.678892573710121,
            0.6977787230972698,
            0.6963444763386849,
            0.6822209069931953,
            0.6865636800320023,
            0.6974863149751149,
            0.6964974914043245,
            0.7021577581002392,
            0.7010749390356587,
            0.7116314058596297,
            0.7036695789677484,
            0.7042639790135943,
            0.7074886518254533,
            0.70513422235056,
            0.7062770535690291,
            0.7301176944107245,
            0.7419506811000964,
            0.7480571610648377,
            0.7376856149121612,
            0.7412042185308375,
            0.7406086560891232,
            0.7485355617794636,
            0.7513993699214752,
            0.7326490501556148,
            0.7466902411051424,
            0.7526572231765855,
            0.7526562342226354,
            0.7234221409933864,
            0.7251104127908277,
            0.7276384945250766,
            0.7291971863110144,
            0.7323901557802457,
            0.7367625766887698,
            0.7417859949608449,
            0.7417859949608449
        ],
        [
            0.6882660042302325,
            0.6734802331068552,
            0.0,
            0.004100614035951744,
            0.006557084388584933,
            0.025443233775733765,
            0.02400898701714882,
            0.00988541767165918,
            0.014228190710466215,
            0.0774288913875798,
            0.07644006781678936,
            0.08210033451270404,
            0.08101751544812352,
            0.09157398227209457,
            0.08361215538021327,
            0.08420655542605915,
            0.08743122823791816,
            0.08507679876302487,
            0.08621962998149402,
            0.4033847682469305,
            0.4152177549363024,
            0.42132423490104365,
            0.4109526887483672,
            0.4144712923670435,
            0.41387572992532917,
            0.42180263561566955,
            0.42466644375768114,
            0.40591612399182075,
            0.41995731494134836,
            0.42592429701279144,
            0.4259233080588414,
            0.3966892148295924,
            0.39837748662703365,
            0.40090556836128255,
            0.40246426014722037,
            0.4056572296164517,
            0.41002965052497575,
            0.41505306879705084,
            0.41505306879705084
        ],
        [
            0.6912218744808651,
            0.6764361033574878,
            0.004100614035951744,
            0.0,
            0.0026872919402053386,
            0.02157344132735417,
            0.020139194568769225,
            0.006015625223279586,
            0.010358398262086621,
            0.0803847616382124,
            0.07939593806742196,
            0.08505620476333664,
            0.08397338569875612,
            0.09452985252272716,
            0.08656802563084587,
            0.08716242567669175,
            0.09038709848855075,
            0.08803266901365747,
            0.08917550023212661,
            0.4063406384975631,
            0.418173625186935,
            0.42428010515167625,
            0.4139085589989998,
            0.4174271626176761,
            0.41683160017596177,
            0.42475850586630215,
            0.42762231400831374,
            0.40887199424245335,
            0.42291318519198096,
            0.42888016726342404,
            0.428879178309474,
            0.399645085080225,
            0.40133335687766625,
            0.40386143861191515,
            0.40542013039785296,
            0.4086130998670843,
            0.41298552077560835,
            0.41800893904768344,
            0.41800893904768344
        ],
        [
            0.6936783448334983,
            0.678892573710121,
            0.006557084388584933,
            0.0026872919402053386,
            0.0,
            0.019772993788280235,
            0.01833874702969529,
            0.004215177684205651,
            0.008557950723012686,
            0.08284123199084559,
            0.08185240842005514,
            0.08751267511596983,
            0.08642985605138931,
            0.09698632287536035,
            0.08902449598347906,
            0.08961889602932493,
            0.09284356884118394,
            0.09048913936629066,
            0.0916319705847598,
            0.40879710885019627,
            0.4206300955395682,
            0.42673657550430943,
            0.416365029351633,
            0.4198836329703093,
            0.41928807052859496,
            0.42721497621893534,
            0.43007878436094693,
            0.41132846459508654,
            0.42536965554461414,
            0.43133663761605723,
            0.43133564866210716,
            0.4021015554328582,
            0.40378982723029944,
            0.40631790896454834,
            0.40787660075048615,
            0.41106957021971746,
            0.41544199112824154,
            0.4204654094003166,
            0.4204654094003166
        ],
        [
            0.7125644942206472,
            0.6977787230972698,
            0.025443233775733765,
            0.02157344132735417,
            0.019772993788280235,
            0.0,
            0.0021849456835117964,
            0.018238517643805796,
            0.02258129068261283,
            0.10172738137799442,
            0.10073855780720398,
            0.10639882450311866,
            0.10531600543853814,
            0.11587247226250919,
            0.10791064537062789,
            0.10850504541647377,
            0.11172971822833277,
            0.10937528875343949,
            0.11051811997190863,
            0.4276832582373451,
            0.43951624492671704,
            0.44562272489145827,
            0.43525117873878183,
            0.4387697823574581,
            0.4381742199157438,
            0.44610112560608417,
            0.44896493374809576,
            0.43021461398223537,
            0.444255804931763,
            0.45022278700320606,
            0.450221798049256,
            0.420987704820007,
            0.42267597661744827,
            0.42520405835169717,
            0.426762750137635,
            0.4299557196068663,
            0.43432814051539037,
            0.43935155878746546,
            0.43935155878746546
        ],
        [
            0.7111302474620622,
            0.6963444763386849,
            0.02400898701714882,
            0.020139194568769225,
            0.01833874702969529,
            0.0021849456835117964,
            0.0,
            0.01680427088522085,
            0.021147043924027886,
            0.10029313461940947,
            0.09930431104861903,
            0.10496457774453372,
            0.1038817586799532,
            0.11443822550392424,
            0.10647639861204294,
            0.10707079865788882,
            0.11029547146974783,
            0.10794104199485455,
            0.10908387321332369,
            0.42624901147876015,
            0.4380819981681321,
            0.4441884781328733,
            0.4338169319801969,
            0.43733553559887317,
            0.43673997315715885,
            0.4446668788474992,
            0.4475306869895108,
            0.4287803672236504,
            0.44282155817317803,
            0.4487885402446211,
            0.44878755129067105,
            0.4195534580614221,
            0.4212417298588633,
            0.4237698115931122,
            0.42532850337905004,
            0.42852147284828135,
            0.4328938937568054,
            0.4379173120288805,
            0.4379173120288805
        ],
        [
            0.6970066781165726,
            0.6822209069931953,
            0.00988541767165918,
            0.006015625223279586,
            0.004215177684205651,
            0.018238517643805796,
            0.01680427088522085,
            0.0,
            0.004342773038807035,
            0.08616956527391983,
            0.08518074170312939,
            0.09084100839904408,
            0.08975818933446356,
            0.1003146561584346,
            0.0923528292665533,
            0.09294722931239918,
            0.09617190212425819,
            0.09381747264936491,
            0.09496030386783405,
            0.4121254421332705,
            0.42395842882264245,
            0.4300649087873837,
            0.41969336263470725,
            0.42321196625338353,
            0.4226164038116692,
            0.4305433095020096,
            0.4334071176440212,
            0.4146567978781608,
            0.4286979888276884,
            0.4346649708991315,
            0.4346639819451814,
            0.40542988871593244,
            0.4071181605133737,
            0.4096462422476226,
            0.4112049340335604,
            0.4143979035027917,
            0.4187703244113158,
            0.4237937426833909,
            0.4237937426833909
        ],
        [
            0.7013494511553796,
            0.6865636800320023,
            0.014228190710466215,
            0.010358398262086621,
            0.008557950723012686,
            0.02258129068261283,
            0.021147043924027886,
            0.004342773038807035,
            0.0,
            0.09051233831272687,
            0.08952351474193643,
            0.09518378143785111,
            0.09410096237327059,
            0.10465742919724164,
            0.09669560230536034,
            0.09729000235120622,
            0.10051467516306523,
            0.09816024568817194,
            0.09930307690664109,
            0.41646821517207755,
            0.4283012018614495,
            0.4344076818261907,
            0.4240361356735143,
            0.42755473929219057,
            0.42695917685047624,
            0.4348860825408166,
            0.4377498906828282,
            0.4189995709169678,
            0.4330407618664954,
            0.4390077439379385,
            0.43900675498398845,
            0.4097726617547395,
            0.4114609335521807,
            0.4139890152864296,
            0.41554770707236743,
            0.41874067654159874,
            0.4231130974501228,
            0.4281365157221979,
            0.4281365157221979
        ],
        [
            0.7122720860984922,
            0.6974863149751149,
            0.0774288913875798,
            0.0803847616382124,
            0.08284123199084559,
            0.10172738137799442,
            0.10029313461940947,
            0.08616956527391983,
            0.09051233831272687,
            0.0,
            0.0009888235707904425,
            0.012333203347846933,
            0.011250384283266412,
            0.021806851107237457,
            0.013845024215356161,
            0.014439424261202038,
            0.017664097073061047,
            0.015309667598167764,
            0.016452498816636907,
            0.4273908501151902,
            0.4392238368045621,
            0.44533031676930335,
            0.4349587706166269,
            0.4384773742353032,
            0.43788181179358887,
            0.44580871748392925,
            0.44867252562594084,
            0.42992220586008045,
            0.44396339680960806,
            0.44993037888105114,
            0.4499293899271011,
            0.4206952966978521,
            0.42238356849529335,
            0.42491165022954225,
            0.42647034201548006,
            0.4296633114847114,
            0.43403573239323545,
            0.43905915066531054,
            0.43905915066531054
        ],
        [
            0.7112832625277018,
            0.6964974914043245,
            0.07644006781678936,
            0.07939593806742196,
            0.08185240842005514,
            0.10073855780720398,
            0.09930431104861903,
            0.08518074170312939,
            0.08952351474193643,
            0.0009888235707904425,
            0.0,
            0.01134437977705649,
            0.01026156071247597,
            0.020818027536447015,
            0.012856200644565718,
            0.013450600690411596,
            0.016675273502270604,
            0.014320844027377322,
            0.015463675245846464,
            0.42640202654439974,
            0.4382350132337717,
            0.4443414931985129,
            0.43396994704583647,
            0.43748855066451275,
            0.43689298822279843,
            0.4448198939131388,
            0.4476837020551504,
            0.42893338228929,
            0.4429745732388176,
            0.4489415553102607,
            0.44894056635631063,
            0.41970647312706166,
            0.4213947449245029,
            0.4239228266587518,
            0.4254815184446896,
            0.42867448791392093,
            0.433046908822445,
            0.4380703270945201,
            0.4380703270945201
        ],
        [
            0.7169435292236165,
            0.7021577581002392,
            0.08210033451270404,
            0.08505620476333664,
            0.08751267511596983,
            0.10639882450311866,
            0.10496457774453372,
            0.09084100839904408,
            0.09518378143785111,
            0.012333203347846933,
            0.01134437977705649,
            0.0,
            0.008058553044728911,
            0.018615019868699956,
            0.01065319297681866,
            0.011247593022664537,
            0.014472265834523546,
            0.012117836359630263,
            0.013260667578099405,
            0.4320622932403144,
            0.44389527992968636,
            0.4500017598944276,
            0.43963021374175115,
            0.44314881736042744,
            0.4425532549187131,
            0.4504801606090535,
            0.4533439687510651,
            0.4345936489852047,
            0.4486348399347323,
            0.4546018220061754,
            0.4546008330522253,
            0.42536673982297635,
            0.4270550116204176,
            0.4295830933546665,
            0.4311417851406043,
            0.4343347546098356,
            0.4387071755183597,
            0.4437305937904348,
            0.4437305937904348
        ],
        [
            0.715860710159036,
            0.7010749390356587,
            0.08101751544812352,
            0.08397338569875612,
            0.08642985605138931,
            0.10531600543853814,
            0.1038817586799532,
            0.08975818933446356,
            0.09410096237327059,
            0.011250384283266412,
            0.01026156071247597,
            0.008058553044728911,
            0.0,
            0.017532200804119435,
            0.00957037391223814,
            0.010164773958084017,
            0.013389446769943025,
            0.011035017295049743,
            0.012177848513518885,
            0.4309794741757339,
            0.44281246086510584,
            0.44891894082984707,
            0.43854739467717063,
            0.4420659982958469,
            0.4414704358541326,
            0.449397341544473,
            0.45226114968648456,
            0.4335108299206242,
            0.4475520208701518,
            0.45351900294159486,
            0.4535180139876448,
            0.4242839207583958,
            0.42597219255583707,
            0.42850027429008597,
            0.4300589660760238,
            0.4332519355452551,
            0.4376243564537792,
            0.44264777472585426,
            0.44264777472585426
        ],
        [
            0.726417176983007,
            0.7116314058596297,
            0.09157398227209457,
            0.09452985252272716,
            0.09698632287536035,
            0.11587247226250919,
            0.11443822550392424,
            0.1003146561584346,
            0.10465742919724164,
            0.021806851107237457,
            0.020818027536447015,
            0.018615019868699956,
            0.017532200804119435,
            0.0,
            0.020126840736209184,
            0.02072124078205506,
            0.02394591359391407,
            0.021591484119020787,
            0.02273431533748993,
            0.44153594099970495,
            0.4533689276890769,
            0.4594754076538181,
            0.4491038615011417,
            0.45262246511981796,
            0.45202690267810364,
            0.459953808368444,
            0.4628176165104556,
            0.4440672967445952,
            0.4581084876941228,
            0.4640754697655659,
            0.46407448081161584,
            0.43484038758236687,
            0.4365286593798081,
            0.439056741114057,
            0.44061543289999483,
            0.44380840236922614,
            0.4481808232777502,
            0.4532042415498253,
            0.4532042415498253
        ],
        [
            0.7184553500911257,
            0.7036695789677484,
            0.08361215538021327,
            0.08656802563084587,
            0.08902449598347906,
            0.10791064537062789,
            0.10647639861204294,
            0.0923528292665533,
            0.09669560230536034,
            0.013845024215356161,
            0.012856200644565718,
            0.01065319297681866,
            0.00957037391223814,
            0.020126840736209184,
            0.0,
            0.004186252196855089,
            0.007410925008714098,
            0.005056495533820815,
            0.0061993267522899576,
            0.43357411410782365,
            0.4454071007971956,
            0.4515135807619368,
            0.4411420346092604,
            0.44466063822793667,
            0.44406507578622234,
            0.4519919814765627,
            0.4548557896185743,
            0.4361054698527139,
            0.4501466608022415,
            0.4561136428736846,
            0.45611265391973455,
            0.4268785606904856,
            0.4285668324879268,
            0.4310949142221757,
            0.43265360600811353,
            0.43584657547734484,
            0.4402189963858689,
            0.445242414657944,
            0.445242414657944
        ],
        [
            0.7190497501369716,
            0.7042639790135943,
            0.08420655542605915,
            0.08716242567669175,
            0.08961889602932493,
            0.10850504541647377,
            0.10707079865788882,
            0.09294722931239918,
            0.09729000235120622,
            0.014439424261202038,
            0.013450600690411596,
            0.011247593022664537,
            0.010164773958084017,
            0.02072124078205506,
            0.004186252196855089,
            0.0,
            0.0032246728118590084,
            0.0008702433369657259,
            0.0020130745554348684,
            0.4341685141536695,
            0.44600150084304147,
            0.4521079808077827,
            0.44173643465510626,
            0.44525503827378254,
            0.4446594758320682,
            0.4525863815224086,
            0.4554501896644202,
            0.4366998698985598,
            0.4507410608480874,
            0.4567080429195305,
            0.4567070539655804,
            0.42747296073633145,
            0.4291612325337727,
            0.4316893142680216,
            0.4332480060539594,
            0.4364409755231907,
            0.4408133964317148,
            0.4458368147037899,
            0.4458368147037899
        ],
        [
            0.7222744229488306,
            0.7074886518254533,
            0.08743122823791816,
            0.09038709848855075,
            0.09284356884118394,
            0.11172971822833277,
            0.11029547146974783,
            0.09617190212425819,
            0.10051467516306523,
            0.017664097073061047,
            0.016675273502270604,
            0.014472265834523546,
            0.013389446769943025,
            0.02394591359391407,
            0.007410925008714098,
            0.0032246728118590084,
            0.0,
            0.0040795053047509855,
            0.005222336523220128,
            0.43739318696552854,
            0.4492261736549005,
            0.4553326536196417,
            0.44496110746696527,
            0.44847971108564155,
            0.4478841486439272,
            0.4558110543342676,
            0.4586748624762792,
            0.4399245427104188,
            0.4539657336599464,
            0.4599327157313895,
            0.45993172677743943,
            0.43069763354819046,
            0.4323859053456317,
            0.4349139870798806,
            0.4364726788658184,
            0.43966564833504973,
            0.4440380692435738,
            0.4490614875156489,
            0.4490614875156489
        ],
        [
            0.7199199934739373,
            0.70513422235056,
            0.08507679876302487,
            0.08803266901365747,
            0.09048913936629066,
            0.10937528875343949,
            0.10794104199485455,
            0.09381747264936491,
            0.09816024568817194,
            0.015309667598167764,
            0.014320844027377322,
            0.012117836359630263,
            0.011035017295049743,
            0.021591484119020787,
            0.005056495533820815,
            0.0008702433369657259,
            0.0040795053047509855,
            0.0,
            0.0028679070483268454,
            0.43503875749063525,
            0.4468717441800072,
            0.4529782241447484,
            0.442606677992072,
            0.44612528161074827,
            0.44552971916903394,
            0.4534566248593743,
            0.4563204330013859,
            0.4375701132355255,
            0.45161130418505313,
            0.4575782862564962,
            0.45757729730254615,
            0.4283432040732972,
            0.4300314758707384,
            0.4325595576049873,
            0.43411824939092514,
            0.43731121886015645,
            0.4416836397686805,
            0.4467070580407556,
            0.4467070580407556
        ],
        [
            0.7210628246924065,
            0.7062770535690291,
            0.08621962998149402,
            0.08917550023212661,
            0.0916319705847598,
            0.11051811997190863,
            0.10908387321332369,
            0.09496030386783405,
            0.09930307690664109,
            0.016452498816636907,
            0.015463675245846464,
            0.013260667578099405,
            0.012177848513518885,
            0.02273431533748993,
            0.0061993267522899576,
            0.0020130745554348684,
            0.005222336523220128,
            0.0028679070483268454,
            0.0,
            0.4361815887091044,
            0.44801457539847633,
            0.45412105536321756,
            0.4437495092105411,
            0.4472681128292174,
            0.4466725503875031,
            0.45459945607784347,
            0.45746326421985506,
            0.43871294445399467,
            0.4527541354035223,
            0.45872111747496536,
            0.4587201285210153,
            0.4294860352917663,
            0.43117430708920756,
            0.43370238882345646,
            0.4352610806093943,
            0.4384540500786256,
            0.44282647098714967,
            0.44784988925922475,
            0.44784988925922475
        ],
        [
            0.7449034655341018,
            0.7301176944107245,
            0.4033847682469305,
            0.4063406384975631,
            0.40879710885019627,
            0.4276832582373451,
            0.42624901147876015,
            0.4121254421332705,
            0.41646821517207755,
            0.4273908501151902,
            0.42640202654439974,
            0.4320622932403144,
            0.4309794741757339,
            0.44153594099970495,
            0.43357411410782365,
            0.4341685141536695,
            0.43739318696552854,
            0.43503875749063525,
            0.4361815887091044,
            0.0,
            0.011832986689371938,
            0.017939466654113168,
            0.29462643545654577,
            0.29814503907522205,
            0.2975494766335077,
            0.3054763823238481,
            0.3083401904658597,
            0.2895898706999993,
            0.3036310616495269,
            0.30959804372097,
            0.30959705476701993,
            0.28036296153777096,
            0.2820512333352122,
            0.2845793150694611,
            0.2861380068553989,
            0.28933097632463023,
            0.2937033972331543,
            0.2987268155052294,
            0.2987268155052294
        ],
        [
            0.7567364522234737,
            0.7419506811000964,
            0.4152177549363024,
            0.418173625186935,
            0.4206300955395682,
            0.43951624492671704,
            0.4380819981681321,
            0.42395842882264245,
            0.4283012018614495,
            0.4392238368045621,
            0.4382350132337717,
            0.44389527992968636,
            0.44281246086510584,
            0.4533689276890769,
            0.4454071007971956,
            0.44600150084304147,
            0.4492261736549005,
            0.4468717441800072,
            0.44801457539847633,
            0.011832986689371938,
            0.0,
            0.006561285347709722,
            0.3064594221459177,
            0.309978025764594,
            0.30938246332287966,
            0.31730936901322004,
            0.32017317715523164,
            0.30142285738937125,
            0.31546404833889885,
            0.32143103041034193,
            0.32143004145639187,
            0.2921959482271429,
            0.29388422002458414,
            0.29641230175883304,
            0.29797099354477086,
            0.30116396301400217,
            0.30553638392252624,
            0.31055980219460133,
            0.31055980219460133
        ],
        [
            0.762842932188215,
            0.7480571610648377,
            0.42132423490104365,
            0.42428010515167625,
            0.42673657550430943,
            0.44562272489145827,
            0.4441884781328733,
            0.4300649087873837,
            0.4344076818261907,
            0.44533031676930335,
            0.4443414931985129,
            0.4500017598944276,
            0.44891894082984707,
            0.4594754076538181,
            0.4515135807619368,
            0.4521079808077827,
            0.4553326536196417,
            0.4529782241447484,
            0.45412105536321756,
            0.017939466654113168,
            0.006561285347709722,
            0.0,
            0.31256590211065893,
            0.3160845057293352,
            0.3154889432876209,
            0.3234158489779613,
            0.32627965711997287,
            0.3075293373541125,
            0.3215705283036401,
            0.32753751037508316,
            0.3275365214211331,
            0.29830242819188413,
            0.29999069998932537,
            0.30251878172357427,
            0.3040774735095121,
            0.3072704429787434,
            0.3116428638872675,
            0.31666628215934256,
            0.31666628215934256
        ],
        [
            0.7524713860355385,
            0.7376856149121612,
            0.4109526887483672,
            0.4139085589989998,
            0.416365029351633,
            0.43525117873878183,
            0.4338169319801969,
            0.41969336263470725,
            0.4240361356735143,
            0.4349587706166269,
            0.43396994704583647,
            0.43963021374175115,
            0.43854739467717063,
            0.4491038615011417,
            0.4411420346092604,
            0.44173643465510626,
            0.44496110746696527,
            0.442606677992072,
            0.4437495092105411,
            0.29462643545654577,
            0.3064594221459177,
            0.31256590211065893,
            0.0,
            0.006263157829632826,
            0.0056675953879185,
            0.01359450107825888,
            0.016458309220270473,
            0.21240531742506308,
            0.22644650837459068,
            0.23241349044603377,
            0.2324125014920837,
            0.20317840826283473,
            0.20486668006027597,
            0.20739476179452487,
            0.2089534535804627,
            0.212146423049694,
            0.21651884395821808,
            0.22154226223029316,
            0.22154226223029316
        ],
        [
            0.7559899896542148,
            0.7412042185308375,
            0.4144712923670435,
            0.4174271626176761,
            0.4198836329703093,
            0.4387697823574581,
            0.43733553559887317,
            0.42321196625338353,
            0.42755473929219057,
            0.4384773742353032,
            0.43748855066451275,
            0.44314881736042744,
            0.4420659982958469,
            0.45262246511981796,
            0.44466063822793667,
            0.44525503827378254,
            0.44847971108564155,
            0.44612528161074827,
            0.4472681128292174,
            0.29814503907522205,
            0.309978025764594,
            0.3160845057293352,
            0.006263157829632826,
            0.0,
            0.004644447289270048,
            0.012571352979610428,
            0.01543516112162202,
            0.21592392104373936,
            0.22996511199326697,
            0.23593209406471005,
            0.23593110511076,
            0.20669701188151102,
            0.20838528367895226,
            0.21091336541320116,
            0.21247205719913898,
            0.21566502666837029,
            0.22003744757689436,
            0.22506086584896945,
            0.22506086584896945
        ],
        [
            0.7553944272125005,
            0.7406086560891232,
            0.41387572992532917,
            0.41683160017596177,
            0.41928807052859496,
            0.4381742199157438,
            0.43673997315715885,
            0.4226164038116692,
            0.42695917685047624,
            0.43788181179358887,
            0.43689298822279843,
            0.4425532549187131,
            0.4414704358541326,
            0.45202690267810364,
            0.44406507578622234,
            0.4446594758320682,
            0.4478841486439272,
            0.44552971916903394,
            0.4466725503875031,
            0.2975494766335077,
            0.30938246332287966,
            0.3154889432876209,
            0.0056675953879185,
            0.004644447289270048,
            0.0,
            0.011975790537896103,
            0.014839598679907695,
            0.21532835860202504,
            0.22936954955155264,
            0.23533653162299573,
            0.23533554266904566,
            0.2061014494397967,
            0.20778972123723793,
            0.21031780297148683,
            0.21187649475742465,
            0.21506946422665596,
            0.21944188513518004,
            0.22446530340725512,
            0.22446530340725512
        ],
        [
            0.7633213329028409,
            0.7485355617794636,
            0.42180263561566955,
            0.42475850586630215,
            0.42721497621893534,
            0.44610112560608417,
            0.4446668788474992,
            0.4305433095020096,
            0.4348860825408166,
            0.44580871748392925,
            0.4448198939131388,
            0.4504801606090535,
            0.449397341544473,
            0.459953808368444,
            0.4519919814765627,
            0.4525863815224086,
            0.4558110543342676,
            0.4534566248593743,
            0.45459945607784347,
            0.3054763823238481,
            0.31730936901322004,
            0.3234158489779613,
            0.01359450107825888,
            0.012571352979610428,
            0.011975790537896103,
            0.0,
            0.0028696421132907712,
            0.22325526429236542,
            0.23729645524189302,
            0.2432634373133361,
            0.24326244835938604,
            0.21402835513013707,
            0.21571662692757831,
            0.2182447086618272,
            0.21980340044776503,
            0.22299636991699634,
            0.22736879082552042,
            0.2323922090975955,
            0.2323922090975955
        ],
        [
            0.7661851410448525,
            0.7513993699214752,
            0.42466644375768114,
            0.42762231400831374,
            0.43007878436094693,
            0.44896493374809576,
            0.4475306869895108,
            0.4334071176440212,
            0.4377498906828282,
            0.44867252562594084,
            0.4476837020551504,
            0.4533439687510651,
            0.45226114968648456,
            0.4628176165104556,
            0.4548557896185743,
            0.4554501896644202,
            0.4586748624762792,
            0.4563204330013859,
            0.45746326421985506,
            0.3083401904658597,
            0.32017317715523164,
            0.32627965711997287,
            0.016458309220270473,
            0.01543516112162202,
            0.014839598679907695,
            0.0028696421132907712,
            0.0,
            0.226119072434377,
            0.24016026338390462,
            0.2461272454553477,
            0.24612625650139763,
            0.21689216327214866,
            0.2185804350695899,
            0.2211085168038388,
            0.22266720858977662,
            0.22586017805900793,
            0.230232598967532,
            0.2352560172396071,
            0.2352560172396071
        ],
        [
            0.7474348212789921,
            0.7326490501556148,
            0.40591612399182075,
            0.40887199424245335,
            0.41132846459508654,
            0.43021461398223537,
            0.4287803672236504,
            0.4146567978781608,
            0.4189995709169678,
            0.42992220586008045,
            0.42893338228929,
            0.4345936489852047,
            0.4335108299206242,
            0.4440672967445952,
            0.4361054698527139,
            0.4366998698985598,
            0.4399245427104188,
            0.4375701132355255,
            0.43871294445399467,
            0.2895898706999993,
            0.30142285738937125,
            0.3075293373541125,
            0.21240531742506308,
            0.21592392104373936,
            0.21532835860202504,
            0.22325526429236542,
            0.226119072434377,
            0.0,
            0.014041190949527604,
            0.020008173020970688,
            0.020007184067020622,
            0.044092569989585106,
            0.04578084178702635,
            0.04830892352127525,
            0.049867615307213065,
            0.053060584776444375,
            0.05743300568496845,
            0.06245642395704354,
            0.06245642395704354
        ],
        [
            0.7614760122285197,
            0.7466902411051424,
            0.41995731494134836,
            0.42291318519198096,
            0.42536965554461414,
            0.444255804931763,
            0.44282155817317803,
            0.4286979888276884,
            0.4330407618664954,
            0.44396339680960806,
            0.4429745732388176,
            0.4486348399347323,
            0.4475520208701518,
            0.4581084876941228,
            0.4501466608022415,
            0.4507410608480874,
            0.4539657336599464,
            0.45161130418505313,
            0.4527541354035223,
            0.3036310616495269,
            0.31546404833889885,
            0.3215705283036401,
            0.22644650837459068,
            0.22996511199326697,
            0.22936954955155264,
            0.23729645524189302,
            0.24016026338390462,
            0.014041190949527604,
            0.0,
            0.0061775419662749576,
            0.006176553012324892,
            0.05813376093911271,
            0.059822032736553954,
            0.06235011447080285,
            0.06390880625674067,
            0.06710177572597198,
            0.07147419663449606,
            0.07649761490657114,
            0.07649761490657114
        ],
        [
            0.7674429942999628,
            0.7526572231765855,
            0.42592429701279144,
            0.42888016726342404,
            0.43133663761605723,
            0.45022278700320606,
            0.4487885402446211,
            0.4346649708991315,
            0.4390077439379385,
            0.44993037888105114,
            0.4489415553102607,
            0.4546018220061754,
            0.45351900294159486,
            0.4640754697655659,
            0.4561136428736846,
            0.4567080429195305,
            0.4599327157313895,
            0.4575782862564962,
            0.45872111747496536,
            0.30959804372097,
            0.32143103041034193,
            0.32753751037508316,
            0.23241349044603377,
            0.23593209406471005,
            0.23533653162299573,
            0.2432634373133361,
            0.2461272454553477,
            0.020008173020970688,
            0.0061775419662749576,
            0.0,
            1.4718447078676533e-05,
            0.0641007430105558,
            0.06578901480799704,
            0.06831709654224594,
            0.06987578832818375,
            0.07306875779741506,
            0.07744117870593914,
            0.08246459697801423,
            0.08246459697801423
        ],
        [
