{
    "NEXUS_FILE_URL": "http://purl.org/phylo/treebase/phylows/study/TB2:S13449",
    "NEWICK_TREE": "(1:1.0E-8,((((((30:9.2992E-4,29:1.0E-8):0.00187032,(27:1.0E-8,31:9.3699E-4,28:1.0E-8):9.3177E-4):0.01015561,(((((43:9.3512E-4,44:9.3747E-4):9.3288E-4,32:1.0E-8,33:0.00281258):0.00209259,(34:1.0E-8,35:1.0E-8):0.00585375):0.00778436,(47:1.0E-8,50:1.0E-8,9:9.383E-4,52:1.0E-8,51:1.0E-8,46:1.0E-8,8:0.00212131):0.01425724):0.0044447,((38:1.0E-8,(37:1.0E-8,36:1.0E-8):0.00187459):0.01334474,(((((49:1.0E-8,22:1.0E-8):9.1819E-4,(23:1.0E-8,16:1.0E-8):0.0019016):0.00546508,(11:9.5555E-4,42:1.0E-8):0.00210526):0.00194492,((18:0.00280482,20:0.00186197):9.3393E-4,(((39:1.0E-8,15:1.0E-8):0.00285626,24:1.0E-8,21:1.0E-8,40:1.0E-8,41:1.0E-8,48:9.4885E-4):9.1713E-4,(26:1.0E-8,19:0.00370874,(14:9.2526E-4,10:1.0E-8,12:1.0E-8,13:0.00380977,17:1.0E-8):9.2603E-4,25:9.2474E-4):0.00279912):9.2915E-4):0.00210848):0.00168109,(45:0.00483849,7:0.00283389):9.0706E-4):0.00405858):0.0183787):0.00527881):0.0183409,((84:0.11447948,(79:0.09991162,(83:0.07548749,(80:0.14131232,(((81:0.08878998,77:0.09226037):0.00796618,(82:0.00742301,76:0.01655962):0.0546856):0.00304251,78:0.08266062):0.00337969):0.00191381):0.00415091):0.00631925):0.04384812,(((((53:1.0E-8,(54:1.0E-8,(67:1.0E-8,66:1.0E-8):0.0027867):9.2958E-4):0.00383122,((63:1.0E-8,64:1.0E-8):0.00277951,71:9.4622E-4,70:0.0018529):0.00554005):0.00377589,(69:1.0E-8,68:1.0E-8):0.03538012):0.00104444,(72:9.6169E-4,73:1.0E-8,74:1.0E-8,75:1.0E-8,65:1.0E-8):0.01128041):0.00318723,((56:9.2741E-4,(60:9.2276E-4,62:1.0E-8,58:1.0E-8,59:1.0E-8):9.2531E-4,61:9.2263E-4,57:1.0E-8):9.2221E-4,55:1.0E-8):0.01117493):0.0466764):0.03327785):0.02422467,(3:1.0E-8,4:1.0E-8):0.00792099):0.00590034,(5:1.0E-8,6:1.0E-8):0.00680801):0.00767274,2:1.0E-8);",
    "DISTANCE_MATRIX": [
        [
            0.0,
            0.06909451,
            0.06816459999999999,
            0.06722605,
            0.06816303,
            0.06722605,
            0.07760712,
            0.07760947,
            0.07573913,
            0.0785517,
            0.07950029,
            0.07950029,
            0.08011942,
            0.08011942,
            0.08105770999999999,
            0.08011942,
            0.08011942,
            0.08011942,
            0.08224071999999999,
            0.09314092,
            0.09501551,
            0.09501551,
            0.09386404,
            0.09386404,
            0.09484745,
            0.09484745,
            0.09054157,
            0.08958603,
            0.09138307,
            0.09044022,
            0.09234687,
            0.09234687,
            0.08949061,
            0.08949061,
            0.08949061,
            0.08949061,
            0.09043945,
            0.0913726,
            0.09508133,
            0.09322388,
            0.09229862999999999,
            0.09229862999999999,
            0.09610839,
            0.09229862999999999,
            0.09229733,
            0.0896003,
            0.0875957,
            0.22940321,
            0.2211546,
            0.20088138,
            0.26862001999999996,
            0.23048606000000002,
            0.23395645,
            0.19583851000000002,
            0.20497512,
            0.21334801,
            0.1295908,
            0.13052038000000002,
            0.13330708,
            0.13330708,
            0.13407914,
            0.13407914,
            0.13224584,
            0.13315252,
            0.15736381000000002,
            0.15736381000000002,
            0.13318134,
            0.13221966000000002,
            0.13221966000000002,
            0.13221966000000002,
            0.13221966000000002,
            0.13077656000000001,
            0.13169722,
            0.13077447,
            0.13077447,
            0.13077447,
            0.13077178,
            0.12984916000000002,
            0.12892695,
            0.02149409,
            0.02149409,
            0.014480769999999999,
            0.014480769999999999,
            2e-08
        ],
        [
            0.06909451,
            0.0,
            0.00092993,
            0.00373202,
            0.0046689999999999995,
            0.00373202,
            0.03442431,
            0.03442666,
            0.03255632,
            0.03536889,
            0.03631748,
            0.03631748,
            0.036936609999999995,
            0.036936609999999995,
            0.0378749,
            0.036936609999999995,
            0.036936609999999995,
            0.036936609999999995,
            0.03905791,
            0.04995811,
            0.05183270000000001,
            0.05183270000000001,
            0.05068123000000001,
            0.05068123000000001,
            0.05166464,
            0.05166464,
            0.04735876,
            0.04640322000000001,
            0.04820026000000001,
            0.04725741,
            0.049164059999999996,
            0.049164059999999996,
            0.046307799999999996,
            0.046307799999999996,
            0.046307799999999996,
            0.046307799999999996,
            0.04725664,
            0.048189789999999996,
            0.051898520000000004,
            0.05004107000000001,
            0.049115820000000004,
            0.049115820000000004,
            0.05292558,
            0.049115820000000004,
            0.04911452000000001,
            0.046417490000000006,
            0.04441289,
            0.2229022,
            0.21465359,
            0.19438036999999997,
            0.26211901,
            0.22398505000000002,
            0.22745544,
            0.1893375,
            0.19847410999999998,
            0.206847,
            0.12308978999999999,
            0.12401937,
            0.12680607,
            0.12680607,
            0.12757813,
            0.12757813,
            0.12574483,
            0.12665151,
            0.15086280000000002,
            0.15086280000000002,
            0.12668033,
            0.12571865,
            0.12571865,
            0.12571865,
            0.12571865,
            0.12427555,
            0.12519620999999997,
            0.12427345999999999,
            0.12427345999999999,
            0.12427345999999999,
            0.12427076999999999,
            0.12334815,
            0.12242594,
            0.06344242,
            0.06344242,
            0.06822978,
            0.06822978,
            0.06909451
        ],
        [
            0.06816459999999999,
            0.00092993,
            0.0,
            0.00280211,
            0.0037390899999999996,
            0.00280211,
            0.0334944,
            0.03349675,
            0.03162641,
            0.03443898,
            0.03538757,
            0.03538757,
            0.036006699999999996,
            0.036006699999999996,
            0.03694499,
            0.036006699999999996,
            0.036006699999999996,
            0.036006699999999996,
            0.038127999999999995,
            0.0490282,
            0.05090279,
            0.05090279,
            0.04975132,
            0.04975132,
            0.05073473,
            0.05073473,
            0.04642885,
            0.04547331,
            0.04727035,
            0.0463275,
            0.048234149999999996,
            0.048234149999999996,
            0.04537789,
            0.04537789,
            0.04537789,
            0.04537789,
            0.04632673,
            0.04725988,
            0.050968610000000004,
            0.04911116,
            0.04818591,
            0.04818591,
            0.05199567,
            0.04818591,
            0.04818461,
            0.04548758,
            0.04348298,
            0.22197229,
            0.21372368,
            0.19345046,
            0.26118909999999995,
            0.22305514,
            0.22652553,
            0.18840759,
            0.1975442,
            0.20591709,
            0.12215988,
            0.12308946000000001,
            0.12587616,
            0.12587616,
            0.12664822,
            0.12664822,
            0.12481492,
            0.1257216,
            0.14993289,
            0.14993289,
            0.12575042,
            0.12478874000000001,
            0.12478874000000001,
            0.12478874000000001,
            0.12478874000000001,
            0.12334564,
            0.1242663,
            0.12334355,
            0.12334355,
            0.12334355,
            0.12334086,
            0.12241824000000001,
            0.12149603,
            0.06251251,
            0.06251251,
            0.06729987,
            0.06729987,
            0.06816459999999999
        ],
        [
            0.06722605,
            0.00373202,
            0.00280211,
            0.0,
            0.000937,
            2e-08,
            0.032555850000000004,
            0.0325582,
            0.030687860000000004,
            0.033500430000000005,
            0.034449020000000004,
            0.034449020000000004,
            0.03506815,
            0.03506815,
            0.03600644,
            0.03506815,
            0.03506815,
            0.03506815,
            0.03718945,
            0.048089650000000005,
            0.04996424000000001,
            0.04996424000000001,
            0.048812770000000005,
            0.048812770000000005,
            0.04979618,
            0.04979618,
            0.045490300000000004,
            0.04453476000000001,
            0.046331800000000006,
            0.045388950000000004,
            0.0472956,
            0.0472956,
            0.04443934,
            0.04443934,
            0.04443934,
            0.04443934,
            0.04538818000000001,
            0.04632133,
            0.05003006000000001,
            0.048172610000000005,
            0.04724736,
            0.04724736,
            0.051057120000000004,
            0.04724736,
            0.047246060000000006,
            0.04454903,
            0.04254443,
            0.22103373999999998,
            0.21278513,
            0.19251190999999998,
            0.26025054999999997,
            0.22211659,
            0.22558698,
            0.18746904,
            0.19660565,
            0.20497854,
            0.12122132999999999,
            0.12215091,
            0.12493761,
            0.12493761,
            0.12570967,
            0.12570967,
            0.12387637000000001,
            0.12478305,
            0.14899434,
            0.14899434,
            0.12481186999999999,
            0.12385019,
            0.12385019,
            0.12385019,
            0.12385019,
            0.12240709,
            0.12332774999999999,
            0.12240499999999999,
            0.12240499999999999,
            0.12240499999999999,
            0.12240230999999999,
            0.12147969,
            0.12055748,
            0.06157396,
            0.06157396,
            0.06636132,
            0.06636132,
            0.06722605
        ],
        [
            0.06816303,
            0.0046689999999999995,
            0.0037390899999999996,
            0.000937,
            0.0,
            0.000937,
            0.03349283,
            0.03349518,
            0.03162484,
            0.03443741,
            0.035386,
            0.035386,
            0.036005129999999996,
            0.036005129999999996,
            0.03694342,
            0.036005129999999996,
            0.036005129999999996,
            0.036005129999999996,
            0.038126429999999996,
            0.04902663,
            0.050901220000000004,
            0.050901220000000004,
            0.04974975,
            0.04974975,
            0.05073316,
            0.05073316,
            0.04642728,
            0.045471740000000004,
            0.04726878,
            0.04632593,
            0.04823258,
            0.04823258,
            0.04537632,
            0.04537632,
            0.04537632,
            0.04537632,
            0.046325160000000004,
            0.04725831,
            0.050967040000000005,
            0.04910959,
            0.04818434,
            0.04818434,
            0.0519941,
            0.04818434,
            0.04818304,
            0.04548601,
            0.04348141,
            0.22197071999999998,
            0.21372211,
            0.19344888999999998,
            0.26118752999999995,
            0.22305357,
            0.22652396,
            0.18840602,
            0.19754263,
            0.20591552,
            0.12215830999999999,
            0.12308789,
            0.12587459,
            0.12587459,
            0.12664665,
            0.12664665,
            0.12481335,
            0.12572002999999998,
            0.14993132,
            0.14993132,
            0.12574885,
            0.12478717,
            0.12478717,
            0.12478717,
            0.12478717,
            0.12334407,
            0.12426472999999999,
            0.12334197999999999,
            0.12334197999999999,
            0.12334197999999999,
            0.12333928999999999,
            0.12241667,
            0.12149446,
            0.06251094,
            0.06251094,
            0.0672983,
            0.0672983,
            0.06816303
        ],
        [
            0.06722605,
            0.00373202,
            0.00280211,
            2e-08,
            0.000937,
            0.0,
            0.032555850000000004,
            0.0325582,
            0.030687860000000004,
            0.033500430000000005,
            0.034449020000000004,
            0.034449020000000004,
            0.03506815,
            0.03506815,
            0.03600644,
            0.03506815,
            0.03506815,
            0.03506815,
            0.03718945,
            0.048089650000000005,
            0.04996424000000001,
            0.04996424000000001,
            0.048812770000000005,
            0.048812770000000005,
            0.04979618,
            0.04979618,
            0.045490300000000004,
            0.04453476000000001,
            0.046331800000000006,
            0.045388950000000004,
            0.0472956,
            0.0472956,
            0.04443934,
            0.04443934,
            0.04443934,
            0.04443934,
            0.04538818000000001,
            0.04632133,
            0.05003006000000001,
            0.048172610000000005,
            0.04724736,
            0.04724736,
            0.051057120000000004,
            0.04724736,
            0.047246060000000006,
            0.04454903,
            0.04254443,
            0.22103373999999998,
            0.21278513,
            0.19251190999999998,
            0.26025054999999997,
            0.22211659,
            0.22558698,
            0.18746904,
            0.19660565,
            0.20497854,
            0.12122132999999999,
            0.12215091,
            0.12493761,
            0.12493761,
            0.12570967,
            0.12570967,
            0.12387637000000001,
            0.12478305,
            0.14899434,
            0.14899434,
            0.12481186999999999,
            0.12385019,
            0.12385019,
            0.12385019,
            0.12385019,
            0.12240709,
            0.12332774999999999,
            0.12240499999999999,
            0.12240499999999999,
            0.12240499999999999,
            0.12240230999999999,
            0.12147969,
            0.12055748,
            0.06157396,
            0.06157396,
            0.06636132,
            0.06636132,
            0.06722605
        ],
        [
            0.07760712,
            0.03442431,
            0.0334944,
            0.032555850000000004,
            0.03349283,
            0.032555850000000004,
            0.0,
            0.00187259,
            0.0018680099999999998,
            0.00468058,
            0.00981435,
            0.00981435,
            0.0260022,
            0.0260022,
            0.026940489999999997,
            0.0260022,
            0.0260022,
            0.0260022,
            0.0281235,
            0.0479131,
            0.04978769,
            0.04978769,
            0.04863622,
            0.04863622,
            0.04961963,
            0.04961963,
            0.04531375,
            0.04435821,
            0.04615525,
            0.0452124,
            0.047119049999999996,
            0.047119049999999996,
            0.044262789999999996,
            0.044262789999999996,
            0.044262789999999996,
            0.044262789999999996,
            0.04521163,
            0.046144779999999996,
            0.049853510000000004,
            0.04799606,
            0.047070810000000005,
            0.047070810000000005,
            0.05088057,
            0.047070810000000005,
            0.04706951,
            0.044372480000000006,
            0.04236788,
            0.23141480999999997,
            0.22316619999999998,
            0.20289298,
            0.27063161999999996,
            0.23249766,
            0.23596804999999998,
            0.19785011000000002,
            0.20698672,
            0.21535960999999998,
            0.1316024,
            0.13253198,
            0.13531868,
            0.13531868,
            0.13609074,
            0.13609074,
            0.13425744,
            0.13516412,
            0.15937541,
            0.15937541,
            0.13519293999999998,
            0.13423126000000002,
            0.13423126000000002,
            0.13423126000000002,
            0.13423126000000002,
            0.13278816,
            0.13370882,
            0.13278606999999998,
            0.13278606999999998,
            0.13278606999999998,
            0.13278338,
            0.13186076000000002,
            0.13093855,
            0.07195503,
            0.07195503,
            0.07674239000000001,
            0.07674239000000001,
            0.07760712
        ],
        [
            0.07760947,
            0.03442666,
            0.03349675,
            0.0325582,
            0.03349518,
            0.0325582,
            0.00187259,
            0.0,
            0.00187036,
            0.00468293,
            0.0098167,
            0.0098167,
            0.026004549999999998,
            0.026004549999999998,
            0.026942839999999996,
            0.026004549999999998,
            0.026004549999999998,
            0.026004549999999998,
            0.028125849999999997,
            0.04791545,
            0.04979004,
            0.04979004,
            0.04863857,
            0.04863857,
            0.049621979999999996,
            0.049621979999999996,
            0.0453161,
            0.04436056,
            0.0461576,
            0.04521475,
            0.047121399999999994,
            0.047121399999999994,
            0.044265139999999994,
            0.044265139999999994,
            0.044265139999999994,
            0.044265139999999994,
            0.04521398,
            0.046147129999999995,
            0.04985586,
            0.04799841,
            0.04707316,
            0.04707316,
            0.05088292,
            0.04707316,
            0.04707186,
            0.044374830000000004,
            0.042370229999999995,
            0.23141715999999998,
            0.22316855,
            0.20289532999999998,
            0.27063397,
            0.23250001,
            0.2359704,
            0.19785246,
            0.20698907,
            0.21536196,
            0.13160475,
            0.13253433,
            0.13532103,
            0.13532103,
            0.13609309,
            0.13609309,
            0.13425979,
            0.13516646999999998,
            0.15937776,
            0.15937776,
            0.13519529,
            0.13423361,
            0.13423361,
            0.13423361,
            0.13423361,
            0.13279051,
            0.13371117,
            0.13278842,
            0.13278842,
            0.13278842,
            0.13278573,
            0.13186311,
            0.1309409,
            0.07195738,
            0.07195738,
            0.07674474,
            0.07674474,
            0.07760947
        ],
        [
            0.07573913,
            0.03255632,
            0.03162641,
            0.030687860000000004,
            0.03162484,
            0.030687860000000004,
            0.0018680099999999998,
            0.00187036,
            0.0,
            0.00281259,
            0.00794636,
            0.00794636,
            0.02413421,
            0.02413421,
            0.025072499999999998,
            0.02413421,
            0.02413421,
            0.02413421,
            0.02625551,
            0.04604511,
            0.0479197,
            0.0479197,
            0.04676823,
            0.04676823,
            0.04775164,
            0.04775164,
            0.04344576,
            0.04249022,
            0.04428726,
            0.04334441,
            0.045251059999999996,
            0.045251059999999996,
            0.042394799999999996,
            0.042394799999999996,
            0.042394799999999996,
            0.042394799999999996,
            0.04334364,
            0.044276789999999996,
            0.047985520000000004,
            0.04612807,
            0.045202820000000005,
            0.045202820000000005,
            0.04901258,
            0.045202820000000005,
            0.04520152,
            0.042504490000000006,
            0.04049989,
            0.22954681999999998,
            0.22129821,
            0.20102499,
            0.26876363,
            0.23062967,
            0.23410006,
            0.19598212,
            0.20511873,
            0.21349162,
            0.12973441,
            0.13066399,
            0.13345068999999998,
            0.13345068999999998,
            0.13422275,
            0.13422275,
            0.13238945000000002,
            0.13329613,
            0.15750742,
            0.15750742,
            0.13332495,
            0.13236327,
            0.13236327,
            0.13236327,
            0.13236327,
            0.13092017,
            0.13184083,
            0.13091808,
            0.13091808,
            0.13091808,
            0.13091539,
            0.12999277,
            0.12907056,
            0.07008704,
            0.07008704,
            0.07487440000000001,
            0.07487440000000001,
            0.07573913
        ],
        [
            0.0785517,
            0.03536889,
            0.03443898,
            0.033500430000000005,
            0.03443741,
            0.033500430000000005,
            0.00468058,
            0.00468293,
            0.00281259,
            0.0,
            0.01075893,
            0.01075893,
            0.02694678,
            0.02694678,
            0.027885069999999998,
            0.02694678,
            0.02694678,
            0.02694678,
            0.02906808,
            0.04885768,
            0.05073227,
            0.05073227,
            0.0495808,
            0.0495808,
            0.05056421,
            0.05056421,
            0.04625833,
            0.04530279,
            0.04709983,
            0.04615698,
            0.048063629999999996,
            0.048063629999999996,
            0.04520737,
            0.04520737,
            0.04520737,
            0.04520737,
            0.04615621,
            0.04708936,
            0.050798090000000004,
            0.04894064,
            0.048015390000000005,
            0.048015390000000005,
            0.05182515,
            0.048015390000000005,
            0.04801409,
            0.045317060000000006,
            0.04331246,
            0.23235939,
            0.22411078,
            0.20383755999999997,
            0.2715762,
            0.23344224000000002,
            0.23691263,
            0.19879469,
            0.20793129999999999,
            0.21630419,
            0.13254697999999998,
            0.13347656000000002,
            0.13626326,
            0.13626326,
            0.13703532000000002,
            0.13703532000000002,
            0.13520202,
            0.1361087,
            0.16031999000000002,
            0.16031999000000002,
            0.13613752,
            0.13517584,
            0.13517584,
            0.13517584,
            0.13517584,
            0.13373274000000002,
            0.13465339999999998,
            0.13373065,
            0.13373065,
            0.13373065,
            0.13372795999999998,
            0.13280534,
            0.13188313000000002,
            0.07289961,
            0.07289961,
            0.07768697000000001,
            0.07768697000000001,
            0.0785517
        ],
        [
            0.07950029,
            0.03631748,
            0.03538757,
            0.034449020000000004,
            0.035386,
            0.034449020000000004,
            0.00981435,
            0.0098167,
            0.00794636,
            0.01075893,
            0.0,
            2e-08,
            0.02789537,
            0.02789537,
            0.028833659999999997,
            0.02789537,
            0.02789537,
            0.02789537,
            0.03001667,
            0.04980627,
            0.05168086,
            0.05168086,
            0.05052939,
            0.05052939,
            0.0515128,
            0.0515128,
            0.04720692,
            0.04625138,
            0.04804842,
            0.04710557,
            0.049012219999999995,
            0.049012219999999995,
            0.046155959999999996,
            0.046155959999999996,
            0.046155959999999996,
            0.046155959999999996,
            0.0471048,
            0.048037949999999996,
            0.05174668,
            0.04988923,
            0.048963980000000004,
            0.048963980000000004,
            0.05277374,
            0.048963980000000004,
            0.04896268,
            0.046265650000000005,
            0.044261049999999996,
            0.23330797999999997,
            0.22505936999999998,
            0.20478615,
            0.27252478999999996,
            0.23439083,
            0.23786121999999998,
            0.19974328000000002,
            0.20887989,
            0.21725277999999998,
            0.13349557,
            0.13442515,
            0.13721185,
            0.13721185,
            0.13798391,
            0.13798391,
            0.13615061,
            0.13705729,
            0.16126858,
            0.16126858,
            0.13708610999999998,
            0.13612443000000002,
            0.13612443000000002,
            0.13612443000000002,
            0.13612443000000002,
            0.13468133,
            0.13560199,
            0.13467923999999998,
            0.13467923999999998,
            0.13467923999999998,
            0.13467655,
            0.13375393000000002,
            0.13283172,
            0.0738482,
            0.0738482,
            0.07863556000000001,
            0.07863556000000001,
            0.07950029
        ],
        [
            0.07950029,
            0.03631748,
            0.03538757,
            0.034449020000000004,
            0.035386,
            0.034449020000000004,
            0.00981435,
            0.0098167,
            0.00794636,
            0.01075893,
            2e-08,
            0.0,
            0.02789537,
            0.02789537,
            0.028833659999999997,
            0.02789537,
            0.02789537,
            0.02789537,
            0.03001667,
            0.04980627,
            0.05168086,
            0.05168086,
            0.05052939,
            0.05052939,
            0.0515128,
            0.0515128,
            0.04720692,
            0.04625138,
            0.04804842,
            0.04710557,
            0.049012219999999995,
            0.049012219999999995,
            0.046155959999999996,
            0.046155959999999996,
            0.046155959999999996,
            0.046155959999999996,
            0.0471048,
            0.048037949999999996,
            0.05174668,
            0.04988923,
            0.048963980000000004,
            0.048963980000000004,
            0.05277374,
            0.048963980000000004,
            0.04896268,
            0.046265650000000005,
            0.044261049999999996,
            0.23330797999999997,
            0.22505936999999998,
            0.20478615,
            0.27252478999999996,
            0.23439083,
            0.23786121999999998,
            0.19974328000000002,
            0.20887989,
            0.21725277999999998,
            0.13349557,
            0.13442515,
            0.13721185,
            0.13721185,
            0.13798391,
            0.13798391,
            0.13615061,
            0.13705729,
            0.16126858,
            0.16126858,
            0.13708610999999998,
            0.13612443000000002,
            0.13612443000000002,
            0.13612443000000002,
            0.13612443000000002,
            0.13468133,
            0.13560199,
            0.13467923999999998,
            0.13467923999999998,
            0.13467923999999998,
            0.13467655,
            0.13375393000000002,
            0.13283172,
            0.0738482,
            0.0738482,
            0.07863556000000001,
            0.07863556000000001,
            0.07950029
        ],
        [
            0.08011942,
            0.036936609999999995,
            0.036006699999999996,
            0.03506815,
            0.036005129999999996,
            0.03506815,
            0.0260022,
            0.026004549999999998,
            0.02413421,
            0.02694678,
            0.02789537,
            0.02789537,
            0.0,
            2e-08,
            0.00093831,
            2e-08,
            2e-08,
            2e-08,
            0.00212132,
            0.050425399999999995,
            0.052299990000000005,
            0.052299990000000005,
            0.05114852,
            0.05114852,
            0.05213192999999999,
            0.05213192999999999,
            0.047826049999999995,
            0.046870510000000004,
            0.048667550000000004,
            0.047724699999999995,
            0.04963135,
            0.04963135,
            0.04677509,
            0.04677509,
            0.04677509,
            0.04677509,
            0.04772393,
            0.04865708,
            0.05236581,
            0.05050836,
            0.04958311,
            0.04958311,
            0.053392869999999995,
            0.04958311,
            0.049581810000000004,
            0.04688478,
            0.04488018,
            0.23392711,
            0.2256785,
            0.20540527999999997,
            0.27314392,
            0.23500996000000002,
            0.23848035,
            0.20036241,
            0.20949901999999998,
            0.21787191,
            0.13411469999999998,
            0.13504428000000002,
            0.13783098,
            0.13783098,
            0.13860304,
            0.13860304,
            0.13676974,
            0.13767642,
            0.16188771000000002,
            0.16188771000000002,
            0.13770524,
            0.13674356,
            0.13674356,
            0.13674356,
            0.13674356,
            0.13530046,
            0.13622111999999997,
            0.13529837,
            0.13529837,
            0.13529837,
            0.13529567999999997,
            0.13437306,
            0.13345085,
            0.07446733,
            0.07446733,
            0.07925469,
            0.07925469,
            0.08011942
        ],
        [
            0.08011942,
            0.036936609999999995,
            0.036006699999999996,
            0.03506815,
            0.036005129999999996,
            0.03506815,
            0.0260022,
            0.026004549999999998,
            0.02413421,
            0.02694678,
            0.02789537,
            0.02789537,
            2e-08,
            0.0,
            0.00093831,
            2e-08,
            2e-08,
            2e-08,
            0.00212132,
            0.050425399999999995,
            0.052299990000000005,
            0.052299990000000005,
            0.05114852,
            0.05114852,
            0.05213192999999999,
            0.05213192999999999,
            0.047826049999999995,
            0.046870510000000004,
            0.048667550000000004,
            0.047724699999999995,
            0.04963135,
            0.04963135,
            0.04677509,
            0.04677509,
            0.04677509,
            0.04677509,
            0.04772393,
            0.04865708,
            0.05236581,
            0.05050836,
            0.04958311,
            0.04958311,
            0.053392869999999995,
            0.04958311,
            0.049581810000000004,
            0.04688478,
            0.04488018,
            0.23392711,
            0.2256785,
            0.20540527999999997,
            0.27314392,
            0.23500996000000002,
            0.23848035,
            0.20036241,
            0.20949901999999998,
            0.21787191,
            0.13411469999999998,
            0.13504428000000002,
            0.13783098,
            0.13783098,
            0.13860304,
            0.13860304,
            0.13676974,
            0.13767642,
            0.16188771000000002,
            0.16188771000000002,
            0.13770524,
            0.13674356,
            0.13674356,
            0.13674356,
            0.13674356,
            0.13530046,
            0.13622111999999997,
            0.13529837,
            0.13529837,
            0.13529837,
            0.13529567999999997,
            0.13437306,
            0.13345085,
            0.07446733,
            0.07446733,
            0.07925469,
            0.07925469,
            0.08011942
        ],
        [
            0.08105770999999999,
            0.0378749,
            0.03694499,
            0.03600644,
            0.03694342,
            0.03600644,
            0.026940489999999997,
            0.026942839999999996,
            0.025072499999999998,
            0.027885069999999998,
            0.028833659999999997,
            0.028833659999999997,
            0.00093831,
            0.00093831,
            0.0,
            0.00093831,
            0.00093831,
            0.00093831,
            0.00305961,
            0.051363690000000004,
            0.05323828,
            0.05323828,
            0.05208681,
            0.05208681,
            0.05307022,
            0.05307022,
            0.04876434,
            0.0478088,
            0.04960584,
            0.04866299,
            0.05056964,
            0.05056964,
            0.04771338,
            0.04771338,
            0.04771338,
            0.04771338,
            0.048662220000000006,
            0.04959537,
            0.05330410000000001,
            0.05144665,
            0.0505214,
            0.0505214,
            0.05433116,
            0.0505214,
            0.0505201,
            0.04782307,
            0.04581847,
            0.23486539999999997,
            0.22661678999999998,
            0.20634356999999998,
            0.27408221,
            0.23594825,
            0.23941864,
            0.2013007,
            0.21043731,
            0.21881019999999998,
            0.13505298999999998,
            0.13598257,
            0.13876927,
            0.13876927,
            0.13954133,
            0.13954133,
            0.13770803,
            0.13861471,
            0.162826,
            0.162826,
            0.13864353,
            0.13768185,
            0.13768185,
            0.13768185,
            0.13768185,
            0.13623875,
            0.13715940999999998,
            0.13623665999999998,
            0.13623665999999998,
            0.13623665999999998,
            0.13623396999999998,
            0.13531135,
            0.13438914,
            0.07540561999999999,
            0.07540561999999999,
            0.08019298,
            0.08019298,
            0.08105770999999999
        ],
        [
            0.08011942,
            0.036936609999999995,
            0.036006699999999996,
            0.03506815,
            0.036005129999999996,
            0.03506815,
            0.0260022,
            0.026004549999999998,
            0.02413421,
            0.02694678,
            0.02789537,
            0.02789537,
            2e-08,
            2e-08,
            0.00093831,
            0.0,
            2e-08,
            2e-08,
            0.00212132,
            0.050425399999999995,
            0.052299990000000005,
            0.052299990000000005,
            0.05114852,
            0.05114852,
            0.05213192999999999,
            0.05213192999999999,
            0.047826049999999995,
            0.046870510000000004,
            0.048667550000000004,
            0.047724699999999995,
            0.04963135,
            0.04963135,
            0.04677509,
            0.04677509,
            0.04677509,
            0.04677509,
            0.04772393,
            0.04865708,
            0.05236581,
            0.05050836,
            0.04958311,
            0.04958311,
            0.053392869999999995,
            0.04958311,
            0.049581810000000004,
            0.04688478,
            0.04488018,
            0.23392711,
            0.2256785,
            0.20540527999999997,
            0.27314392,
            0.23500996000000002,
            0.23848035,
            0.20036241,
            0.20949901999999998,
            0.21787191,
            0.13411469999999998,
            0.13504428000000002,
            0.13783098,
            0.13783098,
            0.13860304,
            0.13860304,
            0.13676974,
            0.13767642,
            0.16188771000000002,
            0.16188771000000002,
            0.13770524,
            0.13674356,
            0.13674356,
            0.13674356,
            0.13674356,
            0.13530046,
            0.13622111999999997,
            0.13529837,
            0.13529837,
            0.13529837,
            0.13529567999999997,
            0.13437306,
            0.13345085,
            0.07446733,
            0.07446733,
            0.07925469,
            0.07925469,
            0.08011942
        ],
        [
            0.08011942,
            0.036936609999999995,
            0.036006699999999996,
            0.03506815,
            0.036005129999999996,
            0.03506815,
            0.0260022,
            0.026004549999999998,
            0.02413421,
            0.02694678,
            0.02789537,
            0.02789537,
            2e-08,
            2e-08,
            0.00093831,
            2e-08,
            0.0,
            2e-08,
            0.00212132,
            0.050425399999999995,
            0.052299990000000005,
            0.052299990000000005,
            0.05114852,
            0.05114852,
            0.05213192999999999,
            0.05213192999999999,
            0.047826049999999995,
            0.046870510000000004,
            0.048667550000000004,
            0.047724699999999995,
            0.04963135,
            0.04963135,
            0.04677509,
            0.04677509,
            0.04677509,
            0.04677509,
            0.04772393,
            0.04865708,
            0.05236581,
            0.05050836,
            0.04958311,
            0.04958311,
            0.053392869999999995,
            0.04958311,
            0.049581810000000004,
            0.04688478,
            0.04488018,
            0.23392711,
            0.2256785,
            0.20540527999999997,
            0.27314392,
            0.23500996000000002,
            0.23848035,
            0.20036241,
            0.20949901999999998,
            0.21787191,
            0.13411469999999998,
            0.13504428000000002,
            0.13783098,
            0.13783098,
            0.13860304,
            0.13860304,
            0.13676974,
            0.13767642,
            0.16188771000000002,
            0.16188771000000002,
            0.13770524,
            0.13674356,
            0.13674356,
            0.13674356,
            0.13674356,
            0.13530046,
