{
    "NEXUS_FILE_URL": "http://purl.org/phylo/treebase/phylows/study/TB2:S14246",
    "NEWICK_TREE": "(19:0.13722202,(((17:1.0E-8,18:0.00815947):0.01834255,(15:0.01521784,((12:0.01684556,13:0.00351608):0.01694158,(14:0.0036752,16:1.0E-8):1.0E-8):0.0):0.04503205):0.00603284,((1:0.00624172,(11:0.02095306,(9:1.0E-8,10:1.0E-8):0.00510324):0.00412151):0.00631317,(2:0.0162694,(6:0.00360685,(5:0.00724433,(8:0.00361355,(3:1.0E-8,(4:0.00360688,7:1.0E-8):1.0E-8):1.0E-8):1.0E-8):8.0E-7):0.01424913):0.00912464):0.02471927):0.13722202);",
    "DISTANCE_MATRIX": [
        [
            0.0,
            0.29881944,
            0.3069789,
            0.34072677,
            0.35929606999999997,
            0.34596659,
            0.32918413999999996,
            0.32550895,
            0.3117182,
            0.33055105,
            0.31470124,
            0.31470124,
            0.32455734999999997,
            0.32614392999999997,
            0.32978221,
            0.32615144,
            0.32253791,
            0.32614479,
            0.32253792000000003
        ],
        [
            0.29881944,
            0.0,
            0.00815948,
            0.07859245000000001,
            0.09716174999999999,
            0.08383227000000001,
            0.06704982,
            0.06337463,
            0.061649560000000006,
            0.08048241,
            0.0646326,
            0.0646326,
            0.07448871,
            0.07607529,
            0.07971357000000001,
            0.0760828,
            0.07246927,
            0.07607615000000001,
            0.07246928000000001
        ],
        [
            0.3069789,
            0.00815948,
            0.0,
            0.08675191,
            0.10532121,
            0.09199173000000001,
            0.07520927999999999,
            0.07153409,
            0.06980902,
            0.08864187,
            0.07279205999999999,
            0.07279205999999999,
            0.08264816999999999,
            0.08423475,
            0.08787303,
            0.08424226,
            0.08062873000000001,
            0.08423561,
            0.08062874
        ],
        [
            0.34072677,
            0.07859245000000001,
            0.08675191,
            0.0,
            0.049004980000000004,
            0.0356755,
            0.01889305,
            0.01521786,
            0.10355689,
            0.12238974,
            0.10653993,
            0.10653993,
            0.11639604,
            0.11798262,
            0.1216209,
            0.11799013,
            0.1143766,
            0.11798348,
            0.11437661
        ],
        [
            0.35929606999999997,
            0.09716174999999999,
            0.10532121,
            0.049004980000000004,
            0.0,
            0.02036164,
            0.03746235,
            0.033787160000000004,
            0.12212619,
            0.14095903999999998,
            0.12510923,
            0.12510923,
            0.13496534,
            0.13655192,
            0.1401902,
            0.13655942999999998,
            0.1329459,
            0.13655277999999998,
            0.13294591
        ],
        [
            0.34596659,
            0.08383227000000001,
            0.09199173000000001,
            0.0356755,
            0.02036164,
            0.0,
            0.02413287,
            0.020457680000000002,
            0.10879671,
            0.12762956,
            0.11177975000000001,
            0.11177975000000001,
            0.12163586000000001,
            0.12322244,
            0.12686072,
            0.12322995,
            0.11961642,
            0.12322330000000001,
            0.11961643000000001
        ],
        [
            0.32918413999999996,
            0.06704982,
            0.07520927999999999,
            0.01889305,
            0.03746235,
            0.02413287,
            0.0,
            0.00367521,
            0.09201425999999999,
            0.11084711,
            0.09499729999999999,
            0.09499729999999999,
            0.10485341,
            0.10643998999999998,
            0.11007827,
            0.1064475,
            0.10283397,
            0.10644085,
            0.10283397999999999
        ],
        [
            0.32550895,
            0.06337463,
            0.07153409,
            0.01521786,
            0.033787160000000004,
            0.020457680000000002,
            0.00367521,
            0.0,
            0.08833906999999999,
            0.10717192,
            0.09132211,
            0.09132211,
            0.10117822,
            0.10276479999999999,
            0.10640308000000001,
            0.10277231,
            0.09915878,
            0.10276566000000001,
            0.09915879
        ],
        [
            0.3117182,
            0.061649560000000006,
            0.06980902,
            0.10355689,
            0.12212619,
            0.10879671,
            0.09201425999999999,
            0.08833906999999999,
            0.0,
            0.03131629,
            0.015466480000000001,
            0.015466480000000001,
            0.03794893,
            0.039535509999999996,
            0.043173790000000004,
            0.03954302,
            0.03592949,
            0.03953637,
            0.0359295
        ],
        [
            0.33055105,
            0.08048241,
            0.08864187,
            0.12238974,
            0.14095903999999998,
            0.12762956,
            0.11084711,
            0.10717192,
            0.03131629,
            0.0,
            0.02605631,
            0.02605631,
            0.05678178,
            0.058368359999999994,
            0.06200664,
            0.058375869999999996,
            0.05476234,
            0.05836922,
            0.05476235
        ],
        [
            0.31470124,
            0.0646326,
            0.07279205999999999,
            0.10653993,
            0.12510923,
            0.11177975000000001,
            0.09499729999999999,
            0.09132211,
            0.015466480000000001,
            0.02605631,
            0.0,
            2e-08,
            0.04093197,
            0.04251855,
            0.04615683,
            0.04252606,
            0.03891253,
            0.04251941,
            0.03891254
        ],
        [
            0.31470124,
            0.0646326,
            0.07279205999999999,
            0.10653993,
            0.12510923,
            0.11177975000000001,
            0.09499729999999999,
            0.09132211,
            0.015466480000000001,
            0.02605631,
            2e-08,
            0.0,
            0.04093197,
            0.04251855,
            0.04615683,
            0.04252606,
            0.03891253,
            0.04251941,
            0.03891254
        ],
        [
            0.32455734999999997,
            0.07448871,
            0.08264816999999999,
            0.11639604,
            0.13496534,
            0.12163586000000001,
            0.10485341,
            0.10117822,
            0.03794893,
            0.05678178,
            0.04093197,
            0.04093197,
            0.0,
            0.03412538,
            0.037763660000000004,
            0.03413289,
            0.030519360000000002,
            0.03412624,
            0.03051937
        ],
        [
            0.32614392999999997,
            0.07607529,
            0.08423475,
            0.11798262,
            0.13655192,
            0.12322244,
            0.10643998999999998,
            0.10276479999999999,
            0.039535509999999996,
            0.058368359999999994,
            0.04251855,
            0.04251855,
            0.03412538,
            0.0,
            0.01085198,
            0.0072212100000000005,
            0.00360768,
            0.00721456,
            0.00360769
        ],
        [
            0.32978221,
            0.07971357000000001,
            0.08787303,
            0.1216209,
            0.1401902,
            0.12686072,
            0.11007827,
            0.10640308000000001,
            0.043173790000000004,
            0.06200664,
            0.04615683,
            0.04615683,
            0.037763660000000004,
            0.01085198,
            0.0,
            0.01085789,
            0.00724436,
            0.01085124,
            0.00724437
        ],
        [
            0.32615144,
            0.0760828,
            0.08424226,
            0.11799013,
            0.13655942999999998,
            0.12322995,
            0.1064475,
            0.10277231,
            0.03954302,
            0.058375869999999996,
            0.04252606,
            0.04252606,
            0.03413289,
            0.0072212100000000005,
            0.01085789,
            0.0,
            0.00361357,
            0.00722045,
            0.00361358
        ],
        [
            0.32253791,
            0.07246927,
            0.08062873000000001,
            0.1143766,
            0.1329459,
            0.11961642,
            0.10283397,
            0.09915878,
            0.03592949,
            0.05476234,
            0.03891253,
            0.03891253,
            0.030519360000000002,
            0.00360768,
            0.00724436,
            0.00361357,
            0.0,
            0.0036068999999999997,
            3.0000000000000004e-08
        ],
        [
            0.32614479,
            0.07607615000000001,
            0.08423561,
            0.11798348,
            0.13655277999999998,
            0.12322330000000001,
            0.10644085,
            0.10276566000000001,
            0.03953637,
            0.05836922,
            0.04251941,
            0.04251941,
            0.03412624,
            0.00721456,
            0.01085124,
            0.00722045,
            0.0036068999999999997,
            0.0,
            0.0036068899999999997
        ],
        [
            0.32253792000000003,
            0.07246928000000001,
            0.08062874,
            0.11437661,
            0.13294591,
            0.11961643000000001,
            0.10283397999999999,
            0.09915879,
            0.0359295,
            0.05476235,
            0.03891254,
            0.03891254,
            0.03051937,
            0.00360769,
            0.00724437,
            0.00361358,
            3.0000000000000004e-08,
            0.0036068899999999997,
            0.0
        ]
    ],
    "NODE_MAPPING": {
        "0": "19",
        "1": "17",
        "2": "18",
        "3": "15",
        "4": "12",
        "5": "13",
        "6": "14",
        "7": "16",
        "8": "1",
        "9": "11",
        "10": "9",
        "11": "10",
        "12": "2",
        "13": "6",
        "14": "5",
        "15": "8",
        "16": "3",
        "17": "4",
        "18": "7"
    }
}