{
    "NEXUS_FILE_URL": "http://purl.org/phylo/treebase/phylows/study/TB2:S12410",
    "NEWICK_TREE": "(((((1:12.46954538000685,2:12.46954538000685):3.1064361570994983,(3:0.630385629817436,4:0.630385629817436):14.94559590728884):6.4615406091161525,(((5:10.486927937348899,((6:1.7710755238844502,7:1.7710755238844502):1.724513465271249,8:3.4955889891557916):6.9913389481931):4.2311367581301,(9:9.44540584487499,(10:3.246164233224741,11:3.246164233224741):6.199241611650249):5.272658850604001):2.3787060239450017,(((((((12:0.6394523348144432,(13:0.214800658702206,14:0.21480065870220244):0.42465167611224075):1.1851312009065502,15:1.8245835357210005):5.426013499988802,(16:1.5996374633013986,17:1.5996374633013986):5.650959572408404):0.4376614693334986,18:7.688258505043308):2.715531784057003,(19:6.9139755658595945,(20:1.8789278887197725,21:1.8789278887197725):5.035047677139794):3.4898147232408085):1.662088162163041,(22:3.3820340446003527,23:3.382034044600351):8.683844406663095):0.9480526731909578,24:13.013931124454494):4.082839594969499):4.940751426798499):2.7545094209844976,(25:6.004610907217003,(26:1.0678145637495007,27:1.0678145637495007):4.936796343467503):18.787420659989994):9.605495737029003,((28:17.488907113718252,(29:13.325120053799498,30:13.325120053799498):4.163787059918754):5.633900471367749,31:23.122807585086):11.27471971915);",
    "DISTANCE_MATRIX": [
        [
            0.0,
            24.9390907600137,
            31.151963074212624,
            31.151963074212624,
            44.075044292445,
            44.0750442924449,
            44.0750442924449,
            44.07504429244499,
            44.07504429244499,
            44.07504429244499,
            44.07504429244499,
            44.075044292444794,
            44.0750442924448,
            44.075044292444794,
            44.0750442924448,
            44.0750442924448,
            44.0750442924448,
            44.07504429244481,
            44.0750442924449,
            44.07504429244487,
            44.07504429244487,
            44.0750442924449,
            44.0750442924449,
            44.07504429244499,
            49.584063134413995,
            49.584063134413995,
            49.584063134413995,
            68.795054608472,
            68.795054608472,
            68.795054608472,
            68.795054608472
        ],
        [
            24.9390907600137,
            0.0,
            31.151963074212624,
            31.151963074212624,
            44.075044292445,
            44.0750442924449,
            44.0750442924449,
            44.07504429244499,
            44.07504429244499,
            44.07504429244499,
            44.07504429244499,
            44.075044292444794,
            44.0750442924448,
            44.075044292444794,
            44.0750442924448,
            44.0750442924448,
            44.0750442924448,
            44.07504429244481,
            44.0750442924449,
            44.07504429244487,
            44.07504429244487,
            44.0750442924449,
            44.0750442924449,
            44.07504429244499,
            49.584063134413995,
            49.584063134413995,
            49.584063134413995,
            68.795054608472,
            68.795054608472,
            68.795054608472,
            68.795054608472
        ],
        [
            31.151963074212624,
            31.151963074212624,
            0.0,
            1.260771259634872,
            44.07504429244493,
            44.07504429244483,
            44.07504429244483,
            44.07504429244492,
            44.07504429244492,
            44.07504429244492,
            44.07504429244492,
            44.07504429244472,
            44.07504429244473,
            44.07504429244472,
            44.07504429244473,
            44.07504429244473,
            44.07504429244473,
            44.07504429244474,
            44.07504429244483,
            44.0750442924448,
            44.0750442924448,
            44.07504429244483,
            44.07504429244483,
            44.07504429244492,
            49.584063134413924,
            49.584063134413924,
            49.584063134413924,
            68.79505460847193,
            68.79505460847193,
            68.79505460847193,
            68.79505460847193
        ],
        [
            31.151963074212624,
            31.151963074212624,
            1.260771259634872,
            0.0,
            44.07504429244493,
            44.07504429244483,
            44.07504429244483,
            44.07504429244492,
            44.07504429244492,
            44.07504429244492,
            44.07504429244492,
            44.07504429244472,
            44.07504429244473,
            44.07504429244472,
            44.07504429244473,
            44.07504429244473,
            44.07504429244473,
            44.07504429244474,
            44.07504429244483,
            44.0750442924448,
            44.0750442924448,
            44.07504429244483,
            44.07504429244483,
            44.07504429244492,
            49.584063134413924,
            49.584063134413924,
            49.584063134413924,
            68.79505460847193,
            68.79505460847193,
            68.79505460847193,
            68.79505460847193
        ],
        [
            44.075044292445,
            44.075044292445,
            44.07504429244493,
            44.07504429244493,
            0.0,
            20.973855874697698,
            20.973855874697698,
            20.97385587469779,
            29.43612939095799,
            29.43612939095799,
            29.43612939095799,
            34.193541438847795,
            34.1935414388478,
            34.193541438847795,
            34.1935414388478,
            34.1935414388478,
            34.1935414388478,
            34.19354143884781,
            34.1935414388479,
            34.19354143884787,
            34.19354143884787,
            34.1935414388479,
            34.1935414388479,
            34.193541438847994,
            49.584063134413995,
            49.584063134413995,
            49.584063134413995,
            68.795054608472,
            68.795054608472,
            68.795054608472,
            68.795054608472
        ],
        [
            44.0750442924449,
            44.0750442924449,
            44.07504429244483,
            44.07504429244483,
            20.973855874697698,
            0.0,
            3.5421510477689004,
            6.991177978311491,
            29.43612939095789,
            29.43612939095789,
            29.43612939095789,
            34.193541438847696,
            34.1935414388477,
            34.193541438847696,
            34.1935414388477,
            34.1935414388477,
            34.1935414388477,
            34.19354143884771,
            34.1935414388478,
            34.193541438847774,
            34.193541438847774,
            34.1935414388478,
            34.1935414388478,
            34.193541438847895,
            49.584063134413896,
            49.584063134413896,
            49.584063134413896,
            68.7950546084719,
            68.7950546084719,
            68.7950546084719,
            68.7950546084719
        ],
        [
            44.0750442924449,
            44.0750442924449,
            44.07504429244483,
            44.07504429244483,
            20.973855874697698,
            3.5421510477689004,
            0.0,
            6.991177978311491,
            29.43612939095789,
            29.43612939095789,
            29.43612939095789,
            34.193541438847696,
            34.1935414388477,
            34.193541438847696,
            34.1935414388477,
            34.1935414388477,
            34.1935414388477,
            34.19354143884771,
            34.1935414388478,
            34.193541438847774,
            34.193541438847774,
            34.1935414388478,
            34.1935414388478,
            34.193541438847895,
            49.584063134413896,
            49.584063134413896,
            49.584063134413896,
            68.7950546084719,
            68.7950546084719,
            68.7950546084719,
            68.7950546084719
        ],
        [
            44.07504429244499,
            44.07504429244499,
            44.07504429244492,
            44.07504429244492,
            20.97385587469779,
            6.991177978311491,
            6.991177978311491,
            0.0,
            29.436129390957984,
            29.436129390957984,
            29.436129390957984,
            34.19354143884779,
            34.19354143884779,
            34.19354143884779,
            34.193541438847795,
            34.193541438847795,
            34.193541438847795,
            34.1935414388478,
            34.193541438847895,
            34.193541438847866,
            34.193541438847866,
            34.1935414388479,
            34.193541438847895,
            34.19354143884799,
            49.58406313441399,
            49.58406313441399,
            49.58406313441399,
            68.79505460847199,
            68.79505460847199,
            68.79505460847199,
            68.79505460847199
        ],
        [
            44.07504429244499,
            44.07504429244499,
            44.07504429244492,
            44.07504429244492,
            29.43612939095799,
            29.43612939095789,
            29.43612939095789,
            29.436129390957984,
            0.0,
            18.89081168974998,
            18.89081168974998,
            34.19354143884779,
            34.19354143884779,
            34.19354143884779,
            34.193541438847795,
            34.193541438847795,
            34.193541438847795,
            34.1935414388478,
            34.193541438847895,
            34.193541438847866,
            34.193541438847866,
            34.1935414388479,
            34.193541438847895,
            34.19354143884799,
            49.58406313441399,
            49.58406313441399,
            49.58406313441399,
            68.79505460847199,
            68.79505460847199,
            68.79505460847199,
            68.79505460847199
        ],
        [
            44.07504429244499,
            44.07504429244499,
            44.07504429244492,
            44.07504429244492,
            29.43612939095799,
            29.43612939095789,
            29.43612939095789,
            29.436129390957984,
            18.89081168974998,
            0.0,
            6.492328466449482,
            34.19354143884779,
            34.19354143884779,
            34.19354143884779,
            34.193541438847795,
            34.193541438847795,
            34.193541438847795,
            34.1935414388478,
            34.193541438847895,
            34.193541438847866,
            34.193541438847866,
            34.1935414388479,
            34.193541438847895,
            34.19354143884799,
            49.58406313441399,
            49.58406313441399,
            49.58406313441399,
            68.79505460847199,
            68.79505460847199,
            68.79505460847199,
            68.79505460847199
        ],
        [
            44.07504429244499,
            44.07504429244499,
            44.07504429244492,
            44.07504429244492,
            29.43612939095799,
            29.43612939095789,
            29.43612939095789,
            29.436129390957984,
            18.89081168974998,
            6.492328466449482,
            0.0,
            34.19354143884779,
            34.19354143884779,
            34.19354143884779,
            34.193541438847795,
            34.193541438847795,
            34.193541438847795,
            34.1935414388478,
            34.193541438847895,
            34.193541438847866,
            34.193541438847866,
            34.1935414388479,
            34.193541438847895,
            34.19354143884799,
            49.58406313441399,
            49.58406313441399,
            49.58406313441399,
            68.79505460847199,
            68.79505460847199,
            68.79505460847199,
            68.79505460847199
        ],
        [
            44.075044292444794,
            44.075044292444794,
            44.07504429244472,
            44.07504429244472,
            34.193541438847795,
            34.193541438847696,
            34.193541438847696,
            34.19354143884779,
            34.19354143884779,
            34.19354143884779,
            34.19354143884779,
            0.0,
            1.27890466962889,
            1.2789046696288864,
            3.649167071441994,
            14.501194071419597,
            14.501194071419597,
            15.376517010086602,
            20.8075805782007,
            20.80758057820067,
            20.80758057820067,
            24.131756902526785,
            24.13175690252678,
            26.02786224890879,
            49.58406313441379,
            49.58406313441379,
            49.58406313441379,
            68.79505460847179,
            68.79505460847179,
            68.79505460847179,
            68.79505460847179
        ],
        [
            44.0750442924448,
            44.0750442924448,
            44.07504429244473,
            44.07504429244473,
            34.1935414388478,
            34.1935414388477,
            34.1935414388477,
            34.19354143884779,
            34.19354143884779,
            34.19354143884779,
            34.19354143884779,
            1.27890466962889,
            0.0,
            0.42960131740440843,
            3.6491670714419975,
            14.5011940714196,
            14.5011940714196,
            15.376517010086605,
            20.807580578200703,
            20.807580578200675,
            20.807580578200675,
            24.13175690252679,
            24.13175690252679,
            26.027862248908793,
            49.584063134413796,
            49.584063134413796,
            49.584063134413796,
            68.79505460847179,
            68.79505460847179,
            68.79505460847179,
            68.79505460847179
        ],
        [
            44.075044292444794,
            44.075044292444794,
            44.07504429244472,
            44.07504429244472,
            34.193541438847795,
            34.193541438847696,
            34.193541438847696,
            34.19354143884779,
            34.19354143884779,
            34.19354143884779,
            34.19354143884779,
            1.2789046696288864,
            0.42960131740440843,
            0.0,
            3.649167071441994,
            14.501194071419597,
            14.501194071419597,
            15.376517010086602,
            20.8075805782007,
            20.80758057820067,
            20.80758057820067,
            24.131756902526785,
            24.13175690252678,
            26.02786224890879,
            49.58406313441379,
            49.58406313441379,
            49.58406313441379,
            68.79505460847179,
            68.79505460847179,
            68.79505460847179,
            68.79505460847179
        ],
        [
            44.0750442924448,
            44.0750442924448,
            44.07504429244473,
            44.07504429244473,
            34.1935414388478,
            34.1935414388477,
            34.1935414388477,
            34.193541438847795,
            34.193541438847795,
            34.193541438847795,
            34.193541438847795,
            3.649167071441994,
            3.6491670714419975,
            3.649167071441994,
            0.0,
            14.501194071419604,
            14.501194071419604,
            15.376517010086609,
            20.807580578200707,
            20.807580578200678,
            20.807580578200678,
            24.131756902526792,
            24.13175690252679,
            26.027862248908797,
            49.584063134413796,
            49.584063134413796,
            49.584063134413796,
            68.7950546084718,
            68.7950546084718,
            68.7950546084718,
            68.7950546084718
        ],
        [
            44.0750442924448,
            44.0750442924448,
            44.07504429244473,
            44.07504429244473,
            34.1935414388478,
            34.1935414388477,
            34.1935414388477,
            34.193541438847795,
            34.193541438847795,
            34.193541438847795,
            34.193541438847795,
            14.501194071419597,
            14.5011940714196,
            14.501194071419597,
            14.501194071419604,
            0.0,
            3.199274926602797,
            15.376517010086609,
            20.807580578200707,
            20.807580578200678,
            20.807580578200678,
            24.131756902526792,
            24.13175690252679,
            26.027862248908797,
            49.584063134413796,
            49.584063134413796,
            49.584063134413796,
            68.7950546084718,
            68.7950546084718,
            68.7950546084718,
            68.7950546084718
        ],
        [
            44.0750442924448,
            44.0750442924448,
            44.07504429244473,
            44.07504429244473,
            34.1935414388478,
            34.1935414388477,
            34.1935414388477,
            34.193541438847795,
            34.193541438847795,
            34.193541438847795,
            34.193541438847795,
            14.501194071419597,
            14.5011940714196,
            14.501194071419597,
            14.501194071419604,
            3.199274926602797,
            0.0,
            15.376517010086609,
            20.807580578200707,
            20.807580578200678,
            20.807580578200678,
            24.131756902526792,
            24.13175690252679,
            26.027862248908797,
            49.584063134413796,
            49.584063134413796,
            49.584063134413796,
            68.7950546084718,
            68.7950546084718,
            68.7950546084718,
            68.7950546084718
        ],
        [
            44.07504429244481,
            44.07504429244481,
            44.07504429244474,
            44.07504429244474,
            34.19354143884781,
            34.19354143884771,
            34.19354143884771,
            34.1935414388478,
            34.1935414388478,
            34.1935414388478,
            34.1935414388478,
            15.376517010086602,
            15.376517010086605,
            15.376517010086602,
            15.376517010086609,
            15.376517010086609,
            15.376517010086609,
            0.0,
            20.807580578200714,
            20.807580578200685,
            20.807580578200685,
            24.1317569025268,
            24.131756902526796,
            26.027862248908804,
            49.5840631344138,
            49.5840631344138,
            49.5840631344138,
            68.79505460847182,
            68.79505460847182,
            68.79505460847182,
            68.79505460847182
        ],
        [
            44.0750442924449,
            44.0750442924449,
            44.07504429244483,
            44.07504429244483,
            34.1935414388479,
            34.1935414388478,
            34.1935414388478,
            34.193541438847895,
            34.193541438847895,
            34.193541438847895,
            34.193541438847895,
            20.8075805782007,
            20.807580578200703,
            20.8075805782007,
            20.807580578200707,
            20.807580578200707,
            20.807580578200707,
            20.807580578200714,
            0.0,
            13.82795113171916,
            13.82795113171916,
            24.13175690252689,
            24.131756902526888,
            26.027862248908896,
            49.584063134413896,
            49.584063134413896,
            49.584063134413896,
            68.7950546084719,
            68.7950546084719,
            68.7950546084719,
            68.7950546084719
        ],
        [
            44.07504429244487,
            44.07504429244487,
            44.0750442924448,
            44.0750442924448,
            34.19354143884787,
            34.193541438847774,
            34.193541438847774,
            34.193541438847866,
            34.193541438847866,
            34.193541438847866,
            34.193541438847866,
            20.80758057820067,
            20.807580578200675,
            20.80758057820067,
            20.807580578200678,
            20.807580578200678,
            20.807580578200678,
            20.807580578200685,
            13.82795113171916,
            0.0,
            3.757855777439545,
            24.131756902526863,
            24.13175690252686,
            26.027862248908868,
            49.58406313441387,
            49.58406313441387,
            49.58406313441387,
            68.79505460847187,
            68.79505460847187,
            68.79505460847187,
            68.79505460847187
        ],
        [
            44.07504429244487,
            44.07504429244487,
            44.0750442924448,
            44.0750442924448,
            34.19354143884787,
            34.193541438847774,
            34.193541438847774,
            34.193541438847866,
            34.193541438847866,
            34.193541438847866,
            34.193541438847866,
            20.80758057820067,
            20.807580578200675,
            20.80758057820067,
            20.807580578200678,
            20.807580578200678,
            20.807580578200678,
            20.807580578200685,
            13.82795113171916,
            3.757855777439545,
            0.0,
            24.131756902526863,
            24.13175690252686,
            26.027862248908868,
            49.58406313441387,
            49.58406313441387,
            49.58406313441387,
            68.79505460847187,
            68.79505460847187,
            68.79505460847187,
            68.79505460847187
        ],
        [
            44.0750442924449,
            44.0750442924449,
            44.07504429244483,
            44.07504429244483,
            34.1935414388479,
            34.1935414388478,
            34.1935414388478,
            34.1935414388479,
            34.1935414388479,
            34.1935414388479,
            34.1935414388479,
            24.131756902526785,
            24.13175690252679,
            24.131756902526785,
            24.131756902526792,
            24.131756902526792,
            24.131756902526792,
            24.1317569025268,
            24.13175690252689,
            24.131756902526863,
            24.131756902526863,
            0.0,
            6.764068089200704,
            26.0278622489089,
            49.584063134413896,
            49.584063134413896,
            49.584063134413896,
            68.7950546084719,
            68.7950546084719,
            68.7950546084719,
            68.7950546084719
        ],
        [
            44.0750442924449,
            44.0750442924449,
            44.07504429244483,
            44.07504429244483,
            34.1935414388479,
            34.1935414388478,
            34.1935414388478,
            34.193541438847895,
            34.193541438847895,
            34.193541438847895,
            34.193541438847895,
            24.13175690252678,
            24.13175690252679,
            24.13175690252678,
            24.13175690252679,
            24.13175690252679,
            24.13175690252679,
            24.131756902526796,
            24.131756902526888,
            24.13175690252686,
            24.13175690252686,
            6.764068089200704,
            0.0,
            26.027862248908896,
            49.584063134413896,
            49.584063134413896,
            49.584063134413896,
            68.7950546084719,
            68.7950546084719,
            68.7950546084719,
            68.7950546084719
        ],
        [
            44.07504429244499,
            44.07504429244499,
            44.07504429244492,
            44.07504429244492,
            34.193541438847994,
            34.193541438847895,
            34.193541438847895,
            34.19354143884799,
            34.19354143884799,
            34.19354143884799,
            34.19354143884799,
            26.02786224890879,
            26.027862248908793,
            26.02786224890879,
            26.027862248908797,
            26.027862248908797,
            26.027862248908797,
            26.027862248908804,
            26.027862248908896,
            26.027862248908868,
            26.027862248908868,
            26.0278622489089,
            26.027862248908896,
            0.0,
            49.58406313441399,
            49.58406313441399,
            49.58406313441399,
            68.79505460847199,
            68.79505460847199,
            68.79505460847199,
            68.79505460847199
        ],
        [
            49.584063134413995,
            49.584063134413995,
            49.584063134413924,
            49.584063134413924,
            49.584063134413995,
            49.584063134413896,
            49.584063134413896,
            49.58406313441399,
            49.58406313441399,
            49.58406313441399,
            49.58406313441399,
            49.58406313441379,
            49.584063134413796,
            49.58406313441379,
            49.584063134413796,
            49.584063134413796,
            49.584063134413796,
            49.5840631344138,
            49.584063134413896,
            49.58406313441387,
            49.58406313441387,
            49.584063134413896,
            49.584063134413896,
            49.58406313441399,
            0.0,
            12.009221814434007,
            12.009221814434007,
            68.795054608472,
            68.795054608472,
            68.795054608472,
            68.795054608472
        ],
        [
            49.584063134413995,
            49.584063134413995,
            49.584063134413924,
            49.584063134413924,
            49.584063134413995,
            49.584063134413896,
            49.584063134413896,
            49.58406313441399,
            49.58406313441399,
            49.58406313441399,
            49.58406313441399,
            49.58406313441379,
            49.584063134413796,
            49.58406313441379,
            49.584063134413796,
            49.584063134413796,
            49.584063134413796,
            49.5840631344138,
            49.584063134413896,
            49.58406313441387,
            49.58406313441387,
            49.584063134413896,
            49.584063134413896,
            49.58406313441399,
            12.009221814434007,
            0.0,
            2.1356291274990014,
            68.795054608472,
            68.795054608472,
            68.795054608472,
            68.795054608472
        ],
        [
            49.584063134413995,
            49.584063134413995,
            49.584063134413924,
            49.584063134413924,
            49.584063134413995,
            49.584063134413896,
            49.584063134413896,
            49.58406313441399,
            49.58406313441399,
            49.58406313441399,
            49.58406313441399,
            49.58406313441379,
            49.584063134413796,
            49.58406313441379,
            49.584063134413796,
            49.584063134413796,
            49.584063134413796,
            49.5840631344138,
            49.584063134413896,
            49.58406313441387,
            49.58406313441387,
            49.584063134413896,
            49.584063134413896,
            49.58406313441399,
            12.009221814434007,
            2.1356291274990014,
            0.0,
            68.795054608472,
            68.795054608472,
            68.795054608472,
            68.795054608472
        ],
        [
            68.795054608472,
            68.795054608472,
            68.79505460847193,
            68.79505460847193,
            68.795054608472,
            68.7950546084719,
            68.7950546084719,
            68.79505460847199,
            68.79505460847199,
            68.79505460847199,
            68.79505460847199,
            68.79505460847179,
            68.79505460847179,
            68.79505460847179,
            68.7950546084718,
            68.7950546084718,
            68.7950546084718,
            68.79505460847182,
            68.7950546084719,
            68.79505460847187,
            68.79505460847187,
            68.7950546084719,
            68.7950546084719,
            68.79505460847199,
            68.795054608472,
            68.795054608472,
            68.795054608472,
            0.0,
            34.977814227436504,
            34.977814227436504,
            46.245615170172
        ],
        [
            68.795054608472,
            68.795054608472,
            68.79505460847193,
            68.79505460847193,
            68.795054608472,
            68.7950546084719,
            68.7950546084719,
            68.79505460847199,
            68.79505460847199,
            68.79505460847199,
            68.79505460847199,
            68.79505460847179,
            68.79505460847179,
            68.79505460847179,
            68.7950546084718,
            68.7950546084718,
            68.7950546084718,
            68.79505460847182,
            68.7950546084719,
            68.79505460847187,
            68.79505460847187,
            68.7950546084719,
            68.7950546084719,
            68.79505460847199,
            68.795054608472,
            68.795054608472,
            68.795054608472,
            34.977814227436504,
            0.0,
            26.650240107598997,
            46.245615170172
        ],
        [
            68.795054608472,
            68.795054608472,
            68.79505460847193,
            68.79505460847193,
            68.795054608472,
            68.7950546084719,
            68.7950546084719,
            68.79505460847199,
            68.79505460847199,
            68.79505460847199,
            68.79505460847199,
            68.79505460847179,
            68.79505460847179,
            68.79505460847179,
            68.7950546084718,
            68.7950546084718,
            68.7950546084718,
            68.79505460847182,
            68.7950546084719,
            68.79505460847187,
            68.79505460847187,
            68.7950546084719,
            68.7950546084719,
            68.79505460847199,
            68.795054608472,
            68.795054608472,
            68.795054608472,
            34.977814227436504,
            26.650240107598997,
            0.0,
            46.245615170172
        ],
        [
            68.795054608472,
            68.795054608472,
            68.79505460847193,
            68.79505460847193,
            68.795054608472,
            68.7950546084719,
            68.7950546084719,
            68.79505460847199,
            68.79505460847199,
            68.79505460847199,
            68.79505460847199,
            68.79505460847179,
            68.79505460847179,
            68.79505460847179,
            68.7950546084718,
            68.7950546084718,
            68.7950546084718,
            68.79505460847182,
            68.7950546084719,
            68.79505460847187,
            68.79505460847187,
            68.7950546084719,
            68.7950546084719,
            68.79505460847199,
            68.795054608472,
            68.795054608472,
            68.795054608472,
            46.245615170172,
            46.245615170172,
            46.245615170172,
            0.0
        ]
    ],
    "NODE_MAPPING": {
        "0": "1",
        "1": "2",
        "2": "3",
        "3": "4",
        "4": "5",
        "5": "6",
        "6": "7",
        "7": "8",
        "8": "9",
        "9": "10",
        "10": "11",
        "11": "12",
        "12": "13",
        "13": "14",
        "14": "15",
        "15": "16",
        "16": "17",
        "17": "18",
        "18": "19",
        "19": "20",
        "20": "21",
        "21": "22",
        "22": "23",
        "23": "24",
        "24": "25",
        "25": "26",
        "26": "27",
        "27": "28",
        "28": "29",
        "29": "30",
        "30": "31"
    }
}