{
    "NEXUS_FILE_URL": "http://purl.org/phylo/treebase/phylows/study/TB2:S14010",
    "NEWICK_TREE": "(((((1:0.007094063235638659,2:0.008576691090861566):0.023689124674355577,3:0.015270028835088434):1.047332781722865E-6,4:0.032795136218363496):0.030356690725499846,(5:0.029230535997699092,(6:0.05150158277915229,7:0.03862366827798125):0.03277929081911568):0.02362509894177678):0.3286268242691164,8:0.3286268242691164);",
    "DISTANCE_MATRIX": [
        [
            0.0,
            0.015670754326500225,
            0.04605321674508267,
            0.06357937146113946,
            0.11399656090775168,
            0.16904689850832055,
            0.15616898400714951,
            0.7183945745065086
        ],
        [
            0.015670754326500225,
            0.0,
            0.04753584460030558,
            0.06506199931636236,
            0.11547918876297458,
            0.17052952636354346,
            0.15765161186237242,
            0.7198772023617315
        ],
        [
            0.04605321674508267,
            0.04753584460030558,
            0.0,
            0.04806621238623365,
            0.09848340183284587,
            0.15353373943341475,
            0.1406558249322437,
            0.7028814154316028
        ],
        [
            0.06357937146113946,
            0.06506199931636236,
            0.04806621238623365,
            0.0,
            0.11600746188333921,
            0.1710577994839081,
            0.15817988498273705,
            0.7204054754820961
        ],
        [
            0.11399656090775168,
            0.11547918876297458,
            0.09848340183284587,
            0.11600746188333921,
            0.0,
            0.11351140959596706,
            0.10063349509479602,
            0.7101092834777086
        ],
        [
            0.16904689850832055,
            0.17052952636354346,
            0.15353373943341475,
            0.1710577994839081,
            0.11351140959596706,
            0.0,
            0.09012525105713354,
            0.7651596210782775
        ],
        [
            0.15616898400714951,
            0.15765161186237242,
            0.1406558249322437,
            0.15817988498273705,
            0.10063349509479602,
            0.09012525105713354,
            0.0,
            0.7522817065771065
        ],
        [
            0.7183945745065086,
            0.7198772023617315,
            0.7028814154316028,
            0.7204054754820961,
            0.7101092834777086,
            0.7651596210782775,
            0.7522817065771065,
            0.0
        ]
    ],
    "NODE_MAPPING": {
        "0": "1",
        "1": "2",
        "2": "3",
        "3": "4",
        "4": "5",
        "5": "6",
        "6": "7",
        "7": "8"
    }
}