{
    "NEXUS_FILE_URL": "http://purl.org/phylo/treebase/phylows/study/TB2:S15442",
    "NEWICK_TREE": "(1:2.229434,2:0.01550632,35:0.03649157,3:0.01479903,4:0.01509158,6:0.0382312,7:0.05935398,8:0.1231906,9:0.09673871,10:0.1074312,11:0.0614926,13:0.1234322,15:0.06818724,16:0.06889895,20:0.02416254,21:0.01492768,22:0.01506571,23:0.06151661,25:0.03743703,26:0.06087693,27:0.2428116,29:0.05000605,30:0.07260554,32:0.03794233,36:0.03838772,37:0.01529555,39:0.01548466,41:0.0609274,((14:0.08658078,40:0.08043521,42:0.01612107):0.04608725,31:0.02994204):0.1528645,(17:0.03727326,19:0.03700487,33:0.05960364):0.08579196,(5:0.1363423,((12:0.01516804,24:0.07821767,28:0.03726274,34:0.01534279):0.04997377,(18:0.1206518,38:0.04453817):0.0556135):0.07771613):0.1467118);",
    "DISTANCE_MATRIX": [
        [
            0.0,
            2.24494032,
            2.26592557,
            2.2442330299999997,
            2.24452558,
            2.2676651999999997,
            2.28878798,
            2.3526246,
            2.32617271,
            2.3368652,
            2.2909265999999997,
            2.3528662,
            2.29762124,
            2.29833295,
            2.2535965399999998,
            2.24436168,
            2.24449971,
            2.29095061,
            2.26687103,
            2.29031093,
            2.4722456,
            2.27944005,
            2.30203954,
            2.26737633,
            2.2678217199999997,
            2.2447295499999997,
            2.2449186599999997,
            2.2903614,
            2.5149665299999997,
            2.50882096,
            2.44450682,
            2.41224054,
            2.35249922,
            2.35223083,
            2.3748296,
            2.5124880999999997,
            2.51900374,
            2.5820533699999997,
            2.54109844,
            2.51917849,
            2.63012723,
            2.5540135999999998
        ],
        [
            2.24494032,
            0.0,
            0.051997890000000005,
            0.03030535,
            0.0305979,
            0.05373752,
            0.0748603,
            0.13869692,
            0.11224503000000001,
            0.12293752000000001,
            0.07699892,
            0.13893852,
            0.08369356,
            0.08440527,
            0.03966886,
            0.030434000000000003,
            0.03057203,
            0.07702293,
            0.05294335,
            0.07638325,
            0.25831792,
            0.06551237,
            0.08811186,
            0.05344865,
            0.053894040000000004,
            0.030801870000000002,
            0.03099098,
            0.07643372,
            0.30103885,
            0.29489328,
            0.23057914,
            0.19831285999999998,
            0.13857154,
            0.13830314999999999,
            0.16090192,
            0.29856042,
            0.30507606000000004,
            0.36812569,
            0.32717076,
            0.30525081000000004,
            0.41619955000000003,
            0.34008592
        ],
        [
            2.26592557,
            0.051997890000000005,
            0.0,
            0.0512906,
            0.05158315,
            0.07472277,
            0.09584555,
            0.15968217,
            0.13323028,
            0.14392277,
            0.09798417000000001,
            0.15992377000000002,
            0.10467881,
            0.10539052,
            0.06065411,
            0.05141925,
            0.05155728,
            0.09800818,
            0.07392860000000001,
            0.0973685,
            0.27930317,
            0.08649762,
            0.10909711,
            0.0744339,
            0.07487929,
            0.05178712,
            0.05197623,
            0.09741897,
            0.32202410000000004,
            0.31587853,
            0.25156438999999997,
            0.21929811,
            0.15955679,
            0.1592884,
            0.18188717000000001,
            0.31954567,
            0.32606131000000005,
            0.38911094,
            0.34815600999999996,
            0.32623606000000005,
            0.43718480000000004,
            0.36107117
        ],
        [
            2.2442330299999997,
            0.03030535,
            0.0512906,
            0.0,
            0.029890609999999998,
            0.05303023,
            0.07415301,
            0.13798963,
            0.11153774000000001,
            0.12223023000000001,
            0.07629163,
            0.13823123,
            0.08298627,
            0.08369798,
            0.03896157,
            0.02972671,
            0.02986474,
            0.07631564,
            0.05223606,
            0.07567596,
            0.25761063,
            0.06480508,
            0.08740457,
            0.05274136,
            0.05318675,
            0.03009458,
            0.030283690000000002,
            0.07572643,
            0.30033156,
            0.29418598999999995,
            0.22987185,
            0.19760556999999998,
            0.13786425,
            0.13759586,
            0.16019463,
            0.29785312999999997,
            0.30436877,
            0.3674184,
            0.32646347,
            0.30454352,
            0.41549226,
            0.33937862999999996
        ],
        [
            2.24452558,
            0.0305979,
            0.05158315,
            0.029890609999999998,
            0.0,
            0.05332278,
            0.07444556,
            0.13828218,
            0.11183029,
            0.12252278,
            0.07658418,
            0.13852378,
            0.08327882,
            0.08399053000000001,
            0.03925412,
            0.03001926,
            0.03015729,
            0.07660818999999999,
            0.05252861,
            0.07596851,
            0.25790318,
            0.06509763,
            0.08769711999999999,
            0.053033910000000004,
            0.0534793,
            0.03038713,
            0.03057624,
            0.07601898,
            0.30062411,
            0.29447853999999996,
            0.2301644,
            0.19789811999999998,
            0.1381568,
            0.13788841,
            0.16048718,
            0.29814567999999997,
            0.30466132,
            0.36771095,
            0.32675602,
            0.30483607,
            0.41578481,
            0.33967117999999996
        ],
        [
            2.2676651999999997,
            0.05373752,
            0.07472277,
            0.05303023,
            0.05332278,
            0.0,
            0.09758518,
            0.1614218,
            0.13496991,
            0.1456624,
            0.0997238,
            0.1616634,
            0.10641844,
            0.10713015000000001,
            0.06239374,
            0.05315888,
            0.05329691,
            0.09974780999999999,
            0.07566823,
            0.09910813,
            0.2810428,
            0.08823725,
            0.11083673999999999,
            0.07617353,
            0.07661892000000001,
            0.05352675,
            0.053715860000000004,
            0.0991586,
            0.32376373,
            0.31761816,
            0.25330402,
            0.22103773999999998,
            0.16129642,
            0.16102803,
            0.1836268,
            0.3212853,
            0.32780094000000004,
            0.39085057,
            0.34989564,
            0.32797569000000004,
            0.43892443000000003,
            0.3628108
        ],
        [
            2.28878798,
            0.0748603,
            0.09584555,
            0.07415301,
            0.07444556,
            0.09758518,
            0.0,
            0.18254458,
            0.15609269,
            0.16678518,
            0.12084658000000001,
            0.18278618000000002,
            0.12754122,
            0.12825293,
            0.08351652,
            0.07428166,
            0.07441969,
            0.12087059,
            0.09679101000000001,
            0.12023091,
            0.30216558,
            0.10936003,
            0.13195952,
            0.09729631,
            0.0977417,
            0.07464953,
            0.07483864,
            0.12028138,
            0.34488651000000003,
            0.33874094,
            0.27442679999999997,
            0.24216052,
            0.1824192,
            0.18215081,
            0.20474958000000001,
            0.34240808,
            0.34892372000000005,
            0.41197335,
            0.37101841999999996,
            0.34909847000000005,
            0.46004721000000004,
            0.38393358
        ],
        [
            2.3526246,
            0.13869692,
            0.15968217,
            0.13798963,
            0.13828218,
            0.1614218,
            0.18254458,
            0.0,
            0.21992931,
            0.2306218,
            0.1846832,
            0.2466228,
            0.19137784,
            0.19208955,
            0.14735314,
            0.13811828,
            0.13825631,
            0.18470721,
            0.16062763,
            0.18406753,
            0.3660022,
            0.17319665,
            0.19579614,
            0.16113293,
            0.16157832,
            0.13848615,
            0.13867526,
            0.184118,
            0.40872313,
            0.40257755999999995,
            0.33826342,
            0.30599714,
            0.24625582000000001,
            0.24598743,
            0.2685862,
            0.40624469999999996,
            0.41276034,
            0.47580996999999997,
            0.43485503999999997,
            0.41293509,
            0.52388383,
            0.44777019999999995
        ],
        [
            2.32617271,
            0.11224503000000001,
            0.13323028,
            0.11153774000000001,
            0.11183029,
            0.13496991,
            0.15609269,
            0.21992931,
            0.0,
            0.20416991,
            0.15823131000000001,
            0.22017091,
            0.16492595,
            0.16563766000000002,
            0.12090125,
            0.11166639,
            0.11180442,
            0.15825532,
            0.13417574000000002,
            0.15761564,
            0.33955031,
            0.14674476,
            0.16934425,
            0.13468104,
            0.13512643000000002,
            0.11203426000000001,
            0.11222337,
            0.15766611,
            0.38227124,
            0.37612566999999997,
            0.31181153,
            0.27954524999999997,
            0.21980393,
            0.21953554,
            0.24213431000000002,
            0.37979281,
            0.38630845,
            0.44935808,
            0.40840315,
            0.3864832,
            0.49743194,
            0.42131831
        ],
        [
            2.3368652,
            0.12293752000000001,
            0.14392277,
            0.12223023000000001,
            0.12252278,
            0.1456624,
            0.16678518,
            0.2306218,
            0.20416991,
            0.0,
            0.1689238,
            0.2308634,
            0.17561844,
            0.17633015000000002,
            0.13159374000000001,
            0.12235888,
            0.12249691,
            0.16894781,
            0.14486823000000001,
            0.16830813,
            0.35024279999999997,
            0.15743725,
            0.18003674,
            0.14537353,
            0.14581892000000002,
            0.12272675000000001,
            0.12291586,
            0.1683586,
            0.39296373,
            0.38681815999999997,
            0.32250402,
            0.29023774,
            0.23049642,
            0.23022803,
            0.2528268,
            0.3904853,
            0.39700094,
            0.46005057,
            0.41909564,
            0.39717569,
            0.5081244300000001,
            0.4320108
        ],
        [
            2.2909265999999997,
            0.07699892,
            0.09798417000000001,
            0.07629163,
            0.07658418,
            0.0997238,
            0.12084658000000001,
            0.1846832,
            0.15823131000000001,
            0.1689238,
            0.0,
            0.1849248,
            0.12967984,
            0.13039155,
            0.08565514,
            0.07642028000000001,
            0.07655831,
            0.12300921000000001,
            0.09892963,
            0.12236953,
            0.30430419999999997,
            0.11149865,
            0.13409814,
            0.09943493,
            0.09988032,
            0.07678815,
            0.07697726,
            0.12242,
            0.34702513,
            0.34087955999999997,
            0.27656542,
            0.24429914,
            0.18455782,
            0.18428943,
            0.20688820000000002,
            0.3445467,
            0.35106234000000003,
            0.41411197,
            0.37315704,
            0.35123709000000003,
            0.46218583,
            0.3860722
        ],
        [
            2.3528662,
            0.13893852,
            0.15992377000000002,
            0.13823123,
            0.13852378,
            0.1616634,
            0.18278618000000002,
            0.2466228,
            0.22017091,
            0.2308634,
            0.1849248,
            0.0,
            0.19161944,
            0.19233115,
            0.14759474,
            0.13835988000000002,
            0.13849791,
            0.18494881000000002,
            0.16086923,
            0.18430913000000002,
            0.3662438,
            0.17343825000000002,
            0.19603774000000002,
            0.16137453000000002,
            0.16181992,
            0.13872775,
            0.13891686,
            0.1843596,
            0.40896473,
            0.40281915999999995,
            0.33850502,
            0.30623874,
            0.24649742000000002,
            0.24622903000000002,
            0.2688278,
            0.40648629999999997,
            0.41300194,
            0.47605157,
            0.43509664,
            0.41317669,
            0.52412543,
            0.44801179999999996
        ],
        [
            2.29762124,
            0.08369356,
            0.10467881,
            0.08298627,
            0.08327882,
            0.10641844,
            0.12754122,
            0.19137784,
            0.16492595,
            0.17561844,
            0.12967984,
            0.19161944,
            0.0,
            0.13708619,
            0.09234977999999999,
            0.08311492,
            0.08325294999999999,
            0.12970385,
            0.10562426999999999,
            0.12906417,
            0.31099884,
            0.11819329,
            0.14079278,
            0.10612957,
            0.10657496,
            0.08348279,
            0.0836719,
            0.12911464,
            0.35371977,
            0.34757419999999994,
            0.28326006,
            0.25099378,
            0.19125246,
            0.19098407,
            0.21358284,
            0.35124133999999996,
            0.35775698,
            0.42080660999999997,
            0.37985167999999997,
            0.35793173,
            0.46888047,
            0.39276683999999995
        ],
        [
            2.29833295,
            0.08440527,
            0.10539052,
            0.08369798,
            0.08399053000000001,
            0.10713015000000001,
            0.12825293,
            0.19208955,
            0.16563766000000002,
            0.17633015000000002,
            0.13039155,
            0.19233115,
            0.13708619,
            0.0,
            0.09306149,
            0.08382663,
            0.08396466,
            0.13041555999999999,
            0.10633598,
            0.12977588,
            0.31171055,
            0.11890500000000001,
            0.14150448999999998,
            0.10684128000000001,
            0.10728667,
            0.0841945,
            0.08438361,
            0.12982635,
            0.35443148,
            0.34828591,
            0.28397177,
            0.25170549,
            0.19196417,
            0.19169577999999998,
            0.21429455000000003,
            0.35195305,
            0.35846869000000003,
            0.42151832,
            0.38056339,
            0.35864344000000004,
            0.46959218,
            0.39347855
        ],
        [
            2.2535965399999998,
            0.03966886,
            0.06065411,
            0.03896157,
            0.03925412,
            0.06239374,
            0.08351652,
            0.14735314,
            0.12090125,
            0.13159374000000001,
            0.08565514,
            0.14759474,
            0.09234977999999999,
            0.09306149,
            0.0,
            0.03909022,
            0.03922825,
            0.08567915,
            0.061599570000000006,
            0.08503947,
            0.26697413999999997,
            0.07416859,
            0.09676807999999999,
            0.062104870000000006,
            0.06255026,
            0.03945809,
            0.0396472,
            0.08508994,
            0.30969507,
            0.30354949999999997,
            0.23923536,
            0.20696908,
            0.14722776,
            0.14695937,
            0.16955814000000002,
            0.30721664,
            0.31373228000000003,
            0.37678191,
            0.33582698,
            0.31390703000000003,
            0.42485577,
            0.34874214
        ],
        [
            2.24436168,
            0.030434000000000003,
            0.05141925,
            0.02972671,
            0.03001926,
            0.05315888,
            0.07428166,
            0.13811828,
            0.11166639,
            0.12235888,
            0.07642028000000001,
            0.13835988000000002,
            0.08311492,
            0.08382663,
            0.03909022,
            0.0,
            0.02999339,
            0.07644429,
            0.05236471,
            0.07580461000000001,
            0.25773928,
            0.06493373000000001,
            0.08753322,
            0.05287001,
            0.0533154,
            0.03022323,
            0.030412340000000003,
            0.07585508,
            0.30046021,
            0.29431463999999996,
            0.2300005,
            0.19773422,
            0.1379929,
            0.13772451,
            0.16032328,
            0.29798178,
            0.30449742,
            0.36754705,
            0.32659212,
            0.30467217,
            0.41562091,
            0.33950727999999997
        ],
        [
            2.24449971,
            0.03057203,
            0.05155728,
            0.02986474,
            0.03015729,
            0.05329691,
            0.07441969,
            0.13825631,
            0.11180442,
            0.12249691,
            0.07655831,
            0.13849791,
            0.08325294999999999,
            0.08396466,
            0.03922825,
            0.02999339,
            0.0,
            0.07658232,
            0.052502740000000006,
            0.07594264,
            0.25787730999999997,
            0.06507176,
            0.08767124999999999,
            0.053008040000000006,
            0.053453429999999996,
            0.03036126,
            0.03055037,
            0.07599311,
            0.30059824,
            0.29445266999999997,
            0.23013853,
            0.19787225,
            0.13813093,
            0.13786254,
            0.16046131000000002,
            0.29811981,
            0.30463545000000003,
            0.36768508,
            0.32673015,
            0.30481020000000003,
            0.41575894,
            0.33964531
        ],
        [
            2.29095061,
            0.07702293,
            0.09800818,
            0.07631564,
            0.07660818999999999,
            0.09974780999999999,
            0.12087059,
            0.18470721,
            0.15825532,
            0.16894781,
            0.12300921000000001,
            0.18494881000000002,
            0.12970385,
            0.13041555999999999,
            0.08567915,
            0.07644429,
            0.07658232,
            0.0,
            0.09895364000000001,
            0.12239354,
            0.30432821,
            0.11152266,
            0.13412215,
            0.09945894,
            0.09990433,
            0.07681216,
            0.07700127,
            0.12244400999999999,
            0.34704914,
            0.34090356999999993,
            0.27658943,
            0.24432315,
            0.18458183,
            0.18431344,
            0.20691221,
            0.34457070999999995,
            0.35108635,
            0.41413597999999996,
            0.37318105,
            0.3512611,
            0.46220984,
            0.38609620999999994
        ],
        [
            2.26687103,
            0.05294335,
            0.07392860000000001,
            0.05223606,
            0.05252861,
            0.07566823,
            0.09679101000000001,
            0.16062763,
            0.13417574000000002,
            0.14486823000000001,
            0.09892963,
            0.16086923,
            0.10562426999999999,
            0.10633598,
            0.061599570000000006,
            0.05236471,
            0.052502740000000006,
            0.09895364000000001,
            0.0,
            0.09831396,
            0.28024863,
            0.08744308,
            0.11004257,
            0.07537936,
            0.07582475,
            0.05273258,
            0.05292169000000001,
            0.09836443,
            0.32296956,
            0.31682398999999994,
            0.25250985,
            0.22024357,
            0.16050225,
            0.16023386,
            0.18283263000000002,
            0.32049112999999996,
            0.32700677,
            0.39005639999999997,
            0.34910146999999997,
            0.32718152,
            0.43813026,
            0.36201662999999995
        ],
        [
            2.29031093,
            0.07638325,
            0.0973685,
            0.07567596,
            0.07596851,
            0.09910813,
            0.12023091,
            0.18406753,
            0.15761564,
            0.16830813,
            0.12236953,
            0.18430913000000002,
            0.12906417,
            0.12977588,
            0.08503947,
            0.07580461000000001,
            0.07594264,
            0.12239354,
            0.09831396,
            0.0,
            0.30368853,
            0.11088298,
            0.13348247,
            0.09881926,
            0.09926465000000001,
            0.07617248,
            0.07636159000000001,
            0.12180433,
            0.34640946,
            0.34026388999999996,
            0.27594975,
            0.24368346999999999,
            0.18394215,
            0.18367376,
            0.20627253,
            0.34393102999999997,
            0.35044667,
            0.4134963,
            0.37254137,
            0.35062142,
            0.46157016,
            0.38545652999999996
        ],
        [
            2.4722456,
            0.25831792,
            0.27930317,
            0.25761063,
            0.25790318,
            0.2810428,
            0.30216558,
            0.3660022,
            0.33955031,
            0.35024279999999997,
            0.30430419999999997,
            0.3662438,
            0.31099884,
            0.31171055,
            0.26697413999999997,
            0.25773928,
            0.25787730999999997,
            0.30432821,
            0.28024863,
            0.30368853,
            0.0,
            0.29281765,
            0.31541714,
            0.28075393,
            0.28119932,
            0.25810715,
            0.25829626,
            0.303739,
            0.52834413,
            0.52219856,
            0.45788441999999996,
            0.42561814,
            0.36587682,
            0.36560843,
            0.3882072,
            0.5258657,
            0.53238134,
            0.59543097,
            0.55447604,
            0.53255609,
            0.64350483,
            0.5673912
        ],
        [
            2.27944005,
            0.06551237,
            0.08649762,
            0.06480508,
            0.06509763,
            0.08823725,
            0.10936003,
            0.17319665,
            0.14674476,
            0.15743725,
            0.11149865,
            0.17343825000000002,
            0.11819329,
            0.11890500000000001,
            0.07416859,
            0.06493373000000001,
            0.06507176,
            0.11152266,
            0.08744308,
            0.11088298,
            0.29281765,
            0.0,
            0.12261158999999999,
            0.08794838,
            0.08839377000000001,
            0.0653016,
            0.06549071000000001,
            0.11093345,
            0.33553858000000003,
            0.32939301,
            0.26507887,
            0.23281258999999999,
            0.17307127,
            0.17280288,
            0.19540165,
            0.33306015,
            0.33957579000000004,
            0.40262542,
            0.36167049,
            0.33975054000000005,
            0.45069928000000004,
            0.37458565
        ],
        [
            2.30203954,
            0.08811186,
            0.10909711,
            0.08740457,
            0.08769711999999999,
            0.11083673999999999,
            0.13195952,
            0.19579614,
            0.16934425,
            0.18003674,
            0.13409814,
            0.19603774000000002,
            0.14079278,
            0.14150448999999998,
            0.09676807999999999,
            0.08753322,
            0.08767124999999999,
            0.13412215,
            0.11004257,
            0.13348247,
            0.31541714,
            0.12261158999999999,
            0.0,
            0.11054786999999999,
            0.11099326,
            0.08790109,
            0.0880902,
            0.13353294,
            0.35813807,
            0.35199249999999993,
            0.28767836,
            0.25541208,
            0.19567076,
            0.19540237,
            0.21800114,
            0.35565963999999994,
            0.36217528,
            0.42522490999999996,
            0.38426998,
            0.36235003,
            0.47329877,
            0.39718513999999994
        ],
        [
            2.26737633,
            0.05344865,
            0.0744339,
            0.05274136,
            0.053033910000000004,
            0.07617353,
            0.09729631,
            0.16113293,
            0.13468104,
            0.14537353,
            0.09943493,
            0.16137453000000002,
            0.10612957,
            0.10684128000000001,
            0.062104870000000006,
            0.05287001,
            0.053008040000000006,
            0.09945894,
            0.07537936,
            0.09881926,
            0.28075393,
            0.08794838,
            0.11054786999999999,
            0.0,
            0.07633005000000001,
            0.05323788,
            0.05342699000000001,
            0.09886973,
            0.32347486000000003,
            0.31732929,
            0.25301515,
            0.22074886999999999,
            0.16100755,
            0.16073916,
            0.18333793,
            0.32099643,
            0.32751207000000004,
            0.3905617,
            0.34960677,
            0.32768682000000005,
            0.43863556000000004,
            0.36252193
        ],
        [
            2.2678217199999997,
            0.053894040000000004,
            0.07487929,
            0.05318675,
            0.0534793,
            0.07661892000000001,
            0.0977417,
            0.16157832,
            0.13512643000000002,
            0.14581892000000002,
            0.09988032,
            0.16181992,
            0.10657496,
            0.10728667,
            0.06255026,
            0.0533154,
            0.053453429999999996,
            0.09990433,
            0.07582475,
            0.09926465000000001,
            0.28119932,
            0.08839377000000001,
            0.11099326,
            0.07633005000000001,
            0.0,
            0.05368327,
            0.05387238,
            0.09931512,
            0.32392025,
            0.31777468,
            0.25346054,
            0.22119425999999998,
            0.16145294,
            0.16118454999999998,
            0.18378332000000003,
            0.32144182,
            0.32795746000000003,
            0.39100709,
            0.35005216,
            0.32813221000000004,
            0.43908095,
            0.36296732
        ],
        [
            2.2447295499999997,
            0.030801870000000002,
            0.05178712,
            0.03009458,
            0.03038713,
            0.05352675,
            0.07464953,
            0.13848615,
            0.11203426000000001,
            0.12272675000000001,
            0.07678815,
            0.13872775,
            0.08348279,
            0.0841945,
            0.03945809,
            0.03022323,
            0.03036126,
            0.07681216,
            0.05273258,
            0.07617248,
            0.25810715,
            0.0653016,
            0.08790109,
            0.05323788,
            0.05368327,
            0.0,
            0.030780210000000002,
            0.07622295,
            0.30082808,
            0.29468250999999995,
            0.23036837,
            0.19810208999999998,
            0.13836077,
            0.13809238,
            0.16069115,
            0.29834964999999997,
            0.30486529,
            0.36791492,
            0.32695999,
            0.30504004,
            0.41598878,
            0.33987514999999996
        ],
        [
            2.2449186599999997,
            0.03099098,
            0.05197623,
            0.030283690000000002,
            0.03057624,
            0.053715860000000004,
            0.07483864,
            0.13867526,
            0.11222337,
            0.12291586,
            0.07697726,
            0.13891686,
            0.0836719,
            0.08438361,
            0.0396472,
            0.030412340000000003,
            0.03055037,
            0.07700127,
            0.05292169000000001,
            0.07636159000000001,
            0.25829626,
            0.06549071000000001,
            0.0880902,
            0.05342699000000001,
            0.05387238,
            0.030780210000000002,
            0.0,
            0.07641206,
            0.30101719,
            0.29487161999999995,
            0.23055748,
            0.1982912,
            0.13854988000000001,
            0.13828149,
            0.16088026000000002,
            0.29853875999999996,
            0.3050544,
            0.36810402999999997,
            0.32714909999999997,
            0.30522915,
            0.41617789,
            0.34006425999999995
        ],
        [
            2.2903614,
            0.07643372,
            0.09741897,
            0.07572643,
            0.07601898,
            0.0991586,
            0.12028138,
            0.184118,
            0.15766611,
            0.1683586,
            0.12242,
            0.1843596,
            0.12911464,
            0.12982635,
            0.08508994,
            0.07585508,
            0.07599311,
            0.12244400999999999,
            0.09836443,
            0.12180433,
            0.303739,
            0.11093345,
            0.13353294,
            0.09886973,
            0.09931512,
            0.07622295,
            0.07641206,
            0.0,
            0.34645993,
            0.34031436,
            0.27600022,
            0.24373393999999998,
            0.18399262,
            0.18372423,
            0.206323,
            0.3439815,
            0.35049714000000004,
            0.41354677,
            0.37259184,
            0.35067189000000004,
            0.46162063000000003,
            0.385507
        ],
        [
            2.5149665299999997,
            0.30103885,
            0.32202410000000004,
            0.30033156,
            0.30062411,
            0.32376373,
            0.34488651000000003,
            0.40872313,
            0.38227124,
            0.39296373,
            0.34702513,
            0.40896473,
            0.35371977,
            0.35443148,
            0.30969507,
            0.30046021,
            0.30059824,
            0.34704914,
            0.32296956,
            0.34640946,
            0.52834413,
            0.33553858000000003,
            0.35813807,
            0.32347486000000003,
            0.32392025,
            0.30082808,
            0.30101719,
            0.34645993,
            0.0,
            0.16701599,
            0.10270185,
            0.16261007,
            0.40859775,
            0.40832936,
            0.43092813,
            0.56858663,
            0.57510227,
            0.6381519,
            0.5971969699999999,
            0.57527702,
            0.68622576,
            0.61011213
        ],
        [
            2.50882096,
            0.29489328,
            0.31587853,
            0.29418598999999995,
            0.29447853999999996,
            0.31761816,
            0.33874094,
            0.40257755999999995,
            0.37612566999999997,
            0.38681815999999997,
            0.34087955999999997,
            0.40281915999999995,
            0.34757419999999994,
            0.34828591,
            0.30354949999999997,
            0.29431463999999996,
            0.29445266999999997,
            0.34090356999999993,
            0.31682398999999994,
            0.34026388999999996,
            0.52219856,
            0.32939301,
            0.35199249999999993,
            0.31732929,
            0.31777468,
            0.29468250999999995,
            0.29487161999999995,
            0.34031436,
            0.16701599,
            0.0,
            0.09655628,
            0.1564645,
            0.40245217999999994,
            0.40218378999999993,
            0.42478256,
            0.5624410599999999,
            0.5689567,
            0.63200633,
            0.5910514,
            0.56913145,
            0.68008019,
            0.6039665599999999
        ],
        [
            2.44450682,
            0.23057914,
            0.25156438999999997,
            0.22987185,
            0.2301644,
            0.25330402,
            0.27442679999999997,
            0.33826342,
            0.31181153,
            0.32250402,
            0.27656542,
            0.33850502,
            0.28326006,
            0.28397177,
            0.23923536,
            0.2300005,
            0.23013853,
            0.27658943,
            0.25250985,
            0.27594975,
            0.45788441999999996,
            0.26507887,
            0.28767836,
            0.25301515,
            0.25346054,
            0.23036837,
            0.23055748,
            0.27600022,
            0.10270185,
            0.09655628,
            0.0,
            0.09215036,
            0.33813804000000003,
            0.33786965,
            0.36046842,
            0.49812692,
            0.50464256,
            0.56769219,
            0.52673726,
            0.50481731,
            0.61576605,
            0.5396524199999999
        ],
        [
            2.41224054,
            0.19831285999999998,
            0.21929811,
            0.19760556999999998,
            0.19789811999999998,
            0.22103773999999998,
            0.24216052,
            0.30599714,
            0.27954524999999997,
            0.29023774,
            0.24429914,
            0.30623874,
            0.25099378,
            0.25170549,
            0.20696908,
            0.19773422,
            0.19787225,
            0.24432315,
            0.22024357,
            0.24368346999999999,
            0.42561814,
            0.23281258999999999,
            0.25541208,
            0.22074886999999999,
            0.22119425999999998,
            0.19810208999999998,
            0.1982912,
            0.24373393999999998,
            0.16261007,
            0.1564645,
            0.09215036,
            0.0,
            0.30587176,
            0.30560337,
            0.32820214000000003,
            0.46586063999999994,
            0.47237628,
            0.53542591,
            0.49447098,
            0.47255103,
            0.58349977,
            0.5073861399999999
        ],
        [
            2.35249922,
            0.13857154,
            0.15955679,
            0.13786425,
            0.1381568,
            0.16129642,
            0.1824192,
            0.24625582000000001,
            0.21980393,
            0.23049642,
            0.18455782,
            0.24649742000000002,
            0.19125246,
            0.19196417,
            0.14722776,
            0.1379929,
            0.13813093,
            0.18458183,
            0.16050225,
            0.18394215,
            0.36587682,
            0.17307127,
            0.19567076,
            0.16100755,
            0.16145294,
            0.13836077,
            0.13854988000000001,
            0.18399262,
            0.40859775,
            0.40245217999999994,
            0.33813804000000003,
            0.30587176,
            0.0,
            0.07427813,
            0.0968769,
            0.40611931999999995,
            0.41263496,
            0.47568458999999996,
            0.43472966,
            0.41280971,
            0.52375845,
            0.44764481999999994
        ],
        [
            2.35223083,
            0.13830314999999999,
            0.1592884,
            0.13759586,
            0.13788841,
            0.16102803,
            0.18215081,
            0.24598743,
            0.21953554,
            0.23022803,
            0.18428943,
            0.24622903000000002,
            0.19098407,
            0.19169577999999998,
            0.14695937,
            0.13772451,
            0.13786254,
            0.18431344,
            0.16023386,
            0.18367376,
            0.36560843,
            0.17280288,
            0.19540237,
            0.16073916,
            0.16118454999999998,
            0.13809238,
            0.13828149,
            0.18372423,
            0.40832936,
            0.40218378999999993,
            0.33786965,
            0.30560337,
            0.07427813,
            0.0,
            0.09660851000000001,
            0.40585092999999994,
            0.41236657,
            0.47541619999999996,
            0.43446127,
            0.41254132,
            0.52349006,
            0.44737642999999994
        ],
        [
            2.3748296,
            0.16090192,
            0.18188717000000001,
            0.16019463,
            0.16048718,
            0.1836268,
            0.20474958000000001,
            0.2685862,
            0.24213431000000002,
            0.2528268,
            0.20688820000000002,
            0.2688278,
            0.21358284,
            0.21429455000000003,
            0.16955814000000002,
            0.16032328,
            0.16046131000000002,
            0.20691221,
            0.18283263000000002,
            0.20627253,
            0.3882072,
            0.19540165,
            0.21800114,
            0.18333793,
            0.18378332000000003,
            0.16069115,
            0.16088026000000002,
            0.206323,
            0.43092813,
            0.42478256,
            0.36046842,
            0.32820214000000003,
            0.0968769,
            0.09660851000000001,
            0.0,
            0.4284497,
            0.43496534000000003,
            0.49801497,
            0.45706004,
            0.43514009000000003,
            0.54608883,
            0.4699752
        ],
        [
            2.5124880999999997,
            0.29856042,
            0.31954567,
            0.29785312999999997,
            0.29814567999999997,
            0.3212853,
            0.34240808,
            0.40624469999999996,
            0.37979281,
            0.3904853,
            0.3445467,
