{
    "NEXUS_FILE_URL": "http://purl.org/phylo/treebase/phylows/study/TB2:S13664",
    "NEWICK_TREE": "((90:0.13158950774573813,43:0.07649559955469082):0.026175612023801732,(((39:0.07443545752815761,(37:0.013552750446520628,38:0.04353989436379202):0.012404356762625635):0.05364301141132724,(14:0.025461271628988646,(13:0.041064273877264634,(15:0.049929780329386886,12:0.02290746197923857):0.03559180503999987):0.015872640729000465):0.015416168416361509):0.025179607898920875,((4:0.015713041963479474,(45:0.01780005628683423,(46:0.004689677644688306,47:6.858213141811564E-4):0.006586131600353706):0.13697386295164948):0.04161158121587166,(((9:0.05028615091952632,(6:0.004816777117575111,(5:0.0013951338742826946,7:0.012181464082988147):0.0032969906316795417):0.0032368223776615412):0.028778543546506774,(10:0.03404366063552522,((20:0.04243748949395543,(22:1.3608515854190983E-6,21:0.003739308573938477):0.04547692241745896):0.0059834241140716005,(16:0.028732524141862975,(18:0.023505935425463226,(19:0.04934760711466016,17:0.027050327635673804):0.012694017215584441):0.039332153602807146):0.052056672667614684):0.04086434246406492):0.01125894286069895):0.006141877973382837,(8:0.03805737799527492,((11:0.04212497552618183,(35:0.0013765274917195147,(89:0.19959331830037663,36:0.004946260331105068):0.002116581220379943):0.06009854485783739):0.011368006921473772,(40:0.10178253393803116,((1:0.11870554622889751,44:0.13252653489035512):0.014170044016483085,((48:0.10468726611388693,(2:0.03620808772250106,3:0.03559761817850762):0.039198341319387764):0.00994332960235661,(((41:0.07541297324422508,42:0.032918627323472754):0.015719108129288673,(87:0.07356128088261954,88:0.12728619449328066):0.02082572303457625):0.02575911701155159,((((30:1.3608515854190983E-6,31:0.0037509526468702814):0.013806401704793636,(33:0.025019649566031643,(32:0.014442409647907661,34:0.0401051647136004):0.003118546786576748):0.027490174120639754):0.016636660204084386,((29:0.008299193398112636,(23:0.003490560936550674,24:0.004676469750619944):1.3608515854190983E-6):0.005174732050544861,(26:0.0011656306918469417,(25:0.003518199881150569,(27:0.002353595313990625,28:0.002373066782004163):0.0011541482182013951):1.3608515854190983E-6):0.001952430473263822):0.06065527603032503):0.05827579237302838,((60:0.06684126770560445,(57:0.06640226995414694,((59:0.0873703933688364,58:0.03843238861328116):0.028134236318360012,((55:0.042988565818245505,(49:0.015500588644767221,(50:0.0316087416952483,51:0.02234856874895569):0.020066395415112653):0.03138023867832576):0.0035115222641458332,((53:0.0058250990147770965,52:0.01915136681151247):0.021162690541954493,(56:0.03004947724078319,(54:0.023676680287966823,(63:0.06779471694220818,(61:0.008049870534436454,62:0.017024096644615905):0.037605197207376095):0.016764252039655758):0.012882114736513767):0.02225465675601218):0.006194799110747662):0.013377467940077936):0.021231804043753605):0.007176051893573454):0.04869181200883391,(86:0.14753388025769024,(((80:0.06186011940783598,79:0.028670950835856773):0.02042187732206427,((76:0.010903054505336823,78:0.07943799313157679):0.007486402932837755,(77:0.05295243765062896,(73:0.015552262410349987,(72:0.0065509985161367745,(75:0.0331247840030332,74:0.015753798987821366):0.00845537188040335):0.00628467909254557):0.030881046153128616):0.03179828958410147):0.010189669867246204):0.012165166695206231,((85:0.016769952015476486,(83:0.004397615849392356,(84:0.008235924617878698,(82:0.0013636170992816776,81:1.3608515854190983E-6):1.3608515854190983E-6):0.0024511860710239586):0.0034461602523687684):0.09214712134507722,(64:0.053259437455269176,(65:0.06177719442762997,(66:0.017027960043426715,((71:0.02415789480724373,67:0.015447723109337452):0.003053981044545684,(70:0.003027827879352185,(68:0.008748006058219404,69:0.0032217949452446604):0.012782422976876928):0.009876554416703653):0.05033771529001885):0.01399905293418624):0.05278585637393535):0.02744541254597707):0.005982123804423478):0.027832441686155895):0.03288453977513822):0.04998160419724548):0.016920261428660488):0.014728896624353116):0.008216127765858672):0.01956415094082753):0.013006119037990871):0.008462066412711688):0.006195922202054505):0.0097427827405559):0.00905731618415484):0.02617561202380172);",
    "DISTANCE_MATRIX": [
        [
            0.0,
            0.20808510730042895,
            0.33719880863174734,
            0.28872045831273596,
            0.3187076022300074,
            0.2499977797376126,
            0.28147342271488907,
            0.3259307342070112,
            0.2989084158568629,
            0.2503226711568476,
            0.3893835484318518,
            0.3828593013900596,
            0.37885544505955243,
            0.28794740315746825,
            0.24571485173317859,
            0.2455901991215657,
            0.25637652933027116,
            0.25418531218765933,
            0.3094269076242261,
            0.312467701399315,
            0.31620564912166804,
            0.34179519082567666,
            0.3759007557120841,
            0.41443644461686546,
            0.3921391651378791,
            0.24699413091538175,
            0.2708918017804741,
            0.2902418986038492,
            0.4905752706328862,
            0.2959282126636147,
            0.33218747230884055,
            0.3828446795570175,
            0.39666566821847515,
            0.3728158127937391,
            0.343534975721741,
            0.3429245061777476,
            0.38980531208691405,
            0.34731096616616175,
            0.3930602346305961,
            0.44678514824125715,
            0.378554590264001,
            0.38230418205928585,
            0.41725665139429335,
            0.4097979582627461,
            0.43546071332843883,
            0.4222393689825201,
            0.4174320973725435,
            0.4186180061866128,
            0.4118835046989734,
            0.4142374347398624,
            0.41422697839090383,
            0.41424644985891734,
            0.455349059042193,
            0.4620861131843089,
            0.532420276961112,
            0.48348227220555673,
            0.47679320329638486,
            0.4806854648012323,
            0.5168600132668261,
            0.5075998403205335,
            0.46347570388147286,
            0.47680197167820815,
            0.48879204832153655,
            0.495301366105234,
            0.5561836547991311,
            0.5340440055987354,
            0.543018231708915,
            0.5202343993605831,
            0.49498012421415527,
            0.4617909556421761,
            0.44127725478967583,
            0.5098121934159158,
            0.5076385245862316,
            0.5011193954990812,
            0.49840281069741366,
            0.5334319680647134,
            0.5160609830495015,
            0.515432157954026,
            0.5065059820403106,
            0.5127954768798209,
            0.5059245302128093,
            0.504562273965113,
            0.48721993459471846,
            0.5485235479410147,
            0.5177733664909976,
            0.5782949975893792,
            0.5695848258914729,
            0.5639875040336456,
            0.5824901051893897,
            0.576963894076415
        ],
        [
            0.20808510730042895,
            0.0,
            0.2821049004407,
            0.23362655012168865,
            0.26361369403896007,
            0.1949038715465653,
            0.22637951452384175,
            0.27083682601596387,
            0.24381450766581556,
            0.19522876296580025,
            0.3342896402408045,
            0.32776539319901227,
            0.3237615368685051,
            0.23285349496642094,
            0.19062094354213127,
            0.1904962909305184,
            0.20128262113922385,
            0.19909140399661202,
            0.2543329994331788,
            0.2573737932082677,
            0.26111174093062073,
            0.28670128263462935,
            0.3208068475210368,
            0.35934253642581815,
            0.3370452569468318,
            0.19190022272433443,
            0.2157978935894268,
            0.23514799041280188,
            0.4354813624418389,
            0.24083430447256737,
            0.27709356411779323,
            0.3277507713659702,
            0.34157176002742784,
            0.3177219046026918,
            0.2884410675306937,
            0.2878305979867003,
            0.33471140389586673,
            0.29221705797511444,
            0.33796632643954877,
            0.39169124005020983,
            0.3234606820729537,
            0.32721027386823853,
            0.36216274320324604,
            0.3547040500716988,
            0.3803668051373915,
            0.3671454607914728,
            0.3623381891814962,
            0.3635240979955655,
            0.3567895965079261,
            0.3591435265488151,
            0.3591330701998565,
            0.35915254166787003,
            0.4002551508511457,
            0.4069922049932616,
            0.47732636877006474,
            0.4283883640145094,
            0.42169929510533755,
            0.425591556610185,
            0.46176610507577875,
            0.4525059321294862,
            0.40838179569042554,
            0.42170806348716083,
            0.43369814013048924,
            0.4402074579141867,
            0.5010897466080838,
            0.4789500974076881,
            0.48792432351786763,
            0.4651404911695358,
            0.43988621602310796,
            0.4066970474511288,
            0.3861833465986285,
            0.45471828522486846,
            0.4525446163951843,
            0.44602548730803393,
            0.44330890250636634,
            0.47833805987366607,
            0.46096707485845423,
            0.46033824976297866,
            0.4514120738492633,
            0.45770156868877354,
            0.45083062202176194,
            0.4494683657740657,
            0.43212602640367115,
            0.49342963974996734,
            0.4626794582999503,
            0.5232010893983319,
            0.5144909177004255,
            0.5088935958425983,
            0.5273961969983424,
            0.5218699858853677
        ],
        [
            0.33719880863174734,
            0.2821049004407,
            0.0,
            0.10039256473730387,
            0.13037970865457527,
            0.168955908984835,
            0.20043155196211146,
            0.24488886345423358,
            0.21786654510408526,
            0.2196400162019117,
            0.3587008934769159,
            0.3521766464351237,
            0.34817279010461655,
            0.2572647482025324,
            0.21503219677824273,
            0.21490754416662985,
            0.2256938743753353,
            0.22350265723272347,
            0.2787442526692902,
            0.2817850464443792,
            0.2855229941667322,
            0.31111253587074084,
            0.3452181007571482,
            0.38375378966192963,
            0.3614565101829432,
            0.2163114759604459,
            0.24020914682553826,
            0.25955924364891336,
            0.45989261567795037,
            0.26524555770867886,
            0.30150481735390466,
            0.3521620246020817,
            0.36598301326353927,
            0.34213315783880327,
            0.31285232076680514,
            0.31224185122281173,
            0.3591226571319782,
            0.31662831121122587,
            0.3623775796756602,
            0.4161024932863213,
            0.34787193530906513,
            0.35162152710435,
            0.3865739964393575,
            0.3791153033078103,
            0.404778058373503,
            0.39155671402758424,
            0.38674944241760767,
            0.387935351231677,
            0.3812008497440375,
            0.3835547797849266,
            0.383544323435968,
            0.3835637949039815,
            0.4246664040872572,
            0.4314034582293731,
            0.5017376220061762,
            0.4527996172506209,
            0.44611054834144903,
            0.4500028098462965,
            0.48617735831189024,
            0.4769171853655977,
            0.432793048926537,
            0.4461193167232723,
            0.4581093933666007,
            0.4646187111502982,
            0.5255009998441953,
            0.5033613506437996,
            0.5123355767539791,
            0.4895517444056473,
            0.46429746925921944,
            0.43110830068724026,
            0.41059459983474,
            0.47912953846097994,
            0.47695586963129577,
            0.4704367405441454,
            0.46772015574247783,
            0.5027493131097776,
            0.4853783280945657,
            0.48474950299909014,
            0.4758233270853748,
            0.482112821924885,
            0.4752418752578734,
            0.47387961901017717,
            0.45653727963978263,
            0.5178408929860788,
            0.48709071153606176,
            0.5476123426344434,
            0.538902170936537,
            0.5333048490787098,
            0.5518074502344539,
            0.5462812391214792
        ],
        [
            0.28872045831273596,
            0.23362655012168865,
            0.10039256473730387,
            0.0,
            0.05709264481031265,
            0.12047755866582366,
            0.1519532016431001,
            0.19641051313522223,
            0.16938819478507391,
            0.17116166588290035,
            0.3102225431579046,
            0.3036982961161124,
            0.2996944397856052,
            0.20878639788352105,
            0.16655384645923138,
            0.1664291938476185,
            0.17721552405632396,
            0.17502430691371212,
            0.23026590235027886,
            0.2333066961253678,
            0.23704464384772087,
            0.26263418555172946,
            0.2967397504381369,
            0.33527543934291826,
            0.3129781598639319,
            0.16783312564143454,
            0.1917307965065269,
            0.211080893329902,
            0.41141426535893905,
            0.21676720738966748,
            0.25302646703489334,
            0.3036836742830703,
            0.31750466294452795,
            0.2936548075197919,
            0.2643739704477938,
            0.2637635009038004,
            0.31064430681296684,
            0.26814996089221455,
            0.3138992293566489,
            0.36762414296731,
            0.2993935849900538,
            0.30314317678533864,
            0.33809564612034615,
            0.3306369529887989,
            0.3562997080544916,
            0.3430783637085729,
            0.33827109209859635,
            0.3394570009126656,
            0.3327224994250262,
            0.3350764294659152,
            0.33506597311695663,
            0.3350854445849702,
            0.3761880537682458,
            0.3829251079103618,
            0.45325927168716484,
            0.4043212669316096,
            0.3976321980224377,
            0.40152445952728516,
            0.4376990079928789,
            0.4284388350465863,
            0.38431469860752565,
            0.397640966404261,
            0.4096310430475894,
            0.4161403608312868,
            0.4770226495251839,
            0.4548830003247883,
            0.46385722643496774,
            0.44107339408663593,
            0.41581911894020807,
            0.3826299503682289,
            0.3621162495157286,
            0.43065118814196857,
            0.42847751931228445,
            0.4219583902251341,
            0.41924180542346645,
            0.45427096279076623,
            0.4368999777755544,
            0.43627115268007877,
            0.4273449767663634,
            0.4336344716058737,
            0.4267635249388621,
            0.42540126869116585,
            0.4080589293207713,
            0.46936254266706745,
            0.43861236121705044,
            0.499133992315432,
            0.4904238206175257,
            0.4848264987596984,
            0.5033290999154425,
            0.4978028888024678
        ],
        [
            0.3187076022300074,
            0.26361369403896007,
            0.13037970865457527,
            0.05709264481031265,
            0.0,
            0.15046470258309505,
            0.1819403455603715,
            0.22639765705249362,
            0.1993753387023453,
            0.20114880980017175,
            0.34020968707517596,
            0.33368544003338374,
            0.3296815837028766,
            0.23877354180079244,
            0.19654099037650277,
            0.1964163377648899,
            0.20720266797359535,
            0.20501145083098352,
            0.26025304626755025,
            0.2632938400426392,
            0.26703178776499226,
            0.2926213294690009,
            0.32672689435540825,
            0.3652625832601897,
            0.34296530378120327,
            0.19782026955870594,
            0.2217179404237983,
            0.24106803724717338,
            0.4414014092762104,
            0.24675435130693887,
            0.2830136109521647,
            0.3336708182003417,
            0.3474918068617993,
            0.3236419514370633,
            0.2943611143650652,
            0.29375064482107177,
            0.34063145073023826,
            0.2981371048094859,
            0.34388637327392024,
            0.39761128688458136,
            0.32938072890732517,
            0.33313032070261006,
            0.36808279003761757,
            0.36062409690607033,
            0.38628685197176305,
            0.3730655076258443,
            0.3682582360158677,
            0.36944414482993704,
            0.36270964334229755,
            0.3650635733831866,
            0.36505311703422805,
            0.36507258850224156,
            0.40617519768551724,
            0.41291225182763314,
            0.48324641560443626,
            0.43430841084888094,
            0.4276193419397091,
            0.4315116034445565,
            0.4676861519101503,
            0.4584259789638577,
            0.41430184252479707,
            0.42762811032153236,
            0.43961818696486077,
            0.4461275047485582,
            0.5070097934424553,
            0.48487014424205965,
            0.49384437035223916,
            0.47106053800390735,
            0.4458062628574795,
            0.4126170942855003,
            0.39210339343300005,
            0.46063833205924,
            0.4584646632295558,
            0.45194553414240546,
            0.44922894934073787,
            0.4842581067080376,
            0.46688712169282576,
            0.4662582965973502,
            0.4573321206836348,
            0.46362161552314507,
            0.45675066885613347,
            0.4553884126084372,
            0.4380460732380427,
            0.49934968658433887,
            0.4685995051343218,
            0.5291211362327034,
            0.5204109645347971,
            0.5148136426769698,
            0.5333162438327139,
            0.5277900327197392
        ],
        [
            0.2499977797376126,
            0.1949038715465653,
            0.168955908984835,
            0.12047755866582366,
            0.15046470258309505,
            0.0,
            0.08239818623525375,
            0.12685549772737587,
            0.09983317937722755,
            0.132438987307777,
            0.27149986458278125,
            0.26497561754098903,
            0.2609717612104819,
            0.1700637193083977,
            0.12783116788410803,
            0.12770651527249516,
            0.1384928454812006,
            0.13630162833858878,
            0.1915432237751555,
            0.19458401755024446,
            0.19832196527259752,
            0.22391150697660614,
            0.25801707186301354,
            0.2965527607677949,
            0.27425548128880856,
            0.1291104470663112,
            0.15300811793140356,
            0.17235821475477864,
            0.3726915867838157,
            0.17804452881454413,
            0.21430378845977,
            0.26496099570794696,
            0.2787819843694046,
            0.25493212894466855,
            0.22565129187267047,
            0.22504082232867703,
            0.2719216282378435,
            0.22942728231709117,
            0.27517655078152553,
            0.32890146439218665,
            0.26067090641493046,
            0.2644204982102153,
            0.2993729675452228,
            0.29191427441367557,
            0.3175770294793683,
            0.30435568513344957,
            0.299548413523473,
            0.30073432233754227,
            0.29399982084990284,
            0.29635375089079186,
            0.2963432945418333,
            0.29636276600984685,
            0.3374653751931225,
            0.3442024293352384,
            0.4145365931120415,
            0.36559858835648623,
            0.35890951944731436,
            0.3628017809521618,
            0.39897632941775557,
            0.38971615647146296,
            0.3455920200324023,
            0.35891828782913765,
            0.37090836447246606,
            0.37741768225616346,
            0.43829997095006057,
            0.41616032174966494,
            0.4251345478598444,
            0.4023507155115126,
            0.3770964403650847,
            0.34390727179310554,
            0.3233935709406053,
            0.3919285095668452,
            0.3897548407371611,
            0.38323571165001075,
            0.3805191268483431,
            0.4155482842156429,
            0.39817729920043105,
            0.3975484741049554,
            0.38862229819124006,
            0.39491179303075036,
            0.38804084636373876,
            0.3866785901160425,
            0.36933625074564796,
            0.4306398640919441,
            0.3998896826419271,
            0.46041131374030864,
            0.45170114204240236,
            0.44610382018457506,
            0.4646064213403192,
            0.45908021022734447
        ],
        [
            0.28147342271488907,
            0.22637951452384175,
            0.20043155196211146,
            0.1519532016431001,
            0.1819403455603715,
            0.08239818623525375,
            0.0,
            0.1265858592466514,
            0.09956354089650307,
            0.16391463028505346,
            0.3029755075600577,
            0.2964512605182655,
            0.29244740418775833,
            0.20153936228567415,
            0.15930681086138448,
            0.1591821582497716,
            0.16996848845847706,
            0.16777727131586523,
            0.22301886675243196,
            0.2260596605275209,
            0.22979760824987397,
            0.25538714995388256,
            0.28949271484029,
            0.32802840374507136,
            0.305731124266085,
            0.16058609004358765,
            0.18448376090868002,
            0.2038338577320551,
            0.40416722976109215,
            0.2095201717918206,
            0.24577943143704645,
            0.2964366386852234,
            0.31025762734668105,
            0.286407771921945,
            0.2571269348499469,
            0.2565164653059535,
            0.30339727121511995,
            0.26090292529436765,
            0.306652193758802,
            0.3603771073694631,
            0.2921465493922069,
            0.29589614118749175,
            0.33084861052249925,
            0.323389917390952,
            0.34905267245664473,
            0.335831328110726,
            0.33102405650074945,
            0.3322099653148187,
            0.3254754638271793,
            0.3278293938680683,
            0.32781893751910973,
            0.3278384089871233,
            0.3689410181703989,
            0.3756780723125149,
            0.44601223608931795,
            0.3970742313337627,
            0.3903851624245908,
            0.39427742392943826,
            0.430451972395032,
            0.4211917994487394,
            0.37706766300967876,
            0.3903939308064141,
            0.4023840074497425,
            0.4088933252334399,
            0.469775613927337,
            0.4476359647269414,
            0.45661019083712084,
            0.43382635848878903,
            0.40857208334236117,
            0.375382914770382,
            0.35486921391788173,
            0.42340415254412167,
            0.42123048371443755,
            0.4147113546272872,
            0.41199476982561956,
            0.44702392719291933,
            0.4296529421777075,
            0.42902411708223187,
            0.4200979411685165,
            0.4263874360080268,
            0.4195164893410152,
            0.41815423309331895,
            0.4008118937229244,
            0.46211550706922055,
            0.43136532561920354,
            0.4918869567175851,
            0.4831767850196788,
            0.4775794631618515,
            0.49608206431759566,
            0.4905558532046209
        ],
        [
            0.3259307342070112,
            0.27083682601596387,
            0.24488886345423358,
            0.19641051313522223,
            0.22639765705249362,
            0.12685549772737587,
            0.1265858592466514,
            0.0,
            0.07283724230862546,
            0.20837194177717558,
            0.3474328190521798,
            0.3409085720103876,
            0.33690471567988045,
            0.24599667377779627,
            0.2037641223535066,
            0.20363946974189373,
            0.21442579995059918,
            0.21223458280798735,
            0.26747617824455405,
            0.27051697201964303,
            0.2742549197419961,
            0.29984446144600474,
            0.3339500263324121,
            0.3724857152371935,
            0.35018843575820713,
            0.20504340153570977,
            0.22894107240080214,
            0.2482911692241772,
            0.44862454125321427,
            0.2539774832839427,
            0.29023674292916857,
            0.34089395017734553,
            0.3547149388388031,
            0.3308650834140672,
            0.30158424634206904,
            0.3009737767980756,
            0.34785458270724207,
            0.3053602367864897,
            0.3511095052509241,
            0.4048344188615852,
            0.33660386088432903,
            0.3403534526796139,
            0.3753059220146214,
            0.36784722888307414,
            0.39350998394876685,
            0.3802886396028481,
            0.3754813679928716,
            0.37666727680694084,
            0.36993277531930135,
            0.37228670536019043,
            0.3722762490112319,
            0.3722957204792454,
            0.41339832966252105,
            0.420135383804637,
            0.49046954758144007,
            0.4415315428258848,
            0.43484247391671293,
            0.4387347354215604,
            0.47490928388715414,
            0.46564911094086153,
            0.4215249745018009,
            0.4348512422985362,
            0.44684131894186463,
            0.45335063672556203,
            0.5142329254194591,
            0.4920932762190635,
            0.501067502329243,
            0.47828366998091115,
            0.4530293948344833,
            0.4198402262625041,
            0.39932652541000385,
            0.4678614640362438,
            0.4656877952065597,
            0.4591686661194093,
            0.4564520813177417,
            0.49148123868504145,
            0.4741102536698296,
            0.473481428574354,
            0.46455525266063863,
            0.47084474750014893,
            0.46397380083313733,
            0.46261154458544107,
            0.44526920521504654,
            0.5065728185613427,
            0.47582263711132566,
            0.5363442682097073,
            0.5276340965118009,
            0.5220367746539736,
            0.5405393758097178,
            0.5350131646967431
        ],
        [
            0.2989084158568629,
            0.24381450766581556,
            0.21786654510408526,
            0.16938819478507391,
            0.1993753387023453,
            0.09983317937722755,
            0.09956354089650307,
            0.07283724230862546,
            0.0,
            0.18134962342702726,
            0.3204105007020315,
            0.31388625366023926,
            0.3098823973297321,
            0.21897435542764795,
            0.1767418040033583,
            0.17661715139174541,
            0.18740348160045087,
            0.18521226445783903,
            0.24045385989440576,
            0.24349465366949472,
            0.24723260139184777,
            0.2728221430958564,
            0.30692770798226376,
            0.3454633968870452,
            0.3231661174080588,
            0.17802108318556145,
            0.20191875405065382,
            0.2212688508740289,
            0.4216022229030659,
            0.2269551649337944,
            0.2632144245790202,
            0.31387163182719724,
            0.32769262048865483,
            0.30384276506391883,
            0.2745619279919207,
            0.2739514584479273,
            0.3208322643570938,
            0.2783379184363414,
            0.32408718690077576,
            0.3778121005114369,
            0.3095815425341807,
            0.3133311343294656,
            0.3482836036644731,
            0.34082491053292585,
            0.36648766559861856,
            0.3532663212526998,
            0.34845904964272323,
            0.34964495845679255,
            0.34291045696915307,
            0.34526438701004214,
            0.34525393066108356,
            0.3452734021290971,
            0.38637601131237276,
            0.39311306545448865,
            0.4634472292312918,
            0.41450922447573646,
            0.4078201555665646,
            0.41171241707141204,
            0.4478869655370058,
            0.43862679259071324,
            0.3945026561516526,
            0.4078289239483879,
            0.4198190005917163,
            0.42632831837541374,
            0.48721060706931085,
            0.46507095786891517,
            0.4740451839790947,
            0.45126135163076286,
            0.426007076484335,
            0.3928179079123558,
            0.37230420705985556,
            0.4408391456860955,
            0.43866547685641133,
            0.432146347769261,
            0.4294297629675934,
            0.4644589203348931,
            0.4470879353196813,
            0.4464591102242057,
            0.43753293431049034,
            0.4438224291500006,
            0.436951482482989,
            0.4355892262352927,
            0.4182468868648982,
            0.4795505002111944,
            0.4488003187611773,
            0.5093219498595589,
            0.5006117781616526,
            0.49501445630382535,
            0.5135170574595694,
            0.5079908463465947
        ],
        [
            0.2503226711568476,
            0.19522876296580025,
            0.2196400162019117,
            0.17116166588290035,
            0.20114880980017175,
            0.132438987307777,
            0.16391463028505346,
            0.20837194177717558,
            0.18134962342702726,
            0.0,
            0.1704869612019632,
            0.16396271416017097,
            0.15995885782966382,
            0.15227397835932296,
            0.1100414269350333,
            0.10991677432342042,
            0.12070310453212588,
            0.11851188738951404,
            0.17375348282608077,
            0.17679427660116973,
            0.18053222432352278,
            0.2061217660275314,
            0.2402273309139388,
            0.2787630198187202,
            0.2564657403397338,
            0.11132070611723646,
            0.13521837698232883,
            0.1545684738057039,
            0.35490184583474094,
            0.1602547878654694,
            0.19651404751069526,
            0.24717125475887222,
            0.26099224342032984,
            0.23714238799559384,
            0.20786155092359573,
            0.2072510813796023,
            0.2541318872887688,
            0.21163754136801644,
            0.25738680983245077,
            0.3111117234431119,
            0.24288116546585573,
            0.2466307572611406,
            0.2815832265961481,
            0.27412453346460086,
            0.29978728853029357,
            0.2865659441843748,
            0.28175867257439824,
            0.28294458138846756,
            0.2762100799008281,
            0.27856400994171715,
            0.2785535535927586,
            0.2785730250607721,
            0.31967563424404777,
            0.32641268838616366,
            0.3967468521629668,
            0.34780884740741147,
            0.3411197784982396,
            0.34501204000308705,
            0.3811865884686808,
            0.37192641552238825,
            0.3278022790833276,
            0.3411285468800629,
            0.3531186235233913,
            0.35962794130708875,
            0.42051023000098586,
            0.3983705808005902,
            0.4073448069107697,
            0.3845609745624379,
            0.35930669941601,
            0.32611753084403083,
            0.3056038299915305,
            0.3741387686177705,
            0.37196509978808634,
            0.365445970700936,
            0.3627293858992684,
            0.3977585432665681,
            0.3803875582513563,
            0.3797587331558807,
            0.37083255724216535,
            0.3771220520816756,
            0.370251105414664,
            0.36888884916696774,
            0.3515465097965732,
            0.4128501231428694,
            0.38209994169285233,
            0.44262157279123393,
            0.4339114010933276,
            0.42831407923550036,
            0.44681668039124445,
            0.44129046927826976
        ],
        [
            0.3893835484318518,
            0.3342896402408045,
            0.3587008934769159,
            0.3102225431579046,
            0.34020968707517596,
            0.27149986458278125,
            0.3029755075600577,
            0.3474328190521798,
            0.3204105007020315,
            0.1704869612019632,
            0.0,
            0.029075865531876244,
            0.025072009201369094,
            0.2913348556343272,
            0.24910230421003754,
            0.24897765159842467,
            0.2597639818071301,
            0.2575727646645183,
            0.312814360101085,
            0.31585515387617397,
            0.31959310159852705,
            0.3451826433025357,
            0.37928820818894304,
            0.4178238970937244,
            0.39552661761473806,
            0.2503815833922407,
            0.27427925425733307,
            0.29362935108070815,
            0.4939627231097452,
            0.29931566514047364,
            0.3355749247856995,
            0.38623213203387646,
            0.40005312069533405,
            0.3762032652705981,
            0.3469224281986,
            0.3463119586546065,
            0.393192764563773,
            0.35069841864302065,
            0.39644768710745504,
            0.45017260071811616,
            0.38194204274085997,
            0.38569163453614486,
            0.4206441038711523,
            0.4131854107396051,
            0.43884816580529784,
            0.425626821459379,
            0.4208195498494025,
            0.4220054586634718,
            0.4152709571758323,
            0.41762488721672136,
            0.41761443086776284,
            0.41763390233577635,
            0.458736511519052,
            0.46547356566116793,
            0.5358077294379711,
            0.48686972468241574,
            0.48018065577324387,
            0.4840729172780913,
            0.5202474657436851,
            0.5109872927973924,
            0.4668631563583318,
            0.48018942415506716,
            0.49217950079839556,
            0.49868881858209296,
            0.5595711072759901,
            0.5374314580755944,
            0.5464056841857738,
            0.523621851837442,
            0.4983675766910142,
            0.46517840811903505,
            0.44466470726653473,
            0.5131996458927748,
            0.5110259770630906,
            0.5045068479759403,
            0.5017902631742726,
            0.5368194205415724,
            0.5194484355263606,
            0.5188196104308849,
            0.5098934345171695,
            0.5161829293566799,
            0.5093119826896683,
            0.507949726441972,
            0.49060738707157747,
            0.5519110004178736,
            0.5211608189678566,
            0.5816824500662381,
            0.5729722783683319,
            0.5673749565105046,
            0.5858775576662487,
            0.5803513465532739
        ],
        [
            0.3828593013900596,
            0.32776539319901227,
            0.3521766464351237,
            0.3036982961161124,
            0.33368544003338374,
            0.26497561754098903,
            0.2964512605182655,
            0.3409085720103876,
            0.31388625366023926,
            0.16396271416017097,
            0.029075865531876244,
            0.0,
            0.005375498958869462,
            0.284810608592535,
            0.24257805716824532,
            0.24245340455663245,
            0.2532397347653379,
            0.25104851762272606,
            0.30629011305929277,
            0.30933090683438175,
            0.31306885455673483,
            0.33865839626074346,
            0.3727639611471508,
            0.4112996500519322,
            0.38900237057294584,
            0.24385733635044848,
            0.26775500721554085,
            0.2871051040389159,
            0.487438476067953,
            0.2927914180986814,
            0.3290506777439073,
            0.37970788499208424,
            0.39352887365354183,
            0.3696790182288059,
            0.34039818115680776,
            0.3397877116128143,
            0.3866685175219808,
            0.34417417160122843,
            0.3899234400656628,
            0.44364835367632394,
            0.37541779569906775,
            0.37916738749435264,
            0.4141198568293601,
            0.40666116369781286,
            0.4323239187635056,
            0.4191025744175868,
            0.4142953028076103,
            0.41548121162167956,
            0.40874671013404007,
            0.41110064017492914,
            0.4110901838259706,
            0.41110965529398413,
            0.45221226447725976,
            0.4589493186193757,
            0.5292834823961787,
            0.4803454776406235,
            0.47365640873145165,
            0.4775486702362991,
            0.5137232187018929,
            0.5044630457556003,
            0.4603389093165396,
            0.47366517711327494,
            0.48565525375660334,
            0.49216457154030074,
            0.5530468602341978,
            0.5309072110338022,
            0.5398814371439817,
            0.5170976047956499,
            0.491843329649222,
            0.45865416107724283,
            0.4381404602247425,
            0.5066753988509825,
            0.5045017300212984,
            0.49798260093414803,
            0.4952660161324804,
            0.5302951734997802,
            0.5129241884845683,
            0.5122953633890928,
            0.5033691874753774,
            0.5096586823148876,
            0.502787735647876,
            0.5014254794001798,
            0.48408314002978525,
            0.5453867533760814,
            0.5146365719260644,
            0.575158203024446,
            0.5664480313265396,
            0.5608507094687123,
            0.5793533106244565,
            0.5738270995114818
        ],
        [
            0.37885544505955243,
            0.3237615368685051,
            0.34817279010461655,
            0.2996944397856052,
            0.3296815837028766,
            0.2609717612104819,
            0.29244740418775833,
            0.33690471567988045,
            0.3098823973297321,
            0.15995885782966382,
            0.025072009201369094,
            0.005375498958869462,
            0.0,
            0.28080675226202784,
            0.23857420083773817,
            0.2384495482261253,
            0.24923587843483075,
            0.24704466129221891,
            0.3022862567287856,
            0.3053270505038746,
            0.3090649982262277,
