{
    "NEXUS_FILE_URL": "http://purl.org/phylo/treebase/phylows/study/TB2:S14460",
    "NEWICK_TREE": "(((((1:0.00156,2:-8.877E-5):0.0058,(3:0.0,4:0.0):0.00157):0.00918,(5:0.0,6:0.0):0.01119):0.02539,(((((((((((((((((((((((7:-6.955E-6,21:0.00148):3.58E-6,8:-3.58E-6):1.844E-6,9:-1.844E-6):9.508E-7,10:-9.508E-7):4.908E-7,11:-4.908E-7):2.536E-7,12:-2.536E-7):1.313E-7,13:-1.313E-7):6.798E-8,14:-6.798E-8):3.525E-8,15:-3.525E-8):1.817E-8,16:-1.817E-8):0.0,17:0.0):0.0,18:0.0):0.0,19:0.0):0.0,20:0.0):0.0,22:0.0):0.0,23:0.0):0.00374,(((47:-5.581E-6,49:0.00148):2.855E-6,48:-2.855E-6):0.0037,(50:0.0,51:0.0):0.01126):0.00148):0.00118,((24:-6.476E-7,(25:-3.454E-7,(26:-1.85E-7,(27:-9.963E-8,(28:-5.397E-8,(29:-2.944E-8,(30:-1.619E-8,(31:0.0,(32:0.0,(33:0.0,(34:0.0,(35:0.0,((((36:0.00147,40:0.0):0.0,39:0.0):0.0,38:0.0):0.0,37:0.0):0.0):0.0):0.0):0.0):0.0):0.0):1.619E-8):2.944E-8):5.397E-8):9.963E-8):1.85E-7):3.454E-7):0.00258,((43:-1.553E-5,(44:0.00147,45:0.00297):1.333E-5):0.0015,46:-1.734E-5):0.00336):0.00139):2.8E-4,(41:0.0,42:0.0):0.00625):6.3E-4,((52:0.0,53:0.0):0.0,54:0.0):0.00547):0.00311,(((55:-2.339E-5,58:2.339E-5):1.193E-5,56:-1.193E-5):6.086E-6,57:-6.086E-6):0.00694):0.00509,((82:0.0,83:0.0):0.00795,(((84:0.0,85:0.0):0.0,86:0.0):0.01033,87:0.01833):0.00107):0.00259):0.00935,((((((59:-5.249E-5,(62:0.0,63:0.0):0.00154):2.661E-5,60:-2.661E-5):1.349E-5,61:-1.349E-5):0.00432,((64:7.2E-4,65:7.7E-4):2.4E-4,((((66:0.0,67:0.0):0.00151,72:-2.505E-5):1.271E-5,73:-1.271E-5):7.6E-4,(((68:0.0,69:0.0):0.00456,70:-1.0E-4):5.228E-5,71:-5.228E-5):0.00222):5.0E-4):0.00166):0.00758,((((74:0.0,75:0.0):0.00185,76:0.00115):9.5E-4,77:5.5E-4):6.7E-4,(78:0.00376,79:0.00678):8.4E-4):0.0089):0.00386,(80:0.0,81:0.0):0.00678):0.00297):0.00576):0.04882,88:0.0,89:0.0);",
    "DISTANCE_MATRIX": [
        [
            0.0,
            0.00147123,
            0.008929999999999999,
            0.008929999999999999,
            0.027729999999999998,
            0.027729999999999998,
            0.0710704169,
            0.0725573719,
            0.0710702119,
            0.0710701039,
            0.0710700463,
            0.0710700155,
            0.0710699991,
            0.0710699901,
            0.07106998544,
            0.07106998292,
            0.07106998182999999,
            0.07107,
            0.07107,
            0.07107,
            0.07107,
            0.07107,
            0.07107,
            0.072507274,
            0.073992855,
            0.072507145,
            0.08007,
            0.08007,
            0.0701193524,
            0.07012,
            0.07012034539999999,
            0.07012053039999999,
            0.07012063002999999,
            0.07012068399999999,
            0.07012071344,
            0.07012072962999999,
            0.07012072962999999,
            0.07012072962999999,
            0.07012072962999999,
            0.07012072962999999,
            0.07159072962999999,
            0.07012072962999999,
            0.07012072962999999,
            0.07012072962999999,
            0.07012072962999999,
            0.07238446999999999,
            0.07388333,
            0.07538333,
            0.07088266,
            0.07211999999999999,
            0.07211999999999999,
            0.07071,
            0.07071,
            0.07071,
            0.06906462599999999,
            0.069111406,
            0.069064156,
            0.069063914,
            0.06758,
            0.06758,
            0.07103,
            0.07103,
            0.07103,
            0.07902999999999999,
            0.06640760999999999,
            0.0680001,
            0.0680001,
            0.06640688,
            0.06640651,
            0.06472,
            0.06477,
            0.06654271,
            0.06654271,
            0.06500766,
            0.06500729,
            0.07109228,
            0.07109228,
            0.06643228,
            0.06642772,
            0.06688999999999999,
            0.06688999999999999,
            0.06619,
            0.06464,
            0.06802,
            0.07103999999999999,
            0.05743999999999999,
            0.05743999999999999,
            0.09075,
            0.09075
        ],
        [
            0.00147123,
            0.0,
            0.00728123,
            0.00728123,
            0.02608123,
            0.02608123,
            0.06942164690000001,
            0.0709086019,
            0.0694214419,
            0.0694213339,
            0.0694212763,
            0.0694212455,
            0.06942122910000001,
            0.0694212201,
            0.06942121544,
            0.06942121292,
            0.06942121183,
            0.06942123,
            0.06942123,
            0.06942123,
            0.06942123,
            0.06942123,
            0.06942123,
            0.070858504,
            0.072344085,
            0.070858375,
            0.07842123000000001,
            0.07842123000000001,
            0.06847058240000001,
            0.06847123000000001,
            0.0684715754,
            0.0684717604,
            0.06847186003,
            0.068471914,
            0.06847194344,
            0.06847195963,
            0.06847195963,
            0.06847195963,
            0.06847195963,
            0.06847195963,
            0.06994195963,
            0.06847195963,
            0.06847195963,
            0.06847195963,
            0.06847195963,
            0.0707357,
            0.07223456,
            0.07373456,
            0.06923389,
            0.07047123,
            0.07047123,
            0.06906123,
            0.06906123,
            0.06906123,
            0.067415856,
            0.067462636,
            0.06741538600000001,
            0.06741514400000001,
            0.06593123000000001,
            0.06593123000000001,
            0.06938123,
            0.06938123,
            0.06938123,
            0.07738123,
            0.06475884,
            0.06635133,
            0.06635133,
            0.06475811000000001,
            0.06475774000000001,
            0.06307123,
            0.06312123,
            0.06489394000000001,
            0.06489394000000001,
            0.06335889,
            0.06335852,
            0.06944351,
            0.06944351,
            0.06478351,
            0.06477895,
            0.06524123,
            0.06524123,
            0.06454123,
            0.06299123000000001,
            0.06637123,
            0.06939123,
            0.05579123,
            0.05579123,
            0.08910123,
            0.08910123
        ],
        [
            0.008929999999999999,
            0.00728123,
            0.0,
            0.0,
            0.02194,
            0.02194,
            0.0652804169,
            0.0667673719,
            0.0652802119,
            0.0652801039,
            0.0652800463,
            0.0652800155,
            0.0652799991,
            0.0652799901,
            0.06527998544,
            0.06527998292000001,
            0.06527998183,
            0.06528,
            0.06528,
            0.06528,
            0.06528,
            0.06528,
            0.06528,
            0.066717274,
            0.068202855,
            0.066717145,
            0.07428000000000001,
            0.07428000000000001,
            0.0643293524,
            0.06433,
            0.0643303454,
            0.0643305304,
            0.06433063003,
            0.064330684,
            0.06433071343999999,
            0.06433072963,
            0.06433072963,
            0.06433072963,
            0.06433072963,
            0.06433072963,
            0.06580072963,
            0.06433072963,
            0.06433072963,
            0.06433072963,
            0.06433072963,
            0.06659447,
            0.06809333000000001,
            0.06959333000000001,
            0.06509266,
            0.06633,
            0.06633,
            0.06492,
            0.06492,
            0.06492,
            0.063274626,
            0.063321406,
            0.063274156,
            0.063273914,
            0.06179,
            0.06179,
            0.06523999999999999,
            0.06523999999999999,
            0.06523999999999999,
            0.07324,
            0.06061761,
            0.062210100000000004,
            0.062210100000000004,
            0.06061688,
            0.06061651,
            0.058929999999999996,
            0.058980000000000005,
            0.06075271,
            0.06075271,
            0.05921766,
            0.05921729,
            0.06530228,
            0.06530228,
            0.06064228,
            0.06063772,
            0.0611,
            0.0611,
            0.060399999999999995,
            0.05885,
            0.06223,
            0.06525,
            0.05165,
            0.05165,
            0.08496000000000001,
            0.08496000000000001
        ],
        [
            0.008929999999999999,
            0.00728123,
            0.0,
            0.0,
            0.02194,
            0.02194,
            0.0652804169,
            0.0667673719,
            0.0652802119,
            0.0652801039,
            0.0652800463,
            0.0652800155,
            0.0652799991,
            0.0652799901,
            0.06527998544,
            0.06527998292000001,
            0.06527998183,
            0.06528,
            0.06528,
            0.06528,
            0.06528,
            0.06528,
            0.06528,
            0.066717274,
            0.068202855,
            0.066717145,
            0.07428000000000001,
            0.07428000000000001,
            0.0643293524,
            0.06433,
            0.0643303454,
            0.0643305304,
            0.06433063003,
            0.064330684,
            0.06433071343999999,
            0.06433072963,
            0.06433072963,
            0.06433072963,
            0.06433072963,
            0.06433072963,
            0.06580072963,
            0.06433072963,
            0.06433072963,
            0.06433072963,
            0.06433072963,
            0.06659447,
            0.06809333000000001,
            0.06959333000000001,
            0.06509266,
            0.06633,
            0.06633,
            0.06492,
            0.06492,
            0.06492,
            0.063274626,
            0.063321406,
            0.063274156,
            0.063273914,
            0.06179,
            0.06179,
            0.06523999999999999,
            0.06523999999999999,
            0.06523999999999999,
            0.07324,
            0.06061761,
            0.062210100000000004,
            0.062210100000000004,
            0.06061688,
            0.06061651,
            0.058929999999999996,
            0.058980000000000005,
            0.06075271,
            0.06075271,
            0.05921766,
            0.05921729,
            0.06530228,
            0.06530228,
            0.06064228,
            0.06063772,
            0.0611,
            0.0611,
            0.060399999999999995,
            0.05885,
            0.06223,
            0.06525,
            0.05165,
            0.05165,
            0.08496000000000001,
            0.08496000000000001
        ],
        [
            0.027729999999999998,
            0.02608123,
            0.02194,
            0.02194,
            0.0,
            0.0,
            0.06572041690000001,
            0.0672073719,
            0.0657202119,
            0.06572010390000001,
            0.0657200463,
            0.0657200155,
            0.06571999910000001,
            0.0657199901,
            0.06571998544,
            0.06571998292,
            0.06571998183,
            0.06572,
            0.06572,
            0.06572,
            0.06572,
            0.06572,
            0.06572,
            0.067157274,
            0.068642855,
            0.067157145,
            0.07472000000000001,
            0.07472000000000001,
            0.06476935240000001,
            0.06477000000000001,
            0.0647703454,
            0.0647705304,
            0.06477063003,
            0.064770684,
            0.06477071344,
            0.06477072963,
            0.06477072963,
            0.06477072963,
            0.06477072963,
            0.06477072963,
            0.06624072963,
            0.06477072963,
            0.06477072963,
            0.06477072963,
            0.06477072963,
            0.06703447,
            0.06853333,
            0.07003333,
            0.06553266,
            0.06677,
            0.06677,
            0.06536,
            0.06536,
            0.06536,
            0.063714626,
            0.063761406,
            0.06371415600000001,
            0.06371391400000001,
            0.06223000000000001,
            0.06223000000000001,
            0.06568,
            0.06568,
            0.06568,
            0.07368,
            0.06105761,
            0.0626501,
            0.0626501,
            0.06105688,
            0.06105651,
            0.059370000000000006,
            0.05942,
            0.061192710000000004,
            0.061192710000000004,
            0.05965766,
            0.05965729,
            0.06574228,
            0.06574228,
            0.06108228,
            0.06107772,
            0.06154,
            0.06154,
            0.060840000000000005,
            0.05929,
            0.06267,
            0.06569,
            0.05209,
            0.05209,
            0.0854,
            0.0854
        ],
        [
            0.027729999999999998,
            0.02608123,
            0.02194,
            0.02194,
            0.0,
            0.0,
            0.06572041690000001,
            0.0672073719,
            0.0657202119,
            0.06572010390000001,
            0.0657200463,
            0.0657200155,
            0.06571999910000001,
            0.0657199901,
            0.06571998544,
            0.06571998292,
            0.06571998183,
            0.06572,
            0.06572,
            0.06572,
            0.06572,
            0.06572,
            0.06572,
            0.067157274,
            0.068642855,
            0.067157145,
            0.07472000000000001,
            0.07472000000000001,
            0.06476935240000001,
            0.06477000000000001,
            0.0647703454,
            0.0647705304,
            0.06477063003,
            0.064770684,
            0.06477071344,
            0.06477072963,
            0.06477072963,
            0.06477072963,
            0.06477072963,
            0.06477072963,
            0.06624072963,
            0.06477072963,
            0.06477072963,
            0.06477072963,
            0.06477072963,
            0.06703447,
            0.06853333,
            0.07003333,
            0.06553266,
            0.06677,
            0.06677,
            0.06536,
            0.06536,
            0.06536,
            0.063714626,
            0.063761406,
            0.06371415600000001,
            0.06371391400000001,
            0.06223000000000001,
            0.06223000000000001,
            0.06568,
            0.06568,
            0.06568,
            0.07368,
            0.06105761,
            0.0626501,
            0.0626501,
            0.06105688,
            0.06105651,
            0.059370000000000006,
            0.05942,
            0.061192710000000004,
            0.061192710000000004,
            0.05965766,
            0.05965729,
            0.06574228,
            0.06574228,
            0.06108228,
            0.06107772,
            0.06154,
            0.06154,
            0.060840000000000005,
            0.05929,
            0.06267,
            0.06569,
            0.05209,
            0.05209,
            0.0854,
            0.0854
        ],
        [
            0.0710704169,
            0.06942164690000001,
            0.0652804169,
            0.0652804169,
            0.06572041690000001,
            0.06572041690000001,
            0.0,
            0.001473045,
            -6.955e-06,
            -3.3750000000000003e-06,
            -1.5310000000000002e-06,
            -5.802000000000003e-07,
            -8.940000000000026e-08,
            1.6419999999999976e-07,
            2.9549999999999975e-07,
            3.6347999999999976e-07,
            3.9872999999999976e-07,
            4.1689999999999977e-07,
            4.1689999999999977e-07,
            4.1689999999999977e-07,
            4.1689999999999977e-07,
            4.1689999999999977e-07,
            4.1689999999999977e-07,
            0.0089176909,
            0.0104032719,
            0.008917561899999999,
            0.0164804169,
            0.0164804169,
            0.0088897693,
            0.0088904169,
            0.0088907623,
            0.0088909473,
            0.00889104693,
            0.0088911009,
            0.008891130340000001,
            0.008891146530000001,
            0.008891146530000001,
            0.008891146530000001,
            0.008891146530000001,
            0.008891146530000001,
            0.01036114653,
            0.008891146530000001,
            0.008891146530000001,
            0.008891146530000001,
            0.008891146530000001,
            0.011154886900000001,
            0.0126537469,
            0.014153746900000002,
            0.009653076900000002,
            0.0114504169,
            0.0114504169,
            0.0113004169,
            0.0113004169,
            0.0113004169,
            0.0158750429,
            0.0159218229,
            0.0158745729,
            0.0158743309,
            0.024570416900000003,
            0.024570416900000003,
            0.028020416900000004,
            0.028020416900000004,
            0.028020416900000004,
            0.036020416900000005,
            0.0420980269,
            0.043690516900000004,
            0.043690516900000004,
            0.0420972969,
            0.0420969269,
            0.0404104169,
            0.040460416900000004,
            0.0422331269,
            0.0422331269,
            0.040698076900000005,
            0.040697706900000005,
            0.046782696900000004,
            0.046782696900000004,
            0.042122696900000006,
            0.042118136900000006,
            0.0425804169,
            0.0425804169,
            0.0418804169,
            0.0403304169,
            0.04371041690000001,
            0.0467304169,
            0.0331304169,
            0.0331304169,
            0.07796041690000001,
            0.07796041690000001
        ],
        [
            0.0725573719,
            0.0709086019,
            0.0667673719,
            0.0667673719,
            0.0672073719,
            0.0672073719,
            0.001473045,
            0.0,
            0.00148,
            0.00148358,
            0.001485424,
            0.0014863748,
            0.0014868656,
            0.0014871192,
            0.0014872505,
            0.00148731848,
            0.0014873537300000002,
            0.0014873719000000002,
            0.0014873719000000002,
            0.0014873719000000002,
            0.0014873719000000002,
            0.0014873719000000002,
            0.0014873719000000002,
            0.010404645899999999,
            0.0118902269,
            0.0104045169,
            0.0179673719,
            0.0179673719,
            0.010376724300000001,
            0.0103773719,
            0.010377717299999999,
            0.0103779023,
            0.01037800193,
            0.010378055899999999,
            0.010378085339999999,
            0.01037810153,
            0.01037810153,
            0.01037810153,
            0.01037810153,
            0.01037810153,
            0.011848101529999999,
            0.01037810153,
            0.01037810153,
            0.01037810153,
            0.01037810153,
            0.012641841899999999,
            0.0141407019,
            0.0156407019,
            0.0111400319,
            0.012937371900000001,
            0.012937371900000001,
            0.0127873719,
            0.0127873719,
            0.0127873719,
            0.0173619979,
            0.0174087779,
            0.0173615279,
            0.0173612859,
            0.0260573719,
            0.0260573719,
            0.029507371900000003,
            0.029507371900000003,
            0.029507371900000003,
            0.0375073719,
            0.0435849819,
            0.0451774719,
            0.0451774719,
            0.043584251899999996,
            0.043583881899999996,
            0.0418973719,
            0.0419473719,
            0.0437200819,
            0.0437200819,
            0.0421850319,
            0.0421846619,
            0.0482696519,
            0.0482696519,
            0.043609651900000004,
            0.043605091900000004,
            0.0440673719,
            0.0440673719,
            0.0433673719,
            0.0418173719,
            0.045197371900000005,
            0.0482173719,
            0.0346173719,
            0.0346173719,
            0.07944737190000001,
            0.07944737190000001
        ],
        [
            0.0710702119,
            0.0694214419,
            0.0652802119,
            0.0652802119,
            0.0657202119,
            0.0657202119,
            -6.955e-06,
            0.00148,
            0.0,
            -3.58e-06,
            -1.736e-06,
            -7.852e-07,
            -2.944e-07,
            -4.0799999999999995e-08,
            9.05e-08,
            1.5848e-07,
            1.9373e-07,
            2.119e-07,
            2.119e-07,
            2.119e-07,
            2.119e-07,
            2.119e-07,
            2.119e-07,
            0.0089174859,
            0.0104030669,
            0.0089173569,
            0.0164802119,
            0.0164802119,
            0.0088895643,
            0.0088902119,
            0.008890557299999999,
            0.0088907423,
            0.00889084193,
            0.0088908959,
            0.00889092534,
            0.00889094153,
            0.00889094153,
            0.00889094153,
            0.00889094153,
            0.00889094153,
            0.010360941529999999,
            0.00889094153,
            0.00889094153,
            0.00889094153,
            0.00889094153,
            0.0111546819,
            0.012653541899999999,
            0.0141535419,
            0.0096528719,
            0.0114502119,
            0.0114502119,
            0.011300211899999999,
            0.011300211899999999,
            0.011300211899999999,
            0.0158748379,
            0.0159216179,
            0.0158743679,
            0.0158741259,
            0.0245702119,
            0.0245702119,
            0.0280202119,
            0.0280202119,
            0.0280202119,
            0.0360202119,
            0.0420978219,
            0.0436903119,
            0.0436903119,
            0.042097091899999994,
            0.042096721899999995,
            0.0404102119,
            0.0404602119,
            0.0422329219,
            0.0422329219,
            0.0406978719,
            0.0406975019,
            0.0467824919,
            0.0467824919,
            0.0421224919,
            0.0421179319,
            0.0425802119,
            0.0425802119,
            0.0418802119,
            0.040330211899999996,
            0.043710211900000004,
            0.0467302119,
            0.0331302119,
            0.0331302119,
            0.0779602119,
            0.0779602119
        ],
        [
            0.0710701039,
            0.0694213339,
            0.0652801039,
            0.0652801039,
            0.06572010390000001,
            0.06572010390000001,
            -3.3750000000000003e-06,
            0.00148358,
            -3.58e-06,
            0.0,
            -1.844e-06,
            -8.932000000000001e-07,
            -4.0240000000000006e-07,
            -1.4880000000000006e-07,
            -1.750000000000007e-08,
            5.047999999999993e-08,
            8.572999999999993e-08,
            1.0389999999999993e-07,
            1.0389999999999993e-07,
            1.0389999999999993e-07,
            1.0389999999999993e-07,
            1.0389999999999993e-07,
            1.0389999999999993e-07,
            0.008917377899999999,
            0.0104029589,
            0.0089172489,
            0.0164801039,
            0.0164801039,
            0.008889456300000001,
            0.0088901039,
            0.008890449299999999,
            0.0088906343,
            0.00889073393,
            0.008890787899999999,
            0.00889081734,
            0.00889083353,
            0.00889083353,
            0.00889083353,
            0.00889083353,
            0.00889083353,
            0.010360833529999999,
            0.00889083353,
            0.00889083353,
            0.00889083353,
            0.00889083353,
            0.011154573899999999,
            0.0126534339,
            0.014153433900000002,
            0.0096527639,
            0.011450103900000001,
            0.011450103900000001,
            0.0113001039,
            0.0113001039,
            0.0113001039,
            0.0158747299,
            0.0159215099,
            0.0158742599,
            0.0158740179,
            0.0245701039,
            0.0245701039,
            0.028020103900000003,
            0.028020103900000003,
            0.028020103900000003,
            0.0360201039,
            0.0420977139,
            0.0436902039,
            0.0436902039,
            0.042096983899999996,
            0.042096613899999996,
            0.0404101039,
            0.0404601039,
            0.0422328139,
            0.0422328139,
            0.0406977639,
            0.0406973939,
            0.0467823839,
            0.0467823839,
            0.042122383900000004,
            0.042117823900000004,
            0.0425801039,
            0.0425801039,
            0.0418801039,
            0.0403301039,
            0.043710103900000005,
            0.0467301039,
            0.0331301039,
            0.0331301039,
            0.07796010390000001,
            0.07796010390000001
        ],
        [
            0.0710700463,
            0.0694212763,
            0.0652800463,
            0.0652800463,
            0.0657200463,
            0.0657200463,
            -1.5310000000000002e-06,
            0.001485424,
            -1.736e-06,
            -1.844e-06,
            0.0,
            -9.508e-07,
            -4.5999999999999994e-07,
            -2.0639999999999994e-07,
            -7.509999999999995e-08,
            -7.119999999999947e-09,
            2.813000000000005e-08,
            4.630000000000005e-08,
            4.630000000000005e-08,
            4.630000000000005e-08,
            4.630000000000005e-08,
            4.630000000000005e-08,
            4.630000000000005e-08,
            0.0089173203,
            0.0104029013,
            0.0089171913,
            0.0164800463,
            0.0164800463,
            0.008889398699999999,
            0.0088900463,
            0.0088903917,
            0.0088905767,
            0.00889067633,
            0.0088907303,
            0.00889075974,
            0.00889077593,
            0.00889077593,
            0.00889077593,
            0.00889077593,
            0.00889077593,
            0.01036077593,
            0.00889077593,
            0.00889077593,
            0.00889077593,
            0.00889077593,
            0.0111545163,
            0.0126533763,
            0.014153376300000001,
            0.009652706300000001,
            0.011450046299999999,
            0.011450046299999999,
            0.0113000463,
            0.0113000463,
            0.0113000463,
            0.0158746723,
            0.0159214523,
            0.0158742023,
            0.0158739603,
            0.024570046300000002,
            0.024570046300000002,
            0.028020046300000004,
            0.028020046300000004,
            0.028020046300000004,
            0.0360200463,
            0.0420976563,
            0.0436901463,
            0.0436901463,
            0.042096926300000004,
            0.042096556300000004,
            0.0404100463,
            0.040460046300000004,
            0.04223275630000001,
            0.04223275630000001,
            0.0406977063,
            0.0406973363,
            0.0467823263,
            0.0467823263,
            0.0421223263,
            0.0421177663,
            0.0425800463,
            0.0425800463,
            0.0418800463,
            0.040330046300000005,
            0.0437100463,
            0.0467300463,
            0.0331300463,
            0.0331300463,
            0.0779600463,
            0.0779600463
        ],
        [
            0.0710700155,
            0.0694212455,
            0.0652800155,
            0.0652800155,
            0.0657200155,
            0.0657200155,
            -5.802000000000003e-07,
            0.0014863748,
            -7.852e-07,
            -8.932000000000001e-07,
            -9.508e-07,
            0.0,
            -4.908e-07,
            -2.3720000000000003e-07,
            -1.0590000000000004e-07,
            -3.792000000000004e-08,
            -2.6700000000000365e-09,
            1.5499999999999963e-08,
            1.5499999999999963e-08,
            1.5499999999999963e-08,
            1.5499999999999963e-08,
            1.5499999999999963e-08,
            1.5499999999999963e-08,
            0.0089172895,
            0.010402870500000001,
            0.0089171605,
            0.0164800155,
            0.0164800155,
            0.0088893679,
            0.008890015499999999,
            0.008890360899999998,
            0.0088905459,
            0.00889064553,
            0.008890699499999998,
            0.008890728939999998,
            0.008890745129999999,
            0.008890745129999999,
            0.008890745129999999,
            0.008890745129999999,
            0.008890745129999999,
            0.010360745129999998,
            0.008890745129999999,
            0.008890745129999999,
            0.008890745129999999,
            0.008890745129999999,
            0.011154485499999998,
            0.0126533455,
            0.014153345500000001,
            0.0096526755,
            0.0114500155,
            0.0114500155,
            0.0113000155,
            0.0113000155,
            0.0113000155,
            0.015874641499999998,
            0.015921421499999998,
            0.0158741715,
            0.015873929499999998,
            0.0245700155,
            0.0245700155,
            0.028020015500000002,
            0.028020015500000002,
            0.028020015500000002,
            0.0360200155,
            0.0420976255,
            0.0436901155,
            0.0436901155,
            0.042096895499999995,
            0.042096525499999995,
            0.0404100155,
            0.0404600155,
            0.0422327255,
            0.0422327255,
            0.0406976755,
            0.0406973055,
            0.0467822955,
            0.0467822955,
            0.042122295500000004,
            0.0421177355,
            0.0425800155,
            0.0425800155,
            0.0418800155,
            0.0403300155,
            0.043710015500000005,
            0.0467300155,
            0.0331300155,
            0.0331300155,
            0.07796001550000001,
            0.07796001550000001
        ],
        [
            0.0710699991,
            0.06942122910000001,
            0.0652799991,
            0.0652799991,
            0.06571999910000001,
            0.06571999910000001,
            -8.940000000000026e-08,
            0.0014868656,
            -2.944e-07,
            -4.0240000000000006e-07,
            -4.5999999999999994e-07,
            -4.908e-07,
            0.0,
            -2.536e-07,
            -1.223e-07,
            -5.432e-08,
            -1.9069999999999998e-08,
            -8.999999999999981e-10,
            -8.999999999999981e-10,
            -8.999999999999981e-10,
            -8.999999999999981e-10,
            -8.999999999999981e-10,
            -8.999999999999981e-10,
            0.0089172731,
            0.010402854100000001,
            0.0089171441,
            0.0164799991,
            0.0164799991,
            0.0088893515,
            0.0088899991,
            0.0088903445,
            0.008890529500000001,
            0.008890629130000001,
            0.0088906831,
            0.00889071254,
            0.00889072873,
            0.00889072873,
            0.00889072873,
            0.00889072873,
            0.00889072873,
            0.01036072873,
            0.00889072873,
            0.00889072873,
            0.00889072873,
            0.00889072873,
            0.0111544691,
            0.0126533291,
            0.0141533291,
            0.0096526591,
            0.0114499991,
            0.0114499991,
            0.0112999991,
            0.0112999991,
            0.0112999991,
            0.0158746251,
            0.0159214051,
            0.015874155100000002,
            0.0158739131,
            0.0245699991,
            0.0245699991,
            0.028019999099999998,
            0.028019999099999998,
            0.028019999099999998,
            0.0360199991,
            0.0420976091,
            0.043690099100000004,
            0.043690099100000004,
            0.0420968791,
            0.0420965091,
            0.040409999099999996,
            0.040459999100000005,
            0.0422327091,
            0.0422327091,
            0.0406976591,
            0.0406972891,
            0.046782279100000004,
            0.046782279100000004,
            0.0421222791,
            0.0421177191,
            0.0425799991,
            0.0425799991,
            0.041879999099999995,
            0.0403299991,
            0.0437099991,
            0.0467299991,
            0.0331299991,
            0.0331299991,
            0.07795999910000001,
            0.07795999910000001
        ],
        [
            0.0710699901,
            0.0694212201,
            0.0652799901,
            0.0652799901,
            0.0657199901,
            0.0657199901,
            1.6419999999999976e-07,
            0.0014871192,
            -4.0799999999999995e-08,
            -1.4880000000000006e-07,
            -2.0639999999999994e-07,
            -2.3720000000000003e-07,
            -2.536e-07,
            0.0,
            -1.313e-07,
            -6.331999999999999e-08,
            -2.8069999999999986e-08,
            -9.899999999999986e-09,
            -9.899999999999986e-09,
            -9.899999999999986e-09,
            -9.899999999999986e-09,
            -9.899999999999986e-09,
            -9.899999999999986e-09,
            0.008917264099999999,
            0.0104028451,
            0.008917135100000001,
            0.0164799901,
            0.0164799901,
            0.008889342500000001,
            0.0088899901,
            0.008890335499999999,
            0.0088905205,
            0.00889062013,
            0.008890674099999999,
            0.00889070354,
            0.00889071973,
            0.00889071973,
            0.00889071973,
            0.00889071973,
            0.00889071973,
            0.010360719729999999,
            0.00889071973,
            0.00889071973,
            0.00889071973,
            0.00889071973,
            0.0111544601,
            0.0126533201,
            0.014153320100000002,
            0.0096526501,
            0.011449990100000002,
            0.011449990100000002,
            0.0112999901,
            0.0112999901,
            0.0112999901,
            0.0158746161,
            0.0159213961,
            0.0158741461,
            0.0158739041,
            0.0245699901,
            0.0245699901,
            0.028019990100000003,
            0.028019990100000003,
            0.028019990100000003,
            0.036019990099999996,
            0.0420976001,
            0.0436900901,
            0.0436900901,
            0.0420968701,
            0.0420965001,
            0.0404099901,
            0.0404599901,
            0.042232700100000006,
            0.042232700100000006,
            0.040697650099999996,
            0.0406972801,
            0.0467822701,
            0.0467822701,
            0.0421222701,
            0.0421177101,
            0.0425799901,
            0.0425799901,
            0.0418799901,
            0.040329990100000004,
            0.0437099901,
            0.0467299901,
            0.0331299901,
            0.0331299901,
            0.0779599901,
            0.0779599901
        ],
        [
            0.07106998544,
            0.06942121544,
            0.06527998544,
            0.06527998544,
            0.06571998544,
            0.06571998544,
            2.9549999999999975e-07,
            0.0014872505,
            9.05e-08,
            -1.750000000000007e-08,
            -7.509999999999995e-08,
            -1.0590000000000004e-07,
            -1.223e-07,
            -1.313e-07,
            0.0,
            -6.798e-08,
            -3.273e-08,
            -1.4560000000000003e-08,
            -1.4560000000000003e-08,
            -1.4560000000000003e-08,
            -1.4560000000000003e-08,
            -1.4560000000000003e-08,
            -1.4560000000000003e-08,
            0.00891725944,
            0.01040284044,
            0.00891713044,
            0.01647998544,
            0.01647998544,
            0.00888933784,
            0.00888998544,
            0.008890330839999998,
            0.00889051584,
            0.00889061547,
            0.008890669439999999,
            0.008890698879999999,
            0.00889071507,
            0.00889071507,
            0.00889071507,
            0.00889071507,
            0.00889071507,
            0.010360715069999998,
            0.00889071507,
            0.00889071507,
            0.00889071507,
            0.00889071507,
            0.011154455439999999,
            0.01265331544,
            0.014153315440000001,
            0.00965264544,
            0.011449985440000001,
            0.011449985440000001,
            0.01129998544,
            0.01129998544,
            0.01129998544,
            0.01587461144,
            0.015921391439999998,
            0.01587414144,
            0.01587389944,
            0.02456998544,
            0.02456998544,
            0.02801998544,
            0.02801998544,
            0.02801998544,
            0.03601998544,
            0.042097595439999996,
            0.04369008544,
            0.04369008544,
            0.04209686544,
            0.04209649544,
            0.040409985440000004,
            0.04045998544,
            0.04223269544,
            0.04223269544,
            0.04069764544,
            0.04069727544,
            0.04678226544,
            0.04678226544,
            0.04212226544,
            0.04211770544,
            0.042579985439999996,
            0.042579985439999996,
            0.04187998544,
            0.04032998544,
            0.04370998544,
            0.046729985439999996,
            0.03312998544,
            0.03312998544,
            0.07795998544,
            0.07795998544
        ],
        [
            0.07106998292,
            0.06942121292,
            0.06527998292000001,
            0.06527998292000001,
            0.06571998292,
            0.06571998292,
            3.6347999999999976e-07,
            0.00148731848,
            1.5848e-07,
            5.047999999999993e-08,
            -7.119999999999947e-09,
            -3.792000000000004e-08,
            -5.432e-08,
            -6.331999999999999e-08,
            -6.798e-08,
            0.0,
            -3.525e-08,
            -1.708e-08,
            -1.708e-08,
            -1.708e-08,
            -1.708e-08,
            -1.708e-08,
            -1.708e-08,
            0.00891725692,
            0.010402837920000001,
            0.00891712792,
            0.01647998292,
            0.01647998292,
            0.00888933532,
            0.00888998292,
            0.008890328319999998,
            0.00889051332,
            0.00889061295,
            0.008890666919999998,
            0.008890696359999999,
            0.008890712549999999,
