{
    "NEXUS_FILE_URL": "http://purl.org/phylo/treebase/phylows/study/TB2:S12613",
    "NEWICK_TREE": "(1:0.003422,2:0.001281,(((((((3:0.00262,(4:0.00103,5:9.95E-4):0.004662):0.024191,((9:0.001079,10:0.001005):0.008943,((11:0.008305,12:0.001178):0.034474,(13:0.00108,14:0.001051):0.007413):0.016439):0.040136):0.036805,((6:0.00137,7:0.001466):0.007869,8:0.069095):0.038077):0.035586,(24:0.002743,25:0.002454):0.176326):0.029749,(15:0.002694,16:9.14E-4):0.04039):0.023181,((17:0.001618,18:0.001797):0.035186,((19:0.001934,20:0.001126):0.035928,(21:9.95E-4,22:0.001031):0.00574):0.007516):0.019562):0.045059,23:0.006973):0.080669);",
    "DISTANCE_MATRIX": [
        [
            0,
            0.004703000000000001,
            0.281282,
            0.284354,
            0.284319,
            0.304629,
            0.30455499999999996,
            0.353825,
            0.346698,
            0.31953899999999996,
            0.31950999999999996,
            0.264982,
            0.265078,
            0.32483799999999996,
            0.361149,
            0.36086,
            0.19541500000000003,
            0.19363500000000003,
            0.18551600000000001,
            0.18569500000000003,
            0.19409,
            0.19328200000000004,
            0.162963,
            0.16299900000000003,
            0.09106399999999999
        ],
        [
            0.004703000000000001,
            0,
            0.279141,
            0.282213,
            0.282178,
            0.302488,
            0.30241399999999996,
            0.351684,
            0.344557,
            0.31739799999999996,
            0.31736899999999996,
            0.262841,
            0.262937,
            0.32269699999999996,
            0.359008,
            0.358719,
            0.19327400000000003,
            0.19149400000000003,
            0.183375,
            0.18355400000000002,
            0.191949,
            0.19114100000000003,
            0.160822,
            0.16085800000000003,
            0.088923
        ],
        [
            0.281282,
            0.279141,
            0,
            0.008312,
            0.008277,
            0.076969,
            0.07689499999999999,
            0.126165,
            0.119038,
            0.091879,
            0.09185,
            0.110932,
            0.111028,
            0.170788,
            0.27827100000000005,
            0.27798200000000006,
            0.17203500000000002,
            0.17025500000000002,
            0.20849800000000002,
            0.208677,
            0.21707200000000001,
            0.216264,
            0.18594500000000003,
            0.185981,
            0.204164
        ],
        [
            0.284354,
            0.282213,
            0.008312,
            0,
            0.002025,
            0.080041,
            0.079967,
            0.129237,
            0.12211,
            0.09495100000000001,
            0.094922,
            0.114004,
            0.1141,
            0.17386000000000001,
            0.281343,
            0.281054,
            0.175107,
            0.173327,
            0.21157,
            0.21174900000000002,
            0.220144,
            0.21933600000000003,
            0.189017,
            0.18905300000000003,
            0.20723600000000003
        ],
        [
            0.284319,
            0.282178,
            0.008277,
            0.002025,
            0,
            0.080006,
            0.079932,
            0.12920199999999998,
            0.122075,
            0.094916,
            0.094887,
            0.11396899999999999,
            0.11406499999999999,
            0.173825,
            0.281308,
            0.281019,
            0.175072,
            0.173292,
            0.211535,
            0.211714,
            0.220109,
            0.21930100000000002,
            0.18898199999999998,
            0.18901800000000002,
            0.20720100000000002
        ],
        [
            0.304629,
            0.302488,
            0.076969,
            0.080041,
            0.080006,
            0,
            0.002084,
            0.06924,
            0.062113,
            0.034954,
            0.034925,
            0.13427899999999998,
            0.13437499999999997,
            0.194135,
            0.301618,
            0.301329,
            0.195382,
            0.193602,
            0.231845,
            0.232024,
            0.240419,
            0.23961100000000002,
            0.20929199999999998,
            0.20932800000000001,
            0.22751100000000002
        ],
        [
            0.30455499999999996,
            0.30241399999999996,
            0.07689499999999999,
            0.079967,
            0.079932,
            0.002084,
            0,
            0.06916599999999999,
            0.062039,
            0.03488,
            0.034851,
            0.134205,
            0.134301,
            0.19406099999999998,
            0.30154400000000003,
            0.30125500000000005,
            0.195308,
            0.193528,
            0.231771,
            0.23195,
            0.240345,
            0.239537,
            0.20921800000000002,
            0.209254,
            0.227437
        ],
        [
            0.353825,
            0.351684,
            0.126165,
            0.129237,
            0.12920199999999998,
            0.06924,
            0.06916599999999999,
            0,
            0.009483,
            0.051272,
            0.051243,
            0.183475,
            0.18357099999999998,
            0.24333100000000002,
            0.350814,
            0.35052500000000003,
            0.24457800000000002,
            0.242798,
            0.281041,
            0.28122,
            0.289615,
            0.28880700000000004,
            0.258488,
            0.25852400000000003,
            0.27670700000000004
        ],
        [
            0.346698,
            0.344557,
            0.119038,
            0.12211,
            0.122075,
            0.062113,
            0.062039,
            0.009483,
            0,
            0.044145,
            0.044115999999999995,
            0.176348,
            0.176444,
            0.23620400000000003,
            0.343687,
            0.34339800000000004,
            0.23745100000000002,
            0.23567100000000002,
            0.273914,
            0.27409300000000003,
            0.282488,
            0.28168000000000004,
            0.251361,
            0.25139700000000004,
            0.26958000000000004
        ],
        [
            0.31953899999999996,
            0.31739799999999996,
            0.091879,
            0.09495100000000001,
            0.094916,
            0.034954,
            0.03488,
            0.051272,
            0.044145,
            0,
            0.002131,
            0.149189,
            0.149285,
            0.20904499999999998,
            0.31652800000000003,
            0.31623900000000005,
            0.210292,
            0.208512,
            0.246755,
            0.246934,
            0.25532900000000003,
            0.254521,
            0.224202,
            0.224238,
            0.242421
        ],
        [
            0.31950999999999996,
            0.31736899999999996,
            0.09185,
            0.094922,
            0.094887,
            0.034925,
            0.034851,
            0.051243,
            0.044115999999999995,
            0.002131,
            0,
            0.14916,
            0.149256,
            0.20901599999999998,
            0.316499,
            0.31621,
            0.210263,
            0.208483,
            0.246726,
            0.24690499999999999,
            0.25529999999999997,
            0.254492,
            0.224173,
            0.224209,
            0.242392
        ],
        [
            0.264982,
            0.262841,
            0.110932,
            0.114004,
            0.11396899999999999,
            0.13427899999999998,
            0.134205,
            0.183475,
            0.176348,
            0.149189,
            0.14916,
            0,
            0.002836,
            0.078334,
            0.261971,
            0.261682,
            0.155735,
            0.153955,
            0.192198,
            0.19237700000000002,
            0.200772,
            0.19996400000000003,
            0.169645,
            0.16968100000000003,
            0.18786400000000003
        ],
        [
            0.265078,
            0.262937,
            0.111028,
            0.1141,
            0.11406499999999999,
            0.13437499999999997,
            0.134301,
            0.18357099999999998,
            0.176444,
            0.149285,
            0.149256,
            0.002836,
            0,
            0.07843,
            0.262067,
            0.261778,
            0.155831,
            0.154051,
            0.192294,
            0.192473,
            0.200868,
            0.20006000000000002,
            0.16974099999999998,
            0.169777,
            0.18796000000000002
        ],
        [
            0.32483799999999996,
            0.32269699999999996,
            0.170788,
            0.17386000000000001,
            0.173825,
            0.194135,
            0.19406099999999998,
            0.24333100000000002,
            0.23620400000000003,
            0.20904499999999998,
            0.20901599999999998,
            0.078334,
            0.07843,
            0,
            0.321827,
            0.321538,
            0.215591,
            0.213811,
            0.252054,
            0.252233,
            0.26062799999999997,
            0.25982,
            0.229501,
            0.229537,
            0.24772
        ],
        [
            0.361149,
            0.359008,
            0.27827100000000005,
            0.281343,
            0.281308,
            0.301618,
            0.30154400000000003,
            0.350814,
            0.343687,
            0.31652800000000003,
            0.316499,
            0.261971,
            0.262067,
            0.321827,
            0,
            0.005197,
            0.251902,
            0.250122,
            0.288365,
            0.288544,
            0.296939,
            0.29613100000000003,
            0.265812,
            0.26584800000000003,
            0.28403100000000003
        ],
        [
            0.36086,
            0.358719,
            0.27798200000000006,
            0.281054,
            0.281019,
            0.301329,
            0.30125500000000005,
            0.35052500000000003,
            0.34339800000000004,
            0.31623900000000005,
            0.31621,
            0.261682,
            0.261778,
            0.321538,
            0.005197,
            0,
            0.25161300000000003,
            0.24983300000000003,
            0.288076,
            0.28825500000000004,
            0.29665,
            0.29584200000000005,
            0.265523,
            0.26555900000000005,
            0.28374200000000005
        ],
        [
            0.19541500000000003,
            0.19327400000000003,
            0.17203500000000002,
            0.175107,
            0.175072,
            0.195382,
            0.195308,
            0.24457800000000002,
            0.23745100000000002,
            0.210292,
            0.210263,
            0.155735,
            0.155831,
            0.215591,
            0.251902,
            0.25161300000000003,
            0,
            0.003608,
            0.122631,
            0.12281,
            0.13120500000000002,
            0.130397,
            0.100078,
            0.10011400000000001,
            0.11829700000000001
        ],
        [
            0.19363500000000003,
            0.19149400000000003,
            0.17025500000000002,
            0.173327,
            0.173292,
            0.193602,
            0.193528,
            0.242798,
            0.23567100000000002,
            0.208512,
            0.208483,
            0.153955,
            0.154051,
            0.213811,
            0.250122,
            0.24983300000000003,
            0.003608,
            0,
            0.120851,
            0.12103,
            0.129425,
            0.128617,
            0.098298,
            0.098334,
            0.11651700000000001
        ],
        [
            0.18551600000000001,
            0.183375,
            0.20849800000000002,
            0.21157,
            0.211535,
            0.231845,
            0.231771,
            0.281041,
            0.273914,
            0.246755,
            0.246726,
            0.192198,
            0.192294,
            0.252054,
            0.288365,
            0.288076,
            0.122631,
            0.120851,
            0,
            0.003415,
            0.082182,
            0.081374,
            0.051055,
            0.051091000000000004,
            0.108398
        ],
        [
            0.18569500000000003,
            0.18355400000000002,
            0.208677,
            0.21174900000000002,
            0.211714,
            0.232024,
            0.23195,
            0.28122,
            0.27409300000000003,
            0.246934,
            0.24690499999999999,
            0.19237700000000002,
            0.192473,
            0.252233,
            0.288544,
            0.28825500000000004,
            0.12281,
            0.12103,
            0.003415,
            0,
            0.082361,
            0.08155300000000001,
            0.051234,
            0.05127,
            0.108577
        ],
        [
            0.19409,
            0.191949,
            0.21707200000000001,
            0.220144,
            0.220109,
            0.240419,
            0.240345,
            0.289615,
            0.282488,
            0.25532900000000003,
            0.25529999999999997,
            0.200772,
            0.200868,
            0.26062799999999997,
            0.296939,
            0.29665,
            0.13120500000000002,
            0.129425,
            0.082182,
            0.082361,
            0,
            0.0030600000000000002,
            0.044597,
            0.044633,
            0.11697199999999999
        ],
        [
            0.19328200000000004,
            0.19114100000000003,
            0.216264,
            0.21933600000000003,
            0.21930100000000002,
            0.23961100000000002,
            0.239537,
            0.28880700000000004,
            0.28168000000000004,
            0.254521,
            0.254492,
            0.19996400000000003,
            0.20006000000000002,
            0.25982,
            0.29613100000000003,
            0.29584200000000005,
            0.130397,
            0.128617,
            0.081374,
            0.08155300000000001,
            0.0030600000000000002,
            0,
            0.043789,
            0.043825,
            0.11616400000000002
        ],
        [
            0.162963,
            0.160822,
            0.18594500000000003,
            0.189017,
            0.18898199999999998,
            0.20929199999999998,
            0.20921800000000002,
            0.258488,
            0.251361,
            0.224202,
            0.224173,
            0.169645,
            0.16974099999999998,
            0.229501,
            0.265812,
            0.265523,
            0.100078,
            0.098298,
            0.051055,
            0.051234,
            0.044597,
            0.043789,
            0,
            0.002026,
            0.085845
        ],
        [
            0.16299900000000003,
            0.16085800000000003,
            0.185981,
            0.18905300000000003,
            0.18901800000000002,
            0.20932800000000001,
            0.209254,
            0.25852400000000003,
            0.25139700000000004,
            0.224238,
            0.224209,
            0.16968100000000003,
            0.169777,
            0.229537,
            0.26584800000000003,
            0.26555900000000005,
            0.10011400000000001,
            0.098334,
            0.051091000000000004,
            0.05127,
            0.044633,
            0.043825,
            0.002026,
            0,
            0.08588100000000001
        ],
        [
            0.09106399999999999,
            0.088923,
            0.204164,
            0.20723600000000003,
            0.20720100000000002,
            0.22751100000000002,
            0.227437,
            0.27670700000000004,
            0.26958000000000004,
            0.242421,
            0.242392,
            0.18786400000000003,
            0.18796000000000002,
            0.24772,
            0.28403100000000003,
            0.28374200000000005,
            0.11829700000000001,
            0.11651700000000001,
            0.108398,
            0.108577,
            0.11697199999999999,
            0.11616400000000002,
            0.085845,
            0.08588100000000001,
            0
        ]
    ],
    "NODE_MAPPING": {
        "0": "1",
        "1": "2",
        "2": "3",
        "3": "4",
        "4": "5",
        "5": "9",
        "6": "10",
        "7": "11",
        "8": "12",
        "9": "13",
        "10": "14",
        "11": "6",
        "12": "7",
        "13": "8",
        "14": "24",
        "15": "25",
        "16": "15",
        "17": "16",
        "18": "17",
        "19": "18",
        "20": "19",
        "21": "20",
        "22": "21",
        "23": "22",
        "24": "23"
    }
}