{
    "NEXUS_FILE_URL": "http://purl.org/phylo/treebase/phylows/study/TB2:S11122",
    "NEWICK_TREE": "((1:0.015534,3:0.030727):0.010809,((5:0.018332,22:0.023258):0.009476,((2:0.015584,(6:0.014018,(8:0.001858,7:0.001967):0.008373):0.00505):0.006642,(4:0.013424,(((13:0.001165,14:9.84E-4):0.004732,((15:0.003266,16:0.001102):0.002348,(17:1.67E-4,18:1.58E-4):0.005734):9.89E-4):6.72E-4,((9:3.25E-4,10:1.65E-4):0.002174,(11:8.54E-4,(12:0.001313,19:0.001273,20:6.55E-4,21:3.22E-4):3.26E-4):0.001493):0.003654):0.010308):0.00524):0.003101):0.010809);",
    "DISTANCE_MATRIX": [
        [
            0,
            0.046261,
            0.06495999999999999,
            0.069886,
            0.062479,
            0.065963,
            0.062175999999999995,
            0.062285,
            0.058917,
            0.062369999999999995,
            0.062188999999999994,
            0.063076,
            0.060911999999999994,
            0.063363,
            0.063354,
            0.061953999999999995,
            0.061793999999999995,
            0.061801999999999996,
            0.062587,
            0.06254699999999999,
            0.061929,
            0.061596
        ],
        [
            0.046261,
            0,
            0.080153,
            0.085079,
            0.077672,
            0.081156,
            0.077369,
            0.077478,
            0.07411000000000001,
            0.077563,
            0.077382,
            0.078269,
            0.076105,
            0.078556,
            0.078547,
            0.077147,
            0.076987,
            0.07699500000000001,
            0.07778,
            0.07774,
            0.077122,
            0.076789
        ],
        [
            0.06495999999999999,
            0.080153,
            0,
            0.04159,
            0.053135,
            0.056618999999999996,
            0.052832,
            0.052941,
            0.049573,
            0.053026,
            0.052844999999999996,
            0.053731999999999995,
            0.051567999999999996,
            0.054019,
            0.05401,
            0.05261,
            0.05245,
            0.052458,
            0.053243,
            0.053203,
            0.052585,
            0.052252
        ],
        [
            0.069886,
            0.085079,
            0.04159,
            0,
            0.058061,
            0.061544999999999996,
            0.057758,
            0.057867,
            0.054499,
            0.057952,
            0.057770999999999996,
            0.058657999999999995,
            0.056493999999999996,
            0.058945,
            0.058936,
            0.057536,
            0.057375999999999996,
            0.057384,
            0.058169,
            0.058129,
            0.057511,
            0.057178
        ],
        [
            0.062479,
            0.077672,
            0.053135,
            0.058061,
            0,
            0.034652,
            0.030865,
            0.030974,
            0.04089,
            0.044343,
            0.044162,
            0.045049,
            0.042885,
            0.045336,
            0.045327000000000006,
            0.043927,
            0.043767,
            0.043775,
            0.04456,
            0.044520000000000004,
            0.043902000000000004,
            0.043569000000000004
        ],
        [
            0.065963,
            0.081156,
            0.056618999999999996,
            0.061544999999999996,
            0.034652,
            0,
            0.024249,
            0.024357999999999998,
            0.044374,
            0.047826999999999995,
            0.047645999999999994,
            0.04853299999999999,
            0.046368999999999994,
            0.048819999999999995,
            0.048811,
            0.047410999999999995,
            0.047250999999999994,
            0.047258999999999995,
            0.048043999999999996,
            0.048004,
            0.047386,
            0.047053
        ],
        [
            0.062175999999999995,
            0.077369,
            0.052832,
            0.057758,
            0.030865,
            0.024249,
            0,
            0.0038250000000000003,
            0.040587,
            0.044039999999999996,
            0.043858999999999995,
            0.044745999999999994,
            0.042581999999999995,
            0.045033,
            0.045024,
            0.043623999999999996,
            0.043463999999999996,
            0.043472,
            0.044257,
            0.044217,
            0.043599,
            0.043266
        ],
        [
            0.062285,
            0.077478,
            0.052941,
            0.057867,
            0.030974,
            0.024357999999999998,
            0.0038250000000000003,
            0,
            0.040696,
            0.044149,
            0.043968,
            0.044855,
            0.042691,
            0.045142,
            0.045133000000000006,
            0.043733,
            0.043573,
            0.043581,
            0.044366,
            0.044326000000000004,
            0.043708000000000004,
            0.043375000000000004
        ],
        [
            0.058917,
            0.07411000000000001,
            0.049573,
            0.054499,
            0.04089,
            0.044374,
            0.040587,
            0.040696,
            0,
            0.030301,
            0.03012,
            0.031007,
            0.028843,
            0.031294,
            0.031285,
            0.029885000000000002,
            0.029725,
            0.029733000000000002,
            0.030517999999999997,
            0.030477999999999998,
            0.029859999999999998,
            0.029526999999999998
        ],
        [
            0.062369999999999995,
            0.077563,
            0.053026,
            0.057952,
            0.044343,
            0.047826999999999995,
            0.044039999999999996,
            0.044149,
            0.030301,
            0,
            0.002149,
            0.0125,
            0.010336000000000001,
            0.012787,
            0.012778000000000001,
            0.012722,
            0.012562,
            0.012570000000000001,
            0.013355,
            0.013315,
            0.012697,
            0.012364
        ],
        [
            0.062188999999999994,
            0.077382,
            0.052844999999999996,
            0.057770999999999996,
            0.044162,
            0.047645999999999994,
            0.043858999999999995,
            0.043968,
            0.03012,
            0.002149,
            0,
            0.012319,
            0.010155,
            0.012606000000000001,
            0.012597,
            0.012541,
            0.012381,
            0.012389,
            0.013174000000000002,
            0.013134,
            0.012516,
            0.012183
        ],
        [
            0.063076,
            0.078269,
            0.053731999999999995,
            0.058657999999999995,
            0.045049,
            0.04853299999999999,
            0.044745999999999994,
            0.044855,
            0.031007,
            0.0125,
            0.012319,
            0,
            0.0043679999999999995,
            0.011515,
            0.011505999999999999,
            0.013427999999999999,
            0.013267999999999999,
            0.013276,
            0.014061,
            0.014020999999999999,
            0.013402999999999998,
            0.013069999999999998
        ],
        [
            0.060911999999999994,
            0.076105,
            0.051567999999999996,
            0.056493999999999996,
            0.042885,
            0.046368999999999994,
            0.042581999999999995,
            0.042691,
            0.028843,
            0.010336000000000001,
            0.010155,
            0.0043679999999999995,
            0,
            0.009351,
            0.009342,
            0.011264,
            0.011104,
            0.011112,
            0.011897000000000001,
            0.011857,
            0.011238999999999999,
            0.010905999999999999
        ],
        [
            0.063363,
            0.078556,
            0.054019,
            0.058945,
            0.045336,
            0.048819999999999995,
            0.045033,
            0.045142,
            0.031294,
            0.012787,
            0.012606000000000001,
            0.011515,
            0.009351,
            0,
            0.000325,
            0.013715000000000001,
            0.013555000000000001,
            0.013563,
            0.014348,
            0.014308000000000001,
            0.01369,
            0.013357
        ],
        [
            0.063354,
            0.078547,
            0.05401,
            0.058936,
            0.045327000000000006,
            0.048811,
            0.045024,
            0.045133000000000006,
            0.031285,
            0.012778000000000001,
            0.012597,
            0.011505999999999999,
            0.009342,
            0.000325,
            0,
            0.013706000000000001,
            0.013546,
            0.013554,
            0.014339000000000001,
            0.014299000000000001,
            0.013681,
            0.013348
        ],
        [
            0.061953999999999995,
            0.077147,
            0.05261,
            0.057536,
            0.043927,
            0.047410999999999995,
            0.043623999999999996,
            0.043733,
            0.029885000000000002,
            0.012722,
            0.012541,
            0.013427999999999999,
            0.011264,
            0.013715000000000001,
            0.013706000000000001,
            0,
            0.00049,
            0.0048460000000000005,
            0.005631000000000001,
            0.0055910000000000005,
            0.004973,
            0.00464
        ],
        [
            0.061793999999999995,
            0.076987,
            0.05245,
            0.057375999999999996,
            0.043767,
            0.047250999999999994,
            0.043463999999999996,
            0.043573,
            0.029725,
            0.012562,
            0.012381,
            0.013267999999999999,
            0.011104,
            0.013555000000000001,
            0.013546,
            0.00049,
            0,
            0.004686,
            0.005471,
            0.005431,
            0.004813,
            0.00448
        ],
        [
            0.061801999999999996,
            0.07699500000000001,
            0.052458,
            0.057384,
            0.043775,
            0.047258999999999995,
            0.043472,
            0.043581,
            0.029733000000000002,
            0.012570000000000001,
            0.012389,
            0.013276,
            0.011112,
            0.013563,
            0.013554,
            0.0048460000000000005,
            0.004686,
            0,
            0.002493,
            0.0024530000000000003,
            0.0018350000000000003,
            0.001502
        ],
        [
            0.062587,
            0.07778,
            0.053243,
            0.058169,
            0.04456,
            0.048043999999999996,
            0.044257,
            0.044366,
            0.030517999999999997,
            0.013355,
            0.013174000000000002,
            0.014061,
            0.011897000000000001,
            0.014348,
            0.014339000000000001,
            0.005631000000000001,
            0.005471,
            0.002493,
            0,
            0.0025859999999999998,
            0.001968,
            0.001635
        ],
        [
            0.06254699999999999,
            0.07774,
            0.053203,
            0.058129,
            0.044520000000000004,
            0.048004,
            0.044217,
            0.044326000000000004,
            0.030477999999999998,
            0.013315,
            0.013134,
            0.014020999999999999,
            0.011857,
            0.014308000000000001,
            0.014299000000000001,
            0.0055910000000000005,
            0.005431,
            0.0024530000000000003,
            0.0025859999999999998,
            0,
            0.001928,
            0.001595
        ],
        [
            0.061929,
            0.077122,
            0.052585,
            0.057511,
            0.043902000000000004,
            0.047386,
            0.043599,
            0.043708000000000004,
            0.029859999999999998,
            0.012697,
            0.012516,
            0.013402999999999998,
            0.011238999999999999,
            0.01369,
            0.013681,
            0.004973,
            0.004813,
            0.0018350000000000003,
            0.001968,
            0.001928,
            0,
            0.000977
        ],
        [
            0.061596,
            0.076789,
            0.052252,
            0.057178,
            0.043569000000000004,
            0.047053,
            0.043266,
            0.043375000000000004,
            0.029526999999999998,
            0.012364,
            0.012183,
            0.013069999999999998,
            0.010905999999999999,
            0.013357,
            0.013348,
            0.00464,
            0.00448,
            0.001502,
            0.001635,
            0.001595,
            0.000977,
            0
        ]
    ],
    "NODE_MAPPING": {
        "0": "1",
        "1": "3",
        "2": "5",
        "3": "22",
        "4": "2",
        "5": "6",
        "6": "8",
        "7": "7",
        "8": "4",
        "9": "13",
        "10": "14",
        "11": "15",
        "12": "16",
        "13": "17",
        "14": "18",
        "15": "9",
        "16": "10",
        "17": "11",
        "18": "12",
        "19": "19",
        "20": "20",
        "21": "21"
    }
}