{
    "NEXUS_FILE_URL": "http://purl.org/phylo/treebase/phylows/study/TB2:S11892",
    "NEWICK_TREE": "(3:0.0281445,(20:0.063442,(2:0.016711,(9:0.005953,((10:0.003602,16:9.05E-4):8.91E-4,((14:0.001794,15:8.93E-4):0.003535,(1:0.0,(12:0.0,13:0.0,21:8.95E-4):0.004462):0.003556,(6:0.003572,7:0.0,8:0.001861,(4:0.0,5:0.0,11:0.0):8.82E-4):0.001769):0.0):0.00373):0.005975):0.030031):0.0281445);",
    "DISTANCE_MATRIX": [
        [
            0,
            0.119731,
            0.103031,
            0.098248,
            0.10051800000000001,
            0.097821,
            0.101354,
            0.100453,
            0.099581,
            0.10404300000000001,
            0.10404300000000001,
            0.104938,
            0.101366,
            0.097794,
            0.09965500000000001,
            0.098676,
            0.098676,
            0.098676
        ],
        [
            0.119731,
            0,
            0.110184,
            0.105401,
            0.107671,
            0.104974,
            0.10850699999999999,
            0.107606,
            0.106734,
            0.111196,
            0.111196,
            0.112091,
            0.108519,
            0.104947,
            0.106808,
            0.10582899999999999,
            0.10582899999999999,
            0.10582899999999999
        ],
        [
            0.103031,
            0.110184,
            0,
            0.028639,
            0.030909000000000002,
            0.028212,
            0.031745,
            0.030844,
            0.029972,
            0.034434000000000006,
            0.034434000000000006,
            0.035329,
            0.031757,
            0.028185,
            0.030046,
            0.029067,
            0.029067,
            0.029067
        ],
        [
            0.098248,
            0.105401,
            0.028639,
            0,
            0.014176000000000001,
            0.011479,
            0.015012000000000001,
            0.014110999999999999,
            0.013239,
            0.017701,
            0.017701,
            0.018596,
            0.015024,
            0.011452,
            0.013313,
            0.012334,
            0.012334,
            0.012334
        ],
        [
            0.10051800000000001,
            0.107671,
            0.030909000000000002,
            0.014176000000000001,
            0,
            0.004507000000000001,
            0.009822000000000001,
            0.008921,
            0.008049,
            0.012511000000000001,
            0.012511000000000001,
            0.013406000000000001,
            0.009834,
            0.006262,
            0.008123,
            0.007144,
            0.007144,
            0.007144
        ],
        [
            0.097821,
            0.104974,
            0.028212,
            0.011479,
            0.004507000000000001,
            0,
            0.007125,
            0.0062239999999999995,
            0.005352,
            0.009814,
            0.009814,
            0.010709,
            0.007137,
            0.0035649999999999996,
            0.005426,
            0.0044469999999999996,
            0.0044469999999999996,
            0.0044469999999999996
        ],
        [
            0.101354,
            0.10850699999999999,
            0.031745,
            0.015012000000000001,
            0.009822000000000001,
            0.007125,
            0,
            0.002687,
            0.008885,
            0.013347000000000001,
            0.013347000000000001,
            0.014242000000000001,
            0.01067,
            0.007098,
            0.008959,
            0.007980000000000001,
            0.007980000000000001,
            0.007980000000000001
        ],
        [
            0.100453,
            0.107606,
            0.030844,
            0.014110999999999999,
            0.008921,
            0.0062239999999999995,
            0.002687,
            0,
            0.007984,
            0.012446,
            0.012446,
            0.013341,
            0.009769,
            0.006196999999999999,
            0.008058,
            0.007078999999999999,
            0.007078999999999999,
            0.007078999999999999
        ],
        [
            0.099581,
            0.106734,
            0.029972,
            0.013239,
            0.008049,
            0.005352,
            0.008885,
            0.007984,
            0,
            0.004462,
            0.004462,
            0.005357,
            0.008897,
            0.005325,
            0.007186,
            0.006207,
            0.006207,
            0.006207
        ],
        [
            0.10404300000000001,
            0.111196,
            0.034434000000000006,
            0.017701,
            0.012511000000000001,
            0.009814,
            0.013347000000000001,
            0.012446,
            0.004462,
            0,
            0.0,
            0.000895,
            0.013359000000000001,
            0.009787,
            0.011648,
            0.010669000000000001,
            0.010669000000000001,
            0.010669000000000001
        ],
        [
            0.10404300000000001,
            0.111196,
            0.034434000000000006,
            0.017701,
            0.012511000000000001,
            0.009814,
            0.013347000000000001,
            0.012446,
            0.004462,
            0.0,
            0,
            0.000895,
            0.013359000000000001,
            0.009787,
            0.011648,
            0.010669000000000001,
            0.010669000000000001,
            0.010669000000000001
        ],
        [
            0.104938,
            0.112091,
            0.035329,
            0.018596,
            0.013406000000000001,
            0.010709,
            0.014242000000000001,
            0.013341,
            0.005357,
            0.000895,
            0.000895,
            0,
            0.014254000000000001,
            0.010682,
            0.012543,
            0.011564000000000001,
            0.011564000000000001,
            0.011564000000000001
        ],
        [
            0.101366,
            0.108519,
            0.031757,
            0.015024,
            0.009834,
            0.007137,
            0.01067,
            0.009769,
            0.008897,
            0.013359000000000001,
            0.013359000000000001,
            0.014254000000000001,
            0,
            0.003572,
            0.005433,
            0.004454,
            0.004454,
            0.004454
        ],
        [
            0.097794,
            0.104947,
            0.028185,
            0.011452,
            0.006262,
            0.0035649999999999996,
            0.007098,
            0.006196999999999999,
            0.005325,
            0.009787,
            0.009787,
            0.010682,
            0.003572,
            0,
            0.001861,
            0.000882,
            0.000882,
            0.000882
        ],
        [
            0.09965500000000001,
            0.106808,
            0.030046,
            0.013313,
            0.008123,
            0.005426,
            0.008959,
            0.008058,
            0.007186,
            0.011648,
            0.011648,
            0.012543,
            0.005433,
            0.001861,
            0,
            0.0027429999999999998,
            0.0027429999999999998,
            0.0027429999999999998
        ],
        [
            0.098676,
            0.10582899999999999,
            0.029067,
            0.012334,
            0.007144,
            0.0044469999999999996,
            0.007980000000000001,
            0.007078999999999999,
            0.006207,
            0.010669000000000001,
            0.010669000000000001,
            0.011564000000000001,
            0.004454,
            0.000882,
            0.0027429999999999998,
            0,
            0.0,
            0.0
        ],
        [
            0.098676,
            0.10582899999999999,
            0.029067,
            0.012334,
            0.007144,
            0.0044469999999999996,
            0.007980000000000001,
            0.007078999999999999,
            0.006207,
            0.010669000000000001,
            0.010669000000000001,
            0.011564000000000001,
            0.004454,
            0.000882,
            0.0027429999999999998,
            0.0,
            0,
            0.0
        ],
        [
            0.098676,
            0.10582899999999999,
            0.029067,
            0.012334,
            0.007144,
            0.0044469999999999996,
            0.007980000000000001,
            0.007078999999999999,
            0.006207,
            0.010669000000000001,
            0.010669000000000001,
            0.011564000000000001,
            0.004454,
            0.000882,
            0.0027429999999999998,
            0.0,
            0.0,
            0
        ]
    ],
    "NODE_MAPPING": {
        "0": "3",
        "1": "20",
        "2": "2",
        "3": "9",
        "4": "10",
        "5": "16",
        "6": "14",
        "7": "15",
        "8": "1",
        "9": "12",
        "10": "13",
        "11": "21",
        "12": "6",
        "13": "7",
        "14": "8",
        "15": "4",
        "16": "5",
        "17": "11"
    }
}