{
    "NEXUS_FILE_URL": "http://purl.org/phylo/treebase/phylows/study/TB2:S14287",
    "NEWICK_TREE": "((((((((((((((((((40:0.0,49:0.0):0.0,38:0.0):0.00330202,(45:0.0,46:0.0):0.00297741):-9.6488E-4,36:9.1282E-4):-1.6332E-4,43:7.7187E-4):-1.2014E-4,44:6.7148E-4):-9.284E-5,37:5.9645E-4):-7.443E-5,39:5.3833E-4):-6.14E-5,41:4.9207E-4):0.0024923,((47:0.0,48:0.0):0.0,(42:0.0,50:0.0):0.0):0.00580393):-0.00140627,35:0.00199382):0.02297143,9:0.01758619):0.0070613,((((((3:0.0,7:0.0):0.0039225,8:0.00553018):-2.8947E-4,4:0.00157866):-3.807E-5,6:0.00161111):1.8146E-4,5:0.00202565):0.00814203,(18:5.6463E-4,(24:4.304E-4,(((((22:0.0,30:0.0):0.0,(23:0.0,33:0.0):0.0):0.0,(34:0.0,29:0.0):0.0):0.0,20:0.0):2.8966E-4,(32:1.4757E-4,(27:1.6963E-4,(19:2.0061E-4,(26:2.4718E-4,(31:3.2493E-4,(21:4.8062E-4,(25:0.0,28:0.0):0.00263951):-1.6472E-4):-8.471E-5):-5.23E-5):-3.589E-5):-2.64E-5):0.00137745):0.00114931):6.98E-6):0.01404754):0.01120388):0.00675048,(17:0.0,16:0.0):0.0293216):0.01472629,(((10:0.0,12:0.0):0.00506124,11:0.0012182):2.1609E-4,(13:0.0,(15:0.0,14:0.0):0.0):0.00597601):0.0249297):0.05849303,(75:0.0,74:0.0):0.08668735):0.0751768,((62:0.0,63:0.0):0.09450859,((((((((67:0.0,71:0.0):0.0,(69:0.0,64:0.0):0.0):0.0,(72:0.0,68:0.0):0.0):5.4131E-4,70:0.0010139):0.00206633,65:0.00540644):0.00719334,73:0.0024479):0.0013119,66:0.00526319):0.05513542,(59:5.295E-5,(54:-0.00102148,(57:0.00119846,(56:-5.2221E-4,(61:-6.1757E-4,(58:-7.862E-5,(60:-1.0335E-4,(55:-1.5288E-4,(53:-3.0157E-4,52:0.00185678):1.5288E-4):5.24E-5):2.695E-5):0.00212755):1.105E-4):0.00155512):0.00113814):7.2458E-4):0.07365306):0.05273276):0.01288054):0.00626449,(51:0.15534382,(1:0.0551126,2:0.07949634):0.0411354):0.04049766);",
    "DISTANCE_MATRIX": [
        [
            0.0,
            0.0,
            0.0,
            0.006279430000000001,
            0.006279430000000001,
            0.00324996,
            0.00294569,
            0.00272516,
            0.0025572900000000003,
            0.0024247400000000003,
            0.00231708,
            0.01012124,
            0.01012124,
            0.01012124,
            0.01012124,
            0.004904859999999999,
            0.043468660000000006,
            0.05606610000000001,
            0.05606610000000001,
            0.05767378,
            0.05401173,
            0.054082250000000005,
            0.05431533,
            0.058759820000000004,
            0.05863257,
            0.05964114,
            0.05964114,
            0.05964114,
            0.05964114,
            0.05964114,
            0.05964114,
            0.05964114,
            0.0608765,
            0.06087216000000001,
            0.060867250000000005,
            0.06086152,
            0.06085456,
            0.06084553000000001,
            0.06300442,
            0.06300442,
            0.06901585,
            0.06901585,
            0.08462757,
            0.08462757,
            0.08078453000000001,
            0.08532625,
            0.08532625,
            0.08532625,
            0.19960092000000001,
            0.19960092000000001,
            0.2954795,
            0.2954795,
            0.31995197,
            0.31995197,
            0.31995197,
            0.31995197,
            0.31995197,
            0.31995197,
            0.32042455999999997,
            0.32275076999999996,
            0.31259888999999996,
            0.31410228,
            0.32740968000000004,
            0.32705983,
            0.33041791,
            0.33025236,
            0.3302675,
            0.332934,
            0.33293622,
            0.33293909,
            0.33294328,
            0.33510163000000004,
            0.39019634000000003,
            0.33110052,
            0.35548426
        ],
        [
            0.0,
            0.0,
            0.0,
            0.006279430000000001,
            0.006279430000000001,
            0.00324996,
            0.00294569,
            0.00272516,
            0.0025572900000000003,
            0.0024247400000000003,
            0.00231708,
            0.01012124,
            0.01012124,
            0.01012124,
            0.01012124,
            0.004904859999999999,
            0.043468660000000006,
            0.05606610000000001,
            0.05606610000000001,
            0.05767378,
            0.05401173,
            0.054082250000000005,
            0.05431533,
            0.058759820000000004,
            0.05863257,
            0.05964114,
            0.05964114,
            0.05964114,
            0.05964114,
            0.05964114,
            0.05964114,
            0.05964114,
            0.0608765,
            0.06087216000000001,
            0.060867250000000005,
            0.06086152,
            0.06085456,
            0.06084553000000001,
            0.06300442,
            0.06300442,
            0.06901585,
            0.06901585,
            0.08462757,
            0.08462757,
            0.08078453000000001,
            0.08532625,
            0.08532625,
            0.08532625,
            0.19960092000000001,
            0.19960092000000001,
            0.2954795,
            0.2954795,
            0.31995197,
            0.31995197,
            0.31995197,
            0.31995197,
            0.31995197,
            0.31995197,
            0.32042455999999997,
            0.32275076999999996,
            0.31259888999999996,
            0.31410228,
            0.32740968000000004,
            0.32705983,
            0.33041791,
            0.33025236,
            0.3302675,
            0.332934,
            0.33293622,
            0.33293909,
            0.33294328,
            0.33510163000000004,
            0.39019634000000003,
            0.33110052,
            0.35548426
        ],
        [
            0.0,
            0.0,
            0.0,
            0.006279430000000001,
            0.006279430000000001,
            0.00324996,
            0.00294569,
            0.00272516,
            0.0025572900000000003,
            0.0024247400000000003,
            0.00231708,
            0.01012124,
            0.01012124,
            0.01012124,
            0.01012124,
            0.004904859999999999,
            0.043468660000000006,
            0.05606610000000001,
            0.05606610000000001,
            0.05767378,
            0.05401173,
            0.054082250000000005,
            0.05431533,
            0.058759820000000004,
            0.05863257,
            0.05964114,
            0.05964114,
            0.05964114,
            0.05964114,
            0.05964114,
            0.05964114,
            0.05964114,
            0.0608765,
            0.06087216000000001,
            0.060867250000000005,
            0.06086152,
            0.06085456,
            0.06084553000000001,
            0.06300442,
            0.06300442,
            0.06901585,
            0.06901585,
            0.08462757,
            0.08462757,
            0.08078453000000001,
            0.08532625,
            0.08532625,
            0.08532625,
            0.19960092000000001,
            0.19960092000000001,
            0.2954795,
            0.2954795,
            0.31995197,
            0.31995197,
            0.31995197,
            0.31995197,
            0.31995197,
            0.31995197,
            0.32042455999999997,
            0.32275076999999996,
            0.31259888999999996,
            0.31410228,
            0.32740968000000004,
            0.32705983,
            0.33041791,
            0.33025236,
            0.3302675,
            0.332934,
            0.33293622,
            0.33293909,
            0.33294328,
            0.33510163000000004,
            0.39019634000000003,
            0.33110052,
            0.35548426
        ],
        [
            0.006279430000000001,
            0.006279430000000001,
            0.006279430000000001,
            0.0,
            0.0,
            0.00292535,
            0.0026210800000000005,
            0.0024005500000000004,
            0.0022326800000000003,
            0.0021001300000000004,
            0.0019924700000000005,
            0.00979663,
            0.00979663,
            0.00979663,
            0.00979663,
            0.004580249999999999,
            0.04314405,
            0.055741490000000005,
            0.055741490000000005,
            0.05734917,
            0.05368712,
            0.05375764,
            0.05399072,
            0.05843521,
            0.05830796,
            0.05931653,
            0.05931653,
            0.05931653,
            0.05931653,
            0.05931653,
            0.05931653,
            0.05931653,
            0.06055189,
            0.060547550000000006,
            0.06054264,
            0.06053691,
            0.06052995,
            0.060520920000000006,
            0.06267981,
            0.06267981,
            0.06869124,
            0.06869124,
            0.08430296,
            0.08430296,
            0.08045992,
            0.08500164,
            0.08500164,
            0.08500164,
            0.19927631,
            0.19927631,
            0.29515489,
            0.29515489,
            0.31962736,
            0.31962736,
            0.31962736,
            0.31962736,
            0.31962736,
            0.31962736,
            0.32009995,
            0.32242616,
            0.31227428,
            0.31377767,
            0.32708507,
            0.32673522,
            0.33009330000000003,
            0.32992774999999996,
            0.32994289,
            0.33260939,
            0.33261161,
            0.33261448,
            0.33261867,
            0.33477702,
            0.38987172999999997,
            0.33077591,
            0.35515965000000005
        ],
        [
            0.006279430000000001,
            0.006279430000000001,
            0.006279430000000001,
            0.0,
            0.0,
            0.00292535,
            0.0026210800000000005,
            0.0024005500000000004,
            0.0022326800000000003,
            0.0021001300000000004,
            0.0019924700000000005,
            0.00979663,
            0.00979663,
            0.00979663,
            0.00979663,
            0.004580249999999999,
            0.04314405,
            0.055741490000000005,
            0.055741490000000005,
            0.05734917,
            0.05368712,
            0.05375764,
            0.05399072,
            0.05843521,
            0.05830796,
            0.05931653,
            0.05931653,
            0.05931653,
            0.05931653,
            0.05931653,
            0.05931653,
            0.05931653,
            0.06055189,
            0.060547550000000006,
            0.06054264,
            0.06053691,
            0.06052995,
            0.060520920000000006,
            0.06267981,
            0.06267981,
            0.06869124,
            0.06869124,
            0.08430296,
            0.08430296,
            0.08045992,
            0.08500164,
            0.08500164,
            0.08500164,
            0.19927631,
            0.19927631,
            0.29515489,
            0.29515489,
            0.31962736,
            0.31962736,
            0.31962736,
            0.31962736,
            0.31962736,
            0.31962736,
            0.32009995,
            0.32242616,
            0.31227428,
            0.31377767,
            0.32708507,
            0.32673522,
            0.33009330000000003,
            0.32992774999999996,
            0.32994289,
            0.33260939,
            0.33261161,
            0.33261448,
            0.33261867,
            0.33477702,
            0.38987172999999997,
            0.33077591,
            0.35515965000000005
        ],
        [
            0.00324996,
            0.00324996,
            0.00324996,
            0.00292535,
            0.00292535,
            0.0,
            0.00152137,
            0.00130084,
            0.00113297,
            0.00100042,
            0.00089276,
            0.00869692,
            0.00869692,
            0.00869692,
            0.00869692,
            0.00348054,
            0.04204434,
            0.05464178,
            0.05464178,
            0.05624946,
            0.05258741,
            0.052657930000000006,
            0.05289101,
            0.057335500000000005,
            0.05720825,
            0.05821682,
            0.05821682,
            0.05821682,
            0.05821682,
            0.05821682,
            0.05821682,
            0.05821682,
            0.05945218000000001,
            0.05944784,
            0.059442930000000005,
            0.0594372,
            0.05943024000000001,
            0.05942121,
            0.061580100000000006,
            0.061580100000000006,
            0.06759153000000001,
            0.06759153000000001,
            0.08320325,
            0.08320325,
            0.07936021000000001,
            0.08390193000000001,
            0.08390193000000001,
            0.08390193000000001,
            0.1981766,
            0.1981766,
            0.29405518,
            0.29405518,
            0.31852765000000005,
            0.31852765000000005,
            0.31852765000000005,
            0.31852765000000005,
            0.31852765000000005,
            0.31852765000000005,
            0.31900024000000005,
            0.32132645000000004,
            0.31117457000000004,
            0.31267796000000003,
            0.32598536,
            0.32563551,
            0.32899359000000006,
            0.32882804,
            0.32884318,
            0.33150968000000003,
            0.3315119,
            0.33151477,
            0.33151896000000003,
            0.33367731,
            0.38877202,
            0.32967620000000003,
            0.3540599400000001
        ],
        [
            0.00294569,
            0.00294569,
            0.00294569,
            0.0026210800000000005,
            0.0026210800000000005,
            0.00152137,
            0.0,
            0.00132321,
            0.00115534,
            0.00102279,
            0.0009151300000000001,
            0.00871929,
            0.00871929,
            0.00871929,
            0.00871929,
            0.0035029099999999997,
            0.04206671000000001,
            0.05466415000000001,
            0.05466415000000001,
            0.05627183,
            0.05260978,
            0.052680300000000006,
            0.05291338,
            0.057357870000000005,
            0.05723062,
            0.05823919,
            0.05823919,
            0.05823919,
            0.05823919,
            0.05823919,
            0.05823919,
            0.05823919,
            0.05947455,
            0.05947021000000001,
            0.059465300000000006,
            0.05945957,
            0.05945261,
            0.05944358000000001,
            0.061602470000000006,
            0.061602470000000006,
            0.0676139,
            0.0676139,
            0.08322562,
            0.08322562,
            0.07938258000000001,
            0.08392430000000001,
            0.08392430000000001,
            0.08392430000000001,
            0.19819897,
            0.19819897,
            0.29407755,
            0.29407755,
            0.31855002,
            0.31855002,
            0.31855002,
            0.31855002,
            0.31855002,
            0.31855002,
            0.31902261,
            0.32134882,
            0.31119694,
            0.31270033,
            0.32600773000000005,
            0.32565788,
            0.32901596,
            0.32885041000000004,
            0.32886555,
            0.33153205,
            0.33153427,
            0.33153714,
            0.33154133,
            0.33369968000000005,
            0.38879439000000005,
            0.32969857,
            0.35408231
        ],
        [
            0.00272516,
            0.00272516,
            0.00272516,
            0.0024005500000000004,
            0.0024005500000000004,
            0.00130084,
            0.00132321,
            0.0,
            0.0011750900000000002,
            0.00104254,
            0.0009348800000000001,
            0.00873904,
            0.00873904,
            0.00873904,
            0.00873904,
            0.0035226599999999995,
            0.042086460000000006,
            0.05468390000000001,
            0.05468390000000001,
            0.05629158,
            0.05262953,
            0.052700050000000005,
            0.05293313,
            0.057377620000000004,
            0.05725037,
            0.05825894,
            0.05825894,
            0.05825894,
            0.05825894,
            0.05825894,
            0.05825894,
            0.05825894,
            0.0594943,
            0.05948996000000001,
            0.059485050000000005,
            0.05947932,
            0.05947236,
            0.05946333000000001,
            0.061622220000000005,
            0.061622220000000005,
            0.06763365,
            0.06763365,
            0.08324537,
            0.08324537,
            0.07940233000000001,
            0.08394405,
            0.08394405,
            0.08394405,
            0.19821872000000001,
            0.19821872000000001,
            0.2940973,
            0.2940973,
            0.31856977,
            0.31856977,
            0.31856977,
            0.31856977,
            0.31856977,
            0.31856977,
            0.31904235999999997,
            0.32136856999999996,
            0.31121668999999996,
            0.31272008,
            0.32602748000000004,
            0.32567763,
            0.32903571,
            0.32887016,
            0.3288853,
            0.3315518,
            0.33155402,
            0.33155689,
            0.33156108,
            0.33371943000000004,
            0.38881414000000003,
            0.32971832,
            0.35410206
        ],
        [
            0.0025572900000000003,
            0.0025572900000000003,
            0.0025572900000000003,
            0.0022326800000000003,
            0.0022326800000000003,
            0.00113297,
            0.00115534,
            0.0011750900000000002,
            0.0,
            0.0010603499999999998,
            0.0009526900000000001,
            0.00875685,
            0.00875685,
            0.00875685,
            0.00875685,
            0.0035404699999999996,
            0.04210427,
            0.05470171,
            0.05470171,
            0.05630939,
            0.05264734,
            0.052717860000000005,
            0.05295094,
            0.057395430000000004,
            0.05726818,
            0.05827675,
            0.05827675,
            0.05827675,
            0.05827675,
            0.05827675,
            0.05827675,
            0.05827675,
            0.05951211000000001,
            0.05950777,
            0.059502860000000005,
            0.05949713,
            0.05949017000000001,
            0.05948114,
            0.061640030000000005,
            0.061640030000000005,
            0.06765146000000001,
            0.06765146000000001,
            0.08326318,
            0.08326318,
            0.07942014000000001,
            0.08396186000000001,
            0.08396186000000001,
            0.08396186000000001,
            0.19823653000000002,
            0.19823653000000002,
            0.29411511,
            0.29411511,
            0.31858758,
            0.31858758,
            0.31858758,
            0.31858758,
            0.31858758,
            0.31858758,
            0.31906017,
            0.32138637999999997,
            0.31123449999999997,
            0.31273789,
            0.32604529000000004,
            0.32569544,
            0.32905352,
            0.32888797000000003,
            0.32890311,
            0.33156961,
            0.33157183,
            0.3315747,
            0.33157889,
            0.33373724000000005,
            0.38883195000000004,
            0.32973613,
            0.35411987
        ],
        [
            0.0024247400000000003,
            0.0024247400000000003,
            0.0024247400000000003,
            0.0021001300000000004,
            0.0021001300000000004,
            0.00100042,
            0.00102279,
            0.00104254,
            0.0010603499999999998,
            0.0,
            0.000969,
            0.008773159999999999,
            0.008773159999999999,
            0.008773159999999999,
            0.008773159999999999,
            0.00355678,
            0.042120580000000005,
            0.054718020000000006,
            0.054718020000000006,
            0.0563257,
            0.05266365,
            0.052734170000000004,
            0.05296725,
            0.05741174,
            0.05728449,
            0.05829306,
            0.05829306,
            0.05829306,
            0.05829306,
            0.05829306,
            0.05829306,
            0.05829306,
            0.05952842,
            0.05952408000000001,
            0.05951917,
            0.05951344,
            0.05950648,
            0.05949745000000001,
            0.061656340000000004,
            0.061656340000000004,
            0.06766777,
            0.06766777,
            0.08327949,
            0.08327949,
            0.07943645,
            0.08397817,
            0.08397817,
            0.08397817,
            0.19825283999999999,
            0.19825283999999999,
            0.29413142000000003,
            0.29413142000000003,
            0.31860389,
            0.31860389,
            0.31860389,
            0.31860389,
            0.31860389,
            0.31860389,
            0.31907648,
            0.32140269,
            0.31125081,
            0.3127542,
            0.3260616,
            0.32571174999999997,
            0.32906983,
            0.32890428,
            0.32891941999999996,
            0.33158592,
            0.33158814000000003,
            0.33159101,
            0.3315952,
            0.33375355,
            0.38884826,
            0.32975244000000004,
            0.35413618
        ],
        [
            0.00231708,
            0.00231708,
            0.00231708,
            0.0019924700000000005,
            0.0019924700000000005,
            0.00089276,
            0.0009151300000000001,
            0.0009348800000000001,
            0.0009526900000000001,
            0.000969,
            0.0,
            0.008788299999999999,
            0.008788299999999999,
            0.008788299999999999,
            0.008788299999999999,
            0.00357192,
            0.04213572,
            0.05473316,
            0.05473316,
            0.056340839999999996,
            0.052678789999999996,
            0.05274931,
            0.05298239,
            0.05742688,
            0.05729963,
            0.0583082,
            0.0583082,
            0.0583082,
            0.0583082,
            0.0583082,
            0.0583082,
            0.0583082,
            0.059543559999999995,
            0.059539220000000004,
            0.05953431,
            0.05952858,
            0.05952162,
            0.059512590000000004,
            0.06167148,
            0.06167148,
            0.06768291,
            0.06768291,
            0.08329463,
            0.08329463,
            0.07945159,
            0.08399331,
            0.08399331,
            0.08399331,
            0.19826798,
            0.19826798,
            0.29414656,
            0.29414656,
            0.31861903,
            0.31861903,
            0.31861903,
            0.31861903,
            0.31861903,
            0.31861903,
            0.31909162,
            0.32141783,
            0.31126595,
            0.31276934,
            0.32607674,
            0.32572689,
            0.32908497000000003,
            0.32891941999999996,
            0.32893456,
            0.33160106,
            0.33160328,
            0.33160615,
            0.33161034,
            0.33376869,
            0.38886339999999997,
            0.32976758,
            0.35415132000000005
        ],
        [
            0.01012124,
            0.01012124,
            0.01012124,
            0.00979663,
            0.00979663,
            0.00869692,
            0.00871929,
            0.00873904,
            0.00875685,
            0.008773159999999999,
            0.008788299999999999,
            0.0,
            0.0,
            0.0,
            0.0,
            0.00639148,
            0.04495528,
            0.05755272,
            0.05755272,
            0.059160399999999995,
            0.055498349999999995,
            0.05556887,
            0.055801949999999996,
            0.06024644,
            0.060119189999999996,
            0.061127759999999996,
            0.061127759999999996,
            0.061127759999999996,
            0.061127759999999996,
            0.061127759999999996,
            0.061127759999999996,
            0.061127759999999996,
            0.062363119999999994,
            0.06235878,
            0.06235387,
            0.062348139999999996,
            0.062341179999999996,
            0.06233215,
            0.06449104,
            0.06449104,
            0.07050247,
            0.07050247,
            0.08611419,
            0.08611419,
            0.08227115,
            0.08681287,
            0.08681287,
            0.08681287,
            0.20108754,
            0.20108754,
            0.29696612,
            0.29696612,
            0.32143858999999997,
            0.32143858999999997,
            0.32143858999999997,
            0.32143858999999997,
            0.32143858999999997,
            0.32143858999999997,
            0.32191117999999996,
            0.32423738999999996,
            0.31408550999999996,
            0.3155889,
            0.32889630000000003,
            0.32854645,
            0.33190453,
            0.33173898,
            0.33175412,
            0.33442062,
            0.33442284,
            0.33442571,
            0.3344299,
            0.33658825000000003,
            0.39168296,
            0.33258714,
            0.35697088
        ],
        [
            0.01012124,
            0.01012124,
            0.01012124,
            0.00979663,
            0.00979663,
            0.00869692,
            0.00871929,
            0.00873904,
            0.00875685,
            0.008773159999999999,
            0.008788299999999999,
            0.0,
            0.0,
            0.0,
            0.0,
            0.00639148,
            0.04495528,
            0.05755272,
            0.05755272,
            0.059160399999999995,
            0.055498349999999995,
            0.05556887,
            0.055801949999999996,
            0.06024644,
            0.060119189999999996,
            0.061127759999999996,
            0.061127759999999996,
            0.061127759999999996,
            0.061127759999999996,
            0.061127759999999996,
            0.061127759999999996,
            0.061127759999999996,
            0.062363119999999994,
            0.06235878,
            0.06235387,
            0.062348139999999996,
            0.062341179999999996,
            0.06233215,
            0.06449104,
            0.06449104,
            0.07050247,
            0.07050247,
            0.08611419,
            0.08611419,
            0.08227115,
            0.08681287,
            0.08681287,
            0.08681287,
            0.20108754,
            0.20108754,
            0.29696612,
            0.29696612,
            0.32143858999999997,
            0.32143858999999997,
            0.32143858999999997,
            0.32143858999999997,
            0.32143858999999997,
            0.32143858999999997,
            0.32191117999999996,
            0.32423738999999996,
            0.31408550999999996,
            0.3155889,
            0.32889630000000003,
            0.32854645,
            0.33190453,
            0.33173898,
            0.33175412,
            0.33442062,
            0.33442284,
            0.33442571,
            0.3344299,
            0.33658825000000003,
            0.39168296,
            0.33258714,
            0.35697088
        ],
        [
            0.01012124,
            0.01012124,
            0.01012124,
            0.00979663,
            0.00979663,
            0.00869692,
            0.00871929,
            0.00873904,
            0.00875685,
            0.008773159999999999,
            0.008788299999999999,
            0.0,
            0.0,
            0.0,
            0.0,
            0.00639148,
            0.04495528,
            0.05755272,
            0.05755272,
            0.059160399999999995,
            0.055498349999999995,
            0.05556887,
            0.055801949999999996,
            0.06024644,
            0.060119189999999996,
            0.061127759999999996,
            0.061127759999999996,
            0.061127759999999996,
            0.061127759999999996,
            0.061127759999999996,
            0.061127759999999996,
            0.061127759999999996,
            0.062363119999999994,
            0.06235878,
            0.06235387,
            0.062348139999999996,
            0.062341179999999996,
            0.06233215,
            0.06449104,
            0.06449104,
            0.07050247,
            0.07050247,
            0.08611419,
            0.08611419,
            0.08227115,
            0.08681287,
            0.08681287,
            0.08681287,
            0.20108754,
            0.20108754,
            0.29696612,
            0.29696612,
            0.32143858999999997,
            0.32143858999999997,
            0.32143858999999997,
            0.32143858999999997,
            0.32143858999999997,
            0.32143858999999997,
            0.32191117999999996,
            0.32423738999999996,
            0.31408550999999996,
            0.3155889,
            0.32889630000000003,
            0.32854645,
            0.33190453,
            0.33173898,
            0.33175412,
            0.33442062,
            0.33442284,
            0.33442571,
            0.3344299,
            0.33658825000000003,
            0.39168296,
            0.33258714,
            0.35697088
        ],
        [
            0.01012124,
            0.01012124,
            0.01012124,
            0.00979663,
            0.00979663,
            0.00869692,
            0.00871929,
            0.00873904,
            0.00875685,
            0.008773159999999999,
            0.008788299999999999,
            0.0,
            0.0,
            0.0,
            0.0,
            0.00639148,
            0.04495528,
            0.05755272,
            0.05755272,
            0.059160399999999995,
            0.055498349999999995,
            0.05556887,
            0.055801949999999996,
            0.06024644,
            0.060119189999999996,
            0.061127759999999996,
            0.061127759999999996,
            0.061127759999999996,
            0.061127759999999996,
            0.061127759999999996,
            0.061127759999999996,
            0.061127759999999996,
            0.062363119999999994,
            0.06235878,
            0.06235387,
            0.062348139999999996,
            0.062341179999999996,
            0.06233215,
            0.06449104,
            0.06449104,
            0.07050247,
            0.07050247,
            0.08611419,
            0.08611419,
            0.08227115,
            0.08681287,
            0.08681287,
            0.08681287,
            0.20108754,
            0.20108754,
            0.29696612,
            0.29696612,
            0.32143858999999997,
            0.32143858999999997,
            0.32143858999999997,
            0.32143858999999997,
            0.32143858999999997,
            0.32143858999999997,
            0.32191117999999996,
            0.32423738999999996,
            0.31408550999999996,
            0.3155889,
            0.32889630000000003,
            0.32854645,
            0.33190453,
            0.33173898,
            0.33175412,
            0.33442062,
            0.33442284,
            0.33442571,
            0.3344299,
            0.33658825000000003,
            0.39168296,
            0.33258714,
            0.35697088
        ],
        [
            0.004904859999999999,
            0.004904859999999999,
            0.004904859999999999,
            0.004580249999999999,
            0.004580249999999999,
            0.00348054,
            0.0035029099999999997,
            0.0035226599999999995,
            0.0035404699999999996,
            0.00355678,
            0.00357192,
            0.00639148,
            0.00639148,
            0.00639148,
            0.00639148,
            0.0,
            0.04255144,
            0.05514888,
            0.05514888,
            0.05675656,
            0.05309451,
            0.05316503,
            0.05339811,
            0.0578426,
            0.05771535,
            0.05872392,
            0.05872392,
            0.05872392,
            0.05872392,
            0.05872392,
            0.05872392,
            0.05872392,
            0.059959280000000004,
            0.05995494,
            0.05995003,
            0.0599443,
            0.059937340000000006,
            0.05992831,
            0.0620872,
            0.0620872,
            0.06809863000000001,
            0.06809863000000001,
            0.08371035,
            0.08371035,
            0.07986731000000001,
            0.08440903000000001,
            0.08440903000000001,
            0.08440903000000001,
            0.19868370000000002,
            0.19868370000000002,
            0.29456228,
            0.29456228,
            0.31903475000000003,
            0.31903475000000003,
            0.31903475000000003,
            0.31903475000000003,
            0.31903475000000003,
            0.31903475000000003,
            0.31950734000000003,
            0.32183355,
            0.31168167,
            0.31318506,
            0.32649246,
            0.32614261,
            0.32950069000000004,
            0.32933513999999997,
            0.32935028,
            0.33201678,
            0.332019,
            0.33202187,
            0.33202606,
            0.33418441,
            0.38927912,
            0.3301833,
            0.35456704000000006
        ],
        [
            0.043468660000000006,
            0.043468660000000006,
            0.043468660000000006,
            0.04314405,
            0.04314405,
            0.04204434,
            0.04206671000000001,
            0.042086460000000006,
            0.04210427,
            0.042120580000000005,
            0.04213572,
            0.04495528,
            0.04495528,
            0.04495528,
            0.04495528,
            0.04255144,
            0.0,
            0.047769820000000005,
            0.047769820000000005,
            0.0493775,
            0.04571545,
            0.04578597,
            0.04601905,
            0.05046354,
            0.05033629,
            0.05134486,
            0.05134486,
            0.05134486,
            0.05134486,
            0.05134486,
            0.05134486,
            0.05134486,
            0.05258022,
            0.052575880000000005,
            0.05257097,
            0.05256524,
            0.05255828,
            0.052549250000000006,
            0.05470814,
            0.05470814,
            0.06071957,
            0.06071957,
            0.07633129,
            0.07633129,
            0.07248825,
            0.07702997,
            0.07702997,
            0.07702997,
            0.19130464,
            0.19130464,
            0.28718322,
            0.28718322,
            0.31165569000000004,
            0.31165569000000004,
            0.31165569000000004,
            0.31165569000000004,
            0.31165569000000004,
            0.31165569000000004,
            0.31212828000000004,
            0.31445449000000003,
            0.30430261000000003,
            0.305806,
            0.3191134,
            0.31876355,
            0.32212163000000005,
            0.32195608,
            0.32197122,
            0.32463772,
            0.32463994,
            0.32464281,
            0.324647,
            0.32680535,
            0.38190006,
            0.32280424,
            0.34718798000000006
        ],
        [
            0.05606610000000001,
            0.05606610000000001,
            0.05606610000000001,
            0.055741490000000005,
            0.055741490000000005,
            0.05464178,
            0.05466415000000001,
            0.05468390000000001,
            0.05470171,
            0.054718020000000006,
            0.05473316,
            0.05755272,
            0.05755272,
            0.05755272,
            0.05755272,
            0.05514888,
            0.047769820000000005,
            0.0,
            0.0,
            0.00945268,
            0.00521169,
            0.00520607,
            0.0058020699999999995,
            0.02653062,
            0.026403370000000002,
            0.027411940000000003,
            0.027411940000000003,
            0.027411940000000003,
            0.027411940000000003,
            0.027411940000000003,
            0.027411940000000003,
            0.027411940000000003,
            0.0286473,
            0.028642960000000002,
            0.02863805,
            0.02863232,
            0.028625360000000002,
            0.028616330000000002,
            0.030775220000000002,
            0.030775220000000002,
            0.05919441,
            0.05919441,
            0.07480613,
            0.07480613,
            0.07096309,
            0.07550481,
            0.07550481,
            0.07550481,
            0.18977948,
            0.18977948,
            0.28565806,
            0.28565806,
            0.31013053,
            0.31013053,
            0.31013053,
            0.31013053,
            0.31013053,
            0.31013053,
            0.31060312,
            0.31292933,
            0.30277745,
            0.30428084,
            0.31758823999999997,
            0.31723839,
            0.32059647,
            0.32043091999999995,
            0.32044606,
            0.32311256,
            0.32311478,
            0.32311765,
            0.32312184,
            0.32528018999999997,
            0.38037489999999996,
            0.32127908,
            0.34566282000000004
        ],
        [
            0.05606610000000001,
            0.05606610000000001,
            0.05606610000000001,
            0.055741490000000005,
            0.055741490000000005,
            0.05464178,
            0.05466415000000001,
            0.05468390000000001,
            0.05470171,
            0.054718020000000006,
            0.05473316,
            0.05755272,
            0.05755272,
            0.05755272,
            0.05755272,
            0.05514888,
            0.047769820000000005,
            0.0,
            0.0,
            0.00945268,
            0.00521169,
            0.00520607,
            0.0058020699999999995,
            0.02653062,
            0.026403370000000002,
            0.027411940000000003,
            0.027411940000000003,
            0.027411940000000003,
            0.027411940000000003,
            0.027411940000000003,
            0.027411940000000003,
            0.027411940000000003,
            0.0286473,
            0.028642960000000002,
            0.02863805,
            0.02863232,
            0.028625360000000002,
            0.028616330000000002,
            0.030775220000000002,
            0.030775220000000002,
            0.05919441,
            0.05919441,
            0.07480613,
            0.07480613,
            0.07096309,
            0.07550481,
            0.07550481,
            0.07550481,
            0.18977948,
            0.18977948,
            0.28565806,
            0.28565806,
            0.31013053,
            0.31013053,
            0.31013053,
            0.31013053,
            0.31013053,
            0.31013053,
            0.31060312,
            0.31292933,
            0.30277745,
