{
    "NEXUS_FILE_URL": "http://purl.org/phylo/treebase/phylows/study/TB2:S12310",
    "NEWICK_TREE": "(((3:0.104429,50:0.098454):0.15856,(43:0.149665,((29:0.004368,30:0.002564):0.182166,((19:0.125016,(23:0.049203,38:0.051982):0.046188):0.030262,(28:0.084381,(18:0.117127,(15:0.088759,33:0.067463):0.020671):0.031152):0.015029):0.028243):0.04973):0.016821):0.05674,(((6:0.114907,37:0.101841):0.155649,((1:0.154874,16:0.166872):0.110165,(27:0.092256,(4:0.011331,8:0.013998):0.056352):0.117923):0.019902):0.024542,(((49:0.126733,(46:0.112115,(39:0.027287,40:0.03355):0.06001):0.120063):0.012279,((11:0.078225,(7:0.057513,34:0.060562):0.045276):0.12785,(41:0.131491,(17:0.099525,(31:0.10763,35:0.126049):0.017624):0.024801):0.036097):0.006367):0.028133,(((21:0.105901,24:0.12999):0.032288,(42:0.110891,(20:0.08667,(26:0.054387,32:0.044781):0.041956):0.02832):0.046238):0.110031,(((14:0.132564,(9:0.006988,10:0.008551):0.107899):0.11417,(12:0.15286,(44:0.097709,45:0.081752):0.047336):0.134909):0.082759,(36:0.230382,(25:0.150958,((47:0.063247,48:0.093453):0.018167,(5:0.139941,(2:0.097223,(13:0.123919,22:0.144606):0.01211):0.006486):0.006161):0.049143):0.029294):0.06514):0.021009):0.017386):0.022118):0.05674);",
    "DISTANCE_MATRIX": [
        [
            0,
            0.20288299999999998,
            0.42947500000000005,
            0.516074,
            0.51427,
            0.513061,
            0.48343600000000003,
            0.48621500000000006,
            0.457193,
            0.521091,
            0.513394,
            0.49209800000000004,
            0.671567,
            0.658501,
            0.6859520000000001,
            0.6979500000000001,
            0.631092,
            0.606519,
            0.609186,
            0.5657320000000001,
            0.671177,
            0.646359,
            0.652622,
            0.639162,
            0.663726,
            0.666775,
            0.6006750000000001,
            0.59351,
            0.6192390000000001,
            0.6376580000000001,
            0.664193,
            0.6882820000000001,
            0.6831330000000001,
            0.6872320000000001,
            0.6969050000000001,
            0.6872990000000001,
            0.766475,
            0.7487980000000001,
            0.7503610000000001,
            0.8075100000000001,
            0.7996950000000002,
            0.7837380000000002,
            0.732504,
            0.682374,
            0.661973,
            0.6921790000000001,
            0.7266610000000001,
            0.6904290000000001,
            0.7292350000000001,
            0.7499220000000001
        ],
        [
            0.20288299999999998,
            0,
            0.4235,
            0.5100990000000001,
            0.5082949999999999,
            0.5070859999999999,
            0.477461,
            0.48024,
            0.451218,
            0.515116,
            0.5074190000000001,
            0.48612299999999997,
            0.6655920000000001,
            0.652526,
            0.679977,
            0.691975,
            0.625117,
            0.600544,
            0.603211,
            0.5597570000000001,
            0.6652020000000001,
            0.6403840000000001,
            0.646647,
            0.633187,
            0.657751,
            0.6608,
            0.5947,
            0.587535,
            0.613264,
            0.631683,
            0.658218,
            0.682307,
            0.6771580000000001,
            0.681257,
            0.69093,
            0.681324,
            0.7605,
            0.742823,
            0.744386,
            0.8015350000000001,
            0.7937200000000002,
            0.7777630000000002,
            0.726529,
            0.676399,
            0.6559980000000001,
            0.686204,
            0.7206860000000002,
            0.6844540000000001,
            0.72326,
            0.7439470000000001
        ],
        [
            0.42947500000000005,
            0.4235,
            0,
            0.38592899999999997,
            0.384125,
            0.382916,
            0.353291,
            0.35607,
            0.327048,
            0.390946,
            0.38324899999999995,
            0.36195299999999997,
            0.575064,
            0.561998,
            0.589449,
            0.601447,
            0.534589,
            0.510016,
            0.512683,
            0.469229,
            0.5746739999999999,
            0.5498559999999999,
            0.556119,
            0.542659,
            0.567223,
            0.5702719999999999,
            0.504172,
            0.497007,
            0.522736,
            0.541155,
            0.56769,
            0.591779,
            0.58663,
            0.5907290000000001,
            0.6004020000000001,
            0.5907960000000001,
            0.669972,
            0.6522950000000001,
            0.653858,
            0.711007,
            0.703192,
            0.687235,
            0.636001,
            0.585871,
            0.5654699999999999,
            0.5956760000000001,
            0.630158,
            0.593926,
            0.6327320000000001,
            0.653419
        ],
        [
            0.516074,
            0.5100990000000001,
            0.38592899999999997,
            0,
            0.006932000000000001,
            0.370055,
            0.34043,
            0.343209,
            0.314187,
            0.378085,
            0.370388,
            0.34909199999999996,
            0.6616630000000001,
            0.6485970000000001,
            0.676048,
            0.6880459999999999,
            0.6211880000000001,
            0.596615,
            0.5992820000000001,
            0.555828,
            0.661273,
            0.636455,
            0.642718,
            0.6292580000000001,
            0.653822,
            0.656871,
            0.5907709999999999,
            0.5836060000000001,
            0.609335,
            0.627754,
            0.654289,
            0.678378,
            0.6732290000000001,
            0.677328,
            0.6870010000000001,
            0.6773950000000001,
            0.756571,
            0.738894,
            0.740457,
            0.797606,
            0.7897910000000001,
            0.7738340000000001,
            0.7226,
            0.67247,
            0.652069,
            0.6822750000000001,
            0.7167570000000001,
            0.680525,
            0.719331,
            0.7400180000000001
        ],
        [
            0.51427,
            0.5082949999999999,
            0.384125,
            0.006932000000000001,
            0,
            0.368251,
            0.338626,
            0.341405,
            0.31238299999999997,
            0.376281,
            0.368584,
            0.347288,
            0.659859,
            0.646793,
            0.6742440000000001,
            0.686242,
            0.6193839999999999,
            0.594811,
            0.597478,
            0.5540240000000001,
            0.659469,
            0.634651,
            0.640914,
            0.627454,
            0.652018,
            0.655067,
            0.588967,
            0.5818019999999999,
            0.607531,
            0.62595,
            0.652485,
            0.676574,
            0.671425,
            0.675524,
            0.6851970000000001,
            0.675591,
            0.754767,
            0.73709,
            0.738653,
            0.795802,
            0.7879870000000001,
            0.7720300000000001,
            0.720796,
            0.670666,
            0.650265,
            0.680471,
            0.7149530000000001,
            0.678721,
            0.717527,
            0.738214
        ],
        [
            0.513061,
            0.5070859999999999,
            0.382916,
            0.370055,
            0.368251,
            0,
            0.220407,
            0.223186,
            0.254688,
            0.31858600000000004,
            0.31088899999999997,
            0.289593,
            0.65865,
            0.6455839999999999,
            0.673035,
            0.685033,
            0.6181749999999999,
            0.593602,
            0.5962689999999999,
            0.5528150000000001,
            0.65826,
            0.633442,
            0.639705,
            0.6262449999999999,
            0.650809,
            0.6538579999999999,
            0.587758,
            0.5805929999999999,
            0.606322,
            0.624741,
            0.651276,
            0.675365,
            0.670216,
            0.674315,
            0.683988,
            0.674382,
            0.753558,
            0.735881,
            0.737444,
            0.794593,
            0.7867780000000001,
            0.7708210000000001,
            0.719587,
            0.669457,
            0.649056,
            0.679262,
            0.713744,
            0.677512,
            0.716318,
            0.737005
        ],
        [
            0.48343600000000003,
            0.477461,
            0.353291,
            0.34043,
            0.338626,
            0.220407,
            0,
            0.101185,
            0.225063,
            0.288961,
            0.281264,
            0.259968,
            0.6290250000000001,
            0.615959,
            0.64341,
            0.655408,
            0.58855,
            0.563977,
            0.566644,
            0.52319,
            0.628635,
            0.603817,
            0.61008,
            0.59662,
            0.621184,
            0.624233,
            0.558133,
            0.550968,
            0.576697,
            0.595116,
            0.621651,
            0.64574,
            0.6405910000000001,
            0.64469,
            0.654363,
            0.644757,
            0.7239329999999999,
            0.706256,
            0.707819,
            0.7649680000000001,
            0.7571530000000002,
            0.7411960000000002,
            0.689962,
            0.639832,
            0.6194310000000001,
            0.649637,
            0.6841190000000001,
            0.6478870000000001,
            0.686693,
            0.7073800000000001
        ],
        [
            0.48621500000000006,
            0.48024,
            0.35607,
            0.343209,
            0.341405,
            0.223186,
            0.101185,
            0,
            0.22784200000000002,
            0.29174,
            0.28404300000000005,
            0.262747,
            0.631804,
            0.618738,
            0.646189,
            0.658187,
            0.591329,
            0.566756,
            0.569423,
            0.525969,
            0.6314139999999999,
            0.6065959999999999,
            0.612859,
            0.599399,
            0.623963,
            0.6270119999999999,
            0.560912,
            0.553747,
            0.579476,
            0.5978950000000001,
            0.62443,
            0.6485190000000001,
            0.64337,
            0.6474690000000001,
            0.6571420000000001,
            0.6475360000000001,
            0.726712,
            0.7090350000000001,
            0.7105980000000001,
            0.767747,
            0.759932,
            0.743975,
            0.692741,
            0.642611,
            0.6222099999999999,
            0.6524160000000001,
            0.686898,
            0.650666,
            0.6894720000000001,
            0.710159
        ],
        [
            0.457193,
            0.451218,
            0.327048,
            0.314187,
            0.31238299999999997,
            0.254688,
            0.225063,
            0.22784200000000002,
            0,
            0.23265999999999998,
            0.22496299999999997,
            0.203667,
            0.602782,
            0.589716,
            0.617167,
            0.629165,
            0.562307,
            0.5377339999999999,
            0.540401,
            0.496947,
            0.602392,
            0.577574,
            0.5838369999999999,
            0.570377,
            0.5949409999999999,
            0.59799,
            0.53189,
            0.524725,
            0.550454,
            0.568873,
            0.5954079999999999,
            0.619497,
            0.6143480000000001,
            0.618447,
            0.62812,
            0.618514,
            0.6976899999999999,
            0.680013,
            0.681576,
            0.7387250000000001,
            0.7309100000000002,
            0.7149530000000002,
            0.663719,
            0.6135889999999999,
            0.593188,
            0.623394,
            0.6578760000000001,
            0.6216440000000001,
            0.66045,
            0.6811370000000001
        ],
        [
            0.521091,
            0.515116,
            0.390946,
            0.378085,
            0.376281,
            0.31858600000000004,
            0.288961,
            0.29174,
            0.23265999999999998,
            0,
            0.226557,
            0.20526099999999997,
            0.66668,
            0.653614,
            0.681065,
            0.693063,
            0.626205,
            0.601632,
            0.604299,
            0.560845,
            0.66629,
            0.641472,
            0.647735,
            0.634275,
            0.658839,
            0.661888,
            0.595788,
            0.588623,
            0.614352,
            0.632771,
            0.659306,
            0.683395,
            0.6782460000000001,
            0.682345,
            0.692018,
            0.682412,
            0.7615879999999999,
            0.743911,
            0.745474,
            0.8026230000000001,
            0.7948080000000002,
            0.7788510000000002,
            0.727617,
            0.677487,
            0.6570860000000001,
            0.687292,
            0.7217740000000001,
            0.6855420000000001,
            0.724348,
            0.7450350000000001
        ],
        [
            0.513394,
            0.5074190000000001,
            0.38324899999999995,
            0.370388,
            0.368584,
            0.31088899999999997,
            0.281264,
            0.28404300000000005,
            0.22496299999999997,
            0.226557,
            0,
            0.156222,
            0.6589830000000001,
            0.6459170000000001,
            0.673368,
            0.6853659999999999,
            0.6185080000000001,
            0.593935,
            0.5966020000000001,
            0.553148,
            0.658593,
            0.633775,
            0.640038,
            0.6265780000000001,
            0.651142,
            0.654191,
            0.5880909999999999,
            0.580926,
            0.6066549999999999,
            0.625074,
            0.651609,
            0.675698,
            0.6705490000000001,
            0.674648,
            0.6843210000000001,
            0.6747150000000001,
            0.753891,
            0.736214,
            0.737777,
            0.794926,
            0.7871110000000001,
            0.7711540000000001,
            0.71992,
            0.66979,
            0.649389,
            0.6795950000000001,
            0.7140770000000001,
            0.677845,
            0.716651,
            0.737338
        ],
        [
            0.49209800000000004,
            0.48612299999999997,
            0.36195299999999997,
            0.34909199999999996,
            0.347288,
            0.289593,
            0.259968,
            0.262747,
            0.203667,
            0.20526099999999997,
            0.156222,
            0,
            0.637687,
            0.624621,
            0.652072,
            0.6640699999999999,
            0.597212,
            0.5726389999999999,
            0.575306,
            0.531852,
            0.637297,
            0.612479,
            0.6187419999999999,
            0.605282,
            0.6298459999999999,
            0.632895,
            0.5667949999999999,
            0.55963,
            0.585359,
            0.6037779999999999,
            0.6303129999999999,
            0.6544019999999999,
            0.6492530000000001,
            0.6533519999999999,
            0.663025,
            0.653419,
            0.7325949999999999,
            0.7149179999999999,
            0.7164809999999999,
            0.77363,
            0.7658150000000001,
            0.7498580000000001,
            0.6986239999999999,
            0.6484939999999999,
            0.628093,
            0.658299,
            0.6927810000000001,
            0.656549,
            0.695355,
            0.7160420000000001
        ],
        [
            0.671567,
            0.6655920000000001,
            0.575064,
            0.6616630000000001,
            0.659859,
            0.65865,
            0.6290250000000001,
            0.631804,
            0.602782,
            0.66668,
            0.6589830000000001,
            0.637687,
            0,
            0.216748,
            0.555497,
            0.567495,
            0.500637,
            0.47606400000000004,
            0.478731,
            0.48436100000000004,
            0.589806,
            0.564988,
            0.571251,
            0.557791,
            0.582355,
            0.585404,
            0.519304,
            0.512139,
            0.537868,
            0.556287,
            0.582822,
            0.606911,
            0.6017620000000001,
            0.605861,
            0.615534,
            0.605928,
            0.6851039999999999,
            0.667427,
            0.66899,
            0.7261390000000001,
            0.7183240000000002,
            0.7023670000000002,
            0.651133,
            0.601003,
            0.5806020000000001,
            0.610808,
            0.6452900000000001,
            0.6090580000000001,
            0.647864,
            0.6685510000000001
        ],
        [
            0.658501,
            0.652526,
            0.561998,
            0.6485970000000001,
            0.646793,
            0.6455839999999999,
            0.615959,
            0.618738,
            0.589716,
            0.653614,
            0.6459170000000001,
            0.624621,
            0.216748,
            0,
            0.542431,
            0.554429,
            0.487571,
            0.462998,
            0.465665,
            0.471295,
            0.57674,
            0.551922,
            0.5581849999999999,
            0.544725,
            0.5692889999999999,
            0.572338,
            0.506238,
            0.499073,
            0.524802,
            0.543221,
            0.5697559999999999,
            0.593845,
            0.5886960000000001,
            0.592795,
            0.602468,
            0.592862,
            0.6720379999999999,
            0.654361,
            0.655924,
            0.7130730000000001,
            0.7052580000000002,
            0.6893010000000002,
            0.6380669999999999,
            0.5879369999999999,
            0.567536,
            0.597742,
            0.6322240000000001,
            0.5959920000000001,
            0.634798,
            0.6554850000000001
        ],
        [
            0.6859520000000001,
            0.679977,
            0.589449,
            0.676048,
            0.6742440000000001,
            0.673035,
            0.64341,
            0.646189,
            0.617167,
            0.681065,
            0.673368,
            0.652072,
            0.555497,
            0.542431,
            0,
            0.321746,
            0.47521800000000003,
            0.450645,
            0.45331200000000005,
            0.498746,
            0.6041909999999999,
            0.5793729999999999,
            0.585636,
            0.572176,
            0.59674,
            0.5997889999999999,
            0.533689,
            0.526524,
            0.552253,
            0.5706720000000001,
            0.597207,
            0.6212960000000001,
            0.616147,
            0.6202460000000001,
            0.6299190000000001,
            0.6203130000000001,
            0.699489,
            0.6818120000000001,
            0.6833750000000001,
            0.740524,
            0.732709,
            0.7167520000000001,
            0.665518,
            0.615388,
            0.5949869999999999,
            0.6251930000000001,
            0.659675,
            0.623443,
            0.6622490000000001,
            0.682936
        ],
        [
            0.6979500000000001,
            0.691975,
            0.601447,
            0.6880459999999999,
            0.686242,
            0.685033,
            0.655408,
            0.658187,
            0.629165,
            0.693063,
            0.6853659999999999,
            0.6640699999999999,
            0.567495,
            0.554429,
            0.321746,
            0,
            0.487216,
            0.46264299999999997,
            0.46531,
            0.510744,
            0.6161889999999999,
            0.5913709999999999,
            0.597634,
            0.584174,
            0.608738,
            0.6117869999999999,
            0.5456869999999999,
            0.538522,
            0.564251,
            0.58267,
            0.609205,
            0.633294,
            0.628145,
            0.632244,
            0.6419170000000001,
            0.6323110000000001,
            0.711487,
            0.69381,
            0.695373,
            0.7525219999999999,
            0.744707,
            0.72875,
            0.677516,
            0.627386,
            0.6069849999999999,
            0.6371910000000001,
            0.671673,
            0.6354409999999999,
            0.674247,
            0.6949339999999999
        ],
        [
            0.631092,
            0.625117,
            0.534589,
            0.6211880000000001,
            0.6193839999999999,
            0.6181749999999999,
            0.58855,
            0.591329,
            0.562307,
            0.626205,
            0.6185080000000001,
            0.597212,
            0.500637,
            0.487571,
            0.47521800000000003,
            0.487216,
            0,
            0.159939,
            0.162606,
            0.443886,
            0.549331,
            0.524513,
            0.5307759999999999,
            0.517316,
            0.5418799999999999,
            0.544929,
            0.47882899999999995,
            0.47166399999999997,
            0.497393,
            0.5158119999999999,
            0.5423469999999999,
            0.5664359999999999,
            0.5612870000000001,
            0.5653859999999999,
            0.575059,
            0.565453,
            0.6446289999999999,
            0.626952,
            0.6285149999999999,
            0.685664,
            0.6778490000000001,
            0.6618920000000001,
            0.6106579999999999,
            0.5605279999999999,
            0.540127,
            0.570333,
            0.6048150000000001,
            0.5685830000000001,
            0.607389,
            0.6280760000000001
        ],
        [
            0.606519,
            0.600544,
            0.510016,
            0.596615,
            0.594811,
            0.593602,
            0.563977,
            0.566756,
            0.5377339999999999,
            0.601632,
            0.593935,
            0.5726389999999999,
            0.47606400000000004,
            0.462998,
            0.450645,
            0.46264299999999997,
            0.159939,
            0,
            0.025329,
            0.41931300000000005,
            0.524758,
            0.49993999999999994,
            0.506203,
            0.49274300000000004,
            0.517307,
            0.5203559999999999,
            0.454256,
            0.447091,
            0.47282,
            0.491239,
            0.517774,
            0.541863,
            0.536714,
            0.540813,
            0.550486,
            0.54088,
            0.6200559999999999,
            0.602379,
            0.603942,
            0.661091,
            0.6532760000000001,
            0.6373190000000001,
            0.586085,
            0.535955,
            0.515554,
            0.54576,
            0.580242,
            0.54401,
            0.582816,
            0.603503
        ],
        [
            0.609186,
            0.603211,
            0.512683,
            0.5992820000000001,
            0.597478,
            0.5962689999999999,
            0.566644,
            0.569423,
            0.540401,
            0.604299,
            0.5966020000000001,
            0.575306,
            0.478731,
            0.465665,
            0.45331200000000005,
            0.46531,
            0.162606,
            0.025329,
            0,
            0.42198,
            0.527425,
            0.502607,
            0.5088699999999999,
            0.49541,
            0.5199739999999999,
            0.523023,
            0.45692299999999997,
            0.449758,
            0.475487,
            0.493906,
            0.5204409999999999,
            0.54453,
            0.5393810000000001,
            0.54348,
            0.553153,
            0.543547,
            0.6227229999999999,
            0.605046,
            0.606609,
            0.6637580000000001,
            0.6559430000000002,
            0.6399860000000002,
            0.5887519999999999,
            0.5386219999999999,
            0.518221,
            0.548427,
            0.5829090000000001,
            0.5466770000000001,
            0.585483,
            0.6061700000000001
        ],
        [
            0.5657320000000001,
            0.5597570000000001,
            0.469229,
            0.555828,
            0.5540240000000001,
            0.5528150000000001,
            0.52319,
            0.525969,
            0.496947,
            0.560845,
            0.553148,
            0.531852,
            0.48436100000000004,
            0.471295,
            0.498746,
            0.510744,
            0.443886,
            0.41931300000000005,
            0.42198,
            0,
            0.358911,
            0.334093,
            0.340356,
            0.35145400000000004,
            0.376018,
            0.37906700000000004,
            0.312967,
            0.305802,
            0.331531,
            0.34995,
            0.432751,
            0.45684,
            0.45169100000000006,
            0.45579000000000003,
            0.46546300000000007,
            0.45585700000000007,
            0.535033,
            0.517356,
            0.518919,
            0.576068,
            0.5682530000000001,
            0.5522960000000001,
            0.501062,
            0.450932,
            0.430531,
            0.46073700000000006,
            0.4952190000000001,
            0.45898700000000003,
            0.49779300000000004,
            0.51848
        ],
        [
            0.671177,
            0.6652020000000001,
            0.5746739999999999,
            0.661273,
            0.659469,
            0.65826,
            0.628635,
            0.6314139999999999,
            0.602392,
            0.66629,
            0.658593,
            0.637297,
            0.589806,
            0.57674,
            0.6041909999999999,
            0.6161889999999999,
            0.549331,
            0.524758,
            0.527425,
            0.358911,
            0,
            0.199412,
            0.205675,
            0.45689900000000006,
            0.481463,
            0.484512,
            0.418412,
            0.41124700000000003,
            0.43697600000000003,
            0.455395,
            0.538196,
            0.5622849999999999,
            0.5571360000000001,
            0.5612349999999999,
            0.570908,
            0.561302,
            0.640478,
            0.6228009999999999,
            0.6243639999999999,
            0.681513,
            0.6736980000000001,
            0.6577410000000001,
            0.606507,
            0.556377,
            0.535976,
            0.566182,
            0.6006640000000001,
            0.564432,
            0.6032379999999999,
            0.6239250000000001
        ],
        [
            0.646359,
            0.6403840000000001,
            0.5498559999999999,
            0.636455,
            0.634651,
            0.633442,
            0.603817,
            0.6065959999999999,
            0.577574,
            0.641472,
            0.633775,
            0.612479,
            0.564988,
            0.551922,
            0.5793729999999999,
            0.5913709999999999,
            0.524513,
            0.49993999999999994,
            0.502607,
            0.334093,
            0.199412,
            0,
            0.060837,
            0.43208100000000005,
            0.45664499999999997,
            0.459694,
            0.393594,
            0.386429,
            0.412158,
            0.430577,
            0.513378,
            0.5374669999999999,
            0.5323180000000001,
            0.5364169999999999,
            0.54609,
            0.536484,
            0.61566,
            0.5979829999999999,
            0.5995459999999999,
            0.656695,
            0.6488800000000001,
            0.6329230000000001,
            0.581689,
            0.531559,
            0.511158,
            0.541364,
            0.5758460000000001,
            0.539614,
            0.5784199999999999,
            0.5991070000000001
        ],
        [
            0.652622,
            0.646647,
            0.556119,
            0.642718,
            0.640914,
            0.639705,
            0.61008,
            0.612859,
            0.5838369999999999,
            0.647735,
            0.640038,
            0.6187419999999999,
            0.571251,
            0.5581849999999999,
            0.585636,
            0.597634,
            0.5307759999999999,
            0.506203,
            0.5088699999999999,
            0.340356,
            0.205675,
            0.060837,
            0,
            0.43834400000000007,
            0.462908,
            0.465957,
            0.399857,
            0.39269200000000004,
            0.41842100000000004,
            0.43684,
            0.519641,
            0.54373,
            0.538581,
            0.54268,
            0.5523530000000001,
            0.5427470000000001,
            0.621923,
            0.6042460000000001,
            0.605809,
            0.6629579999999999,
            0.655143,
            0.639186,
            0.587952,
            0.537822,
            0.517421,
            0.5476270000000001,
            0.582109,
            0.545877,
            0.5846830000000001,
            0.60537
        ],
        [
            0.639162,
            0.633187,
            0.542659,
            0.6292580000000001,
            0.627454,
            0.6262449999999999,
            0.59662,
            0.599399,
            0.570377,
            0.634275,
            0.6265780000000001,
            0.605282,
            0.557791,
            0.544725,
            0.572176,
            0.584174,
            0.517316,
            0.49274300000000004,
            0.49541,
            0.35145400000000004,
            0.45689900000000006,
            0.43208100000000005,
            0.43834400000000007,
            0,
            0.181014,
            0.18406299999999998,
            0.37366299999999997,
            0.366498,
            0.392227,
            0.41064599999999996,
            0.506181,
            0.53027,
            0.5251210000000001,
            0.52922,
            0.5388930000000001,
            0.5292870000000001,
            0.608463,
            0.590786,
            0.592349,
            0.649498,
            0.6416830000000001,
            0.6257260000000001,
            0.574492,
            0.524362,
            0.503961,
            0.5341670000000001,
            0.5686490000000001,
            0.532417,
            0.571223,
            0.59191
        ],
        [
            0.663726,
            0.657751,
            0.567223,
            0.653822,
            0.652018,
            0.650809,
            0.621184,
            0.623963,
            0.5949409999999999,
            0.658839,
            0.651142,
            0.6298459999999999,
            0.582355,
            0.5692889999999999,
            0.59674,
            0.608738,
            0.5418799999999999,
            0.517307,
            0.5199739999999999,
            0.376018,
            0.481463,
            0.45664499999999997,
            0.462908,
            0.181014,
            0,
            0.118075,
            0.398227,
            0.391062,
            0.41679099999999997,
            0.43521,
            0.530745,
            0.554834,
            0.549685,
            0.553784,
            0.5634570000000001,
            0.5538510000000001,
            0.633027,
            0.6153500000000001,
            0.616913,
            0.6740619999999999,
            0.666247,
            0.65029,
            0.599056,
            0.548926,
            0.528525,
            0.5587310000000001,
            0.593213,
            0.556981,
            0.5957870000000001,
            0.616474
        ],
        [
            0.666775,
            0.6608,
            0.5702719999999999,
            0.656871,
            0.655067,
            0.6538579999999999,
            0.624233,
            0.6270119999999999,
            0.59799,
            0.661888,
            0.654191,
            0.632895,
            0.585404,
            0.572338,
            0.5997889999999999,
            0.6117869999999999,
            0.544929,
            0.5203559999999999,
            0.523023,
            0.37906700000000004,
            0.484512,
            0.459694,
            0.465957,
            0.18406299999999998,
            0.118075,
            0,
            0.40127599999999997,
            0.394111,
            0.41984,
            0.43825899999999995,
            0.533794,
            0.5578829999999999,
            0.5527340000000001,
            0.5568329999999999,
            0.566506,
            0.5569,
            0.636076,
            0.6183989999999999,
            0.6199619999999999,
            0.677111,
            0.6692960000000001,
            0.6533390000000001,
            0.602105,
            0.551975,
            0.531574,
            0.56178,
            0.5962620000000001,
            0.56003,
            0.5988359999999999,
            0.619523
        ],
        [
            0.6006750000000001,
            0.5947,
            0.504172,
            0.5907709999999999,
            0.588967,
            0.587758,
            0.558133,
            0.560912,
            0.53189,
            0.595788,
            0.5880909999999999,
            0.5667949999999999,
            0.519304,
            0.506238,
            0.533689,
            0.5456869999999999,
            0.47882899999999995,
            0.454256,
            0.45692299999999997,
            0.312967,
            0.418412,
            0.393594,
            0.399857,
            0.37366299999999997,
            0.398227,
            0.40127599999999997,
            0,
            0.255817,
            0.28154599999999996,
            0.299965,
            0.467694,
            0.49178299999999997,
            0.486634,
            0.490733,
            0.500406,
            0.4908,
            0.569976,
            0.552299,
            0.553862,
            0.611011,
            0.6031960000000001,
            0.5872390000000001,
            0.5360050000000001,
            0.485875,
            0.465474,
            0.49568,
            0.530162,
            0.49393,
            0.532736,
            0.553423
        ],
        [
            0.59351,
            0.587535,
            0.497007,
            0.5836060000000001,
            0.5818019999999999,
            0.5805929999999999,
            0.550968,
            0.553747,
            0.524725,
            0.588623,
            0.580926,
            0.55963,
            0.512139,
            0.499073,
            0.526524,
            0.538522,
            0.47166399999999997,
            0.447091,
            0.449758,
            0.305802,
            0.41124700000000003,
            0.386429,
            0.39269200000000004,
            0.366498,
            0.391062,
            0.394111,
            0.255817,
            0,
            0.224779,
            0.243198,
            0.460529,
            0.484618,
            0.47946900000000003,
            0.483568,
            0.49324100000000004,
            0.48363500000000004,
            0.562811,
            0.545134,
            0.546697,
            0.603846,
            0.5960310000000001,
            0.5800740000000001,
            0.52884,
            0.47871,
            0.458309,
            0.48851500000000003,
            0.522997,
            0.486765,
            0.525571,
            0.546258
        ],
        [
            0.6192390000000001,
            0.613264,
            0.522736,
            0.609335,
            0.607531,
            0.606322,
            0.576697,
            0.579476,
            0.550454,
            0.614352,
            0.6066549999999999,
            0.585359,
            0.537868,
            0.524802,
            0.552253,
            0.564251,
            0.497393,
            0.47282,
            0.475487,
            0.331531,
            0.43697600000000003,
            0.412158,
            0.41842100000000004,
            0.392227,
            0.41679099999999997,
            0.41984,
            0.28154599999999996,
            0.224779,
            0,
            0.233679,
            0.48625799999999997,
            0.510347,
            0.505198,
            0.509297,
            0.51897,
            0.509364,
            0.58854,
            0.570863,
            0.572426,
            0.629575,
            0.6217600000000001,
            0.6058030000000001,
            0.554569,
            0.504439,
            0.48403799999999997,
            0.514244,
            0.548726,
            0.512494,
            0.5513,
            0.571987
        ],
        [
            0.6376580000000001,
            0.631683,
            0.541155,
            0.627754,
            0.62595,
            0.624741,
            0.595116,
            0.5978950000000001,
            0.568873,
            0.632771,
            0.625074,
            0.6037779999999999,
            0.556287,
            0.543221,
            0.5706720000000001,
            0.58267,
            0.5158119999999999,
            0.491239,
            0.493906,
            0.34995,
            0.455395,
            0.430577,
            0.43684,
            0.41064599999999996,
            0.43521,
            0.43825899999999995,
            0.299965,
            0.243198,
            0.233679,
            0,
            0.504677,
            0.528766,
            0.523617,
            0.527716,
            0.537389,
            0.527783,
            0.606959,
            0.589282,
            0.590845,
            0.647994,
            0.640179,
            0.624222,
            0.572988,
            0.522858,
            0.5024569999999999,
            0.532663,
            0.567145,
            0.530913,
            0.569719,
            0.590406
        ],
        [
            0.664193,
            0.658218,
            0.56769,
            0.654289,
            0.652485,
            0.651276,
            0.621651,
            0.62443,
            0.5954079999999999,
            0.659306,
            0.651609,
            0.6303129999999999,
            0.582822,
            0.5697559999999999,
            0.597207,
            0.609205,
            0.5423469999999999,
            0.517774,
            0.5204409999999999,
            0.432751,
            0.538196,
            0.513378,
            0.519641,
            0.506181,
