{
    "NEXUS_FILE_URL": "http://purl.org/phylo/treebase/phylows/study/TB2:S11391",
    "NEWICK_TREE": "(1:0.0559995,((2:0.02783,(16:0.005608,(17:0.014293,18:0.007982):0.002043):0.027813):9.11E-4,((7:0.022752,9:0.03045):0.005396,((19:0.002747,20:0.014314):0.010346,((14:0.004086,(6:0.001278,10:0.0):0.005074):0.003975,((5:0.0,8:0.0):6.42E-4,(3:0.0,11:0.0,12:0.0,15:0.0,(4:0.0,13:0.00197):7.04E-4):7.19E-4):0.007876):0.019079):0.005862):0.00347):0.0559995);",
    "DISTANCE_MATRIX": [
        [
            0.0,
            0.14074,
            0.14633100000000002,
            0.157059,
            0.150748,
            0.143617,
            0.151315,
            0.13442400000000002,
            0.145991,
            0.148471,
            0.150737,
            0.149459,
            0.148928,
            0.148928,
            0.149005,
            0.149005,
            0.149005,
            0.149005,
            0.149709,
            0.151679
        ],
        [
            0.14074,
            0.0,
            0.061251,
            0.071979,
            0.065668,
            0.060358999999999996,
            0.068057,
            0.051166,
            0.062733,
            0.065213,
            0.067479,
            0.066201,
            0.06566999999999999,
            0.06566999999999999,
            0.065747,
            0.065747,
            0.065747,
            0.065747,
            0.066451,
            0.068421
        ],
        [
            0.14633100000000002,
            0.061251,
            0.0,
            0.021943999999999998,
            0.015633,
            0.06595000000000001,
            0.073648,
            0.056757,
            0.068324,
            0.070804,
            0.07307,
            0.071792,
            0.07126099999999999,
            0.07126099999999999,
            0.071338,
            0.071338,
            0.071338,
            0.071338,
            0.072042,
            0.074012
        ],
        [
            0.157059,
            0.071979,
            0.021943999999999998,
            0.0,
            0.022275,
            0.076678,
            0.084376,
            0.067485,
            0.07905200000000001,
            0.081532,
            0.08379800000000001,
            0.08252000000000001,
            0.081989,
            0.081989,
            0.082066,
            0.082066,
            0.082066,
            0.082066,
            0.08277000000000001,
            0.08474000000000001
        ],
        [
            0.150748,
            0.065668,
            0.015633,
            0.022275,
            0.0,
            0.070367,
            0.078065,
            0.061174,
            0.072741,
            0.075221,
            0.077487,
            0.076209,
            0.075678,
            0.075678,
            0.07575499999999999,
            0.07575499999999999,
            0.07575499999999999,
            0.07575499999999999,
            0.076459,
            0.078429
        ],
        [
            0.143617,
            0.060358999999999996,
            0.06595000000000001,
            0.076678,
            0.070367,
            0.0,
            0.053202,
            0.047103,
            0.05867,
            0.061149999999999996,
            0.063416,
            0.062138,
            0.061606999999999995,
            0.061606999999999995,
            0.061683999999999996,
            0.061683999999999996,
            0.061683999999999996,
            0.061683999999999996,
            0.062388,
            0.064358
        ],
        [
            0.151315,
            0.068057,
            0.073648,
            0.084376,
            0.078065,
            0.053202,
            0.0,
            0.054801,
            0.06636800000000001,
            0.06884799999999999,
            0.07111400000000001,
            0.06983600000000001,
            0.069305,
            0.069305,
            0.069382,
            0.069382,
            0.069382,
            0.069382,
            0.07008600000000001,
            0.07205600000000001
        ],
        [
            0.13442400000000002,
            0.051166,
            0.056757,
            0.067485,
            0.061174,
            0.047103,
            0.054801,
            0.0,
            0.017061,
            0.040233,
            0.042498999999999995,
            0.041221,
            0.04069,
            0.04069,
            0.040767,
            0.040767,
            0.040767,
            0.040767,
            0.041471,
            0.043441
        ],
        [
            0.145991,
            0.062733,
            0.068324,
            0.07905200000000001,
            0.072741,
            0.05867,
            0.06636800000000001,
            0.017061,
            0.0,
            0.0518,
            0.054066,
            0.052788,
            0.052257,
            0.052257,
            0.052334,
            0.052334,
            0.052334,
            0.052334,
            0.053038,
            0.055008
        ],
        [
            0.148471,
            0.065213,
            0.070804,
            0.081532,
            0.075221,
            0.061149999999999996,
            0.06884799999999999,
            0.040233,
            0.0518,
            0.0,
            0.010438,
            0.009160000000000001,
            0.016579,
            0.016579,
            0.016655999999999997,
            0.016655999999999997,
            0.016655999999999997,
            0.016655999999999997,
            0.01736,
            0.01933
        ],
        [
            0.150737,
            0.067479,
            0.07307,
            0.08379800000000001,
            0.077487,
            0.063416,
            0.07111400000000001,
            0.042498999999999995,
            0.054066,
            0.010438,
            0.0,
            0.001278,
            0.018845,
            0.018845,
            0.018921999999999998,
            0.018921999999999998,
            0.018921999999999998,
            0.018921999999999998,
            0.019625999999999998,
            0.021595999999999997
        ],
        [
            0.149459,
            0.066201,
            0.071792,
            0.08252000000000001,
            0.076209,
            0.062138,
            0.06983600000000001,
            0.041221,
            0.052788,
            0.009160000000000001,
            0.001278,
            0.0,
            0.017567,
            0.017567,
            0.017644,
            0.017644,
            0.017644,
            0.017644,
            0.018348000000000003,
            0.020318000000000003
        ],
        [
            0.148928,
            0.06566999999999999,
            0.07126099999999999,
            0.081989,
            0.075678,
            0.061606999999999995,
            0.069305,
            0.04069,
            0.052257,
            0.016579,
            0.018845,
            0.017567,
            0.0,
            0.0,
            0.001361,
            0.001361,
            0.001361,
            0.001361,
            0.002065,
            0.004035
        ],
        [
            0.148928,
            0.06566999999999999,
            0.07126099999999999,
            0.081989,
            0.075678,
            0.061606999999999995,
            0.069305,
            0.04069,
            0.052257,
            0.016579,
            0.018845,
            0.017567,
            0.0,
            0.0,
            0.001361,
            0.001361,
            0.001361,
            0.001361,
            0.002065,
            0.004035
        ],
        [
            0.149005,
            0.065747,
            0.071338,
            0.082066,
            0.07575499999999999,
            0.061683999999999996,
            0.069382,
            0.040767,
            0.052334,
            0.016655999999999997,
            0.018921999999999998,
            0.017644,
            0.001361,
            0.001361,
            0.0,
            0.0,
            0.0,
            0.0,
            0.000704,
            0.002674
        ],
        [
            0.149005,
            0.065747,
            0.071338,
            0.082066,
            0.07575499999999999,
            0.061683999999999996,
            0.069382,
            0.040767,
            0.052334,
            0.016655999999999997,
            0.018921999999999998,
            0.017644,
            0.001361,
            0.001361,
            0.0,
            0.0,
            0.0,
            0.0,
            0.000704,
            0.002674
        ],
        [
            0.149005,
            0.065747,
            0.071338,
            0.082066,
            0.07575499999999999,
            0.061683999999999996,
            0.069382,
            0.040767,
            0.052334,
            0.016655999999999997,
            0.018921999999999998,
            0.017644,
            0.001361,
            0.001361,
            0.0,
            0.0,
            0.0,
            0.0,
            0.000704,
            0.002674
        ],
        [
            0.149005,
            0.065747,
            0.071338,
            0.082066,
            0.07575499999999999,
            0.061683999999999996,
            0.069382,
            0.040767,
            0.052334,
            0.016655999999999997,
            0.018921999999999998,
            0.017644,
            0.001361,
            0.001361,
            0.0,
            0.0,
            0.0,
            0.0,
            0.000704,
            0.002674
        ],
        [
            0.149709,
            0.066451,
            0.072042,
            0.08277000000000001,
            0.076459,
            0.062388,
            0.07008600000000001,
            0.041471,
            0.053038,
            0.01736,
            0.019625999999999998,
            0.018348000000000003,
            0.002065,
            0.002065,
            0.000704,
            0.000704,
            0.000704,
            0.000704,
            0.0,
            0.00197
        ],
        [
            0.151679,
            0.068421,
            0.074012,
            0.08474000000000001,
            0.078429,
            0.064358,
            0.07205600000000001,
            0.043441,
            0.055008,
            0.01933,
            0.021595999999999997,
            0.020318000000000003,
            0.004035,
            0.004035,
            0.002674,
            0.002674,
            0.002674,
            0.002674,
            0.00197,
            0.0
        ]
    ],
    "NODE_MAPPING": {
        "0": "1",
        "1": "2",
        "2": "16",
        "3": "17",
        "4": "18",
        "5": "7",
        "6": "9",
        "7": "19",
        "8": "20",
        "9": "14",
        "10": "6",
        "11": "10",
        "12": "5",
        "13": "8",
        "14": "3",
        "15": "11",
        "16": "12",
        "17": "15",
        "18": "4",
        "19": "13"
    }
}