{
    "NEXUS_FILE_URL": "http://purl.org/phylo/treebase/phylows/study/TB2:S14759",
    "NEWICK_TREE": "(34:0.21680739483707634,((1:0.003266018135577873,((18:1.52757246694298E-6,19:1.52757246694298E-6):0.035964642409238766,(46:0.021142978652090035,((25:1.52757246694298E-6,35:1.52757246694298E-6):1.52757246694298E-6,(36:1.52757246694298E-6,(9:1.52757246694298E-6,(20:1.52757246694298E-6,45:1.52757246694298E-6):1.52757246694298E-6):1.52757246694298E-6):0.003863007322851839):0.009493808831003514):0.007714581918940207):0.011529492700200598):1.52757246694298E-6,(((44:0.0012121190882523366,(3:0.0019446379210314331,4:1.52757246694298E-6):0.011346139114660744):0.026462421742099288,(2:0.018433915725573104,(43:0.01733977337382824,(40:0.01844712961245202,(41:1.52757246694298E-6,42:1.52757246694298E-6):0.0638274727328534):0.006084166783301253):0.060134594360600147):0.004004184114645669):0.0030015661171903796,(((22:1.52757246694298E-6,32:1.52757246694298E-6):0.03835894538261769,(33:1.52757246694298E-6,(8:1.52757246694298E-6,29:1.52757246694298E-6):1.52757246694298E-6):0.04392454596089656):1.52757246694298E-6,((11:1.52757246694298E-6,16:1.52757246694298E-6):0.013208758663516852,((31:0.0019473569460439664,(5:1.52757246694298E-6,6:1.52757246694298E-6):1.52757246694298E-6):0.007025772811700641,((17:1.52757246694298E-6,(10:1.52757246694298E-6,(12:1.52757246694298E-6,24:1.52757246694298E-6):1.52757246694298E-6):0.0019427447627484871):0.010048272990607982,((7:0.005436718256900162,((26:1.52757246694298E-6,30:1.52757246694298E-6):0.0019568241677082954,(37:1.52757246694298E-6,38:1.52757246694298E-6):1.52757246694298E-6):0.002442322115810931):0.00807798502952846,((13:0.0019970223516417238,21:1.52757246694298E-6):0.0040356160923396365,(39:1.52757246694298E-6,((15:1.52757246694298E-6,27:1.52757246694298E-6):0.0020195220716415006,(28:0.002074403791876984,(14:1.52757246694298E-6,23:1.52757246694298E-6):0.0023800188301802815):0.00991624950536973):0.0019228042151596706):0.00601779279951346):1.52757246694298E-6):0.0019206128054286762):0.0013043285465501135):0.023680262806665145):0.01470786580718962):0.006417476026046769):0.008605804426469061):0.21680739483707634);",
    "DISTANCE_MATRIX": [
        [
            0.0,
            0.4368823353821975,
            0.48111197992852595,
            0.48111197992852595,
            0.47400337051785046,
            0.46235725584169785,
            0.46235725584169785,
            0.4662187355920827,
            0.4662202631645497,
            0.46622179073701664,
            0.46622179073701664,
            0.4728967010481637,
            0.48497535899560357,
            0.4830322486470391,
            0.4676602600580309,
            0.5267007120668862,
            0.5338922350888112,
            0.5792741057816795,
            0.5792741057816795,
            0.4870000706542201,
            0.4870000706542201,
            0.49256567123249895,
            0.4925671988049659,
            0.4925671988049659,
            0.47655622216984195,
            0.47655622216984195,
            0.4959993284982679,
            0.4940550266971578,
            0.4940550266971578,
            0.4983803278501483,
            0.5003230726128968,
            0.5003246001853637,
            0.5003246001853637,
            0.5037658433789307,
            0.5027297989780166,
            0.5027297989780166,
            0.5007745023827753,
            0.5007745023827753,
            0.4962853061089504,
            0.49428981132977556,
            0.4962719880369494,
            0.5002143143237505,
            0.5002143143237505,
            0.5101839179768889,
            0.5104910605876591,
            0.5104910605876591
        ],
        [
            0.4368823353821975,
            0.0,
            0.050761680817484174,
            0.050761680817484174,
            0.043653071406808706,
            0.03200695673065608,
            0.03200695673065608,
            0.03586843648104097,
            0.03586996405350792,
            0.035871491625974854,
            0.035871491625974854,
            0.04254945708205588,
            0.05462811502949572,
            0.052685004680931236,
            0.03731301609192303,
            0.0963534681007783,
            0.10354499112270335,
            0.1489268618155717,
            0.1489268618155717,
            0.05665282668811222,
            0.05665282668811222,
            0.06221842726639109,
            0.06221995483885803,
            0.06221995483885803,
            0.04620897820373406,
            0.04620897820373406,
            0.06565208453216002,
            0.06370778273104993,
            0.06370778273104993,
            0.06803308388404045,
            0.06997582864678893,
            0.06997735621925588,
            0.06997735621925588,
            0.07341859941282282,
            0.07238255501190882,
            0.07238255501190882,
            0.07042725841666747,
            0.07042725841666747,
            0.0659380621428425,
            0.06394256736366773,
            0.06592474407084155,
            0.06986707035764271,
            0.06986707035764271,
            0.079836674010781,
            0.08014381662155123,
            0.08014381662155123
        ],
        [
            0.48111197992852595,
            0.050761680817484174,
            0.0,
            3.05514493388596e-06,
            0.06482373055273595,
            0.05317761587658332,
            0.05317761587658332,
            0.05703909562696821,
            0.057040623199435155,
            0.0570421507719021,
            0.0570421507719021,
            0.08677910162838431,
            0.09885775957582416,
            0.09691464922725967,
            0.08154266063825147,
            0.14058311264710674,
            0.1477746356690318,
            0.1931565063619001,
            0.1931565063619001,
            0.10088247123444066,
            0.10088247123444066,
            0.10644807181271952,
            0.10644959938518647,
            0.10644959938518647,
            0.0904386227500625,
            0.0904386227500625,
            0.10988172907848845,
            0.10793742727737837,
            0.10793742727737837,
            0.11226272843036889,
            0.11420547319311736,
            0.11420700076558432,
            0.11420700076558432,
            0.11764824395915124,
            0.11661219955823726,
            0.11661219955823726,
            0.11465690296299591,
            0.11465690296299591,
            0.11016770668917092,
            0.10817221190999615,
            0.11015438861716997,
            0.11409671490397114,
            0.11409671490397114,
            0.12406631855710942,
            0.12437346116787967,
            0.12437346116787967
        ],
        [
            0.48111197992852595,
            0.050761680817484174,
            3.05514493388596e-06,
            0.0,
            0.06482373055273595,
            0.05317761587658332,
            0.05317761587658332,
            0.05703909562696821,
            0.057040623199435155,
            0.0570421507719021,
            0.0570421507719021,
            0.08677910162838431,
            0.09885775957582416,
            0.09691464922725967,
            0.08154266063825147,
            0.14058311264710674,
            0.1477746356690318,
            0.1931565063619001,
            0.1931565063619001,
            0.10088247123444066,
            0.10088247123444066,
            0.10644807181271952,
            0.10644959938518647,
            0.10644959938518647,
            0.0904386227500625,
            0.0904386227500625,
            0.10988172907848845,
            0.10793742727737837,
            0.10793742727737837,
            0.11226272843036889,
            0.11420547319311736,
            0.11420700076558432,
            0.11420700076558432,
            0.11764824395915124,
            0.11661219955823726,
            0.11661219955823726,
            0.11465690296299591,
            0.11465690296299591,
            0.11016770668917092,
            0.10817221190999615,
            0.11015438861716997,
            0.11409671490397114,
            0.11409671490397114,
            0.12406631855710942,
            0.12437346116787967,
            0.12437346116787967
        ],
        [
            0.47400337051785046,
            0.043653071406808706,
            0.06482373055273595,
            0.06482373055273595,
            0.0,
            0.030639842628027436,
            0.030639842628027436,
            0.03450132237841233,
            0.03450284995087927,
            0.034504377523346216,
            0.034504377523346216,
            0.07967049221770885,
            0.09174915016514869,
            0.0898060398165842,
            0.07443405122757599,
            0.13347450323643126,
            0.1406660262583563,
            0.18604789695122464,
            0.18604789695122464,
            0.09377386182376518,
            0.09377386182376518,
            0.09933946240204405,
            0.09934098997451099,
            0.09934098997451099,
            0.08333001333938703,
            0.08333001333938703,
            0.10277311966781298,
            0.10082881786670289,
            0.10082881786670289,
            0.1051541190196934,
            0.1070968637824419,
            0.10709839135490884,
            0.10709839135490884,
            0.11053963454847579,
            0.10950359014756178,
            0.10950359014756178,
            0.10754829355232043,
            0.10754829355232043,
            0.10305909727849547,
            0.10106360249932068,
            0.10304577920649452,
            0.10698810549329568,
            0.10698810549329568,
            0.11695770914643397,
            0.11726485175720419,
            0.11726485175720419
        ],
        [
            0.46235725584169785,
            0.03200695673065608,
            0.05317761587658332,
            0.05317761587658332,
            0.030639842628027436,
            0.0,
            3.05514493388596e-06,
            0.003867590040252668,
            0.003869117612719611,
            0.003870645185186554,
            0.003870645185186554,
            0.06802437754155621,
            0.08010303548899605,
            0.07815992514043157,
            0.06278793655142337,
            0.12182838856027864,
            0.1290199115822037,
            0.174401782275072,
            0.174401782275072,
            0.08212774714761256,
            0.08212774714761256,
            0.08769334772589142,
            0.08769487529835837,
            0.08769487529835837,
            0.0716838986632344,
            0.0716838986632344,
            0.09112700499166035,
            0.08918270319055027,
            0.08918270319055027,
            0.09350800434354078,
            0.09545074910628927,
            0.09545227667875622,
            0.09545227667875622,
            0.09889351987232316,
            0.09785747547140916,
            0.09785747547140916,
            0.09590217887616781,
            0.09590217887616781,
            0.09141298260234283,
            0.08941748782316805,
            0.09139966453034189,
            0.09534199081714305,
            0.09534199081714305,
            0.10531159447028134,
            0.10561873708105157,
            0.10561873708105157
        ],
        [
            0.46235725584169785,
            0.03200695673065608,
            0.05317761587658332,
            0.05317761587658332,
            0.030639842628027436,
            3.05514493388596e-06,
            0.0,
            0.003867590040252668,
            0.003869117612719611,
            0.003870645185186554,
            0.003870645185186554,
            0.06802437754155621,
            0.08010303548899605,
            0.07815992514043157,
            0.06278793655142337,
            0.12182838856027864,
            0.1290199115822037,
            0.174401782275072,
            0.174401782275072,
            0.08212774714761256,
            0.08212774714761256,
            0.08769334772589142,
            0.08769487529835837,
            0.08769487529835837,
            0.0716838986632344,
            0.0716838986632344,
            0.09112700499166035,
            0.08918270319055027,
            0.08918270319055027,
            0.09350800434354078,
            0.09545074910628927,
            0.09545227667875622,
            0.09545227667875622,
            0.09889351987232316,
            0.09785747547140916,
            0.09785747547140916,
            0.09590217887616781,
            0.09590217887616781,
            0.09141298260234283,
            0.08941748782316805,
            0.09139966453034189,
            0.09534199081714305,
            0.09534199081714305,
            0.10531159447028134,
            0.10561873708105157,
            0.10561873708105157
        ],
        [
            0.4662187355920827,
            0.03586843648104097,
            0.05703909562696821,
            0.05703909562696821,
            0.03450132237841233,
            0.003867590040252668,
            0.003867590040252668,
            0.0,
            4.58271740082894e-06,
            6.11028986777192e-06,
            6.11028986777192e-06,
            0.07188585729194111,
            0.08396451523938095,
            0.08202140489081647,
            0.06664941630180826,
            0.12568986831066353,
            0.13288139133258858,
            0.1782632620254569,
            0.1782632620254569,
            0.08598922689799746,
            0.08598922689799746,
            0.09155482747627632,
            0.09155635504874327,
            0.09155635504874327,
            0.07554537841361929,
            0.07554537841361929,
            0.09498848474204524,
            0.09304418294093517,
            0.09304418294093517,
            0.09736948409392568,
            0.09931222885667415,
            0.09931375642914111,
            0.09931375642914111,
            0.10275499962270804,
            0.10171895522179406,
            0.10171895522179406,
            0.0997636586265527,
            0.0997636586265527,
            0.09527446235272771,
            0.09327896757355295,
            0.09526114428072677,
            0.09920347056752793,
            0.09920347056752793,
            0.10917307422066622,
            0.10948021683143647,
            0.10948021683143647
        ],
        [
            0.4662202631645497,
            0.03586996405350792,
            0.057040623199435155,
            0.057040623199435155,
            0.03450284995087927,
            0.003869117612719611,
            0.003869117612719611,
            4.58271740082894e-06,
            0.0,
            4.58271740082894e-06,
            4.58271740082894e-06,
            0.07188738486440806,
            0.0839660428118479,
            0.0820229324632834,
            0.0666509438742752,
            0.12569139588313047,
            0.13288291890505552,
            0.17826478959792386,
            0.17826478959792386,
            0.08599075447046439,
            0.08599075447046439,
            0.09155635504874327,
            0.0915578826212102,
            0.0915578826212102,
            0.07554690598608624,
            0.07554690598608624,
            0.09499001231451219,
            0.0930457105134021,
            0.0930457105134021,
            0.09737101166639262,
            0.09931375642914111,
            0.09931528400160805,
            0.09931528400160805,
            0.102756527195175,
            0.10172048279426099,
            0.10172048279426099,
            0.09976518619901964,
            0.09976518619901964,
            0.09527598992519468,
            0.0932804951460199,
            0.09526267185319373,
            0.0992049981399949,
            0.0992049981399949,
            0.10917460179313318,
            0.1094817444039034,
            0.1094817444039034
        ],
        [
            0.46622179073701664,
            0.035871491625974854,
            0.0570421507719021,
            0.0570421507719021,
            0.034504377523346216,
            0.003870645185186554,
            0.003870645185186554,
            6.11028986777192e-06,
            4.58271740082894e-06,
            0.0,
            3.05514493388596e-06,
            0.071888912436875,
            0.08396757038431484,
            0.08202446003575034,
            0.06665247144674213,
            0.1256929234555974,
            0.13288444647752246,
            0.1782663171703908,
            0.1782663171703908,
            0.08599228204293133,
            0.08599228204293133,
            0.0915578826212102,
            0.09155941019367714,
            0.09155941019367714,
            0.07554843355855317,
            0.07554843355855317,
            0.09499153988697913,
            0.09304723808586904,
            0.09304723808586904,
            0.09737253923885955,
            0.09931528400160805,
            0.09931681157407499,
            0.09931681157407499,
            0.10275805476764194,
            0.10172201036672793,
            0.10172201036672793,
            0.09976671377148658,
            0.09976671377148658,
            0.09527751749766161,
            0.09328202271848683,
            0.09526419942566067,
            0.09920652571246183,
            0.09920652571246183,
            0.10917612936560012,
            0.10948327197637034,
            0.10948327197637034
        ],
        [
            0.46622179073701664,
            0.035871491625974854,
            0.0570421507719021,
            0.0570421507719021,
            0.034504377523346216,
            0.003870645185186554,
            0.003870645185186554,
            6.11028986777192e-06,
            4.58271740082894e-06,
            3.05514493388596e-06,
            0.0,
            0.071888912436875,
            0.08396757038431484,
            0.08202446003575034,
            0.06665247144674213,
            0.1256929234555974,
            0.13288444647752246,
            0.1782663171703908,
            0.1782663171703908,
            0.08599228204293133,
            0.08599228204293133,
            0.0915578826212102,
            0.09155941019367714,
            0.09155941019367714,
            0.07554843355855317,
            0.07554843355855317,
            0.09499153988697913,
            0.09304723808586904,
            0.09304723808586904,
            0.09737253923885955,
            0.09931528400160805,
            0.09931681157407499,
            0.09931681157407499,
            0.10275805476764194,
            0.10172201036672793,
            0.10172201036672793,
            0.09976671377148658,
            0.09976671377148658,
            0.09527751749766161,
            0.09328202271848683,
            0.09526419942566067,
            0.09920652571246183,
            0.09920652571246183,
            0.10917612936560012,
            0.10948327197637034,
            0.10948327197637034
        ],
        [
            0.4728967010481637,
            0.04254945708205588,
            0.08677910162838431,
            0.08677910162838431,
            0.07967049221770885,
            0.06802437754155621,
            0.06802437754155621,
            0.07188585729194111,
            0.07188738486440806,
            0.071888912436875,
            0.071888912436875,
            0.0,
            0.014502896123944514,
            0.012559785775380024,
            0.0501126406705704,
            0.10915309267942566,
            0.11634461570135071,
            0.16172648639421905,
            0.16172648639421905,
            0.07545558350114034,
            0.07545558350114034,
            0.08102118407941922,
            0.08102271165188615,
            0.08102271165188615,
            0.06501173501676219,
            0.06501173501676219,
            0.08445484134518814,
            0.08251053954407805,
            0.08251053954407805,
            0.08683584069706857,
            0.08877858545981707,
            0.088780113032284,
            0.088780113032284,
            0.09222135622585095,
            0.09118531182493696,
            0.09118531182493696,
            0.0892300152296956,
            0.0892300152296956,
            0.08474081895587063,
            0.08274532417669585,
            0.08472750088386968,
            0.08866982717067085,
            0.08866982717067085,
            0.09863943082380913,
            0.09894657343457935,
            0.09894657343457935
        ],
        [
            0.48497535899560357,
            0.05462811502949572,
            0.09885775957582416,
            0.09885775957582416,
            0.09174915016514869,
            0.08010303548899605,
            0.08010303548899605,
            0.08396451523938095,
            0.0839660428118479,
            0.08396757038431484,
            0.08396757038431484,
            0.014502896123944514,
            0.0,
            0.0019461654934983762,
            0.06219129861801024,
            0.1212317506268655,
            0.12842327364879055,
            0.1738051443416589,
            0.1738051443416589,
            0.08753424144858019,
            0.08753424144858019,
            0.09309984202685906,
            0.093101369599326,
            0.093101369599326,
            0.07709039296420203,
            0.07709039296420203,
            0.09653349929262799,
            0.0945891974915179,
            0.0945891974915179,
            0.09891449864450841,
            0.10085724340725691,
            0.10085877097972384,
            0.10085877097972384,
            0.1043000141732908,
            0.1032639697723768,
            0.1032639697723768,
            0.10130867317713545,
            0.10130867317713545,
            0.09681947690331047,
            0.09482398212413569,
            0.09680615883130952,
            0.10074848511811069,
            0.10074848511811069,
            0.11071808877124897,
            0.1110252313820192,
            0.1110252313820192
        ],
        [
            0.4830322486470391,
            0.052685004680931236,
            0.09691464922725967,
            0.09691464922725967,
            0.0898060398165842,
            0.07815992514043157,
            0.07815992514043157,
            0.08202140489081647,
            0.0820229324632834,
            0.08202446003575034,
            0.08202446003575034,
            0.012559785775380024,
            0.0019461654934983762,
            0.0,
            0.06024818826944575,
            0.11928864027830102,
            0.12648016330022607,
            0.1718620339930944,
            0.1718620339930944,
            0.0855911311000157,
            0.0855911311000157,
            0.09115673167829458,
            0.09115825925076151,
            0.09115825925076151,
            0.07514728261563755,
            0.07514728261563755,
            0.09459038894406349,
            0.09264608714295341,
            0.09264608714295341,
            0.09697138829594393,
            0.09891413305869241,
            0.09891566063115936,
            0.09891566063115936,
            0.1023569038247263,
            0.1013208594238123,
            0.1013208594238123,
            0.09936556282857095,
            0.09936556282857095,
            0.09487636655474599,
            0.0928808717755712,
            0.09486304848274503,
            0.0988053747695462,
            0.0988053747695462,
            0.10877497842268448,
            0.10908212103345472,
            0.10908212103345472
        ],
        [
            0.4676602600580309,
            0.03731301609192303,
            0.08154266063825147,
            0.08154266063825147,
            0.07443405122757599,
            0.06278793655142337,
            0.06278793655142337,
            0.06664941630180826,
            0.0666509438742752,
            0.06665247144674213,
            0.06665247144674213,
            0.0501126406705704,
            0.06219129861801024,
            0.06024818826944575,
            0.0,
            0.09590828346000149,
            0.10309980648192651,
            0.14848167717479485,
            0.14848167717479485,
            0.0702191425110075,
            0.0702191425110075,
            0.07578474308928637,
            0.07578627066175331,
            0.07578627066175331,
            0.05977529402662934,
            0.05977529402662934,
            0.07921840035505529,
            0.07727409855394521,
            0.07727409855394521,
            0.08159939970693572,
            0.0835421444696842,
            0.08354367204215116,
            0.08354367204215116,
            0.0869849152357181,
            0.0859488708348041,
            0.0859488708348041,
            0.08399357423956275,
            0.08399357423956275,
            0.07950437796573778,
            0.07750888318656299,
            0.07949105989373682,
            0.083433386180538,
            0.083433386180538,
            0.09340298983367627,
            0.09371013244444651,
            0.09371013244444651
        ],
        [
            0.5267007120668862,
            0.0963534681007783,
            0.14058311264710674,
            0.14058311264710674,
            0.13347450323643126,
            0.12182838856027864,
            0.12182838856027864,
            0.12568986831066353,
            0.12569139588313047,
            0.1256929234555974,
            0.1256929234555974,
            0.10915309267942566,
            0.1212317506268655,
            0.11928864027830102,
            0.09590828346000149,
            0.0,
            0.041871069769581507,
            0.08725294046244983,
            0.08725294046244983,
            0.12925959451986277,
            0.12925959451986277,
            0.13482519509814164,
            0.13482672267060858,
            0.13482672267060858,
            0.11881574603548462,
            0.11881574603548462,
            0.13825885236391056,
            0.13631455056280048,
            0.13631455056280048,
            0.140639851715791,
            0.1425825964785395,
            0.14258412405100643,
            0.14258412405100643,
            0.14602536724457338,
            0.14498932284365937,
            0.14498932284365937,
            0.14303402624841802,
            0.14303402624841802,
            0.13854482997459305,
            0.13654933519541826,
            0.1385315119025921,
            0.14247383818939327,
            0.14247383818939327,
            0.15244344184253156,
            0.15275058445330178,
            0.15275058445330178
        ],
        [
            0.5338922350888112,
            0.10354499112270335,
            0.1477746356690318,
            0.1477746356690318,
            0.1406660262583563,
            0.1290199115822037,
            0.1290199115822037,
            0.13288139133258858,
            0.13288291890505552,
            0.13288444647752246,
            0.13288444647752246,
            0.11634461570135071,
            0.12842327364879055,
            0.12648016330022607,
            0.10309980648192651,
            0.041871069769581507,
            0.0,
            0.08227612991777236,
            0.08227612991777236,
            0.13645111754178782,
            0.13645111754178782,
            0.1420167181200667,
            0.14201824569253363,
            0.14201824569253363,
            0.12600726905740967,
            0.12600726905740967,
            0.1454503753858356,
            0.14350607358472553,
            0.14350607358472553,
            0.14783137473771604,
            0.14977411950046454,
            0.14977564707293148,
            0.14977564707293148,
            0.15321689026649843,
            0.15218084586558442,
            0.15218084586558442,
            0.15022554927034307,
            0.15022554927034307,
            0.1457363529965181,
            0.1437408582173433,
            0.14572303492451716,
            0.14966536121131832,
            0.14966536121131832,
            0.1596349648644566,
            0.15994210747522683,
            0.15994210747522683
        ],
        [
            0.5792741057816795,
            0.1489268618155717,
            0.1931565063619001,
            0.1931565063619001,
            0.18604789695122464,
            0.174401782275072,
            0.174401782275072,
            0.1782632620254569,
            0.17826478959792386,
            0.1782663171703908,
            0.1782663171703908,
            0.16172648639421905,
            0.1738051443416589,
            0.1718620339930944,
            0.14848167717479485,
            0.08725294046244983,
            0.08227612991777236,
            0.0,
            3.05514493388596e-06,
            0.18183298823465616,
            0.18183298823465616,
            0.18739858881293503,
            0.18740011638540197,
            0.18740011638540197,
            0.171389139750278,
            0.171389139750278,
            0.19083224607870394,
            0.18888794427759387,
            0.18888794427759387,
            0.19321324543058438,
            0.19515599019333285,
            0.19515751776579982,
            0.19515751776579982,
            0.19859876095936674,
            0.19756271655845276,
            0.19756271655845276,
            0.1956074199632114,
            0.1956074199632114,
            0.19111822368938644,
            0.18912272891021165,
            0.19110490561738547,
            0.19504723190418666,
            0.19504723190418666,
            0.20501683555732492,
            0.20532397816809517,
            0.20532397816809517
        ],
        [
            0.5792741057816795,
            0.1489268618155717,
            0.1931565063619001,
            0.1931565063619001,
            0.18604789695122464,
            0.174401782275072,
            0.174401782275072,
            0.1782632620254569,
            0.17826478959792386,
            0.1782663171703908,
            0.1782663171703908,
            0.16172648639421905,
            0.1738051443416589,
            0.1718620339930944,
            0.14848167717479485,
            0.08725294046244983,
            0.08227612991777236,
            3.05514493388596e-06,
            0.0,
            0.18183298823465616,
            0.18183298823465616,
            0.18739858881293503,
            0.18740011638540197,
            0.18740011638540197,
            0.171389139750278,
            0.171389139750278,
            0.19083224607870394,
            0.18888794427759387,
            0.18888794427759387,
            0.19321324543058438,
            0.19515599019333285,
            0.19515751776579982,
            0.19515751776579982,
            0.19859876095936674,
            0.19756271655845276,
            0.19756271655845276,
            0.1956074199632114,
            0.1956074199632114,
            0.19111822368938644,
            0.18912272891021165,
            0.19110490561738547,
            0.19504723190418666,
            0.19504723190418666,
            0.20501683555732492,
            0.20532397816809517,
            0.20532397816809517
        ],
        [
            0.4870000706542201,
            0.05665282668811222,
            0.10088247123444066,
            0.10088247123444066,
            0.09377386182376518,
            0.08212774714761256,
            0.08212774714761256,
            0.08598922689799746,
            0.08599075447046439,
            0.08599228204293133,
            0.08599228204293133,
            0.07545558350114034,
            0.08753424144858019,
            0.0855911311000157,
            0.0702191425110075,
            0.12925959451986277,
            0.13645111754178782,
            0.18183298823465616,
            0.18183298823465616,
            0.0,
            3.05514493388596e-06,
            0.08228654648844813,
            0.08228807406091508,
            0.08228807406091508,
            0.06628015257072499,
            0.06628015257072499,
            0.08572325889915094,
            0.08377895709804087,
            0.08377895709804087,
            0.08810425825103138,
            0.09004700301377987,
            0.09004853058624682,
            0.09004853058624682,
            0.09348977377981375,
            0.09245372937889976,
            0.09245372937889976,
            0.0904984327836584,
            0.0904984327836584,
            0.08600923650983344,
            0.08401374173065865,
            0.08599591843783248,
            0.08993824472463366,
            0.08993824472463366,
            0.09990784837777192,
            0.10021499098854217,
            0.10021499098854217
        ],
        [
            0.4870000706542201,
            0.05665282668811222,
            0.10088247123444066,
            0.10088247123444066,
            0.09377386182376518,
            0.08212774714761256,
            0.08212774714761256,
            0.08598922689799746,
            0.08599075447046439,
            0.08599228204293133,
            0.08599228204293133,
            0.07545558350114034,
            0.08753424144858019,
            0.0855911311000157,
            0.0702191425110075,
            0.12925959451986277,
            0.13645111754178782,
            0.18183298823465616,
            0.18183298823465616,
            3.05514493388596e-06,
            0.0,
            0.08228654648844813,
            0.08228807406091508,
            0.08228807406091508,
            0.06628015257072499,
            0.06628015257072499,
            0.08572325889915094,
            0.08377895709804087,
            0.08377895709804087,
            0.08810425825103138,
            0.09004700301377987,
            0.09004853058624682,
            0.09004853058624682,
            0.09348977377981375,
            0.09245372937889976,
            0.09245372937889976,
            0.0904984327836584,
            0.0904984327836584,
            0.08600923650983344,
            0.08401374173065865,
            0.08599591843783248,
            0.08993824472463366,
            0.08993824472463366,
            0.09990784837777192,
            0.10021499098854217,
            0.10021499098854217
        ],
        [
            0.49256567123249895,
            0.06221842726639109,
            0.10644807181271952,
            0.10644807181271952,
            0.09933946240204405,
            0.08769334772589142,
            0.08769334772589142,
            0.09155482747627632,
            0.09155635504874327,
            0.0915578826212102,
            0.0915578826212102,
            0.08102118407941922,
            0.09309984202685906,
            0.09115673167829458,
            0.07578474308928637,
            0.13482519509814164,
            0.1420167181200667,
            0.18739858881293503,
            0.18739858881293503,
            0.08228654648844813,
            0.08228654648844813,
            0.0,
            4.58271740082894e-06,
            4.58271740082894e-06,
            0.07184575314900386,
            0.07184575314900386,
            0.09128885947742982,
            0.08934455767631974,
            0.08934455767631974,
            0.09366985882931025,
            0.09561260359205873,
            0.09561413116452569,
            0.09561413116452569,
            0.09905537435809261,
            0.09801932995717863,
            0.09801932995717863,
            0.09606403336193728,
            0.09606403336193728,
            0.0915748370881123,
            0.08957934230893752,
            0.09156151901611134,
            0.09550384530291252,
            0.09550384530291252,
            0.10547344895605079,
            0.10578059156682104,
            0.10578059156682104
        ],
        [
            0.4925671988049659,
            0.06221995483885803,
            0.10644959938518647,
            0.10644959938518647,
            0.09934098997451099,
            0.08769487529835837,
            0.08769487529835837,
            0.09155635504874327,
            0.0915578826212102,
            0.09155941019367714,
            0.09155941019367714,
            0.08102271165188615,
            0.093101369599326,
            0.09115825925076151,
            0.07578627066175331,
            0.13482672267060858,
            0.14201824569253363,
            0.18740011638540197,
            0.18740011638540197,
            0.08228807406091508,
            0.08228807406091508,
            4.58271740082894e-06,
            0.0,
            3.05514493388596e-06,
            0.0718472807214708,
            0.0718472807214708,
            0.09129038704989675,
            0.08934608524878668,
            0.08934608524878668,
            0.09367138640177719,
            0.09561413116452568,
            0.09561565873699263,
            0.09561565873699263,
            0.09905690193055956,
            0.09802085752964557,
            0.09802085752964557,
            0.09606556093440421,
            0.09606556093440421,
            0.09157636466057925,
            0.08958086988140446,
            0.09156304658857829,
            0.09550537287537947,
            0.09550537287537947,
            0.10547497652851773,
            0.10578211913928798,
            0.10578211913928798
        ],
        [
            0.4925671988049659,
            0.06221995483885803,
            0.10644959938518647,
            0.10644959938518647,
            0.09934098997451099,
            0.08769487529835837,
            0.08769487529835837,
            0.09155635504874327,
            0.0915578826212102,
            0.09155941019367714,
            0.09155941019367714,
            0.08102271165188615,
            0.093101369599326,
            0.09115825925076151,
            0.07578627066175331,
            0.13482672267060858,
            0.14201824569253363,
            0.18740011638540197,
            0.18740011638540197,
            0.08228807406091508,
            0.08228807406091508,
            4.58271740082894e-06,
            3.05514493388596e-06,
            0.0,
            0.0718472807214708,
            0.0718472807214708,
            0.09129038704989675,
            0.08934608524878668,
            0.08934608524878668,
            0.09367138640177719,
            0.09561413116452568,
            0.09561565873699263,
            0.09561565873699263,
            0.09905690193055956,
            0.09802085752964557,
            0.09802085752964557,
            0.09606556093440421,
            0.09606556093440421,
            0.09157636466057925,
            0.08958086988140446,
            0.09156304658857829,
            0.09550537287537947,
            0.09550537287537947,
            0.10547497652851773,
            0.10578211913928798,
            0.10578211913928798
        ],
        [
            0.47655622216984195,
            0.04620897820373406,
            0.0904386227500625,
            0.0904386227500625,
            0.08333001333938703,
            0.0716838986632344,
            0.0716838986632344,
            0.07554537841361929,
            0.07554690598608624,
            0.07554843355855317,
            0.07554843355855317,
            0.06501173501676219,
            0.07709039296420203,
            0.07514728261563755,
            0.05977529402662934,
            0.11881574603548462,
            0.12600726905740967,
            0.171389139750278,
            0.171389139750278,
            0.06628015257072499,
            0.06628015257072499,
            0.07184575314900386,
            0.0718472807214708,
            0.0718472807214708,
            0.0,
            3.05514493388596e-06,
            0.04586367880039355,
            0.043919376999283465,
            0.043919376999283465,
            0.04824467815227398,
            0.05018742291502246,
            0.05018895048748941,
            0.05018895048748941,
            0.05363019368105635,
            0.05259414928014236,
            0.05259414928014236,
            0.05063885268490101,
            0.05063885268490101,
            0.04614965641107603,
            0.04415416163190125,
            0.04613633833907508,
            0.05007866462587625,
            0.05007866462587625,
            0.06004826827901452,
