{
    "NEXUS_FILE_URL": "http://purl.org/phylo/treebase/phylows/study/TB2:S11163",
    "NEWICK_TREE": "(1:0.7698865,((21:0.013631,(17:0.005998,((23:4.27E-4,25:0.002787):0.001427,(26:0.001129,(22:0.002156,24:4.25E-4):0.001158):0.0):0.003765):0.006911):0.114944,((20:0.004707,((13:0.001941,14:0.005061):0.002351,(12:6.4E-4,(15:0.001006,16:0.001881):8.22E-4):2.01E-4):0.003167):0.026145,((18:0.001696,19:0.002717):0.024253,((9:6.84E-4,10:0.001326):0.001935,((7:0.001046,11:0.001843):0.001443,((2:0.003583,8:0.001385):0.001133,(4:0.001496,(5:0.001451,(3:0.002213,6:0.001489):8.19E-4):6.09E-4):8.17E-4):0.002087):0.0):0.013604):0.014317):0.027875):0.7698865);",
    "DISTANCE_MATRIX": [
        [
            0.0,
            1.668348,
            1.667626,
            1.6672470000000001,
            1.669607,
            1.666522,
            1.668707,
            1.666976,
            1.5985,
            1.6012520000000001,
            1.6043720000000001,
            1.597801,
            1.598989,
            1.5998640000000002,
            1.607914,
            1.6089350000000002,
            1.598188,
            1.59883,
            1.598058,
            1.598855,
            1.602372,
            1.600174,
            1.5999690000000002,
            1.600533,
            1.602114,
            1.60139
        ],
        [
            1.668348,
            0.0,
            0.02654,
            0.026161,
            0.028521,
            0.025436,
            0.027621,
            0.02589,
            0.187302,
            0.190054,
            0.193174,
            0.186603,
            0.18779099999999999,
            0.188666,
            0.196716,
            0.197737,
            0.18699,
            0.187632,
            0.18686,
            0.187657,
            0.191174,
            0.18897599999999998,
            0.188771,
            0.18933499999999998,
            0.19091599999999997,
            0.19019199999999997
        ],
        [
            1.667626,
            0.02654,
            0.0,
            0.011617,
            0.013977,
            0.010891999999999999,
            0.013077,
            0.011346,
            0.18658,
            0.189332,
            0.192452,
            0.185881,
            0.18706899999999999,
            0.187944,
            0.195994,
            0.197015,
            0.186268,
            0.18691,
            0.186138,
            0.186935,
            0.190452,
            0.18825399999999998,
            0.188049,
            0.18861299999999998,
            0.19019399999999997,
            0.18946999999999997
        ],
        [
            1.6672470000000001,
            0.026161,
            0.011617,
            0.0,
            0.003214,
            0.0029830000000000004,
            0.005168000000000001,
            0.003437,
            0.186201,
            0.188953,
            0.192073,
            0.185502,
            0.18669000000000002,
            0.187565,
            0.19561499999999998,
            0.196636,
            0.185889,
            0.186531,
            0.185759,
            0.186556,
            0.190073,
            0.18787500000000001,
            0.18767,
            0.188234,
            0.189815,
            0.189091
        ],
        [
            1.669607,
            0.028521,
            0.013977,
            0.003214,
            0.0,
            0.005343,
            0.007528,
            0.005797,
            0.188561,
            0.191313,
            0.19443300000000002,
            0.187862,
            0.18905,
            0.189925,
            0.197975,
            0.198996,
            0.188249,
            0.188891,
            0.188119,
            0.188916,
            0.19243300000000002,
            0.190235,
            0.19003,
            0.19059399999999999,
            0.19217499999999998,
            0.19145099999999998
        ],
        [
            1.666522,
            0.025436,
            0.010891999999999999,
            0.0029830000000000004,
            0.005343,
            0.0,
            0.004443,
            0.002712,
            0.185476,
            0.188228,
            0.19134800000000002,
            0.184777,
            0.185965,
            0.18684,
            0.19489,
            0.195911,
            0.185164,
            0.185806,
            0.185034,
            0.185831,
            0.18934800000000002,
            0.18714999999999998,
            0.186945,
            0.18750899999999998,
            0.18908999999999998,
            0.18836599999999998
        ],
        [
            1.668707,
            0.027621,
            0.013077,
            0.005168000000000001,
            0.007528,
            0.004443,
            0.0,
            0.002581,
            0.187661,
            0.190413,
            0.193533,
            0.186962,
            0.18814999999999998,
            0.189025,
            0.197075,
            0.198096,
            0.187349,
            0.187991,
            0.187219,
            0.188016,
            0.191533,
            0.18933499999999998,
            0.18913,
            0.18969399999999997,
            0.19127499999999997,
            0.19055099999999997
        ],
        [
            1.666976,
            0.02589,
            0.011346,
            0.003437,
            0.005797,
            0.002712,
            0.002581,
            0.0,
            0.18593,
            0.18868200000000002,
            0.19180200000000003,
            0.185231,
            0.186419,
            0.18729400000000002,
            0.19534400000000002,
            0.196365,
            0.185618,
            0.18626,
            0.18548800000000001,
            0.186285,
            0.18980200000000003,
            0.187604,
            0.187399,
            0.187963,
            0.189544,
            0.18882
        ],
        [
            1.5985,
            0.187302,
            0.18658,
            0.186201,
            0.188561,
            0.185476,
            0.187661,
            0.18593,
            0.0,
            0.012166,
            0.015286000000000001,
            0.008715,
            0.009903,
            0.010778,
            0.071118,
            0.07213900000000001,
            0.061392,
            0.062034,
            0.061262,
            0.062059,
            0.06557600000000001,
            0.063378,
            0.063173,
            0.063737,
            0.065318,
            0.064594
        ],
        [
            1.6012520000000001,
            0.190054,
            0.189332,
            0.188953,
            0.191313,
            0.188228,
            0.190413,
            0.18868200000000002,
            0.012166,
            0.0,
            0.007002,
            0.0051329999999999995,
            0.006321,
            0.007196,
            0.07386999999999999,
            0.07489100000000001,
            0.064144,
            0.064786,
            0.064014,
            0.06481100000000001,
            0.068328,
            0.06613,
            0.06592500000000001,
            0.06648899999999999,
            0.06806999999999999,
            0.06734599999999999
        ],
        [
            1.6043720000000001,
            0.193174,
            0.192452,
            0.192073,
            0.19443300000000002,
            0.19134800000000002,
            0.193533,
            0.19180200000000003,
            0.015286000000000001,
            0.007002,
            0.0,
            0.008253,
            0.009441,
            0.010316,
            0.07699,
            0.078011,
            0.067264,
            0.067906,
            0.067134,
            0.06793099999999999,
            0.07144800000000001,
            0.06925,
            0.069045,
            0.069609,
            0.07119,
            0.070466
        ],
        [
            1.597801,
            0.186603,
            0.185881,
            0.185502,
            0.187862,
            0.184777,
            0.186962,
            0.185231,
            0.008715,
            0.0051329999999999995,
            0.008253,
            0.0,
            0.002468,
            0.003343,
            0.070419,
            0.07144,
            0.060693000000000004,
            0.061335,
            0.060563000000000006,
            0.06136,
            0.064877,
            0.062679,
            0.062474,
            0.063038,
            0.064619,
            0.063895
        ],
        [
            1.598989,
            0.18779099999999999,
            0.18706899999999999,
            0.18669000000000002,
            0.18905,
            0.185965,
            0.18814999999999998,
            0.186419,
            0.009903,
            0.006321,
            0.009441,
            0.002468,
            0.0,
            0.002887,
            0.071607,
            0.072628,
            0.061881000000000005,
            0.062523,
            0.061751,
            0.06254799999999999,
            0.06606500000000001,
            0.06386700000000001,
            0.063662,
            0.064226,
            0.065807,
            0.065083
        ],
        [
            1.5998640000000002,
            0.188666,
            0.187944,
            0.187565,
            0.189925,
            0.18684,
            0.189025,
            0.18729400000000002,
            0.010778,
            0.007196,
            0.010316,
            0.003343,
            0.002887,
            0.0,
            0.07248199999999999,
            0.07350300000000001,
            0.062756,
            0.063398,
            0.062626,
            0.06342300000000001,
            0.06694,
            0.064742,
            0.06453700000000001,
            0.06510099999999999,
            0.06668199999999999,
            0.06595799999999999
        ],
        [
            1.607914,
            0.196716,
            0.195994,
            0.19561499999999998,
            0.197975,
            0.19489,
            0.197075,
            0.19534400000000002,
            0.071118,
            0.07386999999999999,
            0.07699,
            0.070419,
            0.071607,
            0.07248199999999999,
            0.0,
            0.004413,
            0.042172,
            0.042814,
            0.042041999999999996,
            0.042839,
            0.046356,
            0.044158,
            0.043953,
            0.044517,
            0.046098,
            0.045374
        ],
        [
            1.6089350000000002,
            0.197737,
            0.197015,
            0.196636,
            0.198996,
            0.195911,
            0.198096,
            0.196365,
            0.07213900000000001,
            0.07489100000000001,
            0.078011,
            0.07144,
            0.072628,
            0.07350300000000001,
            0.004413,
            0.0,
            0.043193,
            0.043835,
            0.043063000000000004,
            0.043859999999999996,
            0.047377,
            0.045179,
            0.044974,
            0.045538,
            0.047119,
            0.046395
        ],
        [
            1.598188,
            0.18699,
            0.186268,
            0.185889,
            0.188249,
            0.185164,
            0.187349,
            0.185618,
            0.061392,
            0.064144,
            0.067264,
            0.060693000000000004,
            0.061881000000000005,
            0.062756,
            0.042172,
            0.043193,
            0.0,
            0.00201,
            0.005108,
            0.0059050000000000005,
            0.009422,
            0.0072239999999999995,
            0.007018999999999999,
            0.0075829999999999995,
            0.009164,
            0.00844
        ],
        [
            1.59883,
            0.187632,
            0.18691,
            0.186531,
            0.188891,
            0.185806,
            0.187991,
            0.18626,
            0.062034,
            0.064786,
            0.067906,
            0.061335,
            0.062523,
            0.063398,
            0.042814,
            0.043835,
            0.00201,
            0.0,
            0.00575,
            0.006547,
            0.010064,
            0.007866,
            0.007660999999999999,
            0.008225,
            0.009806,
            0.009082
        ],
        [
            1.598058,
            0.18686,
            0.186138,
            0.185759,
            0.188119,
            0.185034,
            0.187219,
            0.18548800000000001,
            0.061262,
            0.064014,
            0.067134,
            0.060563000000000006,
            0.061751,
            0.062626,
            0.042041999999999996,
            0.043063000000000004,
            0.005108,
            0.00575,
            0.0,
            0.002889,
            0.009292,
            0.007094,
            0.006888999999999999,
            0.0074529999999999996,
            0.009034,
            0.00831
        ],
        [
            1.598855,
            0.187657,
            0.186935,
            0.186556,
            0.188916,
            0.185831,
            0.188016,
            0.186285,
            0.062059,
            0.06481100000000001,
            0.06793099999999999,
            0.06136,
            0.06254799999999999,
            0.06342300000000001,
            0.042839,
            0.043859999999999996,
            0.0059050000000000005,
            0.006547,
            0.002889,
            0.0,
            0.010089,
            0.007890999999999999,
            0.007685999999999999,
            0.00825,
            0.009831,
            0.009107
        ],
        [
            1.602372,
            0.191174,
            0.190452,
            0.190073,
            0.19243300000000002,
            0.18934800000000002,
            0.191533,
            0.18980200000000003,
            0.06557600000000001,
            0.068328,
            0.07144800000000001,
            0.064877,
            0.06606500000000001,
            0.06694,
            0.046356,
            0.047377,
            0.009422,
            0.010064,
            0.009292,
            0.010089,
            0.0,
            0.004968,
            0.007029,
            0.007593,
            0.009174,
            0.00845
        ],
        [
            1.600174,
            0.18897599999999998,
            0.18825399999999998,
            0.18787500000000001,
            0.190235,
            0.18714999999999998,
            0.18933499999999998,
            0.187604,
            0.063378,
            0.06613,
            0.06925,
            0.062679,
            0.06386700000000001,
            0.064742,
            0.044158,
            0.045179,
            0.0072239999999999995,
            0.007866,
            0.007094,
            0.007890999999999999,
            0.004968,
            0.0,
            0.004831,
            0.0053950000000000005,
            0.0069759999999999996,
            0.006252000000000001
        ],
        [
            1.5999690000000002,
            0.188771,
            0.188049,
            0.18767,
            0.19003,
            0.186945,
            0.18913,
            0.187399,
            0.063173,
            0.06592500000000001,
            0.069045,
            0.062474,
            0.063662,
            0.06453700000000001,
            0.043953,
            0.044974,
            0.007018999999999999,
            0.007660999999999999,
            0.006888999999999999,
            0.007685999999999999,
            0.007029,
            0.004831,
            0.0,
            0.003556,
            0.005137,
            0.004413
        ],
        [
            1.600533,
            0.18933499999999998,
            0.18861299999999998,
            0.188234,
            0.19059399999999999,
            0.18750899999999998,
            0.18969399999999997,
            0.187963,
            0.063737,
            0.06648899999999999,
            0.069609,
            0.063038,
            0.064226,
            0.06510099999999999,
            0.044517,
            0.045538,
            0.0075829999999999995,
            0.008225,
            0.0074529999999999996,
            0.00825,
            0.007593,
            0.0053950000000000005,
            0.003556,
            0.0,
            0.004483,
            0.003759
        ],
        [
            1.602114,
            0.19091599999999997,
            0.19019399999999997,
            0.189815,
            0.19217499999999998,
            0.18908999999999998,
            0.19127499999999997,
            0.189544,
            0.065318,
            0.06806999999999999,
            0.07119,
            0.064619,
            0.065807,
            0.06668199999999999,
            0.046098,
            0.047119,
            0.009164,
            0.009806,
            0.009034,
            0.009831,
            0.009174,
            0.0069759999999999996,
            0.005137,
            0.004483,
            0.0,
            0.0037020000000000004
        ],
        [
            1.60139,
            0.19019199999999997,
            0.18946999999999997,
            0.189091,
            0.19145099999999998,
            0.18836599999999998,
            0.19055099999999997,
            0.18882,
            0.064594,
            0.06734599999999999,
            0.070466,
            0.063895,
            0.065083,
            0.06595799999999999,
            0.045374,
            0.046395,
            0.00844,
            0.009082,
            0.00831,
            0.009107,
            0.00845,
            0.006252000000000001,
            0.004413,
            0.003759,
            0.0037020000000000004,
            0.0
        ]
    ],
    "NODE_MAPPING": {
        "0": "1",
        "1": "21",
        "2": "17",
        "3": "23",
        "4": "25",
        "5": "26",
        "6": "22",
        "7": "24",
        "8": "20",
        "9": "13",
        "10": "14",
        "11": "12",
        "12": "15",
        "13": "16",
        "14": "18",
        "15": "19",
        "16": "9",
        "17": "10",
        "18": "7",
        "19": "11",
        "20": "2",
        "21": "8",
        "22": "4",
        "23": "5",
        "24": "3",
        "25": "6"
    }
}