{
    "NEXUS_FILE_URL": "http://purl.org/phylo/treebase/phylows/study/TB2:S11974",
    "NEWICK_TREE": "((1:0.14000152,2:0.16155262):0.09947163,(((20:1.0E-8,21:1.0E-8):0.0464343,((22:0.0031581,23:0.00624912):0.06253141,((31:1.0E-8,(29:1.0E-8,30:1.0E-8):1.0E-8):0.03425522,((32:0.01278205,33:3.449E-4):0.02348397,((24:0.02245765,34:0.04633262):0.00479552,(25:0.00160558,(26:1.0E-8,(27:1.0E-8,28:1.0E-8):1.0E-8):0.00396602):0.02656356):0.017084):0.01624367):0.02373233):0.04463065):0.12146509,((19:0.01761387,(17:1.0E-8,18:1.0E-8):0.02976951):0.06013675,(16:0.17871147,(((11:0.00719193,12:0.00187582):0.02288896,(13:0.00351976,(14:1.0E-8,15:1.0E-8):1.0E-8):0.0466569):0.04732463,((8:1.0E-8,9:1.0E-8):0.00870086,(10:0.02191356,((3:1.0E-8,4:1.0E-8):0.00172534,(6:0.00345218,(5:1.0E-8,7:0.00176954):0.00173302):0.00172511):0.00377328):0.00209545):0.00725366):0.08797731):0.03197511):0.03559936):0.09947163);",
    "DISTANCE_MATRIX": [
        [
            0.0,
            0.30155414,
            0.50684418,
            0.50684418,
            0.57073003,
            0.57382105,
            0.56302808,
            0.56302809,
            0.56302809,
            0.58128254,
            0.56884539,
            0.58935369,
            0.61322866,
            0.59026966,
            0.59263011,
            0.59263012,
            0.59263012,
            0.45229476,
            0.46445041,
            0.46445041,
            0.58523072,
            0.57190208,
            0.56658597,
            0.59199785,
            0.58847811,
            0.58847811,
            0.51045109,
            0.51045109,
            0.52575923,
            0.5093443,
            0.5093443,
            0.51279624,
            0.51107709,
            0.51284662
        ],
        [
            0.30155414,
            0.0,
            0.52839528,
            0.52839528,
            0.5922811299999999,
            0.59537215,
            0.58457918,
            0.58457919,
            0.58457919,
            0.6028336400000001,
            0.59039649,
            0.61090479,
            0.63477976,
            0.6118207600000001,
            0.6141812099999999,
            0.6141812200000001,
            0.6141812200000001,
            0.47384586,
            0.48600151,
            0.48600151,
            0.60678182,
            0.59345318,
            0.5881370699999999,
            0.61354895,
            0.61002921,
            0.61002921,
            0.53200219,
            0.53200219,
            0.54731033,
            0.5308954,
            0.5308954,
            0.5343473400000001,
            0.5326281900000001,
            0.5343977200000001
        ],
        [
            0.50684418,
            0.52839528,
            0.0,
            2e-08,
            0.15675447,
            0.15984549,
            0.14905252000000002,
            0.14905253000000002,
            0.14905253000000002,
            0.16730698,
            0.15486983,
            0.17537813,
            0.1992531,
            0.1762941,
            0.17865455,
            0.17865456,
            0.17865456,
            0.28124938,
            0.29340503,
            0.29340503,
            0.41418534,
            0.4008567,
            0.39554058999999997,
            0.42095247,
            0.41743273000000003,
            0.41743273000000003,
            0.33940570999999997,
            0.33940570999999997,
            0.35471385,
            0.33829892,
            0.33829892,
            0.34175086,
            0.34003171,
            0.34180124
        ],
        [
            0.50684418,
            0.52839528,
            2e-08,
            0.0,
            0.15675447,
            0.15984549,
            0.14905252000000002,
            0.14905253000000002,
            0.14905253000000002,
            0.16730698,
            0.15486983,
            0.17537813,
            0.1992531,
            0.1762941,
            0.17865455,
            0.17865456,
            0.17865456,
            0.28124938,
            0.29340503,
            0.29340503,
            0.41418534,
            0.4008567,
            0.39554058999999997,
            0.42095247,
            0.41743273000000003,
            0.41743273000000003,
            0.33940570999999997,
            0.33940570999999997,
            0.35471385,
            0.33829892,
            0.33829892,
            0.34175086,
            0.34003171,
            0.34180124
        ],
        [
            0.57073003,
            0.5922811299999999,
            0.15675447,
            0.15675447,
            0.0,
            0.00940722,
            0.12367707,
            0.12367708,
            0.12367708,
            0.14193152999999997,
            0.12949438,
            0.15000268,
            0.17387765,
            0.15091865,
            0.1532791,
            0.15327911,
            0.15327911,
            0.34513523,
            0.35729088,
            0.35729088,
            0.47807119,
            0.46474255,
            0.45942644,
            0.48483832,
            0.48131858,
            0.48131858,
            0.40329156,
            0.40329156,
            0.4185997,
            0.40218476999999997,
            0.40218476999999997,
            0.40563671,
            0.40391756,
            0.40568709000000003
        ],
        [
            0.57382105,
            0.59537215,
            0.15984549,
            0.15984549,
            0.00940722,
            0.0,
            0.12676809,
            0.1267681,
            0.1267681,
            0.14502254999999997,
            0.1325854,
            0.1530937,
            0.17696867,
            0.15400967,
            0.15637012,
            0.15637013,
            0.15637013,
            0.34822625,
            0.36038190000000003,
            0.36038190000000003,
            0.48116221000000003,
            0.46783357000000003,
            0.46251746,
            0.48792934,
            0.4844096,
            0.4844096,
            0.40638258,
            0.40638258,
            0.42169071999999996,
            0.40527579,
            0.40527579,
            0.40872772999999996,
            0.40700858,
            0.40877811
        ],
        [
            0.56302808,
            0.58457918,
            0.14905252000000002,
            0.14905252000000002,
            0.12367707,
            0.12676809,
            0.0,
            3.0000000000000004e-08,
            3.0000000000000004e-08,
            0.08676492,
            0.07432777000000002,
            0.09483607,
            0.11871103999999999,
            0.09575204000000001,
            0.09811249,
            0.09811249999999999,
            0.09811249999999999,
            0.33743328,
            0.34958893,
            0.34958893,
            0.47036924,
            0.4570406,
            0.45172449000000003,
            0.47713637,
            0.47361663,
            0.47361663,
            0.39558961000000004,
            0.39558961000000004,
            0.41089775,
            0.39448282,
            0.39448282,
            0.39793476,
            0.39621561000000005,
            0.39798514
        ],
        [
            0.56302809,
            0.58457919,
            0.14905253000000002,
            0.14905253000000002,
            0.12367708,
            0.1267681,
            3.0000000000000004e-08,
            0.0,
            2e-08,
            0.08676493,
            0.07432778000000001,
            0.09483608,
            0.11871105,
            0.09575205,
            0.0981125,
            0.09811251,
            0.09811251,
            0.33743329,
            0.34958894,
            0.34958894,
            0.47036925,
            0.45704061,
            0.4517245,
            0.47713638,
            0.47361664000000003,
            0.47361664000000003,
            0.39558962,
            0.39558962,
            0.41089776,
            0.39448283,
            0.39448283,
            0.39793477,
            0.39621562,
            0.39798515
        ],
        [
            0.56302809,
            0.58457919,
            0.14905253000000002,
            0.14905253000000002,
            0.12367708,
            0.1267681,
            3.0000000000000004e-08,
            2e-08,
            0.0,
            0.08676493,
            0.07432778000000001,
            0.09483608,
            0.11871105,
            0.09575205,
            0.0981125,
            0.09811251,
            0.09811251,
            0.33743329,
            0.34958894,
            0.34958894,
            0.47036925,
            0.45704061,
            0.4517245,
            0.47713638,
            0.47361664000000003,
            0.47361664000000003,
            0.39558962,
            0.39558962,
            0.41089776,
            0.39448283,
            0.39448283,
            0.39793477,
            0.39621562,
            0.39798515
        ],
        [
            0.58128254,
            0.6028336400000001,
            0.16730698,
            0.16730698,
            0.14193152999999997,
            0.14502254999999997,
            0.08676492,
            0.08676493,
            0.08676493,
            0.0,
            0.01312695,
            0.08060318999999999,
            0.10447815999999999,
            0.08151916,
            0.08387961,
            0.08387961999999999,
            0.08387961999999999,
            0.35568774,
            0.36784339,
            0.36784339,
            0.4886237,
            0.47529506,
            0.46997895,
            0.49539082999999995,
            0.49187108999999996,
            0.49187108999999996,
            0.41384407,
            0.41384407,
            0.42915221,
            0.41273728,
            0.41273728,
            0.41618921999999997,
            0.41447007,
            0.4162396
        ],
        [
            0.56884539,
            0.59039649,
            0.15486983,
            0.15486983,
            0.12949438,
            0.1325854,
            0.07432777000000002,
            0.07432778000000001,
            0.07432778000000001,
            0.01312695,
            0.0,
            0.06816604,
            0.09204100999999999,
            0.06908201,
            0.07144246,
            0.07144247,
            0.07144247,
            0.34325059,
            0.35540624,
            0.35540624,
            0.47618655,
            0.46285791,
            0.4575418,
            0.48295368,
            0.47943394,
            0.47943394,
            0.40140692,
            0.40140692,
            0.41671506,
            0.40030013,
            0.40030013,
            0.40375207,
            0.40203292,
            0.40380245000000003
        ],
        [
            0.58935369,
            0.61090479,
            0.17537813,
            0.17537813,
            0.15000268,
            0.1530937,
            0.09483607,
            0.09483608,
            0.09483608,
            0.08060318999999999,
            0.06816604,
            0.0,
            0.06879027,
            0.05542231,
            0.05778276,
            0.05778277,
            0.05778277,
            0.36375889,
            0.37591454,
            0.37591454,
            0.49669485,
            0.48336621,
            0.4780501,
            0.50346198,
            0.49994224,
            0.49994224,
            0.42191522,
            0.42191522,
            0.43722335999999995,
            0.42080843,
            0.42080843,
            0.42426036999999994,
            0.42254122,
            0.42431074999999996
        ],
        [
            0.61322866,
            0.63477976,
            0.1992531,
            0.1992531,
            0.17387765,
            0.17696867,
            0.11871103999999999,
            0.11871105,
            0.11871105,
            0.10447815999999999,
            0.09204100999999999,
            0.06879027,
            0.0,
            0.07929728,
            0.08165773,
            0.08165773999999999,
            0.08165773999999999,
            0.38763386,
            0.39978950999999996,
            0.39978950999999996,
            0.52056982,
            0.50724118,
            0.50192507,
            0.52733695,
            0.52381721,
            0.52381721,
            0.44579019,
            0.44579019,
            0.46109833,
            0.44468339999999995,
            0.44468339999999995,
            0.44813534,
            0.44641619,
            0.44818572
        ],
        [
            0.59026966,
            0.6118207600000001,
            0.1762941,
            0.1762941,
            0.15091865,
            0.15400967,
            0.09575204000000001,
            0.09575205,
            0.09575205,
            0.08151916,
            0.06908201,
            0.05542231,
            0.07929728,
            0.0,
            0.005571609999999999,
            0.005571619999999999,
            0.005571619999999999,
            0.36467486,
            0.37683051,
            0.37683051,
            0.49761082,
            0.48428218,
            0.47896606999999997,
            0.50437795,
            0.50085821,
            0.50085821,
            0.42283118999999997,
            0.42283118999999997,
            0.43813932999999994,
            0.4217244,
            0.4217244,
            0.42517633999999993,
            0.42345719,
            0.42522671999999995
        ],
        [
            0.59263011,
            0.6141812099999999,
            0.17865455,
            0.17865455,
            0.1532791,
            0.15637012,
            0.09811249,
            0.0981125,
            0.0981125,
            0.08387961,
            0.07144246,
            0.05778276,
            0.08165773,
            0.005571609999999999,
            0.0,
            3.0000000000000004e-08,
            3.0000000000000004e-08,
            0.36703531,
            0.37919095999999997,
            0.37919095999999997,
            0.49997126999999997,
            0.48664262999999996,
            0.48132652,
            0.5067383999999999,
            0.5032186599999999,
            0.5032186599999999,
            0.42519164,
            0.42519164,
            0.44049978,
            0.42408484999999996,
            0.42408484999999996,
            0.42753679,
            0.42581764,
            0.42758717
        ],
        [
            0.59263012,
            0.6141812200000001,
            0.17865456,
            0.17865456,
            0.15327911,
            0.15637013,
            0.09811249999999999,
            0.09811251,
            0.09811251,
            0.08387961999999999,
            0.07144247,
            0.05778277,
            0.08165773999999999,
            0.005571619999999999,
            3.0000000000000004e-08,
            0.0,
            2e-08,
            0.36703532,
            0.37919097,
            0.37919097,
            0.49997128,
            0.48664264,
            0.48132653,
            0.50673841,
            0.50321867,
            0.50321867,
            0.42519165,
            0.42519165,
            0.44049978999999995,
            0.42408486,
            0.42408486,
            0.42753679999999994,
            0.42581765,
            0.42758717999999996
        ],
        [
            0.59263012,
            0.6141812200000001,
            0.17865456,
            0.17865456,
            0.15327911,
            0.15637013,
            0.09811249999999999,
            0.09811251,
            0.09811251,
            0.08387961999999999,
            0.07144247,
            0.05778277,
            0.08165773999999999,
            0.005571619999999999,
            3.0000000000000004e-08,
            2e-08,
            0.0,
            0.36703532,
            0.37919097,
            0.37919097,
            0.49997128,
            0.48664264,
            0.48132653,
            0.50673841,
            0.50321867,
            0.50321867,
            0.42519165,
            0.42519165,
            0.44049978999999995,
            0.42408486,
            0.42408486,
            0.42753679999999994,
            0.42581765,
            0.42758717999999996
        ],
        [
            0.45229476,
            0.47384586,
            0.28124938,
            0.28124938,
            0.34513523,
            0.34822625,
            0.33743328,
            0.33743329,
            0.33743329,
            0.35568774,
            0.34325059,
            0.36375889,
            0.38763386,
            0.36467486,
            0.36703531,
            0.36703532,
            0.36703532,
            0.0,
            0.04738339,
            0.04738339,
            0.2884372,
            0.27510856,
            0.26979245,
            0.29520433,
            0.29168459,
            0.29168459,
            0.21365757000000002,
            0.21365757000000002,
            0.22896571,
            0.21255078,
            0.21255078,
            0.21600271999999998,
            0.21428357000000003,
            0.2160531
        ],
        [
            0.46445041,
            0.48600151,
            0.29340503,
            0.29340503,
            0.35729088,
            0.36038190000000003,
            0.34958893,
            0.34958894,
            0.34958894,
            0.36784339,
            0.35540624,
            0.37591454,
            0.39978950999999996,
            0.37683051,
            0.37919095999999997,
            0.37919097,
            0.37919097,
            0.04738339,
            0.0,
            2e-08,
            0.30059285,
            0.28726421,
            0.28194810000000003,
            0.30735998,
            0.30384024,
            0.30384024,
            0.22581322,
            0.22581322,
            0.24112136,
            0.22470643,
            0.22470643,
            0.22815837,
            0.22643922000000002,
            0.22820875000000002
        ],
        [
            0.46445041,
            0.48600151,
            0.29340503,
            0.29340503,
            0.35729088,
            0.36038190000000003,
            0.34958893,
            0.34958894,
            0.34958894,
            0.36784339,
            0.35540624,
            0.37591454,
            0.39978950999999996,
            0.37683051,
            0.37919095999999997,
            0.37919097,
            0.37919097,
            0.04738339,
            2e-08,
            0.0,
            0.30059285,
            0.28726421,
            0.28194810000000003,
            0.30735998,
            0.30384024,
            0.30384024,
            0.22581322,
            0.22581322,
            0.24112136,
            0.22470643,
            0.22470643,
            0.22815837,
            0.22643922000000002,
            0.22820875000000002
        ],
        [
            0.58523072,
            0.60678182,
            0.41418534,
            0.41418534,
            0.47807119,
            0.48116221000000003,
            0.47036924,
            0.47036925,
            0.47036925,
            0.4886237,
            0.47618655,
            0.49669485,
            0.52056982,
            0.49761082,
            0.49997126999999997,
            0.49997128,
            0.49997128,
            0.2884372,
            0.30059285,
            0.30059285,
            0.0,
            0.3440943,
            0.33877819,
            0.36419007000000003,
            0.36067033000000004,
            0.36067033000000004,
            0.28264331,
            0.28264331,
            0.29795145,
            0.28153652,
            0.28153652,
            0.28498846,
            0.28326931,
            0.28503884
        ],
        [
            0.57190208,
            0.59345318,
            0.4008567,
            0.4008567,
            0.46474255,
            0.46783357000000003,
            0.4570406,
            0.45704061,
            0.45704061,
            0.47529506,
            0.46285791,
            0.48336621,
            0.50724118,
            0.48428218,
            0.48664262999999996,
            0.48664264,
            0.48664264,
            0.27510856,
            0.28726421,
            0.28726421,
            0.3440943,
            0.0,
            0.00906775,
            0.08025755,
            0.07673781,
            0.07673781,
            0.09336005,
            0.09336005,
            0.10866819,
            0.09225326,
            0.09225326,
            0.0957052,
            0.09398605000000002,
            0.09575558
        ],
        [
            0.56658597,
            0.5881370699999999,
            0.39554058999999997,
            0.39554058999999997,
            0.45942644,
            0.46251746,
            0.45172449000000003,
            0.4517245,
            0.4517245,
            0.46997895,
            0.4575418,
            0.4780501,
            0.50192507,
            0.47896606999999997,
            0.48132652,
            0.48132653,
            0.48132653,
            0.26979245,
            0.28194810000000003,
            0.28194810000000003,
            0.33877819,
            0.00906775,
            0.0,
            0.07494144,
            0.0714217,
            0.0714217,
            0.08804393999999999,
            0.08804393999999999,
            0.10335207999999999,
            0.08693714999999999,
            0.08693714999999999,
            0.09038908999999999,
            0.08866994,
            0.09043947
        ],
        [
            0.59199785,
            0.61354895,
            0.42095247,
            0.42095247,
            0.48483832,
            0.48792934,
            0.47713637,
            0.47713638,
            0.47713638,
            0.49539082999999995,
            0.48295368,
            0.50346198,
            0.52733695,
            0.50437795,
            0.5067383999999999,
            0.50673841,
            0.50673841,
            0.29520433,
            0.30735998,
            0.30735998,
            0.36419007000000003,
            0.08025755,
            0.07494144,
            0.0,
            0.0035197799999999997,
            0.0035197799999999997,
            0.11345581999999999,
            0.11345581999999999,
            0.12876395999999998,
            0.11234902999999999,
            0.11234902999999999,
            0.11580096999999999,
            0.11408182,
            0.11585134999999999
        ],
        [
            0.58847811,
            0.61002921,
            0.41743273000000003,
            0.41743273000000003,
            0.48131858,
            0.4844096,
            0.47361663,
            0.47361664000000003,
            0.47361664000000003,
            0.49187108999999996,
            0.47943394,
            0.49994224,
            0.52381721,
            0.50085821,
            0.5032186599999999,
            0.50321867,
            0.50321867,
            0.29168459,
            0.30384024,
            0.30384024,
            0.36067033000000004,
            0.07673781,
            0.0714217,
            0.0035197799999999997,
            0.0,
            2e-08,
            0.10993607999999999,
            0.10993607999999999,
            0.12524422,
            0.10882929,
            0.10882929,
            0.11228123,
            0.11056208000000001,
            0.11233161
        ],
        [
            0.58847811,
            0.61002921,
            0.41743273000000003,
            0.41743273000000003,
            0.48131858,
            0.4844096,
            0.47361663,
            0.47361664000000003,
            0.47361664000000003,
            0.49187108999999996,
            0.47943394,
            0.49994224,
            0.52381721,
            0.50085821,
            0.5032186599999999,
            0.50321867,
            0.50321867,
            0.29168459,
            0.30384024,
            0.30384024,
            0.36067033000000004,
            0.07673781,
            0.0714217,
            0.0035197799999999997,
            2e-08,
            0.0,
            0.10993607999999999,
            0.10993607999999999,
            0.12524422,
            0.10882929,
            0.10882929,
            0.11228123,
            0.11056208000000001,
            0.11233161
        ],
        [
            0.51045109,
            0.53200219,
            0.33940570999999997,
            0.33940570999999997,
            0.40329156,
            0.40638258,
            0.39558961000000004,
            0.39558962,
            0.39558962,
            0.41384407,
            0.40140692,
            0.42191522,
            0.44579019,
            0.42283118999999997,
            0.42519164,
            0.42519165,
            0.42519165,
            0.21365757000000002,
            0.22581322,
            0.22581322,
            0.28264331,
            0.09336005,
            0.08804393999999999,
            0.11345581999999999,
            0.10993607999999999,
            0.10993607999999999,
            0.0,
            2e-08,
            0.03270988,
            0.01629495,
            0.01629495,
            0.01974689,
            0.01802774,
            0.01979727
        ],
        [
            0.51045109,
            0.53200219,
            0.33940570999999997,
            0.33940570999999997,
            0.40329156,
            0.40638258,
            0.39558961000000004,
            0.39558962,
            0.39558962,
            0.41384407,
            0.40140692,
            0.42191522,
            0.44579019,
            0.42283118999999997,
            0.42519164,
            0.42519165,
            0.42519165,
            0.21365757000000002,
            0.22581322,
            0.22581322,
            0.28264331,
            0.09336005,
            0.08804393999999999,
            0.11345581999999999,
            0.10993607999999999,
            0.10993607999999999,
            2e-08,
            0.0,
            0.03270988,
            0.01629495,
            0.01629495,
            0.01974689,
            0.01802774,
            0.01979727
        ],
        [
            0.52575923,
            0.54731033,
            0.35471385,
            0.35471385,
            0.4185997,
            0.42169071999999996,
            0.41089775,
            0.41089776,
            0.41089776,
            0.42915221,
            0.41671506,
            0.43722335999999995,
            0.46109833,
            0.43813932999999994,
            0.44049978,
            0.44049978999999995,
            0.44049978999999995,
            0.22896571,
            0.24112136,
            0.24112136,
            0.29795145,
            0.10866819,
            0.10335207999999999,
            0.12876395999999998,
            0.12524422,
            0.12524422,
            0.03270988,
            0.03270988,
            0.0,
            0.02741219,
            0.02741219,
            0.030864129999999997,
            0.02914498,
            0.03091451
        ],
        [
            0.5093443,
            0.5308954,
            0.33829892,
            0.33829892,
            0.40218476999999997,
            0.40527579,
            0.39448282,
            0.39448283,
            0.39448283,
            0.41273728,
            0.40030013,
            0.42080843,
            0.44468339999999995,
            0.4217244,
            0.42408484999999996,
            0.42408486,
            0.42408486,
            0.21255078,
            0.22470643,
            0.22470643,
            0.28153652,
            0.09225326,
            0.08693714999999999,
            0.11234902999999999,
            0.10882929,
            0.10882929,
            0.01629495,
            0.01629495,
            0.02741219,
            0.0,
            2e-08,
            0.00690264,
            0.00518349,
            0.00695302
        ],
        [
            0.5093443,
            0.5308954,
            0.33829892,
            0.33829892,
            0.40218476999999997,
            0.40527579,
            0.39448282,
            0.39448283,
            0.39448283,
            0.41273728,
            0.40030013,
            0.42080843,
            0.44468339999999995,
            0.4217244,
            0.42408484999999996,
            0.42408486,
            0.42408486,
            0.21255078,
            0.22470643,
            0.22470643,
            0.28153652,
            0.09225326,
            0.08693714999999999,
            0.11234902999999999,
            0.10882929,
            0.10882929,
            0.01629495,
            0.01629495,
            0.02741219,
            2e-08,
            0.0,
            0.00690264,
            0.00518349,
            0.00695302
        ],
        [
            0.51279624,
            0.5343473400000001,
            0.34175086,
            0.34175086,
            0.40563671,
            0.40872772999999996,
            0.39793476,
            0.39793477,
            0.39793477,
            0.41618921999999997,
            0.40375207,
            0.42426036999999994,
            0.44813534,
            0.42517633999999993,
            0.42753679,
            0.42753679999999994,
            0.42753679999999994,
            0.21600271999999998,
            0.22815837,
            0.22815837,
            0.28498846,
            0.0957052,
            0.09038908999999999,
            0.11580096999999999,
            0.11228123,
            0.11228123,
            0.01974689,
            0.01974689,
            0.030864129999999997,
            0.00690264,
            0.00690264,
            0.0,
            0.00518521,
            0.00695474
        ],
        [
            0.51107709,
            0.5326281900000001,
            0.34003171,
            0.34003171,
            0.40391756,
            0.40700858,
            0.39621561000000005,
            0.39621562,
            0.39621562,
            0.41447007,
            0.40203292,
            0.42254122,
            0.44641619,
            0.42345719,
            0.42581764,
            0.42581765,
            0.42581765,
            0.21428357000000003,
            0.22643922000000002,
            0.22643922000000002,
            0.28326931,
            0.09398605000000002,
            0.08866994,
            0.11408182,
            0.11056208000000001,
            0.11056208000000001,
            0.01802774,
            0.01802774,
            0.02914498,
            0.00518349,
            0.00518349,
            0.00518521,
            0.0,
            0.00176955
        ],
        [
            0.51284662,
            0.5343977200000001,
            0.34180124,
            0.34180124,
            0.40568709000000003,
            0.40877811,
            0.39798514,
            0.39798515,
            0.39798515,
            0.4162396,
            0.40380245000000003,
            0.42431074999999996,
            0.44818572,
            0.42522671999999995,
            0.42758717,
            0.42758717999999996,
            0.42758717999999996,
            0.2160531,
            0.22820875000000002,
            0.22820875000000002,
            0.28503884,
            0.09575558,
            0.09043947,
            0.11585134999999999,
            0.11233161,
            0.11233161,
            0.01979727,
            0.01979727,
            0.03091451,
            0.00695302,
            0.00695302,
            0.00695474,
            0.00176955,
            0.0
        ]
    ],
    "NODE_MAPPING": {
        "0": "1",
        "1": "2",
        "2": "20",
        "3": "21",
        "4": "22",
        "5": "23",
        "6": "31",
        "7": "29",
        "8": "30",
        "9": "32",
        "10": "33",
        "11": "24",
        "12": "34",
        "13": "25",
        "14": "26",
        "15": "27",
        "16": "28",
        "17": "19",
        "18": "17",
        "19": "18",
        "20": "16",
        "21": "11",
        "22": "12",
        "23": "13",
        "24": "14",
        "25": "15",
        "26": "8",
        "27": "9",
        "28": "10",
        "29": "3",
        "30": "4",
        "31": "6",
        "32": "5",
        "33": "7"
    }
}