{
    "NEXUS_FILE_URL": "http://purl.org/phylo/treebase/phylows/study/TB2:S15442",
    "NEWICK_TREE": "(1:1.69793,5:0.3090635,((2:0.03096986,3:0.1162091,4:0.03860169,(((7:0.2060773,8:0.1615843,10:0.03033596,15:0.1158097,28:0.07033717,32:0.07228377,41:0.03077675):0.07354921,(29:0.03020578,34:0.03086138,36:0.07232631):0.1288502):0.09162583,11:0.03132703,16:0.03123802):0.07113532,((12:0.03028068,14:0.07327241,(23:0.03131133,26:0.03001864):0.1156792):0.1176337,20:0.03056493,22:0.03193815):0.07145347,13:0.072788,19:0.02954389,21:0.02993966,24:0.03083428,30:0.02923256,31:0.02960335,33:0.06981638,35:0.0736418):0.08558274,(6:0.03025431,9:0.1260515,17:0.1578895,18:0.07098541,25:0.115612,27:0.1156457,37:0.07144296,38:0.03036927,39:0.02937241,40:0.02978626,42:0.07248142):0.08658158):0.3570309);",
    "DISTANCE_MATRIX": [
        [
            0.0,
            2.0069935,
            2.1715135,
            2.25675274,
            2.17914533,
            2.5829313000000003,
            2.5384383,
            2.40718996,
            2.4926637,
            2.44719117,
            2.44913777,
            2.40763075,
            2.46236077,
            2.46301637,
            2.5044813,
            2.24300599,
            2.24291698,
            2.35991149,
            2.40290322,
            2.47662134,
            2.47532865,
            2.24256204,
            2.2439352599999998,
            2.21333164,
            2.17008753,
            2.1704833,
            2.17137792,
            2.1697762,
            2.17014699,
            2.21036002,
            2.21418544,
            2.17179679,
            2.26759398,
            2.29943198,
            2.21252789,
            2.25715448,
            2.25718818,
            2.2129854399999997,
            2.17191175,
            2.1709148899999997,
            2.17132874,
            2.2140239
        ],
        [
            2.0069935,
            0.0,
            0.782647,
            0.86788624,
            0.79027883,
            1.1940648,
            1.1495718,
            1.01832346,
            1.1037972,
            1.05832467,
            1.0602712699999999,
            1.01876425,
            1.0734942699999999,
            1.0741498699999998,
            1.1156148,
            0.8541394899999999,
            0.85405048,
            0.97104499,
            1.01403672,
            1.08775484,
            1.08646215,
            0.8536955399999999,
            0.85506876,
            0.82446514,
            0.78122103,
            0.7816167999999999,
            0.7825114200000001,
            0.7809097,
            0.78128049,
            0.82149352,
            0.8253189400000001,
            0.7829302899999999,
            0.87872748,
            0.91056548,
            0.82366139,
            0.8682879800000001,
            0.86832168,
            0.82411894,
            0.78304525,
            0.7820483899999999,
            0.78246224,
            0.8251573999999999
        ],
        [
            2.1715135,
            0.782647,
            0.0,
            0.14717896,
            0.06957155,
            0.47335752000000003,
            0.42886452,
            0.29761618,
            0.38308992000000003,
            0.33761739,
            0.33956399000000004,
            0.29805697000000003,
            0.35278699,
            0.35344259,
            0.39490752,
            0.13343221,
            0.1333432,
            0.25033771,
            0.29332944,
            0.36704756000000005,
            0.36575487,
            0.13298826,
            0.13436148,
            0.10375786000000001,
            0.06051375,
            0.060909519999999995,
            0.061804139999999994,
            0.06020242,
            0.06057321,
            0.10078624,
            0.10461166,
            0.23338849,
            0.32918568000000004,
            0.36102368,
            0.27411959,
            0.31874618,
            0.31877988,
            0.27457714,
            0.23350345,
            0.23250659,
            0.23292044,
            0.2756156
        ],
        [
            2.25675274,
            0.86788624,
            0.14717896,
            0.0,
            0.15481079,
            0.55859676,
            0.51410376,
            0.38285542,
            0.46832916,
            0.42285663,
            0.42480323000000003,
            0.38329621,
            0.43802623,
            0.43868183,
            0.48014676,
            0.21867145,
            0.21858244,
            0.33557695,
            0.37856868,
            0.45228680000000004,
            0.45099411,
            0.21822750000000002,
            0.21960072,
            0.1889971,
            0.14575299,
            0.14614876,
            0.14704338,
            0.14544166,
            0.14581244999999998,
            0.18602548,
            0.1898509,
            0.31862773,
            0.41442492000000003,
            0.44626292,
            0.35935883,
            0.40398542000000004,
            0.40401912,
            0.35981638,
            0.31874269,
            0.31774583,
            0.31815968,
            0.36085484
        ],
        [
            2.17914533,
            0.79027883,
            0.06957155,
            0.15481079,
            0.0,
            0.48098935000000004,
            0.43649635000000003,
            0.30524801,
            0.39072175000000003,
            0.34524922,
            0.34719582000000004,
            0.30568880000000004,
            0.36041882000000003,
            0.36107442,
            0.40253935,
            0.14106404,
            0.14097503,
            0.25796954,
            0.30096127,
            0.37467939000000006,
            0.3733867,
            0.14062009,
            0.14199331,
            0.11138969000000001,
            0.06814558,
            0.06854135,
            0.06943597,
            0.06783425,
            0.06820504,
            0.10841807,
            0.11224349,
            0.24102032,
            0.33681751000000004,
            0.36865551,
            0.28175142000000003,
            0.32637801,
            0.32641171,
            0.28220897,
            0.24113528,
            0.24013842000000002,
            0.24055227,
            0.28324743
        ],
        [
            2.5829313000000003,
            1.1940648,
            0.47335752000000003,
            0.55859676,
            0.48098935000000004,
            0.0,
            0.3676616,
            0.23641326,
            0.321887,
            0.27641446999999997,
            0.27836107,
            0.23685404999999998,
            0.43868249,
            0.43933809,
            0.48080301999999997,
            0.40257937,
            0.40249036,
            0.66175551,
            0.70474724,
            0.77846536,
            0.77717267,
            0.54440606,
            0.54577928,
            0.51517566,
            0.47193155000000003,
            0.47232732,
            0.47322194,
            0.47162022000000003,
            0.47199101,
            0.51220404,
            0.51602946,
            0.64480629,
            0.7406034800000001,
            0.7724414800000001,
            0.6855373900000001,
            0.73016398,
            0.7301976800000001,
            0.68599494,
            0.6449212500000001,
            0.64392439,
            0.6443382400000001,
            0.6870334
        ],
        [
            2.5384383,
            1.1495718,
            0.42886452,
            0.51410376,
            0.43649635000000003,
            0.3676616,
            0.0,
            0.19192025999999998,
            0.277394,
            0.23192147,
            0.23386806999999998,
            0.19236104999999998,
            0.39418949,
            0.39484509,
            0.43631001999999997,
            0.35808637,
            0.35799736,
            0.61726251,
            0.66025424,
            0.7339723600000001,
            0.73267967,
            0.49991306,
            0.50128628,
            0.47068266000000003,
            0.42743855000000003,
            0.42783432,
            0.42872894,
            0.42712722000000003,
            0.42749801,
            0.46771104,
            0.47153646,
            0.60031329,
            0.69611048,
            0.72794848,
            0.64104439,
            0.68567098,
            0.68570468,
            0.6415019399999999,
            0.60042825,
            0.59943139,
            0.5998452400000001,
            0.6425404
        ],
        [
            2.40718996,
            1.01832346,
            0.29761618,
            0.38285542,
            0.30524801,
            0.23641326,
            0.19192025999999998,
            0.0,
            0.14614566,
            0.10067313,
            0.10261972999999999,
            0.06111271,
            0.26294114999999996,
            0.26359675,
            0.30506168,
            0.22683803,
            0.22674902,
            0.48601416999999997,
            0.5290059,
            0.60272402,
            0.60143133,
            0.36866472,
            0.37003794,
            0.33943432,
            0.29619021,
            0.29658597999999997,
            0.2974806,
            0.29587888,
            0.29624967,
            0.3364627,
            0.34028811999999997,
            0.46906495,
            0.56486214,
            0.59670014,
            0.5097960500000001,
            0.55442264,
            0.55445634,
            0.5102536,
            0.46917991,
            0.46818305,
            0.4685969,
            0.5112920599999999
        ],
        [
            2.4926637,
            1.1037972,
            0.38308992000000003,
            0.46832916,
            0.39072175000000003,
            0.321887,
            0.277394,
            0.14614566,
            0.0,
            0.18614687000000002,
            0.18809346999999998,
            0.14658645,
            0.34841489,
            0.34907049,
            0.39053541999999997,
            0.31231177,
            0.31222276,
            0.57148791,
            0.61447964,
            0.68819776,
            0.68690507,
            0.45413846,
            0.45551168000000003,
            0.42490806000000003,
            0.38166395000000003,
            0.38205972,
            0.38295434,
            0.38135262000000003,
            0.38172341,
            0.42193644,
            0.42576186,
            0.55453869,
            0.6503358800000001,
            0.68217388,
            0.59526979,
            0.63989638,
            0.6399300800000001,
            0.59572734,
            0.55465365,
            0.55365679,
            0.55407064,
            0.5967658
        ],
        [
            2.44719117,
            1.05832467,
            0.33761739,
            0.42285663,
            0.34524922,
            0.27641446999999997,
            0.23192147,
            0.10067313,
            0.18614687000000002,
            0.0,
            0.14262094,
            0.10111392,
            0.30294235999999997,
            0.30359796,
            0.34506289,
            0.26683924,
            0.26675023,
            0.52601538,
            0.56900711,
            0.64272523,
            0.64143254,
            0.40866593,
            0.41003915,
            0.37943553,
            0.33619142,
            0.33658719,
            0.33748181,
            0.33588009,
            0.33625088000000003,
            0.37646391,
            0.38028933,
            0.5090661599999999,
            0.60486335,
            0.63670135,
            0.5497972600000001,
            0.59442385,
            0.59445755,
            0.55025481,
            0.50918112,
            0.5081842599999999,
            0.50859811,
            0.55129327
        ],
        [
            2.44913777,
            1.0602712699999999,
            0.33956399000000004,
            0.42480323000000003,
            0.34719582000000004,
            0.27836107,
            0.23386806999999998,
            0.10261972999999999,
            0.18809346999999998,
            0.14262094,
            0.0,
            0.10306051999999999,
            0.30488896,
            0.30554455999999997,
            0.34700949000000003,
            0.26878584,
            0.26869683,
            0.5279619799999999,
            0.57095371,
            0.6446718300000001,
            0.64337914,
            0.41061253000000003,
            0.41198575000000004,
            0.38138213000000004,
            0.33813802000000004,
            0.33853379,
            0.33942841,
            0.33782669000000004,
            0.33819748000000005,
            0.37841051000000003,
            0.38223593,
            0.5110127600000001,
            0.60680995,
            0.63864795,
            0.55174386,
            0.59637045,
            0.59640415,
            0.55220141,
            0.5111277200000001,
            0.5101308600000001,
            0.51054471,
            0.5532398700000001
        ],
        [
            2.40763075,
            1.01876425,
            0.29805697000000003,
            0.38329621,
            0.30568880000000004,
            0.23685404999999998,
            0.19236104999999998,
            0.06111271,
            0.14658645,
            0.10111392,
            0.10306051999999999,
            0.0,
            0.26338194,
            0.26403754,
            0.30550246999999997,
            0.22727882000000002,
            0.22718981000000002,
            0.48645496,
            0.52944669,
            0.60316481,
            0.60187212,
            0.36910551,
            0.37047873000000003,
            0.33987511000000004,
            0.29663100000000003,
            0.29702677,
            0.29792139,
            0.29631967000000003,
            0.29669046,
            0.33690349,
            0.34072891,
            0.46950574,
            0.5653029300000001,
            0.59714093,
            0.51023684,
            0.55486343,
            0.5548971300000001,
            0.51069439,
            0.4696207,
            0.46862384,
            0.46903769,
            0.51173285
        ],
        [
            2.46236077,
            1.0734942699999999,
            0.35278699,
            0.43802623,
            0.36041882000000003,
            0.43868249,
            0.39418949,
            0.26294114999999996,
            0.34841489,
            0.30294235999999997,
            0.30488896,
            0.26338194,
            0.0,
            0.06106716,
            0.10253209,
            0.28200884,
            0.28191983,
            0.5411849799999999,
            0.5841767099999999,
            0.65789483,
            0.65660214,
            0.42383553,
            0.42520875,
            0.39460513,
            0.35136102,
            0.35175679,
            0.35265141,
            0.35104969,
            0.35142048000000004,
            0.39163351,
            0.39545893,
            0.52423576,
            0.62003295,
            0.65187095,
            0.56496686,
            0.60959345,
            0.60962715,
            0.56542441,
            0.52435072,
            0.5233538600000001,
            0.52376771,
            0.5664628700000001
        ],
        [
            2.46301637,
            1.0741498699999998,
            0.35344259,
            0.43868183,
            0.36107442,
            0.43933809,
            0.39484509,
            0.26359675,
            0.34907049,
            0.30359796,
            0.30554455999999997,
            0.26403754,
            0.06106716,
            0.0,
            0.10318769,
            0.28266443999999996,
            0.28257542999999996,
            0.5418405799999999,
            0.5848323099999999,
            0.65855043,
            0.6572577399999999,
            0.42449113,
            0.42586435,
            0.39526073,
            0.35201662,
            0.35241238999999996,
            0.35330701,
            0.35170529,
            0.35207608,
            0.39228911,
            0.39611452999999996,
            0.52489136,
            0.62068855,
            0.6525265499999999,
            0.5656224599999999,
            0.61024905,
            0.61028275,
            0.56608001,
            0.52500632,
            0.52400946,
            0.52442331,
            0.56711847
        ],
        [
            2.5044813,
            1.1156148,
            0.39490752,
            0.48014676,
            0.40253935,
            0.48080301999999997,
            0.43631001999999997,
            0.30506168,
            0.39053541999999997,
            0.34506289,
            0.34700949000000003,
            0.30550246999999997,
            0.10253209,
            0.10318769,
            0.0,
            0.32412936999999997,
            0.32404035999999997,
            0.58330551,
            0.62629724,
            0.7000153600000001,
            0.69872267,
            0.46595606,
            0.46732928,
            0.43672566,
            0.39348155,
            0.39387732,
            0.39477194,
            0.39317022,
            0.39354100999999997,
            0.43375404,
            0.43757946,
            0.56635629,
            0.66215348,
            0.69399148,
            0.60708739,
            0.65171398,
            0.6517476799999999,
            0.6075449399999999,
            0.56647125,
            0.56547439,
            0.56588824,
            0.6085834
        ],
        [
            2.24300599,
            0.8541394899999999,
            0.13343221,
            0.21867145,
            0.14106404,
            0.40257937,
            0.35808637,
            0.22683803,
            0.31231177,
            0.26683924,
            0.26878584,
            0.22727882000000002,
            0.28200884,
            0.28266443999999996,
            0.32412936999999997,
            0.0,
            0.06256505,
            0.32183019999999996,
            0.36482192999999996,
            0.43854005000000007,
            0.43724736,
            0.20448075000000002,
            0.20585397,
            0.17525035,
            0.13200624,
            0.13240201000000001,
            0.13329663,
            0.13169491,
            0.1320657,
            0.17227873,
            0.17610415000000001,
            0.30488098,
            0.40067817000000006,
            0.43251617000000003,
            0.34561208000000004,
            0.39023867,
            0.39027237000000004,
            0.34606963,
            0.30499594,
            0.30399908000000003,
            0.30441293,
            0.34710809000000004
        ],
        [
            2.24291698,
            0.85405048,
            0.1333432,
            0.21858244,
            0.14097503,
            0.40249036,
            0.35799736,
            0.22674902,
            0.31222276,
            0.26675023,
            0.26869683,
            0.22718981000000002,
            0.28191983,
            0.28257542999999996,
            0.32404035999999997,
            0.06256505,
            0.0,
            0.32174119,
            0.36473292,
            0.43845104,
            0.43715835000000003,
            0.20439174000000002,
            0.20576496,
            0.17516134,
            0.13191723,
            0.13231300000000001,
            0.13320762,
            0.1316059,
            0.13197669,
            0.17218972,
            0.17601514000000001,
            0.30479197,
            0.40058916000000006,
            0.43242716000000003,
            0.34552307000000004,
            0.39014966000000006,
            0.39018336000000003,
            0.34598062,
            0.30490693,
            0.30391007000000003,
            0.30432392,
            0.34701908000000004
        ],
        [
            2.35991149,
            0.97104499,
            0.25033771,
            0.33557695,
            0.25796954,
            0.66175551,
            0.61726251,
            0.48601416999999997,
            0.57148791,
            0.52601538,
            0.5279619799999999,
            0.48645496,
            0.5411849799999999,
            0.5418405799999999,
            0.58330551,
            0.32183019999999996,
            0.32174119,
            0.0,
            0.10355309,
            0.17727121,
            0.17597852,
            0.17847930999999997,
            0.17985252999999998,
            0.29215585,
            0.24891173999999996,
            0.24930750999999998,
            0.25020212999999997,
            0.24860040999999997,
            0.24897119999999998,
            0.28918423,
            0.29300964999999995,
            0.42178647999999996,
            0.51758367,
            0.54942167,
            0.46251758,
            0.50714417,
            0.50717787,
            0.46297512999999996,
            0.42190143999999996,
            0.42090458,
            0.42131842999999997,
            0.46401359
        ],
        [
            2.40290322,
            1.01403672,
            0.29332944,
            0.37856868,
            0.30096127,
            0.70474724,
            0.66025424,
            0.5290059,
            0.61447964,
            0.56900711,
            0.57095371,
            0.52944669,
            0.5841767099999999,
            0.5848323099999999,
            0.62629724,
            0.36482192999999996,
            0.36473292,
            0.10355309,
            0.0,
            0.22026294000000002,
            0.21897024999999998,
            0.22147103999999998,
            0.22284426,
            0.33514758,
            0.29190347,
            0.29229923999999996,
            0.29319386,
            0.29159214,
            0.29196292999999995,
            0.33217596,
            0.33600137999999996,
            0.46477820999999997,
            0.5605754000000001,
            0.5924134,
            0.50550931,
            0.5501359,
            0.5501696,
            0.50596686,
            0.46489316999999997,
            0.46389631,
            0.46431015999999997,
            0.50700532
        ],
        [
            2.47662134,
            1.08775484,
            0.36704756000000005,
            0.45228680000000004,
            0.37467939000000006,
            0.77846536,
            0.7339723600000001,
            0.60272402,
            0.68819776,
            0.64272523,
            0.6446718300000001,
            0.60316481,
            0.65789483,
            0.65855043,
            0.7000153600000001,
            0.43854005000000007,
            0.43845104,
            0.17727121,
            0.22026294000000002,
            0.0,
            0.06132997,
            0.29518916,
            0.29656238,
            0.40886570000000005,
            0.36562159000000005,
            0.36601736,
            0.36691198,
            0.36531026000000005,
            0.36568105000000006,
            0.40589408000000005,
            0.4097195,
            0.5384963300000001,
            0.63429352,
            0.66613152,
            0.57922743,
            0.62385402,
            0.62388772,
            0.57968498,
            0.5386112900000001,
            0.5376144300000001,
            0.53802828,
            0.5807234400000001
        ],
        [
            2.47532865,
            1.08646215,
            0.36575487,
            0.45099411,
            0.3733867,
            0.77717267,
            0.73267967,
            0.60143133,
            0.68690507,
            0.64143254,
            0.64337914,
            0.60187212,
            0.65660214,
            0.6572577399999999,
            0.69872267,
            0.43724736,
            0.43715835000000003,
            0.17597852,
            0.21897024999999998,
            0.06132997,
            0.0,
            0.29389646999999997,
            0.29526969,
            0.40757301,
            0.3643289,
            0.36472467,
            0.36561929,
            0.36401757,
            0.36438835999999997,
            0.40460139,
            0.40842681,
            0.53720364,
            0.6330008300000001,
            0.66483883,
            0.57793474,
            0.62256133,
            0.62259503,
            0.57839229,
            0.5373186,
            0.53632174,
            0.5367355899999999,
            0.57943075
        ],
        [
            2.24256204,
            0.8536955399999999,
            0.13298826,
            0.21822750000000002,
            0.14062009,
            0.54440606,
            0.49991306,
            0.36866472,
            0.45413846,
            0.40866593,
            0.41061253000000003,
            0.36910551,
            0.42383553,
            0.42449113,
            0.46595606,
            0.20448075000000002,
            0.20439174000000002,
            0.17847930999999997,
            0.22147103999999998,
            0.29518916,
            0.29389646999999997,
            0.0,
            0.06250308,
            0.17480640000000003,
            0.13156229,
            0.13195806000000002,
            0.13285268,
            0.13125096,
            0.13162175,
            0.17183478000000002,
            0.1756602,
            0.30443703,
            0.40023422000000003,
            0.43207222,
            0.34516813,
            0.38979472000000004,
            0.38982842,
            0.34562568,
            0.30455199,
            0.30355513,
            0.30396898,
            0.34666414
        ],
        [
            2.2439352599999998,
            0.85506876,
            0.13436148,
            0.21960072,
            0.14199331,
            0.54577928,
            0.50128628,
            0.37003794,
            0.45551168000000003,
            0.41003915,
            0.41198575000000004,
            0.37047873000000003,
            0.42520875,
            0.42586435,
            0.46732928,
            0.20585397,
            0.20576496,
            0.17985252999999998,
            0.22284426,
            0.29656238,
            0.29526969,
            0.06250308,
            0.0,
            0.17617962,
            0.13293551,
            0.13333128,
            0.1342259,
            0.13262418,
            0.13299497,
            0.173208,
            0.17703342,
            0.30581025,
            0.40160744000000004,
            0.43344544,
            0.34654135,
            0.39116794,
            0.39120164,
            0.3469989,
            0.30592521,
            0.30492835,
            0.3053422,
            0.34803736
        ],
        [
            2.21333164,
            0.82446514,
            0.10375786000000001,
            0.1889971,
            0.11138969000000001,
            0.51517566,
            0.47068266000000003,
            0.33943432,
            0.42490806000000003,
            0.37943553,
            0.38138213000000004,
            0.33987511000000004,
            0.39460513,
            0.39526073,
            0.43672566,
            0.17525035,
            0.17516134,
            0.29215585,
            0.33514758,
            0.40886570000000005,
            0.40757301,
            0.17480640000000003,
            0.17617962,
            0.0,
            0.10233189000000001,
            0.10272766,
            0.10362228000000001,
            0.10202056000000001,
            0.10239135,
            0.14260438,
            0.1464298,
            0.27520663,
            0.37100382000000004,
            0.40284182,
            0.31593773,
            0.36056432000000005,
            0.36059802,
            0.31639528,
            0.27532159,
            0.27432473,
            0.27473858,
            0.31743374
        ],
        [
            2.17008753,
            0.78122103,
            0.06051375,
            0.14575299,
            0.06814558,
            0.47193155000000003,
            0.42743855000000003,
            0.29619021,
            0.38166395000000003,
            0.33619142,
            0.33813802000000004,
            0.29663100000000003,
            0.35136102,
            0.35201662,
            0.39348155,
            0.13200624,
            0.13191723,
            0.24891173999999996,
            0.29190347,
            0.36562159000000005,
            0.3643289,
            0.13156229,
            0.13293551,
            0.10233189000000001,
            0.0,
            0.059483549999999996,
            0.060378169999999995,
            0.05877645,
            0.059147240000000004,
            0.09936027,
            0.10318569,
            0.23196252,
            0.32775971000000004,
            0.35959771,
            0.27269362,
            0.31732021,
            0.31735391,
            0.27315117,
            0.23207748,
            0.23108062000000001,
            0.23149447,
            0.27418963
        ],
        [
            2.1704833,
            0.7816167999999999,
            0.060909519999999995,
            0.14614876,
            0.06854135,
            0.47232732,
            0.42783432,
            0.29658597999999997,
            0.38205972,
            0.33658719,
            0.33853379,
            0.29702677,
            0.35175679,
            0.35241238999999996,
            0.39387732,
            0.13240201000000001,
            0.13231300000000001,
            0.24930750999999998,
            0.29229923999999996,
            0.36601736,
            0.36472467,
            0.13195806000000002,
            0.13333128,
            0.10272766,
            0.059483549999999996,
            0.0,
            0.06077394,
            0.05917222,
            0.05954301,
            0.09975603999999999,
            0.10358145999999999,
            0.23235829,
            0.32815548000000005,
            0.35999348,
            0.27308939,
            0.31771598,
            0.31774968000000003,
            0.27354694,
            0.23247325000000002,
            0.23147639,
            0.23189024,
            0.2745854
        ],
        [
            2.17137792,
            0.7825114200000001,
            0.061804139999999994,
            0.14704338,
            0.06943597,
            0.47322194,
            0.42872894,
            0.2974806,
            0.38295434,
            0.33748181,
            0.33942841,
            0.29792139,
            0.35265141,
            0.35330701,
            0.39477194,
            0.13329663,
            0.13320762,
            0.25020212999999997,
            0.29319386,
            0.36691198,
            0.36561929,
            0.13285268,
            0.1342259,
            0.10362228000000001,
            0.060378169999999995,
            0.06077394,
            0.0,
            0.060066839999999996,
            0.06043763,
            0.10065066,
            0.10447608,
            0.23325291,
            0.3290501,
            0.36088810000000004,
            0.27398401000000006,
            0.3186106,
            0.3186443,
            0.27444156,
            0.23336787000000003,
            0.23237101000000002,
            0.23278486,
            0.27548002000000005
        ],
        [
            2.1697762,
            0.7809097,
            0.06020242,
            0.14544166,
            0.06783425,
            0.47162022000000003,
            0.42712722000000003,
            0.29587888,
            0.38135262000000003,
            0.33588009,
            0.33782669000000004,
            0.29631967000000003,
            0.35104969,
            0.35170529,
            0.39317022,
            0.13169491,
            0.1316059,
            0.24860040999999997,
            0.29159214,
            0.36531026000000005,
            0.36401757,
            0.13125096,
            0.13262418,
            0.10202056000000001,
            0.05877645,
            0.05917222,
            0.060066839999999996,
            0.0,
            0.058835910000000005,
            0.09904894,
            0.10287436,
            0.23165119,
            0.32744838000000004,
            0.35928638,
            0.27238229,
            0.31700888000000005,
            0.31704258,
            0.27283984,
            0.23176615,
            0.23076929000000002,
            0.23118314,
            0.2738783
        ],
        [
            2.17014699,
            0.78128049,
            0.06057321,
            0.14581244999999998,
            0.06820504,
            0.47199101,
            0.42749801,
            0.29624967,
            0.38172341,
            0.33625088000000003,
            0.33819748000000005,
            0.29669046,
            0.35142048000000004,
            0.35207608,
            0.39354100999999997,
            0.1320657,
            0.13197669,
            0.24897119999999998,
            0.29196292999999995,
            0.36568105000000006,
            0.36438835999999997,
            0.13162175,
            0.13299497,
            0.10239135,
            0.059147240000000004,
            0.05954301,
            0.06043763,
            0.058835910000000005,
            0.0,
            0.09941973,
            0.10324515,
            0.23202198000000002,
            0.32781917000000005,
            0.35965717,
            0.27275308000000004,
            0.31737967,
            0.31741337000000003,
            0.27321063,
            0.23213694,
            0.23114008000000003,
            0.23155393000000002,
            0.27424909000000003
        ],
        [
            2.21036002,
            0.82149352,
            0.10078624,
            0.18602548,
            0.10841807,
            0.51220404,
            0.46771104,
            0.3364627,
            0.42193644,
            0.37646391,
            0.37841051000000003,
            0.33690349,
            0.39163351,
            0.39228911,
            0.43375404,
            0.17227873,
            0.17218972,
            0.28918423,
            0.33217596,
            0.40589408000000005,
            0.40460139,
            0.17183478000000002,
            0.173208,
            0.14260438,
            0.09936027,
            0.09975603999999999,
            0.10065066,
            0.09904894,
            0.09941973,
            0.0,
            0.14345818,
            0.27223501,
            0.36803220000000003,
            0.3998702,
            0.31296611,
            0.3575927,
            0.3576264,
            0.31342366,
            0.27234997,
            0.27135311,
            0.27176696,
            0.31446212
        ],
        [
            2.21418544,
            0.8253189400000001,
            0.10461166,
            0.1898509,
            0.11224349,
            0.51602946,
            0.47153646,
            0.34028811999999997,
            0.42576186,
            0.38028933,
            0.38223593,
            0.34072891,
            0.39545893,
            0.39611452999999996,
            0.43757946,
            0.17610415000000001,
            0.17601514000000001,
            0.29300964999999995,
            0.33600137999999996,
            0.4097195,
            0.40842681,
            0.1756602,
            0.17703342,
            0.1464298,
            0.10318569,
            0.10358145999999999,
            0.10447608,
            0.10287436,
            0.10324515,
            0.14345818,
            0.0,
            0.27606043,
            0.37185762,
            0.40369562000000003,
            0.31679153000000004,
            0.36141812,
            0.36145182,
            0.31724907999999996,
            0.27617539,
            0.27517853000000003,
            0.27559237999999997,
            0.31828754000000004
        ],
        [
            2.17179679,
            0.7829302899999999,
            0.23338849,
            0.31862773,
            0.24102032,
            0.64480629,
            0.60031329,
            0.46906495,
            0.55453869,
            0.5090661599999999,
            0.5110127600000001,
            0.46950574,
            0.52423576,
            0.52489136,
            0.56635629,
            0.30488098,
            0.30479197,
            0.42178647999999996,
            0.46477820999999997,
            0.5384963300000001,
            0.53720364,
            0.30443703,
            0.30581025,
            0.27520663,
            0.23196252,
            0.23235829,
            0.23325291,
            0.23165119,
            0.23202198000000002,
            0.27223501,
            0.27606043,
            0.0,
            0.15630581000000002,
            0.18814381,
            0.10123972,
            0.14586631,
            0.14590001,
            0.10169727,
            0.060623579999999996,
            0.05962672,
            0.06004057,
            0.10273573
        ],
        [
            2.26759398,
            0.87872748,
            0.32918568000000004,
            0.41442492000000003,
            0.33681751000000004,
            0.7406034800000001,
            0.69611048,
            0.56486214,
            0.6503358800000001,
            0.60486335,
            0.60680995,
            0.5653029300000001,
            0.62003295,
            0.62068855,
            0.66215348,
            0.40067817000000006,
            0.40058916000000006,
            0.51758367,
            0.5605754000000001,
            0.63429352,
            0.6330008300000001,
            0.40023422000000003,
            0.40160744000000004,
            0.37100382000000004,
            0.32775971000000004,
            0.32815548000000005,
            0.3290501,
            0.32744838000000004,
            0.32781917000000005,
            0.36803220000000003,
            0.37185762,
            0.15630581000000002,
            0.0,
            0.283941,
            0.19703691,
            0.24166350000000003,
            0.2416972,
            0.19749446,
            0.15642077000000001,
            0.15542391,
            0.15583776000000002,
            0.19853292
        ],
        [
            2.29943198,
            0.91056548,
            0.36102368,
            0.44626292,
            0.36865551,
            0.7724414800000001,
            0.72794848,
            0.59670014,
            0.68217388,
            0.63670135,
            0.63864795,
            0.59714093,
            0.65187095,
            0.6525265499999999,
            0.69399148,
            0.43251617000000003,
            0.43242716000000003,
            0.54942167,
            0.5924134,
            0.66613152,
            0.66483883,
            0.43207222,
            0.43344544,
            0.40284182,
            0.35959771,
            0.35999348,
            0.36088810000000004,
            0.35928638,
            0.35965717,
            0.3998702,
            0.40369562000000003,
            0.18814381,
            0.283941,
            0.0,
            0.22887491,
            0.2735015,
            0.2735352,
            0.22933246,
            0.18825877,
            0.18726190999999998,
            0.18767576,
            0.23037091999999998
        ],
        [
            2.21252789,
            0.82366139,
            0.27411959,
            0.35935883,
            0.28175142000000003,
            0.6855373900000001,
            0.64104439,
            0.5097960500000001,
            0.59526979,
            0.5497972600000001,
            0.55174386,
            0.51023684,
            0.56496686,
            0.5656224599999999,
            0.60708739,
            0.34561208000000004,
            0.34552307000000004,
            0.46251758,
            0.50550931,
            0.57922743,
            0.57793474,
            0.34516813,
            0.34654135,
            0.31593773,
            0.27269362,
            0.27308939,
            0.27398401000000006,
            0.27238229,
            0.27275308000000004,
            0.31296611,
            0.31679153000000004,
            0.10123972,
            0.19703691,
            0.22887491,
            0.0,
            0.18659741000000002,
            0.18663111,
