{
    "NEXUS_FILE_URL": "http://purl.org/phylo/treebase/phylows/study/TB2:S11949",
    "NEWICK_TREE": "(1:0.046971,(2:0.160632,((8:0.040986,(7:0.037233,((3:0.009683,6:0.006088):0.005442,(4:0.006231,5:0.012527):0.01121):0.050314):0.055232):0.0,(9:0.0,10:0.0,11:0.0,12:0.0,14:0.0,15:0.0,16:0.0,17:0.006312,18:0.0,19:0.0,20:0.0,21:0.0,24:0.0,27:0.0,34:0.0,35:0.0,36:0.0,37:0.0,38:0.0,39:0.0,40:0.0,42:0.0,43:0.0,48:0.0,49:0.0,50:0.0,51:0.0,52:0.0,53:0.0,54:0.0,55:0.0,56:0.0,57:0.0,58:0.0,59:0.003159,60:0.0,61:0.0,62:0.0,63:0.0,64:0.0,65:0.0,(13:0.0,22:0.0,23:0.0,25:0.0,26:0.0,28:0.0,29:0.0,30:0.0,31:0.0,32:0.0,33:0.0,41:0.0,44:0.0,45:0.0,46:0.0,47:0.0):0.006316):0.130956):0.020955):0.046971);",
    "DISTANCE_MATRIX": [
        [
            0.0,
            0.25457399999999997,
            0.155883,
            0.207362,
            0.235568,
            0.23197299999999998,
            0.23788399999999998,
            0.24418,
            0.245853,
            0.245853,
            0.245853,
            0.245853,
            0.245853,
            0.245853,
            0.245853,
            0.252165,
            0.245853,
            0.245853,
            0.245853,
            0.245853,
            0.245853,
            0.245853,
            0.245853,
            0.245853,
            0.245853,
            0.245853,
            0.245853,
            0.245853,
            0.245853,
            0.245853,
            0.245853,
            0.245853,
            0.245853,
            0.245853,
            0.245853,
            0.245853,
            0.245853,
            0.245853,
            0.245853,
            0.245853,
            0.245853,
            0.245853,
            0.24901199999999996,
            0.245853,
            0.245853,
            0.245853,
            0.245853,
            0.245853,
            0.245853,
            0.252169,
            0.252169,
            0.252169,
            0.252169,
            0.252169,
            0.252169,
            0.252169,
            0.252169,
            0.252169,
            0.252169,
            0.252169,
            0.252169,
            0.252169,
            0.252169,
            0.252169,
            0.252169
        ],
        [
            0.25457399999999997,
            0.0,
            0.222573,
            0.274052,
            0.302258,
            0.298663,
            0.304574,
            0.31087,
            0.312543,
            0.312543,
            0.312543,
            0.312543,
            0.312543,
            0.312543,
            0.312543,
            0.318855,
            0.312543,
            0.312543,
            0.312543,
            0.312543,
            0.312543,
            0.312543,
            0.312543,
            0.312543,
            0.312543,
            0.312543,
            0.312543,
            0.312543,
            0.312543,
            0.312543,
            0.312543,
            0.312543,
            0.312543,
            0.312543,
            0.312543,
            0.312543,
            0.312543,
            0.312543,
            0.312543,
            0.312543,
            0.312543,
            0.312543,
            0.315702,
            0.312543,
            0.312543,
            0.312543,
            0.312543,
            0.312543,
            0.312543,
            0.318859,
            0.318859,
            0.318859,
            0.318859,
            0.318859,
            0.318859,
            0.318859,
            0.318859,
            0.318859,
            0.318859,
            0.318859,
            0.318859,
            0.318859,
            0.318859,
            0.318859,
            0.318859
        ],
        [
            0.155883,
            0.222573,
            0.0,
            0.13345100000000001,
            0.161657,
            0.158062,
            0.163973,
            0.170269,
            0.17194199999999998,
            0.17194199999999998,
            0.17194199999999998,
            0.17194199999999998,
            0.17194199999999998,
            0.17194199999999998,
            0.17194199999999998,
            0.178254,
            0.17194199999999998,
            0.17194199999999998,
            0.17194199999999998,
            0.17194199999999998,
            0.17194199999999998,
            0.17194199999999998,
            0.17194199999999998,
            0.17194199999999998,
            0.17194199999999998,
            0.17194199999999998,
            0.17194199999999998,
            0.17194199999999998,
            0.17194199999999998,
            0.17194199999999998,
            0.17194199999999998,
            0.17194199999999998,
            0.17194199999999998,
            0.17194199999999998,
            0.17194199999999998,
            0.17194199999999998,
            0.17194199999999998,
            0.17194199999999998,
            0.17194199999999998,
            0.17194199999999998,
            0.17194199999999998,
            0.17194199999999998,
            0.17510099999999998,
            0.17194199999999998,
            0.17194199999999998,
            0.17194199999999998,
            0.17194199999999998,
            0.17194199999999998,
            0.17194199999999998,
            0.17825799999999997,
            0.17825799999999997,
            0.17825799999999997,
            0.17825799999999997,
            0.17825799999999997,
            0.17825799999999997,
            0.17825799999999997,
            0.17825799999999997,
            0.17825799999999997,
            0.17825799999999997,
            0.17825799999999997,
            0.17825799999999997,
            0.17825799999999997,
            0.17825799999999997,
            0.17825799999999997,
            0.17825799999999997
        ],
        [
            0.207362,
            0.274052,
            0.13345100000000001,
            0.0,
            0.102672,
            0.099077,
            0.104988,
            0.11128400000000001,
            0.22342099999999998,
            0.22342099999999998,
            0.22342099999999998,
            0.22342099999999998,
            0.22342099999999998,
            0.22342099999999998,
            0.22342099999999998,
            0.22973300000000002,
            0.22342099999999998,
            0.22342099999999998,
            0.22342099999999998,
            0.22342099999999998,
            0.22342099999999998,
            0.22342099999999998,
            0.22342099999999998,
            0.22342099999999998,
            0.22342099999999998,
            0.22342099999999998,
            0.22342099999999998,
            0.22342099999999998,
            0.22342099999999998,
            0.22342099999999998,
            0.22342099999999998,
            0.22342099999999998,
            0.22342099999999998,
            0.22342099999999998,
            0.22342099999999998,
            0.22342099999999998,
            0.22342099999999998,
            0.22342099999999998,
            0.22342099999999998,
            0.22342099999999998,
            0.22342099999999998,
            0.22342099999999998,
            0.22658,
            0.22342099999999998,
            0.22342099999999998,
            0.22342099999999998,
            0.22342099999999998,
            0.22342099999999998,
            0.22342099999999998,
            0.22973699999999997,
            0.22973699999999997,
            0.22973699999999997,
            0.22973699999999997,
            0.22973699999999997,
            0.22973699999999997,
            0.22973699999999997,
            0.22973699999999997,
            0.22973699999999997,
            0.22973699999999997,
            0.22973699999999997,
            0.22973699999999997,
            0.22973699999999997,
            0.22973699999999997,
            0.22973699999999997,
            0.22973699999999997
        ],
        [
            0.235568,
            0.302258,
            0.161657,
            0.102672,
            0.0,
            0.015771,
            0.032566,
            0.038862,
            0.251627,
            0.251627,
            0.251627,
            0.251627,
            0.251627,
            0.251627,
            0.251627,
            0.25793900000000003,
            0.251627,
            0.251627,
            0.251627,
            0.251627,
            0.251627,
            0.251627,
            0.251627,
            0.251627,
            0.251627,
            0.251627,
            0.251627,
            0.251627,
            0.251627,
            0.251627,
            0.251627,
            0.251627,
            0.251627,
            0.251627,
            0.251627,
            0.251627,
            0.251627,
            0.251627,
            0.251627,
            0.251627,
            0.251627,
            0.251627,
            0.25478599999999996,
            0.251627,
            0.251627,
            0.251627,
            0.251627,
            0.251627,
            0.251627,
            0.257943,
            0.257943,
            0.257943,
            0.257943,
            0.257943,
            0.257943,
            0.257943,
            0.257943,
            0.257943,
            0.257943,
            0.257943,
            0.257943,
            0.257943,
            0.257943,
            0.257943,
            0.257943
        ],
        [
            0.23197299999999998,
            0.298663,
            0.158062,
            0.099077,
            0.015771,
            0.0,
            0.028970999999999997,
            0.035267,
            0.24803199999999997,
            0.24803199999999997,
            0.24803199999999997,
            0.24803199999999997,
            0.24803199999999997,
            0.24803199999999997,
            0.24803199999999997,
            0.254344,
            0.24803199999999997,
            0.24803199999999997,
            0.24803199999999997,
            0.24803199999999997,
            0.24803199999999997,
            0.24803199999999997,
            0.24803199999999997,
            0.24803199999999997,
            0.24803199999999997,
            0.24803199999999997,
            0.24803199999999997,
            0.24803199999999997,
            0.24803199999999997,
            0.24803199999999997,
            0.24803199999999997,
            0.24803199999999997,
            0.24803199999999997,
            0.24803199999999997,
            0.24803199999999997,
            0.24803199999999997,
            0.24803199999999997,
            0.24803199999999997,
            0.24803199999999997,
            0.24803199999999997,
            0.24803199999999997,
            0.24803199999999997,
            0.251191,
            0.24803199999999997,
            0.24803199999999997,
            0.24803199999999997,
            0.24803199999999997,
            0.24803199999999997,
            0.24803199999999997,
            0.25434799999999996,
            0.25434799999999996,
            0.25434799999999996,
            0.25434799999999996,
            0.25434799999999996,
            0.25434799999999996,
            0.25434799999999996,
            0.25434799999999996,
            0.25434799999999996,
            0.25434799999999996,
            0.25434799999999996,
            0.25434799999999996,
            0.25434799999999996,
            0.25434799999999996,
            0.25434799999999996,
            0.25434799999999996
        ],
        [
            0.23788399999999998,
            0.304574,
            0.163973,
            0.104988,
            0.032566,
            0.028970999999999997,
            0.0,
            0.018758,
            0.253943,
            0.253943,
            0.253943,
            0.253943,
            0.253943,
            0.253943,
            0.253943,
            0.260255,
            0.253943,
            0.253943,
            0.253943,
            0.253943,
            0.253943,
            0.253943,
            0.253943,
            0.253943,
            0.253943,
            0.253943,
            0.253943,
            0.253943,
            0.253943,
            0.253943,
            0.253943,
            0.253943,
            0.253943,
            0.253943,
            0.253943,
            0.253943,
            0.253943,
            0.253943,
            0.253943,
            0.253943,
            0.253943,
            0.253943,
            0.257102,
            0.253943,
            0.253943,
            0.253943,
            0.253943,
            0.253943,
            0.253943,
            0.26025899999999996,
            0.26025899999999996,
            0.26025899999999996,
            0.26025899999999996,
            0.26025899999999996,
            0.26025899999999996,
            0.26025899999999996,
            0.26025899999999996,
            0.26025899999999996,
            0.26025899999999996,
            0.26025899999999996,
            0.26025899999999996,
            0.26025899999999996,
            0.26025899999999996,
            0.26025899999999996,
            0.26025899999999996
        ],
        [
            0.24418,
            0.31087,
            0.170269,
            0.11128400000000001,
            0.038862,
            0.035267,
            0.018758,
            0.0,
            0.260239,
            0.260239,
            0.260239,
            0.260239,
            0.260239,
            0.260239,
            0.260239,
            0.266551,
            0.260239,
            0.260239,
            0.260239,
            0.260239,
            0.260239,
            0.260239,
            0.260239,
            0.260239,
            0.260239,
            0.260239,
            0.260239,
            0.260239,
            0.260239,
            0.260239,
            0.260239,
            0.260239,
            0.260239,
            0.260239,
            0.260239,
            0.260239,
            0.260239,
            0.260239,
            0.260239,
            0.260239,
            0.260239,
            0.260239,
            0.263398,
            0.260239,
            0.260239,
            0.260239,
            0.260239,
            0.260239,
            0.260239,
            0.266555,
            0.266555,
            0.266555,
            0.266555,
            0.266555,
            0.266555,
            0.266555,
            0.266555,
            0.266555,
            0.266555,
            0.266555,
            0.266555,
            0.266555,
            0.266555,
            0.266555,
            0.266555
        ],
        [
            0.245853,
            0.312543,
            0.17194199999999998,
            0.22342099999999998,
            0.251627,
            0.24803199999999997,
            0.253943,
            0.260239,
            0.0,
            0.0,
            0.0,
            0.0,
            0.0,
            0.0,
            0.0,
            0.006312,
            0.0,
            0.0,
            0.0,
            0.0,
            0.0,
            0.0,
            0.0,
            0.0,
            0.0,
            0.0,
            0.0,
            0.0,
            0.0,
            0.0,
            0.0,
            0.0,
            0.0,
            0.0,
            0.0,
            0.0,
            0.0,
            0.0,
            0.0,
            0.0,
            0.0,
            0.0,
            0.003159,
            0.0,
            0.0,
            0.0,
            0.0,
            0.0,
            0.0,
            0.006316,
            0.006316,
            0.006316,
            0.006316,
            0.006316,
            0.006316,
            0.006316,
            0.006316,
            0.006316,
            0.006316,
            0.006316,
            0.006316,
            0.006316,
            0.006316,
            0.006316,
            0.006316
        ],
        [
            0.245853,
            0.312543,
            0.17194199999999998,
            0.22342099999999998,
            0.251627,
            0.24803199999999997,
            0.253943,
            0.260239,
            0.0,
            0.0,
            0.0,
            0.0,
            0.0,
            0.0,
            0.0,
            0.006312,
            0.0,
            0.0,
            0.0,
            0.0,
            0.0,
            0.0,
            0.0,
            0.0,
            0.0,
            0.0,
            0.0,
            0.0,
            0.0,
            0.0,
            0.0,
            0.0,
            0.0,
            0.0,
            0.0,
            0.0,
            0.0,
            0.0,
            0.0,
            0.0,
            0.0,
            0.0,
            0.003159,
            0.0,
            0.0,
            0.0,
            0.0,
            0.0,
            0.0,
            0.006316,
            0.006316,
            0.006316,
            0.006316,
            0.006316,
            0.006316,
            0.006316,
            0.006316,
            0.006316,
            0.006316,
            0.006316,
            0.006316,
            0.006316,
            0.006316,
            0.006316,
            0.006316
        ],
        [
            0.245853,
            0.312543,
            0.17194199999999998,
            0.22342099999999998,
            0.251627,
            0.24803199999999997,
            0.253943,
            0.260239,
            0.0,
            0.0,
            0.0,
            0.0,
            0.0,
            0.0,
            0.0,
            0.006312,
            0.0,
            0.0,
            0.0,
            0.0,
            0.0,
            0.0,
            0.0,
            0.0,
            0.0,
            0.0,
            0.0,
            0.0,
            0.0,
            0.0,
            0.0,
            0.0,
            0.0,
            0.0,
            0.0,
            0.0,
            0.0,
            0.0,
            0.0,
            0.0,
            0.0,
            0.0,
            0.003159,
            0.0,
            0.0,
            0.0,
            0.0,
            0.0,
            0.0,
            0.006316,
            0.006316,
            0.006316,
            0.006316,
            0.006316,
            0.006316,
            0.006316,
            0.006316,
            0.006316,
            0.006316,
            0.006316,
            0.006316,
            0.006316,
            0.006316,
            0.006316,
            0.006316
        ],
        [
            0.245853,
            0.312543,
            0.17194199999999998,
            0.22342099999999998,
            0.251627,
            0.24803199999999997,
            0.253943,
            0.260239,
            0.0,
            0.0,
            0.0,
            0.0,
            0.0,
            0.0,
            0.0,
            0.006312,
            0.0,
            0.0,
            0.0,
            0.0,
            0.0,
            0.0,
            0.0,
            0.0,
            0.0,
            0.0,
            0.0,
            0.0,
            0.0,
            0.0,
            0.0,
            0.0,
            0.0,
            0.0,
            0.0,
            0.0,
            0.0,
            0.0,
            0.0,
            0.0,
            0.0,
            0.0,
            0.003159,
            0.0,
            0.0,
            0.0,
            0.0,
            0.0,
            0.0,
            0.006316,
            0.006316,
            0.006316,
            0.006316,
            0.006316,
            0.006316,
            0.006316,
            0.006316,
            0.006316,
            0.006316,
            0.006316,
            0.006316,
            0.006316,
            0.006316,
            0.006316,
            0.006316
        ],
        [
            0.245853,
            0.312543,
            0.17194199999999998,
            0.22342099999999998,
            0.251627,
            0.24803199999999997,
            0.253943,
            0.260239,
            0.0,
            0.0,
            0.0,
            0.0,
            0.0,
            0.0,
            0.0,
            0.006312,
            0.0,
            0.0,
            0.0,
            0.0,
            0.0,
            0.0,
            0.0,
            0.0,
            0.0,
            0.0,
            0.0,
            0.0,
            0.0,
            0.0,
            0.0,
            0.0,
            0.0,
            0.0,
            0.0,
            0.0,
            0.0,
            0.0,
            0.0,
            0.0,
            0.0,
            0.0,
            0.003159,
            0.0,
            0.0,
            0.0,
            0.0,
            0.0,
            0.0,
            0.006316,
            0.006316,
            0.006316,
            0.006316,
            0.006316,
            0.006316,
            0.006316,
            0.006316,
            0.006316,
            0.006316,
            0.006316,
            0.006316,
            0.006316,
            0.006316,
            0.006316,
            0.006316
        ],
        [
            0.245853,
            0.312543,
            0.17194199999999998,
            0.22342099999999998,
            0.251627,
            0.24803199999999997,
            0.253943,
            0.260239,
            0.0,
            0.0,
            0.0,
            0.0,
            0.0,
            0.0,
            0.0,
            0.006312,
            0.0,
            0.0,
            0.0,
            0.0,
            0.0,
            0.0,
            0.0,
            0.0,
            0.0,
            0.0,
            0.0,
            0.0,
            0.0,
            0.0,
            0.0,
            0.0,
            0.0,
            0.0,
            0.0,
            0.0,
            0.0,
            0.0,
            0.0,
            0.0,
            0.0,
            0.0,
            0.003159,
            0.0,
            0.0,
            0.0,
            0.0,
            0.0,
            0.0,
            0.006316,
            0.006316,
            0.006316,
            0.006316,
            0.006316,
            0.006316,
            0.006316,
            0.006316,
            0.006316,
            0.006316,
            0.006316,
            0.006316,
            0.006316,
            0.006316,
            0.006316,
            0.006316
        ],
        [
            0.245853,
            0.312543,
            0.17194199999999998,
            0.22342099999999998,
            0.251627,
            0.24803199999999997,
            0.253943,
            0.260239,
            0.0,
            0.0,
            0.0,
            0.0,
            0.0,
            0.0,
            0.0,
            0.006312,
            0.0,
            0.0,
            0.0,
            0.0,
            0.0,
            0.0,
            0.0,
            0.0,
            0.0,
            0.0,
            0.0,
            0.0,
            0.0,
            0.0,
            0.0,
            0.0,
            0.0,
            0.0,
            0.0,
            0.0,
            0.0,
            0.0,
            0.0,
            0.0,
            0.0,
            0.0,
            0.003159,
            0.0,
            0.0,
            0.0,
            0.0,
            0.0,
            0.0,
            0.006316,
            0.006316,
            0.006316,
            0.006316,
            0.006316,
            0.006316,
            0.006316,
            0.006316,
            0.006316,
            0.006316,
            0.006316,
            0.006316,
            0.006316,
            0.006316,
            0.006316,
            0.006316
        ],
        [
            0.252165,
            0.318855,
            0.178254,
            0.22973300000000002,
            0.25793900000000003,
            0.254344,
            0.260255,
            0.266551,
            0.006312,
            0.006312,
            0.006312,
            0.006312,
            0.006312,
            0.006312,
            0.006312,
            0.0,
            0.006312,
            0.006312,
            0.006312,
            0.006312,
            0.006312,
            0.006312,
            0.006312,
            0.006312,
            0.006312,
            0.006312,
            0.006312,
            0.006312,
            0.006312,
            0.006312,
            0.006312,
            0.006312,
            0.006312,
            0.006312,
            0.006312,
            0.006312,
            0.006312,
            0.006312,
            0.006312,
            0.006312,
            0.006312,
            0.006312,
            0.009471,
            0.006312,
            0.006312,
            0.006312,
            0.006312,
            0.006312,
            0.006312,
            0.012628,
            0.012628,
            0.012628,
            0.012628,
            0.012628,
            0.012628,
            0.012628,
            0.012628,
            0.012628,
            0.012628,
            0.012628,
            0.012628,
            0.012628,
            0.012628,
            0.012628,
            0.012628
        ],
        [
            0.245853,
            0.312543,
            0.17194199999999998,
            0.22342099999999998,
            0.251627,
            0.24803199999999997,
            0.253943,
            0.260239,
            0.0,
            0.0,
            0.0,
            0.0,
            0.0,
            0.0,
            0.0,
            0.006312,
            0.0,
            0.0,
            0.0,
            0.0,
            0.0,
            0.0,
            0.0,
            0.0,
            0.0,
            0.0,
            0.0,
            0.0,
            0.0,
            0.0,
            0.0,
            0.0,
            0.0,
            0.0,
            0.0,
            0.0,
            0.0,
            0.0,
            0.0,
            0.0,
            0.0,
            0.0,
            0.003159,
            0.0,
            0.0,
            0.0,
            0.0,
            0.0,
            0.0,
            0.006316,
            0.006316,
            0.006316,
            0.006316,
            0.006316,
            0.006316,
            0.006316,
            0.006316,
            0.006316,
            0.006316,
            0.006316,
            0.006316,
            0.006316,
            0.006316,
            0.006316,
            0.006316
        ],
        [
            0.245853,
            0.312543,
            0.17194199999999998,
            0.22342099999999998,
            0.251627,
            0.24803199999999997,
            0.253943,
            0.260239,
            0.0,
            0.0,
            0.0,
            0.0,
            0.0,
            0.0,
            0.0,
            0.006312,
            0.0,
            0.0,
            0.0,
            0.0,
            0.0,
            0.0,
            0.0,
            0.0,
            0.0,
            0.0,
            0.0,
            0.0,
            0.0,
            0.0,
            0.0,
            0.0,
            0.0,
            0.0,
            0.0,
            0.0,
            0.0,
            0.0,
            0.0,
            0.0,
            0.0,
            0.0,
            0.003159,
            0.0,
            0.0,
            0.0,
            0.0,
            0.0,
            0.0,
            0.006316,
            0.006316,
            0.006316,
            0.006316,
            0.006316,
            0.006316,
            0.006316,
            0.006316,
            0.006316,
            0.006316,
            0.006316,
            0.006316,
            0.006316,
            0.006316,
            0.006316,
            0.006316
        ],
        [
            0.245853,
            0.312543,
            0.17194199999999998,
            0.22342099999999998,
            0.251627,
            0.24803199999999997,
            0.253943,
            0.260239,
            0.0,
            0.0,
            0.0,
            0.0,
            0.0,
            0.0,
            0.0,
            0.006312,
            0.0,
            0.0,
            0.0,
            0.0,
            0.0,
            0.0,
            0.0,
            0.0,
            0.0,
            0.0,
            0.0,
            0.0,
            0.0,
            0.0,
            0.0,
            0.0,
            0.0,
            0.0,
            0.0,
            0.0,
            0.0,
            0.0,
            0.0,
            0.0,
            0.0,
            0.0,
            0.003159,
            0.0,
            0.0,
            0.0,
            0.0,
            0.0,
            0.0,
            0.006316,
            0.006316,
            0.006316,
            0.006316,
            0.006316,
            0.006316,
            0.006316,
            0.006316,
            0.006316,
            0.006316,
            0.006316,
            0.006316,
            0.006316,
            0.006316,
            0.006316,
            0.006316
        ],
        [
            0.245853,
            0.312543,
            0.17194199999999998,
            0.22342099999999998,
            0.251627,
            0.24803199999999997,
            0.253943,
            0.260239,
            0.0,
            0.0,
            0.0,
            0.0,
            0.0,
            0.0,
            0.0,
            0.006312,
            0.0,
            0.0,
            0.0,
            0.0,
            0.0,
            0.0,
            0.0,
            0.0,
            0.0,
            0.0,
            0.0,
            0.0,
            0.0,
            0.0,
            0.0,
            0.0,
            0.0,
            0.0,
            0.0,
            0.0,
            0.0,
            0.0,
            0.0,
            0.0,
            0.0,
            0.0,
            0.003159,
            0.0,
            0.0,
            0.0,
            0.0,
            0.0,
            0.0,
            0.006316,
            0.006316,
            0.006316,
            0.006316,
            0.006316,
            0.006316,
            0.006316,
            0.006316,
            0.006316,
            0.006316,
            0.006316,
            0.006316,
            0.006316,
            0.006316,
            0.006316,
            0.006316
        ],
        [
            0.245853,
            0.312543,
            0.17194199999999998,
            0.22342099999999998,
            0.251627,
            0.24803199999999997,
            0.253943,
            0.260239,
            0.0,
            0.0,
            0.0,
            0.0,
            0.0,
            0.0,
            0.0,
            0.006312,
            0.0,
            0.0,
            0.0,
            0.0,
            0.0,
            0.0,
            0.0,
            0.0,
            0.0,
            0.0,
            0.0,
            0.0,
            0.0,
            0.0,
            0.0,
            0.0,
            0.0,
            0.0,
            0.0,
            0.0,
            0.0,
            0.0,
            0.0,
            0.0,
            0.0,
            0.0,
            0.003159,
            0.0,
            0.0,
            0.0,
            0.0,
            0.0,
            0.0,
            0.006316,
            0.006316,
            0.006316,
            0.006316,
            0.006316,
            0.006316,
            0.006316,
            0.006316,
            0.006316,
            0.006316,
            0.006316,
            0.006316,
            0.006316,
            0.006316,
            0.006316,
            0.006316
        ],
        [
            0.245853,
            0.312543,
            0.17194199999999998,
            0.22342099999999998,
            0.251627,
            0.24803199999999997,
            0.253943,
            0.260239,
            0.0,
            0.0,
            0.0,
            0.0,
            0.0,
            0.0,
            0.0,
            0.006312,
            0.0,
            0.0,
            0.0,
            0.0,
            0.0,
            0.0,
            0.0,
            0.0,
            0.0,
            0.0,
            0.0,
            0.0,
            0.0,
            0.0,
            0.0,
            0.0,
            0.0,
            0.0,
            0.0,
            0.0,
            0.0,
            0.0,
            0.0,
            0.0,
            0.0,
            0.0,
            0.003159,
            0.0,
            0.0,
            0.0,
            0.0,
            0.0,
            0.0,
            0.006316,
            0.006316,
            0.006316,
            0.006316,
            0.006316,
            0.006316,
            0.006316,
            0.006316,
            0.006316,
            0.006316,
            0.006316,
            0.006316,
            0.006316,
            0.006316,
            0.006316,
            0.006316
        ],
        [
            0.245853,
            0.312543,
            0.17194199999999998,
            0.22342099999999998,
            0.251627,
            0.24803199999999997,
            0.253943,
            0.260239,
            0.0,
            0.0,
            0.0,
            0.0,
            0.0,
            0.0,
            0.0,
            0.006312,
            0.0,
            0.0,
            0.0,
            0.0,
            0.0,
            0.0,
            0.0,
            0.0,
            0.0,
            0.0,
            0.0,
            0.0,
            0.0,
            0.0,
            0.0,
            0.0,
            0.0,
            0.0,
            0.0,
            0.0,
            0.0,
            0.0,
            0.0,
            0.0,
            0.0,
            0.0,
            0.003159,
            0.0,
            0.0,
            0.0,
            0.0,
            0.0,
            0.0,
            0.006316,
            0.006316,
            0.006316,
            0.006316,
            0.006316,
            0.006316,
            0.006316,
            0.006316,
            0.006316,
            0.006316,
            0.006316,
            0.006316,
            0.006316,
            0.006316,
            0.006316,
            0.006316
        ],
        [
            0.245853,
            0.312543,
            0.17194199999999998,
            0.22342099999999998,
            0.251627,
            0.24803199999999997,
            0.253943,
            0.260239,
            0.0,
            0.0,
            0.0,
            0.0,
            0.0,
            0.0,
            0.0,
            0.006312,
            0.0,
            0.0,
            0.0,
            0.0,
            0.0,
            0.0,
            0.0,
            0.0,
            0.0,
            0.0,
            0.0,
            0.0,
            0.0,
            0.0,
            0.0,
            0.0,
            0.0,
            0.0,
            0.0,
            0.0,
            0.0,
            0.0,
            0.0,
            0.0,
            0.0,
            0.0,
            0.003159,
            0.0,
            0.0,
            0.0,
            0.0,
            0.0,
            0.0,
            0.006316,
            0.006316,
            0.006316,
            0.006316,
            0.006316,
            0.006316,
            0.006316,
            0.006316,
            0.006316,
            0.006316,
            0.006316,
            0.006316,
            0.006316,
            0.006316,
            0.006316,
            0.006316
        ],
        [
            0.245853,
            0.312543,
            0.17194199999999998,
            0.22342099999999998,
            0.251627,
            0.24803199999999997,
            0.253943,
            0.260239,
            0.0,
            0.0,
            0.0,
            0.0,
            0.0,
            0.0,
            0.0,
            0.006312,
            0.0,
            0.0,
            0.0,
            0.0,
            0.0,
            0.0,
            0.0,
            0.0,
            0.0,
            0.0,
            0.0,
            0.0,
            0.0,
            0.0,
            0.0,
            0.0,
            0.0,
            0.0,
            0.0,
            0.0,
            0.0,
            0.0,
            0.0,
            0.0,
            0.0,
            0.0,
            0.003159,
            0.0,
            0.0,
            0.0,
            0.0,
            0.0,
            0.0,
            0.006316,
            0.006316,
            0.006316,
            0.006316,
            0.006316,
            0.006316,
            0.006316,
            0.006316,
            0.006316,
            0.006316,
            0.006316,
            0.006316,
            0.006316,
            0.006316,
            0.006316,
            0.006316
        ],
        [
            0.245853,
            0.312543,
            0.17194199999999998,
            0.22342099999999998,
            0.251627,
            0.24803199999999997,
            0.253943,
            0.260239,
            0.0,
            0.0,
            0.0,
            0.0,
            0.0,
            0.0,
            0.0,
            0.006312,
            0.0,
            0.0,
            0.0,
            0.0,
            0.0,
            0.0,
            0.0,
            0.0,
            0.0,
            0.0,
            0.0,
            0.0,
            0.0,
            0.0,
            0.0,
            0.0,
            0.0,
            0.0,
            0.0,
            0.0,
            0.0,
            0.0,
            0.0,
            0.0,
            0.0,
            0.0,
            0.003159,
            0.0,
            0.0,
            0.0,
            0.0,
            0.0,
            0.0,
            0.006316,
            0.006316,
            0.006316,
            0.006316,
            0.006316,
            0.006316,
            0.006316,
            0.006316,
            0.006316,
            0.006316,
            0.006316,
            0.006316,
            0.006316,
            0.006316,
            0.006316,
            0.006316
        ],
        [
            0.245853,
            0.312543,
            0.17194199999999998,
            0.22342099999999998,
            0.251627,
            0.24803199999999997,
            0.253943,
            0.260239,
            0.0,
            0.0,
            0.0,
            0.0,
            0.0,
            0.0,
            0.0,
            0.006312,
            0.0,
            0.0,
            0.0,
            0.0,
            0.0,
            0.0,
            0.0,
            0.0,
            0.0,
            0.0,
            0.0,
            0.0,
            0.0,
            0.0,
            0.0,
            0.0,
            0.0,
            0.0,
            0.0,
            0.0,
            0.0,
            0.0,
            0.0,
            0.0,
            0.0,
            0.0,
            0.003159,
            0.0,
            0.0,
            0.0,
            0.0,
            0.0,
            0.0,
            0.006316,
            0.006316,
            0.006316,
            0.006316,
            0.006316,
            0.006316,
            0.006316,
            0.006316,
            0.006316,
            0.006316,
            0.006316,
            0.006316,
            0.006316,
            0.006316,
            0.006316,
            0.006316
        ],
        [
            0.245853,
            0.312543,
            0.17194199999999998,
            0.22342099999999998,
            0.251627,
            0.24803199999999997,
            0.253943,
            0.260239,
            0.0,
            0.0,
            0.0,
            0.0,
            0.0,
            0.0,
            0.0,
            0.006312,
            0.0,
            0.0,
            0.0,
            0.0,
            0.0,
            0.0,
            0.0,
            0.0,
            0.0,
            0.0,
            0.0,
            0.0,
            0.0,
            0.0,
            0.0,
            0.0,
            0.0,
            0.0,
            0.0,
            0.0,
            0.0,
            0.0,
            0.0,
            0.0,
            0.0,
            0.0,
            0.003159,
            0.0,
            0.0,
            0.0,
            0.0,
