{
    "NEXUS_FILE_URL": "http://purl.org/phylo/treebase/phylows/study/TB2:S14038",
    "NEWICK_TREE": "(1:0.551535,2:0.165717,((((((((3:0.001609,4:0.001593,5:0.001589,6:0.001624,7:0.001613,8:0.001596):0.005058,9:0.004701):0.018623,((10:0.001608,11:0.001567,12:0.001565,13:0.001562):0.006726,14:0.007734):0.009469):0.060274,15:0.079351):0.023906,(16:0.032186,17:0.062904):0.028983):0.031862,18:0.040772):0.034968,(((19:0.009971,20:0.031887):0.006703,21:0.008019):0.211896,(22:0.021306,23:0.015757):0.111671):0.045325,(24:0.003893,25:0.002564):0.04999):0.040735,(26:0.031615,27:0.060872):0.055184):0.046168);",
    "DISTANCE_MATRIX": [
        [
            0.0,
            0.717252,
            0.814738,
            0.814722,
            0.814718,
            0.8147530000000001,
            0.8147420000000001,
            0.8147249999999999,
            0.812772,
            0.8072509999999999,
            0.80721,
            0.8072079999999999,
            0.807205,
            0.806651,
            0.8085249999999999,
            0.766437,
            0.7971550000000001,
            0.714178,
            0.9123330000000001,
            0.934249,
            0.903678,
            0.81674,
            0.811191,
            0.692321,
            0.690992,
            0.6845019999999999,
            0.713759
        ],
        [
            0.717252,
            0.0,
            0.42892,
            0.428904,
            0.4289,
            0.428935,
            0.428924,
            0.428907,
            0.426954,
            0.421433,
            0.421392,
            0.42139,
            0.421387,
            0.420833,
            0.422707,
            0.380619,
            0.411337,
            0.32836,
            0.5265150000000001,
            0.548431,
            0.51786,
            0.430922,
            0.425373,
            0.306503,
            0.305174,
            0.298684,
            0.327941
        ],
        [
            0.814738,
            0.42892,
            0.0,
            0.003202,
            0.003198,
            0.0032329999999999998,
            0.003222,
            0.003205,
            0.011368,
            0.043093,
            0.043052,
            0.04305,
            0.043047,
            0.042493,
            0.164915,
            0.17063899999999999,
            0.201357,
            0.18210400000000002,
            0.450195,
            0.472111,
            0.44154,
            0.35460200000000003,
            0.34905300000000006,
            0.23018300000000003,
            0.228854,
            0.303834,
            0.333091
        ],
        [
            0.814722,
            0.428904,
            0.003202,
            0.0,
            0.003182,
            0.0032170000000000002,
            0.003206,
            0.003189,
            0.011352000000000001,
            0.043077000000000004,
            0.043036000000000005,
            0.043034,
            0.043031,
            0.042477,
            0.16489900000000002,
            0.170623,
            0.201341,
            0.182088,
            0.450179,
            0.472095,
            0.44152399999999997,
            0.354586,
            0.34903700000000004,
            0.230167,
            0.22883799999999999,
            0.303818,
            0.333075
        ],
        [
            0.814718,
            0.4289,
            0.003198,
            0.003182,
            0.0,
            0.0032129999999999997,
            0.003202,
            0.003185,
            0.011348,
            0.043073,
            0.043032,
            0.04303,
            0.043027,
            0.042473,
            0.164895,
            0.17061900000000002,
            0.201337,
            0.182084,
            0.450175,
            0.472091,
            0.44151999999999997,
            0.354582,
            0.34903300000000004,
            0.230163,
            0.22883399999999998,
            0.303814,
            0.333071
        ],
        [
            0.8147530000000001,
            0.428935,
            0.0032329999999999998,
            0.0032170000000000002,
            0.0032129999999999997,
            0.0,
            0.0032370000000000003,
            0.0032199999999999998,
            0.011383,
            0.043108,
            0.043067,
            0.043065,
            0.043062,
            0.042508000000000004,
            0.16493000000000002,
            0.170654,
            0.201372,
            0.182119,
            0.45021,
            0.472126,
            0.441555,
            0.354617,
            0.34906800000000004,
            0.230198,
            0.228869,
            0.303849,
            0.333106
        ],
        [
            0.8147420000000001,
            0.428924,
            0.003222,
            0.003206,
            0.003202,
            0.0032370000000000003,
            0.0,
            0.003209,
            0.011372,
            0.043096999999999996,
            0.043056,
            0.043053999999999995,
            0.043051000000000006,
            0.042497,
            0.164919,
            0.170643,
            0.201361,
            0.18210800000000002,
            0.450199,
            0.472115,
            0.441544,
            0.35460600000000003,
            0.34905700000000006,
            0.23018700000000003,
            0.228858,
            0.303838,
            0.33309500000000003
        ],
        [
            0.8147249999999999,
            0.428907,
            0.003205,
            0.003189,
            0.003185,
            0.0032199999999999998,
            0.003209,
            0.0,
            0.011355,
            0.04308,
            0.043039,
            0.043037,
            0.043034,
            0.042480000000000004,
            0.164902,
            0.170626,
            0.201344,
            0.182091,
            0.45018199999999997,
            0.472098,
            0.441527,
            0.35458900000000004,
            0.34904,
            0.23016999999999999,
            0.228841,
            0.303821,
            0.333078
        ],
        [
            0.812772,
            0.426954,
            0.011368,
            0.011352000000000001,
            0.011348,
            0.011383,
            0.011372,
            0.011355,
            0.0,
            0.041127,
            0.041086,
            0.041083999999999996,
            0.041081000000000006,
            0.040527,
            0.162949,
            0.16867300000000002,
            0.19939099999999998,
            0.180138,
            0.448229,
            0.470145,
            0.43957399999999996,
            0.352636,
            0.34708700000000003,
            0.228217,
            0.22688799999999998,
            0.30186799999999997,
            0.331125
        ],
        [
            0.8072509999999999,
            0.421433,
            0.043093,
            0.043077000000000004,
            0.043073,
            0.043108,
            0.043096999999999996,
            0.04308,
            0.041127,
            0.0,
            0.003175,
            0.003173,
            0.00317,
            0.016068000000000002,
            0.157428,
            0.16315200000000002,
            0.19387,
            0.174617,
            0.442708,
            0.464624,
            0.43405299999999997,
            0.347115,
            0.34156600000000004,
            0.222696,
            0.22136699999999998,
            0.29634699999999997,
            0.325604
        ],
        [
            0.80721,
            0.421392,
            0.043052,
            0.043036000000000005,
            0.043032,
            0.043067,
            0.043056,
            0.043039,
            0.041086,
            0.003175,
            0.0,
            0.0031320000000000002,
            0.003129,
            0.016027,
            0.157387,
            0.163111,
            0.19382899999999997,
            0.17457599999999998,
            0.442667,
            0.46458299999999997,
            0.43401199999999995,
            0.347074,
            0.34152499999999997,
            0.222655,
            0.22132599999999997,
            0.29630599999999996,
            0.32556299999999994
        ],
        [
            0.8072079999999999,
            0.42139,
            0.04305,
            0.043034,
            0.04303,
            0.043065,
            0.043053999999999995,
            0.043037,
            0.041083999999999996,
            0.003173,
            0.0031320000000000002,
            0.0,
            0.003127,
            0.016025,
            0.157385,
            0.163109,
            0.19382699999999997,
            0.17457399999999998,
            0.442665,
            0.46458099999999997,
            0.43400999999999995,
            0.347072,
            0.341523,
            0.222653,
            0.22132399999999997,
            0.29630399999999996,
            0.325561
        ],
        [
            0.807205,
            0.421387,
            0.043047,
            0.043031,
            0.043027,
            0.043062,
            0.043051000000000006,
            0.043034,
            0.041081000000000006,
            0.00317,
            0.003129,
            0.003127,
            0.0,
            0.016022,
            0.15738200000000002,
            0.163106,
            0.193824,
            0.174571,
            0.442662,
            0.464578,
            0.434007,
            0.347069,
            0.34152000000000005,
            0.22265000000000001,
            0.221321,
            0.296301,
            0.325558
        ],
        [
            0.806651,
            0.420833,
            0.042493,
            0.042477,
            0.042473,
            0.042508000000000004,
            0.042497,
            0.042480000000000004,
            0.040527,
            0.016068000000000002,
            0.016027,
            0.016025,
            0.016022,
            0.0,
            0.15682800000000002,
            0.162552,
            0.19327,
            0.174017,
            0.442108,
            0.464024,
            0.433453,
            0.346515,
            0.340966,
            0.22209600000000002,
            0.220767,
            0.295747,
            0.32500399999999996
        ],
        [
            0.8085249999999999,
            0.422707,
            0.164915,
            0.16489900000000002,
            0.164895,
            0.16493000000000002,
            0.164919,
            0.164902,
            0.162949,
            0.157428,
            0.157387,
            0.157385,
            0.15738200000000002,
            0.15682800000000002,
            0.0,
            0.16442600000000002,
            0.19514399999999998,
            0.175891,
            0.443982,
            0.465898,
            0.43532699999999996,
            0.348389,
            0.34284000000000003,
            0.22397,
            0.22264099999999998,
            0.29762099999999997,
            0.326878
        ],
        [
            0.766437,
            0.380619,
            0.17063899999999999,
            0.170623,
            0.17061900000000002,
            0.170654,
            0.170643,
            0.170626,
            0.16867300000000002,
            0.16315200000000002,
            0.163111,
            0.163109,
            0.163106,
            0.162552,
            0.16442600000000002,
            0.0,
            0.09509000000000001,
            0.133803,
            0.401894,
            0.42381,
            0.393239,
            0.30630100000000005,
            0.300752,
            0.181882,
            0.180553,
            0.255533,
            0.28479
        ],
        [
            0.7971550000000001,
            0.411337,
            0.201357,
            0.201341,
            0.201337,
            0.201372,
            0.201361,
            0.201344,
            0.19939099999999998,
            0.19387,
            0.19382899999999997,
            0.19382699999999997,
            0.193824,
            0.19327,
            0.19514399999999998,
            0.09509000000000001,
            0.0,
            0.164521,
            0.432612,
            0.454528,
            0.423957,
            0.337019,
            0.33147000000000004,
            0.2126,
            0.211271,
            0.286251,
            0.315508
        ],
        [
            0.714178,
            0.32836,
            0.18210400000000002,
            0.182088,
            0.182084,
            0.182119,
            0.18210800000000002,
            0.182091,
            0.180138,
            0.174617,
            0.17457599999999998,
            0.17457399999999998,
            0.174571,
            0.174017,
            0.175891,
            0.133803,
            0.164521,
            0.0,
            0.34963500000000003,
            0.37155099999999996,
            0.34097999999999995,
            0.254042,
            0.24849300000000002,
            0.129623,
            0.128294,
            0.20327399999999998,
            0.232531
        ],
        [
            0.9123330000000001,
            0.5265150000000001,
            0.450195,
            0.450179,
            0.450175,
            0.45021,
            0.450199,
            0.45018199999999997,
            0.448229,
            0.442708,
            0.442667,
            0.442665,
            0.442662,
            0.442108,
            0.443982,
            0.401894,
            0.432612,
            0.34963500000000003,
            0.0,
            0.041858,
            0.024693,
            0.361547,
            0.35599800000000004,
            0.327778,
            0.326449,
            0.40142900000000004,
            0.430686
        ],
        [
            0.934249,
            0.548431,
            0.472111,
            0.472095,
            0.472091,
            0.472126,
            0.472115,
            0.472098,
            0.470145,
            0.464624,
            0.46458299999999997,
            0.46458099999999997,
            0.464578,
            0.464024,
            0.465898,
            0.42381,
            0.454528,
            0.37155099999999996,
            0.041858,
            0.0,
            0.046609,
            0.383463,
            0.37791399999999997,
            0.349694,
            0.348365,
            0.42334499999999997,
            0.452602
        ],
        [
            0.903678,
            0.51786,
            0.44154,
            0.44152399999999997,
            0.44151999999999997,
            0.441555,
            0.441544,
            0.441527,
            0.43957399999999996,
            0.43405299999999997,
            0.43401199999999995,
            0.43400999999999995,
            0.434007,
            0.433453,
            0.43532699999999996,
            0.393239,
            0.423957,
            0.34097999999999995,
            0.024693,
            0.046609,
            0.0,
            0.352892,
            0.347343,
            0.319123,
            0.31779399999999997,
            0.39277399999999996,
            0.422031
        ],
        [
            0.81674,
            0.430922,
            0.35460200000000003,
            0.354586,
            0.354582,
            0.354617,
            0.35460600000000003,
            0.35458900000000004,
            0.352636,
            0.347115,
            0.347074,
            0.347072,
            0.347069,
            0.346515,
            0.348389,
            0.30630100000000005,
            0.337019,
            0.254042,
            0.361547,
            0.383463,
            0.352892,
            0.0,
            0.037063,
            0.23218500000000003,
            0.230856,
            0.305836,
            0.335093
        ],
        [
            0.811191,
            0.425373,
            0.34905300000000006,
            0.34903700000000004,
            0.34903300000000004,
            0.34906800000000004,
            0.34905700000000006,
            0.34904,
            0.34708700000000003,
            0.34156600000000004,
            0.34152499999999997,
            0.341523,
            0.34152000000000005,
            0.340966,
            0.34284000000000003,
            0.300752,
            0.33147000000000004,
            0.24849300000000002,
            0.35599800000000004,
            0.37791399999999997,
            0.347343,
            0.037063,
            0.0,
            0.226636,
            0.225307,
            0.30028699999999997,
            0.329544
        ],
        [
            0.692321,
            0.306503,
            0.23018300000000003,
            0.230167,
            0.230163,
            0.230198,
            0.23018700000000003,
            0.23016999999999999,
            0.228217,
            0.222696,
            0.222655,
            0.222653,
            0.22265000000000001,
            0.22209600000000002,
            0.22397,
            0.181882,
            0.2126,
            0.129623,
            0.327778,
            0.349694,
            0.319123,
            0.23218500000000003,
            0.226636,
            0.0,
            0.006457,
            0.181417,
            0.210674
        ],
        [
            0.690992,
            0.305174,
            0.228854,
            0.22883799999999999,
            0.22883399999999998,
            0.228869,
            0.228858,
            0.228841,
            0.22688799999999998,
            0.22136699999999998,
            0.22132599999999997,
            0.22132399999999997,
            0.221321,
            0.220767,
            0.22264099999999998,
            0.180553,
            0.211271,
            0.128294,
            0.326449,
            0.348365,
            0.31779399999999997,
            0.230856,
            0.225307,
            0.006457,
            0.0,
            0.18008799999999997,
            0.209345
        ],
        [
            0.6845019999999999,
            0.298684,
            0.303834,
            0.303818,
            0.303814,
            0.303849,
            0.303838,
            0.303821,
            0.30186799999999997,
            0.29634699999999997,
            0.29630599999999996,
            0.29630399999999996,
            0.296301,
            0.295747,
            0.29762099999999997,
            0.255533,
            0.286251,
            0.20327399999999998,
            0.40142900000000004,
            0.42334499999999997,
            0.39277399999999996,
            0.305836,
            0.30028699999999997,
            0.181417,
            0.18008799999999997,
            0.0,
            0.092487
        ],
        [
            0.713759,
            0.327941,
            0.333091,
            0.333075,
            0.333071,
            0.333106,
            0.33309500000000003,
            0.333078,
            0.331125,
            0.325604,
            0.32556299999999994,
            0.325561,
            0.325558,
            0.32500399999999996,
            0.326878,
            0.28479,
            0.315508,
            0.232531,
            0.430686,
            0.452602,
            0.422031,
            0.335093,
            0.329544,
            0.210674,
            0.209345,
            0.092487,
            0.0
        ]
    ],
    "NODE_MAPPING": {
        "0": "1",
        "1": "2",
        "2": "3",
        "3": "4",
        "4": "5",
        "5": "6",
        "6": "7",
        "7": "8",
        "8": "9",
        "9": "10",
        "10": "11",
        "11": "12",
        "12": "13",
        "13": "14",
        "14": "15",
        "15": "16",
        "16": "17",
        "17": "18",
        "18": "19",
        "19": "20",
        "20": "21",
        "21": "22",
        "22": "23",
        "23": "24",
        "24": "25",
        "25": "26",
        "26": "27"
    }
}