{
    "NEXUS_FILE_URL": "http://purl.org/phylo/treebase/phylows/study/TB2:S11551",
    "NEWICK_TREE": "((1:0.050394,2:0.035196):0.051798,(3:0.070094,(4:0.030579,5:0.029275):0.063441):0.03115,((6:0.016987,7:0.019891):0.05207,(((8:0.023875,9:0.030917):0.003517,10:0.033292):0.012337,((11:0.01216,12:0.013105):0.002842,13:0.017601):0.031245):0.012197):0.057327);",
    "DISTANCE_MATRIX": [
        [
            0.0,
            0.08559,
            0.203436,
            0.227362,
            0.22605799999999998,
            0.228576,
            0.23148000000000002,
            0.211445,
            0.21848700000000001,
            0.217345,
            0.21796300000000002,
            0.218908,
            0.220562
        ],
        [
            0.08559,
            0.0,
            0.188238,
            0.212164,
            0.21086,
            0.21337799999999998,
            0.216282,
            0.196247,
            0.203289,
            0.202147,
            0.20276499999999997,
            0.20371,
            0.205364
        ],
        [
            0.203436,
            0.188238,
            0.0,
            0.16411399999999998,
            0.16281,
            0.227628,
            0.23053200000000001,
            0.210497,
            0.217539,
            0.216397,
            0.217015,
            0.21796,
            0.219614
        ],
        [
            0.227362,
            0.212164,
            0.16411399999999998,
            0.0,
            0.059854,
            0.251554,
            0.254458,
            0.234423,
            0.241465,
            0.240323,
            0.24094100000000002,
            0.241886,
            0.24354
        ],
        [
            0.22605799999999998,
            0.21086,
            0.16281,
            0.059854,
            0.0,
            0.25025,
            0.253154,
            0.233119,
            0.240161,
            0.23901899999999998,
            0.239637,
            0.240582,
            0.242236
        ],
        [
            0.228576,
            0.21337799999999998,
            0.227628,
            0.251554,
            0.25025,
            0.0,
            0.036877999999999994,
            0.120983,
            0.128025,
            0.126883,
            0.12750099999999998,
            0.128446,
            0.1301
        ],
        [
            0.23148000000000002,
            0.216282,
            0.23053200000000001,
            0.254458,
            0.253154,
            0.036877999999999994,
            0.0,
            0.123887,
            0.130929,
            0.12978699999999999,
            0.130405,
            0.13135,
            0.133004
        ],
        [
            0.211445,
            0.196247,
            0.210497,
            0.234423,
            0.233119,
            0.120983,
            0.123887,
            0.0,
            0.054792,
            0.060684,
            0.085976,
            0.086921,
            0.088575
        ],
        [
            0.21848700000000001,
            0.203289,
            0.217539,
            0.241465,
            0.240161,
            0.128025,
            0.130929,
            0.054792,
            0.0,
            0.06772600000000001,
            0.09301799999999999,
            0.09396299999999999,
            0.09561700000000001
        ],
        [
            0.217345,
            0.202147,
            0.216397,
            0.240323,
            0.23901899999999998,
            0.126883,
            0.12978699999999999,
            0.060684,
            0.06772600000000001,
            0.0,
            0.091876,
            0.092821,
            0.094475
        ],
        [
            0.21796300000000002,
            0.20276499999999997,
            0.217015,
            0.24094100000000002,
            0.239637,
            0.12750099999999998,
            0.130405,
            0.085976,
            0.09301799999999999,
            0.091876,
            0.0,
            0.025265000000000003,
            0.032603
        ],
        [
            0.218908,
            0.20371,
            0.21796,
            0.241886,
            0.240582,
            0.128446,
            0.13135,
            0.086921,
            0.09396299999999999,
            0.092821,
            0.025265000000000003,
            0.0,
            0.033547999999999994
        ],
        [
            0.220562,
            0.205364,
            0.219614,
            0.24354,
            0.242236,
            0.1301,
            0.133004,
            0.088575,
            0.09561700000000001,
            0.094475,
            0.032603,
            0.033547999999999994,
            0.0
        ]
    ],
    "NODE_MAPPING": {
        "0": "1",
        "1": "2",
        "2": "3",
        "3": "4",
        "4": "5",
        "5": "6",
        "6": "7",
        "7": "8",
        "8": "9",
        "9": "10",
        "10": "11",
        "11": "12",
        "12": "13"
    }
}