{
    "NEXUS_FILE_URL": "http://purl.org/phylo/treebase/phylows/study/TB2:S12607",
    "NEWICK_TREE": "((((2:0.009643190594824423,3:0.011202295132775375):9.486210655058102E-4,4:0.028873408696895586):0.07927696303798602,((5:0.03572969504920531,(6:0.015486921502120925,7:0.0347995354146609):0.030738237627958537):0.02111159725658015,((8:0.041371654463057884,(((10:0.013926985176143597,11:0.04199662790037358):0.01660956349217498,(12:0.043888676089619105,(13:0.03033125646284965,14:0.035130091176088854):0.011708729122359967):0.015356170405502599):0.002321366924232733,((15:0.05049855942689976,16:0.033984781862529075):0.0191710304654448,(17:0.05705629457930784,(19:0.028694903192871712,18:0.10245755372862114):0.062104180827912595):0.01861765349741171):0.003620449812515668):0.003605864039061957):4.573193618702643E-4,((9:0.14649049054338983,((26:0.07829997820478055,(27:0.07375335395526196,28:0.1285103501642532):0.026292952987365704):0.00757768109284296,((29:0.049018499504768796,30:0.0435037723743029):0.007188865367643287,(31:0.04419266914599828,((32:0.04739248955149721,33:0.04234612704176155):0.023052726360101493,((34:0.04543373493995093,(35:0.058593668943291335,((36:0.17115482724415007,(37:0.1071407638386535,(38:0.07419351175213107,39:0.026825296022453086):0.10495819028158151):0.00857325216228493):1.1421553171957E-6,(40:0.17447509170225683,(41:0.057143029726762204,42:0.05647505402585589):0.029451977630051505):0.01572571121464714):0.016392637588284607):0.0036043080099743907):0.0024255702605179316,(43:0.07644543050194616,44:0.09168952951814321):0.022014723819069115):0.0028734688043044613):0.025687494267162356):0.008732786168291203):0.005326309244981929):0.022710277635773785):0.005621312822911993,(20:0.10763430668601859,(21:0.09236819463965514,(22:0.09705322310494095,(23:0.03583454241072123,(24:0.048541360089227985,25:0.03678721420453868):0.1607289748559411):0.005103458648117607):0.025189996634894813):0.014635434761886997):0.030284446180926128):1.1421553171957E-6):0.023903972177545134):0.007302042348837432):1.1421553171957E-6,((((((45:0.40118825183607,(46:0.26099201342255507,47:0.17265618879922875):0.15023794938946816):0.40938106364628296,((48:0.03326025295588885,49:0.031475485053256154):0.004048659945140039,(50:0.021888954605167057,51:0.03499188470094783):0.0062310783595509655):0.06958911198561872):0.013781148342105011,((52:0.05387993665129119,(54:0.09014682463981558,53:0.046749768112419786):0.06189474866239706):0.018396309417347333,((55:0.053357670448447025,56:0.04129793131289256):0.010902838997570751,(((58:0.01601931093172894,59:0.009577341839445136):0.035856513123199804,57:0.017075604400310935):0.013941473937701553,60:0.02169278682509468):0.048768243032807995):0.0366595546032055):0.033981330579407075):0.05287814613372484,61:0.10015094409985041):0.008139088896261805,(62:0.04729442429948242,(64:0.019160461195811943,63:0.020275566304604982):0.032757585929115464):0.06290830199945172):0.04465771527669439,((((65:0.7097455836062863,(69:0.2251431467299777,70:0.855026006297357):0.06896549603609434):0.03498685438392758,67:0.2594181904716425):1.1421553171957E-6,(66:0.28714351172088687,68:0.3930762616045096):0.08530771612326006):0.1349444064172566,((71:0.2665481365445199,72:0.1612063512428875):0.12364037342203624,(73:0.3502707815179568,((74:0.22576956389715788,((75:0.05559025213304702,76:0.08623096500089902):0.057767479919863654,77:0.0858401696665947):0.1711013858955726):0.05549169505621935,((78:0.26676284223024493,(80:0.17064408347758112,79:0.295226940286876):0.18957744711743377):0.15212579799987536,81:1.5644141327147387):0.08146892114200512):0.06588040425036158):0.05443108327569634):0.06513985868737027):0.21865164841625867):0.27769463752966334,1:0.10713485179099225);",
    "DISTANCE_MATRIX": [
        [
            0.0,
            0.020845485727599797,
            0.03946522035722582,
            0.15401210935293913,
            0.16450757343381328,
            0.18382018734635325,
            0.16290376304962695,
            0.15799588821818233,
            0.18606553094241235,
            0.18670418604498545,
            0.184855495540576,
            0.18965433025381517,
            0.1984280123304913,
            0.18191423476612056,
            0.20443237051486624,
            0.23817515995634272,
            0.3119378104920921,
            0.27318773474631786,
            0.2352851811363253,
            0.25703150987417245,
            0.31178850608316366,
            0.21094119595609578,
            0.20542646882562993,
            0.2076592863979732,
            0.259599327430736,
            0.2545529649210003,
            0.2398868855239106,
            0.2566511275372254,
            0.385606065581686,
            0.3301652543384743,
            0.4021761925335334,
            0.35480797680385534,
            0.40465089909912266,
            0.3167708147536795,
            0.31610283905277325,
            0.29048773464445704,
            0.3057318336606541,
            0.2589946842469607,
            0.2583640069624843,
            0.2882390320626649,
            0.2321238100165628,
            0.40555960255101065,
            0.3938054566663214,
            1.2975899685144359,
            1.307631679490389,
            1.2192958548670627,
            0.5939186779187304,
            0.5921339100160977,
            0.5847297979824195,
            0.5978327280782003,
            0.5794970813380235,
            0.6776587179889448,
            0.634261661461549,
            0.6081408993186082,
            0.5960811601830537,
            0.6584659308980287,
            0.6520239618057448,
            0.6236657112434109,
            0.614341419730493,
            0.5205123026561034,
            0.5224249959589253,
            0.5270486187843703,
            0.5281637238931634,
            1.4658941893623432,
            1.0502572485221289,
            1.6801401080895082,
            0.9805799418437717,
            1.093611837060959,
            1.1995445869445818,
            1.041544571453482,
            0.9362027861518496,
            1.056057926280579,
            1.0529288079663608,
            1.1116183620176863,
            1.1422590748855384,
            1.0841007996313703,
            1.272025110385109,
            1.3654837987498791,
            1.490066655559174,
            2.417550602869728,
            0.19700476864462568
        ],
        [
            0.020845485727599797,
            0.0,
            0.04102432489517677,
            0.1555712138908901,
            0.16606667797176425,
            0.18537929188430421,
            0.16446286758757792,
            0.1595549927561333,
            0.1876246354803633,
            0.18826329058293642,
            0.18641460007852695,
            0.19121343479176614,
            0.19998711686844223,
            0.18347333930407153,
            0.2059914750528172,
            0.2397342644942937,
            0.3134969150300431,
            0.2747468392842688,
            0.23684428567427623,
            0.2585906144121234,
            0.3133476106211146,
            0.21250030049404675,
            0.20698557336358087,
            0.20921839093592415,
            0.26115843196868693,
            0.2561120694589513,
            0.24144599006186157,
            0.25821023207517635,
            0.3871651701196369,
            0.33172435887642526,
            0.40373529707148437,
            0.35636708134180634,
            0.4062100036370736,
            0.3183299192916305,
            0.3176619435907242,
            0.292046839182408,
            0.30729093819860503,
            0.2605537887849117,
            0.25992311150043523,
            0.2897981366006159,
            0.23368291455451373,
            0.40711870708896164,
            0.3953645612042723,
            1.299149073052387,
            1.30919078402834,
            1.2208549594050138,
            0.5954777824566814,
            0.5936930145540487,
            0.5862889025203705,
            0.5993918326161513,
            0.5810561858759744,
            0.6792178225268958,
            0.6358207659995,
            0.6097000038565591,
            0.5976402647210046,
            0.6600250354359797,
            0.6535830663436958,
            0.6252248157813618,
            0.615900524268444,
            0.5220714071940543,
            0.5239841004968763,
            0.5286077233223212,
            0.5297228284311143,
            1.4674532939002942,
            1.05181635306008,
            1.6816992126274593,
            0.9821390463817227,
            1.0951709415989102,
            1.2011036914825328,
            1.043103675991433,
            0.9377618906898005,
            1.05761703081853,
            1.0544879125043118,
            1.1131774665556373,
            1.1438181794234894,
            1.0856599041693213,
            1.27358421492306,
            1.3670429032878302,
            1.491625760097125,
            2.4191097074076784,
            0.19856387318257665
        ],
        [
            0.03946522035722582,
            0.04102432489517677,
            0.0,
            0.1722937063895045,
            0.18278917047037865,
            0.20210178438291862,
            0.18118536008619232,
            0.1762774852547477,
            0.2043471279789777,
            0.20498578308155083,
            0.20313709257714135,
            0.20793592729038055,
            0.21670960936705663,
            0.20019583180268594,
            0.2227139675514316,
            0.2564567569929081,
            0.3302194075286575,
            0.2914693317828832,
            0.25356677817289064,
            0.2753131069107378,
            0.330070103119729,
            0.22922279299266116,
            0.22370806586219527,
            0.22594088343453855,
            0.27788092446730134,
            0.2728345619575657,
            0.258168482560476,
            0.27493272457379075,
            0.4038876626182513,
            0.34844685137503967,
            0.42045778957009877,
            0.37308957384042074,
            0.422932496135688,
            0.3350524117902449,
            0.3343844360893386,
            0.3087693316810224,
            0.32401343069721944,
            0.2772762812835261,
            0.27664560399904964,
            0.3065206290992303,
            0.25040540705312814,
            0.42384119958757605,
            0.41208705370288673,
            1.3158715655510012,
            1.3259132765269543,
            1.237577451903628,
            0.6122002749552958,
            0.6104155070526631,
            0.6030113950189849,
            0.6161143251147657,
            0.5977786783745888,
            0.6959403150255102,
            0.6525432584981145,
            0.6264224963551736,
            0.6143627572196191,
            0.6767475279345941,
            0.6703055588423102,
            0.6419473082799763,
            0.6326230167670585,
            0.5387938996926688,
            0.5407065929954906,
            0.5453302158209357,
            0.5464453209297288,
            1.4841757863989085,
            1.0685388455586942,
            1.6984217051260735,
            0.9988615388803371,
            1.1118934340975244,
            1.217826183981147,
            1.0598261684900472,
            0.954484383188415,
            1.0743395233171442,
            1.071210405002926,
            1.1298999590542516,
            1.1605406719221036,
            1.1023823966679356,
            1.2903067074216743,
            1.3837653957864444,
            1.5083482525957392,
            2.435832199906293,
            0.21528636568119106
        ],
        [
            0.15401210935293913,
            0.1555712138908901,
            0.1722937063895045,
            0.0,
            0.08195485417928478,
            0.10126746809182476,
            0.12257423830825875,
            0.11766636347681413,
            0.14573600620104413,
            0.14637466130361726,
            0.1445259707992078,
            0.14932480551244698,
            0.15809848758912307,
            0.14158471002475237,
            0.16410284577349804,
            0.1978456352149745,
            0.27160828575072393,
            0.23285821000494963,
            0.19495565639495707,
            0.21670198513280423,
            0.2714589813417954,
            0.1706116712147276,
            0.1650969440842617,
            0.167329761656605,
            0.21926980268936777,
            0.21422344017963213,
            0.19955736078254238,
            0.2163216027958572,
            0.3452765408403177,
            0.2898357295971061,
            0.3618466677921652,
            0.31447845206248715,
            0.3643213743577544,
            0.2764412900123113,
            0.275773314311405,
            0.2501582099030888,
            0.26540230891928585,
            0.2186651595055925,
            0.21803448222111604,
            0.24790950732129668,
            0.19179428527519457,
            0.36523007780964245,
            0.35347593192495314,
            1.2718645284707426,
            1.2819062394466958,
            1.1935704148233695,
            0.5681932378750371,
            0.5664084699724043,
            0.5590043579387262,
            0.5721072880345069,
            0.5537716412943301,
            0.6519332779452515,
            0.6085362214178557,
            0.5824154592749148,
            0.5703557201393603,
            0.6327404908543354,
            0.6262985217620515,
            0.5979402711997175,
            0.5886159796867997,
            0.49478686261241,
            0.49669955591523196,
            0.5013231787406769,
            0.50243828384947,
            1.44016874931865,
            1.0245318084784356,
            1.654414668045815,
            0.9548545018000784,
            1.0678863970172658,
            1.1738191469008885,
            1.0158191314097886,
            0.9104773461081562,
            1.0303324862368857,
            1.0272033679226675,
            1.085892921973993,
            1.116533634841845,
            1.058375359587677,
            1.2462996703414158,
            1.3397583587061859,
            1.4643412155154807,
            2.3918251628260343,
            0.17127932860093234
        ],
        [
            0.16450757343381328,
            0.16606667797176425,
            0.18278917047037865,
            0.08195485417928478,
            0.0,
            0.050286456916781824,
            0.1330697023891329,
            0.1281618275576883,
            0.15623147028191828,
            0.1568701253844914,
            0.15502143488008194,
            0.15982026959332113,
            0.16859395166999722,
            0.15208017410562652,
            0.1745983098543722,
            0.20834109929584865,
            0.2821037498315981,
            0.24335367408582378,
            0.20545112047583122,
            0.22719744921367838,
            0.28195444542266956,
            0.18110713529560174,
            0.17559240816513585,
            0.17782522573747914,
            0.22976526677024192,
            0.22471890426050628,
            0.21005282486341653,
            0.22681706687673134,
            0.3557720049211919,
            0.3003311936779802,
            0.37234213187303933,
            0.32497391614336135,
            0.37481683843862856,
            0.2869367540931855,
            0.28626877839227916,
            0.260653673983963,
            0.27589777300016005,
            0.22916062358646666,
            0.2285299463019902,
            0.25840497140217084,
            0.20228974935606872,
            0.37572554189051666,
            0.3639713960058273,
            1.2823599925516167,
            1.29240170352757,
            1.2040658789042435,
            0.5786887019559113,
            0.5769039340532786,
            0.5694998220196004,
            0.5826027521153812,
            0.5642671053752042,
            0.6624287420261257,
            0.6190316854987299,
            0.592910923355789,
            0.5808511842202345,
            0.6432359549352096,
            0.6367939858429257,
            0.6084357352805917,
            0.5991114437676739,
            0.5052823266932842,
            0.5071950199961061,
            0.5118186428215511,
            0.5129337479303442,
            1.450664213399524,
            1.0350272725593097,
            1.664910132126689,
            0.9653499658809526,
            1.07838186109814,
            1.1843146109817626,
            1.0263145954906627,
            0.9209728101890304,
            1.0408279503177598,
            1.0376988320035416,
            1.096388386054867,
            1.1270290989227192,
            1.0688708236685511,
            1.2567951344222899,
            1.35025382278706,
            1.4748366795963548,
            2.402320626906908,
            0.1817747926818065
        ],
        [
            0.18382018734635325,
            0.18537929188430421,
            0.20210178438291862,
            0.10126746809182476,
            0.050286456916781824,
            0.0,
            0.15238231630167287,
            0.14747444147022826,
            0.17554408419445824,
            0.17618273929703138,
            0.1743340487926219,
            0.1791328835058611,
            0.18790656558253718,
            0.1713927880181665,
            0.19391092376691216,
            0.22765371320838862,
            0.30141636374413805,
            0.2626662879983638,
            0.2247637343883712,
            0.24651006312621834,
            0.3012670593352096,
            0.2004197492081417,
            0.19490502207767582,
            0.1971378396500191,
            0.2490778806827819,
            0.24403151817304625,
            0.2293654387759565,
            0.2461296807892713,
            0.3750846188337319,
            0.31964380759052025,
            0.39165474578557935,
            0.34428653005590126,
            0.3941294523511686,
            0.30624936800572544,
            0.3055813923048191,
            0.2799662878965029,
            0.29521038691269996,
            0.24847323749900663,
            0.24784256021453016,
            0.2777175853147108,
            0.2216023632686087,
            0.39503815580305657,
            0.3832840099183673,
            1.3016726064641566,
            1.3117143174401098,
            1.2233784928167835,
            0.5980013158684512,
            0.5962165479658185,
            0.5888124359321403,
            0.6019153660279211,
            0.5835797192877442,
            0.6817413559386656,
            0.6383442994112698,
            0.6122235372683289,
            0.6001637981327744,
            0.6625485688477495,
            0.6561065997554656,
            0.6277483491931316,
            0.6184240576802138,
            0.5245949406058241,
            0.5265076339086461,
            0.531131256734091,
            0.5322463618428841,
            1.469976827312064,
            1.0543398864718496,
            1.684222746039229,
            0.9846625797934925,
            1.0976944750106798,
            1.2036272248943025,
            1.0456272094032026,
            0.9402854241015703,
            1.0601405642302997,
            1.0570114459160815,
            1.115700999967407,
            1.146341712835259,
            1.088183437581091,
            1.2761077483348298,
            1.3695664366995999,
            1.4941492935088947,
            2.4216332408194483,
            0.20108740659434646
        ],
        [
            0.16290376304962695,
            0.16446286758757792,
            0.18118536008619232,
            0.12257423830825875,
            0.1330697023891329,
            0.15238231630167287,
            0.0,
            0.07783543409467114,
            0.10590507681890113,
            0.10654373192147429,
            0.10469504141706479,
            0.10949387613030401,
            0.11826755820698007,
            0.10175378064260938,
            0.12427191639135507,
            0.15801470583283153,
            0.23177735636858093,
            0.19394191934654717,
            0.15603936573655464,
            0.17778569447440176,
            0.23254269068339298,
            0.13169538055632515,
            0.12618065342585924,
            0.12841347099820255,
            0.1803535120309653,
            0.17530714952122967,
            0.16064107012413995,
            0.17740531213745472,
            0.3063602501819153,
            0.25091943893870366,
            0.32293037713376277,
            0.27556216140408474,
            0.325405083699352,
            0.23752499935390886,
            0.23685702365300254,
            0.21124191924468635,
            0.2264860182608834,
            0.17974886884719005,
            0.17911819156271358,
            0.20899321666289422,
            0.15287799461679213,
            0.32631378715124004,
            0.3145596412665507,
            1.2807561821674303,
            1.2907978931433834,
            1.202462068520057,
            0.5770848915717249,
            0.5753001236690922,
            0.567896011635414,
            0.5809989417311948,
            0.5626632949910179,
            0.6608249316419393,
            0.6174278751145436,
            0.5913071129716027,
            0.5792473738360482,
            0.6416321445510232,
            0.6351901754587393,
            0.6068319248964054,
            0.5975076333834876,
            0.5036785163090979,
            0.5055912096119197,
            0.5102148324373648,
            0.5113299375461579,
            1.4490604030153376,
            1.0334234621751233,
            1.6633063217425026,
            0.9637461554967662,
            1.0767780507139535,
            1.1827108005975762,
            1.0247107851064763,
            0.9193689998048441,
            1.0392241399335733,
            1.0360950216193552,
            1.0947845756706807,
            1.1254252885385327,
            1.0672670132843647,
            1.2551913240381034,
            1.3486500124028735,
            1.4732328692121683,
            2.400716816522722,
            0.18017098229762016
        ],
        [
            0.15799588821818233,
            0.1595549927561333,
            0.1762774852547477,
            0.11766636347681413,
            0.1281618275576883,
            0.14747444147022826,
            0.07783543409467114,
            0.0,
            0.05592361307651718,
            0.08978139516344028,
            0.0879327046590308,
            0.09273153937227,
            0.10614795529741153,
            0.08963417773304086,
            0.11215231348178653,
            0.145895102923263,
            0.2196577534590124,
            0.18903404451510256,
            0.15113149090511002,
            0.17287781964295715,
            0.22763481585194836,
            0.1267875057248805,
            0.12127277859441463,
            0.12350559616675792,
            0.1754456371995207,
            0.17039927468978505,
            0.1557331952926953,
            0.1724974373060101,
            0.30145237535047065,
            0.24601156410725902,
            0.3180225023023181,
            0.2706542865726401,
            0.32049720886790733,
            0.23261712452246425,
            0.23194914882155793,
            0.20633404441324174,
            0.2215781434294388,
            0.17484099401574543,
            0.17421031673126897,
            0.2040853418314496,
            0.14797011978534752,
            0.32140591231979543,
            0.30965176643510606,
            1.2758483073359856,
            1.2858900183119388,
            1.1975541936886125,
            0.5721770167402803,
            0.5703922488376476,
            0.5629881368039694,
            0.5760910668997502,
            0.5577554201595732,
            0.6559170568104947,
            0.6125200002830989,
            0.586399238140158,
            0.5743394990046036,
            0.6367242697195786,
            0.6302823006272947,
            0.6019240500649607,
            0.5925997585520429,
            0.49877064147765326,
            0.5006833347804751,
            0.5053069576059201,
            0.5064220627147132,
            1.444152528183893,
            1.0285155873436787,
            1.658398446911058,
            0.9588382806653216,
            1.0718701758825089,
            1.1778029257661315,
            1.0198029102750317,
            0.9144611249733995,
            1.0343162651021287,
            1.0311871467879106,
            1.089876700839236,
            1.1205174137070881,
            1.06235913845292,
            1.2502834492066588,
            1.343742137571429,
            1.4683249943807237,
            2.3958089416912776,
            0.17526310746617554
        ],
        [
            0.18606553094241235,
            0.1876246354803633,
            0.2043471279789777,
            0.14573600620104413,
            0.15623147028191828,
            0.17554408419445824,
            0.10590507681890113,
            0.05592361307651718,
            0.0,
            0.11785103788767026,
            0.11600234738326079,
            0.12080118209649998,
            0.13421759802164152,
            0.11770382045727085,
            0.14022195620601652,
            0.17396474564749298,
            0.24772739618324238,
            0.21710368723933254,
            0.17920113362933998,
            0.20094746236718714,
            0.25570445857617835,
            0.15485714844911053,
            0.1493424213186446,
            0.1515752388909879,
            0.20351527992375068,
            0.19846891741401504,
            0.18380283801692532,
            0.2005670800302401,
            0.32952201807470066,
            0.274081206831489,
            0.3460921450265481,
            0.2987239292968701,
            0.34856685159213735,
            0.26068676724669426,
            0.2600187915457879,
            0.23440368713747173,
            0.24964778615366878,
            0.20291063673997542,
            0.20227995945549895,
            0.2321549845556796,
            0.17603976250957748,
            0.3494755550440254,
            0.3377214091593361,
            1.3039179500602156,
            1.313959661036169,
            1.2256238364128427,
            0.6002466594645103,
            0.5984618915618776,
            0.5910577795281994,
            0.6041607096239802,
            0.5858250628838033,
            0.6839866995347247,
            0.6405896430073289,
            0.614468880864388,
            0.6024091417288335,
            0.6647939124438086,
            0.6583519433515247,
            0.6299936927891907,
            0.6206694012762729,
            0.5268402842018832,
            0.5287529775047051,
            0.5333766003301501,
            0.5344917054389432,
            1.4722221709081231,
            1.0565852300679088,
            1.6864680896352882,
            0.9869079233895516,
            1.0999398186067388,
            1.2058725684903617,
            1.0478725529992619,
            0.9425307676976294,
            1.0623859078263589,
            1.0592567895121405,
            1.117946343563466,
            1.1485870564313183,
            1.0904287811771503,
            1.2783530919308888,
            1.3718117802956589,
            1.4963946371049537,
            2.4238785844155073,
            0.20333275019040553
        ],
        [
            0.18670418604498545,
            0.18826329058293642,
            0.20498578308155083,
            0.14637466130361726,
            0.1568701253844914,
            0.17618273929703138,
            0.10654373192147429,
            0.08978139516344028,
            0.11785103788767026,
            0.0,
            0.08592866167482872,
            0.09072749638806793,
            0.13485625312421468,
            0.11834247555984398,
            0.14086061130858965,
            0.1746034007500661,
            0.24836605128581551,
            0.2177423423419057,
            0.17983978873191314,
            0.2015861174697603,
            0.2563431136787515,
            0.15549580355168366,
            0.14998107642121777,
            0.15221389399356106,
            0.20415393502632384,
            0.19910757251658817,
            0.18444149311949845,
            0.20120573513281326,
            0.3301606731772738,
            0.27471986193406217,
            0.3467308001291213,
            0.29936258439944324,
            0.3492055066947105,
            0.26132542234926737,
            0.26065744664836105,
            0.2350423422400449,
            0.25028644125624194,
            0.20354929184254855,
            0.20291861455807209,
            0.23279363965825273,
            0.17667841761215064,
            0.35011421014659855,
            0.33836006426190923,
            1.3045566051627888,
            1.314598316138742,
            1.2262624915154157,
            0.6008853145670834,
            0.5991005466644507,
            0.5916964346307725,
            0.6047993647265533,
            0.5864637179863764,
            0.6846253546372978,
            0.641228298109902,
            0.6151075359669611,
            0.6030477968314066,
            0.6654325675463817,
            0.6589905984540978,
            0.6306323478917638,
            0.621308056378846,
            0.5274789393044563,
            0.5293916326072783,
            0.5340152554327232,
            0.5351303605415163,
            1.4728608260106961,
            1.0572238851704818,
            1.6871067447378612,
            0.9875465784921247,
            1.100578473709312,
            1.2065112235929347,
            1.0485112081018348,
            0.9431694228002026,
            1.0630245629289319,
            1.0598954446147137,
            1.1185849986660392,
            1.1492257115338913,
            1.0910674362797232,
            1.278991747033462,
            1.372450435398232,
            1.497033292207527,
            2.4245172395180807,
            0.20397140529297866
        ],
        [
            0.184855495540576,
            0.18641460007852695,
            0.20313709257714135,
            0.1445259707992078,
            0.15502143488008194,
            0.1743340487926219,
            0.10469504141706479,
            0.0879327046590308,
            0.11600234738326079,
            0.08592866167482872,
            0.0,
            0.0654613476389385,
            0.13300756261980518,
            0.11649378505543449,
            0.13901192080418018,
            0.17275471024565664,
            0.24651736078140604,
            0.2158936518374962,
            0.17799109822750364,
            0.1997374269653508,
            0.254494423174342,
            0.1536471130472742,
            0.14813238591680827,
            0.15036520348915156,
            0.20230524452191434,
            0.1972588820121787,
            0.18259280261508898,
            0.19935704462840376,
            0.3283119826728643,
            0.27287117142965267,
            0.3448821096247118,
            0.2975138938950338,
            0.347356816190301,
            0.25947673184485787,
            0.2588087561439516,
            0.2331936517356354,
            0.24843775075183244,
            0.20170060133813908,
            0.2010699240536626,
            0.23094494915384325,
            0.17482972710774114,
            0.34826551964218905,
            0.33651137375749973,
            1.3027079146583793,
            1.3127496256343325,
            1.2244138010110062,
            0.5990366240626739,
            0.5972518561600413,
            0.589847744126363,
            0.6029506742221438,
            0.5846150274819669,
            0.6827766641328883,
            0.6393796076054925,
            0.6132588454625516,
            0.6011991063269972,
            0.6635838770419722,
            0.6571419079496883,
            0.6287836573873544,
            0.6194593658744365,
            0.5256302488000468,
            0.5275429421028688,
            0.5321665649283138,
            0.5332816700371068,
            1.4710121355062866,
            1.0553751946660723,
            1.6852580542334517,
            0.9856978879877152,
            1.0987297832049026,
            1.2046625330885252,
            1.0466625175974253,
            0.941320732295793,
            1.0611758724245224,
            1.0580467541103042,
            1.1167363081616297,
            1.1473770210294818,
            1.0892187457753137,
            1.2771430565290525,
            1.3706017448938226,
            1.4951846017031174,
            2.4226685490136712,
            0.2021227147885692
        ],
        [
            0.18965433025381517,
            0.19121343479176614,
            0.20793592729038055,
            0.14932480551244698,
            0.15982026959332113,
            0.1791328835058611,
            0.10949387613030401,
            0.09273153937227,
            0.12080118209649998,
            0.09072749638806793,
            0.0654613476389385,
            0.0,
            0.1378063973330444,
            0.1212926197686737,
            0.14381075551741937,
            0.17755354495889583,
            0.25131619549464523,
            0.22069248655073542,
            0.18278993294074286,
            0.20453626167859001,
            0.25929325788758123,
            0.15844594776051338,
            0.1529312206300475,
            0.15516403820239077,
            0.20710407923515356,
            0.2020577167254179,
            0.18739163732832817,
            0.20415587934164298,
            0.33311081738610354,
            0.2776700061428919,
            0.349680944337951,
            0.30231272860827296,
            0.35215565090354023,
            0.2642755665580971,
            0.26360759085719077,
            0.2379924864488746,
            0.25323658546507166,
            0.20649943605137827,
            0.2058687587669018,
            0.23574378386708245,
            0.17962856182098036,
            0.35306435435542827,
            0.34131020847073895,
            1.3075067493716186,
            1.3175484603475718,
            1.2292126357242454,
            0.6038354587759132,
            0.6020506908732804,
            0.5946465788396023,
            0.607749508935383,
            0.5894138621952061,
            0.6875754988461276,
            0.6441784423187318,
            0.6180576801757909,
            0.6059979410402364,
            0.6683827117552115,
            0.6619407426629276,
            0.6335824921005936,
            0.6242582005876758,
            0.5304290835132861,
            0.532341776816108,
            0.536965399641553,
            0.5380805047503461,
            1.475810970219526,
            1.0601740293793116,
            1.690056888946691,
            0.9904967227009545,
            1.1035286179181418,
            1.2094613678017645,
            1.0514613523106646,
            0.9461195670090323,
            1.0659747071377617,
            1.0628455888235435,
            1.121535142874869,
            1.152175855742721,
            1.094017580488553,
            1.2819418912422917,
            1.3754005796070619,
            1.4999834364163567,
            2.4274673837269103,
            0.20692154950180838
        ],
        [
            0.1984280123304913,
            0.19998711686844223,
            0.21670960936705663,
            0.15809848758912307,
            0.16859395166999722,
            0.18790656558253718,
            0.11826755820698007,
            0.10614795529741153,
            0.13421759802164152,
            0.13485625312421468,
            0.13300756261980518,
            0.1378063973330444,
            0.0,
            0.08448334128942883,
            0.14534353796906413,
            0.1790863274105406,
            0.25284897794629,
            0.22946616862741148,
            0.19156361501741892,
            0.21330994375526607,
            0.2680669399642573,
            0.16721962983718947,
            0.16170490270672355,
            0.16393772027906683,
            0.21587776131182962,
            0.21083139880209398,
            0.19616531940500426,
            0.21292956141831904,
            0.3418844994627796,
            0.28644368821956795,
            0.35845462641462705,
            0.311086410684949,
            0.3609293329802163,
            0.2730492486347732,
            0.2723812729338668,
            0.24676616852555067,
            0.2620102675417477,
            0.21527311812805436,
            0.2146424408435779,
            0.24451746594375853,
            0.18840224389765642,
            0.3618380364321043,
            0.350083890547415,
            1.3162804314482948,
            1.3263221424242477,
            1.2379863178009214,
            0.6126091408525892,
            0.6108243729499565,
            0.6034202609162783,
            0.6165231910120591,
            0.5981875442718823,
            0.6963491809228036,
            0.6529521243954078,
            0.6268313622524669,
            0.6147716231169125,
            0.6771563938318875,
            0.6707144247396036,
            0.6423561741772696,
            0.6330318826643518,
            0.5392027655899622,
            0.541115458892784,
            0.545739081718229,
            0.5468541868270221,
            1.4845846522962018,
            1.0689477114559875,
            1.6988305710233669,
            0.9992704047776305,
            1.112302299994818,
            1.2182350498784404,
            1.0602350343873406,
            0.9548932490857084,
            1.0747483892144376,
            1.0716192709002197,
            1.1303088249515452,
            1.160949537819397,
            1.102791262565229,
            1.290715573318968,
            1.384174261683738,
            1.5087571184930328,
            2.4362410658035865,
            0.21569523157848447
        ],
        [
            0.18191423476612056,
            0.18347333930407153,
            0.20019583180268594,
            0.14158471002475237,
            0.15208017410562652,
            0.1713927880181665,
            0.10175378064260938,
            0.08963417773304086,
            0.11770382045727085,
            0.11834247555984398,
            0.11649378505543449,
            0.1212926197686737,
            0.08448334128942883,
            0.0,
            0.12882976040469343,
            0.1625725498461699,
            0.2363352003819193,
            0.21295239106304079,
            0.17504983745304825,
            0.19679616619089538,
            0.2515531623998866,
            0.15070585227281877,
            0.14519112514235286,
            0.14742394271469617,
            0.19936398374745892,
            0.19431762123772328,
            0.17965154184063356,
            0.19641578385394834,
            0.32537072189840893,
            0.2699299106551973,
            0.3419408488502564,
            0.29457263312057835,
            0.3444155554158456,
            0.2565354710704025,
            0.25586749536949616,
            0.23025239096117997,
            0.24549648997737702,
            0.19875934056368366,
            0.1981286632792072,
            0.22800368837938784,
            0.17188846633328575,
            0.34532425886773366,
            0.33357011298304434,
            1.2997666538839239,
            1.309808364859877,
            1.2214725402365507,
            0.5960953632882185,
            0.5943105953855858,
            0.5869064833519076,
            0.6000094134476884,
            0.5816737667075115,
            0.679835403358433,
            0.6364383468310372,
            0.6103175846880963,
            0.5982578455525418,
            0.6606426162675169,
            0.654200647175233,
            0.625842396612899,
            0.6165181050999812,
            0.5226889880255915,
            0.5246016813284133,
            0.5292253041538584,
            0.5303404092626515,
            1.4680708747318312,
            1.0524339338916169,
            1.6823167934589962,
            0.9827566272132598,
            1.095788522430447,
            1.2017212723140698,
