{
    "NEXUS_FILE_URL": "http://purl.org/phylo/treebase/phylows/study/TB2:S13860",
    "NEWICK_TREE": "((2:0.01071528,3:0.00788746):0.13557014,(((36:1.0E-8,37:0.00137925):0.00565239,(34:0.0071093,(1:2.7E-5,35:0.00305546):0.00304345):0.00422413):0.02137018,(((16:0.00238099,(10:1.0E-8,15:0.00332814):0.00421021):0.00217478,(17:0.00535347,(18:0.00378684,19:0.00360464):0.00297076):0.00135054):0.00658067,((31:0.00158629,(27:0.00142346,28:1.0E-8):0.00333267):0.00681165,((4:0.00999406,5:0.007009):6.1152E-4,((32:1.0E-8,33:1.0E-8):0.00590421,((22:0.0046783,26:0.00454923):0.00389835,((20:8.626E-4,21:1.0E-8):0.00316265,(7:0.00131605,(6:6.8241E-4,9:1.0E-8,8:1.0E-8):0.00323079):0.00387015,((29:0.00424397,30:1.0E-8):0.00212056,((25:6.2548E-4,(23:0.00134783,24:7.6624E-4):6.7081E-4):0.00576506,(11:1.0E-8,12:1.0E-8,13:1.0E-8,14:1.0E-8):0.00618497):0.00122891):0.00136651):0.00128152):0.00263439):6.4108E-4):1.0385E-4):0.00698415):0.04789688):0.13557014);",
    "DISTANCE_MATRIX": [
        [
            0.0,
            0.01860274,
            0.30887814,
            0.31025738,
            0.31455917,
            0.31052032,
            0.31354877999999997,
            0.34088888,
            0.34271811,
            0.34604624,
            0.34303712,
            0.34444125000000003,
            0.34425905,
            0.34513453,
            0.34830437000000003,
            0.34688092000000004,
            0.34744602,
            0.34446096000000004,
            0.34338574,
            0.34338574,
            0.34869256000000004,
            0.34856349,
            0.34542268,
            0.34456009,
            0.34658363000000003,
            0.34918078,
            0.34849838,
            0.34849838,
            0.34912847,
            0.34488451,
            0.35038339,
            0.35177655,
            0.35119496,
            0.35017783,
            0.35017783,
            0.35017783,
            0.35017783
        ],
        [
            0.01860274,
            0.0,
            0.30605032,
            0.30742956,
            0.31173135,
            0.30769250000000004,
            0.31072096000000005,
            0.33806106,
            0.33989029000000004,
            0.34321842,
            0.34020930000000005,
            0.34161343,
            0.34143123000000003,
            0.34230671,
            0.34547655,
            0.3440531,
            0.34461820000000004,
            0.34163314,
            0.34055792,
            0.34055792,
            0.34586474,
            0.34573567000000005,
            0.34259486000000006,
            0.34173227000000006,
            0.34375581,
            0.34635296000000004,
            0.34567056,
            0.34567056,
            0.34630065000000004,
            0.34205669000000005,
            0.34755557000000004,
            0.34894873000000004,
            0.34836714,
            0.34735001000000004,
            0.34735001000000004,
            0.34735001000000004,
            0.34735001000000004
        ],
        [
            0.30887814,
            0.30605032,
            0.0,
            0.00137926,
            0.01698583,
            0.01294698,
            0.01597544,
            0.08605589999999999,
            0.08788513,
            0.09121325999999999,
            0.08820414,
            0.08960826999999999,
            0.08942607,
            0.09030155000000001,
            0.09347138999999999,
            0.09204794,
            0.09261304000000001,
            0.08962798,
            0.08855276000000001,
            0.08855276000000001,
            0.09385958,
            0.09373050999999999,
            0.0905897,
            0.08972711,
            0.09175064999999999,
            0.09434780000000001,
            0.09366540000000001,
            0.09366540000000001,
            0.09429549000000001,
            0.09005152999999999,
            0.09555041,
            0.09694357,
            0.09636197999999999,
            0.09534485000000001,
            0.09534485000000001,
            0.09534485000000001,
            0.09534485000000001
        ],
        [
            0.31025738,
            0.30742956,
            0.00137926,
            0.0,
            0.01836507,
            0.01432622,
            0.01735468,
            0.08743514,
            0.08926437000000001,
            0.0925925,
            0.08958338,
            0.09098751,
            0.09080531,
            0.09168079000000001,
            0.09485062999999999,
            0.09342718,
            0.09399228000000001,
            0.09100722,
            0.08993200000000001,
            0.08993200000000001,
            0.09523882,
            0.09510974999999999,
            0.09196894,
            0.09110635,
            0.09312988999999999,
            0.09572704000000001,
            0.09504464000000001,
            0.09504464000000001,
            0.09567473000000001,
            0.09143077,
            0.09692965,
            0.09832281000000001,
            0.09774121999999999,
            0.09672409000000001,
            0.09672409000000001,
            0.09672409000000001,
            0.09672409000000001
        ],
        [
            0.31455917,
            0.31173135,
            0.01698583,
            0.01836507,
            0.0,
            0.01017975,
            0.01320821,
            0.09173693,
            0.09356616000000001,
            0.09689429,
            0.09388517,
            0.0952893,
            0.0951071,
            0.09598258000000001,
            0.09915241999999999,
            0.09772897,
            0.09829407000000001,
            0.09530901,
            0.09423379000000001,
            0.09423379000000001,
            0.09954061,
            0.09941153999999999,
            0.09627073,
            0.09540814,
            0.09743167999999999,
            0.10002883000000001,
            0.09934643000000001,
            0.09934643000000001,
            0.09997652000000001,
            0.09573256,
            0.10123144,
            0.10262460000000001,
            0.10204300999999999,
            0.10102588000000001,
            0.10102588000000001,
            0.10102588000000001,
            0.10102588000000001
        ],
        [
            0.31052032,
            0.30769250000000004,
            0.01294698,
            0.01432622,
            0.01017975,
            0.0,
            0.00308246,
            0.08769808,
            0.08952731,
            0.09285544,
            0.08984632000000001,
            0.09125045,
            0.09106825,
            0.09194373,
            0.09511357,
            0.09369012,
            0.09425522,
            0.09127016,
            0.09019494,
            0.09019494,
            0.09550176,
            0.09537269,
            0.09223188,
            0.09136929,
            0.09339283,
            0.09598998,
            0.09530758,
            0.09530758,
            0.09593767,
            0.09169371,
            0.09719259000000001,
            0.09858575,
            0.09800415999999999,
            0.09698703,
            0.09698703,
            0.09698703,
            0.09698703
        ],
        [
            0.31354877999999997,
            0.31072096000000005,
            0.01597544,
            0.01735468,
            0.01320821,
            0.00308246,
            0.0,
            0.09072654,
            0.09255577000000001,
            0.0958839,
            0.09287478,
            0.09427891,
            0.09409671,
            0.09497219000000001,
            0.09814202999999999,
            0.09671858,
            0.09728368000000001,
            0.09429862,
            0.09322340000000001,
            0.09322340000000001,
            0.09853022,
            0.09840114999999999,
            0.09526034,
            0.09439775,
            0.09642128999999999,
            0.09901844000000001,
            0.09833604000000001,
            0.09833604000000001,
            0.09896613000000001,
            0.09472217,
            0.10022105,
            0.10161421000000001,
            0.10103261999999999,
            0.10001549000000001,
            0.10001549000000001,
            0.10001549000000001,
            0.10001549000000001
        ],
        [
            0.34088888,
            0.33806106,
            0.08605589999999999,
            0.08743514,
            0.09173693,
            0.08769808,
            0.09072654,
            0.0,
            0.00659121,
            0.009919339999999999,
            0.01125978,
            0.01266391,
            0.01248171,
            0.02651853,
            0.029688370000000002,
            0.028264920000000002,
            0.02883002,
            0.02584496,
            0.024769740000000002,
            0.024769740000000002,
            0.030076560000000002,
            0.029947490000000004,
            0.026806680000000003,
            0.025944090000000003,
            0.027967630000000004,
            0.030564780000000003,
            0.029882380000000004,
            0.029882380000000004,
            0.030512470000000003,
            0.026268510000000002,
            0.031767390000000006,
            0.03316055,
            0.032578960000000004,
            0.03156183,
            0.03156183,
            0.03156183,
            0.03156183
        ],
        [
            0.34271811,
            0.33989029000000004,
            0.08788513,
            0.08926437000000001,
            0.09356616000000001,
            0.08952731,
            0.09255577000000001,
            0.00659121,
            0.0,
            0.0033281499999999998,
            0.01308901,
            0.01449314,
            0.01431094,
            0.02834776,
            0.0315176,
            0.03009415,
            0.03065925,
            0.02767419,
            0.02659897,
            0.02659897,
            0.03190579,
            0.03177672,
            0.02863591,
            0.02777332,
            0.02979686,
            0.03239401,
            0.03171161,
            0.03171161,
            0.0323417,
            0.028097740000000003,
            0.03359662,
            0.03498978,
            0.03440819,
            0.03339106,
            0.03339106,
            0.03339106,
            0.03339106
        ],
        [
            0.34604624,
            0.34321842,
            0.09121325999999999,
            0.0925925,
            0.09689429,
            0.09285544,
            0.0958839,
            0.009919339999999999,
            0.0033281499999999998,
            0.0,
            0.016417139999999997,
            0.01782127,
            0.01763907,
            0.03167589,
            0.03484573,
            0.03342228,
            0.03398738,
            0.031002319999999996,
            0.029927099999999998,
            0.029927099999999998,
            0.03523392,
            0.03510485,
            0.03196404,
            0.031101449999999996,
            0.03312499,
            0.03572214,
            0.03503974,
            0.03503974,
            0.03566983,
            0.031425869999999995,
            0.03692475,
            0.03831791,
            0.03773632,
            0.03671919,
            0.03671919,
            0.03671919,
            0.03671919
        ],
        [
            0.34303712,
            0.34020930000000005,
            0.08820414,
            0.08958338,
            0.09388517,
            0.08984632000000001,
            0.09287478,
            0.01125978,
            0.01308901,
            0.016417139999999997,
            0.0,
            0.01211107,
            0.011928870000000001,
            0.02866677,
            0.03183661,
            0.03041316,
            0.03097826,
            0.0279932,
            0.02691798,
            0.02691798,
            0.0322248,
            0.03209573,
            0.028954920000000002,
            0.02809233,
            0.030115870000000003,
            0.03271302,
            0.03203062,
            0.03203062,
            0.03266071,
            0.02841675,
            0.03391563,
            0.03530879,
            0.0347272,
            0.03371007,
            0.03371007,
            0.03371007,
            0.03371007
        ],
        [
            0.34444125000000003,
            0.34161343,
            0.08960826999999999,
            0.09098751,
            0.0952893,
            0.09125045,
            0.09427891,
            0.01266391,
            0.01449314,
            0.01782127,
            0.01211107,
            0.0,
            0.007391480000000001,
            0.030070899999999998,
            0.033240740000000005,
            0.03181729,
            0.03238239,
            0.02939733,
            0.02832211,
            0.02832211,
            0.03362893,
            0.033499860000000006,
            0.030359050000000002,
            0.029496460000000002,
            0.031520000000000006,
            0.03411715,
            0.03343475,
            0.03343475,
            0.03406484,
            0.02982088,
            0.035319760000000006,
            0.036712919999999996,
            0.03613133,
            0.0351142,
            0.0351142,
            0.0351142,
            0.0351142
        ],
        [
            0.34425905,
            0.34143123000000003,
            0.08942607,
            0.09080531,
            0.0951071,
            0.09106825,
            0.09409671,
            0.01248171,
            0.01431094,
            0.01763907,
            0.011928870000000001,
            0.007391480000000001,
            0.0,
            0.029888699999999997,
            0.03305854,
            0.031635090000000005,
            0.032200190000000004,
            0.02921513,
            0.02813991,
            0.02813991,
            0.03344673,
            0.03331766,
            0.03017685,
            0.02931426,
            0.0313378,
            0.033934950000000005,
            0.033252550000000006,
            0.033252550000000006,
            0.033882640000000006,
            0.02963868,
            0.03513756,
            0.03653072,
            0.035949129999999996,
            0.034932000000000005,
            0.034932000000000005,
            0.034932000000000005,
            0.034932000000000005
        ],
        [
            0.34513453,
            0.34230671,
            0.09030155000000001,
            0.09168079000000001,
            0.09598258000000001,
            0.09194373,
            0.09497219000000001,
            0.02651853,
            0.02834776,
            0.03167589,
            0.02866677,
            0.030070899999999998,
            0.029888699999999997,
            0.0,
            0.00634242,
            0.00491897,
            0.019107370000000002,
            0.01612231,
            0.015047089999999999,
            0.015047089999999999,
            0.020353910000000003,
            0.02022484,
            0.01708403,
            0.01622144,
            0.01824498,
            0.02084213,
            0.02015973,
            0.02015973,
            0.02078982,
            0.016545860000000003,
            0.02204474,
            0.023437899999999998,
            0.022856309999999998,
            0.02183918,
            0.02183918,
            0.02183918,
            0.02183918
        ],
        [
            0.34830437000000003,
            0.34547655,
            0.09347138999999999,
            0.09485062999999999,
            0.09915241999999999,
            0.09511357,
            0.09814202999999999,
            0.029688370000000002,
            0.0315176,
            0.03484573,
            0.03183661,
            0.033240740000000005,
            0.03305854,
            0.00634242,
            0.0,
            0.00142347,
            0.022277210000000002,
            0.01929215,
            0.01821693,
            0.01821693,
            0.023523750000000003,
            0.02339468,
            0.02025387,
            0.01939128,
            0.02141482,
            0.02401197,
            0.02332957,
            0.02332957,
            0.02395966,
            0.019715700000000003,
            0.02521458,
            0.026607739999999998,
            0.026026149999999998,
            0.02500902,
            0.02500902,
            0.02500902,
            0.02500902
        ],
        [
            0.34688092000000004,
            0.3440531,
            0.09204794,
            0.09342718,
            0.09772897,
            0.09369012,
            0.09671858,
            0.028264920000000002,
            0.03009415,
            0.03342228,
            0.03041316,
            0.03181729,
            0.031635090000000005,
            0.00491897,
            0.00142347,
            0.0,
            0.020853760000000002,
            0.0178687,
            0.01679348,
            0.01679348,
            0.022100300000000003,
            0.02197123,
            0.01883042,
            0.01796783,
            0.01999137,
            0.02258852,
            0.02190612,
            0.02190612,
            0.02253621,
            0.018292250000000003,
            0.02379113,
            0.025184289999999998,
            0.024602699999999998,
            0.02358557,
            0.02358557,
            0.02358557,
            0.02358557
        ],
        [
            0.34744602,
            0.34461820000000004,
            0.09261304000000001,
            0.09399228000000001,
            0.09829407000000001,
            0.09425522,
            0.09728368000000001,
            0.02883002,
            0.03065925,
            0.03398738,
            0.03097826,
            0.03238239,
            0.032200190000000004,
            0.019107370000000002,
            0.022277210000000002,
            0.020853760000000002,
            0.0,
            0.01700306,
            0.01715088,
            0.01715088,
            0.022457700000000004,
            0.022328630000000002,
            0.01918782,
            0.01832523,
            0.020348770000000002,
            0.02294592,
            0.022263520000000002,
            0.022263520000000002,
            0.022893610000000002,
            0.018649650000000004,
            0.02414853,
            0.02554169,
            0.0249601,
            0.02394297,
            0.02394297,
            0.02394297,
            0.02394297
        ],
        [
            0.34446096000000004,
            0.34163314,
            0.08962798,
            0.09100722,
            0.09530901,
            0.09127016,
            0.09429862,
            0.02584496,
            0.02767419,
            0.031002319999999996,
            0.0279932,
            0.02939733,
            0.02921513,
            0.01612231,
            0.01929215,
            0.0178687,
            0.01700306,
            0.0,
            0.014165819999999999,
            0.014165819999999999,
            0.01947264,
            0.01934357,
            0.01620276,
            0.01534017,
            0.01736371,
            0.01996086,
            0.01927846,
            0.01927846,
            0.01990855,
            0.01566459,
            0.02116347,
            0.022556629999999998,
            0.021975039999999998,
            0.02095791,
            0.02095791,
            0.02095791,
            0.02095791
        ],
        [
            0.34338574,
            0.34055792,
            0.08855276000000001,
            0.08993200000000001,
            0.09423379000000001,
            0.09019494,
            0.09322340000000001,
            0.024769740000000002,
            0.02659897,
            0.029927099999999998,
            0.02691798,
            0.02832211,
            0.02813991,
            0.015047089999999999,
            0.01821693,
            0.01679348,
            0.01715088,
            0.014165819999999999,
            0.0,
            2e-08,
            0.01711526,
            0.016986189999999998,
            0.013845380000000001,
            0.01298279,
            0.01500633,
            0.01760348,
            0.016921079999999998,
            0.016921079999999998,
            0.017551169999999998,
            0.01330721,
            0.018806089999999998,
            0.02019925,
            0.01961766,
            0.018600529999999997,
            0.018600529999999997,
            0.018600529999999997,
            0.018600529999999997
        ],
        [
            0.34338574,
            0.34055792,
            0.08855276000000001,
            0.08993200000000001,
            0.09423379000000001,
            0.09019494,
            0.09322340000000001,
            0.024769740000000002,
            0.02659897,
            0.029927099999999998,
            0.02691798,
            0.02832211,
            0.02813991,
            0.015047089999999999,
            0.01821693,
            0.01679348,
            0.01715088,
            0.014165819999999999,
            2e-08,
            0.0,
            0.01711526,
            0.016986189999999998,
            0.013845380000000001,
            0.01298279,
            0.01500633,
            0.01760348,
            0.016921079999999998,
            0.016921079999999998,
            0.017551169999999998,
            0.01330721,
            0.018806089999999998,
            0.02019925,
            0.01961766,
            0.018600529999999997,
            0.018600529999999997,
            0.018600529999999997,
            0.018600529999999997
        ],
        [
            0.34869256000000004,
            0.34586474,
            0.09385958,
            0.09523882,
            0.09954061,
            0.09550176,
            0.09853022,
            0.030076560000000002,
            0.03190579,
            0.03523392,
            0.0322248,
            0.03362893,
            0.03344673,
            0.020353910000000003,
            0.023523750000000003,
            0.022100300000000003,
            0.022457700000000004,
            0.01947264,
            0.01711526,
            0.01711526,
            0.0,
            0.00922753,
            0.01388342,
            0.01302083,
            0.01504437,
            0.01764152,
            0.01695912,
            0.01695912,
            0.01758921,
            0.01334525,
            0.01884413,
            0.020237289999999998,
            0.019655699999999998,
            0.01863857,
            0.01863857,
            0.01863857,
            0.01863857
        ],
        [
            0.34856349,
            0.34573567000000005,
            0.09373050999999999,
            0.09510974999999999,
            0.09941153999999999,
            0.09537269,
            0.09840114999999999,
            0.029947490000000004,
            0.03177672,
            0.03510485,
            0.03209573,
            0.033499860000000006,
            0.03331766,
            0.02022484,
            0.02339468,
            0.02197123,
            0.022328630000000002,
            0.01934357,
            0.016986189999999998,
            0.016986189999999998,
            0.00922753,
            0.0,
            0.01375435,
            0.012891759999999999,
            0.0149153,
            0.01751245,
            0.01683005,
            0.01683005,
            0.01746014,
            0.01321618,
            0.01871506,
            0.020108219999999996,
            0.019526629999999996,
            0.018509499999999998,
            0.018509499999999998,
            0.018509499999999998,
            0.018509499999999998
        ],
        [
            0.34542268,
            0.34259486000000006,
            0.0905897,
            0.09196894,
            0.09627073,
            0.09223188,
            0.09526034,
            0.026806680000000003,
            0.02863591,
            0.03196404,
            0.028954920000000002,
            0.030359050000000002,
            0.03017685,
            0.01708403,
            0.02025387,
            0.01883042,
            0.01918782,
            0.01620276,
            0.013845380000000001,
            0.013845380000000001,
            0.01388342,
            0.01375435,
            0.0,
            0.0008626100000000001,
            0.00921145,
            0.0118086,
            0.0111262,
            0.0111262,
            0.011756289999999999,
            0.00751233,
            0.013011209999999999,
            0.01440437,
            0.01382278,
            0.012805649999999998,
            0.012805649999999998,
            0.012805649999999998,
            0.012805649999999998
        ],
        [
            0.34456009,
            0.34173227000000006,
            0.08972711,
            0.09110635,
            0.09540814,
            0.09136929,
            0.09439775,
            0.025944090000000003,
            0.02777332,
            0.031101449999999996,
            0.02809233,
            0.029496460000000002,
            0.02931426,
            0.01622144,
            0.01939128,
            0.01796783,
            0.01832523,
            0.01534017,
            0.01298279,
            0.01298279,
            0.01302083,
            0.012891759999999999,
            0.0008626100000000001,
            0.0,
            0.00834886,
            0.01094601,
            0.01026361,
            0.01026361,
            0.0108937,
            0.0066497399999999995,
            0.012148619999999999,
            0.013541779999999998,
            0.012960189999999998,
            0.011943059999999998,
            0.011943059999999998,
            0.011943059999999998,
            0.011943059999999998
        ],
        [
            0.34658363000000003,
            0.34375581,
            0.09175064999999999,
            0.09312988999999999,
            0.09743167999999999,
            0.09339283,
            0.09642128999999999,
            0.027967630000000004,
            0.02979686,
            0.03312499,
            0.030115870000000003,
            0.031520000000000006,
            0.0313378,
            0.01824498,
            0.02141482,
            0.01999137,
            0.020348770000000002,
            0.01736371,
            0.01500633,
            0.01500633,
            0.01504437,
            0.0149153,
            0.00921145,
            0.00834886,
            0.0,
            0.00522925,
            0.00454685,
            0.00454685,
            0.01291724,
            0.00867328,
            0.01417216,
            0.015565319999999999,
            0.014983729999999999,
            0.0139666,
            0.0139666,
            0.0139666,
            0.0139666
        ],
        [
            0.34918078,
            0.34635296000000004,
            0.09434780000000001,
            0.09572704000000001,
            0.10002883000000001,
            0.09598998,
            0.09901844000000001,
            0.030564780000000003,
            0.03239401,
            0.03572214,
            0.03271302,
            0.03411715,
            0.033934950000000005,
            0.02084213,
            0.02401197,
            0.02258852,
            0.02294592,
            0.01996086,
            0.01760348,
            0.01760348,
            0.01764152,
            0.01751245,
            0.0118086,
            0.01094601,
            0.00522925,
            0.0,
            0.0006824200000000001,
            0.0006824200000000001,
            0.01551439,
            0.011270430000000001,
            0.01676931,
            0.01816247,
            0.01758088,
            0.01656375,
            0.01656375,
            0.01656375,
            0.01656375
        ],
        [
            0.34849838,
            0.34567056,
            0.09366540000000001,
            0.09504464000000001,
            0.09934643000000001,
            0.09530758,
            0.09833604000000001,
            0.029882380000000004,
            0.03171161,
            0.03503974,
            0.03203062,
            0.03343475,
            0.033252550000000006,
            0.02015973,
            0.02332957,
            0.02190612,
            0.022263520000000002,
            0.01927846,
            0.016921079999999998,
            0.016921079999999998,
            0.01695912,
            0.01683005,
            0.0111262,
            0.01026361,
            0.00454685,
            0.0006824200000000001,
            0.0,
            2e-08,
            0.01483199,
            0.01058803,
            0.01608691,
            0.01748007,
            0.01689848,
            0.01588135,
            0.01588135,
            0.01588135,
            0.01588135
        ],
        [
            0.34849838,
            0.34567056,
            0.09366540000000001,
            0.09504464000000001,
            0.09934643000000001,
            0.09530758,
            0.09833604000000001,
            0.029882380000000004,
            0.03171161,
            0.03503974,
            0.03203062,
            0.03343475,
            0.033252550000000006,
            0.02015973,
            0.02332957,
            0.02190612,
            0.022263520000000002,
            0.01927846,
            0.016921079999999998,
            0.016921079999999998,
            0.01695912,
            0.01683005,
            0.0111262,
            0.01026361,
            0.00454685,
            0.0006824200000000001,
            2e-08,
            0.0,
            0.01483199,
            0.01058803,
            0.01608691,
            0.01748007,
            0.01689848,
            0.01588135,
            0.01588135,
            0.01588135,
            0.01588135
        ],
        [
            0.34912847,
            0.34630065000000004,
            0.09429549000000001,
            0.09567473000000001,
            0.09997652000000001,
            0.09593767,
            0.09896613000000001,
            0.030512470000000003,
            0.0323417,
            0.03566983,
            0.03266071,
            0.03406484,
            0.033882640000000006,
            0.02078982,
            0.02395966,
            0.02253621,
            0.022893610000000002,
            0.01990855,
            0.017551169999999998,
            0.017551169999999998,
            0.01758921,
            0.01746014,
            0.011756289999999999,
            0.0108937,
            0.01291724,
            0.01551439,
            0.01483199,
            0.01483199,
            0.0,
            0.00424398,
            0.01398398,
            0.01537714,
            0.01479555,
            0.01377842,
            0.01377842,
            0.01377842,
            0.01377842
        ],
        [
            0.34488451,
            0.34205669000000005,
            0.09005152999999999,
            0.09143077,
            0.09573256,
            0.09169371,
            0.09472217,
            0.026268510000000002,
            0.028097740000000003,
            0.031425869999999995,
            0.02841675,
            0.02982088,
            0.02963868,
            0.016545860000000003,
            0.019715700000000003,
            0.018292250000000003,
            0.018649650000000004,
            0.01566459,
            0.01330721,
            0.01330721,
            0.01334525,
            0.01321618,
            0.00751233,
            0.0066497399999999995,
            0.00867328,
            0.011270430000000001,
            0.01058803,
            0.01058803,
            0.00424398,
            0.0,
            0.00974002,
            0.01113318,
            0.01055159,
            0.00953446,
            0.00953446,
            0.00953446,
            0.00953446
        ],
        [
            0.35038339,
            0.34755557000000004,
            0.09555041,
            0.09692965,
            0.10123144,
            0.09719259000000001,
            0.10022105,
            0.031767390000000006,
            0.03359662,
            0.03692475,
            0.03391563,
            0.035319760000000006,
            0.03513756,
            0.02204474,
            0.02521458,
            0.02379113,
            0.02414853,
            0.02116347,
            0.018806089999999998,
            0.018806089999999998,
            0.01884413,
            0.01871506,
            0.013011209999999999,
            0.012148619999999999,
            0.01417216,
            0.01676931,
            0.01608691,
            0.01608691,
            0.01398398,
            0.00974002,
            0.0,
            0.00264412,
            0.00206253,
            0.01257552,
            0.01257552,
            0.01257552,
            0.01257552
        ],
        [
            0.35177655,
            0.34894873000000004,
            0.09694357,
            0.09832281000000001,
            0.10262460000000001,
            0.09858575,
            0.10161421000000001,
            0.03316055,
            0.03498978,
            0.03831791,
            0.03530879,
            0.036712919999999996,
            0.03653072,
            0.023437899999999998,
            0.026607739999999998,
            0.025184289999999998,
            0.02554169,
            0.022556629999999998,
            0.02019925,
            0.02019925,
            0.020237289999999998,
            0.020108219999999996,
            0.01440437,
            0.013541779999999998,
            0.015565319999999999,
            0.01816247,
            0.01748007,
            0.01748007,
            0.01537714,
            0.01113318,
            0.00264412,
            0.0,
            0.00211407,
            0.013968679999999999,
            0.013968679999999999,
            0.013968679999999999,
            0.013968679999999999
        ],
        [
            0.35119496,
            0.34836714,
            0.09636197999999999,
            0.09774121999999999,
            0.10204300999999999,
            0.09800415999999999,
            0.10103261999999999,
            0.032578960000000004,
            0.03440819,
            0.03773632,
            0.0347272,
            0.03613133,
            0.035949129999999996,
            0.022856309999999998,
            0.026026149999999998,
            0.024602699999999998,
            0.0249601,
            0.021975039999999998,
            0.01961766,
            0.01961766,
            0.019655699999999998,
            0.019526629999999996,
            0.01382278,
            0.012960189999999998,
            0.014983729999999999,
            0.01758088,
            0.01689848,
            0.01689848,
            0.01479555,
            0.01055159,
            0.00206253,
            0.00211407,
            0.0,
            0.013387089999999999,
            0.013387089999999999,
            0.013387089999999999,
            0.013387089999999999
        ],
        [
            0.35017783,
            0.34735001000000004,
            0.09534485000000001,
            0.09672409000000001,
            0.10102588000000001,
            0.09698703,
            0.10001549000000001,
            0.03156183,
            0.03339106,
            0.03671919,
            0.03371007,
            0.0351142,
            0.034932000000000005,
            0.02183918,
            0.02500902,
            0.02358557,
            0.02394297,
            0.02095791,
            0.018600529999999997,
            0.018600529999999997,
            0.01863857,
            0.018509499999999998,
            0.012805649999999998,
            0.011943059999999998,
            0.0139666,
            0.01656375,
            0.01588135,
            0.01588135,
            0.01377842,
            0.00953446,
            0.01257552,
            0.013968679999999999,
            0.013387089999999999,
            0.0,
            2e-08,
            2e-08,
            2e-08
        ],
        [
            0.35017783,
            0.34735001000000004,
            0.09534485000000001,
            0.09672409000000001,
            0.10102588000000001,
            0.09698703,
            0.10001549000000001,
            0.03156183,
            0.03339106,
            0.03671919,
            0.03371007,
            0.0351142,
            0.034932000000000005,
            0.02183918,
            0.02500902,
            0.02358557,
            0.02394297,
            0.02095791,
            0.018600529999999997,
            0.018600529999999997,
            0.01863857,
            0.018509499999999998,
            0.012805649999999998,
            0.011943059999999998,
            0.0139666,
            0.01656375,
            0.01588135,
            0.01588135,
            0.01377842,
            0.00953446,
            0.01257552,
            0.013968679999999999,
            0.013387089999999999,
            2e-08,
            0.0,
            2e-08,
            2e-08
        ],
        [
            0.35017783,
            0.34735001000000004,
            0.09534485000000001,
            0.09672409000000001,
            0.10102588000000001,
            0.09698703,
            0.10001549000000001,
            0.03156183,
            0.03339106,
            0.03671919,
            0.03371007,
            0.0351142,
            0.034932000000000005,
            0.02183918,
            0.02500902,
            0.02358557,
            0.02394297,
            0.02095791,
            0.018600529999999997,
            0.018600529999999997,
            0.01863857,
            0.018509499999999998,
            0.012805649999999998,
            0.011943059999999998,
            0.0139666,
            0.01656375,
            0.01588135,
            0.01588135,
            0.01377842,
            0.00953446,
            0.01257552,
            0.013968679999999999,
            0.013387089999999999,
            2e-08,
            2e-08,
            0.0,
            2e-08
        ],
        [
            0.35017783,
            0.34735001000000004,
            0.09534485000000001,
            0.09672409000000001,
            0.10102588000000001,
            0.09698703,
            0.10001549000000001,
            0.03156183,
            0.03339106,
            0.03671919,
            0.03371007,
            0.0351142,
            0.034932000000000005,
            0.02183918,
            0.02500902,
            0.02358557,
            0.02394297,
            0.02095791,
            0.018600529999999997,
            0.018600529999999997,
            0.01863857,
            0.018509499999999998,
            0.012805649999999998,
            0.011943059999999998,
            0.0139666,
            0.01656375,
            0.01588135,
            0.01588135,
            0.01377842,
            0.00953446,
            0.01257552,
            0.013968679999999999,
            0.013387089999999999,
            2e-08,
            2e-08,
            2e-08,
            0.0
        ]
    ],
    "NODE_MAPPING": {
        "0": "2",
        "1": "3",
        "2": "36",
        "3": "37",
        "4": "34",
        "5": "1",
        "6": "35",
        "7": "16",
        "8": "10",
        "9": "15",
        "10": "17",
        "11": "18",
        "12": "19",
        "13": "31",
        "14": "27",
        "15": "28",
        "16": "4",
        "17": "5",
        "18": "32",
        "19": "33",
        "20": "22",
        "21": "26",
        "22": "20",
        "23": "21",
        "24": "7",
        "25": "6",
        "26": "9",
        "27": "8",
        "28": "29",
        "29": "30",
        "30": "25",
        "31": "23",
        "32": "24",
        "33": "11",
        "34": "12",
        "35": "13",
        "36": "14"
    }
}