{
    "NEXUS_FILE_URL": "http://purl.org/phylo/treebase/phylows/study/TB2:S15051",
    "NEWICK_TREE": "(1:0.03489,2:0.011279,((((((3:0.00442,4:0.002523):0.004222,5:0.00209,6:0.002177,7:0.001969,8:0.002007,9:0.002047,10:0.002158):0.013487,(11:0.006626,12:0.002466):0.008318,(13:0.002204,14:0.002167,15:0.00224,16:0.002145,17:0.002161,18:0.002221,19:0.002146,20:0.00207,21:0.0021):0.010704,(22:0.002099,23:0.002321):0.013439):0.007504,((24:0.008524,25:0.002391):0.004298,(26:0.001944,27:0.002188):0.00436):0.016103):0.020345,((((28:0.002228,31:0.004805):0.00508,29:0.009526):0.02592,35:0.092625):0.011819,((30:0.017806,(36:0.011854,37:0.006535):0.041287):0.015172,(38:0.034005,(39:0.009074,40:0.004816):0.038159):0.025555):0.010635):0.039783,32:0.069754,(33:0.014422,34:0.050456):0.008887):0.043175,(41:0.075232,(((42:0.037779,(45:0.001936,((46:0.006029,49:0.009904):0.003838,50:0.012381):0.004328):0.006739,47:0.013332,(48:0.028947,51:0.012326):0.010198,52:0.079529):0.01914,44:0.009079):0.005636,43:0.015084):0.026084):0.104493,(53:0.00795,54:0.007587):0.012108):0.275219);",
    "DISTANCE_MATRIX": [
        [
            0.0,
            0.046169,
            0.40326199999999995,
            0.40136499999999997,
            0.39670999999999995,
            0.39679699999999996,
            0.39658899999999997,
            0.39662699999999995,
            0.396667,
            0.39677799999999996,
            0.39607699999999996,
            0.39191699999999996,
            0.394041,
            0.39400399999999997,
            0.39407699999999996,
            0.39398199999999994,
            0.39399799999999996,
            0.39405799999999996,
            0.39398299999999997,
            0.39390699999999995,
            0.393937,
            0.396671,
            0.39689299999999994,
            0.40255399999999997,
            0.39642099999999997,
            0.39603599999999994,
            0.39627999999999997,
            0.438114,
            0.44069099999999994,
            0.44033199999999995,
            0.4975109999999999,
            0.43667999999999996,
            0.47201499999999996,
            0.466696,
            0.46326199999999995,
            0.47648999999999997,
            0.472232,
            0.42303799999999997,
            0.37659299999999996,
            0.41262699999999997,
            0.489834,
            0.5032409999999999,
            0.474137,
            0.48639599999999994,
            0.49027099999999996,
            0.48890999999999996,
            0.47879399999999994,
            0.504607,
            0.487986,
            0.544991,
            0.45540099999999994,
            0.45576999999999995,
            0.330167,
            0.329804
        ],
        [
            0.046169,
            0.0,
            0.37965099999999996,
            0.377754,
            0.37309899999999996,
            0.37318599999999996,
            0.372978,
            0.37301599999999996,
            0.373056,
            0.37316699999999997,
            0.37246599999999996,
            0.36830599999999997,
            0.37043,
            0.370393,
            0.37046599999999996,
            0.37037099999999995,
            0.37038699999999997,
            0.37044699999999997,
            0.370372,
            0.37029599999999996,
            0.370326,
            0.37306,
            0.37328199999999995,
            0.378943,
            0.37281,
            0.37242499999999995,
            0.372669,
            0.414503,
            0.41707999999999995,
            0.41672099999999995,
            0.47389999999999993,
            0.41306899999999996,
            0.44840399999999997,
            0.443085,
            0.43965099999999996,
            0.452879,
            0.448621,
            0.399427,
            0.35298199999999996,
            0.389016,
            0.466223,
            0.47962999999999995,
            0.450526,
            0.46278499999999995,
            0.46665999999999996,
            0.46529899999999996,
            0.45518299999999995,
            0.480996,
            0.464375,
            0.5213800000000001,
            0.43178999999999995,
            0.43215899999999996,
            0.306556,
            0.306193
        ],
        [
            0.40326199999999995,
            0.37965099999999996,
            0.0,
            0.006943,
            0.010732,
            0.010819,
            0.010611,
            0.010649,
            0.010689,
            0.0108,
            0.037073,
            0.032913000000000005,
            0.035037,
            0.035,
            0.03507300000000001,
            0.034978,
            0.034994000000000004,
            0.035054,
            0.034979,
            0.034903,
            0.034933000000000006,
            0.037667000000000006,
            0.037889000000000006,
            0.058558,
            0.052425,
            0.05204,
            0.052284,
            0.134808,
            0.137385,
            0.137026,
            0.194205,
            0.133374,
            0.168709,
            0.16339,
            0.15995600000000001,
            0.173184,
            0.16892600000000002,
            0.119732,
            0.073287,
            0.109321,
            0.272878,
            0.286285,
            0.257181,
            0.26944,
            0.273315,
            0.271954,
            0.261838,
            0.287651,
            0.27103,
            0.328035,
            0.23844500000000002,
            0.23881399999999997,
            0.113211,
            0.112848
        ],
        [
            0.40136499999999997,
            0.377754,
            0.006943,
            0.0,
            0.008834999999999999,
            0.008922,
            0.008714,
            0.008752,
            0.008792000000000001,
            0.008903000000000001,
            0.035176,
            0.031016000000000002,
            0.03314,
            0.033103,
            0.033176,
            0.033081,
            0.033097,
            0.033157,
            0.033082,
            0.033006,
            0.033035999999999996,
            0.035769999999999996,
            0.035991999999999996,
            0.056661,
            0.050528,
            0.050143,
            0.050387,
            0.132911,
            0.135488,
            0.135129,
            0.19230799999999998,
            0.131477,
            0.16681200000000002,
            0.161493,
            0.158059,
            0.171287,
            0.167029,
            0.117835,
            0.07139000000000001,
            0.10742399999999999,
            0.270981,
            0.284388,
            0.255284,
            0.267543,
            0.271418,
            0.270057,
            0.259941,
            0.285754,
            0.269133,
            0.32613800000000004,
            0.236548,
            0.236917,
            0.111314,
            0.11095100000000001
        ],
        [
            0.39670999999999995,
            0.37309899999999996,
            0.010732,
            0.008834999999999999,
            0.0,
            0.004267,
            0.004059,
            0.004097,
            0.004137,
            0.004248,
            0.030521,
            0.026361000000000002,
            0.028485,
            0.028448,
            0.028521,
            0.028426,
            0.028442000000000002,
            0.028502,
            0.028427,
            0.028351,
            0.028381,
            0.031115,
            0.031337000000000004,
            0.052006,
            0.045873,
            0.045488,
            0.045731999999999995,
            0.128256,
            0.130833,
            0.130474,
            0.187653,
            0.126822,
            0.162157,
            0.156838,
            0.153404,
            0.166632,
            0.16237400000000002,
            0.11318,
            0.066735,
            0.102769,
            0.266326,
            0.279733,
            0.250629,
            0.262888,
            0.266763,
            0.26540199999999997,
            0.255286,
            0.281099,
            0.264478,
            0.321483,
            0.23189300000000002,
            0.23226199999999997,
            0.106659,
            0.106296
        ],
        [
            0.39679699999999996,
            0.37318599999999996,
            0.010819,
            0.008922,
            0.004267,
            0.0,
            0.004146,
            0.004184,
            0.004224,
            0.004335,
            0.030608000000000003,
            0.026448,
            0.028572,
            0.028535,
            0.028608,
            0.028513,
            0.028529,
            0.028589,
            0.028514,
            0.028438,
            0.028468,
            0.031202,
            0.031424,
            0.052093,
            0.04596,
            0.045575000000000004,
            0.045819,
            0.12834299999999998,
            0.13091999999999998,
            0.13056099999999998,
            0.18774,
            0.126909,
            0.162244,
            0.15692499999999998,
            0.153491,
            0.166719,
            0.16246100000000002,
            0.11326699999999999,
            0.06682199999999999,
            0.102856,
            0.266413,
            0.27981999999999996,
            0.250716,
            0.26297499999999996,
            0.26685,
            0.265489,
            0.25537299999999996,
            0.281186,
            0.264565,
            0.32157,
            0.23198,
            0.23234899999999997,
            0.10674599999999998,
            0.10638299999999999
        ],
        [
            0.39658899999999997,
            0.372978,
            0.010611,
            0.008714,
            0.004059,
            0.004146,
            0.0,
            0.003976,
            0.0040160000000000005,
            0.0041270000000000005,
            0.030400000000000003,
            0.02624,
            0.028364,
            0.028327,
            0.0284,
            0.028305,
            0.028321,
            0.028381,
            0.028306,
            0.02823,
            0.02826,
            0.030994,
            0.031216,
            0.051885,
            0.045752,
            0.045367000000000005,
            0.045611,
            0.128135,
            0.130712,
            0.130353,
            0.18753199999999998,
            0.126701,
            0.162036,
            0.156717,
            0.153283,
            0.166511,
            0.162253,
            0.11305899999999999,
            0.066614,
            0.10264799999999999,
            0.266205,
            0.27961199999999997,
            0.250508,
            0.262767,
            0.266642,
            0.265281,
            0.255165,
            0.280978,
            0.264357,
            0.32136200000000004,
            0.231772,
            0.232141,
            0.106538,
            0.106175
        ],
        [
            0.39662699999999995,
            0.37301599999999996,
            0.010649,
            0.008752,
            0.004097,
            0.004184,
            0.003976,
            0.0,
            0.004054,
            0.004165,
            0.030438,
            0.026278000000000003,
            0.028402,
            0.028365,
            0.028438,
            0.028343,
            0.028359000000000002,
            0.028419,
            0.028344,
            0.028268,
            0.028298,
            0.031032,
            0.031254000000000004,
            0.051923,
            0.04579,
            0.045405,
            0.045648999999999995,
            0.128173,
            0.13075,
            0.130391,
            0.18757,
            0.126739,
            0.162074,
            0.156755,
            0.153321,
            0.166549,
            0.16229100000000002,
            0.113097,
            0.066652,
            0.102686,
            0.266243,
            0.27965,
            0.250546,
            0.262805,
            0.26668,
            0.26531899999999997,
            0.255203,
            0.281016,
            0.264395,
            0.3214,
            0.23181000000000002,
            0.23217899999999997,
            0.106576,
            0.106213
        ],
        [
            0.396667,
            0.373056,
            0.010689,
            0.008792000000000001,
            0.004137,
            0.004224,
            0.0040160000000000005,
            0.004054,
            0.0,
            0.004205,
            0.030478,
            0.026318,
            0.028442000000000002,
            0.028405,
            0.028478000000000003,
            0.028383,
            0.028399,
            0.028458999999999998,
            0.028384,
            0.028308,
            0.028338000000000002,
            0.031072000000000002,
            0.031294,
            0.051963,
            0.04583,
            0.045445,
            0.045689,
            0.12821300000000002,
            0.13079000000000002,
            0.13043100000000002,
            0.18761,
            0.126779,
            0.162114,
            0.15679500000000002,
            0.15336100000000003,
            0.166589,
            0.162331,
            0.113137,
            0.066692,
            0.10272600000000001,
            0.266283,
            0.27969,
            0.250586,
            0.262845,
            0.26671999999999996,
            0.265359,
            0.255243,
            0.281056,
            0.264435,
            0.32144,
            0.23185,
            0.23221899999999998,
            0.10661599999999999,
            0.106253
        ],
        [
            0.39677799999999996,
            0.37316699999999997,
            0.0108,
            0.008903000000000001,
            0.004248,
            0.004335,
            0.0041270000000000005,
            0.004165,
            0.004205,
            0.0,
            0.030588999999999998,
            0.026429,
            0.028553,
            0.028516,
            0.028589,
            0.028494,
            0.02851,
            0.028569999999999998,
            0.028495,
            0.028419,
            0.028449,
            0.031183,
            0.031405,
            0.052073999999999995,
            0.045940999999999996,
            0.045556,
            0.045799999999999993,
            0.128324,
            0.130901,
            0.130542,
            0.187721,
            0.12689,
            0.162225,
            0.156906,
            0.153472,
            0.1667,
            0.162442,
            0.11324799999999999,
            0.066803,
            0.102837,
            0.266394,
            0.27980099999999997,
            0.250697,
            0.26295599999999997,
            0.266831,
            0.26547,
            0.25535399999999997,
            0.281167,
            0.264546,
            0.32155100000000003,
            0.231961,
            0.23232999999999998,
            0.10672699999999999,
            0.106364
        ],
        [
            0.39607699999999996,
            0.37246599999999996,
            0.037073,
            0.035176,
            0.030521,
            0.030608000000000003,
            0.030400000000000003,
            0.030438,
            0.030478,
            0.030588999999999998,
            0.0,
            0.009092,
            0.027852000000000002,
            0.027815,
            0.027888000000000003,
            0.027792999999999998,
            0.027809,
            0.027868999999999998,
            0.027794,
            0.027718,
            0.027748000000000002,
            0.030482000000000002,
            0.030704000000000002,
            0.051373,
            0.04524,
            0.044855000000000006,
            0.045099,
            0.127623,
            0.13019999999999998,
            0.12984099999999998,
            0.18702,
            0.126189,
            0.161524,
            0.15620499999999998,
            0.152771,
            0.165999,
            0.16174100000000002,
            0.112547,
            0.066102,
            0.102136,
            0.26569299999999996,
            0.2791,
            0.249996,
            0.262255,
            0.26613,
            0.264769,
            0.254653,
            0.280466,
            0.263845,
            0.32084999999999997,
            0.23126,
            0.23162899999999997,
            0.10602599999999998,
            0.10566299999999999
        ],
        [
            0.39191699999999996,
            0.36830599999999997,
            0.032913000000000005,
            0.031016000000000002,
            0.026361000000000002,
            0.026448,
            0.02624,
            0.026278000000000003,
            0.026318,
            0.026429,
            0.009092,
            0.0,
            0.023691999999999998,
            0.023655000000000002,
            0.023728,
            0.023633,
            0.023649,
            0.023709,
            0.023634000000000002,
            0.023558000000000003,
            0.023587999999999998,
            0.026321999999999998,
            0.026543999999999998,
            0.047213,
            0.04108,
            0.040694999999999995,
            0.040938999999999996,
            0.123463,
            0.12603999999999999,
            0.125681,
            0.18286,
            0.122029,
            0.157364,
            0.15204499999999999,
            0.148611,
            0.161839,
            0.15758100000000003,
            0.108387,
            0.061942000000000004,
            0.09797600000000001,
            0.261533,
            0.27493999999999996,
            0.245836,
            0.25809499999999996,
            0.26197,
            0.260609,
            0.25049299999999997,
            0.276306,
            0.259685,
            0.31669,
            0.2271,
            0.22746899999999998,
            0.10186599999999998,
            0.101503
        ],
        [
            0.394041,
            0.37043,
            0.035037,
            0.03314,
            0.028485,
            0.028572,
            0.028364,
            0.028402,
            0.028442000000000002,
            0.028553,
            0.027852000000000002,
            0.023691999999999998,
            0.0,
            0.004371,
            0.004444,
            0.0043490000000000004,
            0.004365,
            0.004425,
            0.00435,
            0.004274,
            0.004304,
            0.028446,
            0.028668,
            0.049337,
            0.043204,
            0.042818999999999996,
            0.043063,
            0.125587,
            0.128164,
            0.127805,
            0.18498399999999998,
            0.124153,
            0.15948800000000002,
            0.154169,
            0.150735,
            0.163963,
            0.159705,
            0.110511,
            0.06406600000000001,
            0.1001,
            0.26365700000000003,
            0.277064,
            0.24796,
            0.260219,
            0.264094,
            0.262733,
            0.252617,
            0.27843,
            0.261809,
            0.31881400000000004,
            0.229224,
            0.229593,
            0.10399,
            0.10362700000000001
        ],
        [
            0.39400399999999997,
            0.370393,
            0.035,
            0.033103,
            0.028448,
            0.028535,
            0.028327,
            0.028365,
            0.028405,
            0.028516,
            0.027815,
            0.023655000000000002,
            0.004371,
            0.0,
            0.0044069999999999995,
            0.004312,
            0.004328,
            0.0043879999999999995,
            0.004313,
            0.0042369999999999994,
            0.004267,
            0.028409,
            0.028631,
            0.0493,
            0.043167,
            0.042782,
            0.043025999999999995,
            0.12555,
            0.128127,
            0.127768,
            0.184947,
            0.124116,
            0.159451,
            0.154132,
            0.150698,
            0.163926,
            0.159668,
            0.11047399999999999,
            0.064029,
            0.100063,
            0.26361999999999997,
            0.277027,
            0.247923,
            0.260182,
            0.264057,
            0.262696,
            0.25258,
            0.278393,
            0.261772,
            0.318777,
            0.229187,
            0.22955599999999998,
            0.10395299999999999,
            0.10359
        ],
        [
            0.39407699999999996,
            0.37046599999999996,
            0.03507300000000001,
            0.033176,
            0.028521,
            0.028608,
            0.0284,
            0.028438,
            0.028478000000000003,
            0.028589,
            0.027888000000000003,
            0.023728,
            0.004444,
            0.0044069999999999995,
            0.0,
            0.004385,
            0.004401,
            0.004461,
            0.004385999999999999,
            0.00431,
            0.00434,
            0.028482,
            0.028704,
            0.049373,
            0.04324,
            0.042855000000000004,
            0.043099,
            0.12562299999999998,
            0.12819999999999998,
            0.12784099999999998,
            0.18502,
            0.124189,
            0.159524,
            0.15420499999999998,
            0.150771,
            0.163999,
            0.15974100000000002,
            0.11054699999999999,
            0.06410199999999999,
            0.100136,
            0.26369299999999996,
            0.2771,
            0.247996,
            0.260255,
            0.26413,
            0.262769,
            0.252653,
            0.278466,
            0.261845,
            0.31884999999999997,
            0.22926,
            0.22962899999999997,
            0.10402599999999998,
            0.10366299999999999
        ],
        [
            0.39398199999999994,
            0.37037099999999995,
            0.034978,
            0.033081,
            0.028426,
            0.028513,
            0.028305,
            0.028343,
            0.028383,
            0.028494,
            0.027792999999999998,
            0.023633,
            0.0043490000000000004,
            0.004312,
            0.004385,
            0.0,
            0.004306000000000001,
            0.004366,
            0.004291,
            0.004215,
            0.0042450000000000005,
            0.028387,
            0.028609,
            0.049278,
            0.043145,
            0.04276,
            0.043004,
            0.125528,
            0.128105,
            0.127746,
            0.184925,
            0.124094,
            0.159429,
            0.15411,
            0.150676,
            0.163904,
            0.159646,
            0.110452,
            0.06400700000000001,
            0.10004099999999999,
            0.263598,
            0.277005,
            0.247901,
            0.26016,
            0.264035,
            0.26267399999999996,
            0.252558,
            0.27837100000000004,
            0.26175000000000004,
            0.318755,
            0.229165,
            0.229534,
            0.103931,
            0.10356800000000001
        ],
        [
            0.39399799999999996,
            0.37038699999999997,
            0.034994000000000004,
            0.033097,
            0.028442000000000002,
            0.028529,
            0.028321,
            0.028359000000000002,
            0.028399,
            0.02851,
            0.027809,
            0.023649,
            0.004365,
            0.004328,
            0.004401,
            0.004306000000000001,
            0.0,
            0.0043820000000000005,
            0.004307,
            0.004231,
            0.004261,
            0.028402999999999998,
            0.028624999999999998,
            0.049294,
            0.043161,
            0.042775999999999995,
            0.043019999999999996,
            0.125544,
            0.12812099999999998,
            0.127762,
            0.184941,
            0.12411,
            0.159445,
            0.15412599999999999,
            0.150692,
            0.16392,
            0.15966200000000003,
            0.110468,
            0.064023,
            0.10005700000000001,
            0.263614,
            0.27702099999999996,
            0.247917,
            0.26017599999999996,
            0.264051,
            0.26269,
            0.25257399999999997,
            0.278387,
            0.261766,
            0.318771,
            0.229181,
            0.22954999999999998,
            0.10394699999999998,
            0.103584
        ],
        [
            0.39405799999999996,
            0.37044699999999997,
            0.035054,
            0.033157,
            0.028502,
            0.028589,
            0.028381,
            0.028419,
            0.028458999999999998,
            0.028569999999999998,
            0.027868999999999998,
            0.023709,
            0.004425,
            0.0043879999999999995,
            0.004461,
            0.004366,
            0.0043820000000000005,
            0.0,
            0.004366999999999999,
            0.004291,
            0.004321,
            0.028463,
            0.028685,
            0.049353999999999995,
            0.043220999999999996,
            0.042836,
            0.04307999999999999,
            0.125604,
            0.128181,
            0.127822,
            0.185001,
            0.12417,
            0.159505,
            0.154186,
            0.150752,
            0.16398,
            0.159722,
            0.11052799999999999,
            0.064083,
            0.100117,
            0.26367399999999996,
            0.277081,
            0.247977,
            0.260236,
            0.264111,
            0.26275,
            0.252634,
            0.278447,
            0.261826,
            0.318831,
            0.229241,
            0.22960999999999998,
            0.10400699999999999,
            0.103644
        ],
        [
            0.39398299999999997,
            0.370372,
            0.034979,
            0.033082,
            0.028427,
            0.028514,
            0.028306,
            0.028344,
            0.028384,
            0.028495,
            0.027794,
            0.023634000000000002,
            0.00435,
            0.004313,
            0.004385999999999999,
            0.004291,
            0.004307,
            0.004366999999999999,
            0.0,
            0.004215999999999999,
            0.004246,
            0.028388,
            0.02861,
            0.049279,
            0.043146000000000004,
            0.042761,
            0.043005,
            0.125529,
            0.128106,
            0.127747,
            0.18492599999999998,
            0.124095,
            0.15943000000000002,
            0.154111,
            0.150677,
            0.163905,
            0.159647,
            0.110453,
            0.06400800000000001,
            0.10004199999999999,
            0.263599,
            0.277006,
            0.247902,
            0.260161,
            0.264036,
            0.262675,
            0.252559,
            0.278372,
            0.261751,
            0.31875600000000004,
            0.229166,
            0.229535,
            0.103932,
            0.10356900000000001
        ],
        [
            0.39390699999999995,
            0.37029599999999996,
            0.034903,
            0.033006,
            0.028351,
            0.028438,
            0.02823,
            0.028268,
            0.028308,
            0.028419,
            0.027718,
            0.023558000000000003,
            0.004274,
            0.0042369999999999994,
            0.00431,
            0.004215,
            0.004231,
            0.004291,
            0.004215999999999999,
            0.0,
            0.00417,
            0.028312,
            0.028534,
            0.049203,
            0.04307,
            0.042685,
            0.042928999999999995,
            0.125453,
            0.12803,
            0.127671,
            0.18485,
            0.12401899999999999,
            0.159354,
            0.154035,
            0.150601,
            0.163829,
            0.15957100000000002,
            0.110377,
            0.063932,
            0.099966,
            0.263523,
            0.27693,
            0.247826,
            0.260085,
            0.26396,
            0.26259899999999997,
            0.252483,
            0.278296,
            0.261675,
            0.31868,
            0.22909000000000002,
            0.22945899999999997,
            0.103856,
            0.103493
        ],
        [
            0.393937,
            0.370326,
            0.034933000000000006,
            0.033035999999999996,
            0.028381,
            0.028468,
            0.02826,
            0.028298,
            0.028338000000000002,
            0.028449,
            0.027748000000000002,
            0.023587999999999998,
            0.004304,
            0.004267,
            0.00434,
            0.0042450000000000005,
            0.004261,
            0.004321,
            0.004246,
            0.00417,
            0.0,
            0.028342,
            0.028564,
            0.049233,
            0.0431,
            0.042715,
            0.042959,
            0.125483,
            0.12806,
            0.127701,
            0.18488,
            0.12404899999999999,
            0.159384,
            0.154065,
            0.15063100000000001,
            0.16385899999999998,
            0.159601,
            0.11040699999999999,
            0.06396199999999999,
            0.099996,
            0.263553,
            0.27696,
            0.247856,
            0.260115,
            0.26398999999999995,
            0.262629,
            0.252513,
            0.27832599999999996,
            0.26170499999999997,
            0.31871,
            0.22912,
            0.22948899999999997,
            0.10388599999999998,
            0.10352299999999999
        ],
        [
            0.396671,
            0.37306,
            0.037667000000000006,
            0.035769999999999996,
            0.031115,
            0.031202,
            0.030994,
            0.031032,
            0.031072000000000002,
            0.031183,
            0.030482000000000002,
            0.026321999999999998,
            0.028446,
            0.028409,
            0.028482,
            0.028387,
            0.028402999999999998,
            0.028463,
            0.028388,
            0.028312,
            0.028342,
            0.0,
            0.00442,
            0.051967,
            0.045834,
            0.045449,
            0.045693,
            0.128217,
            0.130794,
            0.130435,
            0.187614,
            0.12678299999999998,
            0.16211799999999998,
            0.156799,
            0.153365,
            0.166593,
            0.162335,
            0.11314099999999999,
            0.066696,
            0.10272999999999999,
            0.266287,
            0.279694,
            0.25059,
            0.262849,
            0.26672399999999996,
            0.265363,
            0.255247,
            0.28106,
            0.264439,
            0.321444,
            0.231854,
            0.23222299999999998,
            0.10661999999999999,
            0.106257
        ],
        [
            0.39689299999999994,
            0.37328199999999995,
            0.037889000000000006,
            0.035991999999999996,
            0.031337000000000004,
            0.031424,
            0.031216,
            0.031254000000000004,
            0.031294,
            0.031405,
            0.030704000000000002,
            0.026543999999999998,
            0.028668,
            0.028631,
            0.028704,
            0.028609,
            0.028624999999999998,
            0.028685,
            0.02861,
            0.028534,
            0.028564,
            0.00442,
            0.0,
            0.052189,
            0.046056,
            0.045671,
            0.045915,
            0.128439,
            0.131016,
            0.130657,
            0.187836,
            0.12700499999999998,
            0.16233999999999998,
            0.157021,
            0.153587,
            0.166815,
            0.162557,
            0.11336299999999999,
            0.066918,
            0.10295199999999999,
            0.266509,
            0.279916,
            0.25081200000000003,
            0.263071,
            0.266946,
            0.26558499999999996,
            0.255469,
            0.28128200000000003,
            0.26466100000000004,
            0.321666,
            0.232076,
            0.23244499999999998,
            0.10684199999999999,
            0.106479
        ],
        [
            0.40255399999999997,
            0.378943,
            0.058558,
            0.056661,
            0.052006,
            0.052093,
            0.051885,
            0.051923,
            0.051963,
            0.052073999999999995,
            0.051373,
            0.047213,
            0.049337,
            0.0493,
            0.049373,
            0.049278,
            0.049294,
            0.049353999999999995,
            0.049279,
            0.049203,
            0.049233,
            0.051967,
            0.052189,
            0.0,
            0.010915000000000001,
            0.019126,
            0.01937,
            0.1341,
            0.136677,
            0.136318,
            0.19349699999999997,
            0.132666,
            0.168001,
            0.162682,
            0.159248,
            0.172476,
            0.168218,
            0.11902399999999999,
            0.072579,
            0.10861299999999999,
            0.27217,
            0.28557699999999997,
            0.256473,
            0.26873199999999997,
            0.272607,
            0.271246,
            0.26113,
            0.286943,
            0.270322,
            0.32732700000000003,
            0.237737,
            0.23810599999999998,
            0.11250299999999999,
            0.11214
        ],
        [
            0.39642099999999997,
            0.37281,
            0.052425,
            0.050528,
            0.045873,
            0.04596,
            0.045752,
            0.04579,
            0.04583,
            0.045940999999999996,
            0.04524,
            0.04108,
            0.043204,
            0.043167,
            0.04324,
            0.043145,
            0.043161,
            0.043220999999999996,
            0.043146000000000004,
            0.04307,
            0.0431,
            0.045834,
            0.046056,
            0.010915000000000001,
            0.0,
            0.012993000000000001,
            0.013236999999999999,
            0.127967,
            0.130544,
            0.130185,
            0.18736399999999998,
            0.126533,
            0.161868,
            0.156549,
            0.153115,
            0.166343,
            0.162085,
            0.11289099999999999,
            0.066446,
            0.10247999999999999,
            0.26603699999999997,
            0.279444,
            0.25034,
            0.262599,
            0.266474,
            0.265113,
            0.25499700000000003,
            0.28081,
            0.264189,
            0.321194,
            0.231604,
            0.23197299999999998,
            0.10636999999999999,
            0.106007
        ],
        [
            0.39603599999999994,
            0.37242499999999995,
            0.05204,
            0.050143,
            0.045488,
            0.045575000000000004,
            0.045367000000000005,
            0.045405,
            0.045445,
            0.045556,
            0.044855000000000006,
            0.040694999999999995,
            0.042818999999999996,
            0.042782,
            0.042855000000000004,
            0.04276,
            0.042775999999999995,
            0.042836,
            0.042761,
            0.042685,
            0.042715,
            0.045449,
            0.045671,
            0.019126,
            0.012993000000000001,
            0.0,
            0.004132,
            0.127582,
            0.130159,
            0.1298,
            0.186979,
            0.12614799999999998,
            0.161483,
            0.156164,
            0.15273,
            0.165958,
            0.1617,
            0.112506,
            0.06606100000000001,
            0.10209499999999999,
            0.265652,
            0.279059,
            0.249955,
            0.262214,
            0.266089,
            0.26472799999999996,
            0.254612,
            0.28042500000000004,
            0.26380400000000004,
            0.320809,
            0.231219,
            0.231588,
            0.105985,
            0.10562200000000001
        ],
        [
            0.39627999999999997,
            0.372669,
            0.052284,
            0.050387,
            0.045731999999999995,
            0.045819,
            0.045611,
            0.045648999999999995,
            0.045689,
            0.045799999999999993,
            0.045099,
            0.040938999999999996,
            0.043063,
            0.043025999999999995,
            0.043099,
            0.043004,
            0.043019999999999996,
            0.04307999999999999,
            0.043005,
            0.042928999999999995,
            0.042959,
            0.045693,
            0.045915,
            0.01937,
            0.013236999999999999,
            0.004132,
            0.0,
            0.127826,
            0.130403,
            0.130044,
            0.18722299999999997,
            0.126392,
            0.161727,
            0.156408,
            0.152974,
            0.166202,
            0.161944,
            0.11274999999999999,
            0.066305,
            0.10233899999999999,
            0.265896,
            0.27930299999999997,
            0.250199,
            0.26245799999999997,
            0.266333,
            0.264972,
            0.25485599999999997,
            0.280669,
            0.264048,
            0.32105300000000003,
            0.231463,
            0.23183199999999998,
            0.10622899999999999,
            0.105866
        ],
        [
            0.438114,
            0.414503,
            0.134808,
            0.132911,
            0.128256,
            0.12834299999999998,
            0.128135,
            0.128173,
            0.12821300000000002,
            0.128324,
            0.127623,
            0.123463,
            0.125587,
            0.12555,
            0.12562299999999998,
            0.125528,
            0.125544,
            0.125604,
            0.125529,
            0.125453,
            0.125483,
            0.128217,
            0.128439,
            0.1341,
            0.127967,
            0.127582,
            0.127826,
            0.0,
            0.007033,
            0.016834000000000002,
            0.125853,
            0.08866,
            0.12399500000000001,
            0.118676,
            0.11524200000000001,
            0.12847,
            0.12421200000000002,
            0.154584,
            0.10813900000000001,
            0.144173,
            0.30773,
            0.321137,
            0.292033,
            0.304292,
            0.30816699999999997,
            0.306806,
            0.29669,
            0.322503,
            0.305882,
            0.362887,
            0.273297,
            0.27366599999999996,
            0.148063,
            0.1477
        ],
        [
            0.44069099999999994,
            0.41707999999999995,
            0.137385,
            0.135488,
            0.130833,
            0.13091999999999998,
            0.130712,
            0.13075,
