{
    "NEXUS_FILE_URL": "http://purl.org/phylo/treebase/phylows/study/TB2:S12431",
    "NEWICK_TREE": "((((4:0.043308710107988875,(3:0.037222050166744694,(6:0.0025773235485621,5:0.0050737600248582865):0.04562871838062525):0.011100019174440505):0.008912896657481177,(19:0.01944736931034764,20:0.0223668913523604):0.08766434071691659):0.005922813080182664,(((((27:0.009905011858609898,26:0.015034104999136313):0.002739171654184946,28:0.014818815772259627):0.008733636675442762,(29:6.814070789841526E-4,(30:1.23442573645916E-6,31:1.23442573645916E-6):1.23442573645916E-6):0.018318933051445708):0.008064618456924558,((34:0.05360367342935406,((25:0.019966230758253593,21:0.04502612095542685):0.004165336075598377,(33:0.03212157620001611,32:0.01869175307815637):0.004830427596101545):5.244931322465686E-4):0.002863291264530409,(24:0.0021350434771283604,(22:0.007723368491076237,23:0.002702627502076153):6.092962948984501E-4):0.01616449905283146):0.004116056702618098):0.06716463801161157,((12:0.04960018669350767,(13:0.01688422725711143,((((17:1.23442573645916E-6,16:7.001997455259081E-4):0.0453007339923995,18:0.07955884560327521):0.019744854379639697,15:0.07157450408538274):0.02402416863332891,14:0.010265093341209475):0.003921686615058733):0.039033331730756606):0.01464138234522744,(7:0.03419638508481918,((9:0.013900054447765682,(10:0.019147889571163042,11:0.012716895337235003):0.0033493588872769158):0.01570391443545428,8:0.033548120300206236):0.00801050233253641):0.026670888179665314):0.011159697030816405):0.007121754688901885):0.038509119965836454,(2:0.19137135615666714,1:0.11614722498680827):0.038509119965836454);",
    "DISTANCE_MATRIX": [
        [
            0.0,
            0.09163077944917408,
            0.10261477121161673,
            0.10511120768791292,
            0.15933331679273427,
            0.16225283883474706,
            0.16187325119132834,
            0.16700234433185476,
            0.16404788345079313,
            0.1594957711335206,
            0.15881683290600937,
            0.15881683290600937,
            0.19301383394266874,
            0.16406622047941322,
            0.18912611067658647,
            0.17688665744167892,
            0.16345683431981917,
            0.1548464117787441,
            0.1610440330875904,
            0.15602329209859034,
            0.14066744060410613,
            0.1469848128984665,
            0.22309326368751833,
            0.2237922290073078,
            0.2573501408726576,
            0.22962094497512542,
            0.14428736559762326,
            0.1372931448298555,
            0.1407112309607927,
            0.14930842497146696,
            0.14287743073753892,
            0.14465538237777897,
            0.3265340159339928,
            0.25130988476413385
        ],
        [
            0.09163077944917408,
            0.0,
            0.08542809209593205,
            0.08792452857222824,
            0.16434667602593062,
            0.16726619806794338,
            0.16688661042452466,
            0.17201570356505108,
            0.16906124268398945,
            0.1645091303667169,
            0.1638301921392057,
            0.1638301921392057,
            0.19802719317586506,
            0.16907957971260953,
            0.19413946990978279,
            0.1819000166748752,
            0.16847019355301548,
            0.15985977101194043,
            0.16605739232078676,
            0.16103665133178666,
            0.14568079983730242,
            0.1519981721316628,
            0.22810662292071465,
            0.22880558824050412,
            0.2623635001058539,
            0.23463430420832174,
            0.14930072483081958,
            0.14230650406305184,
            0.145724590193989,
            0.15432178420466328,
            0.14789078997073524,
            0.1496687416109753,
            0.3315473751671891,
            0.2563232439973302
        ],
        [
            0.10261477121161673,
            0.08542809209593205,
            0.0,
            0.007651083573420387,
            0.17533066778837325,
            0.17825018983038604,
            0.17787060218696732,
            0.18299969532749374,
            0.1800452344464321,
            0.17549312212915957,
            0.17481418390164835,
            0.17481418390164835,
            0.20901118493830773,
            0.1800635714750522,
            0.20512346167222545,
            0.1928840084373179,
            0.17945418531545815,
            0.17084376277438307,
            0.1770413840832294,
            0.17202064309422932,
            0.1566647915997451,
            0.16298216389410547,
            0.23909061468315732,
            0.23978958000294678,
            0.27334749186829654,
            0.2456182959707644,
            0.16028471659326224,
            0.15329049582549448,
            0.15670858195643167,
            0.16530577596710594,
            0.1588747817331779,
            0.16065273337341796,
            0.3425313669296317,
            0.2673072357597729
        ],
        [
            0.10511120768791292,
            0.08792452857222824,
            0.007651083573420387,
            0.0,
            0.17782710426466947,
            0.1807466263066822,
            0.1803670386632635,
            0.18549613180378993,
            0.1825416709227283,
            0.17798955860545576,
            0.17731062037794454,
            0.17731062037794454,
            0.2115076214146039,
            0.18256000795134839,
            0.20761989814852164,
            0.19538044491361406,
            0.18195062179175434,
            0.17334019925067928,
            0.1795378205595256,
            0.1745170795705255,
            0.15916122807604127,
            0.16547860037040166,
            0.2415870511594535,
            0.24228601647924297,
            0.27584392834459276,
            0.2481147324470606,
            0.16278115306955843,
            0.1557869323017907,
            0.15920501843272786,
            0.16780221244340213,
            0.1613712182094741,
            0.16314916984971414,
            0.3450278034059279,
            0.26980367223606905
        ],
        [
            0.15933331679273427,
            0.16434667602593062,
            0.17533066778837325,
            0.17782710426466947,
            0.0,
            0.04181426066270804,
            0.2167633544531225,
            0.22189244759364896,
            0.2189379867125873,
            0.21438587439531476,
            0.21370693616780356,
            0.21370693616780356,
            0.2479039372044629,
            0.21895632374120738,
            0.24401621393838063,
            0.23177676070347308,
            0.21834693758161333,
            0.20973651504053828,
            0.2159341363493846,
            0.2109133953603845,
            0.1955575438659003,
            0.20187491616026065,
            0.2779833669493125,
            0.278682332269102,
            0.3122402441344518,
            0.2845110482369196,
            0.19917746885941745,
            0.1921832480916497,
            0.19560133422258685,
            0.20419852823326112,
            0.1977675339993331,
            0.19954548563957314,
            0.38142411919578695,
            0.30619998802592807
        ],
        [
            0.16225283883474706,
            0.16726619806794338,
            0.17825018983038604,
            0.1807466263066822,
            0.04181426066270804,
            0.0,
            0.2196828764951353,
            0.2248119696356617,
            0.22185750875460009,
            0.21730539643732755,
            0.2166264582098163,
            0.2166264582098163,
            0.2508234592464757,
            0.22187584578322017,
            0.24693573598039342,
            0.23469628274548585,
            0.22126645962362612,
            0.21265603708255104,
            0.21885365839139737,
            0.2138329174023973,
            0.19847706590791306,
            0.20479443820227344,
            0.28090288899132526,
            0.28160185431111473,
            0.3151597661764645,
            0.2874305702789324,
            0.20209699090143018,
            0.19510277013366245,
            0.19852085626459964,
            0.2071180502752739,
            0.20068705604134585,
            0.20246500768158593,
            0.38434364123779974,
            0.3091195100679408
        ],
        [
            0.16187325119132834,
            0.16688661042452466,
            0.17787060218696732,
            0.1803670386632635,
            0.2167633544531225,
            0.2196828764951353,
            0.0,
            0.02493911685774621,
            0.02746299928505447,
            0.040378160318667464,
            0.03969922209115623,
            0.03969922209115623,
            0.09002546004166473,
            0.06107784657840921,
            0.08613773677558247,
            0.07389828354067489,
            0.06046846041881515,
            0.051858037877740085,
            0.05805565918658641,
            0.05303491819758632,
            0.17200834272632526,
            0.17832571502068562,
            0.25443416580973743,
            0.25513313112952696,
            0.2886910429948767,
            0.26096184709734455,
            0.17562826771984238,
            0.16863404695207462,
            0.17205213308301182,
            0.18064932709368609,
            0.17421833285975805,
            0.1759962844999981,
            0.3721184274340157,
            0.29689429626415675
        ],
        [
            0.16700234433185476,
            0.17201570356505108,
            0.18299969532749374,
            0.18549613180378993,
            0.22189244759364896,
            0.2248119696356617,
            0.02493911685774621,
            0.0,
            0.032592092425580886,
            0.04550725345919388,
            0.04482831523168265,
            0.04482831523168265,
            0.09515455318219114,
            0.06620693971893563,
            0.09126682991610888,
            0.0790273766812013,
            0.06559755355934158,
            0.056987131018266496,
            0.06318475232711282,
            0.05816401133811274,
            0.17713743586685166,
            0.18345480816121204,
            0.2595632589502639,
            0.26026222427005336,
            0.29382013613540314,
            0.26609094023787094,
            0.1807573608603688,
            0.17376314009260108,
            0.17718122622353824,
            0.1857784202342125,
            0.17934742600028447,
            0.18112537764052453,
            0.3772475205745421,
            0.3020233894046832
        ],
        [
            0.16404788345079313,
            0.16906124268398945,
            0.1800452344464321,
            0.1825416709227283,
            0.2189379867125873,
            0.22185750875460009,
            0.02746299928505447,
            0.032592092425580886,
            0.0,
            0.04255279257813225,
            0.04187385435062102,
            0.04187385435062102,
            0.09220009230112951,
            0.063252478837874,
            0.08831236903504724,
            0.07607291580013967,
            0.06264309267827994,
            0.05403267013720486,
            0.060230291446051194,
            0.05520955045705111,
            0.17418297498579005,
            0.1805003472801504,
            0.2566087980692022,
            0.25730776338899175,
            0.2908656752543415,
            0.26313647935680934,
            0.17780289997930718,
            0.17080867921153942,
            0.1742267653424766,
            0.18282395935315088,
            0.17639296511922284,
            0.1781709167594629,
            0.3742930596934805,
            0.29906892852362155
        ],
        [
            0.1594957711335206,
            0.1645091303667169,
            0.17549312212915957,
            0.17798955860545576,
            0.21438587439531476,
            0.21730539643732755,
            0.040378160318667464,
            0.04550725345919388,
            0.04255279257813225,
            0.0,
            0.000683875930457071,
            0.000683875930457071,
            0.08764797998385698,
            0.05870036652060146,
            0.08376025671777472,
            0.07152080348286714,
            0.058090980361007405,
            0.04948055781993234,
            0.05567817912877866,
            0.05065743813977858,
            0.1696308626685175,
            0.17594823496287787,
            0.25205668575192974,
            0.25275565107171916,
            0.286313562937069,
            0.2585843670395368,
            0.17325078766203464,
            0.16625656689426688,
            0.16967465302520407,
            0.17827184703587834,
            0.1718408528019503,
            0.17361880444219036,
            0.3697409473762079,
            0.29451681620634906
        ],
        [
            0.15881683290600937,
            0.1638301921392057,
            0.17481418390164835,
            0.17731062037794454,
            0.21370693616780356,
            0.2166264582098163,
            0.03969922209115623,
            0.04482831523168265,
            0.04187385435062102,
            0.000683875930457071,
            0.0,
            2.46885147291832e-06,
            0.08696904175634575,
            0.05802142829309023,
            0.08308131849026348,
            0.07084186525535591,
            0.057412042133496176,
            0.0488016195924211,
            0.054999240901267434,
            0.04997849991226735,
            0.16895192444100626,
            0.17526929673536665,
            0.2513777475244185,
            0.25207671284420796,
            0.28563462470955775,
            0.2579054288120256,
            0.17257184943452342,
            0.16557762866675568,
            0.16899571479769285,
            0.17759290880836712,
            0.17116191457443908,
            0.17293986621467913,
            0.3690620091486967,
            0.2938378779788378
        ],
        [
            0.15881683290600937,
            0.1638301921392057,
            0.17481418390164835,
            0.17731062037794454,
            0.21370693616780356,
            0.2166264582098163,
            0.03969922209115623,
            0.04482831523168265,
            0.04187385435062102,
            0.000683875930457071,
            2.46885147291832e-06,
            0.0,
            0.08696904175634575,
            0.05802142829309023,
            0.08308131849026348,
            0.07084186525535591,
            0.057412042133496176,
            0.0488016195924211,
            0.054999240901267434,
            0.04997849991226735,
            0.16895192444100626,
            0.17526929673536665,
            0.2513777475244185,
            0.25207671284420796,
            0.28563462470955775,
            0.2579054288120256,
            0.17257184943452342,
            0.16557762866675568,
            0.16899571479769285,
            0.17759290880836712,
            0.17116191457443908,
            0.17293986621467913,
            0.3690620091486967,
            0.2938378779788378
        ],
        [
            0.19301383394266874,
            0.19802719317586506,
            0.20901118493830773,
            0.2115076214146039,
            0.2479039372044629,
            0.2508234592464757,
            0.09002546004166473,
            0.09515455318219114,
            0.09220009230112951,
            0.08764797998385698,
            0.08696904175634575,
            0.08696904175634575,
            0.0,
            0.0782597333954526,
            0.10331962359262586,
            0.09108017035771829,
            0.07765034723585854,
            0.07476650722384429,
            0.08096412853269061,
            0.07594338754369052,
            0.20314892547766566,
            0.20946629777202602,
            0.2855747485610779,
            0.2862737138808673,
            0.31983162574621715,
            0.29210242984868495,
            0.2067688504711828,
            0.19977462970341503,
            0.20319271583435222,
            0.2117899098450265,
            0.20535891561109845,
            0.2071368672513385,
            0.40325901018535604,
            0.3280348790154972
        ],
        [
            0.16406622047941322,
            0.16907957971260953,
            0.1800635714750522,
            0.18256000795134839,
            0.21895632374120738,
            0.22187584578322017,
            0.06107784657840921,
            0.06620693971893563,
            0.063252478837874,
            0.05870036652060146,
            0.05802142829309023,
            0.05802142829309023,
            0.0782597333954526,
            0.0,
            0.06499235171368045,
            0.06108357062996962,
            0.047653747508109884,
            0.04581889376058877,
            0.052016515069435096,
            0.04699577408043501,
            0.17420131201441014,
            0.1805186843087705,
            0.2566271350978223,
            0.25732610041761184,
            0.29088401228296157,
            0.2631548163854294,
            0.17782123700792726,
            0.1708270162401595,
            0.1742451023710967,
            0.18284229638177096,
            0.17641130214784292,
            0.17818925378808298,
            0.37431139672210056,
            0.29908726555224163
        ],
        [
            0.18912611067658647,
            0.19413946990978279,
            0.20512346167222545,
            0.20761989814852164,
            0.24401621393838063,
            0.24693573598039342,
            0.08613773677558247,
            0.09126682991610888,
            0.08831236903504724,
            0.08376025671777472,
            0.08308131849026348,
            0.08308131849026348,
            0.10331962359262586,
            0.06499235171368045,
            0.0,
            0.08614346082714289,
            0.07271363770528315,
            0.07087878395776204,
            0.07707640526660836,
            0.07205566427760828,
            0.1992612022115834,
            0.20557857450594375,
            0.2816870252949956,
            0.2823859906147851,
            0.3159439024801349,
            0.2882147065826027,
            0.20288112720510054,
            0.19588690643733278,
            0.19930499256826995,
            0.20790218657894421,
            0.2014711923450162,
            0.20324914398525623,
            0.3993712869192738,
            0.3241471557494149
        ],
        [
            0.17688665744167892,
            0.1819000166748752,
            0.1928840084373179,
            0.19538044491361406,
            0.23177676070347308,
            0.23469628274548585,
            0.07389828354067489,
            0.0790273766812013,
            0.07607291580013967,
            0.07152080348286714,
            0.07084186525535591,
            0.07084186525535591,
            0.09108017035771829,
            0.06108357062996962,
            0.08614346082714289,
            0.0,
            0.050813329278172475,
            0.05863933072285445,
            0.06483695203170078,
            0.0598162110427007,
            0.1870217489766758,
            0.1933391212710362,
            0.269447572060088,
            0.2701465373798775,
            0.30370444924522727,
            0.2759752533476951,
            0.19064167397019294,
            0.1836474532024252,
            0.1870655393333624,
            0.19566273334403667,
            0.1892317391101086,
            0.19100969075034868,
            0.3871318336843662,
            0.3119077025145074
        ],
        [
            0.16345683431981917,
            0.16847019355301548,
            0.17945418531545815,
            0.18195062179175434,
            0.21834693758161333,
            0.22126645962362612,
            0.06046846041881515,
            0.06559755355934158,
            0.06264309267827994,
            0.058090980361007405,
            0.057412042133496176,
            0.057412042133496176,
            0.07765034723585854,
            0.047653747508109884,
            0.07271363770528315,
            0.050813329278172475,
            0.0,
            0.04520950760099471,
            0.05140712890984104,
            0.04638638792084095,
            0.1735919258548161,
            0.17990929814917644,
            0.25601774893822826,
            0.2567167142580178,
            0.2902746261233675,
            0.2625454302258354,
            0.1772118508483332,
            0.17021763008056545,
            0.17363571621150264,
            0.1822329102221769,
            0.17580191598824887,
            0.17757986762848893,
            0.3737020105625065,
            0.2984778793926476
        ],
        [
            0.1548464117787441,
            0.15985977101194043,
            0.17084376277438307,
            0.17334019925067928,
            0.20973651504053828,
            0.21265603708255104,
            0.051858037877740085,
            0.056987131018266496,
            0.05403267013720486,
            0.04948055781993234,
            0.0488016195924211,
            0.0488016195924211,
            0.07476650722384429,
            0.04581889376058877,
            0.07087878395776204,
            0.05863933072285445,
            0.04520950760099471,
            0.0,
            0.010467708263103049,
            0.005446967274102963,
            0.164981503313741,
            0.17129887560810136,
            0.24740732639715324,
            0.2481062917169427,
            0.2816642035822925,
            0.2539350076847603,
            0.16860142830725816,
            0.1616072075394904,
            0.16502529367042756,
            0.17362248768110183,
            0.16719149344717382,
            0.16896944508741385,
            0.36509158802143143,
            0.28986745685157256
        ],
        [
            0.1610440330875904,
            0.16605739232078676,
            0.1770413840832294,
            0.1795378205595256,
            0.2159341363493846,
            0.21885365839139737,
            0.05805565918658641,
            0.06318475232711282,
            0.060230291446051194,
            0.05567817912877866,
            0.054999240901267434,
            0.054999240901267434,
            0.08096412853269061,
            0.052016515069435096,
            0.07707640526660836,
            0.06483695203170078,
            0.05140712890984104,
            0.010467708263103049,
            0.0,
            0.01042599599315239,
            0.17117912462258733,
            0.1774964969169477,
            0.25360494770599956,
            0.25430391302578903,
            0.2878618248911388,
            0.2601326289936066,
            0.17479904961610448,
            0.16780482884833672,
            0.1712229149792739,
            0.17982010898994816,
            0.17338911475602015,
            0.17516706639626017,
            0.37128920933027776,
            0.2960650781604189
        ],
        [
            0.15602329209859034,
            0.16103665133178666,
            0.17202064309422932,
            0.1745170795705255,
            0.2109133953603845,
            0.2138329174023973,
            0.05303491819758632,
            0.05816401133811274,
            0.05520955045705111,
            0.05065743813977858,
            0.04997849991226735,
            0.04997849991226735,
            0.07594338754369052,
            0.04699577408043501,
            0.07205566427760828,
            0.0598162110427007,
            0.04638638792084095,
            0.005446967274102963,
            0.01042599599315239,
            0.0,
            0.16615838363358726,
            0.17247575592794762,
            0.24858420671699946,
            0.24928317203678893,
            0.2828410839021387,
            0.25511188800460655,
            0.16977830862710439,
            0.16278408785933662,
            0.16620217399027382,
            0.17479936800094809,
            0.16836837376702005,
            0.1701463254072601,
            0.3662684683412777,
            0.29104433717141875
        ],
        [
            0.14066744060410613,
            0.14568079983730242,
            0.1566647915997451,
            0.15916122807604127,
            0.1955575438659003,
            0.19847706590791306,
            0.17200834272632526,
            0.17713743586685166,
            0.17418297498579005,
            0.1696308626685175,
            0.16895192444100626,
            0.16895192444100626,
            0.20314892547766566,
            0.17420131201441014,
            0.1992612022115834,
            0.1870217489766758,
            0.1735919258548161,
            0.164981503313741,
            0.17117912462258733,
            0.16615838363358726,
            0.0,
            0.1055177456813757,
            0.18162619647042755,
            0.18232516179021702,
            0.2158830736555668,
            0.18815387775803466,
            0.10282029838053248,
            0.12510884230321961,
            0.1285269284341568,
            0.13712412244483108,
            0.130693128210903,
            0.1324710798511431,
            0.3509126168467934,
            0.2756884856769346
        ],
        [
            0.1469848128984665,
            0.1519981721316628,
            0.16298216389410547,
            0.16547860037040166,
            0.20187491616026065,
            0.20479443820227344,
            0.17832571502068562,
            0.18345480816121204,
            0.1805003472801504,
            0.17594823496287787,
            0.17526929673536665,
            0.17526929673536665,
            0.20946629777202602,
            0.1805186843087705,
            0.20557857450594375,
            0.1933391212710362,
            0.17990929814917644,
            0.17129887560810136,
            0.1774964969169477,
            0.17247575592794762,
            0.1055177456813757,
            0.0,
            0.10987690530327472,
            0.11057587062306419,
            0.14413378248841396,
            0.1164045865908818,
            0.031071007213379638,
            0.13142621459757997,
            0.13484430072851716,
            0.14344149473919143,
            0.1370105005052634,
            0.13878845214550345,
            0.3572299891411538,
            0.28200585797129496
        ],
        [
            0.22309326368751833,
            0.22810662292071465,
            0.23909061468315732,
            0.2415870511594535,
            0.2779833669493125,
            0.28090288899132526,
            0.25443416580973743,
            0.2595632589502639,
            0.2566087980692022,
            0.25205668575192974,
            0.2513777475244185,
            0.2513777475244185,
            0.2855747485610779,
            0.2566271350978223,
            0.2816870252949956,
            0.269447572060088,
            0.25601774893822826,
            0.24740732639715324,
            0.25360494770599956,
            0.24858420671699946,
            0.18162619647042755,
            0.10987690530327472,
            0.0,
            0.0007014341712623673,
            0.12486081402141117,
            0.1366213268831584,
            0.09933608477231404,
            0.20753466538663182,
            0.210952751517569,
            0.21954994552824328,
            0.21311895129431524,
            0.2148969029345553,
            0.43333843993020565,
            0.3581143087603468
        ],
        [
            0.2237922290073078,
            0.22880558824050412,
            0.23978958000294678,
            0.24228601647924297,
            0.278682332269102,
            0.28160185431111473,
            0.25513313112952696,
            0.26026222427005336,
            0.25730776338899175,
            0.25275565107171916,
            0.25207671284420796,
            0.25207671284420796,
            0.2862737138808673,
            0.25732610041761184,
            0.2823859906147851,
            0.2701465373798775,
            0.2567167142580178,
            0.2481062917169427,
            0.25430391302578903,
            0.24928317203678893,
            0.18232516179021702,
            0.11057587062306419,
            0.0007014341712623673,
            0.0,
            0.1255597793412006,
            0.13732029220294784,
            0.1000350500921035,
            0.20823363070642129,
            0.21165171683735848,
            0.22024891084803275,
            0.2138179166141047,
            0.21559586825434476,
            0.4340374052499951,
            0.35881327408013625
        ],
        [
            0.2573501408726576,
            0.2623635001058539,
            0.27334749186829654,
            0.27584392834459276,
            0.3122402441344518,
            0.3151597661764645,
            0.2886910429948767,
            0.29382013613540314,
            0.2908656752543415,
            0.286313562937069,
            0.28563462470955775,
            0.28563462470955775,
            0.31983162574621715,
            0.29088401228296157,
            0.3159439024801349,
            0.30370444924522727,
            0.2902746261233675,
            0.2816642035822925,
            0.2878618248911388,
            0.2828410839021387,
            0.2158830736555668,
            0.14413378248841396,
            0.12486081402141117,
            0.1255597793412006,
            0.0,
            0.17087820406829765,
            0.1335929619574533,
            0.24179154257177107,
            0.24520962870270827,
            0.2538068227133825,
            0.2473758284794545,
            0.24915378011969455,
            0.4675953171153449,
            0.39237118594548603
        ],
        [
            0.22962094497512542,
            0.23463430420832174,
            0.2456182959707644,
            0.2481147324470606,
            0.2845110482369196,
            0.2874305702789324,
            0.26096184709734455,
            0.26609094023787094,
            0.26313647935680934,
            0.2585843670395368,
            0.2579054288120256,
            0.2579054288120256,
            0.29210242984868495,
            0.2631548163854294,
            0.2882147065826027,
            0.2759752533476951,
            0.2625454302258354,
            0.2539350076847603,
            0.2601326289936066,
            0.25511188800460655,
            0.18815387775803466,
            0.1164045865908818,
            0.1366213268831584,
            0.13732029220294784,
            0.17087820406829765,
            0.0,
            0.10586376605992112,
            0.2140623466742389,
            0.2174804328051761,
            0.22607762681585036,
            0.21964663258192232,
            0.22142458422216238,
            0.43986612121781277,
            0.36464199004795383
        ],
        [
            0.14428736559762326,
            0.14930072483081958,
            0.16028471659326224,
            0.16278115306955843,
            0.19917746885941745,
            0.20209699090143018,
            0.17562826771984238,
            0.1807573608603688,
            0.17780289997930718,
            0.17325078766203464,
            0.17257184943452342,
            0.17257184943452342,
            0.2067688504711828,
            0.17782123700792726,
            0.20288112720510054,
            0.19064167397019294,
            0.1772118508483332,
            0.16860142830725816,
            0.17479904961610448,
            0.16977830862710439,
            0.10282029838053248,
            0.031071007213379638,
            0.09933608477231404,
            0.1000350500921035,
            0.1335929619574533,
            0.10586376605992112,
            0.0,
            0.12872876729673674,
            0.13214685342767393,
            0.1407440474383482,
            0.13431305320442016,
            0.13609100484466022,
            0.3545325418403106,
            0.2793084106704517
        ],
        [
            0.1372931448298555,
            0.14230650406305184,
            0.15329049582549448,
            0.1557869323017907,
            0.1921832480916497,
            0.19510277013366245,
            0.16863404695207462,
            0.17376314009260108,
            0.17080867921153942,
            0.16625656689426688,
            0.16557762866675568,
            0.16557762866675568,
            0.19977462970341503,
            0.1708270162401595,
            0.19588690643733278,
            0.1836474532024252,
            0.17021763008056545,
            0.1616072075394904,
            0.16780482884833672,
            0.16278408785933662,
            0.12510884230321961,
            0.13142621459757997,
            0.20753466538663182,
            0.20823363070642129,
            0.24179154257177107,
            0.2140623466742389,
            0.12872876729673674,
            0.0,
            0.07181085630057556,
            0.08040805031124983,
            0.07397705607732179,
            0.07575500771756183,
            0.34753832107254284,
            0.27231418990268397
        ],
        [
            0.1407112309607927,
            0.145724590193989,
            0.15670858195643167,
            0.15920501843272786,
            0.19560133422258685,
            0.19852085626459964,
            0.17205213308301182,
            0.17718122622353824,
            0.1742267653424766,
            0.16967465302520407,
            0.16899571479769285,
            0.16899571479769285,
            0.20319271583435222,
            0.1742451023710967,
            0.19930499256826995,
            0.1870655393333624,
            0.17363571621150264,
            0.16502529367042756,
            0.1712229149792739,
            0.16620217399027382,
            0.1285269284341568,
            0.13484430072851716,
            0.210952751517569,
            0.21165171683735848,
            0.24520962870270827,
            0.2174804328051761,
            0.13214685342767393,
            0.07181085630057556,
            0.0,
            0.03639730290620564,
            0.0299663086722776,
            0.0631520891834262,
            0.35095640720348,
            0.27573227603362116
        ],
        [
            0.14930842497146696,
            0.15432178420466328,
            0.16530577596710594,
            0.16780221244340213,
            0.20419852823326112,
            0.2071180502752739,
            0.18064932709368609,
            0.1857784202342125,
            0.18282395935315088,
            0.17827184703587834,
            0.17759290880836712,
            0.17759290880836712,
            0.2117899098450265,
            0.18284229638177096,
            0.20790218657894421,
            0.19566273334403667,
            0.1822329102221769,
            0.17362248768110183,
            0.17982010898994816,
            0.17479936800094809,
            0.13712412244483108,
            0.14344149473919143,
            0.21954994552824328,
            0.22024891084803275,
            0.2538068227133825,
            0.22607762681585036,
            0.1407440474383482,
            0.08040805031124983,
            0.03639730290620564,
            0.0,
            0.031864784908398044,
            0.07174928319410047,
            0.35955360121415425,
            0.28432947004429543
        ],
        [
            0.14287743073753892,
            0.14789078997073524,
            0.1588747817331779,
            0.1613712182094741,
            0.1977675339993331,
            0.20068705604134585,
            0.17421833285975805,
            0.17934742600028447,
            0.17639296511922284,
            0.1718408528019503,
            0.17116191457443908,
            0.17116191457443908,
            0.20535891561109845,
            0.17641130214784292,
            0.2014711923450162,
            0.1892317391101086,
            0.17580191598824887,
            0.16719149344717382,
            0.17338911475602015,
            0.16836837376702005,
            0.130693128210903,
            0.1370105005052634,
            0.21311895129431524,
            0.2138179166141047,
            0.2473758284794545,
            0.21964663258192232,
            0.13431305320442016,
            0.07397705607732179,
            0.0299663086722776,
            0.031864784908398044,
            0.0,
            0.06531828896017243,
            0.35312260698022624,
            0.27789847581036736
        ],
        [
            0.14465538237777897,
            0.1496687416109753,
            0.16065273337341796,
            0.16314916984971414,
            0.19954548563957314,
            0.20246500768158593,
            0.1759962844999981,
            0.18112537764052453,
            0.1781709167594629,
            0.17361880444219036,
            0.17293986621467913,
            0.17293986621467913,
            0.2071368672513385,
            0.17818925378808298,
            0.20324914398525623,
            0.19100969075034868,
            0.17757986762848893,
            0.16896944508741385,
            0.17516706639626017,
            0.1701463254072601,
            0.1324710798511431,
            0.13878845214550345,
            0.2148969029345553,
            0.21559586825434476,
            0.24915378011969455,
            0.22142458422216238,
            0.13609100484466022,
            0.07575500771756183,
            0.0631520891834262,
            0.07174928319410047,
            0.06531828896017243,
            0.0,
            0.3549005586204663,
            0.2796764274506074
        ],
        [
            0.3265340159339928,
            0.3315473751671891,
            0.3425313669296317,
            0.3450278034059279,
            0.38142411919578695,
            0.38434364123779974,
            0.3721184274340157,
            0.3772475205745421,
            0.3742930596934805,
            0.3697409473762079,
            0.3690620091486967,
            0.3690620091486967,
            0.40325901018535604,
            0.37431139672210056,
            0.3993712869192738,
            0.3871318336843662,
            0.3737020105625065,
            0.36509158802143143,
            0.37128920933027776,
            0.3662684683412777,
            0.3509126168467934,
            0.3572299891411538,
            0.43333843993020565,
            0.4340374052499951,
            0.4675953171153449,
            0.43986612121781277,
            0.3545325418403106,
            0.34753832107254284,
            0.35095640720348,
            0.35955360121415425,
            0.35312260698022624,
            0.3549005586204663,
            0.0,
            0.3075185811434754
        ],
        [
            0.25130988476413385,
            0.2563232439973302,
            0.2673072357597729,
            0.26980367223606905,
            0.30619998802592807,
            0.3091195100679408,
            0.29689429626415675,
            0.3020233894046832,
            0.29906892852362155,
            0.29451681620634906,
            0.2938378779788378,
            0.2938378779788378,
            0.3280348790154972,
            0.29908726555224163,
            0.3241471557494149,
            0.3119077025145074,
            0.2984778793926476,
            0.28986745685157256,
            0.2960650781604189,
            0.29104433717141875,
            0.2756884856769346,
            0.28200585797129496,
            0.3581143087603468,
            0.35881327408013625,
            0.39237118594548603,
            0.36464199004795383,
            0.2793084106704517,
            0.27231418990268397,
            0.27573227603362116,
            0.28432947004429543,
            0.27789847581036736,
            0.2796764274506074,
            0.3075185811434754,
            0.0
        ]
    ],
    "NODE_MAPPING": {
        "0": "4",
        "1": "3",
        "2": "6",
        "3": "5",
        "4": "19",
        "5": "20",
        "6": "27",
        "7": "26",
        "8": "28",
        "9": "29",
        "10": "30",
        "11": "31",
        "12": "34",
        "13": "25",
        "14": "21",
        "15": "33",
        "16": "32",
        "17": "24",
        "18": "22",
