{
    "NEXUS_FILE_URL": "http://purl.org/phylo/treebase/phylows/study/TB2:S10535",
    "NEWICK_TREE": "(((((1:0.006372,((8:0.001857,42:0.005272):0.001895,19:0.007671,45:0.007597):0.003776,11:0.011442,40:0.011559,48:0.020324):0.003349,44:0.018999):0.004405,((2:0.001844,3:0.001847,((4:0.001901,7:0.01051):0.001937,5:0.0,6:0.005626):0.014237,(9:0.001861,27:0.001859):0.003731,10:0.0,(20:0.001848,24:0.0,30:0.0,(33:0.0,36:0.005619,37:0.0):0.001859):0.001847,21:0.001843,22:0.0,23:0.0,25:0.003701,26:0.00561,28:0.002269,29:0.003707,31:0.003723,32:0.007455,34:0.001843,35:0.005572,38:0.0,39:0.0,41:0.013423,43:0.021718,46:0.012054,47:0.011384):0.00741,(12:0.0,13:0.005941):0.014108):0.003984):0.0,(17:0.005441,18:0.009873):0.010874):0.068351,((14:0.0,15:0.00741):0.022601,16:0.009738):0.018528);",
    "DISTANCE_MATRIX": [
        [
            0.0,
            0.0139,
            0.017315,
            0.017818999999999998,
            0.017745,
            0.017814,
            0.017931,
            0.026695999999999998,
            0.02872,
            0.027364,
            0.027367,
            0.043595,
            0.052204,
            0.039757,
            0.045383,
            0.031112,
            0.03111,
            0.02552,
            0.029214999999999998,
            0.027367,
            0.027367,
            0.029226000000000002,
            0.034845,
            0.029226000000000002,
            0.027363,
            0.02552,
            0.02552,
            0.029220999999999997,
            0.031129999999999998,
            0.027789,
            0.029227,
            0.029242999999999998,
            0.032975,
            0.027363,
            0.031092,
            0.02552,
            0.02552,
            0.038943,
            0.047238,
            0.037574,
            0.036904,
            0.032218,
            0.038159,
            0.030441,
            0.034873,
            0.123606,
            0.131016,
            0.110743
        ],
        [
            0.0139,
            0.0,
            0.007129,
            0.011422999999999999,
            0.011349,
            0.01897,
            0.019087,
            0.027852,
            0.029876,
            0.02852,
            0.028523,
            0.044751,
            0.053360000000000005,
            0.040913000000000005,
            0.046539,
            0.032268000000000005,
            0.032266,
            0.026676,
            0.030371000000000002,
            0.028523,
            0.028523,
            0.030382,
            0.036001000000000005,
            0.030382,
            0.028519000000000003,
            0.026676,
            0.026676,
            0.030377,
            0.032285999999999995,
            0.028945,
            0.030383,
            0.030399000000000002,
            0.034130999999999995,
            0.028519000000000003,
            0.032248,
            0.026676,
            0.026676,
            0.040098999999999996,
            0.048394000000000006,
            0.03873,
            0.03806,
            0.033374,
            0.039315,
            0.031597,
            0.036029000000000005,
            0.124762,
            0.132172,
            0.111899
        ],
        [
            0.017315,
            0.007129,
            0.0,
            0.014838,
            0.014764,
            0.022385000000000002,
            0.022502,
            0.031266999999999996,
            0.033291,
            0.031935,
            0.031937999999999994,
            0.048166,
            0.056775,
            0.044328,
            0.049954,
            0.035683,
            0.035681,
            0.030091,
            0.033786,
            0.031937999999999994,
            0.031937999999999994,
            0.033797,
            0.039416,
            0.033797,
            0.031934,
            0.030091,
            0.030091,
            0.033791999999999996,
            0.035701,
            0.03236,
            0.033797999999999995,
            0.033814,
            0.037545999999999996,
            0.031934,
            0.035663,
            0.030091,
            0.030091,
            0.043514,
            0.051809,
            0.042145,
            0.041475,
            0.036789,
            0.04273,
            0.035012,
            0.039444,
            0.12817699999999999,
            0.13558699999999999,
            0.11531399999999999
        ],
        [
            0.017818999999999998,
            0.011422999999999999,
            0.014838,
            0.0,
            0.015268,
            0.022889,
            0.023006,
            0.031770999999999994,
            0.033795,
            0.032438999999999996,
            0.032442,
            0.048670000000000005,
            0.057279,
            0.044832,
            0.050458,
            0.036187,
            0.036184999999999995,
            0.030594999999999997,
            0.03429,
            0.032442,
            0.032442,
            0.034301,
            0.03992,
            0.034301,
            0.032438,
            0.030594999999999997,
            0.030594999999999997,
            0.034296,
            0.036205,
            0.032864,
            0.034302,
            0.034318,
            0.03805,
            0.032438,
            0.036167000000000005,
            0.030594999999999997,
            0.030594999999999997,
            0.044018,
            0.052313,
            0.042649000000000006,
            0.041979,
            0.037293,
            0.043233999999999995,
            0.035516,
            0.039948,
            0.128681,
            0.136091,
            0.11581799999999999
        ],
        [
            0.017745,
            0.011349,
            0.014764,
            0.015268,
            0.0,
            0.022815000000000002,
            0.022932,
            0.031696999999999996,
            0.033721,
            0.032365,
            0.032367999999999994,
            0.048596,
            0.057205,
            0.044758,
            0.050384,
            0.036113,
            0.036111,
            0.030521,
            0.034215999999999996,
            0.032367999999999994,
            0.032367999999999994,
            0.034227,
            0.039846,
            0.034227,
            0.032364,
            0.030521,
            0.030521,
            0.034221999999999995,
            0.036130999999999996,
            0.03279,
            0.034227999999999995,
            0.034244,
            0.037975999999999996,
            0.032364,
            0.036093,
            0.030521,
            0.030521,
            0.043944,
            0.052239,
            0.042575,
            0.041905,
            0.037219,
            0.04316,
            0.035442,
            0.039874,
            0.128607,
            0.136017,
            0.115744
        ],
        [
            0.017814,
            0.01897,
            0.022385000000000002,
            0.022889,
            0.022815000000000002,
            0.0,
            0.023001,
            0.031766,
            0.03379,
            0.032434000000000004,
            0.032437,
            0.048665,
            0.057274000000000005,
            0.044827000000000006,
            0.050453,
            0.036182000000000006,
            0.036180000000000004,
            0.03059,
            0.034285,
            0.032437,
            0.032437,
            0.034296,
            0.039915000000000006,
            0.034296,
            0.032433000000000003,
            0.03059,
            0.03059,
            0.034291,
            0.036199999999999996,
            0.032859,
            0.034297,
            0.034313,
            0.038044999999999995,
            0.032433000000000003,
            0.036162,
            0.03059,
            0.03059,
            0.044013,
            0.05230800000000001,
            0.042644,
            0.041974,
            0.037288,
            0.043229000000000004,
            0.035511,
            0.039943000000000006,
            0.128676,
            0.13608599999999998,
            0.115813
        ],
        [
            0.017931,
            0.019087,
            0.022502,
            0.023006,
            0.022932,
            0.023001,
            0.0,
            0.031882999999999995,
            0.033907,
            0.032551,
            0.032554,
            0.048782000000000006,
            0.057391,
            0.044944,
            0.050570000000000004,
            0.036299,
            0.036296999999999996,
            0.030706999999999998,
            0.034402,
            0.032554,
            0.032554,
            0.034413,
            0.040032,
            0.034413,
            0.03255,
            0.030706999999999998,
            0.030706999999999998,
            0.034408,
            0.036317,
            0.032976,
            0.034414,
            0.03443,
            0.038162,
            0.03255,
            0.036279000000000006,
            0.030706999999999998,
            0.030706999999999998,
            0.04413,
            0.052425,
            0.04276100000000001,
            0.042091,
            0.037405,
            0.043345999999999996,
            0.035628,
            0.04006,
            0.128793,
            0.136203,
            0.11592999999999999
        ],
        [
            0.026695999999999998,
            0.027852,
            0.031266999999999996,
            0.031770999999999994,
            0.031696999999999996,
            0.031766,
            0.031882999999999995,
            0.0,
            0.042672,
            0.041316,
            0.041318999999999995,
            0.057547,
            0.06615599999999999,
            0.053709,
            0.059335,
            0.045064,
            0.045062,
            0.039472,
            0.043167,
            0.041318999999999995,
            0.041318999999999995,
            0.043178,
            0.048797,
            0.043178,
            0.041315,
            0.039472,
            0.039472,
            0.043172999999999996,
            0.045082,
            0.041741,
            0.043178999999999995,
            0.043195,
            0.046926999999999996,
            0.041315,
            0.045044,
            0.039472,
            0.039472,
            0.052895,
            0.06119,
            0.051526,
            0.050856,
            0.04617,
            0.052111,
            0.044393,
            0.048825,
            0.13755799999999999,
            0.14496799999999999,
            0.12469499999999999
        ],
        [
            0.02872,
            0.029876,
            0.033291,
            0.033795,
            0.033721,
            0.03379,
            0.033907,
            0.042672,
            0.0,
            0.036641999999999994,
            0.036645,
            0.052873,
            0.061481999999999995,
            0.049034999999999995,
            0.054661,
            0.040389999999999995,
            0.04038799999999999,
            0.034797999999999996,
            0.038493,
            0.036645,
            0.036645,
            0.038504,
            0.044122999999999996,
            0.038504,
            0.036641,
            0.034797999999999996,
            0.034797999999999996,
            0.038499,
            0.040408,
            0.037066999999999996,
            0.038505,
            0.038521,
            0.042253,
            0.036641,
            0.04037,
            0.034797999999999996,
            0.034797999999999996,
            0.048221,
            0.056516,
            0.046852000000000005,
            0.046182,
            0.041496,
            0.04743699999999999,
            0.039719,
            0.044150999999999996,
            0.132884,
            0.14029399999999997,
            0.12002099999999999
        ],
        [
            0.027364,
            0.02852,
            0.031935,
            0.032438999999999996,
            0.032365,
            0.032434000000000004,
            0.032551,
            0.041316,
            0.036641999999999994,
            0.0,
            0.003691,
            0.019919,
            0.028527999999999998,
            0.016080999999999998,
            0.021706999999999997,
            0.007436,
            0.007434,
            0.001844,
            0.005539,
            0.003691,
            0.003691,
            0.00555,
            0.011169,
            0.00555,
            0.003687,
            0.001844,
            0.001844,
            0.005545,
            0.0074540000000000006,
            0.004113,
            0.0055509999999999995,
            0.005567,
            0.009299,
            0.003687,
            0.007416,
            0.001844,
            0.001844,
            0.015267,
            0.023562,
            0.013898,
            0.013228,
            0.023362,
            0.029303000000000003,
            0.029553,
            0.033985,
            0.122718,
            0.130128,
            0.109855
        ],
        [
            0.027367,
            0.028523,
            0.031937999999999994,
            0.032442,
            0.032367999999999994,
            0.032437,
            0.032554,
            0.041318999999999995,
            0.036645,
            0.003691,
            0.0,
            0.019922000000000002,
            0.028531,
            0.016084,
            0.02171,
            0.007438999999999999,
            0.007436999999999999,
            0.001847,
            0.005542,
            0.003694,
            0.003694,
            0.005553,
            0.011172,
            0.005553,
            0.0036899999999999997,
            0.001847,
            0.001847,
            0.005548,
            0.007457,
            0.004116,
            0.005554,
            0.00557,
            0.009302,
            0.0036899999999999997,
            0.007418999999999999,
            0.001847,
            0.001847,
            0.015269999999999999,
            0.023565000000000003,
            0.013901,
            0.013231,
            0.023365,
            0.029306,
            0.029556,
            0.033988000000000004,
            0.122721,
            0.130131,
            0.109858
        ],
        [
            0.043595,
            0.044751,
            0.048166,
            0.048670000000000005,
            0.048596,
            0.048665,
            0.048782000000000006,
            0.057547,
            0.052873,
            0.019919,
            0.019922000000000002,
            0.0,
            0.012411,
            0.003838,
            0.009464,
            0.023667,
            0.023665,
            0.018075,
            0.02177,
            0.019922000000000002,
            0.019922000000000002,
            0.021781000000000002,
            0.0274,
            0.021781000000000002,
            0.019918,
            0.018075,
            0.018075,
            0.021776,
            0.023685,
            0.020344,
            0.021782,
            0.021798,
            0.02553,
            0.019918,
            0.023647,
            0.018075,
            0.018075,
            0.031498,
            0.039793,
            0.030129000000000003,
            0.029459,
            0.039593,
            0.045534000000000005,
            0.045784000000000005,
            0.050216000000000004,
            0.138949,
            0.146359,
            0.12608599999999998
        ],
        [
            0.052204,
            0.053360000000000005,
            0.056775,
            0.057279,
            0.057205,
            0.057274000000000005,
            0.057391,
            0.06615599999999999,
            0.061481999999999995,
            0.028527999999999998,
            0.028531,
            0.012411,
            0.0,
            0.012447,
            0.018073,
            0.032276,
            0.032274,
            0.026684,
            0.030379,
            0.028531,
            0.028531,
            0.03039,
            0.036009,
            0.03039,
            0.028527,
            0.026684,
            0.026684,
            0.030385,
            0.032294,
            0.028953,
            0.030390999999999998,
            0.030407,
            0.034139,
            0.028527,
            0.032256,
            0.026684,
            0.026684,
            0.040107,
            0.048402,
            0.038738,
            0.038068,
            0.048202,
            0.054143,
            0.054393,
            0.058825,
            0.147558,
            0.154968,
            0.134695
        ],
        [
            0.039757,
            0.040913000000000005,
            0.044328,
            0.044832,
            0.044758,
            0.044827000000000006,
            0.044944,
            0.053709,
            0.049034999999999995,
            0.016080999999999998,
            0.016084,
            0.003838,
            0.012447,
            0.0,
            0.005626,
            0.019829,
            0.019826999999999997,
            0.014237,
            0.017932,
            0.016084,
            0.016084,
            0.017943,
            0.023562,
            0.017943,
            0.01608,
            0.014237,
            0.014237,
            0.017938,
            0.019847,
            0.016506,
            0.017943999999999998,
            0.01796,
            0.021692,
            0.01608,
            0.019809,
            0.014237,
            0.014237,
            0.027659999999999997,
            0.035955,
            0.026291000000000002,
            0.025620999999999998,
            0.035755,
            0.041696,
            0.041946,
            0.046378,
            0.13511099999999998,
            0.142521,
            0.122248
        ],
        [
            0.045383,
            0.046539,
            0.049954,
            0.050458,
            0.050384,
            0.050453,
            0.050570000000000004,
            0.059335,
            0.054661,
            0.021706999999999997,
            0.02171,
            0.009464,
            0.018073,
            0.005626,
            0.0,
            0.025455,
            0.025452999999999996,
            0.019863,
            0.023558,
            0.02171,
            0.02171,
            0.023569,
            0.029188,
            0.023569,
            0.021706,
            0.019863,
            0.019863,
            0.023563999999999998,
            0.025473,
            0.022132,
            0.023569999999999997,
            0.023586,
            0.027318,
            0.021706,
            0.025435,
            0.019863,
            0.019863,
            0.033285999999999996,
            0.041581,
            0.031917,
            0.031246999999999997,
            0.041381,
            0.047322,
            0.047572,
            0.052004,
            0.140737,
            0.148147,
            0.127874
        ],
        [
            0.031112,
            0.032268000000000005,
            0.035683,
            0.036187,
            0.036113,
            0.036182000000000006,
            0.036299,
            0.045064,
            0.040389999999999995,
            0.007436,
            0.007438999999999999,
            0.023667,
            0.032276,
            0.019829,
            0.025455,
            0.0,
            0.00372,
            0.005592,
            0.009287,
            0.007438999999999999,
            0.007438999999999999,
            0.009298,
            0.014917,
            0.009298,
            0.007435,
            0.005592,
            0.005592,
            0.009293,
            0.011202,
            0.007861,
            0.009299,
            0.009315,
            0.013047,
            0.007435,
            0.011164,
            0.005592,
            0.005592,
            0.019014999999999997,
            0.02731,
            0.017646000000000002,
            0.016975999999999998,
            0.027110000000000002,
            0.033051,
            0.033301,
            0.037733,
            0.126466,
            0.133876,
            0.113603
        ],
        [
            0.03111,
            0.032266,
            0.035681,
            0.036184999999999995,
            0.036111,
            0.036180000000000004,
            0.036296999999999996,
            0.045062,
            0.04038799999999999,
            0.007434,
            0.007436999999999999,
            0.023665,
            0.032274,
            0.019826999999999997,
            0.025452999999999996,
            0.00372,
            0.0,
            0.0055899999999999995,
            0.009285,
            0.007436999999999999,
            0.007436999999999999,
            0.009295999999999999,
            0.014915,
            0.009295999999999999,
            0.0074329999999999995,
            0.0055899999999999995,
            0.0055899999999999995,
            0.009290999999999999,
            0.0112,
            0.007859,
            0.009297,
            0.009313,
            0.013045,
            0.0074329999999999995,
            0.011161999999999998,
            0.0055899999999999995,
            0.0055899999999999995,
            0.019013,
            0.027308,
            0.017644,
            0.016974,
            0.027108,
            0.033049,
            0.033298999999999995,
            0.037731,
            0.126464,
            0.133874,
            0.113601
        ],
        [
            0.02552,
            0.026676,
            0.030091,
            0.030594999999999997,
            0.030521,
            0.03059,
            0.030706999999999998,
            0.039472,
            0.034797999999999996,
            0.001844,
            0.001847,
            0.018075,
            0.026684,
            0.014237,
            0.019863,
            0.005592,
            0.0055899999999999995,
            0.0,
            0.003695,
            0.001847,
            0.001847,
            0.003706,
            0.009325,
            0.003706,
            0.001843,
            0.0,
            0.0,
            0.003701,
            0.00561,
            0.002269,
            0.003707,
            0.003723,
            0.007455,
            0.001843,
            0.005572,
            0.0,
            0.0,
            0.013423,
            0.021718,
            0.012054,
            0.011384,
            0.021518000000000002,
            0.027459,
            0.027708999999999998,
            0.032141,
            0.120874,
            0.128284,
            0.108011
        ],
        [
            0.029214999999999998,
            0.030371000000000002,
            0.033786,
            0.03429,
            0.034215999999999996,
            0.034285,
            0.034402,
            0.043167,
            0.038493,
            0.005539,
            0.005542,
            0.02177,
            0.030379,
            0.017932,
            0.023558,
            0.009287,
            0.009285,
            0.003695,
            0.0,
            0.001848,
            0.001848,
            0.0037070000000000002,
            0.009326000000000001,
            0.0037070000000000002,
            0.0055379999999999995,
            0.003695,
            0.003695,
            0.007396,
            0.009305,
            0.0059640000000000006,
            0.007402,
            0.007418,
            0.01115,
            0.0055379999999999995,
            0.009267,
            0.003695,
            0.003695,
            0.017117999999999998,
            0.025413,
            0.015749,
            0.015079,
            0.025213,
            0.031154,
            0.031404,
            0.035836,
            0.124569,
            0.131979,
            0.111706
        ],
        [
            0.027367,
            0.028523,
            0.031937999999999994,
            0.032442,
            0.032367999999999994,
            0.032437,
            0.032554,
            0.041318999999999995,
            0.036645,
            0.003691,
            0.003694,
            0.019922000000000002,
            0.028531,
            0.016084,
            0.02171,
            0.007438999999999999,
            0.007436999999999999,
            0.001847,
            0.001848,
            0.0,
            0.0,
            0.001859,
            0.007478,
            0.001859,
            0.0036899999999999997,
            0.001847,
            0.001847,
            0.005548,
            0.007457,
            0.004116,
            0.005554,
            0.00557,
            0.009302,
            0.0036899999999999997,
            0.007418999999999999,
            0.001847,
            0.001847,
            0.015269999999999999,
            0.023565000000000003,
            0.013901,
            0.013231,
            0.023365,
            0.029306,
            0.029556,
            0.033988000000000004,
            0.122721,
            0.130131,
            0.109858
        ],
        [
            0.027367,
            0.028523,
            0.031937999999999994,
            0.032442,
            0.032367999999999994,
            0.032437,
            0.032554,
            0.041318999999999995,
            0.036645,
            0.003691,
            0.003694,
            0.019922000000000002,
            0.028531,
            0.016084,
            0.02171,
            0.007438999999999999,
            0.007436999999999999,
            0.001847,
            0.001848,
            0.0,
            0.0,
            0.001859,
            0.007478,
            0.001859,
            0.0036899999999999997,
            0.001847,
            0.001847,
            0.005548,
            0.007457,
            0.004116,
            0.005554,
            0.00557,
            0.009302,
            0.0036899999999999997,
            0.007418999999999999,
            0.001847,
            0.001847,
            0.015269999999999999,
            0.023565000000000003,
            0.013901,
            0.013231,
            0.023365,
            0.029306,
            0.029556,
            0.033988000000000004,
            0.122721,
            0.130131,
            0.109858
        ],
        [
            0.029226000000000002,
            0.030382,
            0.033797,
            0.034301,
            0.034227,
            0.034296,
            0.034413,
            0.043178,
            0.038504,
            0.00555,
            0.005553,
            0.021781000000000002,
            0.03039,
            0.017943,
            0.023569,
            0.009298,
            0.009295999999999999,
            0.003706,
            0.0037070000000000002,
            0.001859,
            0.001859,
            0.0,
            0.005619,
            0.0,
            0.005549,
            0.003706,
            0.003706,
            0.007407,
            0.009316000000000001,
            0.005975,
            0.0074129999999999995,
            0.007429,
            0.011161,
            0.005549,
            0.009278,
            0.003706,
            0.003706,
            0.017129,
            0.025424000000000002,
            0.01576,
            0.01509,
            0.025224000000000003,
            0.031165,
            0.031415,
            0.035847000000000004,
            0.12458,
            0.13199,
            0.111717
        ],
        [
            0.034845,
            0.036001000000000005,
            0.039416,
            0.03992,
            0.039846,
            0.039915000000000006,
            0.040032,
            0.048797,
            0.044122999999999996,
            0.011169,
            0.011172,
            0.0274,
            0.036009,
            0.023562,
            0.029188,
            0.014917,
            0.014915,
            0.009325,
            0.009326000000000001,
            0.007478,
            0.007478,
            0.005619,
            0.0,
            0.005619,
            0.011168,
            0.009325,
            0.009325,
            0.013026,
            0.014935,
            0.011594,
            0.013032,
            0.013048,
            0.01678,
            0.011168,
            0.014897,
            0.009325,
            0.009325,
            0.022747999999999997,
            0.031043,
            0.021379000000000002,
            0.020708999999999998,
            0.030843000000000002,
            0.036784,
            0.037034,
            0.041466,
            0.130199,
            0.13760899999999998,
            0.117336
        ],
        [
            0.029226000000000002,
            0.030382,
            0.033797,
            0.034301,
            0.034227,
            0.034296,
            0.034413,
            0.043178,
            0.038504,
            0.00555,
            0.005553,
            0.021781000000000002,
            0.03039,
            0.017943,
            0.023569,
            0.009298,
            0.009295999999999999,
            0.003706,
            0.0037070000000000002,
            0.001859,
            0.001859,
            0.0,
            0.005619,
            0.0,
            0.005549,
            0.003706,
            0.003706,
            0.007407,
            0.009316000000000001,
            0.005975,
            0.0074129999999999995,
            0.007429,
            0.011161,
            0.005549,
            0.009278,
            0.003706,
            0.003706,
            0.017129,
            0.025424000000000002,
            0.01576,
            0.01509,
            0.025224000000000003,
            0.031165,
            0.031415,
            0.035847000000000004,
            0.12458,
            0.13199,
            0.111717
        ],
        [
            0.027363,
            0.028519000000000003,
            0.031934,
            0.032438,
            0.032364,
            0.032433000000000003,
            0.03255,
            0.041315,
            0.036641,
            0.003687,
            0.0036899999999999997,
            0.019918,
            0.028527,
            0.01608,
            0.021706,
            0.007435,
            0.0074329999999999995,
            0.001843,
            0.0055379999999999995,
            0.0036899999999999997,
            0.0036899999999999997,
            0.005549,
            0.011168,
            0.005549,
            0.0,
            0.001843,
            0.001843,
            0.005544,
            0.007453,
            0.004112,
            0.005549999999999999,
            0.005566,
            0.009298,
            0.003686,
            0.007415,
            0.001843,
            0.001843,
            0.015265999999999998,
            0.023561000000000002,
            0.013897,
            0.013227,
            0.023361,
            0.029302,
            0.029552000000000002,
            0.033984,
            0.12271699999999999,
            0.130127,
            0.109854
        ],
        [
            0.02552,
            0.026676,
            0.030091,
            0.030594999999999997,
            0.030521,
            0.03059,
            0.030706999999999998,
            0.039472,
            0.034797999999999996,
            0.001844,
            0.001847,
            0.018075,
            0.026684,
            0.014237,
            0.019863,
            0.005592,
            0.0055899999999999995,
            0.0,
            0.003695,
            0.001847,
            0.001847,
            0.003706,
            0.009325,
            0.003706,
            0.001843,
            0.0,
            0.0,
            0.003701,
            0.00561,
            0.002269,
            0.003707,
            0.003723,
            0.007455,
            0.001843,
            0.005572,
            0.0,
            0.0,
            0.013423,
            0.021718,
            0.012054,
            0.011384,
            0.021518000000000002,
            0.027459,
            0.027708999999999998,
            0.032141,
            0.120874,
            0.128284,
            0.108011
        ],
        [
            0.02552,
            0.026676,
            0.030091,
            0.030594999999999997,
            0.030521,
            0.03059,
            0.030706999999999998,
            0.039472,
            0.034797999999999996,
            0.001844,
            0.001847,
            0.018075,
            0.026684,
            0.014237,
            0.019863,
            0.005592,
            0.0055899999999999995,
            0.0,
            0.003695,
            0.001847,
            0.001847,
            0.003706,
            0.009325,
            0.003706,
            0.001843,
            0.0,
            0.0,
            0.003701,
            0.00561,
            0.002269,
            0.003707,
            0.003723,
            0.007455,
            0.001843,
            0.005572,
            0.0,
            0.0,
            0.013423,
            0.021718,
            0.012054,
            0.011384,
            0.021518000000000002,
            0.027459,
            0.027708999999999998,
            0.032141,
            0.120874,
            0.128284,
            0.108011
        ],
        [
            0.029220999999999997,
            0.030377,
            0.033791999999999996,
            0.034296,
            0.034221999999999995,
            0.034291,
            0.034408,
            0.043172999999999996,
            0.038499,
            0.005545,
            0.005548,
            0.021776,
            0.030385,
            0.017938,
            0.023563999999999998,
            0.009293,
            0.009290999999999999,
            0.003701,
            0.007396,
            0.005548,
            0.005548,
            0.007407,
            0.013026,
            0.007407,
            0.005544,
            0.003701,
            0.003701,
            0.0,
            0.009311,
            0.00597,
            0.007408,
            0.007424,
            0.011156,
            0.005544,
            0.009273,
            0.003701,
            0.003701,
            0.017124,
            0.025419,
            0.015755,
            0.015085,
            0.025219,
            0.03116,
            0.03141,
            0.035842,
            0.12457499999999999,
            0.131985,
            0.11171199999999999
        ],
        [
            0.031129999999999998,
            0.032285999999999995,
            0.035701,
            0.036205,
            0.036130999999999996,
            0.036199999999999996,
            0.036317,
            0.045082,
            0.040408,
            0.0074540000000000006,
            0.007457,
            0.023685,
            0.032294,
            0.019847,
            0.025473,
            0.011202,
            0.0112,
            0.00561,
            0.009305,
            0.007457,
            0.007457,
            0.009316000000000001,
            0.014935,
            0.009316000000000001,
            0.007453,
            0.00561,
            0.00561,
            0.009311,
            0.0,
            0.007879,
            0.009317,
            0.009333000000000001,
            0.013065,
            0.007453,
            0.011182000000000001,
            0.00561,
            0.00561,
            0.019033,
            0.027328,
            0.017664,
            0.016994000000000002,
            0.027128,
            0.033069,
            0.033319,
            0.037751,
            0.12648399999999999,
            0.13389399999999999,
            0.11362099999999999
        ],
        [
            0.027789,
            0.028945,
            0.03236,
            0.032864,
            0.03279,
            0.032859,
            0.032976,
            0.041741,
            0.037066999999999996,
            0.004113,
            0.004116,
            0.020344,
            0.028953,
            0.016506,
            0.022132,
            0.007861,
            0.007859,
            0.002269,
            0.0059640000000000006,
            0.004116,
            0.004116,
            0.005975,
            0.011594,
            0.005975,
            0.004112,
            0.002269,
            0.002269,
            0.00597,
            0.007879,
            0.0,
            0.005976,
            0.005992000000000001,
            0.009724,
            0.004112,
            0.007841,
            0.002269,
            0.002269,
            0.015691999999999998,
            0.023987,
            0.014323,
            0.013653,
            0.023787000000000003,
            0.029728,
            0.029977999999999998,
            0.03441,
            0.12314299999999999,
            0.13055299999999997,
            0.11027999999999999
        ],
        [
            0.029227,
            0.030383,
            0.033797999999999995,
            0.034302,
            0.034227999999999995,
            0.034297,
            0.034414,
            0.043178999999999995,
            0.038505,
            0.0055509999999999995,
            0.005554,
            0.021782,
            0.030390999999999998,
            0.017943999999999998,
            0.023569999999999997,
            0.009299,
            0.009297,
            0.003707,
            0.007402,
            0.005554,
            0.005554,
            0.0074129999999999995,
            0.013032,
            0.0074129999999999995,
            0.005549999999999999,
            0.003707,
            0.003707,
            0.007408,
            0.009317,
            0.005976,
            0.0,
            0.00743,
            0.011162,
            0.005549999999999999,
            0.009278999999999999,
            0.003707,
            0.003707,
            0.01713,
            0.025425,
            0.015761,
            0.015091,
            0.025225,
            0.031166,
            0.031416,
            0.035848000000000005,
            0.124581,
            0.131991,
            0.111718
        ],
        [
            0.029242999999999998,
            0.030399000000000002,
            0.033814,
            0.034318,
            0.034244,
            0.034313,
            0.03443,
            0.043195,
            0.038521,
            0.005567,
            0.00557,
            0.021798,
            0.030407,
            0.01796,
            0.023586,
            0.009315,
            0.009313,
            0.003723,
            0.007418,
            0.00557,
            0.00557,
            0.007429,
            0.013048,
            0.007429,
            0.005566,
            0.003723,
            0.003723,
            0.007424,
            0.009333000000000001,
            0.005992000000000001,
            0.00743,
            0.0,
            0.011178,
            0.005566,
            0.009295,
            0.003723,
            0.003723,
            0.017145999999999998,
            0.025441000000000002,
            0.015777,
            0.015107,
            0.025241,
            0.031182,
            0.031432,
            0.035864,
            0.124597,
            0.13200699999999999,
            0.111734
        ],
        [
            0.032975,
            0.034130999999999995,
            0.037545999999999996,
            0.03805,
            0.037975999999999996,
            0.038044999999999995,
            0.038162,
            0.046926999999999996,
            0.042253,
            0.009299,
            0.009302,
            0.02553,
            0.034139,
            0.021692,
            0.027318,
            0.013047,
            0.013045,
            0.007455,
            0.01115,
            0.009302,
            0.009302,
            0.011161,
            0.01678,
            0.011161,
            0.009298,
            0.007455,
            0.007455,
            0.011156,
            0.013065,
            0.009724,
            0.011162,
            0.011178,
            0.0,
            0.009298,
            0.013027,
            0.007455,
            0.007455,
            0.020878,
            0.029173,
