[
    {
        "NEXUS_FILE_URL": "http://purl.org/phylo/treebase/phylows/study/TB2:S12179",
        "NEWICK_TREE": "(1:0.077662185,((44:0.14891412,((21:0.04487317,41:0.04609405):0.07802372,(27:0.08722353,(35:0.10143036,(5:0.06142653,(32:0.04670826,60:0.04877438):0.01760067):0.02699183):0.00749773):0.03763993):0.01328144):0.0161571,(29:0.10943995,((3:0.1497932,53:0.09404273):0.05016369,((19:0.09979095,(4:0.09775702,24:0.10843696):0.00406052):0.01343304,(46:0.1222472,(37:0.10236812,((6:0.08485398,(57:0.07236113,(7:0.08096294,((36:0.08465088,(11:0.06886664,61:0.05816775):0.03506927):0.00603444,(13:0.09000341,52:0.09537898,((10:0.07758661,(8:0.04148681,43:0.06022877):0.00921916):0.02354914,(28:0.05044735,(38:0.03342096,49:0.02813446):0.02249026):0.01551248):0.00664611):0.01291291):0.004748):0.01041347):0.00439537):0.00266003,((16:0.08935186,40:0.10017427):0.01450116,((47:0.09056458,((25:0.09009041,33:0.08925821):0.01268441,(31:0.06485883,(54:0.07340493,(15:0.06240125,(12:0.05817667,22:0.06003788):0.00788818):0.0103742):0.00746842):0.02449301):0.00886024):0.00418259,((39:0.0851723,((20:0.0998279,(2:0.08495086,14:0.09296054):0.00655054):0.00367383,(50:0.09281644,(42:0.09211177,(23:0.08644382,62:0.08620073):0.01478542):0.00521389):0.00319988):0.01414533):0.00239376,(51:0.12467786,((55:0.08614666,58:0.08746779):0.01022682,((30:0.06651151,56:0.06443481):0.02041248,(59:0.08413433,(18:0.06067368,26:0.05581901):0.02682181):0.00897862):0.01882641):0.00240822):3.218E-4):0.00124173):0.01264513):0.00436679):0.00506036):0.00272944):0.00521639):0.01405353):0.00949998):0.04202904):0.077662185);",
        "DISTANCE_MATRIX": [
            [
                0,
                0.32039559,
                0.30765980000000004,
                0.30888068,
                0.30962637,
                0.33133093,
                0.31831893,
                0.32120133,
                0.32326745,
                0.30679336,
                0.40681027999999997,
                0.35105980999999997,
                0.33413090999999995,
                0.3361575,
                0.34683743999999994,
                0.34837050999999997,
                0.33122087,
                0.32142711999999996,
                0.31332963999999996,
                0.33234491999999993,
                0.34681529999999994,
                0.36610033,
                0.35540143999999996,
                0.35904629999999993,
                0.3644218699999999,
                0.37682474999999993,
                0.3499441099999999,
                0.36868607,
                0.34164882999999996,
                0.34711269999999994,
                0.34182619999999997,
                0.34213291999999995,
                0.35295532999999996,
                0.3456722,
                0.36674268,
                0.36591048000000004,
                0.3533197,
                0.36933421999999994,
                0.36870474,
                0.37236833999999996,
                0.37422955,
                0.33973281999999994,
                0.37220758,
                0.36388107999999997,
                0.37189076,
                0.36472216999999996,
                0.36923138999999994,
                0.37834886,
                0.37810577,
                0.37716642,
                0.35127025999999995,
                0.35259138999999995,
                0.36064717999999996,
                0.3585704799999999,
                0.36683614,
                0.37019729999999995,
                0.36534263
            ],
            [
                0.32039559,
                0,
                0.28509245000000005,
                0.28631333000000003,
                0.28705902,
                0.30876358000000004,
                0.29575158,
                0.29863398,
                0.3007001,
                0.31654021,
                0.41655713,
                0.36080666,
                0.34387776000000003,
                0.34590434999999997,
                0.35658429,
                0.35811736,
                0.34096772,
                0.33117397000000004,
                0.32307649,
                0.34209177,
                0.35656215,
                0.37584718000000006,
                0.36514829,
                0.36879315,
                0.37416872,
                0.3865716,
                0.35969096,
                0.37843292000000006,
                0.35139568,
                0.35685954999999997,
                0.35157304999999994,
                0.35187977000000004,
                0.36270218,
                0.35541905,
                0.37648952999999996,
                0.37565733,
                0.36306655,
                0.37908107,
                0.37845158999999995,
                0.38211519000000005,
                0.3839764,
                0.34947967,
                0.38195442999999996,
                0.37362792999999994,
                0.38163760999999996,
                0.37446902000000004,
                0.37897824,
                0.38809571,
                0.38785262,
                0.38691327,
                0.36101711000000003,
                0.36233824000000003,
                0.37039403000000004,
                0.36831733,
                0.37658298999999995,
                0.37994415000000004,
                0.37508948
            ],
            [
                0.30765980000000004,
                0.28509245000000005,
                0,
                0.09096721999999999,
                0.24776035000000002,
                0.26946491,
                0.25645291000000003,
                0.25933531,
                0.26140143,
                0.30380442,
                0.40382134000000003,
                0.34807087000000003,
                0.33114197,
                0.33316856,
                0.3438485,
                0.34538157,
                0.32823193,
                0.31843818,
                0.3103407,
                0.32935598,
                0.34382636,
                0.36311139000000003,
                0.3524125,
                0.35605736,
                0.36143293,
                0.37383581,
                0.34695517,
                0.36569713000000004,
                0.33865988999999996,
                0.34412376,
                0.33883726,
                0.33914398,
                0.34996638999999996,
                0.34268326000000005,
                0.36375374,
                0.36292154000000004,
                0.35033076,
                0.36634528,
                0.3657158,
                0.3693794,
                0.37124061,
                0.33674388,
                0.36921864,
                0.36089214,
                0.36890182,
                0.36173323,
                0.36624245,
                0.37535992,
                0.37511683,
                0.37417748,
                0.34828132,
                0.34960245,
                0.35765824,
                0.35558154,
                0.3638472,
                0.36720836,
                0.36235369
            ],
            [
                0.30888068,
                0.28631333000000003,
                0.09096721999999999,
                0,
                0.24898123,
                0.27068579,
                0.25767379,
                0.26055619,
                0.26262230999999997,
                0.3050253,
                0.40504222,
                0.34929175,
                0.33236285,
                0.33438944,
                0.34506938,
                0.34660245,
                0.32945281,
                0.31965906,
                0.31156158,
                0.33057686,
                0.34504724,
                0.36433227,
                0.35363338,
                0.35727823999999997,
                0.36265380999999997,
                0.37505668999999997,
                0.34817604999999996,
                0.36691801,
                0.33988076999999994,
                0.34534464,
                0.34005813999999995,
                0.34036486,
                0.35118726999999994,
                0.34390414,
                0.36497461999999997,
                0.36414242,
                0.35155164,
                0.36756616,
                0.36693667999999996,
                0.37060028,
                0.37246149,
                0.33796476,
                0.37043951999999997,
                0.36211301999999995,
                0.37012269999999997,
                0.36295411,
                0.36746333,
                0.3765808,
                0.37633771,
                0.37539836,
                0.3495022,
                0.35082333,
                0.35887912,
                0.35680241999999995,
                0.36506807999999996,
                0.36842924,
                0.36357457
            ],
            [
                0.30962637,
                0.28705902,
                0.24776035000000002,
                0.24898123,
                0,
                0.19615161999999997,
                0.18313962,
                0.18602202,
                0.18808813999999996,
                0.30577098999999996,
                0.40578791,
                0.35003744,
                0.33310854,
                0.33513512999999995,
                0.34581507,
                0.34734813999999997,
                0.33019849999999995,
                0.32040475,
                0.31230726999999997,
                0.33132255,
                0.34579293,
                0.36507796000000003,
                0.35437906999999996,
                0.35802393,
                0.3633995,
                0.37580238,
                0.34892174,
                0.36766370000000004,
                0.34062645999999996,
                0.34609032999999995,
                0.3408038299999999,
                0.34111055,
                0.35193295999999996,
                0.34464983,
                0.36572030999999994,
                0.36488811,
                0.35229732999999996,
                0.36831185,
                0.3676823699999999,
                0.37134597,
                0.37320717999999997,
                0.33871045,
                0.37118520999999993,
                0.3628587099999999,
                0.37086838999999994,
                0.3636998,
                0.36820902,
                0.37732648999999996,
                0.37708339999999996,
                0.37614404999999995,
                0.35024789,
                0.35156902,
                0.35962481,
                0.35754811,
                0.3658137699999999,
                0.36917493,
                0.36432025999999995
            ],
            [
                0.33133093,
                0.30876358000000004,
                0.26946491,
                0.27068579,
                0.19615161999999997,
                0,
                0.18984872,
                0.19273112,
                0.19479723999999998,
                0.32747555,
                0.42749247,
                0.371742,
                0.3548131,
                0.35683969,
                0.36751963,
                0.3690527,
                0.35190306,
                0.34210931,
                0.33401183,
                0.35302711,
                0.36749749,
                0.38678252,
                0.37608363,
                0.37972849,
                0.38510405999999997,
                0.39750694,
                0.37062629999999996,
                0.38936826,
                0.36233101999999995,
                0.36779489,
                0.36250838999999996,
                0.36281511,
                0.37363751999999995,
                0.36635439000000003,
                0.38742487,
                0.38659267,
                0.37400189,
                0.39001641,
                0.38938692999999996,
                0.39305053,
                0.39491174,
                0.36041501,
                0.39288976999999997,
                0.38456326999999996,
                0.39257295,
                0.38540436,
                0.38991358,
                0.39903105,
                0.39878796,
                0.39784861,
                0.37195245,
                0.37327358,
                0.38132937,
                0.37925266999999996,
                0.38751832999999997,
                0.39087949,
                0.38602482
            ],
            [
                0.31831893,
                0.29575158,
                0.25645291000000003,
                0.25767379,
                0.18313962,
                0.18984872,
                0,
                0.12573546,
                0.12780158,
                0.31446355000000004,
                0.41448047,
                0.35873,
                0.34180109999999997,
                0.34382769,
                0.35450762999999996,
                0.3560407,
                0.33889106,
                0.32909731,
                0.32099983,
                0.34001510999999995,
                0.35448548999999996,
                0.37377052,
                0.36307163,
                0.36671648999999995,
                0.37209205999999995,
                0.38449493999999995,
                0.35761429999999994,
                0.37635626,
                0.34931902,
                0.35478288999999996,
                0.34949639,
                0.34980311,
                0.36062552,
                0.35334239,
                0.37441287,
                0.37358067000000006,
                0.36098989000000004,
                0.37700440999999996,
                0.37637493,
                0.38003853,
                0.38189974000000004,
                0.34740300999999996,
                0.37987777,
                0.37155127,
                0.37956095,
                0.37239236,
                0.37690157999999996,
                0.38601905000000003,
                0.38577596000000003,
                0.38483661,
                0.35894044999999997,
                0.36026157999999997,
                0.36831737,
                0.36624066999999993,
                0.37450633,
                0.37786749,
                0.37301282
            ],
            [
                0.32120133,
                0.29863398,
                0.25933531,
                0.26055619,
                0.18602202,
                0.19273112,
                0.12573546,
                0,
                0.09548264000000001,
                0.31734595,
                0.41736287,
                0.3616124,
                0.34468350000000003,
                0.34671008999999997,
                0.35739003,
                0.3589231,
                0.34177346,
                0.33197971000000004,
                0.32388223,
                0.34289751,
                0.35736789,
                0.37665292000000006,
                0.36595403,
                0.36959889,
                0.37497446,
                0.38737734,
                0.3604967,
                0.37923866000000006,
                0.35220142,
                0.35766528999999997,
                0.35237878999999994,
                0.35268551000000004,
                0.36350792,
                0.35622479,
                0.37729526999999996,
                0.37646307,
                0.36387229,
                0.37988681,
                0.37925732999999995,
                0.38292093000000005,
                0.38478214,
                0.35028541,
                0.38276016999999996,
                0.37443366999999994,
                0.38244334999999996,
                0.37527476000000004,
                0.37978398,
                0.38890145,
                0.38865836,
                0.38771901,
                0.36182285000000003,
                0.36314398000000003,
                0.37119977000000004,
                0.36912307,
                0.37738872999999995,
                0.38074989000000004,
                0.37589522
            ],
            [
                0.32326745,
                0.3007001,
                0.26140143,
                0.26262230999999997,
                0.18808813999999996,
                0.19479723999999998,
                0.12780158,
                0.09548264000000001,
                0,
                0.31941207,
                0.41942899,
                0.36367852,
                0.34674962,
                0.34877621,
                0.35945615,
                0.36098922,
                0.34383958,
                0.33404583,
                0.32594835,
                0.34496362999999997,
                0.35943400999999997,
                0.37871904,
                0.36802015,
                0.37166500999999996,
                0.37704057999999996,
                0.38944345999999996,
                0.36256281999999995,
                0.38130478,
                0.35426753999999994,
                0.35973141,
                0.35444490999999995,
                0.35475163,
                0.36557403999999993,
                0.35829091,
                0.37936138999999997,
                0.37852919,
                0.36593841,
                0.38195292999999997,
                0.38132344999999995,
                0.38498705,
                0.38684826,
                0.35235152999999997,
                0.38482628999999996,
                0.37649978999999995,
                0.38450946999999996,
                0.37734088,
                0.38185009999999997,
                0.39096757,
                0.39072448,
                0.38978513,
                0.36388897,
                0.3652101,
                0.37326589,
                0.37118918999999995,
                0.37945484999999995,
                0.38281601,
                0.37796134
            ],
            [
                0.30679336,
                0.31654021,
                0.30380442,
                0.3050253,
                0.30577098999999996,
                0.32747555,
                0.31446355000000004,
                0.31734595,
                0.31941207,
                0,
                0.31889681999999997,
                0.26314635,
                0.24621745,
                0.24824404,
                0.25892398,
                0.26045704999999997,
                0.24330741,
                0.23351365999999998,
                0.22541617999999997,
                0.24443146,
                0.25890184,
                0.27818687000000003,
                0.26748797999999996,
                0.27113284,
                0.27650841,
                0.28891129,
                0.26203065,
                0.28077261000000003,
                0.25373536999999996,
                0.25919923999999994,
                0.25391273999999997,
                0.25421946,
                0.26504186999999996,
                0.25775874,
                0.27882922,
                0.27799702000000004,
                0.26540624,
                0.28142076,
                0.28079128,
                0.28445488,
                0.28631609,
                0.25181936,
                0.28429412,
                0.27596761999999997,
                0.2839773,
                0.27680871,
                0.28131793,
                0.2904354,
                0.29019231,
                0.28925296,
                0.2633568,
                0.26467793,
                0.27273372,
                0.27065701999999997,
                0.27892268,
                0.28228384,
                0.27742917
            ],
            [
                0.40681027999999997,
                0.41655713,
                0.40382134000000003,
                0.40504222,
                0.40578791,
                0.42749247,
                0.41448047,
                0.41736287,
                0.41942899,
                0.31889681999999997,
                0,
                0.24383592999999998,
                0.32723441,
                0.329261,
                0.33994093999999997,
                0.34147401,
                0.32432437000000003,
                0.31453062,
                0.30643314,
                0.32544841999999996,
                0.33991879999999997,
                0.35920383,
                0.34850494,
                0.35214979999999996,
                0.35752536999999995,
                0.36992824999999996,
                0.34304760999999995,
                0.36178957,
                0.33475233,
                0.34021619999999997,
                0.3349297,
                0.33523642,
                0.34605883,
                0.3387757,
                0.35984618,
                0.35901398000000007,
                0.34642320000000004,
                0.36243771999999996,
                0.36180824,
                0.36547184,
                0.36733305000000005,
                0.33283631999999996,
                0.36531108,
                0.35698458,
                0.36499426,
                0.35782567,
                0.36233488999999997,
                0.37145236000000004,
                0.37120927000000004,
                0.37026992000000003,
                0.34437376,
                0.34569489,
                0.35375068,
                0.35167397999999994,
                0.35993964,
                0.3633008,
                0.35844613000000003
            ],
            [
                0.35105980999999997,
                0.36080666,
                0.34807087000000003,
                0.34929175,
                0.35003744,
                0.371742,
                0.35873,
                0.3616124,
                0.36367852,
                0.26314635,
                0.24383592999999998,
                0,
                0.27148394,
                0.27351053000000003,
                0.28419047,
                0.28572354,
                0.26857390000000003,
                0.25878015,
                0.25068267,
                0.26969794999999996,
                0.28416832999999997,
                0.30345336,
                0.29275447,
                0.29639932999999996,
                0.30177489999999996,
                0.31417777999999996,
                0.28729713999999995,
                0.3060391,
                0.27900186,
                0.28446572999999997,
                0.27917923,
                0.27948595,
                0.29030836,
                0.28302523,
                0.30409571,
                0.30326351000000007,
                0.29067273000000005,
                0.30668724999999997,
                0.30605777,
                0.30972137,
                0.31158258000000005,
                0.27708584999999997,
                0.30956061,
                0.30123411,
                0.30924379,
                0.3020752,
                0.30658441999999997,
                0.31570189000000004,
                0.31545880000000004,
                0.31451945000000003,
                0.28862329,
                0.28994442,
                0.29800021,
                0.29592350999999995,
                0.30418917,
                0.30755033,
                0.30269566000000003
            ],
            [
                0.33413090999999995,
                0.34387776000000003,
                0.33114197,
                0.33236285,
                0.33310854,
                0.3548131,
                0.34180109999999997,
                0.34468350000000003,
                0.34674962,
                0.24621745,
                0.32723441,
                0.27148394,
                0,
                0.20160849,
                0.21228843,
                0.24068757999999998,
                0.22353794,
                0.21374419,
                0.20564670999999998,
                0.22466198999999998,
                0.23913236999999998,
                0.2584174,
                0.24771850999999998,
                0.25136337,
                0.25673893999999997,
                0.26914182,
                0.24226117999999996,
                0.26100314,
                0.23396589999999998,
                0.23942976999999996,
                0.23414326999999996,
                0.23444999,
                0.24527239999999997,
                0.23798927,
                0.25905975,
                0.25822755000000003,
                0.24563677,
                0.26165129,
                0.26102180999999997,
                0.26468541,
                0.26654662,
                0.23204988999999998,
                0.26452465,
                0.25619814999999996,
                0.26420783,
                0.25703924,
                0.26154846,
                0.27066593,
                0.27042284,
                0.26948349,
                0.24358733,
                0.24490846,
                0.25296425,
                0.25088754999999996,
                0.25915320999999997,
                0.26251437,
                0.2576597
            ],
            [
                0.3361575,
                0.34590434999999997,
                0.33316856,
                0.33438944,
                0.33513512999999995,
                0.35683969,
                0.34382769,
                0.34671008999999997,
                0.34877621,
                0.24824404,
                0.329261,
                0.27351053000000003,
                0.20160849,
                0,
                0.20619398,
                0.24271416999999998,
                0.22556452999999999,
                0.21577078,
                0.20767329999999998,
                0.22668857999999997,
                0.24115895999999998,
                0.26044399,
                0.24974509999999997,
                0.25338995999999997,
                0.25876552999999997,
                0.27116840999999997,
                0.24428776999999996,
                0.26302973,
                0.23599248999999997,
                0.24145635999999995,
                0.23616985999999995,
                0.23647658,
                0.24729898999999997,
                0.24001586,
                0.26108634,
                0.26025414,
                0.24766336,
                0.26367788,
                0.26304839999999996,
                0.266712,
                0.26857321,
                0.23407647999999998,
                0.26655123999999997,
                0.25822473999999995,
                0.26623441999999997,
                0.25906583,
                0.26357505,
                0.27269252,
                0.27244943,
                0.27151008,
                0.24561391999999999,
                0.24693505,
                0.25499084,
                0.25291413999999995,
                0.26117979999999996,
                0.26454096,
                0.25968629
            ],
            [
                0.34683743999999994,
                0.35658429,
                0.3438485,
                0.34506938,
                0.34581507,
                0.36751963,
                0.35450762999999996,
                0.35739003,
                0.35945615,
                0.25892398,
                0.33994093999999997,
                0.28419047,
                0.21228843,
                0.20619398,
                0,
                0.25339411,
                0.23624446999999998,
                0.22645072,
                0.21835323999999998,
                0.23736851999999997,
                0.2518389,
                0.27112393,
                0.26042504,
                0.26406989999999997,
                0.26944546999999996,
                0.28184834999999997,
                0.25496770999999996,
                0.27370967,
                0.24667242999999997,
                0.2521363,
                0.24684979999999995,
                0.24715652,
                0.25797892999999994,
                0.2506958,
                0.27176627999999997,
                0.27093408,
                0.2583433,
                0.27435782,
                0.27372833999999996,
                0.27739194,
                0.27925315,
                0.24475641999999997,
                0.27723117999999997,
                0.26890467999999995,
                0.27691435999999997,
                0.26974577,
                0.27425499,
                0.28337246,
                0.28312937,
                0.28219002,
                0.25629386,
                0.25761499,
                0.26567078,
                0.26359407999999995,
                0.27185973999999996,
                0.2752209,
                0.27036623
            ],
            [
                0.34837050999999997,
                0.35811736,
                0.34538157,
                0.34660245,
                0.34734813999999997,
                0.3690527,
                0.3560407,
                0.3589231,
                0.36098922,
                0.26045704999999997,
                0.34147401,
                0.28572354,
                0.24068757999999998,
                0.24271416999999998,
                0.25339411,
                0,
                0.22734476,
                0.21755101,
                0.20945353,
                0.22846880999999997,
                0.24293918999999997,
                0.26222422,
                0.25152533,
                0.25517018999999996,
                0.26054575999999996,
                0.27294863999999996,
                0.24606799999999998,
                0.26480996,
                0.23777272,
                0.24323658999999997,
                0.23795008999999998,
                0.23825680999999999,
                0.24907922,
                0.24179609000000002,
                0.26286657,
                0.26203437000000007,
                0.24944359000000002,
                0.26545810999999997,
                0.26482863,
                0.26849223,
                0.27035344000000006,
                0.23585671,
                0.26833147,
                0.26000497,
                0.26801465,
                0.26084606,
                0.26535527999999997,
                0.27447275000000004,
                0.27422966000000004,
                0.27329031000000004,
                0.24739415,
                0.24871528,
                0.25677107,
                0.25469436999999995,
                0.26296003,
                0.26632119,
                0.26146652000000004
            ],
            [
                0.33122087,
                0.34096772,
                0.32823193,
                0.32945281,
                0.33019849999999995,
                0.35190306,
                0.33889106,
                0.34177346,
                0.34383958,
                0.24330741,
                0.32432437000000003,
                0.26857390000000003,
                0.22353794,
                0.22556452999999999,
                0.23624446999999998,
                0.22734476,
                0,
                0.19494249,
                0.18684500999999998,
                0.20586029,
                0.22033067,
                0.23961570000000004,
                0.22891681,
                0.23256167,
                0.23793724,
                0.25034012,
                0.22345948,
                0.24220144000000005,
                0.21516419999999997,
                0.22062806999999998,
                0.21534156999999998,
                0.21564829000000002,
                0.2264707,
                0.21918757,
                0.24025805,
                0.23942585000000005,
                0.22683507000000003,
                0.24284959,
                0.24222011,
                0.24588371000000003,
                0.24774492000000004,
                0.21324819,
                0.24572295,
                0.23739644999999998,
                0.24540613,
                0.23823754000000003,
                0.24274676,
                0.25186423,
                0.25162114,
                0.25068179,
                0.22478563000000001,
                0.22610676000000002,
                0.23416255000000002,
                0.23208584999999998,
                0.24035151,
                0.24371267000000002,
                0.23885800000000001
            ],
            [
                0.32142711999999996,
                0.33117397000000004,
                0.31843818,
                0.31965906,
                0.32040475,
                0.34210931,
                0.32909731,
                0.33197971000000004,
                0.33404583,
                0.23351365999999998,
                0.31453062,
                0.25878015,
                0.21374419,
                0.21577078,
                0.22645072,
                0.21755101,
                0.19494249,
                0,
                0.16161048,
                0.18062575999999997,
                0.19509613999999997,
                0.21438117,
                0.20368228,
                0.20732714,
                0.21270271,
                0.22510559,
                0.19822494999999998,
                0.21696691,
                0.18992967,
                0.19539353999999998,
                0.19010703999999998,
                0.19573382,
                0.20655622999999998,
                0.19927309999999998,
                0.22034357999999998,
                0.21951138000000003,
                0.2069206,
                0.22293512,
                0.22230563999999997,
                0.22596924000000002,
                0.22783045000000002,
                0.19333372,
                0.22580847999999998,
                0.21748197999999996,
                0.22549165999999998,
                0.21832307,
                0.22283229,
                0.23194976,
                0.23170667,
                0.23076732,
                0.20487116,
                0.20619229,
                0.21424808,
                0.21217137999999997,
                0.22043703999999997,
                0.2237982,
                0.21894353
            ],
            [
                0.31332963999999996,
                0.32307649,
                0.3103407,
                0.31156158,
                0.31230726999999997,
                0.33401183,
                0.32099983,
                0.32388223,
                0.32594835,
                0.22541617999999997,
                0.30643314,
                0.25068267,
                0.20564670999999998,
                0.20767329999999998,
                0.21835323999999998,
                0.20945353,
                0.18684500999999998,
                0.16161048,
                0,
                0.16373754,
                0.17820792,
                0.19749295,
                0.18679405999999998,
                0.19043892,
                0.19581449,
                0.20821736999999998,
                0.18133673,
                0.20007869,
                0.17304144999999999,
                0.17850531999999997,
                0.17321882,
                0.18763633999999998,
                0.19845874999999996,
                0.19117562,
                0.2122461,
                0.21141390000000002,
                0.19882312,
                0.21483764,
                0.21420815999999998,
                0.21787176,
                0.21973297,
                0.18523624,
                0.217711,
                0.20938449999999997,
                0.21739417999999996,
                0.21022559,
                0.21473480999999997,
                0.22385228,
                0.22360918999999999,
                0.22266984,
                0.19677367999999998,
                0.19809480999999998,
                0.2061506,
                0.20407389999999997,
                0.21233955999999998,
                0.21570071999999998,
                0.21084604999999998
            ],
            [
                0.33234491999999993,
                0.34209177,
                0.32935598,
                0.33057686,
                0.33132255,
                0.35302711,
                0.34001510999999995,
                0.34289751,
                0.34496362999999997,
                0.24443146,
                0.32544841999999996,
                0.26969794999999996,
                0.22466198999999998,
                0.22668857999999997,
                0.23736851999999997,
                0.22846880999999997,
                0.20586029,
                0.18062575999999997,
                0.16373754,
                0,
                0.17639626,
                0.19568129,
                0.1849824,
                0.18862726000000002,
                0.19400283000000001,
                0.20640570999999996,
                0.17952507,
                0.19826703,
                0.17122979,
                0.17669365999999997,
                0.17140716,
                0.20665161999999998,
                0.21747402999999998,
                0.21019089999999999,
                0.23126138,
                0.23042918,
                0.2178384,
                0.23385292,
                0.23322343999999998,
                0.23688704,
                0.23874825,
                0.20425151999999996,
                0.23672627999999998,
                0.22839977999999997,
                0.23640945999999996,
                0.22924086999999999,
                0.23375008999999997,
                0.24286755999999998,
                0.24262446999999998,
                0.24168512,
                0.21578895999999997,
                0.21711008999999998,
                0.22516587999999998,
                0.22308917999999997,
                0.23135483999999998,
                0.23471599999999998,
                0.22986132999999997
            ],
            [
                0.34681529999999994,
                0.35656215,
                0.34382636,
                0.34504724,
                0.34579293,
                0.36749749,
                0.35448548999999996,
                0.35736789,
                0.35943400999999997,
                0.25890184,
                0.33991879999999997,
                0.28416832999999997,
                0.23913236999999998,
                0.24115895999999998,
                0.2518389,
                0.24293918999999997,
                0.22033067,
                0.19509613999999997,
                0.17820792,
                0.17639626,
                0,
                0.18858679,
                0.1778879,
                0.19360164000000002,
                0.19897721000000002,
                0.21138009,
                0.18449945,
                0.20324141,
                0.17620417,
                0.18166803999999998,
                0.17638154,
                0.22112199999999999,
                0.23194441,
                0.22466128,
                0.24573176,
                0.24489956000000002,
                0.23230878,
                0.2483233,
                0.24769381999999998,
                0.25135742,
                0.25321863,
                0.21872189999999997,
                0.25119665999999996,
                0.24287015999999997,
                0.25087983999999997,
                0.24371125,
                0.24822046999999997,
                0.25733794,
                0.25709485,
                0.2561555,
                0.23025933999999998,
                0.23158046999999998,
                0.23963626,
                0.23755955999999998,
                0.24582521999999998,
                0.24918637999999999,
                0.24433170999999998
            ],
            [
                0.36610033,
                0.37584718000000006,
                0.36311139000000003,
                0.36433227,
                0.36507796000000003,
                0.38678252,
                0.37377052,
