{
    "NEXUS_FILE_URL": "http://purl.org/phylo/treebase/phylows/study/TB2:S14872",
    "NEWICK_TREE": "((((10:0.0284204169578791,6:0.03490716623817253):0.002246025204065444,(8:0.028045053579223142,7:0.06356589301567139):0.008233499701824396):0.01349834113878838,(((2:0.01579374004083156,1:0.02792655549003012):0.010312642811775102,(4:0.018042764388947405,3:0.030803319356041386):0.013709678010100007):0.010967081913547783,5:0.06003391323657366):0.006464255471599262):0.06800100806165897,9:0.06800100806165897);",
    "DISTANCE_MATRIX": [
        [
            0.0,
            0.06332758319605163,
            0.06694499544299208,
            0.10246583487944033,
            0.08770250353848663,
            0.09983531898768519,
            0.09334856308492738,
            0.10610911805202136,
            0.11066295200890584,
            0.18016679942405087
        ],
        [
            0.06332758319605163,
            0.0,
            0.07343174472328551,
            0.10895258415973376,
            0.09418925281878006,
            0.10632206826797862,
            0.09983531236522081,
            0.11259586733231479,
            0.11714970128919927,
            0.1866535487043443
        ],
        [
            0.06694499544299208,
            0.07343174472328551,
            0.0,
            0.09161094659489454,
            0.09331461465758963,
            0.10544743010678818,
            0.09896067420403037,
            0.11172122917112436,
            0.11627506312800884,
            0.18577891054315387
        ],
        [
            0.10246583487944033,
            0.10895258415973376,
            0.09161094659489454,
            0.0,
            0.12883545409403788,
            0.14096826954323644,
            0.1344815136404786,
            0.1472420686075726,
            0.15179590256445707,
            0.2212997499796021
        ],
        [
            0.08770250353848663,
            0.09418925281878006,
            0.09331461465758963,
            0.12883545409403788,
            0.0,
            0.04372029553086168,
            0.057858825251654075,
            0.07061938021874806,
            0.0971073780027281,
            0.17953973636107165
        ],
        [
            0.09983531898768519,
            0.10632206826797862,
            0.10544743010678818,
            0.14096826954323644,
            0.04372029553086168,
            0.0,
            0.06999164070085263,
            0.08275219566794662,
            0.10924019345192666,
            0.1916725518102702
        ],
        [
            0.09334856308492738,
            0.09983531236522081,
            0.09896067420403037,
            0.1344815136404786,
            0.057858825251654075,
            0.06999164070085263,
            0.0,
            0.04884608374498879,
            0.10275343754916885,
            0.18518579590751238
        ],
        [
            0.10610911805202136,
            0.11259586733231479,
            0.11172122917112436,
            0.1472420686075726,
            0.07061938021874806,
            0.08275219566794662,
            0.04884608374498879,
            0.0,
            0.11551399251626283,
            0.19794635087460638
        ],
        [
            0.11066295200890584,
            0.11714970128919927,
            0.11627506312800884,
            0.15179590256445707,
            0.0971073780027281,
            0.10924019345192666,
            0.10275343754916885,
            0.11551399251626283,
            0.0,
            0.20250018483149085
        ],
        [
            0.18016679942405087,
            0.1866535487043443,
            0.18577891054315387,
            0.2212997499796021,
            0.17953973636107165,
            0.1916725518102702,
            0.18518579590751238,
            0.19794635087460638,
            0.20250018483149085,
            0.0
        ]
    ],
    "NODE_MAPPING": {
        "0": "10",
        "1": "6",
        "2": "8",
        "3": "7",
        "4": "2",
        "5": "1",
        "6": "4",
        "7": "3",
        "8": "5",
        "9": "9"
    }
}