{
    "NEXUS_FILE_URL": "http://purl.org/phylo/treebase/phylows/study/TB2:S12975",
    "NEWICK_TREE": "(1:0.004382,2:0.001131,(3:0.01321,(4:0.005647,(5:0.010209,(((6:0.004961,7:0.003136):0.01325,8:0.011412):0.003164,(9:0.01611,(10:0.013198,(((((((((11:0.00485,(12:0.008252,((13:0.004817,14:0.007006):0.008115,(15:0.002827,16:0.0071):0.008196):0.001448):0.001458):0.011169,18:0.020564):0.002837,17:0.020041):0.007927,(19:6.69E-4,20:0.002482):0.026517):0.002632,(21:0.034139,(22:0.009597,((23:0.018123,24:0.025058):0.008661,((25:0.004239,26:0.010189):0.002419,27:0.01145):0.008525):0.005332):0.004063):0.021011):0.002777,((28:0.002495,29:6.48E-4):7.02E-4,((30:6.54E-4,32:6.53E-4):6.61E-4,31:6.51E-4):0.001572):0.019982):0.005062,(((((33:0.0121,34:0.015412):0.001668,(((35:0.0025,36:0.002479):0.00825,((37:0.002515,38:0.003421):0.008119,39:0.007241):8.35E-4):0.009248,40:0.020062):0.001531):6.74E-4,41:0.005316):0.002397,42:0.008287):0.019118,43:0.009097):0.005404):0.016518,(51:0.047467,(52:0.002607,53:0.001301):0.054265):0.004812):0.0103,((44:0.002994,45:0.004631):0.038267,(((46:0.006404,49:0.004573):0.001203,(47:0.004605,48:0.009519):0.001388):0.00316,50:0.028377):0.0413):0.009924):0.035104):0.020972):0.002481):0.001053):0.004115):0.004028):0.002792);",
    "DISTANCE_MATRIX": [
        [
            0.0,
            0.005513,
            0.020384,
            0.016849,
            0.025526,
            0.037744999999999994,
            0.035919999999999994,
            0.030946,
            0.034961,
            0.053021,
            0.138999,
            0.14385900000000001,
            0.149987,
            0.152176,
            0.14807800000000002,
            0.15235100000000001,
            0.143544,
            0.140184,
            0.139402,
            0.141215,
            0.16473400000000002,
            0.144255,
            0.166774,
            0.173709,
            0.155173,
            0.16112300000000002,
            0.159965,
            0.129986,
            0.128139,
            0.129676,
            0.129675,
            0.12901200000000002,
            0.143106,
            0.146418,
            0.150867,
            0.150846,
            0.151586,
            0.15249200000000002,
            0.148193,
            0.150931,
            0.13398,
            0.13455399999999998,
            0.116246,
            0.13750600000000002,
            0.146911,
            0.145605,
            0.126112,
            0.127749,
            0.136918,
            0.13508699999999998,
            0.13530399999999998,
            0.140218,
            0.154528
        ],
        [
            0.005513,
            0.0,
            0.017133,
            0.013597999999999999,
            0.022275,
            0.034494,
            0.032669,
            0.027695,
            0.03171,
            0.04977,
            0.135748,
            0.140608,
            0.146736,
            0.148925,
            0.144827,
            0.1491,
            0.140293,
            0.136933,
            0.136151,
            0.137964,
            0.16148300000000002,
            0.141004,
            0.163523,
            0.170458,
            0.151922,
            0.157872,
            0.156714,
            0.126735,
            0.124888,
            0.126425,
            0.126424,
            0.125761,
            0.139855,
            0.143167,
            0.147616,
            0.147595,
            0.148335,
            0.149241,
            0.144942,
            0.14768,
            0.13072899999999998,
            0.13130299999999998,
            0.11299500000000001,
            0.134255,
            0.14366,
            0.142354,
            0.122861,
            0.124498,
            0.133667,
            0.13183599999999998,
            0.13205299999999998,
            0.136967,
            0.151277
        ],
        [
            0.020384,
            0.017133,
            0.0,
            0.022885,
            0.031562,
            0.043781,
            0.04195599999999999,
            0.036982,
            0.040997,
            0.059057,
            0.14503500000000003,
            0.14989500000000003,
            0.15602300000000002,
            0.15821200000000002,
            0.15411400000000003,
            0.15838700000000003,
            0.14958000000000002,
            0.14622000000000002,
            0.145438,
            0.14725100000000002,
            0.17077000000000003,
            0.150291,
            0.17281000000000002,
            0.17974500000000002,
            0.16120900000000002,
            0.16715900000000003,
            0.166001,
            0.13602199999999998,
            0.134175,
            0.135712,
            0.13571100000000003,
            0.135048,
            0.14914200000000002,
            0.152454,
            0.15690300000000001,
            0.15688200000000002,
            0.157622,
            0.15852800000000003,
            0.154229,
            0.15696700000000002,
            0.140016,
            0.14059,
            0.122282,
            0.14354200000000003,
            0.15294700000000003,
            0.15164100000000003,
            0.132148,
            0.133785,
            0.14295400000000003,
            0.141123,
            0.14134,
            0.14625400000000002,
            0.160564
        ],
        [
            0.016849,
            0.013597999999999999,
            0.022885,
            0.0,
            0.019971,
            0.032189999999999996,
            0.030364999999999996,
            0.025391,
            0.029405999999999998,
            0.047465999999999994,
            0.13344400000000003,
            0.13830400000000004,
            0.14443200000000003,
            0.14662100000000003,
            0.14252300000000004,
            0.14679600000000004,
            0.13798900000000003,
            0.13462900000000003,
            0.13384700000000002,
            0.13566000000000003,
            0.15917900000000004,
            0.13870000000000002,
            0.16121900000000003,
            0.16815400000000003,
            0.14961800000000003,
            0.15556800000000004,
            0.15441000000000002,
            0.12443099999999999,
            0.122584,
            0.12412100000000001,
            0.12412000000000001,
            0.12345700000000001,
            0.13755100000000003,
            0.14086300000000002,
            0.14531200000000002,
            0.14529100000000003,
            0.14603100000000002,
            0.14693700000000004,
            0.14263800000000001,
            0.14537600000000003,
            0.128425,
            0.128999,
            0.110691,
            0.13195100000000004,
            0.14135600000000004,
            0.14005000000000004,
            0.120557,
            0.122194,
            0.13136300000000004,
            0.129532,
            0.129749,
            0.13466300000000003,
            0.14897300000000002
        ],
        [
            0.025526,
            0.022275,
            0.031562,
            0.019971,
            0.0,
            0.032637,
            0.030811999999999996,
            0.025838,
            0.029852999999999998,
            0.047913,
            0.133891,
            0.138751,
            0.144879,
            0.147068,
            0.14297,
            0.147243,
            0.138436,
            0.135076,
            0.134294,
            0.136107,
            0.15962600000000002,
            0.139147,
            0.161666,
            0.168601,
            0.150065,
            0.15601500000000001,
            0.154857,
            0.12487799999999999,
            0.123031,
            0.12456800000000001,
            0.12456700000000001,
            0.12390400000000001,
            0.137998,
            0.14131,
            0.145759,
            0.145738,
            0.146478,
            0.14738400000000001,
            0.143085,
            0.145823,
            0.12887200000000001,
            0.129446,
            0.111138,
            0.13239800000000002,
            0.141803,
            0.140497,
            0.121004,
            0.122641,
            0.13181,
            0.129979,
            0.130196,
            0.13511,
            0.14942
        ],
        [
            0.037744999999999994,
            0.034494,
            0.043781,
            0.032189999999999996,
            0.032637,
            0.0,
            0.008097,
            0.029622999999999997,
            0.039966,
            0.058025999999999994,
            0.14400400000000002,
            0.14886400000000002,
            0.15499200000000002,
            0.15718100000000002,
            0.15308300000000002,
            0.15735600000000002,
            0.14854900000000001,
            0.145189,
            0.144407,
            0.14622000000000002,
            0.16973900000000003,
            0.14926,
            0.17177900000000002,
            0.178714,
            0.16017800000000001,
            0.16612800000000003,
            0.16497,
            0.134991,
            0.133144,
            0.13468100000000002,
            0.13468000000000002,
            0.13401700000000002,
            0.14811100000000002,
            0.151423,
            0.155872,
            0.15585100000000002,
            0.156591,
            0.15749700000000003,
            0.153198,
            0.15593600000000002,
            0.13898500000000003,
            0.13955900000000002,
            0.121251,
            0.14251100000000003,
            0.15191600000000002,
            0.15061000000000002,
            0.131117,
            0.132754,
            0.14192300000000002,
            0.14009200000000002,
            0.14030900000000002,
            0.14522300000000002,
            0.159533
        ],
        [
            0.035919999999999994,
            0.032669,
            0.04195599999999999,
            0.030364999999999996,
            0.030811999999999996,
            0.008097,
            0.0,
            0.027797999999999996,
            0.038140999999999994,
            0.056200999999999994,
            0.142179,
            0.14703900000000003,
            0.153167,
            0.155356,
            0.151258,
            0.15553100000000003,
            0.14672400000000002,
            0.143364,
            0.142582,
            0.144395,
            0.167914,
            0.14743499999999998,
            0.169954,
            0.17688900000000002,
            0.15835300000000002,
            0.16430300000000003,
            0.16314499999999998,
            0.133166,
            0.13131900000000002,
            0.13285600000000003,
            0.132855,
            0.13219200000000003,
            0.14628600000000003,
            0.149598,
            0.154047,
            0.154026,
            0.15476600000000001,
            0.15567200000000003,
            0.15137299999999998,
            0.154111,
            0.13716,
            0.13773400000000002,
            0.119426,
            0.14068600000000003,
            0.15009100000000003,
            0.148785,
            0.12929200000000002,
            0.13092900000000002,
            0.140098,
            0.13826700000000003,
            0.138484,
            0.14339800000000003,
            0.15770800000000001
        ],
        [
            0.030946,
            0.027695,
            0.036982,
            0.025391,
            0.025838,
            0.029622999999999997,
            0.027797999999999996,
            0.0,
            0.033167,
            0.051226999999999995,
            0.13720500000000002,
            0.14206500000000002,
            0.14819300000000002,
            0.15038200000000002,
            0.14628400000000003,
            0.15055700000000002,
            0.14175000000000001,
            0.13839,
            0.137608,
            0.13942100000000002,
            0.16294000000000003,
            0.142461,
            0.16498000000000002,
            0.171915,
            0.15337900000000002,
            0.15932900000000003,
            0.158171,
            0.128192,
            0.126345,
            0.12788200000000002,
            0.12788100000000002,
            0.12721800000000003,
            0.14131200000000002,
            0.144624,
            0.149073,
            0.14905200000000002,
            0.149792,
            0.15069800000000003,
            0.146399,
            0.14913700000000002,
            0.13218600000000003,
            0.13276000000000002,
            0.11445200000000001,
            0.13571200000000003,
            0.14511700000000002,
            0.14381100000000002,
            0.12431800000000001,
            0.125955,
            0.13512400000000002,
            0.13329300000000002,
            0.13351000000000002,
            0.13842400000000002,
            0.152734
        ],
        [
            0.034961,
            0.03171,
            0.040997,
            0.029405999999999998,
            0.029852999999999998,
            0.039966,
            0.038140999999999994,
            0.033167,
            0.0,
            0.05028,
            0.13625800000000002,
            0.14111800000000002,
            0.147246,
            0.14943499999999998,
            0.145337,
            0.14961000000000002,
            0.140803,
            0.137443,
            0.136661,
            0.138474,
            0.161993,
            0.14151399999999997,
            0.16403299999999998,
            0.170968,
            0.152432,
            0.15838200000000002,
            0.15722399999999997,
            0.127245,
            0.125398,
            0.12693500000000002,
            0.12693400000000002,
            0.12627100000000002,
            0.14036500000000002,
            0.143677,
            0.14812599999999998,
            0.148105,
            0.148845,
            0.14975100000000002,
            0.14545199999999997,
            0.14819,
            0.13123900000000002,
            0.131813,
            0.11350500000000001,
            0.13476500000000002,
            0.14417000000000002,
            0.142864,
            0.12337100000000001,
            0.125008,
            0.13417700000000002,
            0.13234600000000002,
            0.13256300000000001,
            0.13747700000000002,
            0.151787
        ],
        [
            0.053021,
            0.04977,
            0.059057,
            0.047465999999999994,
            0.047913,
            0.058025999999999994,
            0.056200999999999994,
            0.051226999999999995,
            0.05028,
            0.0,
            0.11237400000000002,
            0.11723400000000002,
            0.12336200000000001,
            0.125551,
            0.12145300000000002,
            0.125726,
            0.11691900000000001,
            0.11355900000000001,
            0.112777,
            0.11459000000000001,
            0.138109,
            0.11763,
            0.140149,
            0.147084,
            0.128548,
            0.134498,
            0.13334,
            0.103361,
            0.10151400000000001,
            0.10305100000000002,
            0.10305000000000002,
            0.10238700000000002,
            0.11648100000000002,
            0.119793,
            0.124242,
            0.12422100000000001,
            0.124961,
            0.125867,
            0.121568,
            0.12430600000000001,
            0.10735500000000002,
            0.10792900000000001,
            0.089621,
            0.11088100000000002,
            0.12028600000000002,
            0.11898000000000002,
            0.099487,
            0.101124,
            0.11029300000000002,
            0.10846200000000002,
            0.10867900000000001,
            0.11359300000000001,
            0.127903
        ],
        [
            0.138999,
            0.135748,
            0.14503500000000003,
            0.13344400000000003,
            0.133891,
            0.14400400000000002,
            0.142179,
            0.13720500000000002,
            0.13625800000000002,
            0.11237400000000002,
            0.0,
            0.01456,
            0.020688,
            0.022877,
            0.018779,
            0.023052000000000003,
            0.036583,
            0.038897,
            0.053968999999999996,
            0.055782,
            0.084565,
            0.06408599999999999,
            0.086605,
            0.09354,
            0.07500399999999999,
            0.080954,
            0.07979599999999999,
            0.055371,
            0.053524,
            0.055061,
            0.05506,
            0.054397,
            0.07861499999999999,
            0.081927,
            0.08637600000000001,
            0.08635499999999999,
            0.087095,
            0.088001,
            0.083702,
            0.08643999999999999,
            0.069489,
            0.07006299999999999,
            0.051754999999999995,
            0.106051,
            0.115456,
            0.11415,
            0.11525700000000001,
            0.11689400000000001,
            0.126063,
            0.12423200000000001,
            0.124449,
            0.129363,
            0.143673
        ],
        [
            0.14385900000000001,
            0.140608,
            0.14989500000000003,
            0.13830400000000004,
            0.138751,
            0.14886400000000002,
            0.14703900000000003,
            0.14206500000000002,
            0.14111800000000002,
            0.11723400000000002,
            0.01456,
            0.0,
            0.022632,
            0.024821000000000003,
            0.020723,
            0.024996000000000004,
            0.041443,
            0.043757000000000004,
            0.058829000000000006,
            0.060642,
            0.089425,
            0.06894600000000001,
            0.09146500000000002,
            0.09840000000000002,
            0.079864,
            0.085814,
            0.08465600000000001,
            0.06023100000000001,
            0.058384000000000005,
            0.05992100000000001,
            0.05992000000000001,
            0.059257000000000004,
            0.08347500000000001,
            0.086787,
            0.09123600000000001,
            0.091215,
            0.09195500000000001,
            0.092861,
            0.088562,
            0.0913,
            0.074349,
            0.074923,
            0.056615000000000006,
            0.11091100000000001,
            0.120316,
            0.11901,
            0.12011700000000002,
            0.12175400000000001,
            0.130923,
            0.129092,
            0.129309,
            0.134223,
            0.14853300000000003
        ],
        [
            0.149987,
            0.146736,
            0.15602300000000002,
            0.14443200000000003,
            0.144879,
            0.15499200000000002,
            0.153167,
            0.14819300000000002,
            0.147246,
            0.12336200000000001,
            0.020688,
            0.022632,
            0.0,
            0.011823,
            0.023955,
            0.028228000000000003,
            0.047571,
            0.049885,
            0.064957,
            0.06677,
            0.095553,
            0.075074,
            0.09759300000000001,
            0.10452800000000001,
            0.085992,
            0.091942,
            0.090784,
            0.066359,
            0.064512,
            0.066049,
            0.066048,
            0.065385,
            0.089603,
            0.092915,
            0.097364,
            0.097343,
            0.098083,
            0.098989,
            0.09469,
            0.097428,
            0.08047699999999999,
            0.081051,
            0.062743,
            0.117039,
            0.126444,
            0.125138,
            0.126245,
            0.127882,
            0.137051,
            0.13522,
            0.135437,
            0.140351,
            0.154661
        ],
        [
            0.152176,
            0.148925,
            0.15821200000000002,
            0.14662100000000003,
            0.147068,
            0.15718100000000002,
            0.155356,
            0.15038200000000002,
            0.14943499999999998,
            0.125551,
            0.022877,
            0.024821000000000003,
            0.011823,
            0.0,
            0.026144,
            0.030417,
            0.04976,
            0.052073999999999995,
            0.067146,
            0.06895899999999999,
            0.097742,
            0.077263,
            0.09978200000000001,
            0.106717,
            0.088181,
            0.09413099999999999,
            0.092973,
            0.068548,
            0.066701,
            0.068238,
            0.06823699999999999,
            0.067574,
            0.091792,
            0.095104,
            0.099553,
            0.099532,
            0.100272,
            0.10117799999999999,
            0.09687899999999999,
            0.099617,
            0.08266599999999999,
            0.08324,
            0.06493199999999999,
            0.119228,
            0.128633,
            0.127327,
            0.128434,
            0.130071,
            0.13924,
            0.137409,
            0.137626,
            0.14254,
            0.15685
        ],
        [
            0.14807800000000002,
            0.144827,
            0.15411400000000003,
            0.14252300000000004,
            0.14297,
            0.15308300000000002,
            0.151258,
            0.14628400000000003,
            0.145337,
            0.12145300000000002,
            0.018779,
            0.020723,
            0.023955,
            0.026144,
            0.0,
            0.009927,
            0.045662,
            0.047976000000000005,
            0.063048,
            0.064861,
            0.093644,
            0.07316500000000001,
            0.09568400000000002,
            0.10261900000000002,
            0.084083,
            0.090033,
            0.08887500000000001,
            0.06445000000000001,
            0.062603,
            0.06414,
            0.064139,
            0.063476,
            0.08769400000000001,
            0.091006,
            0.09545500000000001,
            0.095434,
            0.09617400000000001,
            0.09708,
            0.092781,
            0.095519,
            0.078568,
            0.079142,
            0.060834000000000006,
            0.11513000000000001,
            0.124535,
            0.123229,
            0.12433600000000002,
            0.125973,
            0.135142,
            0.133311,
            0.133528,
            0.138442,
            0.152752
        ],
        [
            0.15235100000000001,
            0.1491,
            0.15838700000000003,
            0.14679600000000004,
            0.147243,
            0.15735600000000002,
            0.15553100000000003,
            0.15055700000000002,
            0.14961000000000002,
            0.125726,
            0.023052000000000003,
            0.024996000000000004,
            0.028228000000000003,
            0.030417,
            0.009927,
            0.0,
            0.049935,
            0.052249000000000004,
            0.067321,
            0.069134,
            0.097917,
            0.077438,
            0.09995700000000002,
            0.10689200000000001,
            0.088356,
            0.094306,
            0.09314800000000001,
            0.068723,
            0.066876,
            0.068413,
            0.068412,
            0.067749,
            0.09196700000000001,
            0.095279,
            0.09972800000000001,
            0.099707,
            0.10044700000000001,
            0.101353,
            0.097054,
            0.099792,
            0.082841,
            0.083415,
            0.065107,
            0.11940300000000001,
            0.128808,
            0.127502,
            0.12860900000000003,
            0.13024600000000003,
            0.139415,
            0.137584,
            0.137801,
            0.142715,
            0.15702500000000003
        ],
        [
            0.143544,
            0.140293,
            0.14958000000000002,
            0.13798900000000003,
            0.138436,
            0.14854900000000001,
            0.14672400000000002,
            0.14175000000000001,
            0.140803,
            0.11691900000000001,
            0.036583,
            0.041443,
            0.047571,
            0.04976,
            0.045662,
            0.049935,
            0.0,
            0.043441999999999995,
            0.058514,
            0.06032699999999999,
            0.08911,
            0.068631,
            0.09115000000000001,
            0.098085,
            0.079549,
            0.08549899999999999,
            0.084341,
            0.059916,
            0.058068999999999996,
            0.059606,
            0.059605,
            0.058941999999999994,
            0.08316,
            0.086472,
            0.090921,
            0.0909,
            0.09164,
            0.09254599999999999,
            0.08824699999999999,
            0.090985,
            0.07403399999999999,
            0.074608,
            0.056299999999999996,
            0.110596,
            0.120001,
            0.118695,
            0.119802,
            0.121439,
            0.130608,
            0.128777,
            0.128994,
            0.133908,
            0.14821800000000002
        ],
        [
            0.140184,
            0.136933,
            0.14622000000000002,
            0.13462900000000003,
            0.135076,
            0.145189,
            0.143364,
            0.13839,
            0.137443,
            0.11355900000000001,
            0.038897,
            0.043757000000000004,
            0.049885,
            0.052073999999999995,
            0.047976000000000005,
            0.052249000000000004,
            0.043441999999999995,
            0.0,
            0.055153999999999995,
            0.056967,
            0.08575,
            0.065271,
            0.08779,
            0.094725,
            0.07618899999999999,
            0.082139,
            0.080981,
            0.056555999999999995,
            0.054708999999999994,
            0.056246,
            0.056244999999999996,
            0.05558199999999999,
            0.0798,
            0.08311199999999999,
            0.087561,
            0.08753999999999999,
            0.08828,
            0.08918599999999999,
            0.08488699999999999,
            0.087625,
            0.07067399999999999,
            0.07124799999999999,
            0.052939999999999994,
            0.107236,
            0.116641,
            0.115335,
            0.116442,
            0.118079,
            0.127248,
            0.125417,
            0.125634,
            0.130548,
            0.144858
        ],
        [
            0.139402,
            0.136151,
            0.145438,
            0.13384700000000002,
            0.134294,
            0.144407,
            0.142582,
            0.137608,
            0.136661,
            0.112777,
            0.053968999999999996,
            0.058829000000000006,
            0.064957,
            0.067146,
            0.063048,
            0.067321,
            0.058514,
            0.055153999999999995,
            0.0,
            0.0031509999999999997,
            0.084968,
            0.06448899999999999,
            0.087008,
            0.093943,
            0.075407,
            0.081357,
            0.08019899999999999,
            0.055774,
            0.053927,
            0.055464,
            0.055463,
            0.0548,
            0.079018,
            0.08232999999999999,
            0.086779,
            0.086758,
            0.08749799999999999,
            0.088404,
            0.08410499999999999,
            0.086843,
            0.069892,
            0.070466,
            0.052157999999999996,
            0.10645400000000001,
            0.115859,
            0.114553,
            0.11566000000000001,
            0.11729700000000001,
            0.12646600000000002,
            0.12463500000000001,
            0.12485200000000002,
            0.129766,
            0.144076
        ],
        [
            0.141215,
            0.137964,
            0.14725100000000002,
            0.13566000000000003,
            0.136107,
            0.14622000000000002,
            0.144395,
            0.13942100000000002,
            0.138474,
            0.11459000000000001,
            0.055782,
            0.060642,
            0.06677,
            0.06895899999999999,
            0.064861,
            0.069134,
            0.06032699999999999,
            0.056967,
            0.0031509999999999997,
            0.0,
            0.086781,
            0.066302,
            0.08882100000000001,
            0.09575600000000001,
            0.07722,
            0.08317,
            0.082012,
            0.057587,
            0.05574,
            0.057277,
            0.057276,
            0.056613,
            0.080831,
            0.084143,
            0.088592,
            0.088571,
            0.089311,
            0.09021699999999999,
            0.085918,
            0.088656,
            0.07170499999999999,
            0.072279,
            0.053971,
            0.108267,
            0.117672,
            0.116366,
            0.11747300000000001,
            0.11911000000000001,
            0.128279,
            0.126448,
            0.126665,
            0.131579,
            0.145889
        ],
        [
            0.16473400000000002,
            0.16148300000000002,
            0.17077000000000003,
            0.15917900000000004,
            0.15962600000000002,
            0.16973900000000003,
            0.167914,
            0.16294000000000003,
            0.161993,
            0.138109,
            0.084565,
            0.089425,
            0.095553,
            0.097742,
            0.093644,
            0.097917,
            0.08911,
            0.08575,
            0.084968,
            0.086781,
            0.0,
            0.047799,
            0.070318,
            0.077253,
            0.058717000000000005,
            0.064667,
            0.06350900000000001,
            0.08110600000000001,
            0.07925900000000001,
            0.080796,
            0.080795,
            0.08013200000000001,
            0.10435,
            0.10766200000000001,
            0.11211100000000002,
            0.11209,
            0.11283000000000001,
            0.113736,
            0.109437,
            0.112175,
            0.095224,
            0.095798,
            0.07749,
            0.13178600000000001,
            0.141191,
            0.139885,
            0.140992,
            0.142629,
            0.15179800000000002,
            0.14996700000000002,
            0.150184,
            0.155098,
            0.169408
        ],
        [
            0.144255,
            0.141004,
            0.150291,
            0.13870000000000002,
            0.139147,
            0.14926,
            0.14743499999999998,
            0.142461,
            0.14151399999999997,
            0.11763,
            0.06408599999999999,
            0.06894600000000001,
            0.075074,
            0.077263,
            0.07316500000000001,
            0.077438,
            0.068631,
            0.065271,
            0.06448899999999999,
            0.066302,
            0.047799,
            0.0,
            0.04171300000000001,
            0.048648000000000004,
            0.030112,
            0.036062,
            0.034904,
            0.06062699999999999,
            0.05878,
            0.060316999999999996,
            0.060315999999999995,
            0.059653,
            0.083871,
            0.08718299999999998,
            0.09163199999999999,
            0.091611,
            0.09235099999999999,
            0.09325699999999999,
            0.08895799999999998,
            0.091696,
            0.07474499999999999,
            0.075319,
            0.05701099999999999,
            0.111307,
            0.120712,
            0.119406,
            0.12051300000000001,
            0.12215000000000001,
            0.13131900000000002,
            0.129488,
            0.12970500000000001,
            0.134619,
            0.148929
        ],
        [
            0.166774,
            0.163523,
            0.17281000000000002,
            0.16121900000000003,
            0.161666,
            0.17177900000000002,
            0.169954,
            0.16498000000000002,
            0.16403299999999998,
            0.140149,
            0.086605,
            0.09146500000000002,
            0.09759300000000001,
            0.09978200000000001,
            0.09568400000000002,
            0.09995700000000002,
            0.09115000000000001,
            0.08779,
            0.087008,
            0.08882100000000001,
            0.070318,
            0.04171300000000001,
            0.0,
            0.043181,
            0.041967000000000004,
            0.047917,
            0.046759,
            0.083146,
            0.08129900000000001,
            0.082836,
            0.082835,
            0.08217200000000001,
            0.10639000000000001,
            0.109702,
            0.114151,
            0.11413000000000001,
            0.11487,
            0.115776,
            0.11147699999999999,
            0.11421500000000001,
            0.097264,
            0.09783800000000001,
            0.07953,
            0.133826,
            0.143231,
            0.14192500000000002,
            0.14303200000000002,
            0.14466900000000002,
            0.15383800000000003,
            0.152007,
            0.15222400000000003,
            0.157138,
            0.17144800000000002
        ],
        [
            0.173709,
            0.170458,
            0.17974500000000002,
            0.16815400000000003,
            0.168601,
            0.178714,
            0.17688900000000002,
            0.171915,
            0.170968,
            0.147084,
            0.09354,
            0.09840000000000002,
            0.10452800000000001,
            0.106717,
            0.10261900000000002,
            0.10689200000000001,
            0.098085,
            0.094725,
            0.093943,
            0.09575600000000001,
            0.077253,
            0.048648000000000004,
            0.043181,
            0.0,
            0.048902,
            0.054852,
            0.053694,
            0.090081,
            0.088234,
            0.089771,
            0.08977,
            0.089107,
            0.11332500000000001,
            0.11663699999999999,
            0.121086,
            0.121065,
            0.121805,
            0.122711,
            0.11841199999999999,
            0.12115000000000001,
            0.104199,
            0.104773,
            0.086465,
            0.14076100000000002,
            0.15016600000000002,
            0.14886,
            0.14996700000000002,
            0.15160400000000002,
            0.160773,
            0.15894200000000003,
            0.15915900000000002,
            0.16407300000000002,
            0.178383
        ],
        [
            0.155173,
            0.151922,
            0.16120900000000002,
            0.14961800000000003,
            0.150065,
            0.16017800000000001,
            0.15835300000000002,
            0.15337900000000002,
            0.152432,
            0.128548,
            0.07500399999999999,
            0.079864,
            0.085992,
            0.088181,
            0.084083,
            0.088356,
            0.079549,
            0.07618899999999999,
            0.075407,
            0.07722,
            0.058717000000000005,
            0.030112,
            0.041967000000000004,
            0.048902,
            0.0,
            0.014428,
            0.018108,
            0.071545,
            0.069698,
            0.07123499999999999,
            0.07123399999999999,
            0.070571,
            0.094789,
            0.098101,
            0.10255,
            0.102529,
            0.103269,
            0.10417499999999999,
            0.09987599999999999,
            0.102614,
            0.08566299999999999,
            0.086237,
            0.06792899999999999,
            0.122225,
            0.13163,
            0.130324,
            0.13143100000000002,
            0.13306800000000002,
            0.142237,
            0.140406,
            0.140623,
            0.145537,
            0.15984700000000002
        ],
        [
            0.16112300000000002,
            0.157872,
            0.16715900000000003,
            0.15556800000000004,
            0.15601500000000001,
            0.16612800000000003,
            0.16430300000000003,
            0.15932900000000003,
            0.15838200000000002,
            0.134498,
            0.080954,
            0.085814,
            0.091942,
            0.09413099999999999,
            0.090033,
            0.094306,
            0.08549899999999999,
            0.082139,
            0.081357,
            0.08317,
            0.064667,
            0.036062,
            0.047917,
            0.054852,
            0.014428,
            0.0,
            0.024058000000000003,
            0.07749500000000001,
            0.075648,
            0.077185,
            0.077184,
            0.076521,
            0.100739,
            0.104051,
            0.10850000000000001,
            0.10847899999999999,
            0.10921900000000001,
            0.110125,
            0.105826,
            0.108564,
            0.091613,
            0.09218699999999999,
            0.073879,
            0.128175,
            0.13758,
            0.136274,
            0.13738100000000003,
            0.13901800000000003,
            0.148187,
            0.146356,
            0.146573,
            0.151487,
            0.16579700000000003
        ],
        [
            0.159965,
            0.156714,
            0.166001,
            0.15441000000000002,
            0.154857,
            0.16497,
            0.16314499999999998,
            0.158171,
            0.15722399999999997,
            0.13334,
            0.07979599999999999,
            0.08465600000000001,
            0.090784,
            0.092973,
            0.08887500000000001,
            0.09314800000000001,
            0.084341,
            0.080981,
            0.08019899999999999,
            0.082012,
            0.06350900000000001,
            0.034904,
            0.046759,
            0.053694,
            0.018108,
            0.024058000000000003,
            0.0,
            0.07633699999999999,
            0.07449,
            0.076027,
            0.076026,
            0.075363,
            0.099581,
            0.10289299999999998,
            0.10734199999999999,
            0.107321,
            0.10806099999999999,
            0.108967,
            0.10466799999999998,
            0.107406,
            0.090455,
            0.091029,
            0.072721,
            0.127017,
            0.136422,
            0.135116,
            0.136223,
            0.13786,
            0.14702900000000002,
            0.145198,
            0.14541500000000002,
            0.150329,
            0.164639
        ],
        [
            0.129986,
            0.126735,
            0.13602199999999998,
            0.12443099999999999,
            0.12487799999999999,
            0.134991,
            0.133166,
            0.128192,
            0.127245,
            0.103361,
            0.055371,
            0.06023100000000001,
            0.066359,
            0.068548,
            0.06445000000000001,
            0.068723,
            0.059916,
            0.056555999999999995,
            0.055774,
            0.057587,
            0.08110600000000001,
