{
    "NEXUS_FILE_URL": "http://purl.org/phylo/treebase/phylows/study/TB2:S13754",
    "NEWICK_TREE": "(36:0.6137755,(37:0.244573,(27:0.0031,(18:0.001493,19:0.001534,21:0.001556):0.004663,(15:0.003165,22:0.001638,(33:0.001634,34:0.003193,35:0.001525):0.003178,(12:0.001541,26:0.001592,31:0.001533,32:0.001513):0.003181):0.004662,(1:0.001622,2:0.001567,3:0.001615,4:0.00154,5:0.001572,6:0.001643,7:0.001628,8:0.001677,9:0.001614,10:0.001594):0.020158,(11:0.001586,14:0.001601,25:0.004681,(28:0.001695,29:0.001601):0.00316,(13:0.001607,16:0.001558,17:0.00164,20:0.001545,23:0.00156,24:0.001496,30:0.001604):0.003163):0.003185):0.137752):0.6137755);",
    "DISTANCE_MATRIX": [
        [
            0.0,
            1.472124,
            1.368403,
            1.3714590000000002,
            1.3715000000000002,
            1.3715220000000001,
            1.3731300000000002,
            1.3716030000000001,
            1.3747770000000001,
            1.376336,
            1.3746680000000002,
            1.3746870000000002,
            1.374738,
            1.374679,
            1.374659,
            1.387083,
            1.387028,
            1.387076,
            1.3870010000000002,
            1.3870330000000002,
            1.3871040000000001,
            1.387089,
            1.3871380000000002,
            1.387075,
            1.3870550000000001,
            1.370074,
            1.3700890000000001,
            1.373169,
            1.3733430000000002,
            1.373249,
            1.373258,
            1.3732090000000001,
            1.373291,
            1.373196,
            1.373211,
            1.3731470000000001,
            1.3732550000000001
        ],
        [
            1.472124,
            0.0,
            0.385425,
            0.388481,
            0.38852200000000003,
            0.388544,
            0.39015200000000005,
            0.388625,
            0.391799,
            0.393358,
            0.39169000000000004,
            0.39170900000000003,
            0.39176,
            0.391701,
            0.39168100000000006,
            0.40410500000000005,
            0.40405,
            0.404098,
            0.404023,
            0.40405500000000005,
            0.404126,
            0.404111,
            0.40416,
            0.40409700000000004,
            0.404077,
            0.387096,
            0.38711100000000004,
            0.39019100000000007,
            0.390365,
            0.39027100000000003,
            0.39028,
            0.390231,
            0.390313,
            0.39021800000000006,
            0.39023300000000005,
            0.390169,
            0.390277
        ],
        [
            1.368403,
            0.385425,
            0.0,
            0.009256,
            0.009297,
            0.009319,
            0.010927000000000001,
            0.0094,
            0.012574,
            0.014133000000000001,
            0.012465,
            0.012484,
            0.012535,
            0.012476,
            0.012456,
            0.024879999999999996,
            0.024824999999999996,
            0.024872999999999996,
            0.024797999999999997,
            0.024829999999999998,
            0.024900999999999996,
            0.024886,
            0.024935,
            0.024872,
            0.024852,
            0.007871,
            0.007886,
            0.010966,
            0.01114,
            0.011046,
            0.011055,
            0.011006,
            0.011088,
            0.010993000000000001,
            0.011008,
            0.010944,
            0.011052000000000001
        ],
        [
            1.3714590000000002,
            0.388481,
            0.009256,
            0.0,
            0.003027,
            0.003049,
            0.013983,
            0.012456,
            0.015629999999999998,
            0.017189000000000003,
            0.015521,
            0.01554,
            0.015590999999999999,
            0.015531999999999999,
            0.015512,
            0.027935999999999996,
            0.027880999999999996,
            0.027928999999999995,
            0.027853999999999997,
            0.027886,
            0.027956999999999996,
            0.027942,
            0.027991000000000002,
            0.027928,
            0.027908000000000002,
            0.010927,
            0.010942,
            0.014022,
            0.014196,
            0.014102,
            0.014111,
            0.014062,
            0.014144,
            0.014049,
            0.014064,
            0.014,
            0.014108
        ],
        [
            1.3715000000000002,
            0.38852200000000003,
            0.009297,
            0.003027,
            0.0,
            0.00309,
            0.014024,
            0.012497,
            0.015670999999999997,
            0.017230000000000002,
            0.015562,
            0.015581,
            0.015632,
            0.015572999999999998,
            0.015552999999999999,
            0.027976999999999995,
            0.027921999999999995,
            0.027969999999999995,
            0.027894999999999996,
            0.027927,
            0.027997999999999995,
            0.027983,
            0.028032,
            0.027969,
            0.027949,
            0.010967999999999999,
            0.010983,
            0.014062999999999999,
            0.014237,
            0.014143,
            0.014152,
            0.014103,
            0.014185,
            0.01409,
            0.014105,
            0.014041,
            0.014149
        ],
        [
            1.3715220000000001,
            0.388544,
            0.009319,
            0.003049,
            0.00309,
            0.0,
            0.014046,
            0.012518999999999999,
            0.015693,
            0.017252,
            0.015584,
            0.015602999999999999,
            0.015653999999999998,
            0.015594999999999998,
            0.015574999999999999,
            0.027998999999999996,
            0.027943999999999997,
            0.027991999999999996,
            0.027916999999999997,
            0.027948999999999998,
            0.028019999999999996,
            0.028005,
            0.028054,
            0.027991,
            0.027971,
            0.01099,
            0.011005000000000001,
            0.014085,
            0.014259,
            0.014165,
            0.014173999999999999,
            0.014124999999999999,
            0.014207000000000001,
            0.014112,
            0.014127,
            0.014062999999999999,
            0.014171
        ],
        [
            1.3731300000000002,
            0.39015200000000005,
            0.010927000000000001,
            0.013983,
            0.014024,
            0.014046,
            0.0,
            0.004803,
            0.007977,
            0.009536,
            0.007868,
            0.007887,
            0.007937999999999999,
            0.007878999999999999,
            0.007859,
            0.029606999999999998,
            0.029552,
            0.029599999999999998,
            0.029525,
            0.029557,
            0.029627999999999998,
            0.029613,
            0.029662,
            0.029599,
            0.029579,
            0.012598000000000002,
            0.012613000000000001,
            0.015693,
            0.015867,
            0.015773000000000002,
            0.015782,
            0.015733,
            0.015815000000000003,
            0.01572,
            0.015735,
            0.015671,
            0.015779
        ],
        [
            1.3716030000000001,
            0.388625,
            0.0094,
            0.012456,
            0.012497,
            0.012518999999999999,
            0.004803,
            0.0,
            0.00645,
            0.008009,
            0.006340999999999999,
            0.006359999999999999,
            0.006410999999999999,
            0.006351999999999999,
            0.006332,
            0.028079999999999997,
            0.028024999999999998,
            0.028072999999999997,
            0.027998,
            0.02803,
            0.028100999999999998,
            0.028086,
            0.028135,
            0.028072,
            0.028052,
            0.011071000000000001,
            0.011086,
            0.014166,
            0.01434,
            0.014246,
            0.014255,
            0.014206,
            0.014288,
            0.014193,
            0.014208,
            0.014144,
            0.014252
        ],
        [
            1.3747770000000001,
            0.391799,
            0.012574,
            0.015629999999999998,
            0.015670999999999997,
            0.015693,
            0.007977,
            0.00645,
            0.0,
            0.004827,
            0.0031590000000000003,
            0.009534,
            0.009585,
            0.009526,
            0.009506,
            0.031254,
            0.031198999999999998,
            0.031246999999999997,
            0.031172,
            0.031204,
            0.031275,
            0.031259999999999996,
            0.031309000000000003,
            0.031246,
            0.031226,
            0.014245,
            0.01426,
            0.01734,
            0.017514000000000002,
            0.017419999999999998,
            0.017429,
            0.01738,
            0.017462,
            0.017367,
            0.017382,
            0.017318,
            0.017426
        ],
        [
            1.376336,
            0.393358,
            0.014133000000000001,
            0.017189000000000003,
            0.017230000000000002,
            0.017252,
            0.009536,
            0.008009,
            0.004827,
            0.0,
            0.004718,
            0.011092999999999999,
            0.011144,
            0.011085,
            0.011065,
            0.032812999999999995,
            0.032757999999999995,
            0.032806,
            0.032730999999999996,
            0.032763,
            0.032834,
            0.032819,
            0.032868,
            0.032805,
            0.032785,
            0.015804000000000002,
            0.015819,
            0.018899,
            0.019073,
            0.018979000000000003,
            0.018988,
            0.018939,
            0.019021000000000003,
            0.018926000000000002,
            0.018941,
            0.018877,
            0.018985000000000002
        ],
        [
            1.3746680000000002,
            0.39169000000000004,
            0.012465,
            0.015521,
            0.015562,
            0.015584,
            0.007868,
            0.006340999999999999,
            0.0031590000000000003,
            0.004718,
            0.0,
            0.009425,
            0.009475999999999998,
            0.009416999999999998,
            0.009396999999999999,
            0.031145,
            0.03109,
            0.031138,
            0.031063,
            0.031094999999999998,
            0.031166,
            0.031150999999999998,
            0.0312,
            0.031136999999999998,
            0.031117,
            0.014136,
            0.014151,
            0.017231,
            0.017405,
            0.017311,
            0.017320000000000002,
            0.017271,
            0.017353,
            0.017258000000000003,
            0.017273,
            0.017209000000000002,
            0.017317
        ],
        [
            1.3746870000000002,
            0.39170900000000003,
            0.012484,
            0.01554,
            0.015581,
            0.015602999999999999,
            0.007887,
            0.006359999999999999,
            0.009534,
            0.011092999999999999,
            0.009425,
            0.0,
            0.0031330000000000004,
            0.0030740000000000003,
            0.0030540000000000003,
            0.031163999999999997,
            0.031108999999999998,
            0.031156999999999997,
            0.031082,
            0.031114,
            0.031184999999999997,
            0.03117,
            0.031219,
            0.031156,
            0.031136,
            0.014155000000000001,
            0.01417,
            0.01725,
            0.017424000000000002,
            0.017329999999999998,
            0.017339,
            0.01729,
            0.017372,
            0.017277,
            0.017292000000000002,
            0.017228,
            0.017336
        ],
        [
            1.374738,
            0.39176,
            0.012535,
            0.015590999999999999,
            0.015632,
            0.015653999999999998,
            0.007937999999999999,
            0.006410999999999999,
            0.009585,
            0.011144,
            0.009475999999999998,
            0.0031330000000000004,
            0.0,
            0.003125,
            0.003105,
            0.031214999999999996,
            0.031159999999999997,
            0.031207999999999996,
            0.031132999999999997,
            0.031164999999999998,
            0.031235999999999996,
            0.031221,
            0.03127,
            0.031207,
            0.031187,
            0.014206,
            0.014221,
            0.017300999999999997,
            0.017474999999999997,
            0.017381,
            0.01739,
            0.017341,
            0.017423,
            0.017328,
            0.017342999999999997,
            0.017279,
            0.017387
        ],
        [
            1.374679,
            0.391701,
            0.012476,
            0.015531999999999999,
            0.015572999999999998,
            0.015594999999999998,
            0.007878999999999999,
            0.006351999999999999,
            0.009526,
            0.011085,
            0.009416999999999998,
            0.0030740000000000003,
            0.003125,
            0.0,
            0.003046,
            0.031155999999999996,
            0.031100999999999997,
            0.031148999999999996,
            0.031073999999999997,
            0.031105999999999998,
            0.031176999999999996,
            0.031162,
            0.031211,
            0.031148,
            0.031128,
            0.014147,
            0.014162,
            0.017242,
            0.017416,
            0.017321999999999997,
            0.017331,
            0.017282,
            0.017363999999999997,
            0.017269,
            0.017284,
            0.01722,
            0.017328
        ],
        [
            1.374659,
            0.39168100000000006,
            0.012456,
            0.015512,
            0.015552999999999999,
            0.015574999999999999,
            0.007859,
            0.006332,
            0.009506,
            0.011065,
            0.009396999999999999,
            0.0030540000000000003,
            0.003105,
            0.003046,
            0.0,
            0.031135999999999997,
            0.031080999999999998,
            0.031128999999999997,
            0.031054,
            0.031086,
            0.031156999999999997,
            0.031142,
            0.031191,
            0.031128,
            0.031108,
            0.014127,
            0.014142,
            0.017222,
            0.017396000000000002,
            0.017301999999999998,
            0.017311,
            0.017262,
            0.017344,
            0.017249,
            0.017264,
            0.0172,
            0.017308
        ],
        [
            1.387083,
            0.40410500000000005,
            0.024879999999999996,
            0.027935999999999996,
            0.027976999999999995,
            0.027998999999999996,
            0.029606999999999998,
            0.028079999999999997,
            0.031254,
            0.032812999999999995,
            0.031145,
            0.031163999999999997,
            0.031214999999999996,
            0.031155999999999996,
            0.031135999999999997,
            0.0,
            0.003189,
            0.003237,
            0.003162,
            0.003194,
            0.0032649999999999997,
            0.0032500000000000003,
            0.003299,
            0.003236,
            0.003216,
            0.026550999999999998,
            0.026566,
            0.029646,
            0.02982,
            0.029725999999999995,
            0.029734999999999998,
            0.029685999999999997,
            0.029767999999999996,
            0.029672999999999998,
            0.029688,
            0.029623999999999998,
            0.029731999999999998
        ],
        [
            1.387028,
            0.40405,
            0.024824999999999996,
            0.027880999999999996,
            0.027921999999999995,
            0.027943999999999997,
            0.029552,
            0.028024999999999998,
            0.031198999999999998,
            0.032757999999999995,
            0.03109,
            0.031108999999999998,
            0.031159999999999997,
            0.031100999999999997,
            0.031080999999999998,
            0.003189,
            0.0,
            0.003182,
            0.003107,
            0.0031390000000000003,
            0.00321,
            0.003195,
            0.0032440000000000004,
            0.003181,
            0.0031609999999999997,
            0.026496,
            0.026511,
            0.029591,
            0.029765,
            0.029670999999999996,
            0.029679999999999998,
            0.029630999999999998,
            0.029712999999999996,
            0.029618,
            0.029633,
            0.029568999999999998,
            0.029677
        ],
        [
            1.387076,
            0.404098,
            0.024872999999999996,
            0.027928999999999995,
            0.027969999999999995,
            0.027991999999999996,
            0.029599999999999998,
            0.028072999999999997,
            0.031246999999999997,
            0.032806,
            0.031138,
            0.031156999999999997,
            0.031207999999999996,
            0.031148999999999996,
            0.031128999999999997,
            0.003237,
            0.003182,
            0.0,
            0.003155,
            0.0031869999999999997,
            0.0032579999999999996,
            0.0032430000000000002,
            0.003292,
            0.003229,
            0.003209,
            0.026543999999999998,
            0.026559,
            0.029639,
            0.029813,
            0.029718999999999995,
            0.029727999999999997,
            0.029678999999999997,
            0.029760999999999996,
            0.029665999999999998,
            0.029681,
            0.029616999999999997,
            0.029724999999999998
        ],
        [
            1.3870010000000002,
            0.404023,
            0.024797999999999997,
            0.027853999999999997,
            0.027894999999999996,
            0.027916999999999997,
            0.029525,
            0.027998,
            0.031172,
            0.032730999999999996,
            0.031063,
            0.031082,
            0.031132999999999997,
            0.031073999999999997,
            0.031054,
            0.003162,
            0.003107,
            0.003155,
            0.0,
            0.003112,
            0.003183,
            0.003168,
            0.0032170000000000002,
            0.0031539999999999997,
            0.0031339999999999996,
            0.026469,
            0.026484,
            0.029564,
            0.029738,
            0.029643999999999997,
            0.029653,
            0.029604,
            0.029685999999999997,
            0.029591,
            0.029606,
            0.029542,
            0.02965
        ],
        [
            1.3870330000000002,
            0.40405500000000005,
            0.024829999999999998,
            0.027886,
            0.027927,
            0.027948999999999998,
            0.029557,
            0.02803,
            0.031204,
            0.032763,
            0.031094999999999998,
            0.031114,
            0.031164999999999998,
            0.031105999999999998,
            0.031086,
            0.003194,
            0.0031390000000000003,
            0.0031869999999999997,
            0.003112,
            0.0,
            0.003215,
            0.0032,
            0.003249,
            0.003186,
            0.003166,
            0.026501,
            0.026515999999999998,
            0.029595999999999997,
            0.029769999999999998,
            0.029676,
            0.029685,
            0.029636,
            0.029718,
            0.029623,
            0.029637999999999998,
            0.029574,
            0.029682
        ],
        [
            1.3871040000000001,
            0.404126,
            0.024900999999999996,
            0.027956999999999996,
            0.027997999999999995,
            0.028019999999999996,
            0.029627999999999998,
            0.028100999999999998,
            0.031275,
            0.032834,
            0.031166,
            0.031184999999999997,
            0.031235999999999996,
            0.031176999999999996,
            0.031156999999999997,
            0.0032649999999999997,
            0.00321,
            0.0032579999999999996,
            0.003183,
            0.003215,
            0.0,
            0.003271,
            0.00332,
            0.003257,
            0.003237,
            0.026572,
            0.026587,
            0.029667,
            0.029841,
            0.029746999999999996,
            0.029755999999999998,
            0.029706999999999997,
            0.029788999999999996,
            0.029693999999999998,
            0.029709,
            0.029644999999999998,
            0.029752999999999998
        ],
        [
            1.387089,
            0.404111,
            0.024886,
            0.027942,
            0.027983,
            0.028005,
            0.029613,
            0.028086,
            0.031259999999999996,
            0.032819,
            0.031150999999999998,
            0.03117,
            0.031221,
            0.031162,
            0.031142,
            0.0032500000000000003,
            0.003195,
            0.0032430000000000002,
            0.003168,
            0.0032,
            0.003271,
            0.0,
            0.003305,
            0.003242,
            0.003222,
            0.026557,
            0.026572,
            0.029651999999999998,
            0.029826,
            0.029732,
            0.029741,
            0.029692,
            0.029774000000000002,
            0.029679,
            0.029693999999999998,
            0.02963,
            0.029738
        ],
        [
            1.3871380000000002,
            0.40416,
            0.024935,
            0.027991000000000002,
            0.028032,
            0.028054,
            0.029662,
            0.028135,
            0.031309000000000003,
            0.032868,
            0.0312,
            0.031219,
            0.03127,
            0.031211,
            0.031191,
            0.003299,
            0.0032440000000000004,
            0.003292,
            0.0032170000000000002,
            0.003249,
            0.00332,
            0.003305,
            0.0,
            0.003291,
            0.003271,
            0.026606,
            0.026621,
            0.029700999999999998,
            0.029875,
            0.029781000000000002,
            0.02979,
            0.029741,
            0.029823000000000002,
            0.029728,
            0.029743,
            0.029679,
            0.029787
        ],
        [
            1.387075,
            0.40409700000000004,
            0.024872,
            0.027928,
            0.027969,
            0.027991,
            0.029599,
            0.028072,
            0.031246,
            0.032805,
            0.031136999999999998,
            0.031156,
            0.031207,
            0.031148,
            0.031128,
            0.003236,
            0.003181,
            0.003229,
            0.0031539999999999997,
            0.003186,
            0.003257,
            0.003242,
            0.003291,
            0.0,
            0.003208,
            0.026543,
            0.026558,
            0.029637999999999998,
            0.029811999999999998,
            0.029718,
            0.029727,
            0.029678,
            0.02976,
            0.029665,
            0.029679999999999998,
            0.029616,
            0.029724
        ],
        [
            1.3870550000000001,
            0.404077,
            0.024852,
            0.027908000000000002,
            0.027949,
            0.027971,
            0.029579,
            0.028052,
            0.031226,
            0.032785,
            0.031117,
            0.031136,
            0.031187,
            0.031128,
            0.031108,
            0.003216,
            0.0031609999999999997,
            0.003209,
            0.0031339999999999996,
            0.003166,
            0.003237,
            0.003222,
            0.003271,
            0.003208,
            0.0,
            0.026523,
            0.026538,
            0.029618,
            0.029792,
            0.029698000000000002,
            0.029707,
            0.029658,
            0.029740000000000003,
            0.029645,
            0.02966,
            0.029596,
            0.029704
        ],
        [
            1.370074,
            0.387096,
            0.007871,
            0.010927,
            0.010967999999999999,
            0.01099,
            0.012598000000000002,
            0.011071000000000001,
            0.014245,
            0.015804000000000002,
            0.014136,
            0.014155000000000001,
            0.014206,
            0.014147,
            0.014127,
            0.026550999999999998,
            0.026496,
            0.026543999999999998,
            0.026469,
            0.026501,
            0.026572,
            0.026557,
            0.026606,
            0.026543,
            0.026523,
            0.0,
            0.0031869999999999997,
            0.006267,
            0.006441,
            0.006346999999999999,
            0.006356,
            0.006306999999999999,
            0.006389,
            0.006294,
            0.0063089999999999995,
            0.006245,
            0.006353
        ],
        [
            1.3700890000000001,
            0.38711100000000004,
            0.007886,
            0.010942,
            0.010983,
            0.011005000000000001,
            0.012613000000000001,
            0.011086,
            0.01426,
            0.015819,
            0.014151,
            0.01417,
            0.014221,
            0.014162,
            0.014142,
            0.026566,
            0.026511,
            0.026559,
            0.026484,
            0.026515999999999998,
            0.026587,
            0.026572,
            0.026621,
            0.026558,
            0.026538,
            0.0031869999999999997,
            0.0,
            0.006282,
            0.006456,
            0.006362,
            0.006371,
            0.0063219999999999995,
            0.006404,
            0.006309,
            0.006324,
            0.00626,
            0.006368
        ],
        [
            1.373169,
            0.39019100000000007,
            0.010966,
            0.014022,
            0.014062999999999999,
            0.014085,
            0.015693,
            0.014166,
            0.01734,
            0.018899,
            0.017231,
            0.01725,
            0.017300999999999997,
            0.017242,
            0.017222,
            0.029646,
            0.029591,
            0.029639,
            0.029564,
            0.029595999999999997,
            0.029667,
            0.029651999999999998,
            0.029700999999999998,
            0.029637999999999998,
            0.029618,
            0.006267,
            0.006282,
            0.0,
            0.009536,
            0.009441999999999999,
            0.009451000000000001,
            0.009402,
            0.009484,
            0.009389000000000002,
            0.009404,
            0.009340000000000001,
            0.009448000000000002
        ],
        [
            1.3733430000000002,
            0.390365,
            0.01114,
            0.014196,
            0.014237,
            0.014259,
            0.015867,
            0.01434,
            0.017514000000000002,
            0.019073,
            0.017405,
            0.017424000000000002,
            0.017474999999999997,
            0.017416,
            0.017396000000000002,
            0.02982,
            0.029765,
            0.029813,
            0.029738,
            0.029769999999999998,
            0.029841,
            0.029826,
            0.029875,
            0.029811999999999998,
            0.029792,
            0.006441,
            0.006456,
            0.009536,
            0.0,
            0.003296,
            0.009625,
            0.009576,
            0.009658,
            0.009563,
            0.009578,
            0.009514,
            0.009622
        ],
        [
            1.373249,
            0.39027100000000003,
            0.011046,
            0.014102,
            0.014143,
            0.014165,
            0.015773000000000002,
            0.014246,
            0.017419999999999998,
            0.018979000000000003,
            0.017311,
            0.017329999999999998,
            0.017381,
            0.017321999999999997,
            0.017301999999999998,
            0.029725999999999995,
            0.029670999999999996,
            0.029718999999999995,
            0.029643999999999997,
            0.029676,
            0.029746999999999996,
            0.029732,
            0.029781000000000002,
            0.029718,
            0.029698000000000002,
            0.006346999999999999,
            0.006362,
            0.009441999999999999,
            0.003296,
            0.0,
            0.009531,
            0.009481999999999999,
            0.009564,
            0.009469,
            0.009484,
            0.00942,
            0.009528
        ],
        [
            1.373258,
            0.39028,
            0.011055,
            0.014111,
            0.014152,
            0.014173999999999999,
            0.015782,
            0.014255,
            0.017429,
            0.018988,
            0.017320000000000002,
            0.017339,
            0.01739,
            0.017331,
            0.017311,
            0.029734999999999998,
            0.029679999999999998,
            0.029727999999999997,
            0.029653,
            0.029685,
            0.029755999999999998,
            0.029741,
            0.02979,
            0.029727,
            0.029707,
            0.006356,
            0.006371,
            0.009451000000000001,
            0.009625,
            0.009531,
            0.0,
            0.003165,
            0.003247,
            0.003152,
            0.0031669999999999997,
            0.003103,
            0.003211
        ],
        [
            1.3732090000000001,
            0.390231,
            0.011006,
            0.014062,
            0.014103,
            0.014124999999999999,
            0.015733,
            0.014206,
            0.01738,
            0.018939,
            0.017271,
            0.01729,
            0.017341,
            0.017282,
            0.017262,
            0.029685999999999997,
            0.029630999999999998,
            0.029678999999999997,
            0.029604,
            0.029636,
            0.029706999999999997,
            0.029692,
            0.029741,
            0.029678,
            0.029658,
            0.006306999999999999,
            0.0063219999999999995,
            0.009402,
            0.009576,
            0.009481999999999999,
            0.003165,
            0.0,
            0.003198,
            0.003103,
            0.003118,
            0.003054,
            0.003162
        ],
        [
            1.373291,
            0.390313,
            0.011088,
            0.014144,
            0.014185,
            0.014207000000000001,
            0.015815000000000003,
            0.014288,
            0.017462,
            0.019021000000000003,
            0.017353,
            0.017372,
            0.017423,
            0.017363999999999997,
            0.017344,
            0.029767999999999996,
            0.029712999999999996,
            0.029760999999999996,
            0.029685999999999997,
            0.029718,
            0.029788999999999996,
            0.029774000000000002,
            0.029823000000000002,
            0.02976,
            0.029740000000000003,
            0.006389,
            0.006404,
            0.009484,
            0.009658,
            0.009564,
            0.003247,
            0.003198,
            0.0,
            0.003185,
            0.0031999999999999997,
            0.003136,
            0.003244
        ],
        [
            1.373196,
            0.39021800000000006,
            0.010993000000000001,
            0.014049,
            0.01409,
            0.014112,
            0.01572,
            0.014193,
            0.017367,
            0.018926000000000002,
            0.017258000000000003,
            0.017277,
            0.017328,
            0.017269,
            0.017249,
            0.029672999999999998,
            0.029618,
            0.029665999999999998,
            0.029591,
            0.029623,
            0.029693999999999998,
            0.029679,
            0.029728,
            0.029665,
            0.029645,
            0.006294,
            0.006309,
            0.009389000000000002,
            0.009563,
            0.009469,
            0.003152,
            0.003103,
            0.003185,
            0.0,
            0.003105,
            0.003041,
            0.003149
        ],
        [
            1.373211,
            0.39023300000000005,
            0.011008,
            0.014064,
            0.014105,
            0.014127,
            0.015735,
            0.014208,
            0.017382,
            0.018941,
            0.017273,
            0.017292000000000002,
            0.017342999999999997,
            0.017284,
            0.017264,
            0.029688,
            0.029633,
            0.029681,
            0.029606,
            0.029637999999999998,
            0.029709,
            0.029693999999999998,
            0.029743,
            0.029679999999999998,
            0.02966,
            0.0063089999999999995,
            0.006324,
            0.009404,
            0.009578,
            0.009484,
            0.0031669999999999997,
            0.003118,
            0.0031999999999999997,
            0.003105,
            0.0,
            0.0030559999999999997,
            0.003164
        ],
        [
            1.3731470000000001,
            0.390169,
            0.010944,
            0.014,
            0.014041,
            0.014062999999999999,
            0.015671,
            0.014144,
            0.017318,
            0.018877,
            0.017209000000000002,
            0.017228,
            0.017279,
            0.01722,
            0.0172,
            0.029623999999999998,
            0.029568999999999998,
            0.029616999999999997,
            0.029542,
            0.029574,
            0.029644999999999998,
            0.02963,
            0.029679,
            0.029616,
            0.029596,
            0.006245,
            0.00626,
            0.009340000000000001,
            0.009514,
            0.00942,
            0.003103,
            0.003054,
            0.003136,
            0.003041,
            0.0030559999999999997,
            0.0,
            0.0031
        ],
        [
            1.3732550000000001,
            0.390277,
            0.011052000000000001,
            0.014108,
            0.014149,
            0.014171,
            0.015779,
            0.014252,
            0.017426,
            0.018985000000000002,
            0.017317,
            0.017336,
            0.017387,
            0.017328,
            0.017308,
            0.029731999999999998,
            0.029677,
            0.029724999999999998,
            0.02965,
            0.029682,
            0.029752999999999998,
            0.029738,
            0.029787,
            0.029724,
            0.029704,
            0.006353,
            0.006368,
            0.009448000000000002,
            0.009622,
            0.009528,
            0.003211,
            0.003162,
            0.003244,
            0.003149,
            0.003164,
            0.0031,
            0.0
        ]
    ],
    "NODE_MAPPING": {
        "0": "36",
        "1": "37",
        "2": "27",
        "3": "18",
        "4": "19",
        "5": "21",
        "6": "15",
        "7": "22",
        "8": "33",
        "9": "34",
        "10": "35",
        "11": "12",
        "12": "26",
        "13": "31",
        "14": "32",
        "15": "1",
        "16": "2",
        "17": "3",
        "18": "4",
        "19": "5",
        "20": "6",
        "21": "7",
        "22": "8",
        "23": "9",
        "24": "10",
        "25": "11",
        "26": "14",
        "27": "25",
        "28": "28",
        "29": "29",
        "30": "13",
        "31": "16",
        "32": "17",
        "33": "20",
        "34": "23",
        "35": "24",
        "36": "30"
    }
}