{
    "NEXUS_FILE_URL": "http://purl.org/phylo/treebase/phylows/study/TB2:S12975",
    "NEWICK_TREE": "(1:0.0075,2:0.003233,(3:0.022035,(4:0.003213,(5:0.003103,(((6:0.00311,7:0.003095):0.003339,8:0.012041):0.007502,(9:0.011692,((10:0.011971,(((22:0.007533,27:0.007702):0.003083,26:0.007576):0.003152,25:0.003101):0.012209):0.004246,(((((((11:0.011889,12:0.00738):0.003325,(13:0.007423,(14:0.007482,(15:0.007395,16:0.007352):0.003161):0.003237):0.007357):0.014043,17:0.025492):0.007262,((18:0.016421,28:0.007385):0.003151,(30:0.003156,31:0.003112):0.007501):0.003076):0.004471,((19:0.00308,20:0.003055):0.025518,(29:0.003164,32:0.003128):0.003963):0.00682):0.011648,(((21:0.02548,(((((33:0.003031,40:0.007426):0.003095,(34:0.007388,41:0.007393):0.003033):0.003058,42:0.016434):0.003981,(((35:0.003103,36:0.007443):0.007454,(37:0.003027,38:0.003062):0.01183):0.003416,39:0.012043):0.007332):0.021376,43:0.016466):0.018231):0.010582,(44:0.003087,45:0.007334):0.024382):0.006958,(((((46:0.003033,47:0.007446):0.003101,(49:0.003059,50:0.016457):0.003072):0.003104,48:0.016303):0.026001,51:0.057859):0.008468,(52:0.007291,53:0.003092):0.040252):0.015038):0.015783):0.043048,(23:0.01236,24:0.01656):0.041636):0.011941):0.025038):0.004455):0.003172):0.007641):0.007544):0.012699);",
    "DISTANCE_MATRIX": [
        [
            0.0,
            0.010733,
            0.042234,
            0.030956,
            0.038487,
            0.052507000000000005,
            0.052492000000000004,
            0.058099000000000005,
            0.054703,
            0.08426600000000001,
            0.098272,
            0.098441,
            0.09523200000000001,
            0.08760499999999999,
            0.175676,
            0.171167,
            0.175242,
            0.178538,
            0.181612,
            0.181569,
            0.171911,
            0.161805,
            0.15276900000000002,
            0.15289,
            0.152846,
            0.170104,
            0.170079,
            0.14863300000000002,
            0.148597,
            0.181841,
            0.209133,
            0.213528,
            0.213428,
            0.213433,
            0.21638300000000002,
            0.217273,
            0.221613,
            0.22157300000000002,
            0.221608,
            0.215343,
            0.191058,
            0.173248,
            0.177495,
            0.197566,
            0.201979,
            0.19756300000000002,
            0.210961,
            0.204631,
            0.220186,
            0.201402,
            0.19720300000000002,
            0.133986,
            0.138186
        ],
        [
            0.010733,
            0.0,
            0.037967,
            0.026689,
            0.03422,
            0.048240000000000005,
            0.048225000000000004,
            0.053832000000000005,
            0.050436,
            0.079999,
            0.09400499999999999,
            0.094174,
            0.090965,
            0.083338,
            0.171409,
            0.16690000000000002,
            0.17097500000000002,
            0.174271,
            0.177345,
            0.17730200000000002,
            0.16764400000000002,
            0.157538,
            0.14850200000000002,
            0.148623,
            0.14857900000000002,
            0.165837,
            0.16581200000000001,
            0.14436600000000002,
            0.14433,
            0.177574,
            0.20486600000000002,
            0.209261,
            0.209161,
            0.20916600000000002,
            0.21211600000000003,
            0.213006,
            0.217346,
            0.21730600000000003,
            0.217341,
            0.211076,
            0.186791,
            0.16898100000000002,
            0.17322800000000002,
            0.193299,
            0.197712,
            0.19329600000000002,
            0.20669400000000002,
            0.20036400000000001,
            0.215919,
            0.197135,
            0.19293600000000002,
            0.129719,
            0.133919
        ],
        [
            0.042234,
            0.037967,
            0.0,
            0.032792,
            0.040323,
            0.054343,
            0.054328,
            0.059935,
            0.056539,
            0.086102,
            0.10010799999999999,
            0.10027699999999999,
            0.097068,
            0.08944099999999999,
            0.177512,
            0.17300300000000002,
            0.177078,
            0.180374,
            0.183448,
            0.183405,
            0.173747,
            0.163641,
            0.15460500000000002,
            0.154726,
            0.15468200000000001,
            0.17194,
            0.171915,
            0.15046900000000002,
            0.150433,
            0.183677,
            0.21096900000000002,
            0.215364,
            0.215264,
            0.21526900000000002,
            0.21821900000000002,
            0.219109,
            0.223449,
            0.22340900000000002,
            0.223444,
            0.217179,
            0.192894,
            0.17508400000000002,
            0.17933100000000002,
            0.199402,
            0.203815,
            0.19939900000000002,
            0.21279700000000001,
            0.206467,
            0.222022,
            0.203238,
            0.19903900000000002,
            0.135822,
            0.14002199999999998
        ],
        [
            0.030956,
            0.026689,
            0.032792,
            0.0,
            0.013957,
            0.027977000000000002,
            0.027962,
            0.033569,
            0.030173,
            0.059736000000000004,
            0.07374199999999999,
            0.07391099999999999,
            0.070702,
            0.06307499999999999,
            0.151146,
            0.14663700000000002,
            0.150712,
            0.154008,
            0.157082,
            0.157039,
            0.147381,
            0.137275,
            0.12823900000000002,
            0.12836,
            0.128316,
            0.145574,
            0.145549,
            0.124103,
            0.124067,
            0.157311,
            0.18460300000000002,
            0.188998,
            0.188898,
            0.18890300000000002,
            0.19185300000000002,
            0.192743,
            0.197083,
            0.19704300000000002,
            0.197078,
            0.190813,
            0.166528,
            0.14871800000000002,
            0.15296500000000002,
            0.173036,
            0.177449,
            0.17303300000000002,
            0.186431,
            0.180101,
            0.195656,
            0.176872,
            0.17267300000000002,
            0.10945599999999998,
            0.113656
        ],
        [
            0.038487,
            0.03422,
            0.040323,
            0.013957,
            0.0,
            0.020226,
            0.020211,
            0.025818,
            0.022421999999999997,
            0.051985,
            0.065991,
            0.06616,
            0.06295100000000001,
            0.055324,
            0.143395,
            0.138886,
            0.142961,
            0.146257,
            0.149331,
            0.149288,
            0.13963,
            0.129524,
            0.12048800000000001,
            0.120609,
            0.120565,
            0.137823,
            0.137798,
            0.11635200000000001,
            0.116316,
            0.14956,
            0.176852,
            0.181247,
            0.181147,
            0.181152,
            0.18410200000000002,
            0.184992,
            0.189332,
            0.18929200000000002,
            0.189327,
            0.183062,
            0.158777,
            0.140967,
            0.145214,
            0.165285,
            0.169698,
            0.165282,
            0.17868,
            0.17235,
            0.187905,
            0.169121,
            0.164922,
            0.10170499999999999,
            0.105905
        ],
        [
            0.052507000000000005,
            0.048240000000000005,
            0.054343,
            0.027977000000000002,
            0.020226,
            0.0,
            0.0062050000000000004,
            0.01849,
            0.030098,
            0.059661,
            0.07366700000000001,
            0.073836,
            0.07062700000000001,
            0.063,
            0.15107099999999998,
            0.146562,
            0.150637,
            0.153933,
            0.15700699999999998,
            0.156964,
            0.147306,
            0.13720000000000002,
            0.12816400000000003,
            0.128285,
            0.12824100000000002,
            0.145499,
            0.145474,
            0.12402800000000003,
            0.12399200000000002,
            0.157236,
            0.184528,
            0.18892299999999998,
            0.188823,
            0.188828,
            0.191778,
            0.19266799999999998,
            0.197008,
            0.196968,
            0.19700299999999998,
            0.190738,
            0.166453,
            0.148643,
            0.15289,
            0.17296099999999998,
            0.17737399999999998,
            0.172958,
            0.186356,
            0.180026,
            0.19558099999999998,
            0.17679699999999998,
            0.172598,
            0.109381,
            0.11358100000000002
        ],
        [
            0.052492000000000004,
            0.048225000000000004,
            0.054328,
            0.027962,
            0.020211,
            0.0062050000000000004,
            0.0,
            0.018475,
            0.030083,
            0.059646000000000005,
            0.07365200000000001,
            0.073821,
            0.07061200000000001,
            0.062985,
            0.151056,
            0.146547,
            0.150622,
            0.153918,
            0.156992,
            0.156949,
            0.147291,
            0.137185,
            0.128149,
            0.12827,
            0.128226,
            0.145484,
            0.145459,
            0.12401300000000003,
            0.12397700000000002,
            0.157221,
            0.184513,
            0.188908,
            0.188808,
            0.188813,
            0.19176300000000002,
            0.192653,
            0.196993,
            0.19695300000000002,
            0.196988,
            0.190723,
            0.166438,
            0.148628,
            0.152875,
            0.172946,
            0.177359,
            0.172943,
            0.186341,
            0.180011,
            0.195566,
            0.176782,
            0.17258300000000001,
            0.109366,
            0.11356600000000001
        ],
        [
            0.058099000000000005,
            0.053832000000000005,
            0.059935,
            0.033569,
            0.025818,
            0.01849,
            0.018475,
            0.0,
            0.03569,
            0.065253,
            0.079259,
            0.079428,
            0.07621900000000001,
            0.06859199999999999,
            0.156663,
            0.152154,
            0.156229,
            0.159525,
            0.162599,
            0.162556,
            0.152898,
            0.142792,
            0.133756,
            0.133877,
            0.133833,
            0.151091,
            0.151066,
            0.12962,
            0.129584,
            0.162828,
            0.19012,
            0.194515,
            0.194415,
            0.19442,
            0.19737000000000002,
            0.19826,
            0.2026,
            0.20256000000000002,
            0.202595,
            0.19633,
            0.172045,
            0.154235,
            0.158482,
            0.178553,
            0.182966,
            0.17855000000000001,
            0.191948,
            0.185618,
            0.201173,
            0.182389,
            0.17819000000000002,
            0.11497299999999999,
            0.119173
        ],
        [
            0.054703,
            0.050436,
            0.056539,
            0.030173,
            0.022421999999999997,
            0.030098,
            0.030083,
            0.03569,
            0.0,
            0.052947,
            0.066953,
            0.067122,
            0.063913,
            0.056285999999999996,
            0.144357,
            0.13984800000000003,
            0.14392300000000002,
            0.14721900000000002,
            0.150293,
            0.15025000000000002,
            0.14059200000000002,
            0.13048600000000002,
            0.12145000000000002,
            0.121571,
            0.12152700000000001,
            0.13878500000000002,
            0.13876000000000002,
            0.11731400000000002,
            0.11727800000000001,
            0.15052200000000002,
            0.17781400000000003,
            0.182209,
            0.18210900000000002,
            0.18211400000000003,
            0.18506400000000003,
            0.185954,
            0.19029400000000002,
            0.19025400000000003,
            0.190289,
            0.18402400000000002,
            0.15973900000000002,
            0.14192900000000003,
            0.14617600000000003,
            0.166247,
            0.17066,
            0.16624400000000003,
            0.17964200000000002,
            0.17331200000000002,
            0.188867,
            0.170083,
            0.16588400000000003,
            0.102667,
            0.106867
        ],
        [
            0.08426600000000001,
            0.079999,
            0.086102,
            0.059736000000000004,
            0.051985,
            0.059661,
            0.059646000000000005,
            0.065253,
            0.052947,
            0.0,
            0.037948,
            0.038117,
            0.034908,
            0.027281,
            0.12384400000000001,
            0.11933500000000002,
            0.12341000000000002,
            0.126706,
            0.12978,
            0.12973700000000002,
            0.12007900000000002,
            0.10997300000000002,
            0.10093700000000003,
            0.10105800000000001,
            0.10101400000000002,
            0.11827200000000002,
            0.11824700000000002,
            0.09680100000000003,
            0.09676500000000002,
            0.130009,
            0.15730100000000002,
            0.161696,
            0.16159600000000002,
            0.16160100000000002,
            0.16455100000000003,
            0.165441,
            0.16978100000000002,
            0.16974100000000003,
            0.169776,
            0.16351100000000002,
            0.13922600000000002,
            0.12141600000000002,
            0.12566300000000002,
            0.145734,
            0.150147,
            0.14573100000000003,
            0.15912900000000002,
            0.15279900000000002,
            0.168354,
            0.14957,
            0.14537100000000003,
            0.082154,
            0.08635400000000001
        ],
        [
            0.098272,
            0.09400499999999999,
            0.10010799999999999,
            0.07374199999999999,
            0.065991,
            0.07366700000000001,
            0.07365200000000001,
            0.079259,
            0.066953,
            0.037948,
            0.0,
            0.015234999999999999,
            0.018192,
            0.016869000000000002,
            0.13785,
            0.13334100000000002,
            0.137416,
            0.140712,
            0.143786,
            0.143743,
            0.134085,
            0.123979,
            0.11494300000000002,
            0.115064,
            0.11502000000000001,
            0.132278,
            0.132253,
            0.11080700000000002,
            0.11077100000000001,
            0.144015,
            0.17130700000000001,
            0.175702,
            0.175602,
            0.175607,
            0.17855700000000002,
            0.179447,
            0.183787,
            0.18374700000000002,
            0.183782,
            0.177517,
            0.153232,
            0.13542200000000001,
            0.13966900000000002,
            0.15974,
            0.164153,
            0.15973700000000002,
            0.173135,
            0.166805,
            0.18236,
            0.163576,
            0.15937700000000002,
            0.09616,
            0.10036
        ],
        [
            0.098441,
            0.094174,
            0.10027699999999999,
            0.07391099999999999,
            0.06616,
            0.073836,
            0.073821,
            0.079428,
            0.067122,
            0.038117,
            0.015234999999999999,
            0.0,
            0.018361,
            0.017038,
            0.138019,
            0.13351000000000002,
            0.137585,
            0.140881,
            0.143955,
            0.143912,
            0.134254,
            0.12414800000000001,
            0.11511200000000002,
            0.115233,
            0.11518900000000001,
            0.132447,
            0.132422,
            0.11097600000000002,
            0.11094000000000001,
            0.144184,
            0.17147600000000002,
            0.175871,
            0.175771,
            0.17577600000000002,
            0.17872600000000002,
            0.179616,
            0.183956,
            0.18391600000000002,
            0.183951,
            0.177686,
            0.153401,
            0.13559100000000002,
            0.13983800000000002,
            0.159909,
            0.164322,
            0.15990600000000002,
            0.173304,
            0.166974,
            0.182529,
            0.163745,
            0.15954600000000002,
            0.096329,
            0.10052900000000001
        ],
        [
            0.09523200000000001,
            0.090965,
            0.097068,
            0.070702,
            0.06295100000000001,
            0.07062700000000001,
            0.07061200000000001,
            0.07621900000000001,
            0.063913,
            0.034908,
            0.018192,
            0.018361,
            0.0,
            0.013829,
            0.13480999999999999,
            0.130301,
            0.134376,
            0.13767200000000002,
            0.14074599999999998,
            0.14070300000000002,
            0.13104500000000002,
            0.120939,
            0.11190300000000002,
            0.112024,
            0.11198000000000001,
            0.12923800000000002,
            0.12921300000000002,
            0.10776700000000002,
            0.10773100000000001,
            0.14097500000000002,
            0.168267,
            0.17266199999999998,
            0.172562,
            0.17256700000000003,
            0.17551700000000003,
            0.17640699999999998,
            0.180747,
            0.180707,
            0.180742,
            0.174477,
            0.150192,
            0.132382,
            0.136629,
            0.1567,
            0.161113,
            0.15669700000000003,
            0.170095,
            0.163765,
            0.17931999999999998,
            0.160536,
            0.156337,
            0.09312,
            0.09732
        ],
        [
            0.08760499999999999,
            0.083338,
            0.08944099999999999,
            0.06307499999999999,
            0.055324,
            0.063,
            0.062985,
            0.06859199999999999,
            0.056285999999999996,
            0.027281,
            0.016869000000000002,
            0.017038,
            0.013829,
            0.0,
            0.127183,
            0.122674,
            0.126749,
            0.130045,
            0.133119,
            0.133076,
            0.123418,
            0.113312,
            0.10427600000000001,
            0.10439699999999999,
            0.104353,
            0.121611,
            0.121586,
            0.10014,
            0.100104,
            0.133348,
            0.16064,
            0.165035,
            0.164935,
            0.16494,
            0.16789,
            0.16877999999999999,
            0.17312,
            0.17308,
            0.173115,
            0.16685,
            0.142565,
            0.124755,
            0.129002,
            0.14907299999999998,
            0.15348599999999998,
            0.14907,
            0.162468,
            0.156138,
            0.17169299999999998,
            0.152909,
            0.14871,
            0.08549299999999999,
            0.089693
        ],
        [
            0.175676,
            0.171409,
            0.177512,
            0.151146,
            0.143395,
            0.15107099999999998,
            0.151056,
            0.156663,
            0.144357,
            0.12384400000000001,
            0.13785,
            0.138019,
            0.13480999999999999,
            0.127183,
            0.0,
            0.019269,
            0.029994,
            0.03329,
            0.036364,
            0.036321,
            0.054749,
            0.059167,
            0.050130999999999995,
            0.050252,
            0.050207999999999996,
            0.076408,
            0.07638299999999999,
            0.054937,
            0.054901,
            0.11144099999999998,
            0.138733,
            0.14312799999999998,
            0.143028,
            0.143033,
            0.145983,
            0.14687299999999998,
            0.151213,
            0.151173,
            0.15120799999999998,
            0.144943,
            0.12065799999999999,
            0.102848,
            0.107095,
            0.12716599999999997,
            0.13157899999999997,
            0.127163,
            0.140561,
            0.134231,
            0.14978599999999997,
            0.13100199999999998,
            0.126803,
            0.14968199999999998,
            0.153882
        ],
        [
            0.171167,
            0.16690000000000002,
            0.17300300000000002,
            0.14663700000000002,
            0.138886,
            0.146562,
            0.146547,
            0.152154,
            0.13984800000000003,
            0.11933500000000002,
            0.13334100000000002,
            0.13351000000000002,
            0.130301,
            0.122674,
            0.019269,
            0.0,
            0.025485,
            0.028780999999999998,
            0.031854999999999994,
            0.031812,
            0.05024,
            0.054658,
            0.045621999999999996,
            0.045743,
            0.045699,
            0.07189899999999999,
            0.071874,
            0.050428,
            0.050392,
            0.106932,
            0.134224,
            0.138619,
            0.138519,
            0.138524,
            0.14147400000000002,
            0.142364,
            0.146704,
            0.14666400000000002,
            0.146699,
            0.140434,
            0.116149,
            0.098339,
            0.102586,
            0.12265699999999999,
            0.12707,
            0.12265400000000001,
            0.136052,
            0.129722,
            0.145277,
            0.126493,
            0.12229400000000001,
            0.145173,
            0.149373
        ],
        [
            0.175242,
            0.17097500000000002,
            0.177078,
            0.150712,
            0.142961,
            0.150637,
            0.150622,
            0.156229,
            0.14392300000000002,
            0.12341000000000002,
            0.137416,
            0.137585,
            0.134376,
            0.126749,
            0.029994,
            0.025485,
            0.0,
            0.018142,
            0.021216,
            0.021173,
            0.054315,
            0.058733,
            0.049697,
            0.049818,
            0.049774,
            0.075974,
            0.07594899999999999,
            0.054503,
            0.054467,
            0.111007,
            0.138299,
            0.142694,
            0.142594,
            0.142599,
            0.145549,
            0.14643899999999999,
            0.150779,
            0.150739,
            0.150774,
            0.144509,
            0.120224,
            0.102414,
            0.106661,
            0.12673199999999998,
            0.13114499999999998,
            0.126729,
            0.140127,
            0.133797,
            0.14935199999999998,
            0.130568,
            0.126369,
            0.149248,
            0.153448
        ],
        [
            0.178538,
            0.174271,
            0.180374,
            0.154008,
            0.146257,
            0.153933,
            0.153918,
            0.159525,
            0.14721900000000002,
            0.126706,
            0.140712,
            0.140881,
            0.13767200000000002,
            0.130045,
            0.03329,
            0.028780999999999998,
            0.018142,
            0.0,
            0.018038,
            0.017995,
            0.057610999999999996,
            0.062028999999999994,
            0.05299299999999999,
            0.053113999999999995,
            0.05306999999999999,
            0.07927,
            0.07924499999999998,
            0.057798999999999996,
            0.057762999999999995,
            0.11430299999999999,
            0.141595,
            0.14598999999999998,
            0.14589,
            0.145895,
            0.148845,
            0.14973499999999998,
            0.154075,
            0.154035,
            0.15406999999999998,
            0.147805,
            0.12351999999999999,
            0.10571,
            0.109957,
            0.13002799999999998,
            0.13444099999999998,
            0.130025,
            0.143423,
            0.137093,
            0.15264799999999998,
            0.13386399999999998,
            0.129665,
            0.152544,
            0.156744
        ],
        [
            0.181612,
            0.177345,
            0.183448,
            0.157082,
            0.149331,
            0.15700699999999998,
            0.156992,
            0.162599,
            0.150293,
            0.12978,
            0.143786,
            0.143955,
            0.14074599999999998,
            0.133119,
            0.036364,
            0.031854999999999994,
            0.021216,
            0.018038,
            0.0,
            0.014747,
            0.060685,
            0.065103,
            0.056067,
            0.056188,
            0.056144,
            0.082344,
            0.082319,
            0.060873000000000003,
            0.060837,
            0.117377,
            0.144669,
            0.14906399999999997,
            0.14896399999999999,
            0.14896900000000002,
            0.15191900000000003,
            0.15280899999999997,
            0.15714899999999998,
            0.157109,
            0.157144,
            0.15087899999999999,
            0.12659399999999998,
            0.10878399999999999,
            0.11303099999999999,
            0.133102,
            0.137515,
            0.13309900000000002,
            0.146497,
            0.14016699999999999,
            0.15572199999999997,
            0.136938,
            0.132739,
            0.155618,
            0.15981800000000002
        ],
        [
            0.181569,
            0.17730200000000002,
            0.183405,
            0.157039,
            0.149288,
            0.156964,
            0.156949,
            0.162556,
            0.15025000000000002,
            0.12973700000000002,
            0.143743,
            0.143912,
            0.14070300000000002,
            0.133076,
            0.036321,
            0.031812,
            0.021173,
            0.017995,
            0.014747,
            0.0,
            0.060642,
            0.06506,
            0.056024,
            0.056145,
            0.056101,
            0.082301,
            0.08227599999999999,
            0.06083,
            0.060794,
            0.117334,
            0.144626,
            0.149021,
            0.148921,
            0.148926,
            0.151876,
            0.15276599999999999,
            0.157106,
            0.157066,
            0.157101,
            0.150836,
            0.126551,
            0.108741,
            0.112988,
            0.13305899999999998,
            0.13747199999999998,
            0.133056,
            0.146454,
            0.140124,
            0.15567899999999998,
            0.136895,
            0.132696,
            0.15557500000000002,
            0.159775
        ],
        [
            0.171911,
            0.16764400000000002,
            0.173747,
            0.147381,
            0.13963,
            0.147306,
            0.147291,
            0.152898,
            0.14059200000000002,
            0.12007900000000002,
            0.134085,
            0.134254,
            0.13104500000000002,
            0.123418,
            0.054749,
            0.05024,
            0.054315,
            0.057610999999999996,
            0.060685,
            0.060642,
            0.0,
            0.055402,
            0.046366,
            0.046487,
            0.046443,
            0.072643,
            0.07261799999999999,
            0.051172,
            0.051136,
            0.107676,
            0.134968,
            0.139363,
            0.139263,
            0.139268,
            0.142218,
            0.14310799999999999,
            0.147448,
            0.147408,
            0.147443,
            0.141178,
            0.116893,
            0.099083,
            0.10333,
            0.12340099999999998,
            0.12781399999999998,
            0.12339800000000001,
            0.136796,
            0.130466,
            0.14602099999999998,
            0.127237,
            0.12303800000000001,
            0.14591700000000002,
            0.150117
        ],
        [
            0.161805,
            0.157538,
            0.163641,
            0.137275,
            0.129524,
            0.13720000000000002,
            0.137185,
            0.142792,
            0.13048600000000002,
            0.10997300000000002,
            0.123979,
            0.12414800000000001,
            0.120939,
            0.113312,
            0.059167,
            0.054658,
            0.058733,
            0.062028999999999994,
            0.065103,
            0.06506,
            0.055402,
            0.0,
            0.023806,
            0.030229000000000002,
            0.030185000000000003,
            0.062537,
            0.062512,
            0.041066000000000005,
            0.04103,
            0.09756999999999999,
            0.124862,
            0.12925699999999998,
            0.129157,
            0.129162,
            0.132112,
            0.13300199999999998,
            0.137342,
            0.137302,
            0.137337,
            0.131072,
            0.10678699999999999,
            0.088977,
            0.093224,
            0.11329499999999998,
            0.11770799999999998,
            0.113292,
            0.12669,
            0.12036,
            0.13591499999999998,
            0.11713099999999999,
            0.112932,
            0.13581100000000002,
            0.140011
        ],
        [
            0.15276900000000002,
            0.14850200000000002,
            0.15460500000000002,
            0.12823900000000002,
            0.12048800000000001,
            0.12816400000000003,
            0.128149,
            0.133756,
            0.12145000000000002,
            0.10093700000000003,
            0.11494300000000002,
            0.11511200000000002,
            0.11190300000000002,
            0.10427600000000001,
            0.050130999999999995,
            0.045621999999999996,
            0.049697,
            0.05299299999999999,
            0.056067,
            0.056024,
            0.046366,
            0.023806,
            0.0,
            0.021193,
            0.021149,
            0.053501,
            0.053475999999999996,
            0.03203,
            0.031994,
            0.088534,
            0.11582600000000001,
            0.120221,
            0.120121,
            0.12012600000000001,
            0.12307600000000002,
            0.12396599999999999,
            0.128306,
            0.12826600000000002,
            0.128301,
            0.122036,
            0.097751,
            0.079941,
            0.084188,
            0.10425899999999999,
            0.10867199999999999,
            0.10425600000000002,
            0.11765400000000001,
            0.111324,
            0.126879,
            0.108095,
            0.10389600000000002,
            0.12677500000000003,
            0.130975
        ],
        [
            0.15289,
            0.148623,
            0.154726,
            0.12836,
            0.120609,
            0.128285,
            0.12827,
            0.133877,
            0.121571,
            0.10105800000000001,
            0.115064,
            0.115233,
            0.112024,
            0.10439699999999999,
            0.050252,
            0.045743,
            0.049818,
            0.053113999999999995,
            0.056188,
            0.056145,
            0.046487,
            0.030229000000000002,
            0.021193,
            0.0,
            0.006268,
            0.053622,
            0.05359699999999999,
            0.032151,
            0.032115000000000005,
            0.088655,
            0.11594700000000001,
            0.12034199999999999,
            0.120242,
            0.120247,
            0.12319700000000001,
            0.12408699999999999,
            0.128427,
            0.12838700000000003,
            0.12842199999999998,
            0.122157,
            0.097872,
            0.080062,
            0.084309,
            0.10437999999999999,
            0.10879299999999999,
            0.10437700000000001,
            0.117775,
            0.111445,
            0.127,
            0.10821599999999999,
            0.10401700000000001,
            0.126896,
            0.131096
        ],
        [
            0.152846,
            0.14857900000000002,
            0.15468200000000001,
            0.128316,
            0.120565,
            0.12824100000000002,
            0.128226,
            0.133833,
            0.12152700000000001,
            0.10101400000000002,
            0.11502000000000001,
            0.11518900000000001,
            0.11198000000000001,
            0.104353,
            0.050207999999999996,
            0.045699,
            0.049774,
            0.05306999999999999,
            0.056144,
            0.056101,
            0.046443,
            0.030185000000000003,
            0.021149,
            0.006268,
            0.0,
            0.053578,
            0.053552999999999996,
            0.032107000000000004,
            0.032071,
            0.088611,
            0.115903,
            0.12029799999999999,
            0.120198,
            0.120203,
            0.12315300000000001,
            0.12404299999999999,
            0.128383,
            0.128343,
            0.128378,
            0.122113,
            0.097828,
            0.080018,
            0.084265,
            0.10433599999999998,
            0.10874899999999998,
            0.10433300000000001,
            0.117731,
            0.111401,
            0.12695599999999999,
            0.10817199999999999,
            0.10397300000000001,
            0.12685200000000002,
            0.131052
        ],
        [
            0.170104,
            0.165837,
            0.17194,
            0.145574,
            0.137823,
            0.145499,
            0.145484,
            0.151091,
            0.13878500000000002,
            0.11827200000000002,
            0.132278,
            0.132447,
            0.12923800000000002,
            0.121611,
            0.076408,
            0.07189899999999999,
            0.075974,
            0.07927,
            0.082344,
            0.082301,
            0.072643,
            0.062537,
            0.053501,
            0.053622,
            0.053578,
            0.0,
            0.006135,
            0.035725,
            0.035689,
            0.10586899999999999,
            0.133161,
            0.13755599999999998,
            0.137456,
            0.137461,
            0.140411,
            0.14130099999999998,
            0.145641,
            0.145601,
            0.145636,
            0.139371,
            0.115086,
            0.097276,
            0.101523,
            0.12159399999999998,
            0.12600699999999998,
            0.121591,
            0.134989,
            0.128659,
            0.14421399999999998,
            0.12542999999999999,
            0.121231,
            0.14411000000000002,
            0.14831
        ],
        [
            0.170079,
            0.16581200000000001,
            0.171915,
            0.145549,
            0.137798,
            0.145474,
            0.145459,
            0.151066,
            0.13876000000000002,
            0.11824700000000002,
            0.132253,
            0.132422,
            0.12921300000000002,
            0.121586,
            0.07638299999999999,
            0.071874,
            0.07594899999999999,
            0.07924499999999998,
            0.082319,
            0.08227599999999999,
            0.07261799999999999,
            0.062512,
            0.053475999999999996,
            0.05359699999999999,
            0.053552999999999996,
            0.006135,
            0.0,
            0.035699999999999996,
            0.035664,
            0.105844,
            0.133136,
            0.137531,
            0.137431,
            0.137436,
            0.140386,
            0.14127599999999998,
            0.145616,
            0.145576,
            0.145611,
            0.139346,
            0.115061,
            0.09725099999999999,
            0.10149799999999999,
            0.12156899999999998,
            0.12598199999999998,
            0.12156600000000001,
            0.134964,
            0.128634,
            0.14418899999999998,
            0.125405,
            0.12120600000000001,
            0.14408500000000002,
            0.148285
        ],
        [
            0.14863300000000002,
            0.14436600000000002,
            0.15046900000000002,
            0.124103,
            0.11635200000000001,
            0.12402800000000003,
            0.12401300000000003,
            0.12962,
            0.11731400000000002,
            0.09680100000000003,
            0.11080700000000002,
            0.11097600000000002,
            0.10776700000000002,
            0.10014,
            0.054937,
            0.050428,
            0.054503,
            0.057798999999999996,
            0.060873000000000003,
            0.06083,
            0.051172,
            0.041066000000000005,
            0.03203,
            0.032151,
            0.032107000000000004,
            0.035725,
            0.035699999999999996,
            0.0,
            0.006292000000000001,
            0.084398,
            0.11169000000000001,
            0.116085,
            0.115985,
            0.11599000000000001,
            0.11894000000000002,
            0.11982999999999999,
            0.12417,
            0.12413000000000002,
            0.124165,
            0.1179,
            0.093615,
            0.075805,
            0.080052,
            0.10012299999999999,
            0.10453599999999999,
            0.10012000000000001,
            0.11351800000000001,
            0.107188,
            0.12274299999999999,
            0.103959,
            0.09976000000000002,
            0.12263900000000001,
            0.126839
        ],
        [
            0.148597,
            0.14433,
            0.150433,
            0.124067,
            0.116316,
            0.12399200000000002,
            0.12397700000000002,
