{
    "NEXUS_FILE_URL": "http://purl.org/phylo/treebase/phylows/study/TB2:S15781",
    "NEWICK_TREE": "(12:0.11177913,((2:0.0391238,3:0.0204468):0.06445107,(1:0.08460356,(9:0.05634753,((10:1.0E-8,11:1.0E-8):0.01824036,(5:1.0E-8,(6:1.0E-8,(7:1.0E-8,(4:1.0E-8,8:1.0E-8):0.0):0.0):0.0):0.02226349):0.03950042):0.03751918):0.02280074):0.11177913);",
    "DISTANCE_MATRIX": [
        [
            0.0,
            0.32713313,
            0.30845613,
            0.33096256,
            0.34022571,
            0.34161897,
            0.34161897,
            0.3456421,
            0.3456421,
            0.3456421,
            0.3456421,
            0.3456421
        ],
        [
            0.32713313,
            0.0,
            0.0595706,
            0.21097917,
            0.22024232,
            0.22163558,
            0.22163558,
            0.22565870999999998,
            0.22565870999999998,
            0.22565870999999998,
            0.22565870999999998,
            0.22565870999999998
        ],
        [
            0.30845613,
            0.0595706,
            0.0,
            0.19230217,
            0.20156532,
            0.20295858,
            0.20295858,
            0.20698170999999999,
            0.20698170999999999,
            0.20698170999999999,
            0.20698170999999999,
            0.20698170999999999
        ],
        [
            0.33096256,
            0.21097917,
            0.19230217,
            0.0,
            0.17847027,
            0.17986353,
            0.17986353,
            0.18388665999999998,
            0.18388665999999998,
            0.18388665999999998,
            0.18388665999999998,
            0.18388665999999998
        ],
        [
            0.34022571,
            0.22024232,
            0.20156532,
            0.17847027,
            0.0,
            0.11408832,
            0.11408832,
            0.11811145,
            0.11811145,
            0.11811145,
            0.11811145,
            0.11811145
        ],
        [
            0.34161897,
            0.22163558,
            0.20295858,
            0.17986353,
            0.11408832,
            0.0,
            2e-08,
            0.040503870000000004,
            0.040503870000000004,
            0.040503870000000004,
            0.040503870000000004,
            0.040503870000000004
        ],
        [
            0.34161897,
            0.22163558,
            0.20295858,
            0.17986353,
            0.11408832,
            2e-08,
            0.0,
            0.040503870000000004,
            0.040503870000000004,
            0.040503870000000004,
            0.040503870000000004,
            0.040503870000000004
        ],
        [
            0.3456421,
            0.22565870999999998,
            0.20698170999999999,
            0.18388665999999998,
            0.11811145,
            0.040503870000000004,
            0.040503870000000004,
            0.0,
            2e-08,
            2e-08,
            2e-08,
            2e-08
        ],
        [
            0.3456421,
            0.22565870999999998,
            0.20698170999999999,
            0.18388665999999998,
            0.11811145,
            0.040503870000000004,
            0.040503870000000004,
            2e-08,
            0.0,
            2e-08,
            2e-08,
            2e-08
        ],
        [
            0.3456421,
            0.22565870999999998,
            0.20698170999999999,
            0.18388665999999998,
            0.11811145,
            0.040503870000000004,
            0.040503870000000004,
            2e-08,
            2e-08,
            0.0,
            2e-08,
            2e-08
        ],
        [
            0.3456421,
            0.22565870999999998,
            0.20698170999999999,
            0.18388665999999998,
            0.11811145,
            0.040503870000000004,
            0.040503870000000004,
            2e-08,
            2e-08,
            2e-08,
            0.0,
            2e-08
        ],
        [
            0.3456421,
            0.22565870999999998,
            0.20698170999999999,
            0.18388665999999998,
            0.11811145,
            0.040503870000000004,
            0.040503870000000004,
            2e-08,
            2e-08,
            2e-08,
            2e-08,
            0.0
        ]
    ],
    "NODE_MAPPING": {
        "0": "12",
        "1": "2",
        "2": "3",
        "3": "1",
        "4": "9",
        "5": "10",
        "6": "11",
        "7": "5",
        "8": "6",
        "9": "7",
        "10": "4",
        "11": "8"
    }
}