{
    "NEXUS_FILE_URL": "http://purl.org/phylo/treebase/phylows/study/TB2:S15665",
    "NEWICK_TREE": "((((((8:0.003710472191403527,13:0.003689132618100137):0.07888769510932209,(9:0.04783575341208434,10:0.1386311353557905):0.03184250360955509):0.1894042731989068,((30:0.004099586840456392,33:0.008550416982803599):0.009442168864065665,(34:0.008849741146010792,(32:0.003675201157198276,31:0.003721285375258069):0.008548015833064235):0.01141100670690178):0.17446692411089):0.06408452708238051,5:0.2305693488880474):0.1575984027924952,(((4:0.2804797918148368,(24:0.02403607390664505,25:0.03010196500789883):0.2120075904205619):0.2483154479751072,((22:0.01384289268258822,23:0.009871140220486333):0.1859668216631774,(19:0.01516413584685909,(21:0.01476476816344624,(20:0.009259427556017689,18:0.04172540990573751):0.02561820938061659):0.04162138465777786):0.2090842562745943):0.2074400498511378):0.1128740451477663,((7:0.242350747210553,(6:0.1797076032348696,(((1:0.009440625873402253,15:0.0148020655682643):0.007831600831406434,16:0.01337566784649089,17:0.009170394046232815,14:0.01463908872196672):0.1399469749869417,((11:0.03503138392658564,(2:0.003778056600814335,3:0.003802246582303444):0.05805171922632935):0.02078382843819259,(28:0.008916430199508458,27:0.003730534805160041,29:0.03711295799770536):0.02268143542054429):0.05958088109896365):0.06904303391565572):0.3435732301781246):0.08752104961253987,(12:0.02105633504928159,26:0.02435869637027302):0.4076249597578294):0.08607434079836068):0.1164014341654085):0.725209187056069,35:0.725209187056069);",
    "DISTANCE_MATRIX": [
        [
            0.0,
            0.007399604809503664,
            0.16227642432236505,
            0.2530718062660712,
            0.46001112031504443,
            0.4644619504573917,
            0.466730112463435,
            0.47010358830768667,
            0.47014967252574646,
            0.5666563164700603,
            1.251756089477627,
            1.207319961989997,
            1.2133858530912507,
            1.1302106138845862,
            1.1262388614224843,
            1.1546492916602742,
            1.195871308634639,
            1.215984177407827,
            1.248450159757547,
            1.02603294216137,
            1.3069630283638112,
            1.3535176607363477,
            1.3588791004312097,
            1.34962110187803,
            1.345415828077772,
            1.3508845227535058,
            1.3116945525083392,
            1.3384929444088973,
            1.3385171343903863,
            1.2874772057636137,
            1.2822913103692655,
            1.3156737335618107,
            1.1248424401453883,
            1.1281448014663797,
            1.9441037444866458
        ],
        [
            0.007399604809503664,
            0.0,
            0.16225508474906164,
            0.2530504666927678,
            0.459989780741741,
            0.4644406108840883,
            0.4667087728901316,
            0.47008224873438326,
            0.47012833295244305,
            0.5666349768967569,
            1.2517347499043234,
            1.2072986224166935,
            1.2133645135179474,
            1.130189274311283,
            1.126217521849181,
            1.1546279520869707,
            1.1958499690613356,
            1.2159628378345237,
            1.2484288201842437,
            1.0260116025880668,
            1.3069416887905079,
            1.3534963211630444,
            1.3588577608579064,
            1.3495997623047264,
            1.3453944885044686,
            1.3508631831802025,
            1.3116732129350357,
            1.3384716048355938,
            1.3384957948170828,
            1.2874558661903102,
            1.2822699707959622,
            1.3156523939885072,
            1.1248211005720847,
            1.1281234618930762,
            1.9440824049133427
        ],
        [
            0.16227642432236505,
            0.16225508474906164,
            0.0,
            0.18646688876787484,
            0.4570912100359583,
            0.46154204017830547,
            0.46381020218434876,
            0.4671836780286005,
            0.4672297622466603,
            0.5637364061909741,
            1.2488361791985407,
            1.2044000517109108,
            1.2104659428121647,
            1.1272907036055002,
            1.1233189511433983,
            1.151729381381188,
            1.1929513983555529,
            1.2130642671287408,
            1.2455302494784608,
            1.023113031882284,
            1.304043118084725,
            1.3505977504572615,
            1.3559591901521235,
            1.3467011915989437,
            1.3424959177986857,
            1.3479646124744196,
            1.308774642229253,
            1.335573034129811,
            1.3355972241113,
            1.2845572954845275,
            1.2793714000901792,
            1.3127538232827245,
            1.121922529866302,
            1.1252248911872935,
            1.94118383420756
        ],
        [
            0.2530718062660712,
            0.2530504666927678,
            0.18646688876787484,
            0.0,
            0.5478865919796644,
            0.5523374221220116,
            0.5546055841280549,
            0.5579790599723067,
            0.5580251441903664,
            0.6545317881346803,
            1.339631561142247,
            1.295195433654617,
            1.3012613247558709,
            1.2180860855492064,
            1.2141143330871045,
            1.242524763324894,
            1.283746780299259,
            1.303859649072447,
            1.336325631422167,
            1.1139084138259903,
            1.3948385000284311,
            1.4413931324009677,
            1.4467545720958297,
            1.43749657354265,
            1.4332912997423919,
            1.4387599944181257,
            1.3995700241729592,
            1.4263684160735173,
            1.4263926060550063,
            1.3753526774282336,
            1.3701667820338854,
            1.4035492052264307,
            1.2127179118100082,
            1.2160202731309997,
            2.031979216151266
        ],
        [
            0.46001112031504443,
            0.459989780741741,
            0.4570912100359583,
            0.5478865919796644,
            0.0,
            0.012650003823259991,
            0.033802503557434624,
            0.03717597940168635,
            0.03722206361974614,
            0.48266255578583994,
            1.1677623287934067,
            1.1233262013057768,
            1.1293920924070304,
            1.046216853200366,
            1.042245100738264,
            1.0706555309760537,
            1.1118775479504188,
            1.1319904167236068,
            1.1644563990733268,
            0.9420391814771498,
            1.222969267679591,
            1.2695239000521275,
            1.2748853397469895,
            1.2656273411938097,
            1.2614220673935517,
            1.2668907620692855,
            1.227700791824119,
            1.254499183724677,
            1.254523373706166,
            1.2034834450793934,
            1.1982975496850452,
            1.2316799728775905,
            1.040848679461168,
            1.0441510407821595,
            1.8601099838024258
        ],
        [
            0.4644619504573917,
            0.4644406108840883,
            0.46154204017830547,
            0.5523374221220116,
            0.012650003823259991,
            0.0,
            0.03825333369978183,
            0.041626809544033555,
            0.04167289376209335,
            0.4871133859281872,
            1.1722131589357538,
            1.127777031448124,
            1.1338429225493778,
            1.0506676833427133,
            1.0466959308806114,
            1.0751063611184009,
            1.116328378092766,
            1.136441246865954,
            1.168907229215674,
            0.9464900116194971,
            1.227420097821938,
            1.2739747301944746,
            1.2793361698893366,
            1.2700781713361569,
            1.2658728975358988,
            1.2713415922116327,
            1.232151621966466,
            1.2589500138670242,
            1.2589742038485132,
            1.2079342752217406,
            1.2027483798273924,
            1.2361308030199376,
            1.0452995096035151,
            1.0486018709245066,
            1.864560813944773
        ],
        [
            0.466730112463435,
            0.4667087728901316,
            0.46381020218434876,
            0.5546055841280549,
            0.033802503557434624,
            0.03825333369978183,
            0.0,
            0.0210729581362733,
            0.021119042354333095,
            0.4893815479342305,
            1.1744813209417972,
            1.1300451934541673,
            1.136111084555421,
            1.0529358453487565,
            1.0489640928866546,
            1.0773745231244443,
            1.1185965400988094,
            1.1387094088719971,
            1.171175391221717,
            0.9487581736255404,
            1.2296882598279812,
            1.2762428922005178,
            1.2816043318953798,
            1.2723463333422003,
            1.268141059541942,
            1.2736097542176759,
            1.2344197839725095,
            1.2612181758730676,
            1.2612423658545566,
            1.210202437227784,
            1.2050165418334355,
            1.238398965025981,
            1.0475676716095585,
            1.05087003293055,
            1.866828975950816
        ],
        [
            0.47010358830768667,
            0.47008224873438326,
            0.4671836780286005,
            0.5579790599723067,
            0.03717597940168635,
            0.041626809544033555,
            0.0210729581362733,
            0.0,
            0.007396486532456345,
            0.4927550237784821,
            1.1778547967860489,
            1.133418669298419,
            1.1394845603996726,
            1.0563093211930081,
            1.0523375687309062,
            1.0807479989686959,
            1.121970015943061,
            1.142082884716249,
            1.174548867065969,
            0.952131649469792,
            1.233061735672233,
            1.2796163680447696,
            1.2849778077396317,
            1.275719809186452,
            1.2715145353861939,
            1.2769832300619277,
            1.2377932598167611,
            1.2645916517173192,
            1.2646158416988083,
            1.2135759130720356,
            1.2083900176776874,
            1.2417724408702326,
            1.0509411474538102,
            1.0542435087748017,
            1.870202451795068
        ],
        [
            0.47014967252574646,
            0.47012833295244305,
            0.4672297622466603,
            0.5580251441903664,
            0.03722206361974614,
            0.04167289376209335,
            0.021119042354333095,
            0.007396486532456345,
            0.0,
            0.492801107996542,
            1.1779008810041085,
            1.1334647535164786,
            1.1395306446177325,
            1.056355405411068,
            1.052383652948966,
            1.0807940831867557,
            1.1220161001611206,
            1.1421289689343088,
            1.1745949512840288,
            0.9521777336878519,
            1.233107819890293,
            1.2796624522628295,
            1.2850238919576915,
            1.2757658934045115,
            1.2715606196042537,
            1.2770293142799876,
            1.2378393440348208,
            1.2646377359353789,
            1.2646619259168679,
            1.2136219972900952,
            1.2084361018957472,
            1.2418185250882923,
            1.0509872316718698,
            1.0542895929928613,
            1.8702485360131278
        ],
        [
            0.5666563164700603,
            0.5666349768967569,
            0.5637364061909741,
            0.6545317881346803,
            0.48266255578583994,
            0.4871133859281872,
            0.4893815479342305,
            0.4927550237784821,
            0.492801107996542,
            0.0,
            1.1462384707836615,
            1.1018023432960315,
            1.1078682343972854,
            1.024692995190621,
            1.020721242728519,
            1.0491316729663085,
            1.0903536899406736,
            1.1104665587138616,
            1.1429325410635816,
            0.9205153234674047,
            1.2014454096698457,
            1.2480000420423822,
            1.2533614817372443,
            1.2441034831840645,
            1.2398982093838065,
            1.2453669040595403,
            1.2061769338143737,
            1.2329753257149318,
            1.2329995156964209,
            1.1819595870696482,
            1.1767736916753,
            1.2101561148678452,
            1.0193248214514228,
            1.0226271827724143,
            1.8385861257926805
        ],
        [
            1.251756089477627,
            1.2517347499043234,
            1.2488361791985407,
            1.339631561142247,
            1.1677623287934067,
            1.1722131589357538,
            1.1744813209417972,
            1.1778547967860489,
            1.1779008810041085,
            1.1462384707836615,
            0.0,
            0.5165234561420438,
            0.5225893472432975,
            0.9360450039868474,
            0.9320732515247455,
            0.9604836817625352,
            1.0017056987369002,
            1.0218185675100881,
            1.0542845498598081,
            1.0576154225591639,
            1.338545508761605,
            1.3851001411341415,
            1.3904615808290035,
            1.3812035822758237,
            1.3769983084755657,
            1.3824670031512996,
            1.343277032906133,
            1.370075424806691,
            1.37009961478818,
            1.3190596861614075,
            1.3138737907670592,
            1.3472562139596045,
            1.156424920543182,
            1.1597272818641735,
            2.2084890932152565
        ],
        [
            1.207319961989997,
            1.2072986224166935,
            1.2044000517109108,
            1.295195433654617,
            1.1233262013057768,
            1.127777031448124,
            1.1300451934541673,
            1.133418669298419,
            1.1334647535164786,
            1.1018023432960315,
            0.5165234561420438,
            0.0,
            0.05413803891454388,
            0.8916088764992176,
            0.8876371240371157,
            0.9160475542749054,
            0.9572695712492703,
            0.9773824400224583,
            1.0098484223721782,
            1.013179295071534,
            1.294109381273975,
            1.3406640136465116,
            1.3460254533413736,
            1.3367674547881938,
            1.3325621809879358,
            1.3380308756636696,
            1.298840905418503,
            1.3256392973190612,
            1.3256634873005502,
            1.2746235586737775,
            1.2694376632794293,
            1.3028200864719746,
            1.111988793055552,
            1.1152911543765436,
            2.1640529657276266
        ],
        [
            1.2133858530912507,
            1.2133645135179474,
            1.2104659428121647,
            1.3012613247558709,
            1.1293920924070304,
            1.1338429225493778,
            1.136111084555421,
            1.1394845603996726,
            1.1395306446177325,
            1.1078682343972854,
            0.5225893472432975,
            0.05413803891454388,
            0.0,
            0.8976747676004713,
            0.8937030151383694,
            0.922113445376159,
            0.9633354623505241,
            0.9834483311237121,
            1.015914313473432,
            1.0192451861727878,
            1.300175272375229,
            1.3467299047477654,
            1.3520913444426275,
            1.3428333458894475,
            1.3386280720891897,
            1.3440967667649235,
            1.3049067965197567,
            1.3317051884203148,
            1.3317293784018038,
            1.2806894497750312,
            1.2755035543806832,
            1.3088859775732282,
            1.1180546841568058,
            1.1213570454777972,
            2.1701188568288807
        ],
        [
            1.1302106138845862,
            1.130189274311283,
            1.1272907036055002,
            1.2180860855492064,
            1.046216853200366,
            1.0506676833427133,
            1.0529358453487565,
            1.0563093211930081,
            1.056355405411068,
            1.024692995190621,
            0.9360450039868474,
            0.8916088764992176,
            0.8976747676004713,
            0.0,
            0.023714032903074552,
            0.424058106467219,
            0.465280123441584,
            0.48539299221477206,
            0.5178589745644919,
            0.9360699469661233,
            1.2170000331685644,
            1.263554665541101,
            1.268916105235963,
            1.259658106682783,
            1.2554528328825252,
            1.260921527558259,
            1.2217315573130922,
            1.2485299492136503,
            1.2485541391951394,
            1.1975142105683667,
            1.1923283151740187,
            1.2257107383665637,
            1.0348794449501413,
            1.0381818062711328,
            2.0869436176222163
        ],
        [
            1.1262388614224843,
            1.126217521849181,
            1.1233189511433983,
            1.2141143330871045,
            1.042245100738264,
            1.0466959308806114,
            1.0489640928866546,
            1.0523375687309062,
            1.052383652948966,
            1.020721242728519,
            0.9320732515247455,
            0.8876371240371157,
            0.8937030151383694,
            0.023714032903074552,
            0.0,
            0.42008635400511707,
            0.4613083709794821,
            0.48142123975267015,
            0.51388722210239,
            0.9320981945040214,
            1.2130282807064625,
            1.259582913078999,
            1.264944352773861,
            1.255686354220681,
            1.2514810804204233,
            1.2569497750961571,
            1.2177598048509903,
            1.2445581967515484,
            1.2445823867330374,
            1.1935424581062648,
            1.1883565627119168,
            1.2217389859044618,
            1.0309076924880394,
            1.0342100538090309,
            2.0829718651601143
        ],
        [
            1.1546492916602742,
            1.1546279520869707,
            1.151729381381188,
            1.242524763324894,
            1.0706555309760537,
            1.0751063611184009,
            1.0773745231244443,
            1.0807479989686959,
            1.0807940831867557,
            1.0491316729663085,
            0.9604836817625352,
            0.9160475542749054,
            0.922113445376159,
            0.424058106467219,
            0.42008635400511707,
            0.0,
            0.07155028866808319,
            0.09166315744127122,
            0.12412913979099105,
            0.9605086247418111,
            1.241438710944252,
            1.2879933433167885,
            1.2933547830116505,
            1.284096784458471,
            1.2798915106582127,
            1.2853602053339466,
            1.2461702350887802,
            1.2729686269893383,
            1.2729928169708273,
            1.2219528883440547,
            1.2167669929497062,
            1.2501494161422517,
            1.0593181227258293,
            1.0626204840468207,
            2.111382295397904
        ],
        [
            1.195871308634639,
            1.1958499690613356,
            1.1929513983555529,
            1.283746780299259,
            1.1118775479504188,
            1.116328378092766,
            1.1185965400988094,
            1.121970015943061,
            1.1220161001611206,
            1.0903536899406736,
            1.0017056987369002,
            0.9572695712492703,
            0.9633354623505241,
            0.465280123441584,
            0.4613083709794821,
            0.07155028866808319,
            0.0,
            0.04964240510008052,
            0.08210838744980034,
            1.001730641716176,
            1.282660727918617,
            1.3292153602911536,
            1.3345767999860156,
            1.3253188014328359,
            1.3211135276325778,
            1.3265822223083117,
            1.2873922520631451,
            1.3141906439637032,
            1.3142148339451922,
            1.2631749053184196,
            1.2579890099240714,
            1.2913714331166166,
            1.1005401397001942,
            1.1038425010211856,
            2.1526043123722687
        ],
        [
            1.215984177407827,
            1.2159628378345237,
            1.2130642671287408,
            1.303859649072447,
            1.1319904167236068,
            1.136441246865954,
            1.1387094088719971,
            1.142082884716249,
            1.1421289689343088,
            1.1104665587138616,
            1.0218185675100881,
            0.9773824400224583,
            0.9834483311237121,
            0.48539299221477206,
            0.48142123975267015,
            0.09166315744127122,
            0.04964240510008052,
            0.0,
            0.0509848374617552,
            1.021843510489364,
            1.302773596691805,
            1.3493282290643416,
            1.3546896687592036,
            1.3454316702060238,
            1.3412263964057658,
            1.3466950910814997,
            1.307505120836333,
            1.3343035127368912,
            1.3343277027183802,
            1.2832877740916075,
            1.2781018786972593,
            1.3114843018898046,
            1.1206530084733821,
            1.1239553697943736,
            2.172717181145457
        ],
        [
            1.248450159757547,
            1.2484288201842437,
            1.2455302494784608,
            1.336325631422167,
            1.1644563990733268,
            1.168907229215674,
            1.171175391221717,
            1.174548867065969,
            1.1745949512840288,
            1.1429325410635816,
            1.0542845498598081,
            1.0098484223721782,
            1.015914313473432,
            0.5178589745644919,
            0.51388722210239,
            0.12412913979099105,
            0.08210838744980034,
            0.0509848374617552,
            0.0,
            1.054309492839084,
            1.335239579041525,
            1.3817942114140616,
            1.3871556511089236,
            1.3778976525557438,
            1.3736923787554858,
            1.3791610734312196,
            1.339971103186053,
            1.3667694950866112,
            1.3667936850681002,
            1.3157537564413275,
            1.3105678610469793,
            1.3439502842395246,
            1.153118990823102,
            1.1564213521440936,
            2.205183163495177
        ],
        [
            1.02603294216137,
            1.0260116025880668,
            1.023113031882284,
            1.1139084138259903,
            0.9420391814771498,
            0.9464900116194971,
            0.9487581736255404,
            0.952131649469792,
            0.9521777336878519,
            0.9205153234674047,
            1.0576154225591639,
            1.013179295071534,
            1.0192451861727878,
            0.9360699469661233,
            0.9320981945040214,
            0.9605086247418111,
            1.001730641716176,
            1.021843510489364,
            1.054309492839084,
            0.0,
            0.7656315806235472,
            0.8121862129960837,
            0.8175476526909458,
            0.808289654137766,
            0.8040843803375077,
            0.8095530750132418,
            0.7703631047680752,
            0.7971614966686333,
            0.7971856866501223,
            0.7461457580233497,
            0.7409598626290013,
            0.7743422858215465,
            0.7585530916302039,
            0.7618554529511953,
            1.9827659458990001
        ],
        [
            1.3069630283638112,
            1.3069416887905079,
            1.304043118084725,
            1.3948385000284311,
            1.222969267679591,
            1.227420097821938,
            1.2296882598279812,
            1.233061735672233,
            1.233107819890293,
            1.2014454096698457,
            1.338545508761605,
            1.294109381273975,
            1.300175272375229,
            1.2170000331685644,
            1.2130282807064625,
            1.241438710944252,
            1.282660727918617,
            1.302773596691805,
            1.335239579041525,
            0.7656315806235472,
            0.0,
            0.40596983884227567,
            0.41133127853713775,
            0.4020732799839579,
            0.39786800618369983,
            0.40333670085943374,
            0.36414673061426717,
            0.39094512251482527,
            0.39096931249631434,
            0.33992938386954175,
            0.3347434884751933,
            0.3681259116677386,
            1.039483177832645,
            1.0427855391536363,
            2.263696032101441
        ],
        [
            1.3535176607363477,
            1.3534963211630444,
            1.3505977504572615,
            1.4413931324009677,
            1.2695239000521275,
            1.2739747301944746,
            1.2762428922005178,
            1.2796163680447696,
            1.2796624522628295,
            1.2480000420423822,
            1.3851001411341415,
            1.3406640136465116,
            1.3467299047477654,
            1.263554665541101,
            1.259582913078999,
            1.2879933433167885,
            1.3292153602911536,
            1.3493282290643416,
            1.3817942114140616,
            0.8121862129960837,
            0.40596983884227567,
            0.0,
            0.024242691441666554,
            0.030647894551299577,
            0.0264426207510415,
            0.0319113154267754,
            0.27261529515549227,
            0.2994136870560503,
            0.29943787703753943,
            0.2483979484107668,
            0.24321205301641835,
            0.2765944762089637,
            1.0860378102051815,
            1.0893401715261728,
            2.3102506644739775
        ],
        [
            1.3588791004312097,
            1.3588577608579064,
            1.3559591901521235,
            1.4467545720958297,
            1.2748853397469895,
            1.2793361698893366,
            1.2816043318953798,
            1.2849778077396317,
            1.2850238919576915,
            1.2533614817372443,
            1.3904615808290035,
            1.3460254533413736,
            1.3520913444426275,
            1.268916105235963,
            1.264944352773861,
            1.2933547830116505,
            1.3345767999860156,
            1.3546896687592036,
            1.3871556511089236,
            0.8175476526909458,
            0.41133127853713775,
            0.024242691441666554,
            0.0,
            0.03600933424616162,
            0.031804060445903545,
            0.037272755121637455,
            0.27797673485035435,
            0.30477512675091234,
            0.30479931673240146,
            0.2537593881056288,
            0.24857349271128043,
            0.28195591590382574,
            1.0913992499000436,
            1.0947016112210348,
            2.3156121041688396
        ],
        [
            1.34962110187803,
            1.3495997623047264,
            1.3467011915989437,
            1.43749657354265,
            1.2656273411938097,
            1.2700781713361569,
            1.2723463333422003,
            1.275719809186452,
            1.2757658934045115,
            1.2441034831840645,
            1.3812035822758237,
            1.3367674547881938,
            1.3428333458894475,
            1.259658106682783,
            1.255686354220681,
            1.284096784458471,
            1.3253188014328359,
            1.3454316702060238,
            1.3778976525557438,
            0.808289654137766,
            0.4020732799839579,
            0.030647894551299577,
            0.03600933424616162,
            0.0,
            0.022546061892723707,
            0.02801475656845761,
            0.26871873629717447,
            0.2955171281977325,
            0.2955413181792216,
            0.244501389552449,
            0.23931549415810055,
            0.27269791735064586,
            1.0821412513468638,
            1.0854436126678553,
            2.3063541056156596
        ],
        [
            1.345415828077772,
            1.3453944885044686,
            1.3424959177986857,
            1.4332912997423919,
            1.2614220673935517,
            1.2658728975358988,
            1.268141059541942,
            1.2715145353861939,
            1.2715606196042537,
            1.2398982093838065,
            1.3769983084755657,
            1.3325621809879358,
            1.3386280720891897,
            1.2554528328825252,
            1.2514810804204233,
            1.2798915106582127,
            1.3211135276325778,
            1.3412263964057658,
            1.3736923787554858,
            0.8040843803375077,
            0.39786800618369983,
            0.0264426207510415,
            0.031804060445903545,
            0.022546061892723707,
            0.0,
            0.023809482768199535,
            0.26451346249691643,
            0.2913118543974744,
            0.29133604437896354,
            0.24029611575219093,
            0.23511022035784251,
            0.2684926435503878,
            1.0779359775466058,
            1.081238338867597,
            2.3021488318154018
        ],
        [
            1.3508845227535058,
            1.3508631831802025,
            1.3479646124744196,
            1.4387599944181257,
            1.2668907620692855,
            1.2713415922116327,
            1.2736097542176759,
            1.2769832300619277,
            1.2770293142799876,
            1.2453669040595403,
            1.3824670031512996,
            1.3380308756636696,
            1.3440967667649235,
            1.260921527558259,
            1.2569497750961571,
            1.2853602053339466,
            1.3265822223083117,
            1.3466950910814997,
            1.3791610734312196,
            0.8095530750132418,
            0.40333670085943374,
            0.0319113154267754,
            0.037272755121637455,
            0.02801475656845761,
            0.023809482768199535,
            0.0,
            0.2699821571726503,
            0.2967805490732084,
            0.29680473905469745,
            0.24576481042792483,
            0.24057891503357642,
            0.27396133822612173,
            1.0834046722223396,
            1.0867070335433309,
            2.3076175264911356
        ],
        [
            1.3116945525083392,
            1.3116732129350357,
            1.308774642229253,
            1.3995700241729592,
            1.227700791824119,
            1.232151621966466,
            1.2344197839725095,
            1.2377932598167611,
            1.2378393440348208,
            1.2061769338143737,
            1.343277032906133,
            1.298840905418503,
            1.3049067965197567,
            1.2217315573130922,
            1.2177598048509903,
            1.2461702350887802,
            1.2873922520631451,
            1.307505120836333,
            1.339971103186053,
            0.7703631047680752,
            0.36414673061426717,
            0.27261529515549227,
            0.27797673485035435,
            0.26871873629717447,
            0.26451346249691643,
            0.2699821571726503,
            0.0,
            0.09686115975372933,
            0.09688534973521844,
            0.08741307798483097,
            0.08222718259048256,
            0.11560960578302787,
            1.044214701977173,
            1.0475170632981645,
            2.268427556245969
        ],
        [
            1.3384929444088973,
            1.3384716048355938,
            1.335573034129811,
            1.4263684160735173,
            1.254499183724677,
            1.2589500138670242,
            1.2612181758730676,
            1.2645916517173192,
            1.2646377359353789,
            1.2329753257149318,
            1.370075424806691,
            1.3256392973190612,
            1.3317051884203148,
            1.2485299492136503,
            1.2445581967515484,
            1.2729686269893383,
            1.3141906439637032,
            1.3343035127368912,
            1.3667694950866112,
            0.7971614966686333,
            0.39094512251482527,
            0.2994136870560503,
            0.30477512675091234,
            0.2955171281977325,
            0.2913118543974744,
            0.2967805490732084,
            0.09686115975372933,
            0.0,
            0.00758030318311778,
            0.11421146988538904,
            0.10902557449104061,
            0.14240799768358592,
            1.0710130938777311,
            1.0743154551987226,
            2.295225948146527
        ],
        [
            1.3385171343903863,
            1.3384957948170828,
            1.3355972241113,
            1.4263926060550063,
            1.254523373706166,
            1.2589742038485132,
            1.2612423658545566,
            1.2646158416988083,
            1.2646619259168679,
            1.2329995156964209,
            1.37009961478818,
            1.3256634873005502,
            1.3317293784018038,
            1.2485541391951394,
            1.2445823867330374,
            1.2729928169708273,
            1.3142148339451922,
            1.3343277027183802,
            1.3667936850681002,
            0.7971856866501223,
            0.39096931249631434,
            0.29943787703753943,
            0.30479931673240146,
            0.2955413181792216,
            0.29133604437896354,
            0.29680473905469745,
            0.09688534973521844,
            0.00758030318311778,
            0.0,
            0.11423565986687813,
            0.1090497644725297,
            0.14243218766507504,
            1.0710372838592201,
            1.0743396451802116,
            2.295250138128016
        ],
        [
            1.2874772057636137,
            1.2874558661903102,
            1.2845572954845275,
            1.3753526774282336,
            1.2034834450793934,
            1.2079342752217406,
            1.210202437227784,
            1.2135759130720356,
            1.2136219972900952,
            1.1819595870696482,
            1.3190596861614075,
            1.2746235586737775,
            1.2806894497750312,
            1.1975142105683667,
            1.1935424581062648,
            1.2219528883440547,
            1.2631749053184196,
            1.2832877740916075,
            1.3157537564413275,
            0.7461457580233497,
            0.33992938386954175,
            0.2483979484107668,
            0.2537593881056288,
            0.244501389552449,
            0.24029611575219093,
            0.24576481042792483,
            0.08741307798483097,
            0.11421146988538904,
            0.11423565986687813,
            0.0,
            0.012646965004668498,
            0.04602938819721382,
            1.0199973552324475,
            1.023299716553439,
            2.2442102095012433
        ],
        [
            1.2822913103692655,
            1.2822699707959622,
            1.2793714000901792,
            1.3701667820338854,
            1.1982975496850452,
            1.2027483798273924,
            1.2050165418334355,
            1.2083900176776874,
            1.2084361018957472,
            1.1767736916753,
            1.3138737907670592,
            1.2694376632794293,
            1.2755035543806832,
            1.1923283151740187,
            1.1883565627119168,
            1.2167669929497062,
            1.2579890099240714,
            1.2781018786972593,
            1.3105678610469793,
            0.7409598626290013,
            0.3347434884751933,
            0.24321205301641835,
            0.24857349271128043,
            0.23931549415810055,
            0.23511022035784251,
            0.24057891503357642,
            0.08222718259048256,
            0.10902557449104061,
            0.1090497644725297,
            0.012646965004668498,
            0.0,
            0.0408434928028654,
            1.014811459838099,
            1.0181138211590905,
            2.2390243141068953
        ],
        [
            1.3156737335618107,
            1.3156523939885072,
            1.3127538232827245,
            1.4035492052264307,
            1.2316799728775905,
            1.2361308030199376,
            1.238398965025981,
            1.2417724408702326,
            1.2418185250882923,
            1.2101561148678452,
            1.3472562139596045,
            1.3028200864719746,
            1.3088859775732282,
            1.2257107383665637,
            1.2217389859044618,
            1.2501494161422517,
            1.2913714331166166,
            1.3114843018898046,
            1.3439502842395246,
            0.7743422858215465,
            0.3681259116677386,
            0.2765944762089637,
            0.28195591590382574,
            0.27269791735064586,
            0.2684926435503878,
            0.27396133822612173,
            0.11560960578302787,
            0.14240799768358592,
            0.14243218766507504,
            0.04602938819721382,
            0.0408434928028654,
            0.0,
            1.0481938830306445,
            1.051496244351636,
            2.2724067372994403
        ],
        [
            1.1248424401453883,
            1.1248211005720847,
            1.121922529866302,
            1.2127179118100082,
            1.040848679461168,
            1.0452995096035151,
            1.0475676716095585,
            1.0509411474538102,
            1.0509872316718698,
            1.0193248214514228,
            1.156424920543182,
            1.111988793055552,
            1.1180546841568058,
            1.0348794449501413,
            1.0309076924880394,
            1.0593181227258293,
            1.1005401397001942,
            1.1206530084733821,
            1.153118990823102,
            0.7585530916302039,
            1.039483177832645,
            1.0860378102051815,
            1.0913992499000436,
            1.0821412513468638,
            1.0779359775466058,
            1.0834046722223396,
            1.044214701977173,
            1.0710130938777311,
            1.0710372838592201,
            1.0199973552324475,
            1.014811459838099,
            1.0481938830306445,
            0.0,
            0.04541503141955461,
            2.081575443883018
        ],
        [
            1.1281448014663797,
            1.1281234618930762,
            1.1252248911872935,
            1.2160202731309997,
            1.0441510407821595,
            1.0486018709245066,
            1.05087003293055,
            1.0542435087748017,
            1.0542895929928613,
            1.0226271827724143,
            1.1597272818641735,
            1.1152911543765436,
            1.1213570454777972,
            1.0381818062711328,
            1.0342100538090309,
            1.0626204840468207,
            1.1038425010211856,
            1.1239553697943736,
            1.1564213521440936,
            0.7618554529511953,
            1.0427855391536363,
            1.0893401715261728,
            1.0947016112210348,
            1.0854436126678553,
            1.081238338867597,
            1.0867070335433309,
            1.0475170632981645,
            1.0743154551987226,
            1.0743396451802116,
            1.023299716553439,
            1.0181138211590905,
            1.051496244351636,
            0.04541503141955461,
            0.0,
            2.0848778052040093
        ],
        [
            1.9441037444866458,
            1.9440824049133427,
            1.94118383420756,
            2.031979216151266,
            1.8601099838024258,
            1.864560813944773,
