{
    "NEXUS_FILE_URL": "http://purl.org/phylo/treebase/phylows/study/TB2:S12173",
    "NEWICK_TREE": "(((((1:0.017132,(((8:0.001376,9:0.002066):0.037566,(10:0.01666,11:0.010559):0.005556):0.008213,(((12:0.0052,14:0.005292):0.004231,15:0.007242):0.00246,13:0.010083):0.005221):0.002163):0.001374,((((2:0.011755,(((3:0.009208,(6:0.004761,7:6.55E-4):0.004038):4.67E-4,5:0.004299):0.002194,4:0.024386):0.008669):0.002028,16:0.037705):1.5E-4,((((26:0.01723,28:0.017469):9.3E-4,(27:0.001093,29:0.001699):0.012908):0.001735,30:0.012073):0.004793,((43:0.007345,48:0.011868):0.001252,((44:0.00242,(46:8.89E-4,47:3.04E-4):0.001682):0.004418,45:0.007308):0.005194):0.012747):0.00181):0.001883,((((17:0.002845,18:0.004098):0.002326,19:0.007534):0.013795,(((((35:0.002143,36:0.001824):0.001674,42:0.003579):1.23E-4,(38:0.002514,39:0.002532):0.002262):3.83E-4,(40:0.005997,41:0.011146):4.77E-4):0.011273,37:0.019763):0.001645):6.74E-4,((32:0.01706,34:0.052046):0.006777,33:0.032737):0.001192):0.0026):0.001095):0.002797,((((20:0.006111,22:0.006105):0.005765,23:0.008699):0.002571,21:0.015779):0.016359,(25:0.018627,49:0.008975):0.001737):0.004386):0.005053,50:0.0165):0.004463,24:0.011443,31:0.04336);",
    "DISTANCE_MATRIX": [
        [
            0.0,
            0.06645000000000001,
            0.06714,
            0.049724,
            0.043623,
            0.036407,
            0.036499000000000004,
            0.034218,
            0.034599000000000005,
            0.035417000000000004,
            0.0442,
            0.043791,
            0.039685,
            0.038824,
            0.056717000000000004,
            0.059339,
            0.047982,
            0.048221,
            0.043823,
            0.044428999999999996,
            0.04016,
            0.044638,
            0.049160999999999996,
            0.048073000000000005,
            0.048224,
            0.047639,
            0.048543,
            0.041841,
            0.043094,
            0.044204,
            0.040116,
            0.039797,
            0.039878000000000004,
            0.040952,
            0.04097,
            0.042267,
            0.047416,
            0.044283,
            0.047229999999999994,
            0.08221600000000001,
            0.05613,
            0.056495000000000004,
            0.056489000000000004,
            0.053318000000000004,
            0.057827,
            0.046053000000000004,
            0.036401,
            0.042856000000000005,
            0.04226200000000001,
            0.07417900000000001
        ],
        [
            0.06645000000000001,
            0.0,
            0.003442,
            0.061158000000000004,
            0.05505700000000001,
            0.064267,
            0.064359,
            0.062078,
            0.062459,
            0.067603,
            0.076386,
            0.075977,
            0.071871,
            0.07101,
            0.08890300000000001,
            0.091525,
            0.080168,
            0.08040699999999999,
            0.076009,
            0.076615,
            0.072346,
            0.076824,
            0.081347,
            0.080259,
            0.08041,
            0.079825,
            0.080729,
            0.07402700000000001,
            0.07528,
            0.07639,
            0.072302,
            0.07198299999999999,
            0.072064,
            0.07313800000000001,
            0.073156,
            0.07445299999999999,
            0.079602,
            0.07646900000000001,
            0.07941599999999999,
            0.114402,
            0.088316,
            0.08868100000000001,
            0.088675,
            0.085504,
            0.09001300000000001,
            0.078239,
            0.06858700000000001,
            0.075042,
            0.074448,
            0.10636500000000002
        ],
        [
            0.06714,
            0.003442,
            0.0,
            0.061848,
            0.055747000000000005,
            0.064957,
            0.065049,
            0.062768,
            0.063149,
            0.06829299999999999,
            0.07707599999999999,
            0.076667,
            0.072561,
            0.0717,
            0.089593,
            0.09221499999999999,
            0.080858,
            0.08109699999999999,
            0.07669899999999999,
            0.077305,
            0.07303599999999999,
            0.077514,
            0.082037,
            0.080949,
            0.08109999999999999,
            0.08051499999999999,
            0.08141899999999999,
            0.074717,
            0.07597,
            0.07708,
            0.072992,
            0.07267299999999999,
            0.072754,
            0.073828,
            0.073846,
            0.07514299999999999,
            0.080292,
            0.077159,
            0.08010599999999998,
            0.115092,
            0.089006,
            0.089371,
            0.089365,
            0.08619399999999999,
            0.090703,
            0.078929,
            0.069277,
            0.075732,
            0.075138,
            0.10705500000000001
        ],
        [
            0.049724,
            0.061158000000000004,
            0.061848,
            0.0,
            0.027219,
            0.047541,
            0.047632999999999995,
            0.045351999999999996,
            0.045732999999999996,
            0.05087699999999999,
            0.05965999999999999,
            0.059251,
            0.055145,
            0.054284,
            0.07217699999999999,
            0.074799,
            0.063442,
            0.06368099999999999,
            0.05928299999999999,
            0.059889,
            0.05561999999999999,
            0.060098,
            0.064621,
            0.06353299999999999,
            0.06368399999999999,
            0.06309899999999999,
            0.06400299999999999,
            0.057301,
            0.058553999999999995,
            0.059663999999999995,
            0.05557599999999999,
            0.055256999999999994,
            0.055338,
            0.056412,
            0.056429999999999994,
            0.057726999999999994,
            0.06287599999999999,
            0.059743,
            0.06269,
            0.097676,
            0.07158999999999999,
            0.07195499999999999,
            0.071949,
            0.068778,
            0.07328699999999999,
            0.061513,
            0.051861,
            0.058316,
            0.057722,
            0.089639
        ],
        [
            0.043623,
            0.05505700000000001,
            0.055747000000000005,
            0.027219,
            0.0,
            0.041440000000000005,
            0.041532,
            0.039251,
            0.039632,
            0.044775999999999996,
            0.053558999999999996,
            0.05315,
            0.049044000000000004,
            0.048183000000000004,
            0.066076,
            0.06869800000000001,
            0.057341,
            0.05757999999999999,
            0.05318199999999999,
            0.053788,
            0.049518999999999994,
            0.053997,
            0.05852,
            0.057432,
            0.057582999999999995,
            0.05699799999999999,
            0.057901999999999995,
            0.0512,
            0.052453,
            0.053563,
            0.049475,
            0.049156,
            0.049237,
            0.050311,
            0.050329,
            0.051626,
            0.056775,
            0.053642,
            0.056588999999999993,
            0.091575,
            0.06548899999999999,
            0.065854,
            0.065848,
            0.06267700000000001,
            0.067186,
            0.055412,
            0.04576,
            0.052215000000000004,
            0.05162100000000001,
            0.083538
        ],
        [
            0.036407,
            0.064267,
            0.064957,
            0.047541,
            0.041440000000000005,
            0.0,
            0.010492,
            0.016673,
            0.021974,
            0.037559999999999996,
            0.046342999999999995,
            0.045934,
            0.041828000000000004,
            0.040967,
            0.05886,
            0.061482,
            0.050125,
            0.05036399999999999,
            0.04596599999999999,
            0.046572,
            0.04230299999999999,
            0.046781,
            0.051304,
            0.050216,
            0.050366999999999995,
            0.04978199999999999,
            0.050685999999999995,
            0.043984,
            0.045237,
            0.046347,
            0.042259,
            0.04194,
            0.042021,
            0.043095,
            0.043113,
            0.04441,
            0.049559,
            0.046426,
            0.04937299999999999,
            0.084359,
            0.058273,
            0.058638,
            0.058632000000000004,
            0.055461,
            0.05997,
            0.048196,
            0.038544,
            0.044999000000000004,
            0.04440500000000001,
            0.076322
        ],
        [
            0.036499000000000004,
            0.064359,
            0.065049,
            0.047632999999999995,
            0.041532,
            0.010492,
            0.0,
            0.016765000000000002,
            0.022066000000000002,
            0.037652000000000005,
            0.046435000000000004,
            0.046026,
            0.04192,
            0.041059,
            0.058952000000000004,
            0.061574000000000004,
            0.050217,
            0.050456,
            0.046058,
            0.046664,
            0.042395,
            0.046873,
            0.051396,
            0.050308000000000005,
            0.050459000000000004,
            0.049874,
            0.050778000000000004,
            0.044076000000000004,
            0.045329,
            0.046439,
            0.042351,
            0.042032,
            0.042113000000000005,
            0.043187,
            0.043205,
            0.044502,
            0.049651,
            0.046518000000000004,
            0.049464999999999995,
            0.084451,
            0.058365,
            0.058730000000000004,
            0.058724000000000005,
            0.055553000000000005,
            0.060062000000000004,
            0.048288000000000005,
            0.038636000000000004,
            0.045091000000000006,
            0.04449700000000001,
            0.07641400000000001
        ],
        [
            0.034218,
            0.062078,
            0.062768,
            0.045351999999999996,
            0.039251,
            0.016673,
            0.016765000000000002,
            0.0,
            0.019785,
            0.035371,
            0.044154,
            0.043745,
            0.039639,
            0.038778,
            0.056671,
            0.059293,
            0.047936,
            0.048174999999999996,
            0.043776999999999996,
            0.044383,
            0.040114,
            0.044592,
            0.049115,
            0.048027,
            0.048178,
            0.047592999999999996,
            0.048497,
            0.041795,
            0.043048,
            0.044158,
            0.040069999999999995,
            0.039750999999999995,
            0.039832000000000006,
            0.040906,
            0.040924,
            0.042220999999999995,
            0.047369999999999995,
            0.044237,
            0.04718399999999999,
            0.08217,
            0.056083999999999995,
            0.056449,
            0.05644300000000001,
            0.053272,
            0.057781,
            0.046007000000000006,
            0.036355,
            0.04281,
            0.042216000000000004,
            0.074133
        ],
        [
            0.034599000000000005,
            0.062459,
            0.063149,
            0.045732999999999996,
            0.039632,
            0.021974,
            0.022066000000000002,
            0.019785,
            0.0,
            0.035752,
            0.044535,
            0.044126,
            0.04002,
            0.039159,
            0.057052000000000005,
            0.059674000000000005,
            0.048317,
            0.048555999999999995,
            0.044157999999999996,
            0.044764,
            0.040494999999999996,
            0.044973,
            0.049496,
            0.048408,
            0.048559,
            0.047973999999999996,
            0.048878,
            0.042176000000000005,
            0.043428999999999995,
            0.044538999999999995,
            0.040451,
            0.040132,
            0.040213,
            0.041287000000000004,
            0.041304999999999994,
            0.042602,
            0.047751,
            0.044618000000000005,
            0.047564999999999996,
            0.082551,
            0.056465,
            0.056830000000000006,
            0.056824,
            0.053653000000000006,
            0.058162000000000005,
            0.046388,
            0.036736000000000005,
            0.043191,
            0.042597,
            0.074514
        ],
        [
            0.035417000000000004,
            0.067603,
            0.06829299999999999,
            0.05087699999999999,
            0.044775999999999996,
            0.037559999999999996,
            0.037652000000000005,
            0.035371,
            0.035752,
            0.0,
            0.032293,
            0.031884,
            0.027778000000000004,
            0.026917,
            0.04481,
            0.051488000000000006,
            0.040431,
            0.04067,
            0.036272,
            0.036878,
            0.032609,
            0.037087,
            0.04161,
            0.040522,
            0.040673,
            0.040088,
            0.040992,
            0.038056000000000006,
            0.039309,
            0.040419,
            0.036331,
            0.036012,
            0.036093,
            0.037167000000000006,
            0.037184999999999996,
            0.038482,
            0.043631,
            0.040498000000000006,
            0.043445,
            0.078431,
            0.052345,
            0.054900000000000004,
            0.054894,
            0.051723000000000005,
            0.056232000000000004,
            0.044458,
            0.034806000000000004,
            0.041261,
            0.040667,
            0.07258400000000001
        ],
        [
            0.0442,
            0.076386,
            0.07707599999999999,
            0.05965999999999999,
            0.053558999999999996,
            0.046342999999999995,
            0.046435000000000004,
            0.044154,
            0.044535,
            0.032293,
            0.0,
            0.018007,
            0.013901,
            0.013974,
            0.036255,
            0.060271000000000005,
            0.049214,
            0.049453,
            0.045055,
            0.045661,
            0.041392,
            0.04587,
            0.050393,
            0.049305,
            0.049456,
            0.048871,
            0.049775,
            0.046839000000000006,
            0.048091999999999996,
            0.049201999999999996,
            0.045114,
            0.044795,
            0.044876,
            0.045950000000000005,
            0.045967999999999995,
            0.047265,
            0.052414,
            0.049281000000000005,
            0.052228,
            0.087214,
            0.061128,
            0.063683,
            0.063677,
            0.060506000000000004,
            0.065015,
            0.053241,
            0.043589,
            0.050044,
            0.04945,
            0.081367
        ],
        [
            0.043791,
            0.075977,
            0.076667,
            0.059251,
            0.05315,
            0.045934,
            0.046026,
            0.043745,
            0.044126,
            0.031884,
            0.018007,
            0.0,
            0.005416,
            0.013565,
            0.035846,
            0.059862,
            0.048805,
            0.049044,
            0.044646,
            0.045252,
            0.040983,
            0.045461,
            0.049984,
            0.048896,
            0.049047,
            0.048462,
            0.049366,
            0.04643,
            0.047683,
            0.048793,
            0.044704999999999995,
            0.044385999999999995,
            0.044467000000000007,
            0.045541,
            0.045559,
            0.046855999999999995,
            0.052004999999999996,
            0.048872,
            0.05181899999999999,
            0.08680500000000001,
            0.060718999999999995,
            0.063274,
            0.063268,
            0.060097,
            0.064606,
            0.052832000000000004,
            0.043179999999999996,
            0.049635,
            0.049041,
            0.080958
        ],
        [
            0.039685,
            0.071871,
            0.072561,
            0.055145,
            0.049044000000000004,
            0.041828000000000004,
            0.04192,
            0.039639,
            0.04002,
            0.027778000000000004,
            0.013901,
            0.005416,
            0.0,
            0.009459,
            0.031740000000000004,
            0.055756,
            0.044699,
            0.044938,
            0.04054,
            0.041146,
            0.036877,
            0.041355,
            0.045878,
            0.04479,
            0.044941,
            0.044356,
            0.04526,
            0.042324,
            0.043577000000000005,
            0.044687000000000004,
            0.040598999999999996,
            0.040279999999999996,
            0.04036100000000001,
            0.041435,
            0.041453000000000004,
            0.042749999999999996,
            0.047899,
            0.044766,
            0.04771299999999999,
            0.08269900000000001,
            0.056613,
            0.059168,
            0.059162000000000006,
            0.055991,
            0.0605,
            0.048726000000000005,
            0.039074,
            0.045529,
            0.044935,
            0.076852
        ],
        [
            0.038824,
            0.07101,
            0.0717,
            0.054284,
            0.048183000000000004,
            0.040967,
            0.041059,
            0.038778,
            0.039159,
            0.026917,
            0.013974,
            0.013565,
            0.009459,
            0.0,
            0.030879000000000004,
            0.054895,
            0.043838,
            0.044077,
            0.039679,
            0.040285,
            0.036016,
            0.040494,
            0.045017,
            0.043929,
            0.04408,
            0.043495,
            0.044399,
            0.041463,
            0.042716000000000004,
            0.043826000000000004,
            0.039737999999999996,
            0.039418999999999996,
            0.03950000000000001,
            0.040574,
            0.040592,
            0.041888999999999996,
            0.047037999999999996,
            0.043905,
            0.04685199999999999,
            0.08183800000000001,
            0.055751999999999996,
            0.058307,
            0.058301000000000006,
            0.05513,
            0.059639,
            0.047865000000000005,
            0.038213,
            0.044668,
            0.044074,
            0.075991
        ],
        [
            0.056717000000000004,
            0.08890300000000001,
            0.089593,
            0.07217699999999999,
            0.066076,
            0.05886,
            0.058952000000000004,
            0.056671,
            0.057052000000000005,
            0.04481,
            0.036255,
            0.035846,
            0.031740000000000004,
            0.030879000000000004,
            0.0,
            0.072788,
            0.061731,
            0.06197,
            0.057572,
            0.058178,
            0.053909,
            0.058387,
            0.06291,
            0.061822,
            0.061973,
            0.061388,
            0.062292,
            0.059356000000000006,
            0.060609,
            0.061719,
            0.057631,
            0.057312,
            0.057393000000000007,
            0.058467000000000005,
            0.058485,
            0.059782,
            0.064931,
            0.061798000000000006,
            0.064745,
            0.09973100000000001,
            0.073645,
            0.0762,
            0.07619400000000001,
            0.073023,
            0.077532,
            0.06575800000000001,
            0.056106,
            0.062561,
            0.06196700000000001,
            0.09388400000000001
        ],
        [
            0.059339,
            0.091525,
            0.09221499999999999,
            0.074799,
            0.06869800000000001,
            0.061482,
            0.061574000000000004,
            0.059293,
            0.059674000000000005,
            0.051488000000000006,
            0.060271000000000005,
            0.059862,
            0.055756,
            0.054895,
            0.072788,
            0.0,
            0.064353,
            0.064592,
            0.060194,
            0.0608,
            0.056531,
            0.061009,
            0.065532,
            0.064444,
            0.064595,
            0.06401,
            0.064914,
            0.061978000000000005,
            0.06323100000000001,
            0.06434100000000001,
            0.060253,
            0.059934,
            0.060015000000000006,
            0.061089000000000004,
            0.061107,
            0.062404,
            0.067553,
            0.06442,
            0.067367,
            0.102353,
            0.076267,
            0.078822,
            0.078816,
            0.075645,
            0.080154,
            0.06838,
            0.058728,
            0.065183,
            0.06458900000000001,
            0.09650600000000001
        ],
        [
            0.047982,
            0.080168,
            0.080858,
            0.063442,
            0.057341,
            0.050125,
            0.050217,
            0.047936,
            0.048317,
            0.040431,
            0.049214,
            0.048805,
            0.044699,
            0.043838,
            0.061731,
            0.064353,
            0.0,
            0.034698999999999994,
            0.032160999999999995,
            0.032767,
            0.031967999999999996,
            0.046032000000000003,
            0.050555,
            0.049467000000000004,
            0.049618,
            0.049033,
            0.049937,
            0.050621,
            0.051874,
            0.052984,
            0.048895999999999995,
            0.048576999999999995,
            0.04865800000000001,
            0.049732,
            0.04975,
            0.051046999999999995,
            0.056195999999999996,
            0.053063,
            0.05600999999999999,
            0.09099600000000001,
            0.06491,
            0.067465,
            0.06745899999999999,
            0.064288,
            0.068797,
            0.057023,
            0.047370999999999996,
            0.053826,
            0.053232,
            0.085149
        ],
        [
            0.048221,
            0.08040699999999999,
            0.08109699999999999,
            0.06368099999999999,
            0.05757999999999999,
            0.05036399999999999,
            0.050456,
            0.048174999999999996,
            0.048555999999999995,
            0.04067,
            0.049453,
            0.049044,
            0.044938,
            0.044077,
            0.06197,
            0.064592,
            0.034698999999999994,
            0.0,
            0.0324,
            0.033005999999999994,
            0.032207,
            0.046271,
            0.050794,
            0.049706,
            0.049857,
            0.049271999999999996,
            0.050176,
            0.05086,
            0.05211299999999999,
            0.05322299999999999,
            0.049135,
            0.048816,
            0.048896999999999996,
            0.049971,
            0.04998899999999999,
            0.051286,
            0.056435,
            0.053302,
            0.05624899999999999,
            0.091235,
            0.065149,
            0.06770399999999999,
            0.067698,
            0.064527,
            0.06903599999999999,
            0.05726199999999999,
            0.04760999999999999,
            0.054064999999999995,
            0.053471,
            0.08538799999999999
        ],
        [
            0.043823,
            0.076009,
            0.07669899999999999,
            0.05928299999999999,
            0.05318199999999999,
            0.04596599999999999,
            0.046058,
            0.043776999999999996,
            0.044157999999999996,
            0.036272,
            0.045055,
            0.044646,
            0.04054,
            0.039679,
            0.057572,
            0.060194,
            0.032160999999999995,
            0.0324,
            0.0,
            0.002792,
            0.027809,
            0.041873,
            0.046396,
            0.045308,
            0.045459,
            0.044874,
            0.045778,
            0.046462,
            0.047714999999999994,
            0.04882499999999999,
            0.044737,
            0.044418,
            0.044499,
            0.045573,
            0.04559099999999999,
            0.046888,
            0.052037,
            0.048904,
            0.051850999999999994,
            0.086837,
            0.060751,
            0.063306,
            0.0633,
            0.060129,
            0.064638,
            0.052863999999999994,
            0.043212,
            0.049666999999999996,
            0.049073,
            0.08099
        ],
        [
            0.044428999999999996,
            0.076615,
            0.077305,
            0.059889,
            0.053788,
            0.046572,
            0.046664,
            0.044383,
            0.044764,
            0.036878,
            0.045661,
            0.045252,
            0.041146,
            0.040285,
            0.058178,
            0.0608,
            0.032767,
            0.033005999999999994,
            0.002792,
            0.0,
            0.028415,
            0.042479,
            0.047002,
            0.045914,
            0.046065,
            0.04548,
            0.046384,
            0.047068,
            0.048321,
            0.049431,
            0.045342999999999994,
            0.045023999999999995,
            0.045105000000000006,
            0.046179,
            0.046197,
            0.047493999999999995,
            0.052642999999999995,
            0.04951,
            0.05245699999999999,
            0.087443,
            0.061356999999999995,
            0.063912,
            0.063906,
            0.060735,
            0.065244,
            0.053470000000000004,
            0.043817999999999996,
            0.050273,
            0.049679,
            0.081596
        ],
        [
            0.04016,
            0.072346,
            0.07303599999999999,
            0.05561999999999999,
            0.049518999999999994,
            0.04230299999999999,
            0.042395,
            0.040114,
            0.040494999999999996,
            0.032609,
            0.041392,
            0.040983,
            0.036877,
            0.036016,
            0.053909,
            0.056531,
            0.031967999999999996,
            0.032207,
            0.027809,
            0.028415,
            0.0,
            0.03821,
            0.042733,
            0.041645,
            0.041796,
            0.041211,
            0.042115,
            0.042799000000000004,
            0.044051999999999994,
            0.045161999999999994,
            0.041074,
            0.040755,
            0.040836,
            0.04191,
            0.04192799999999999,
            0.043225,
            0.048374,
            0.045241,
            0.048187999999999995,
            0.083174,
            0.057088,
            0.059643,
            0.059636999999999996,
            0.056466,
            0.060975,
            0.049200999999999995,
            0.039549,
            0.046003999999999996,
            0.04541,
            0.077327
        ],
        [
            0.044638,
            0.076824,
            0.077514,
            0.060098,
            0.053997,
            0.046781,
            0.046873,
            0.044592,
            0.044973,
            0.037087,
            0.04587,
            0.045461,
            0.041355,
            0.040494,
            0.058387,
            0.061009,
            0.046032000000000003,
            0.046271,
            0.041873,
            0.042479,
            0.03821,
            0.0,
            0.019213,
            0.020629,
            0.02078,
            0.020195,
            0.021099,
            0.047277,
            0.048530000000000004,
            0.049640000000000004,
            0.045551999999999995,
            0.045232999999999995,
            0.04531400000000001,
            0.046388,
            0.046406,
            0.047702999999999995,
            0.052851999999999996,
            0.049719,
            0.05266599999999999,
            0.08765200000000001,
            0.061565999999999996,
            0.064121,
            0.064115,
            0.060944,
            0.065453,
            0.053679000000000004,
            0.044027,
            0.050482,
            0.049888,
            0.081805
        ],
        [
            0.049160999999999996,
            0.081347,
            0.082037,
            0.064621,
            0.05852,
            0.051304,
            0.051396,
            0.049115,
            0.049496,
            0.04161,
            0.050393,
            0.049984,
            0.045878,
            0.045017,
            0.06291,
            0.065532,
            0.050555,
            0.050794,
            0.046396,
            0.047002,
            0.042733,
            0.019213,
            0.0,
            0.025152,
            0.025303,
            0.024718,
            0.025622,
            0.0518,
            0.053053,
            0.054163,
            0.050074999999999995,
            0.049755999999999995,
            0.049837000000000006,
            0.050911,
            0.050929,
            0.052225999999999995,
            0.057374999999999995,
            0.054242,
            0.05718899999999999,
            0.092175,
            0.066089,
            0.068644,
            0.068638,
            0.065467,
            0.069976,
            0.058202,
            0.048549999999999996,
            0.055005,
            0.054411,
            0.086328
        ],
        [
            0.048073000000000005,
            0.080259,
            0.080949,
            0.06353299999999999,
            0.057432,
            0.050216,
            0.050308000000000005,
            0.048027,
            0.048408,
            0.040522,
            0.049305,
            0.048896,
            0.04479,
            0.043929,
            0.061822,
            0.064444,
            0.049467000000000004,
            0.049706,
            0.045308,
            0.045914,
            0.041645,
            0.020629,
            0.025152,
            0.0,
            0.004991,
            0.004406,
            0.014146,
            0.05071200000000001,
            0.051965,
            0.053075,
            0.048987,
            0.048668,
            0.048749,
            0.049823000000000006,
            0.049840999999999996,
            0.051138,
            0.056287000000000004,
            0.05315400000000001,
            0.056101,
            0.091087,
            0.065001,
            0.067556,
            0.06755,
            0.06437899999999999,
            0.068888,
            0.057114,
            0.047462,
            0.053917,
            0.053323,
            0.08524000000000001
        ],
        [
            0.048224,
            0.08041,
            0.08109999999999999,
            0.06368399999999999,
            0.057582999999999995,
            0.050366999999999995,
            0.050459000000000004,
            0.048178,
            0.048559,
            0.040673,
            0.049456,
            0.049047,
            0.044941,
            0.04408,
            0.061973,
            0.064595,
            0.049618,
            0.049857,
            0.045459,
            0.046065,
            0.041796,
            0.02078,
            0.025303,
            0.004991,
            0.0,
            0.001193,
            0.014297,
            0.050863000000000005,
            0.052115999999999996,
            0.053225999999999996,
            0.049138,
            0.048819,
            0.0489,
            0.049974000000000005,
            0.049991999999999995,
            0.051289,
            0.056438,
            0.053305000000000005,
            0.056251999999999996,
            0.091238,
            0.065152,
            0.06770699999999999,
            0.067701,
            0.06453,
            0.06903899999999999,
            0.057264999999999996,
            0.047612999999999996,
            0.054068,
            0.053474,
            0.085391
        ],
        [
            0.047639,
            0.079825,
            0.08051499999999999,
            0.06309899999999999,
            0.05699799999999999,
            0.04978199999999999,
            0.049874,
            0.047592999999999996,
            0.047973999999999996,
            0.040088,
            0.048871,
            0.048462,
            0.044356,
            0.043495,
            0.061388,
            0.06401,
            0.049033,
            0.049271999999999996,
            0.044874,
            0.04548,
            0.041211,
            0.020195,
            0.024718,
            0.004406,
            0.001193,
            0.0,
            0.013712,
            0.050278,
            0.051530999999999993,
            0.05264099999999999,
            0.048553,
            0.048234,
            0.048315,
            0.049389,
            0.04940699999999999,
            0.050704,
            0.055853,
            0.05272,
            0.055666999999999994,
            0.090653,
            0.064567,
            0.06712199999999999,
            0.067116,
            0.063945,
            0.06845399999999999,
            0.056679999999999994,
            0.04702799999999999,
            0.053482999999999996,
            0.052889,
            0.08480599999999999
        ],
        [
            0.048543,
            0.080729,
            0.08141899999999999,
            0.06400299999999999,
            0.057901999999999995,
            0.050685999999999995,
            0.050778000000000004,
            0.048497,
            0.048878,
            0.040992,
            0.049775,
            0.049366,
            0.04526,
            0.044399,
            0.062292,
            0.064914,
            0.049937,
            0.050176,
            0.045778,
            0.046384,
            0.042115,
            0.021099,
            0.025622,
            0.014146,
            0.014297,
            0.013712,
            0.0,
            0.051182000000000005,
            0.052434999999999996,
            0.053544999999999995,
            0.049457,
            0.049138,
            0.049219,
            0.050293000000000004,
            0.050310999999999995,
            0.051608,
            0.056757,
            0.053624000000000005,
            0.056570999999999996,
            0.091557,
            0.065471,
            0.068026,
            0.06802,
            0.06484899999999999,
            0.069358,
            0.057583999999999996,
            0.047931999999999995,
            0.054387,
            0.053793,
            0.08571000000000001
        ],
        [
            0.041841,
            0.07402700000000001,
            0.074717,
            0.057301,
            0.0512,
            0.043984,
            0.044076000000000004,
            0.041795,
            0.042176000000000005,
            0.038056000000000006,
            0.046839000000000006,
            0.04643,
            0.042324,
            0.041463,
            0.059356000000000006,
            0.061978000000000005,
            0.050621,
            0.05086,
            0.046462,
            0.047068,
            0.042799000000000004,
            0.047277,
            0.0518,
            0.05071200000000001,
            0.050863000000000005,
            0.050278,
            0.051182000000000005,
            0.0,
            0.0069429999999999995,
            0.012705000000000001,
            0.036207,
            0.035888,
            0.035969,
            0.037043000000000006,
            0.037061,
            0.038358,
            0.043507000000000004,
            0.040374,
            0.044669,
            0.079655,
            0.053569000000000006,
            0.061324000000000004,
            0.061318000000000004,
            0.058147000000000004,
            0.062656,
            0.050882000000000004,
            0.04123,
            0.047685000000000005,
            0.04709100000000001,
            0.07900800000000001
        ],
        [
            0.043094,
            0.07528,
            0.07597,
            0.058553999999999995,
            0.052453,
            0.045237,
            0.045329,
            0.043048,
            0.043428999999999995,
            0.039309,
            0.048091999999999996,
            0.047683,
            0.043577000000000005,
            0.042716000000000004,
            0.060609,
            0.06323100000000001,
            0.051874,
            0.05211299999999999,
            0.047714999999999994,
            0.048321,
            0.044051999999999994,
            0.048530000000000004,
            0.053053,
            0.051965,
            0.052115999999999996,
            0.051530999999999993,
            0.052434999999999996,
            0.0069429999999999995,
            0.0,
            0.013958,
            0.03746,
            0.037141,
            0.037222000000000005,
            0.038296000000000004,
            0.038314,
            0.039611,
            0.04476,
            0.041627,
            0.045922,
            0.08090800000000001,
            0.054822,
            0.062577,
            0.062571,
            0.0594,
            0.063909,
            0.052135,
            0.042483,
            0.048938,
            0.048344000000000005,
            0.080261
        ],
        [
            0.044204,
            0.07639,
            0.07708,
            0.059663999999999995,
            0.053563,
            0.046347,
            0.046439,
            0.044158,
            0.044538999999999995,
            0.040419,
            0.049201999999999996,
            0.048793,
            0.044687000000000004,
            0.043826000000000004,
            0.061719,
            0.06434100000000001,
            0.052984,
            0.05322299999999999,
            0.04882499999999999,
            0.049431,
            0.045161999999999994,
            0.049640000000000004,
            0.054163,
            0.053075,
            0.053225999999999996,
            0.05264099999999999,
            0.053544999999999995,
            0.012705000000000001,
            0.013958,
            0.0,
            0.03857,
            0.038251,
            0.038332000000000005,
            0.039406000000000004,
            0.039424,
            0.040721,
            0.04587,
            0.042737,
            0.047032,
            0.08201800000000001,
            0.055932,
            0.063687,
            0.063681,
            0.06051,
            0.065019,
            0.053245,
            0.043593,
