{
    "NEXUS_FILE_URL": "http://purl.org/phylo/treebase/phylows/study/TB2:S12493",
    "NEWICK_TREE": "((((((((((((((((3:0.007705778249106399,4:0.03832016905174607):0.03201494429541463,12:0.16386601149244512):0.010183109782517352,5:0.0207154704231447):0.029717444917666702,((47:0.014861109136611261,48:0.019559331891129073):0.07547433888631655,19:0.25255478651385455):0.023404818268811134):0.02551613841809719,(33:0.10505452500819457,10:0.11837502738255268):0.01026241002928363):0.00869632700148626,((11:0.0072506909005074505,45:0.017187599852362512):0.04711903072531831,20:0.2688618753369687):0.02802742777792777):0.007919387673134382,54:0.06885925543783611):0.009413319570097056,(((53:0.04099542601659956,52:0.026481931446231233):0.046117120141226375,(25:0.04285478680849841,22:0.02205980824231568):0.011594836229010808):0.010748680210117878,40:0.024438182490821192):0.05662232578919124):0.002828354225130947,(16:0.004239753895681986,17:0.004592466276743701):0.054844748068504146):0.0031666808327897034,((((((((46:0.0190071050042937,14:0.015180793201824416):0.004718589972002807,39:0.01174505802600101):0.019078184004040266,13:0.2477959196675264):0.014456429003423699,(49:0.0026664950412567112,50:0.012148655541194375):0.014500763527327765):0.01689037853976727,36:0.041864974140643385):0.005439839159926962,9:0.049822092484766434):0.0038739387943856896,37:0.13018387941876985):0.003907788465201456,((((41:0.0028279714652648114,44:0.009229573357462217):0.039353071170867615,43:0.02682824988623378):0.016785623221503787,42:0.10868222519863269):0.004224141743364274,1:0.0537447533826787):0.007147102954982221):0.002835650190234462):0.0038885420561712847,(((((23:0.027822520732304068,32:0.052614259150819076):0.016044546285984618,(24:0.06802824407869945,21:0.02826906458666978):0.008124434557147953):0.006933076596382093,51:0.08075054879327137):0.019569610256559233,((6:0.0872911247110505,7:0.026721497625719626):0.1580762695315251,8:0.12057801248153832):0.02879789941507327):0.003789394618757158,(((28:0.01817695810439146,29:0.023551191074521305):0.03254522095260448,30:0.0665210055482095):0.021969795207298803,(34:0.17608363028391422,2:0.07789635605120149):0.012548310300655507):0.008092894591743671):0.004344830237916764):0.026059284222622492,(27:0.08515804429616225,31:0.14844239408511117):0.01405226566089346):0.03678666206335168,26:0.19611414053066567):0.01774945085775259,35:0.3615952869605697):0.034965372694078845,38:0.3917309990512935):0.036148307533641504,(((56:0.11126276415849023,18:0.15503387957514791):0.06181217950984419,55:0.36811137642661274):0.04980165247835755,15:0.25679349895234627):0.03614830753364152);",
    "DISTANCE_MATRIX": [
        [
            0.0,
            0.046025947300852466,
            0.20358673403696614,
            0.07061930275018308,
            0.19336154353644402,
            0.19805976629096184,
            0.35558088202737076,
            0.22045435070028047,
            0.23377485307463858,
            0.19623089206804206,
            0.20616780101989712,
            0.410723045779185,
            0.19061238577525902,
            0.285650002064655,
            0.2711365074942867,
            0.2529870789443383,
            0.23219210037815557,
            0.2122269581875324,
            0.19307930609683704,
            0.19343201847789876,
            0.22736938809871693,
            0.22354307629624764,
            0.21538875114842143,
            0.43236142878590655,
            0.18727633868354093,
            0.1967584991834786,
            0.19508367571583257,
            0.19760095490002866,
            0.2740888030396464,
            0.2103350457116578,
            0.2167366476038552,
            0.19498225296175914,
            0.26005060505265426,
            0.200888991493336,
            0.21955400574951583,
            0.24434574416803084,
            0.25183961736707455,
            0.21208043787504488,
            0.24950441092811643,
            0.4233495455359347,
            0.3627799184506038,
            0.2985601637748974,
            0.22617972611556708,
            0.23155395908569693,
            0.24197855260678064,
            0.34211969243584206,
            0.24393241820312933,
            0.2663196212012901,
            0.329603970990239,
            0.40001011383825175,
            0.5832407111259084,
            0.648341795910711,
            0.5517840080733925,
            0.5955551234900502,
            0.7468204408316708,
            0.5857009108790467
        ],
        [
            0.046025947300852466,
            0.0,
            0.2342011248396058,
            0.10123369355282275,
            0.2239759343390837,
            0.2286741570936015,
            0.3861952728300104,
            0.25106874150292013,
            0.26438924387727825,
            0.22684528287068173,
            0.2367821918225368,
            0.44133743658182467,
            0.2212267765778987,
            0.3162643928672947,
            0.30175089829692636,
            0.283601469746978,
            0.26280649118079524,
            0.24284134899017207,
            0.2236936968994767,
            0.22404640928053843,
            0.2579837789013566,
            0.2541574670988873,
            0.2460031419510611,
            0.4629758195885462,
            0.2178907294861806,
            0.22737288998611827,
            0.22569806651847224,
            0.22821534570266833,
            0.30470319384228606,
            0.24094943651429745,
            0.24735103840649486,
            0.2255966437643988,
            0.29066499585529393,
            0.23150338229597567,
            0.2501683965521555,
            0.2749601349706705,
            0.2824540081697142,
            0.24269482867768455,
            0.2801188017307561,
            0.45396393633857435,
            0.3933943092532435,
            0.3291745545775371,
            0.25679411691820675,
            0.2621683498883366,
            0.2725929434094203,
            0.37273408323848173,
            0.274546809005769,
            0.29693401200392977,
            0.3602183617928787,
            0.4306245046408914,
            0.6138551019285481,
            0.6789561867133507,
            0.5823983988760322,
            0.6261695142926899,
            0.7774348316343105,
            0.6163153016816865
        ],
        [
            0.20358673403696614,
            0.2342011248396058,
            0.0,
            0.19476459169810717,
            0.3175068324843681,
            0.32220505523888593,
            0.47972617097529485,
            0.34459963964820456,
            0.35792014202256267,
            0.32037618101596615,
            0.3303130899678212,
            0.534868334727109,
            0.3147576747231831,
            0.4097952910125791,
            0.3952817964422108,
            0.3771323678922624,
            0.35633738932607967,
            0.3363722471354565,
            0.31722459504476114,
            0.31757730742582285,
            0.351514677046641,
            0.34768836524417174,
            0.3395340400963455,
            0.5565067177338306,
            0.311421627631465,
            0.3209037881314027,
            0.31922896466375666,
            0.32174624384795275,
            0.3982340919875705,
            0.3344803346595819,
            0.3408819365517793,
            0.31912754190968323,
            0.38419589400057835,
            0.3250342804412601,
            0.3436992946974399,
            0.36849103311595494,
            0.37598490631499865,
            0.336225726822969,
            0.3736496998760405,
            0.5474948344838588,
            0.4869252073985279,
            0.4227054527228215,
            0.3503250150634912,
            0.355699248033621,
            0.36612384155470473,
            0.46626498138376615,
            0.3680777071510534,
            0.3904649101492142,
            0.4537492599381631,
            0.5241554027861759,
            0.7073860000738325,
            0.7724870848586352,
            0.6759292970213167,
            0.7197004124379742,
            0.870965729779595,
            0.709846199826971
        ],
        [
            0.07061930275018308,
            0.10123369355282275,
            0.19476459169810717,
            0.0,
            0.16417318163255035,
            0.16887140438706816,
            0.3263925201234771,
            0.1912659887963868,
            0.2045864911707449,
            0.16704253016414838,
            0.17697943911600345,
            0.3815346838752913,
            0.16142402387136534,
            0.25646164016076134,
            0.24194814559039302,
            0.22379871704044463,
            0.2030037384742619,
            0.18303859628363872,
            0.16389094419294337,
            0.16424365657400508,
            0.19818102619482325,
            0.19435471439235397,
            0.18620038924452775,
            0.4031730668820129,
            0.15808797677964725,
            0.16757013727958492,
            0.1658953138119389,
            0.16841259299613498,
            0.2449004411357527,
            0.1811466838077641,
            0.18754828569996151,
            0.16579389105786546,
            0.23086224314876058,
            0.17170062958944232,
            0.19036564384562216,
            0.21515738226413716,
            0.22265125546318087,
            0.1828920759711512,
            0.22031604902422275,
            0.394161183632041,
            0.33359155654671013,
            0.26937180187100374,
            0.1969913642116734,
            0.20236559718180325,
            0.21279019070288696,
            0.3129313305319484,
            0.21474405629923565,
            0.23713125929739642,
            0.30041560908634535,
            0.37082175193435807,
            0.5540523492220146,
            0.6191534340068173,
            0.5225956461694988,
            0.5663667615861565,
            0.7176320789277771,
            0.5565125489751531
        ],
        [
            0.19336154353644402,
            0.2239759343390837,
            0.3175068324843681,
            0.16417318163255035,
            0.0,
            0.034420441027740334,
            0.34289023453678236,
            0.25457333974731433,
            0.26789384212167244,
            0.23034988111507593,
            0.240286790066931,
            0.44484203482621887,
            0.22473137482229288,
            0.3197689911116889,
            0.30525549654132056,
            0.28710606799137217,
            0.26631108942518944,
            0.24634594723456626,
            0.2271982951438709,
            0.22755100752493262,
            0.2614883771457508,
            0.2576620653432815,
            0.2495077401954553,
            0.4664804178329404,
            0.2213953277305748,
            0.23087748823051246,
            0.22920266476286644,
            0.23171994394706252,
            0.30820779208668025,
            0.24445403475869165,
            0.25085563665088906,
            0.229101242008793,
            0.2941695940996881,
            0.23500798054036987,
            0.2536729947965497,
            0.2784647332150647,
            0.2859586064141084,
            0.24619942692207875,
            0.2836233999751503,
            0.45746853458296854,
            0.3968989074976377,
            0.3326791528219313,
            0.26029871516260095,
            0.2656729481327308,
            0.2760975416538145,
            0.3762386814828759,
            0.2780514072501632,
            0.30043861024832397,
            0.3637229600372729,
            0.4341291028852856,
            0.6173597001729423,
            0.6824607849577449,
            0.5859029971204264,
            0.629674112537084,
            0.7809394298787047,
            0.6198198999260807
        ],
        [
            0.19805976629096184,
            0.2286741570936015,
            0.32220505523888593,
            0.16887140438706816,
            0.034420441027740334,
            0.0,
            0.34758845729130017,
            0.25927156250183214,
            0.27259206487619025,
            0.23504810386959374,
            0.2449850128214488,
            0.4495402575807367,
            0.2294295975768107,
            0.3244672138662067,
            0.30995371929583837,
            0.29180429074589,
            0.27100931217970725,
            0.2510441699890841,
            0.23189651789838872,
            0.23224923027945044,
            0.2661865999002686,
            0.2623602880977993,
            0.2542059629499731,
            0.47117864058745823,
            0.2260935504850926,
            0.23557571098503027,
            0.23390088751738425,
            0.23641816670158033,
            0.31290601484119807,
            0.24915225751320946,
            0.25555385940540687,
            0.23379946476331082,
            0.29886781685420594,
            0.23970620329488768,
            0.2583712175510675,
            0.2831629559695825,
            0.29065682916862623,
            0.25089764967659656,
            0.2883216227296681,
            0.46216675733748636,
            0.4015971302521555,
            0.3373773755764491,
            0.26499693791711876,
            0.2703711708872486,
            0.2807957644083323,
            0.38093690423739374,
            0.282749630004681,
            0.3051368330028418,
            0.3684211827917907,
            0.4388273256398034,
            0.6220579229274601,
            0.6871590077122627,
            0.5906012198749442,
            0.6343723352916019,
            0.7856376526332225,
            0.6245181226805985
        ],
        [
            0.35558088202737076,
            0.3861952728300104,
            0.47972617097529485,
            0.3263925201234771,
            0.34289023453678236,
            0.34758845729130017,
            0.0,
            0.41679267823824107,
            0.4301131806125992,
            0.39256921960600266,
            0.4025061285578577,
            0.6070613733171456,
            0.3869507133132196,
            0.4819883296026156,
            0.4674748350322473,
            0.4493254064822989,
            0.4285304279161162,
            0.408565285725493,
            0.38941763363479764,
            0.38977034601585936,
            0.42370771563667753,
            0.41988140383420824,
            0.41172707868638203,
            0.6286997563238672,
            0.38361466622150153,
            0.3930968267214392,
            0.39142200325379317,
            0.39393928243798926,
            0.470427130577607,
            0.4066733732496184,
            0.4130749751418158,
            0.39132058049971974,
            0.45638893259061486,
            0.3972273190312966,
            0.41589233328747643,
            0.44068407170599144,
            0.44817794490503515,
            0.4084187654130055,
            0.445842738466077,
            0.6196878730738953,
            0.5591182459885644,
            0.494898491312858,
            0.4225180536535277,
            0.4278922866236575,
            0.43831688014474124,
            0.5384580199738027,
            0.44027074574108993,
            0.4626579487392507,
            0.5259422985281996,
            0.5963484413762123,
            0.779579038663869,
            0.8446801234486716,
            0.7481223356113531,
            0.7918934510280108,
            0.9431587683696314,
            0.7820392384170074
        ],
        [
            0.22045435070028047,
            0.25106874150292013,
            0.34459963964820456,
            0.1912659887963868,
            0.25457333974731433,
            0.25927156250183214,
            0.41679267823824107,
            0.0,
            0.22342955239074724,
            0.206410411442718,
            0.21634732039457305,
            0.42090256515386093,
            0.20079190514993495,
            0.29582952143933094,
            0.2813160268689626,
            0.26316659831901423,
            0.2423716197528315,
            0.22240647756220833,
            0.20325882547151297,
            0.2036115378525747,
            0.23754890747339286,
            0.23372259567092357,
            0.22556827052309736,
            0.4425409481605825,
            0.19745585805821686,
            0.20693801855815452,
            0.2052631950905085,
            0.20778047427470459,
            0.2842683224143223,
            0.2205145650863337,
            0.22691616697853112,
            0.20516177233643507,
            0.2702301244273302,
            0.21106851086801193,
            0.22973352512419176,
            0.25452526354270677,
            0.2620191367417505,
            0.2222599572497208,
            0.25968393030279235,
            0.4335290649106106,
            0.37295943782527974,
            0.30873968314957334,
            0.236359245490243,
            0.24173347846037285,
            0.25215807198145657,
            0.352299211810518,
            0.25411193757780526,
            0.27649914057596603,
            0.33978349036491495,
            0.4101896332129277,
            0.5934202305005842,
            0.6585213152853869,
            0.5619635274480684,
            0.6057346428647261,
            0.7569999602063467,
            0.5958804302537227
        ],
        [
            0.23377485307463858,
            0.26438924387727825,
            0.35792014202256267,
            0.2045864911707449,
            0.26789384212167244,
            0.27259206487619025,
            0.4301131806125992,
            0.22342955239074724,
            0.0,
            0.2197309138170761,
            0.22966782276893116,
            0.43422306752821904,
            0.21411240752429306,
            0.30915002381368906,
            0.29463652924332073,
            0.27648710069337235,
            0.2556921221271896,
            0.23572697993656644,
            0.21657932784587108,
            0.2169320402269328,
            0.25086940984775097,
            0.24704309804528168,
            0.23888877289745547,
            0.4558614505349406,
            0.21077636043257497,
            0.22025852093251264,
            0.2185836974648666,
            0.2211009766490627,
            0.29758882478868043,
            0.23383506746069183,
            0.24023666935288923,
            0.21848227471079318,
            0.2835506268016883,
            0.22438901324237004,
            0.24305402749854987,
            0.2678457659170649,
            0.2753396391161086,
            0.23558045962407892,
            0.27300443267715047,
            0.4468495672849687,
            0.38627994019963785,
            0.32206018552393145,
            0.24967974786460112,
            0.25505398083473096,
            0.2654785743558147,
            0.3656197141848761,
            0.26743243995216337,
            0.28981964295032414,
            0.35310399273927306,
            0.4235101355872858,
            0.6067407328749423,
            0.671841817659745,
            0.5752840298224265,
            0.6190551452390842,
            0.7703204625807049,
            0.6092009326280808
        ],
        [
            0.19623089206804206,
            0.22684528287068173,
            0.32037618101596615,
            0.16704253016414838,
            0.23034988111507593,
            0.23504810386959374,
            0.39256921960600266,
            0.206410411442718,
            0.2197309138170761,
            0.0,
            0.024438290752869962,
            0.32323159696279447,
            0.15917579251472402,
            0.25421340880412,
            0.2396999142337517,
            0.2215504856838033,
            0.20075550711762058,
            0.1807903649269974,
            0.16164271283630205,
            0.16199542521736376,
            0.19593279483818193,
            0.19210648303571265,
            0.18395215788788644,
            0.40092483552537156,
            0.15583974542300594,
            0.1653219059229436,
            0.16364708245529758,
            0.16616436163949366,
            0.2426522097791114,
            0.1788984524511228,
            0.1853000543433202,
            0.16354565970122414,
            0.22861401179211926,
            0.169452398232801,
            0.18811741248898084,
            0.21290915090749585,
            0.22040302410653956,
            0.18064384461450989,
            0.21806781766758143,
            0.3919129522753997,
            0.3313433251900688,
            0.2671235705143624,
            0.1947431328550321,
            0.20011736582516193,
            0.21054195934624564,
            0.31068309917530706,
            0.21249582494259434,
            0.2348830279407551,
            0.29816737772970403,
            0.36857352057771675,
            0.5518041178653734,
            0.616905202650176,
            0.5203474148128575,
            0.5641185302295152,
            0.7153838475711358,
            0.5542643176185118
        ],
        [
            0.20616780101989712,
            0.2367821918225368,
            0.3303130899678212,
            0.17697943911600345,
            0.240286790066931,
            0.2449850128214488,
            0.4025061285578577,
            0.21634732039457305,
            0.22966782276893116,
            0.024438290752869962,
            0.0,
            0.3331685059146495,
            0.16911270146657909,
            0.2641503177559751,
            0.24963682318560676,
            0.23148739463565837,
            0.21069241606947564,
            0.19072727387885247,
            0.1715796217881571,
            0.17193233416921883,
            0.205869703790037,
            0.2020433919875677,
            0.1938890668397415,
            0.4108617444772266,
            0.165776654374861,
            0.17525881487479866,
            0.17358399140715264,
            0.17610127059134872,
            0.25258911873096646,
            0.18883536140297785,
            0.19523696329517526,
            0.1734825686530792,
            0.23855092074397433,
            0.17938930718465607,
            0.1980543214408359,
            0.2228460598593509,
            0.23033993305839462,
            0.19058075356636495,
            0.2280047266194365,
            0.40184986122725475,
            0.3412802341419239,
            0.2770604794662175,
            0.20468004180688715,
            0.210054274777017,
            0.2204788682981007,
            0.3206200081271621,
            0.2224327338944494,
            0.24481993689261017,
            0.3081042866815591,
            0.3785104295295718,
            0.5617410268172285,
            0.6268421116020311,
            0.5302843237647126,
            0.5740554391813703,
            0.7253207565229909,
            0.5642012265703669
        ],
        [
            0.410723045779185,
            0.44133743658182467,
            0.534868334727109,
            0.3815346838752913,
            0.44484203482621887,
            0.4495402575807367,
            0.6070613733171456,
            0.42090256515386093,
            0.43422306752821904,
            0.32323159696279447,
            0.3331685059146495,
            0.0,
            0.37366794622586696,
            0.46870556251526296,
            0.45419206794489464,
            0.43604263939494625,
            0.4152476608287635,
            0.39528251863814035,
            0.376134866547445,
            0.3764875789285067,
            0.4104249485493249,
            0.4065986367468556,
            0.3984443115990294,
            0.6154169892365144,
            0.3703318991341489,
            0.37981405963408654,
            0.3781392361664405,
            0.3806565153506366,
            0.45714436349025434,
            0.39339060616226573,
            0.39979220805446314,
            0.3780378134123671,
            0.4431061655032622,
            0.38394455194394395,
            0.4026095662001238,
            0.4274013046186388,
            0.4348951778176825,
            0.3951359983256528,
            0.4325599713787244,
            0.6064051059865426,
            0.5458354789012118,
            0.48161572422550536,
            0.409235286566175,
            0.41460951953630487,
            0.4250341130573886,
            0.52517525288645,
            0.4269879786537373,
            0.44937518165189805,
            0.512659531440847,
            0.5830656742888597,
            0.7662962715765163,
            0.831397356361319,
            0.7348395685240005,
            0.7786106839406581,
            0.9298760012822788,
            0.7687564713296547
        ],
        [
            0.19061238577525902,
            0.2212267765778987,
            0.3147576747231831,
            0.16142402387136534,
            0.22473137482229288,
            0.2294295975768107,
            0.3869507133132196,
            0.20079190514993495,
            0.21411240752429306,
            0.15917579251472402,
            0.16911270146657909,
            0.37366794622586696,
            0.0,
            0.23275612716506822,
            0.2182426325946999,
            0.2000932040447515,
            0.17929822547856877,
            0.1593330832879456,
            0.14018543119725024,
            0.14053814357831196,
            0.17447551319913013,
            0.17064920139666084,
            0.16249487624883463,
            0.37946755388631975,
            0.13438246378395413,
            0.1438646242838918,
            0.14218980081624577,
            0.14470708000044186,
            0.2211949281400596,
            0.15744117081207099,
            0.1638427727042684,
            0.14208837806217234,
            0.20715673015306746,
            0.1479951165937492,
            0.16666013084992903,
            0.19145186926844404,
            0.19894574246748775,
            0.15918656297545808,
            0.19661053602852963,
            0.3704556706363479,
            0.309886043551017,
            0.2456662888753106,
            0.17328585121598028,
            0.17866008418611012,
            0.18908467770719384,
            0.28922581753625526,
            0.19103854330354253,
            0.2134257463017033,
            0.2767100960906522,
            0.34711623893866494,
            0.5303468362263215,
            0.5954479210111242,
            0.4988901331738057,
            0.5426612485904634,
            0.693926565932084,
            0.53280703597946
        ],
        [
            0.285650002064655,
            0.3162643928672947,
            0.4097952910125791,
            0.25646164016076134,
            0.3197689911116889,
            0.3244672138662067,
            0.4819883296026156,
            0.29582952143933094,
            0.30915002381368906,
            0.25421340880412,
            0.2641503177559751,
            0.46870556251526296,
            0.23275612716506822,
            0.0,
            0.06747735746283079,
            0.14156216919533515,
            0.12076719062915242,
            0.122299408858765,
            0.21639640834645213,
            0.21674912072751384,
            0.250686490348332,
            0.24686017854586273,
            0.23870585339803652,
            0.45567853103552164,
            0.21059344093315602,
            0.22007560143309368,
            0.21840077796544766,
            0.22091805714964374,
            0.2974059052892615,
            0.23365214796127287,
            0.24005374985347028,
            0.21829935521137422,
            0.28336770730226934,
            0.22420609374295108,
            0.24287110799913092,
            0.2676628464176459,
            0.27515671961668964,
            0.23539754012465997,
            0.2728215131777315,
            0.44666664778554976,
            0.3860970207002189,
            0.3218772660245125,
            0.24949682836518217,
            0.254871061335312,
            0.2652956548563957,
            0.36543679468545714,
            0.2672495204527444,
            0.2896367234509052,
            0.3529210732398541,
            0.42332721608786683,
            0.6065578133755234,
            0.6716588981603261,
            0.5751011103230076,
            0.6188722257396653,
            0.7701375430812859,
            0.6090180131286619
        ],
        [
            0.2711365074942867,
            0.30175089829692636,
            0.3952817964422108,
            0.24194814559039302,
            0.30525549654132056,
            0.30995371929583837,
            0.4674748350322473,
            0.2813160268689626,
            0.29463652924332073,
            0.2396999142337517,
            0.24963682318560676,
            0.45419206794489464,
            0.2182426325946999,
            0.06747735746283079,
            0.0,
            0.12704867462496683,
            0.1062536960587841,
            0.10778591428839668,
            0.2018829137760838,
            0.20223562615714552,
            0.2361729957779637,
            0.2323466839754944,
            0.2241923588276682,
            0.4411650364651533,
            0.1960799463627877,
            0.20556210686272536,
            0.20388728339507933,
            0.20640456257927542,
            0.28289241071889315,
            0.21913865339090455,
            0.22554025528310195,
            0.2037858606410059,
            0.268854212731901,
            0.20969259917258276,
            0.2283576134287626,
            0.2531493518472776,
            0.2606432250463213,
            0.22088404555429164,
            0.2583080186073632,
            0.43215315321518144,
            0.37158352612985057,
            0.3073637714541442,
            0.23498333379481384,
            0.2403575667649437,
            0.2507821602860274,
            0.3509233001150888,
            0.2527360258823761,
            0.27512322888053686,
            0.3384075786694858,
            0.4088137215174985,
            0.5920443188051552,
            0.6571454035899578,
            0.5605876157526393,
            0.604358731169297,
            0.7556240485109176,
            0.5945045185582936
        ],
        [
            0.2529870789443383,
            0.283601469746978,
            0.3771323678922624,
            0.22379871704044463,
            0.28710606799137217,
            0.29180429074589,
            0.4493254064822989,
            0.26316659831901423,
            0.27648710069337235,
            0.2215504856838033,
            0.23148739463565837,
            0.43604263939494625,
            0.2000932040447515,
            0.14156216919533515,
            0.12704867462496683,
            0.0,
            0.0649145950508141,
            0.08963648573844829,
            0.18373348522613542,
            0.18408619760719713,
            0.2180235672280153,
            0.21419725542554602,
            0.2060429302777198,
            0.4230156079152049,
            0.1779305178128393,
            0.18741267831277697,
            0.18573785484513095,
            0.18825513402932703,
            0.26474298216894476,
            0.20098922484095616,
            0.20739082673315357,
            0.1856364320910575,
            0.25070478418195263,
            0.19154317062263437,
            0.2102081848788142,
            0.23499992329732922,
            0.24249379649637293,
            0.20273461700434325,
            0.2401585900574148,
            0.41400372466523305,
            0.3534340975799022,
            0.2892143429041958,
            0.21683390524486545,
            0.2222081382149953,
            0.232632731736079,
            0.33277387156514043,
            0.2345865973324277,
            0.2569738003305885,
            0.3202581501195374,
            0.3906642929675501,
            0.5738948902552068,
            0.6389959750400094,
            0.5424381872026909,
            0.5862093026193486,
            0.7374746199609692,
            0.5763550900083452
        ],
        [
            0.23219210037815557,
            0.26280649118079524,
            0.35633738932607967,
            0.2030037384742619,
            0.26631108942518944,
            0.27100931217970725,
            0.4285304279161162,
            0.2423716197528315,
            0.2556921221271896,
            0.20075550711762058,
            0.21069241606947564,
            0.4152476608287635,
            0.17929822547856877,
            0.12076719062915242,
            0.1062536960587841,
            0.0649145950508141,
            0.0,
            0.06884150717226556,
            0.1629385066599527,
            0.1632912190410144,
            0.19722858866183257,
            0.1934022768593633,
            0.18524795171153707,
            0.4022206293490222,
            0.15713553924665657,
            0.16661769974659424,
            0.16494287627894821,
            0.1674601554631443,
            0.24394800360276203,
            0.18019424627477343,
            0.18659584816697083,
            0.16484145352487478,
            0.2299098056157699,
            0.17074819205645164,
            0.18941320631263148,
            0.21420494473114648,
            0.2216988179301902,
            0.18193963843816052,
            0.21936361149123207,
            0.3932087460990503,
            0.33263911901371945,
            0.26841936433801306,
            0.19603892667868272,
            0.20141315964881257,
            0.21183775316989628,
            0.3119788929989577,
            0.21379161876624497,
            0.23617882176440574,
            0.29946317155335467,
            0.3698693144013674,
            0.5530999116890241,
            0.6182009964738266,
            0.5216432086365081,
            0.5654143240531658,
            0.7166796413947865,
            0.5555601114421624
        ],
        [
            0.2122269581875324,
            0.24284134899017207,
            0.3363722471354565,
            0.18303859628363872,
            0.24634594723456626,
            0.2510441699890841,
            0.408565285725493,
            0.22240647756220833,
            0.23572697993656644,
            0.1807903649269974,
            0.19072727387885247,
            0.39528251863814035,
            0.1593330832879456,
            0.122299408858765,
            0.10778591428839668,
            0.08963648573844829,
            0.06884150717226556,
            0.0,
            0.1429733644693295,
            0.14332607685039123,
            0.1772634464712094,
            0.1734371346687401,
            0.1652828095209139,
            0.382255487158399,
            0.1371703970560334,
            0.14665255755597106,
            0.14497773408832504,
            0.14749501327252112,
            0.22398286141213886,
            0.16022910408415025,
            0.16663070597634766,
            0.1448763113342516,
            0.20994466342514673,
            0.15078304986582847,
            0.1694480641220083,
            0.1942398025405233,
            0.20173367573956702,
            0.16197449624753735,
            0.1993984693006089,
            0.37324360390842715,
            0.3126739768230963,
            0.24845422214738988,
            0.17607378448805955,
            0.1814480174581894,
            0.1918726109792731,
            0.2920137508083345,
            0.1938264765756218,
            0.21621367957378257,
            0.2794980293627315,
            0.3499041722107442,
            0.5331347694984008,
            0.5982358542832035,
            0.501678066445885,
            0.5454491818625427,
            0.6967144992041633,
            0.5355949692515393
        ],
        [
            0.19307930609683704,
            0.2236936968994767,
            0.31722459504476114,
            0.16389094419294337,
            0.2271982951438709,
            0.23189651789838872,
            0.38941763363479764,
            0.20325882547151297,
            0.21657932784587108,
            0.16164271283630205,
            0.1715796217881571,
            0.376134866547445,
            0.14018543119725024,
            0.21639640834645213,
            0.2018829137760838,
            0.18373348522613542,
            0.1629385066599527,
            0.1429733644693295,
            0.0,
            0.008832220172425687,
            0.15245908593025215,
            0.14863277412778286,
            0.14047844897995665,
            0.3574511266174418,
            0.11236603651507615,
            0.12184819701501381,
            0.12017337354736779,
            0.12269065273156388,
            0.1991785008711816,
            0.135424743543193,
            0.1418263454353904,
            0.12007195079329436,
            0.18514030288418948,
            0.12597868932487122,
            0.14464370358105105,
            0.16943544199956606,
            0.17692931519860977,
            0.1371701357065801,
            0.17459410875965165,
            0.3484392433674699,
            0.28786961628213903,
            0.22364986160643263,
            0.1512694239471023,
            0.15664365691723214,
            0.16706825043831586,
            0.2672093902673773,
            0.16902211603466455,
            0.19140931903282532,
            0.25469366882177424,
            0.32509981166978696,
            0.5083304089574436,
            0.5734314937422462,
            0.4768737059049277,
            0.5206448213215854,
            0.671910138663206,
            0.510790608710582
        ],
        [
            0.19343201847789876,
            0.22404640928053843,
            0.31757730742582285,
            0.16424365657400508,
            0.22755100752493262,
            0.23224923027945044,
            0.38977034601585936,
            0.2036115378525747,
            0.2169320402269328,
            0.16199542521736376,
            0.17193233416921883,
            0.3764875789285067,
            0.14053814357831196,
            0.21674912072751384,
            0.20223562615714552,
            0.18408619760719713,
            0.1632912190410144,
            0.14332607685039123,
            0.008832220172425687,
            0.0,
            0.15281179831131386,
            0.14898548650884458,
            0.14083116136101836,
            0.3578038389985035,
            0.11271874889613787,
            0.12220090939607553,
            0.1205260859284295,
            0.12304336511262559,
            0.19953121325224332,
            0.13577745592425472,
            0.14217905781645213,
            0.12042466317435607,
            0.1854930152652512,
            0.12633140170593293,
            0.14499641596211277,
            0.16978815438062778,
            0.1772820275796715,
            0.1375228480876418,
            0.17494682114071336,
            0.3487919557485316,
            0.28822232866320074,
            0.22400257398749435,
            0.15162213632816401,
            0.15699636929829386,
            0.16742096281937757,
            0.267562102648439,
            0.16937482841572626,
            0.19176203141388704,
            0.25504638120283596,
            0.3254525240508487,
            0.5086831213385052,
            0.5737842061233079,
            0.47722641828598944,
            0.5209975337026471,
            0.6722628510442678,
            0.5111433210916437
        ],
        [
            0.22736938809871693,
            0.2579837789013566,
            0.351514677046641,
            0.19818102619482325,
            0.2614883771457508,
            0.2661865999002686,
            0.42370771563667753,
            0.23754890747339286,
            0.25086940984775097,
            0.19593279483818193,
            0.205869703790037,
            0.4104249485493249,
            0.17447551319913013,
            0.250686490348332,
            0.2361729957779637,
            0.2180235672280153,
            0.19722858866183257,
            0.1772634464712094,
            0.15245908593025215,
            0.15281179831131386,
            0.0,
            0.03418789820611812,
            0.03547075300229752,
            0.2905997986478632,
            0.07442756655234495,
            0.08390972705228261,
            0.11601566066417113,
            0.12941261816822114,
