{
    "NEXUS_FILE_URL": "http://purl.org/phylo/treebase/phylows/study/TB2:S14676",
    "NEWICK_TREE": "((((((((((((((((18:0.0,20:0.0):0.0,17:0.0):0.0,16:0.0):0.0,15:0.0):0.0,14:0.0):3.1996E-4,13:0.00163506):3.3332E-4,19:5.546E-4):0.00736231,((5:0.0,6:0.0):6.4058E-4,(7:-9.51E-6,(8:0.0013052,9:0.00130335):7.92E-6):1.066E-5):6.0145E-4):0.00209706,(3:0.00456806,4:6.5917E-4):0.00161383):0.00219827,(11:9.3351E-4,(10:0.001633,12:0.00293497):0.00102521):0.00269424):0.00584655,(1:0.00513053,2:7.4515E-4):0.00596089):0.00239727,(22:0.00865967,(21:0.01002615,(23:0.00415838,24:0.00896926):0.0099519):0.00223412):0.00118855):0.02029877,(25:0.01199489,26:0.00982901):0.0088301):0.00256494,(30:0.00436288,(29:0.0017969,31:0.00146461):0.00250623):0.02496295):0.00406068,((36:0.00895269,37:0.0108709):0.06006504,((33:0.03999109,34:0.04282544):0.00872101,((35:0.03813662,38:0.04101453):0.01932225,(39:0.06746151,40:0.05260905):0.01149288):0.00685804):0.00325326):0.00423403):0.00573206,(27:0.00227656,28:0.00426504):0.01896386,32:0.04386538);",
    "DISTANCE_MATRIX": [
        [
            0,
            0.0,
            0.0,
            0.0,
            0.0,
            0.0,
            0.00195502,
            0.0012078800000000002,
            0.00925762,
            0.00925762,
            0.00861819,
            0.00994082,
            0.00993897,
            0.01629454,
            0.012385649999999998,
            0.01593867,
            0.017663369999999998,
            0.018965339999999997,
            0.02924889,
            0.02486351,
            0.03040296,
            0.03400356,
            0.038087689999999993,
            0.04289857,
            0.0616785,
            0.059512619999999995,
            0.07274428,
            0.07268453,
            0.07235224,
            0.12073089,
            0.1226491,
            0.10367852,
            0.10651287,
            0.11928332999999999,
            0.12216123999999999,
            0.14077884999999998,
            0.12592639,
            0.07445160999999999,
            0.07644008999999999,
            0.09707657
        ],
        [
            0.0,
            0,
            0.0,
            0.0,
            0.0,
            0.0,
            0.00195502,
            0.0012078800000000002,
            0.00925762,
            0.00925762,
            0.00861819,
            0.00994082,
            0.00993897,
            0.01629454,
            0.012385649999999998,
            0.01593867,
            0.017663369999999998,
            0.018965339999999997,
            0.02924889,
            0.02486351,
            0.03040296,
            0.03400356,
            0.038087689999999993,
            0.04289857,
            0.0616785,
            0.059512619999999995,
            0.07274428,
            0.07268453,
            0.07235224,
            0.12073089,
            0.1226491,
            0.10367852,
            0.10651287,
            0.11928332999999999,
            0.12216123999999999,
            0.14077884999999998,
            0.12592639,
            0.07445160999999999,
            0.07644008999999999,
            0.09707657
        ],
        [
            0.0,
            0.0,
            0,
            0.0,
            0.0,
            0.0,
            0.00195502,
            0.0012078800000000002,
            0.00925762,
            0.00925762,
            0.00861819,
            0.00994082,
            0.00993897,
            0.01629454,
            0.012385649999999998,
            0.01593867,
            0.017663369999999998,
            0.018965339999999997,
            0.02924889,
            0.02486351,
            0.03040296,
            0.03400356,
            0.038087689999999993,
            0.04289857,
            0.0616785,
            0.059512619999999995,
            0.07274428,
            0.07268453,
            0.07235224,
            0.12073089,
            0.1226491,
            0.10367852,
            0.10651287,
            0.11928332999999999,
            0.12216123999999999,
            0.14077884999999998,
            0.12592639,
            0.07445160999999999,
            0.07644008999999999,
            0.09707657
        ],
        [
            0.0,
            0.0,
            0.0,
            0,
            0.0,
            0.0,
            0.00195502,
            0.0012078800000000002,
            0.00925762,
            0.00925762,
            0.00861819,
            0.00994082,
            0.00993897,
            0.01629454,
            0.012385649999999998,
            0.01593867,
            0.017663369999999998,
            0.018965339999999997,
            0.02924889,
            0.02486351,
            0.03040296,
            0.03400356,
            0.038087689999999993,
            0.04289857,
            0.0616785,
            0.059512619999999995,
            0.07274428,
            0.07268453,
            0.07235224,
            0.12073089,
            0.1226491,
            0.10367852,
            0.10651287,
            0.11928332999999999,
            0.12216123999999999,
            0.14077884999999998,
            0.12592639,
            0.07445160999999999,
            0.07644008999999999,
            0.09707657
        ],
        [
            0.0,
            0.0,
            0.0,
            0.0,
            0,
            0.0,
            0.00195502,
            0.0012078800000000002,
            0.00925762,
            0.00925762,
            0.00861819,
            0.00994082,
            0.00993897,
            0.01629454,
            0.012385649999999998,
            0.01593867,
            0.017663369999999998,
            0.018965339999999997,
            0.02924889,
            0.02486351,
            0.03040296,
            0.03400356,
            0.038087689999999993,
            0.04289857,
            0.0616785,
            0.059512619999999995,
            0.07274428,
            0.07268453,
            0.07235224,
            0.12073089,
            0.1226491,
            0.10367852,
            0.10651287,
            0.11928332999999999,
            0.12216123999999999,
            0.14077884999999998,
            0.12592639,
            0.07445160999999999,
            0.07644008999999999,
            0.09707657
        ],
        [
            0.0,
            0.0,
            0.0,
            0.0,
            0.0,
            0,
            0.00195502,
            0.0012078800000000002,
            0.00925762,
            0.00925762,
            0.00861819,
            0.00994082,
            0.00993897,
            0.01629454,
            0.012385649999999998,
            0.01593867,
            0.017663369999999998,
            0.018965339999999997,
            0.02924889,
            0.02486351,
            0.03040296,
            0.03400356,
            0.038087689999999993,
            0.04289857,
            0.0616785,
            0.059512619999999995,
            0.07274428,
            0.07268453,
            0.07235224,
            0.12073089,
            0.1226491,
            0.10367852,
            0.10651287,
            0.11928332999999999,
            0.12216123999999999,
            0.14077884999999998,
            0.12592639,
            0.07445160999999999,
            0.07644008999999999,
            0.09707657
        ],
        [
            0.00195502,
            0.00195502,
            0.00195502,
            0.00195502,
            0.00195502,
            0.00195502,
            0,
            0.00252298,
            0.01057272,
            0.01057272,
            0.009933290000000001,
            0.01125592,
            0.011254070000000001,
            0.01760964,
            0.013700750000000001,
            0.01725377,
            0.01897847,
            0.02028044,
            0.030563990000000003,
            0.02617861,
            0.03171806,
            0.03531866,
            0.03940279,
            0.04421367,
            0.06299360000000001,
            0.06082772,
            0.07405938000000001,
            0.07399963000000001,
            0.07366734,
            0.12204599,
            0.1239642,
            0.10499362000000001,
            0.10782797,
            0.12059843,
            0.12347633999999999,
            0.14209395,
            0.12724148999999998,
            0.07576671,
            0.07775519,
            0.09839167
        ],
        [
            0.0012078800000000002,
            0.0012078800000000002,
            0.0012078800000000002,
            0.0012078800000000002,
            0.0012078800000000002,
            0.0012078800000000002,
            0.00252298,
            0,
            0.00915894,
            0.00915894,
            0.008519510000000001,
            0.009842140000000001,
            0.009840290000000002,
            0.01619586,
            0.012286970000000001,
            0.01583999,
            0.01756469,
            0.01886666,
            0.029150210000000003,
            0.02476483,
            0.030304280000000003,
            0.03390488,
            0.037989010000000004,
            0.04279989,
            0.06157982000000001,
            0.059413940000000005,
            0.0726456,
            0.07258585000000001,
            0.07225356000000001,
            0.12063221,
            0.12255042000000001,
            0.10357984,
            0.10641419,
            0.11918465,
            0.12206256,
            0.14068017,
            0.12582770999999998,
            0.07435293,
            0.07634141,
            0.09697789000000001
        ],
        [
            0.00925762,
            0.00925762,
            0.00925762,
            0.00925762,
            0.00925762,
            0.00925762,
            0.01057272,
            0.00915894,
            0,
            0.0,
            0.00064173,
            0.00196436,
            0.0019625099999999998,
            0.00952098,
            0.00561209,
            0.00916511,
            0.01088981,
            0.01219178,
            0.02247533,
            0.01808995,
            0.023629400000000002,
            0.02723,
            0.031314129999999996,
            0.03612501,
            0.05490494,
            0.05273906,
            0.06597072,
            0.06591097,
            0.06557868,
            0.11395733,
            0.11587554,
            0.09690496,
            0.09973931,
            0.11250977,
            0.11538767999999999,
            0.13400529,
            0.11915282999999999,
            0.06767804999999999,
            0.06966652999999999,
            0.09030300999999999
        ],
        [
            0.00925762,
            0.00925762,
            0.00925762,
            0.00925762,
            0.00925762,
            0.00925762,
            0.01057272,
            0.00915894,
            0.0,
            0,
            0.00064173,
            0.00196436,
            0.0019625099999999998,
            0.00952098,
            0.00561209,
            0.00916511,
            0.01088981,
            0.01219178,
            0.02247533,
            0.01808995,
            0.023629400000000002,
            0.02723,
            0.031314129999999996,
            0.03612501,
            0.05490494,
            0.05273906,
            0.06597072,
            0.06591097,
            0.06557868,
            0.11395733,
            0.11587554,
            0.09690496,
            0.09973931,
            0.11250977,
            0.11538767999999999,
            0.13400529,
            0.11915282999999999,
            0.06767804999999999,
            0.06966652999999999,
            0.09030300999999999
        ],
        [
            0.00861819,
            0.00861819,
            0.00861819,
            0.00861819,
            0.00861819,
            0.00861819,
            0.009933290000000001,
            0.008519510000000001,
            0.00064173,
            0.00064173,
            0,
            0.0013036100000000002,
            0.0013017600000000001,
            0.00888155,
            0.00497266,
            0.00852568,
            0.01025038,
            0.01155235,
            0.021835900000000002,
            0.01745052,
            0.02298997,
            0.02659057,
            0.0306747,
            0.03548558,
            0.05426551,
            0.05209963,
            0.06533129,
            0.06527154,
            0.06493925,
            0.1133179,
            0.11523611,
            0.09626553,
            0.09909988,
            0.11187034,
            0.11474825,
            0.13336586,
            0.11851339999999999,
            0.06703862,
            0.0690271,
            0.08966357999999999
        ],
        [
            0.00994082,
            0.00994082,
            0.00994082,
            0.00994082,
            0.00994082,
            0.00994082,
            0.01125592,
            0.009842140000000001,
            0.00196436,
            0.00196436,
            0.0013036100000000002,
            0,
            0.0026085500000000003,
            0.01020418,
            0.006295289999999999,
            0.009848309999999999,
            0.01157301,
            0.01287498,
            0.02315853,
            0.01877315,
            0.024312599999999997,
            0.0279132,
            0.03199733,
            0.036808209999999994,
            0.05558814,
            0.05342226,
            0.06665392,
            0.06659417000000001,
            0.06626188,
            0.11464052999999999,
            0.11655874,
            0.09758816000000001,
            0.10042250999999999,
            0.11319297,
            0.11607087999999999,
            0.13468849,
            0.11983602999999998,
            0.06836125,
            0.07034973,
            0.09098621
        ],
        [
            0.00993897,
            0.00993897,
            0.00993897,
            0.00993897,
            0.00993897,
            0.00993897,
            0.011254070000000001,
            0.009840290000000002,
            0.0019625099999999998,
            0.0019625099999999998,
            0.0013017600000000001,
            0.0026085500000000003,
            0,
            0.010202329999999999,
            0.00629344,
            0.009846460000000001,
            0.01157116,
            0.01287313,
            0.023156680000000002,
            0.0187713,
            0.02431075,
            0.02791135,
            0.03199548,
            0.036806359999999996,
            0.055586290000000003,
            0.05342041,
            0.06665207000000001,
            0.06659232000000001,
            0.06626003,
            0.11463867999999999,
            0.11655689,
            0.09758631000000001,
            0.10042066,
            0.11319112,
            0.11606902999999999,
            0.13468664,
            0.11983417999999998,
            0.0683594,
            0.07034788,
            0.09098436
        ],
        [
            0.01629454,
            0.01629454,
            0.01629454,
            0.01629454,
            0.01629454,
            0.01629454,
            0.01760964,
            0.01619586,
            0.00952098,
            0.00952098,
            0.00888155,
            0.01020418,
            0.010202329999999999,
            0,
            0.005227229999999999,
            0.01200791,
            0.01373261,
            0.015034579999999999,
            0.02531813,
            0.02093275,
            0.0264722,
            0.0300728,
            0.03415693,
            0.03896781,
            0.057747740000000006,
            0.055581860000000004,
            0.06881352,
            0.06875377,
            0.06842148,
            0.11680013,
            0.11871834,
            0.09974776,
            0.10258211,
            0.11535257,
            0.11823048,
            0.13684808999999998,
            0.12199563,
            0.07052085,
            0.07250933,
            0.09314581
        ],
        [
            0.012385649999999998,
            0.012385649999999998,
            0.012385649999999998,
            0.012385649999999998,
            0.012385649999999998,
            0.012385649999999998,
            0.013700750000000001,
            0.012286970000000001,
            0.00561209,
            0.00561209,
            0.00497266,
            0.006295289999999999,
            0.00629344,
            0.005227229999999999,
            0,
            0.008099019999999998,
            0.00982372,
            0.011125689999999999,
            0.02140924,
            0.01702386,
            0.022563309999999996,
            0.02616391,
            0.030248039999999997,
            0.03505891999999999,
            0.05383885,
            0.05167297,
            0.06490463,
            0.06484488,
            0.06451259000000001,
            0.11289124,
            0.11480945000000001,
            0.09583886999999999,
            0.09867322,
            0.11144367999999999,
            0.11432159,
            0.13293919999999998,
            0.11808674,
            0.06661196,
            0.06860044,
            0.08923692
        ],
        [
            0.01593867,
            0.01593867,
            0.01593867,
            0.01593867,
            0.01593867,
            0.01593867,
            0.01725377,
            0.01583999,
            0.00916511,
            0.00916511,
            0.00852568,
            0.009848309999999999,
            0.009846460000000001,
            0.01200791,
            0.008099019999999998,
            0,
            0.0035917199999999996,
            0.00489369,
            0.020565720000000003,
            0.01618034,
            0.02171979,
            0.025320389999999998,
            0.029404519999999996,
            0.0342154,
            0.05299533,
            0.05082945,
            0.06406111,
            0.06400136000000001,
            0.06366907,
            0.11204771999999999,
            0.11396593,
            0.09499535,
            0.09782969999999999,
            0.11060016,
            0.11347806999999999,
            0.13209568,
            0.11724321999999998,
            0.06576844,
            0.06775692,
            0.0883934
        ],
        [
            0.017663369999999998,
            0.017663369999999998,
            0.017663369999999998,
            0.017663369999999998,
            0.017663369999999998,
            0.017663369999999998,
            0.01897847,
            0.01756469,
            0.01088981,
            0.01088981,
            0.01025038,
            0.01157301,
            0.01157116,
            0.01373261,
            0.00982372,
            0.0035917199999999996,
            0,
            0.004567969999999999,
            0.022290420000000002,
            0.01790504,
            0.02344449,
            0.02704509,
            0.03112922,
            0.0359401,
            0.05472003,
            0.05255415,
            0.06578581,
            0.06572606,
            0.06539377,
            0.11377242,
            0.11569063,
            0.09672005,
            0.0995544,
            0.11232486,
            0.11520277,
            0.13382038,
            0.11896791999999999,
            0.06749314,
            0.06948162,
            0.0901181
        ],
        [
            0.018965339999999997,
            0.018965339999999997,
            0.018965339999999997,
            0.018965339999999997,
            0.018965339999999997,
            0.018965339999999997,
            0.02028044,
            0.01886666,
            0.01219178,
            0.01219178,
            0.01155235,
            0.01287498,
            0.01287313,
            0.015034579999999999,
            0.011125689999999999,
            0.00489369,
            0.004567969999999999,
            0,
            0.02359239,
            0.01920701,
            0.024746459999999998,
            0.02834706,
            0.03243119,
            0.03724207,
            0.056022,
            0.05385612,
            0.06708778,
            0.06702803,
            0.06669574,
            0.11507439,
            0.1169926,
            0.09802202,
            0.10085637,
            0.11362683,
            0.11650474,
            0.13512235,
            0.12026988999999999,
            0.06879510999999999,
            0.07078359,
            0.09142006999999999
        ],
        [
            0.02924889,
            0.02924889,
            0.02924889,
            0.02924889,
            0.02924889,
            0.02924889,
            0.030563990000000003,
            0.029150210000000003,
            0.02247533,
            0.02247533,
            0.021835900000000002,
            0.02315853,
            0.023156680000000002,
            0.02531813,
            0.02140924,
            0.020565720000000003,
            0.022290420000000002,
            0.02359239,
            0,
            0.00587568,
            0.023336910000000002,
            0.02693751,
            0.03102164,
            0.03583252,
            0.05461245000000001,
            0.052446570000000005,
            0.06567823,
            0.06561848,
            0.06528619000000001,
            0.11366484,
            0.11558305,
            0.09661247,
            0.09944682,
            0.11221728,
            0.11509519,
            0.1337128,
            0.11886034,
            0.06738556,
            0.06937404,
            0.09001052000000001
        ],
        [
            0.02486351,
            0.02486351,
            0.02486351,
            0.02486351,
            0.02486351,
            0.02486351,
            0.02617861,
            0.02476483,
            0.01808995,
            0.01808995,
            0.01745052,
            0.01877315,
            0.0187713,
            0.02093275,
            0.01702386,
            0.01618034,
            0.01790504,
            0.01920701,
            0.00587568,
            0,
            0.01895153,
            0.02255213,
            0.02663626,
            0.03144714,
            0.05022707,
            0.048061190000000004,
            0.061292849999999996,
            0.0612331,
            0.06090081,
            0.10927946,
            0.11119767,
            0.09222709,
            0.09506144,
            0.1078319,
            0.11070980999999999,
            0.12932741999999997,
            0.11447495999999999,
            0.06300017999999999,
            0.06498865999999999,
            0.08562513999999999
        ],
        [
            0.03040296,
            0.03040296,
            0.03040296,
            0.03040296,
            0.03040296,
            0.03040296,
            0.03171806,
            0.030304280000000003,
            0.023629400000000002,
            0.023629400000000002,
            0.02298997,
            0.024312599999999997,
            0.02431075,
            0.0264722,
            0.022563309999999996,
            0.02171979,
            0.02344449,
            0.024746459999999998,
            0.023336910000000002,
            0.01895153,
            0,
            0.020919939999999998,
            0.025004069999999996,
            0.02981495,
            0.05097198,
            0.0488061,
            0.06203776,
            0.06197801,
            0.06164572,
            0.11002437,
            0.11194258,
            0.092972,
            0.09580635,
            0.10857681,
            0.11145472,
            0.13007232999999999,
            0.11521986999999999,
            0.06374508999999999,
            0.06573356999999999,
            0.08637005
        ],
        [
            0.03400356,
            0.03400356,
            0.03400356,
            0.03400356,
            0.03400356,
            0.03400356,
            0.03531866,
            0.03390488,
            0.02723,
            0.02723,
            0.02659057,
            0.0279132,
            0.02791135,
            0.0300728,
            0.02616391,
            0.025320389999999998,
            0.02704509,
            0.02834706,
            0.02693751,
            0.02255213,
            0.020919939999999998,
            0,
            0.02413643,
            0.028947309999999997,
            0.05457258,
            0.0524067,
            0.06563836,
            0.06557861000000001,
            0.06524632,
            0.11362496999999999,
            0.11554318,
            0.09657260000000001,
            0.09940695,
            0.11217741,
            0.11505531999999999,
            0.13367293,
            0.11882046999999998,
            0.06734569,
            0.06933417,
            0.08997065
        ],
        [
            0.038087689999999993,
            0.038087689999999993,
            0.038087689999999993,
            0.038087689999999993,
            0.038087689999999993,
            0.038087689999999993,
            0.03940279,
            0.037989010000000004,
            0.031314129999999996,
            0.031314129999999996,
            0.0306747,
            0.03199733,
            0.03199548,
            0.03415693,
            0.030248039999999997,
            0.029404519999999996,
            0.03112922,
            0.03243119,
            0.03102164,
            0.02663626,
            0.025004069999999996,
            0.02413643,
            0,
            0.01312764,
            0.05865671,
            0.05649083,
            0.06972249,
            0.06966274,
            0.06933045,
            0.1177091,
            0.11962731,
            0.10065673,
            0.10349108,
            0.11626154,
            0.11913945,
            0.13775706,
            0.12290459999999999,
            0.07142981999999999,
            0.07341829999999999,
            0.09405478
        ],
        [
            0.04289857,
            0.04289857,
            0.04289857,
            0.04289857,
            0.04289857,
            0.04289857,
            0.04421367,
            0.04279989,
            0.03612501,
            0.03612501,
            0.03548558,
            0.036808209999999994,
            0.036806359999999996,
            0.03896781,
            0.03505891999999999,
            0.0342154,
            0.0359401,
            0.03724207,
            0.03583252,
            0.03144714,
            0.02981495,
            0.028947309999999997,
            0.01312764,
            0,
            0.06346759,
            0.06130171,
            0.07453337,
            0.07447362,
            0.07414133,
            0.12251998,
            0.12443819,
            0.10546761,
            0.10830196,
            0.12107242,
            0.12395033,
            0.14256794,
            0.12771548,
            0.0762407,
            0.07822918,
            0.09886566
        ],
        [
            0.0616785,
            0.0616785,
            0.0616785,
            0.0616785,
            0.0616785,
            0.0616785,
            0.06299360000000001,
            0.06157982000000001,
            0.05490494,
            0.05490494,
            0.05426551,
            0.05558814,
            0.055586290000000003,
            0.057747740000000006,
            0.05383885,
            0.05299533,
            0.05472003,
            0.056022,
            0.05461245000000001,
            0.05022707,
            0.05097198,
            0.05457258,
            0.05865671,
            0.06346759,
            0,
            0.0218239,
            0.05271576,
            0.05265601,
            0.052323720000000004,
            0.10070237,
            0.10262058,
            0.08365,
            0.08648435,
            0.09925481,
            0.10213272,
            0.12075032999999999,
            0.10589786999999999,
            0.05442309000000001,
            0.05641157000000001,
            0.07704805
        ],
        [
            0.059512619999999995,
            0.059512619999999995,
            0.059512619999999995,
            0.059512619999999995,
            0.059512619999999995,
            0.059512619999999995,
            0.06082772,
            0.059413940000000005,
            0.05273906,
            0.05273906,
            0.05209963,
            0.05342226,
            0.05342041,
            0.055581860000000004,
            0.05167297,
            0.05082945,
            0.05255415,
            0.05385612,
            0.052446570000000005,
            0.048061190000000004,
            0.0488061,
            0.0524067,
            0.05649083,
            0.06130171,
            0.0218239,
            0,
            0.050549880000000005,
            0.05049013,
            0.05015784,
            0.09853649,
            0.10045470000000001,
            0.08148412000000001,
            0.08431847,
            0.09708893,
            0.09996684,
            0.11858445,
            0.10373199,
            0.05225721,
            0.05424569,
            0.07488217
        ],
        [
            0.07274428,
            0.07274428,
            0.07274428,
            0.07274428,
            0.07274428,
            0.07274428,
            0.07405938000000001,
            0.0726456,
            0.06597072,
            0.06597072,
            0.06533129,
            0.06665392,
            0.06665207000000001,
            0.06881352,
            0.06490463,
            0.06406111,
            0.06578581,
            0.06708778,
            0.06567823,
            0.061292849999999996,
            0.06203776,
            0.06563836,
            0.06972249,
            0.07453337,
            0.05271576,
            0.050549880000000005,
            0,
            0.00866601,
            0.00833372,
            0.10663827000000001,
            0.10855648000000001,
            0.0895859,
            0.09242025000000001,
            0.10519070999999999,
            0.10806862,
            0.12668622999999998,
            0.11183377,
            0.06035899,
            0.06234747,
            0.08298395
        ],
        [
            0.07268453,
            0.07268453,
            0.07268453,
            0.07268453,
            0.07268453,
            0.07268453,
            0.07399963000000001,
            0.07258585000000001,
            0.06591097,
            0.06591097,
            0.06527154,
            0.06659417000000001,
            0.06659232000000001,
            0.06875377,
            0.06484488,
            0.06400136000000001,
            0.06572606,
            0.06702803,
            0.06561848,
            0.0612331,
            0.06197801,
            0.06557861000000001,
            0.06966274,
            0.07447362,
            0.05265601,
            0.05049013,
            0.00866601,
            0,
            0.00326151,
            0.10657852,
            0.10849673,
            0.08952615,
            0.0923605,
            0.10513096,
            0.10800886999999999,
            0.12662647999999999,
            0.11177401999999999,
            0.06029923999999999,
            0.06228771999999999,
            0.0829242
        ],
        [
            0.07235224,
            0.07235224,
            0.07235224,
            0.07235224,
            0.07235224,
            0.07235224,
            0.07366734,
            0.07225356000000001,
            0.06557868,
            0.06557868,
            0.06493925,
            0.06626188,
            0.06626003,
            0.06842148,
            0.06451259000000001,
            0.06366907,
            0.06539377,
            0.06669574,
            0.06528619000000001,
            0.06090081,
            0.06164572,
            0.06524632,
            0.06933045,
            0.07414133,
            0.052323720000000004,
            0.05015784,
            0.00833372,
            0.00326151,
            0,
            0.10624623,
            0.10816444,
            0.08919386,
            0.09202821,
            0.10479867,
            0.10767658,
            0.12629418999999997,
            0.11144172999999999,
            0.05996694999999999,
            0.06195542999999999,
            0.08259190999999999
        ],
        [
            0.12073089,
            0.12073089,
            0.12073089,
            0.12073089,
            0.12073089,
            0.12073089,
            0.12204599,
            0.12063221,
            0.11395733,
            0.11395733,
            0.1133179,
            0.11464052999999999,
            0.11463867999999999,
            0.11680013,
            0.11289124,
            0.11204771999999999,
            0.11377242,
            0.11507439,
            0.11366484,
            0.10927946,
            0.11002437,
            0.11362496999999999,
            0.1177091,
            0.12251998,
            0.10070237,
            0.09853649,
            0.10663827000000001,
            0.10657852,
            0.10624623,
            0,
            0.01982359,
            0.12098309,
            0.12381744,
            0.13658789999999998,
            0.13946581,
            0.15808341999999997,
            0.14323096,
            0.10022423999999999,
            0.10221271999999999,
            0.12284919999999999
        ],
        [
            0.1226491,
            0.1226491,
            0.1226491,
            0.1226491,
            0.1226491,
            0.1226491,
            0.1239642,
            0.12255042000000001,
            0.11587554,
            0.11587554,
            0.11523611,
            0.11655874,
            0.11655689,
            0.11871834,
            0.11480945000000001,
            0.11396593,
            0.11569063,
            0.1169926,
            0.11558305,
            0.11119767,
            0.11194258,
            0.11554318,
            0.11962731,
            0.12443819,
            0.10262058,
            0.10045470000000001,
            0.10855648000000001,
            0.10849673,
            0.10816444,
            0.01982359,
            0,
            0.1229013,
            0.12573565,
            0.13850611000000002,
            0.14138402,
            0.16000163,
            0.14514917,
            0.10214245,
            0.10413093,
            0.12476741
        ],
        [
            0.10367852,
            0.10367852,
            0.10367852,
            0.10367852,
            0.10367852,
            0.10367852,
            0.10499362000000001,
            0.10357984,
            0.09690496,
            0.09690496,
            0.09626553,
            0.09758816000000001,
            0.09758631000000001,
            0.09974776,
            0.09583886999999999,
            0.09499535,
            0.09672005,
            0.09802202,
            0.09661247,
            0.09222709,
            0.092972,
            0.09657260000000001,
            0.10065673,
            0.10546761,
            0.08365,
            0.08148412000000001,
            0.0895859,
            0.08952615,
            0.08919386,
            0.12098309,
            0.1229013,
            0,
            0.08281653,
            0.11302901000000001,
            0.11590692,
            0.13452453,
            0.11967206999999999,
            0.08317187,
            0.08516035,
            0.10579683000000001
        ],
        [
            0.10651287,
            0.10651287,
            0.10651287,
            0.10651287,
            0.10651287,
            0.10651287,
            0.10782797,
            0.10641419,
            0.09973931,
            0.09973931,
            0.09909988,
            0.10042250999999999,
            0.10042066,
            0.10258211,
            0.09867322,
            0.09782969999999999,
            0.0995544,
            0.10085637,
            0.09944682,
            0.09506144,
            0.09580635,
            0.09940695,
            0.10349108,
            0.10830196,
            0.08648435,
            0.08431847,
            0.09242025000000001,
            0.0923605,
            0.09202821,
            0.12381744,
            0.12573565,
            0.08281653,
            0,
            0.11586336,
            0.11874127000000001,
            0.13735888,
            0.12250642,
            0.08600622,
            0.0879947,
            0.10863118
        ],
        [
            0.11928332999999999,
            0.11928332999999999,
            0.11928332999999999,
            0.11928332999999999,
            0.11928332999999999,
            0.11928332999999999,
            0.12059843,
            0.11918465,
            0.11250977,
            0.11250977,
            0.11187034,
            0.11319297,
            0.11319112,
            0.11535257,
            0.11144367999999999,
            0.11060016,
            0.11232486,
            0.11362683,
            0.11221728,
            0.1078319,
            0.10857681,
            0.11217741,
            0.11626154,
            0.12107242,
            0.09925481,
            0.09708893,
            0.10519070999999999,
            0.10513096,
            0.10479867,
            0.13658789999999998,
            0.13850611000000002,
            0.11302901000000001,
            0.11586336,
            0,
            0.07915115,
            0.13641326,
            0.1215608,
            0.09877667999999999,
            0.10076515999999999,
            0.12140164
        ],
        [
            0.12216123999999999,
            0.12216123999999999,
            0.12216123999999999,
            0.12216123999999999,
            0.12216123999999999,
            0.12216123999999999,
            0.12347633999999999,
            0.12206256,
            0.11538767999999999,
            0.11538767999999999,
            0.11474825,
            0.11607087999999999,
            0.11606902999999999,
            0.11823048,
            0.11432159,
            0.11347806999999999,
            0.11520277,
            0.11650474,
            0.11509519,
            0.11070980999999999,
            0.11145472,
            0.11505531999999999,
            0.11913945,
            0.12395033,
            0.10213272,
            0.09996684,
            0.10806862,
            0.10800886999999999,
            0.10767658,
            0.13946581,
            0.14138402,
            0.11590692,
            0.11874127000000001,
            0.07915115,
            0,
            0.13929117,
            0.12443871000000001,
            0.10165458999999999,
            0.10364306999999999,
            0.12427954999999999
        ],
        [
            0.14077884999999998,
            0.14077884999999998,
            0.14077884999999998,
            0.14077884999999998,
            0.14077884999999998,
            0.14077884999999998,
            0.14209395,
            0.14068017,
            0.13400529,
            0.13400529,
            0.13336586,
            0.13468849,
            0.13468664,
            0.13684808999999998,
            0.13293919999999998,
            0.13209568,
            0.13382038,
            0.13512235,
            0.1337128,
            0.12932741999999997,
            0.13007232999999999,
            0.13367293,
            0.13775706,
            0.14256794,
            0.12075032999999999,
            0.11858445,
            0.12668622999999998,
            0.12662647999999999,
            0.12629418999999997,
            0.15808341999999997,
            0.16000163,
            0.13452453,
            0.13735888,
            0.13641326,
            0.13929117,
            0,
            0.12007055999999999,
            0.12027219999999998,
            0.12226067999999998,
            0.14289716
        ],
        [
            0.12592639,
            0.12592639,
            0.12592639,
            0.12592639,
            0.12592639,
            0.12592639,
            0.12724148999999998,
            0.12582770999999998,
            0.11915282999999999,
            0.11915282999999999,
            0.11851339999999999,
            0.11983602999999998,
            0.11983417999999998,
            0.12199563,
            0.11808674,
            0.11724321999999998,
            0.11896791999999999,
