{
    "NEXUS_FILE_URL": "http://purl.org/phylo/treebase/phylows/study/TB2:S12730",
    "NEWICK_TREE": "((((8:0.06246299999999999,((((9:0.04324,((53:0.05053000000000002,54:0.07237300000000002):0.01200699999999999,67:0.020125999999999977):0.009676000000000018):0.006203000000000014,(55:0.004120999999999986,57:0.009348000000000023):0.046252000000000015):0.009716999999999976,((28:0.03354299999999999,(49:0.07853199999999999,50:0.045731999999999995):0.011342000000000019):0.008958999999999995,56:0.031793000000000016):0.009763999999999995):0.007809999999999984,68:0.05201):0.007923000000000013,46:0.14978899999999995):0.0068230000000000235,(((10:0.10587000000000002,(25:0.005788000000000015,26:0.006676000000000015):0.05222100000000002):0.011527999999999983,((34:0.04591099999999998,(51:0.016002000000000016,70:0.021062000000000025):0.011703999999999992):0.0069350000000000245,(52:0.03106700000000001,69:0.028596999999999984):0.01603199999999999,((65:0.04425699999999999,66:0.05209999999999998):0.015535999999999994,71:0.03975400000000001):0.01100000000000001):0.0066829999999999945,(42:0.021480999999999972,43:0.011048999999999976):0.02149000000000001):0.006186000000000025,((((11:0.08676699999999998,12:0.11940199999999995):0.023461999999999983,(47:0.034541000000000044,48:0.041478000000000015):0.080814):0.026085999999999998,((13:0.05274100000000004,14:0.08644099999999999):0.045991000000000004,(15:0.04547199999999996,16:0.026556000000000024):0.09806000000000004):0.023195999999999994):0.04924299999999998,(((((((17:0.003605999999999998,19:0.0016550000000000176):0.002599999999999991,20:0.0030589999999999784):0.002356999999999998,18:0.0025410000000000155):0.028615,((21:0.014015999999999973,23:0.018793000000000004):0.029403999999999986,22:0.02468100000000001):0.007909):0.02102599999999999,24:0.031289999999999984):0.024332999999999994,(((32:0.0046559999999999935,33:0.005624999999999991):0.04685299999999998,((36:0.024033000000000027,37:0.017892999999999992):0.009297,(39:0.03397899999999998,40:0.08628599999999997):0.006869999999999987):0.03412100000000001):0.006076999999999999,(((((45:0.008869999999999989,63:0.01141700000000001):0.011108000000000007,64:0.009911999999999976):0.017797000000000007,62:0.019787999999999972):0.028478999999999977,(60:0.014083000000000012,61:0.023428000000000004):0.027285999999999977):0.011994999999999978,(58:0.04079100000000002,59:0.045870999999999995):0.008535999999999988):0.009921999999999986):0.0043219999999999925):0.009203000000000017,(35:0.027607000000000048,((38:0.065473,44:0.01495599999999997):0.006319999999999992,41:0.029105000000000047):0.008101000000000025):0.09411599999999998):0.007321999999999995):0.00776300000000002):0.004147000000000012):0.04058400000000001,((27:0.03072999999999998,((29:0.012521000000000004,31:0.01146999999999998):0.007701999999999987,30:0.014629000000000003):0.03287699999999999):0.021735000000000004,(3:0.117232,(1:0.05623900000000004,2:0.07430999999999999):0.06512499999999999):0.225534):0.028552999999999995):0.017316,(((4:0.04795699999999997,6:0.06278699999999998):0.03756100000000001,7:0.100211):0.01285900000000001,5:0.11372500000000002):0.017315999999999995);",
    "DISTANCE_MATRIX": [
        [
            0.0,
            0.13735599999999998,
            0.166329,
            0.188172,
            0.12391799999999997,
            0.13828599999999996,
            0.143513,
            0.13046199999999997,
            0.186793,
            0.153993,
            0.119753,
            0.122396,
            0.21225199999999994,
            0.19701700000000005,
            0.14915600000000007,
            0.15004400000000007,
            0.13914800000000005,
            0.12094300000000008,
            0.1260030000000001,
            0.13340100000000005,
            0.13093100000000002,
            0.15709500000000004,
            0.16493800000000003,
            0.13705600000000007,
            0.12259000000000003,
            0.11215800000000004,
            0.266754,
            0.29938899999999996,
            0.27188000000000007,
            0.27881700000000004,
            0.25236700000000006,
            0.286067,
            0.297167,
            0.2782510000000001,
            0.18025800000000003,
            0.17830700000000005,
            0.17711100000000002,
            0.17423600000000006,
            0.194409,
            0.19918600000000003,
            0.17567000000000005,
            0.15334400000000004,
            0.15962900000000002,
            0.16059800000000002,
            0.1755710000000001,
            0.16943100000000005,
            0.18309000000000003,
            0.23539700000000002,
            0.190214,
            0.19276100000000002,
            0.18014799999999997,
            0.17222699999999996,
            0.165329,
            0.174674,
            0.16129200000000005,
            0.16637200000000002,
            0.21024100000000007,
            0.26252800000000004,
            0.212011,
            0.2198400000000001,
            0.190888,
            0.213258,
            0.21220699999999998,
            0.20766400000000002,
            0.48118900000000003,
            0.48532100000000006,
            0.5033920000000001,
            0.242879,
            0.257709,
            0.257572,
            0.25822700000000004
        ],
        [
            0.13735599999999998,
            0.0,
            0.11545300000000003,
            0.13729600000000003,
            0.073042,
            0.09981600000000002,
            0.10504300000000005,
            0.11142599999999997,
            0.167757,
            0.134957,
            0.100717,
            0.11897999999999997,
            0.22468199999999994,
            0.20944700000000005,
            0.16158600000000006,
            0.16247400000000006,
            0.15157800000000005,
            0.13337300000000007,
            0.13843300000000008,
            0.14583100000000004,
            0.14336100000000002,
            0.16952500000000004,
            0.17736800000000003,
            0.14948600000000006,
            0.13502000000000003,
            0.12458800000000003,
            0.279184,
            0.31181899999999996,
            0.28431000000000006,
            0.29124700000000003,
            0.26479700000000006,
            0.298497,
            0.309597,
            0.2906810000000001,
            0.19268800000000003,
            0.19073700000000005,
            0.18954100000000002,
            0.18666600000000005,
            0.206839,
            0.21161600000000003,
            0.18810000000000004,
            0.16577400000000003,
            0.17205900000000002,
            0.17302800000000002,
            0.18800100000000008,
            0.18186100000000005,
            0.19552000000000003,
            0.24782700000000002,
            0.202644,
            0.205191,
            0.19257799999999997,
            0.18465699999999996,
            0.177759,
            0.187104,
            0.17372200000000004,
            0.17880200000000002,
            0.22267100000000006,
            0.27495800000000004,
            0.224441,
            0.2322700000000001,
            0.203318,
            0.225688,
            0.22463699999999998,
            0.220094,
            0.49361900000000003,
            0.49775100000000005,
            0.515822,
            0.255309,
            0.270139,
            0.270002,
            0.27065700000000004
        ],
        [
            0.166329,
            0.11545300000000003,
            0.0,
            0.12290300000000004,
            0.08266299999999999,
            0.12878900000000004,
            0.13401600000000008,
            0.140399,
            0.19673000000000002,
            0.16393000000000002,
            0.12969000000000003,
            0.147953,
            0.25365499999999996,
            0.23842000000000008,
            0.1905590000000001,
            0.1914470000000001,
            0.18055100000000007,
            0.1623460000000001,
            0.1674060000000001,
            0.17480400000000007,
            0.17233400000000004,
            0.19849800000000006,
            0.20634100000000005,
            0.1784590000000001,
            0.16399300000000006,
            0.15356100000000006,
            0.308157,
            0.340792,
            0.3132830000000001,
            0.32022000000000006,
            0.2937700000000001,
            0.32747000000000004,
            0.33857000000000004,
            0.3196540000000001,
            0.22166100000000005,
            0.21971000000000007,
            0.21851400000000004,
            0.21563900000000008,
            0.23581200000000002,
            0.24058900000000005,
            0.21707300000000007,
            0.19474700000000006,
            0.20103200000000004,
            0.20200100000000004,
            0.2169740000000001,
            0.21083400000000008,
            0.22449300000000005,
            0.27680000000000005,
            0.23161700000000002,
            0.23416400000000004,
            0.221551,
            0.21363,
            0.20673200000000003,
            0.21607700000000002,
            0.20269500000000007,
            0.20777500000000004,
            0.2516440000000001,
            0.30393100000000006,
            0.25341400000000003,
            0.2612430000000001,
            0.23229100000000003,
            0.254661,
            0.25361,
            0.24906700000000004,
            0.5225920000000001,
            0.5267240000000001,
            0.544795,
            0.28428200000000003,
            0.29911200000000004,
            0.29897500000000005,
            0.29963000000000006
        ],
        [
            0.188172,
            0.13729600000000003,
            0.12290300000000004,
            0.0,
            0.10450599999999999,
            0.15063200000000004,
            0.15585900000000008,
            0.162242,
            0.21857300000000002,
            0.18577300000000002,
            0.15153300000000003,
            0.169796,
            0.27549799999999997,
            0.2602630000000001,
            0.2124020000000001,
            0.2132900000000001,
            0.20239400000000007,
            0.1841890000000001,
            0.1892490000000001,
            0.19664700000000007,
            0.19417700000000004,
            0.22034100000000006,
            0.22818400000000005,
            0.2003020000000001,
            0.18583600000000006,
            0.17540400000000006,
            0.33,
            0.362635,
            0.3351260000000001,
            0.34206300000000006,
            0.3156130000000001,
            0.34931300000000004,
            0.36041300000000004,
            0.3414970000000001,
            0.24350400000000005,
            0.24155300000000007,
            0.24035700000000004,
            0.23748200000000008,
            0.257655,
            0.26243200000000005,
            0.23891600000000007,
            0.21659000000000006,
            0.22287500000000005,
            0.22384400000000004,
            0.2388170000000001,
            0.23267700000000008,
            0.24633600000000005,
            0.29864300000000005,
            0.25346,
            0.25600700000000004,
            0.243394,
            0.235473,
            0.22857500000000003,
            0.23792000000000002,
            0.22453800000000007,
            0.22961800000000004,
            0.2734870000000001,
            0.32577400000000006,
            0.27525700000000003,
            0.2830860000000001,
            0.254134,
            0.276504,
            0.275453,
            0.27091000000000004,
            0.544435,
            0.548567,
            0.566638,
            0.30612500000000004,
            0.32095500000000005,
            0.32081800000000005,
            0.32147300000000006
        ],
        [
            0.12391799999999997,
            0.073042,
            0.08266299999999999,
            0.10450599999999999,
            0.0,
            0.08637800000000001,
            0.09160500000000005,
            0.09798799999999996,
            0.15431899999999998,
            0.12151899999999999,
            0.087279,
            0.10554199999999997,
            0.21124399999999993,
            0.19600900000000004,
            0.14814800000000006,
            0.14903600000000006,
            0.13814000000000004,
            0.11993500000000007,
            0.12499500000000008,
            0.13239300000000004,
            0.129923,
            0.15608700000000003,
            0.16393000000000002,
            0.13604800000000006,
            0.12158200000000002,
            0.11115000000000003,
            0.265746,
            0.29838099999999995,
            0.27087200000000006,
            0.27780900000000003,
            0.25135900000000005,
            0.285059,
            0.296159,
            0.2772430000000001,
            0.17925000000000002,
            0.17729900000000004,
            0.176103,
            0.17322800000000005,
            0.193401,
            0.19817800000000002,
            0.17466200000000004,
            0.15233600000000003,
            0.158621,
            0.15959,
            0.17456300000000008,
            0.16842300000000004,
            0.18208200000000002,
            0.23438900000000001,
            0.18920599999999999,
            0.191753,
            0.17913999999999997,
            0.17121899999999995,
            0.164321,
            0.173666,
            0.16028400000000004,
            0.165364,
            0.20923300000000006,
            0.26152000000000003,
            0.211003,
            0.21883200000000008,
            0.18988,
            0.21225,
            0.21119899999999997,
            0.206656,
            0.480181,
            0.48431300000000005,
            0.5023839999999999,
            0.241871,
            0.256701,
            0.256564,
            0.25721900000000003
        ],
        [
            0.13828599999999996,
            0.09981600000000002,
            0.12878900000000004,
            0.15063200000000004,
            0.08637800000000001,
            0.0,
            0.013469000000000009,
            0.11235599999999996,
            0.16868699999999998,
            0.13588699999999998,
            0.10164699999999999,
            0.11990999999999996,
            0.22561199999999992,
            0.21037700000000004,
            0.16251600000000005,
            0.16340400000000005,
            0.15250800000000003,
            0.13430300000000006,
            0.13936300000000007,
            0.14676100000000003,
            0.144291,
            0.17045500000000002,
            0.178298,
            0.15041600000000005,
            0.13595000000000002,
            0.12551800000000002,
            0.280114,
            0.31274899999999994,
            0.28524000000000005,
            0.292177,
            0.26572700000000005,
            0.299427,
            0.310527,
            0.29161100000000006,
            0.193618,
            0.19166700000000003,
            0.190471,
            0.18759600000000004,
            0.20776899999999998,
            0.212546,
            0.18903000000000003,
            0.16670400000000002,
            0.172989,
            0.173958,
            0.18893100000000007,
            0.18279100000000004,
            0.19645,
            0.248757,
            0.20357399999999998,
            0.206121,
            0.19350799999999996,
            0.18558699999999995,
            0.178689,
            0.18803399999999998,
            0.17465200000000003,
            0.179732,
            0.22360100000000005,
            0.275888,
            0.225371,
            0.23320000000000007,
            0.20424799999999999,
            0.22661799999999999,
            0.22556699999999996,
            0.221024,
            0.494549,
            0.49868100000000004,
            0.516752,
            0.256239,
            0.271069,
            0.270932,
            0.271587
        ],
        [
            0.143513,
            0.10504300000000005,
            0.13401600000000008,
            0.15585900000000008,
            0.09160500000000005,
            0.013469000000000009,
            0.0,
            0.117583,
            0.173914,
            0.14111400000000002,
            0.10687400000000002,
            0.125137,
            0.23083899999999996,
            0.21560400000000007,
            0.1677430000000001,
            0.1686310000000001,
            0.15773500000000007,
            0.1395300000000001,
            0.1445900000000001,
            0.15198800000000007,
            0.14951800000000004,
            0.17568200000000006,
            0.18352500000000005,
            0.1556430000000001,
            0.14117700000000005,
            0.13074500000000006,
            0.285341,
            0.317976,
            0.2904670000000001,
            0.29740400000000006,
            0.2709540000000001,
            0.30465400000000004,
            0.31575400000000003,
            0.2968380000000001,
            0.19884500000000005,
            0.19689400000000007,
            0.19569800000000004,
            0.19282300000000008,
            0.21299600000000002,
            0.21777300000000005,
            0.19425700000000007,
            0.17193100000000006,
            0.17821600000000004,
            0.17918500000000004,
            0.1941580000000001,
            0.18801800000000007,
            0.20167700000000005,
            0.25398400000000004,
            0.20880100000000001,
            0.21134800000000004,
            0.198735,
            0.19081399999999998,
            0.18391600000000002,
            0.19326100000000002,
            0.17987900000000007,
            0.18495900000000004,
            0.2288280000000001,
            0.28111500000000006,
            0.23059800000000003,
            0.2384270000000001,
            0.20947500000000002,
            0.23184500000000002,
            0.230794,
            0.22625100000000004,
            0.49977600000000005,
            0.503908,
            0.521979,
            0.26146600000000003,
            0.27629600000000004,
            0.27615900000000004,
            0.27681400000000006
        ],
        [
            0.13046199999999997,
            0.11142599999999997,
            0.140399,
            0.162242,
            0.09798799999999996,
            0.11235599999999996,
            0.117583,
            0.0,
            0.123417,
            0.090617,
            0.074295,
            0.11208599999999996,
            0.21778799999999993,
            0.20255300000000004,
            0.15469200000000005,
            0.15558000000000005,
            0.14468400000000003,
            0.12647900000000006,
            0.13153900000000007,
            0.13893700000000003,
            0.136467,
            0.16263100000000003,
            0.17047400000000001,
            0.14259200000000005,
            0.12812600000000002,
            0.11769400000000002,
            0.27229,
            0.30492499999999995,
            0.27741600000000005,
            0.284353,
            0.25790300000000005,
            0.291603,
            0.302703,
            0.28378700000000007,
            0.18579400000000001,
            0.18384300000000003,
            0.182647,
            0.17977200000000004,
            0.19994499999999998,
            0.20472200000000002,
            0.18120600000000003,
            0.15888000000000002,
            0.165165,
            0.166134,
            0.18110700000000007,
            0.17496700000000004,
            0.18862600000000002,
            0.240933,
            0.19574999999999998,
            0.198297,
            0.18568399999999996,
            0.17776299999999995,
            0.170865,
            0.18020999999999998,
            0.16682800000000003,
            0.171908,
            0.21577700000000005,
            0.268064,
            0.217547,
            0.22537600000000008,
            0.196424,
            0.218794,
            0.21774299999999996,
            0.2132,
            0.486725,
            0.49085700000000004,
            0.508928,
            0.248415,
            0.263245,
            0.263108,
            0.263763
        ],
        [
            0.186793,
            0.167757,
            0.19673000000000002,
            0.21857300000000002,
            0.15431899999999998,
            0.16868699999999998,
            0.173914,
            0.123417,
            0.0,
            0.12426399999999999,
            0.13062600000000002,
            0.16841699999999998,
            0.27411899999999995,
            0.25888400000000006,
            0.21102300000000007,
            0.21191100000000007,
            0.20101500000000005,
            0.18281000000000008,
            0.1878700000000001,
            0.19526800000000005,
            0.19279800000000002,
            0.21896200000000005,
            0.22680500000000003,
            0.19892300000000007,
            0.18445700000000004,
            0.17402500000000004,
            0.328621,
            0.36125599999999997,
            0.33374700000000007,
            0.34068400000000004,
            0.31423400000000007,
            0.347934,
            0.359034,
            0.3401180000000001,
            0.24212500000000003,
            0.24017400000000005,
            0.23897800000000002,
            0.23610300000000006,
            0.256276,
            0.26105300000000004,
            0.23753700000000005,
            0.21521100000000004,
            0.22149600000000003,
            0.22246500000000002,
            0.2374380000000001,
            0.23129800000000006,
            0.24495700000000004,
            0.29726400000000003,
            0.252081,
            0.254628,
            0.24201499999999998,
            0.23409399999999997,
            0.227196,
            0.236541,
            0.22315900000000005,
            0.22823900000000003,
            0.27210800000000007,
            0.32439500000000004,
            0.273878,
            0.2817070000000001,
            0.252755,
            0.275125,
            0.274074,
            0.269531,
            0.543056,
            0.547188,
            0.565259,
            0.304746,
            0.319576,
            0.31943900000000003,
            0.32009400000000005
        ],
        [
            0.153993,
            0.134957,
            0.16393000000000002,
            0.18577300000000002,
            0.12151899999999999,
            0.13588699999999998,
            0.14111400000000002,
            0.090617,
            0.12426399999999999,
            0.0,
            0.09782600000000002,
            0.135617,
            0.24131899999999995,
            0.22608400000000006,
            0.17822300000000008,
            0.17911100000000008,
            0.16821500000000006,
            0.1500100000000001,
            0.1550700000000001,
            0.16246800000000006,
            0.15999800000000003,
            0.18616200000000005,
            0.19400500000000004,
            0.16612300000000008,
            0.15165700000000004,
            0.14122500000000004,
            0.295821,
            0.32845599999999997,
            0.3009470000000001,
            0.30788400000000005,
            0.2814340000000001,
            0.315134,
            0.326234,
            0.3073180000000001,
            0.20932500000000004,
            0.20737400000000006,
            0.20617800000000003,
            0.20330300000000007,
            0.223476,
            0.22825300000000004,
            0.20473700000000006,
            0.18241100000000005,
            0.18869600000000003,
            0.18966500000000003,
            0.2046380000000001,
            0.19849800000000006,
            0.21215700000000004,
            0.26446400000000003,
            0.219281,
            0.22182800000000003,
            0.20921499999999998,
            0.20129399999999997,
            0.194396,
            0.203741,
            0.19035900000000006,
            0.19543900000000003,
            0.23930800000000008,
            0.29159500000000005,
            0.24107800000000001,
            0.2489070000000001,
            0.219955,
            0.242325,
            0.241274,
            0.23673100000000002,
            0.510256,
            0.5143880000000001,
            0.532459,
            0.271946,
            0.28677600000000003,
            0.28663900000000003,
            0.28729400000000005
        ],
        [
            0.119753,
            0.100717,
            0.12969000000000003,
            0.15153300000000003,
            0.087279,
            0.10164699999999999,
            0.10687400000000002,
            0.074295,
            0.13062600000000002,
            0.09782600000000002,
            0.0,
            0.101377,
            0.20707899999999996,
            0.19184400000000007,
            0.14398300000000008,
            0.14487100000000008,
            0.13397500000000007,
            0.1157700000000001,
            0.1208300000000001,
            0.12822800000000006,
            0.12575800000000004,
            0.15192200000000006,
            0.15976500000000005,
            0.13188300000000008,
            0.11741700000000005,
            0.10698500000000005,
            0.261581,
            0.294216,
            0.2667070000000001,
            0.27364400000000005,
            0.24719400000000008,
            0.28089400000000003,
            0.29199400000000003,
            0.2730780000000001,
            0.17508500000000005,
            0.17313400000000007,
            0.17193800000000004,
            0.16906300000000007,
            0.18923600000000002,
            0.19401300000000005,
            0.17049700000000007,
            0.14817100000000005,
            0.15445600000000004,
            0.15542500000000004,
            0.1703980000000001,
            0.16425800000000007,
            0.17791700000000005,
            0.23022400000000004,
            0.185041,
            0.18758800000000003,
            0.174975,
            0.16705399999999998,
            0.16015600000000002,
            0.169501,
            0.15611900000000006,
            0.16119900000000004,
            0.20506800000000008,
            0.25735500000000006,
            0.20683800000000002,
            0.2146670000000001,
            0.18571500000000002,
            0.20808500000000002,
            0.207034,
            0.20249100000000003,
            0.47601600000000005,
            0.4801480000000001,
            0.498219,
            0.23770600000000003,
            0.25253600000000004,
            0.25239900000000004,
            0.25305400000000006
        ],
        [
            0.122396,
            0.11897999999999997,
            0.147953,
            0.169796,
            0.10554199999999997,
            0.11990999999999996,
            0.125137,
            0.11208599999999996,
            0.16841699999999998,
            0.135617,
            0.101377,
            0.0,
            0.20972199999999996,
            0.19448700000000008,
            0.1466260000000001,
            0.1475140000000001,
            0.13661800000000007,
            0.1184130000000001,
            0.12347300000000011,
            0.13087100000000007,
            0.12840100000000004,
            0.15456500000000006,
            0.16240800000000005,
            0.1345260000000001,
            0.12006000000000006,
            0.10962800000000006,
            0.264224,
            0.296859,
            0.2693500000000001,
            0.27628700000000006,
            0.2498370000000001,
            0.28353700000000004,
            0.29463700000000004,
            0.2757210000000001,
            0.17772800000000005,
            0.17577700000000007,
            0.17458100000000004,
            0.17170600000000008,
            0.19187900000000002,
            0.19665600000000005,
            0.17314000000000007,
            0.15081400000000006,
            0.15709900000000004,
            0.15806800000000004,
            0.1730410000000001,
            0.16690100000000008,
            0.18056000000000005,
            0.23286700000000005,
            0.18768400000000002,
            0.19023100000000004,
            0.177618,
            0.169697,
            0.16279900000000003,
            0.17214400000000002,
            0.15876200000000007,
            0.16384200000000004,
            0.2077110000000001,
            0.25999800000000006,
            0.20948100000000003,
            0.21731000000000011,
            0.18835800000000003,
            0.21072800000000003,
            0.209677,
            0.20513400000000004,
            0.47865900000000006,
            0.4827910000000001,
            0.500862,
            0.24034900000000003,
            0.25517900000000004,
            0.25504200000000005,
            0.25569700000000006
        ],
        [
            0.21225199999999994,
            0.22468199999999994,
            0.25365499999999996,
            0.27549799999999997,
            0.21124399999999993,
            0.22561199999999992,
            0.23083899999999996,
            0.21778799999999993,
            0.27411899999999995,
            0.24131899999999995,
            0.20707899999999996,
            0.20972199999999996,
            0.0,
            0.284343,
            0.23648200000000003,
            0.23737000000000003,
            0.226474,
            0.20826900000000004,
            0.21332900000000005,
            0.220727,
            0.21825699999999998,
            0.244421,
            0.252264,
            0.22438200000000003,
            0.209916,
            0.199484,
            0.35407999999999995,
            0.3867149999999999,
            0.359206,
            0.366143,
            0.339693,
            0.373393,
            0.384493,
            0.36557700000000004,
            0.267584,
            0.265633,
            0.264437,
            0.261562,
            0.28173499999999996,
            0.286512,
            0.262996,
            0.24067,
            0.24695499999999998,
            0.24792399999999998,
            0.26289700000000005,
            0.256757,
            0.270416,
            0.322723,
            0.27753999999999995,
            0.280087,
            0.26747399999999993,
            0.2595529999999999,
            0.25265499999999996,
            0.26199999999999996,
            0.248618,
            0.253698,
            0.297567,
            0.349854,
            0.29933699999999996,
            0.30716600000000005,
            0.27821399999999996,
            0.30058399999999996,
            0.29953299999999994,
            0.29499,
            0.568515,
            0.572647,
            0.590718,
            0.33020499999999997,
            0.345035,
            0.344898,
            0.345553
        ],
        [
            0.19701700000000005,
            0.20944700000000005,
            0.23842000000000008,
            0.2602630000000001,
            0.19600900000000004,
            0.21037700000000004,
            0.21560400000000007,
            0.20255300000000004,
            0.25888400000000006,
            0.22608400000000006,
            0.19184400000000007,
            0.19448700000000008,
            0.284343,
            0.0,
            0.16387900000000005,
            0.16476700000000005,
            0.176927,
            0.15872200000000003,
            0.16378200000000004,
            0.17118,
            0.16870999999999997,
            0.194874,
            0.20271699999999998,
            0.17483500000000002,
            0.16036899999999998,
            0.149937,
            0.316905,
            0.34953999999999996,
            0.32203100000000007,
            0.32896800000000004,
            0.30251800000000006,
            0.336218,
            0.347318,
            0.3284020000000001,
            0.23040900000000003,
            0.22845800000000005,
            0.22726200000000002,
            0.22438700000000006,
            0.24456,
            0.24933700000000003,
            0.22582100000000005,
            0.20349500000000004,
            0.20978000000000002,
            0.21074900000000002,
            0.2257220000000001,
            0.21958200000000005,
            0.23324100000000003,
            0.285548,
            0.240365,
            0.24291200000000002,
            0.23029899999999998,
            0.22237799999999996,
            0.21548,
            0.224825,
            0.21144300000000005,
            0.21652300000000002,
            0.26039200000000007,
            0.31267900000000004,
            0.262162,
            0.2699910000000001,
            0.24933300000000003,
            0.27170300000000003,
            0.270652,
            0.26610900000000004,
            0.5396340000000001,
            0.5437660000000001,
            0.561837,
            0.30132400000000004,
            0.31615400000000005,
            0.31601700000000005,
            0.31667200000000006
        ],
        [
            0.14915600000000007,
            0.16158600000000006,
            0.1905590000000001,
            0.2124020000000001,
            0.14814800000000006,
            0.16251600000000005,
            0.1677430000000001,
            0.15469200000000005,
            0.21102300000000007,
            0.17822300000000008,
            0.14398300000000008,
            0.1466260000000001,
            0.23648200000000003,
            0.16387900000000005,
            0.0,
            0.01246400000000003,
            0.12906600000000001,
            0.11086100000000004,
            0.11592100000000005,
            0.12331900000000001,
            0.12084899999999998,
            0.147013,
            0.154856,
            0.12697400000000003,
            0.112508,
            0.102076,
            0.269044,
            0.301679,
            0.2741700000000001,
            0.28110700000000005,
            0.2546570000000001,
            0.28835700000000003,
            0.29945700000000003,
            0.2805410000000001,
            0.18254800000000004,
            0.18059700000000006,
            0.17940100000000003,
            0.17652600000000007,
            0.196699,
            0.20147600000000004,
            0.17796000000000006,
            0.15563400000000005,
            0.16191900000000004,
            0.16288800000000003,
            0.1778610000000001,
            0.17172100000000007,
            0.18538000000000004,
            0.23768700000000004,
            0.192504,
            0.19505100000000003,
            0.182438,
            0.17451699999999998,
            0.16761900000000002,
            0.176964,
            0.16358200000000006,
            0.16866200000000003,
            0.21253100000000008,
            0.26481800000000005,
            0.21430100000000002,
            0.2221300000000001,
            0.20147200000000004,
            0.22384200000000004,
            0.22279100000000002,
            0.21824800000000005,
            0.49177300000000007,
            0.4959050000000001,
            0.513976,
            0.25346300000000005,
            0.26829300000000006,
            0.26815600000000006,
            0.2688110000000001
        ],
        [
            0.15004400000000007,
            0.16247400000000006,
            0.1914470000000001,
            0.2132900000000001,
            0.14903600000000006,
            0.16340400000000005,
            0.1686310000000001,
            0.15558000000000005,
            0.21191100000000007,
            0.17911100000000008,
            0.14487100000000008,
            0.1475140000000001,
            0.23737000000000003,
            0.16476700000000005,
            0.01246400000000003,
            0.0,
            0.12995400000000001,
            0.11174900000000004,
            0.11680900000000005,
            0.12420700000000001,
            0.12173699999999998,
            0.147901,
            0.155744,
            0.12786200000000003,
            0.113396,
            0.102964,
            0.269932,
            0.302567,
            0.2750580000000001,
            0.28199500000000005,
            0.2555450000000001,
            0.28924500000000003,
            0.30034500000000003,
            0.2814290000000001,
            0.18343600000000004,
            0.18148500000000006,
            0.18028900000000003,
            0.17741400000000007,
            0.197587,
            0.20236400000000004,
            0.17884800000000006,
            0.15652200000000005,
            0.16280700000000004,
            0.16377600000000003,
            0.1787490000000001,
            0.17260900000000007,
            0.18626800000000004,
            0.23857500000000004,
            0.193392,
            0.19593900000000003,
            0.183326,
            0.17540499999999998,
            0.16850700000000002,
            0.177852,
            0.16447000000000006,
            0.16955000000000003,
            0.21341900000000008,
            0.26570600000000005,
            0.21518900000000002,
            0.2230180000000001,
            0.20236000000000004,
            0.22473000000000004,
            0.22367900000000002,
            0.21913600000000005,
            0.49266100000000007,
            0.4967930000000001,
            0.514864,
            0.25435100000000005,
            0.26918100000000006,
            0.26904400000000006,
            0.2696990000000001
        ],
        [
            0.13914800000000005,
            0.15157800000000005,
            0.18055100000000007,
            0.20239400000000007,
            0.13814000000000004,
            0.15250800000000003,
            0.15773500000000007,
            0.14468400000000003,
            0.20101500000000005,
            0.16821500000000006,
            0.13397500000000007,
            0.13661800000000007,
            0.226474,
            0.176927,
            0.12906600000000001,
            0.12995400000000001,
            0.0,
            0.07361699999999999,
            0.078677,
            0.099945,
            0.09747499999999998,
            0.123639,
            0.131482,
            0.10360000000000003,
            0.10249999999999998,
            0.09206799999999998,
            0.259036,
            0.29167099999999996,
            0.26416200000000006,
            0.27109900000000003,
            0.24464900000000006,
            0.278349,
            0.289449,
            0.2705330000000001,
            0.17254000000000003,
            0.17058900000000005,
            0.16939300000000002,
            0.16651800000000005,
            0.186691,
            0.19146800000000003,
            0.16795200000000005,
            0.14562600000000003,
            0.15191100000000002,
            0.15288000000000002,
            0.16785300000000009,
            0.16171300000000005,
            0.17537200000000003,
            0.22767900000000002,
            0.182496,
            0.185043,
            0.17242999999999997,
            0.16450899999999996,
            0.157611,
            0.166956,
            0.15357400000000004,
            0.15865400000000002,
            0.20252300000000006,
            0.25481000000000004,
            0.204293,
            0.2121220000000001,
            0.19146400000000002,
            0.21383400000000002,
            0.212783,
            0.20824000000000004,
            0.48176500000000005,
            0.4858970000000001,
            0.503968,
            0.24345500000000003,
            0.25828500000000004,
            0.25814800000000004,
            0.25880300000000006
        ],
        [
            0.12094300000000008,
            0.13337300000000007,
            0.1623460000000001,
            0.1841890000000001,
            0.11993500000000007,
            0.13430300000000006,
            0.1395300000000001,
            0.12647900000000006,
            0.18281000000000008,
            0.1500100000000001,
            0.1157700000000001,
