{
    "NEXUS_FILE_URL": "http://purl.org/phylo/treebase/phylows/study/TB2:S14010",
    "NEWICK_TREE": "((((1:0.007930106333753018,2:0.005138106471992754):0.07700336541142627,3:0.020246613416277537):0.018825187120260267,(4:0.053214994576323504,(5:0.06159629419493651,6:0.05917957541776331):0.04579042146416745):0.02672181456655931):0.42091238289486543,7:0.42091238289486543);",
    "DISTANCE_MATRIX": [
        [
            0,
            0.013068212805745771,
            0.10518008516145683,
            0.18369546800832237,
            0.23786718909110283,
            0.23545047031392963,
            0.9455834246551704
        ],
        [
            0.013068212805745771,
            0,
            0.10238808529969656,
            0.1809034681465621,
            0.23507518922934256,
            0.23265847045216936,
            0.9427914247934102
        ],
        [
            0.10518008516145683,
            0.10238808529969656,
            0,
            0.11900860967942062,
            0.17318033076220107,
            0.17076361198502787,
            0.8808965663262687
        ],
        [
            0.18369546800832237,
            0.1809034681465621,
            0.11900860967942062,
            0,
            0.16060171023542746,
            0.15818499145825426,
            0.9217615749326137
        ],
        [
            0.23786718909110283,
            0.23507518922934256,
            0.17318033076220107,
            0.16060171023542746,
            0,
            0.12077586961269982,
            0.9759332960153941
        ],
        [
            0.23545047031392963,
            0.23265847045216936,
            0.17076361198502787,
            0.15818499145825426,
            0.12077586961269982,
            0,
            0.9735165772382209
        ],
        [
            0.9455834246551704,
            0.9427914247934102,
            0.8808965663262687,
            0.9217615749326137,
            0.9759332960153941,
            0.9735165772382209,
            0
        ]
    ],
    "NODE_MAPPING": {
        "0": "1",
        "1": "2",
        "2": "3",
        "3": "4",
        "4": "5",
        "5": "6",
        "6": "7"
    }
}