{
    "NEXUS_FILE_URL": "http://purl.org/phylo/treebase/phylows/study/TB2:S10943",
    "NEWICK_TREE": "(44:0.30237156,(((19:1.0E-8,18:1.0E-8):1.0E-8,(21:1.0E-8,20:1.0E-8):0.00127647):0.0038474,(((37:0.00142281,((3:1.0E-8,4:1.0E-8):0.00609423,(((31:1.0E-8,32:1.0E-8):0.0060059,(11:1.0E-8,(9:1.0E-8,(12:1.0E-8,(13:1.0E-8,10:1.0E-8):1.0E-8):1.0E-8):0.00126853):0.00843394):0.00129006,(22:1.0E-8,23:1.0E-8):0.00819436):1.0E-8):0.01188868):0.00388736,(26:1.0E-8,(((14:1.0E-8,(((39:0.00128408,(43:1.0E-8,42:1.0E-8):1.0E-8):0.00128213,(41:1.0E-8,40:1.0E-8):1.0E-8):0.00128015,(29:1.0E-8,28:1.0E-8):1.0E-8):0.00127912):1.0E-8,15:1.0E-8):1.0E-8,27:0.00127948):0.00128277):0.00575689):0.00351905,((38:0.0012707,((((((6:1.0E-8,(35:0.00127755,30:1.0E-8):1.0E-8):1.0E-8,5:1.0E-8):1.0E-8,(16:1.0E-8,17:1.0E-8):0.00127911):0.00257546,(34:1.0E-8,33:1.0E-8):1.0E-8):0.00130639,36:0.00128449):0.00126971,(25:1.0E-8,24:1.0E-8):1.0E-8):1.0E-8):0.00256745,(8:1.0E-8,7:1.0E-8):0.00256142):0.00127235):1.0E-8):1.0E-8,(2:1.0E-8,1:1.0E-8):0.00127431);",
    "DISTANCE_MATRIX": [
        [
            0.0,
            0.30621898999999997,
            0.30621898999999997,
            0.30749545,
            0.30749545,
            0.3112008,
            0.32776090999999996,
            0.32776090999999996,
            0.32896264999999997,
            0.32896264999999997,
            0.33139069,
            0.33265922,
            0.33265923,
            0.33265923999999997,
            0.33265923999999997,
            0.32986105,
            0.32986105,
            0.31164753,
            0.31293032,
            0.31805579,
            0.31677173,
            0.31677173,
            0.3154896,
            0.3154896,
            0.31420945,
            0.31420945,
            0.31293031,
            0.31420977,
            0.30748208,
            0.31136297999999996,
            0.31264052999999997,
            0.31136299,
            0.31136296999999996,
            0.31264207,
            0.31264207,
            0.30878751,
            0.30878751,
            0.30876559,
            0.30621140999999996,
            0.30621140999999996,
            0.30620536,
            0.30620536,
            0.30364588,
            0.30364588
        ],
        [
            0.30621898999999997,
            0.0,
            2e-08,
            0.0012765,
            0.0012765,
            0.012676649999999998,
            0.02923676,
            0.02923676,
            0.0304385,
            0.0304385,
            0.03286654,
            0.034135069999999997,
            0.03413508,
            0.03413509,
            0.03413509,
            0.0313369,
            0.0313369,
            0.01312338,
            0.01440617,
            0.019531640000000003,
            0.01824758,
            0.01824758,
            0.01696545,
            0.01696545,
            0.0156853,
            0.0156853,
            0.014406159999999998,
            0.015685619999999997,
            0.00895793,
            0.012838829999999999,
            0.014116380000000001,
            0.01283884,
            0.01283882,
            0.014117919999999999,
            0.014117919999999999,
            0.01026336,
            0.01026336,
            0.010241440000000001,
            0.00768726,
            0.00768726,
            0.00768121,
            0.00768121,
            0.00512175,
            0.00512175
        ],
        [
            0.30621898999999997,
            2e-08,
            0.0,
            0.0012765,
            0.0012765,
            0.012676649999999998,
            0.02923676,
            0.02923676,
            0.0304385,
            0.0304385,
            0.03286654,
            0.034135069999999997,
            0.03413508,
            0.03413509,
            0.03413509,
            0.0313369,
            0.0313369,
            0.01312338,
            0.01440617,
            0.019531640000000003,
            0.01824758,
            0.01824758,
            0.01696545,
            0.01696545,
            0.0156853,
            0.0156853,
            0.014406159999999998,
            0.015685619999999997,
            0.00895793,
            0.012838829999999999,
            0.014116380000000001,
            0.01283884,
            0.01283882,
            0.014117919999999999,
            0.014117919999999999,
            0.01026336,
            0.01026336,
            0.010241440000000001,
            0.00768726,
            0.00768726,
            0.00768121,
            0.00768121,
            0.00512175,
            0.00512175
        ],
        [
            0.30749545,
            0.0012765,
            0.0012765,
            0.0,
            2e-08,
            0.013953109999999998,
            0.03051322,
            0.03051322,
            0.03171496,
            0.03171496,
            0.034143,
            0.03541153,
            0.03541154,
            0.03541155,
            0.03541155,
            0.03261336,
            0.03261336,
            0.01439984,
            0.01568263,
            0.020808100000000003,
            0.01952404,
            0.01952404,
            0.01824191,
            0.01824191,
            0.01696176,
            0.01696176,
            0.015682619999999998,
            0.016962079999999997,
            0.01023439,
            0.014115289999999999,
            0.015392840000000001,
            0.0141153,
            0.014115280000000001,
            0.01539438,
            0.01539438,
            0.01153982,
            0.01153982,
            0.011517900000000001,
            0.00896372,
            0.00896372,
            0.008957670000000001,
            0.008957670000000001,
            0.00639821,
            0.00639821
        ],
        [
            0.30749545,
            0.0012765,
            0.0012765,
            2e-08,
            0.0,
            0.013953109999999998,
            0.03051322,
            0.03051322,
            0.03171496,
            0.03171496,
            0.034143,
            0.03541153,
            0.03541154,
            0.03541155,
            0.03541155,
            0.03261336,
            0.03261336,
            0.01439984,
            0.01568263,
            0.020808100000000003,
            0.01952404,
            0.01952404,
            0.01824191,
            0.01824191,
            0.01696176,
            0.01696176,
            0.015682619999999998,
            0.016962079999999997,
            0.01023439,
            0.014115289999999999,
            0.015392840000000001,
            0.0141153,
            0.014115280000000001,
            0.01539438,
            0.01539438,
            0.01153982,
            0.01153982,
            0.011517900000000001,
            0.00896372,
            0.00896372,
            0.008957670000000001,
            0.008957670000000001,
            0.00639821,
            0.00639821
        ],
        [
            0.3112008,
            0.012676649999999998,
            0.012676649999999998,
            0.013953109999999998,
            0.013953109999999998,
            0.0,
            0.01940573,
            0.01940573,
            0.02060747,
            0.02060747,
            0.02303551,
            0.02430404,
            0.02430405,
            0.02430406,
            0.02430406,
            0.02150587,
            0.02150587,
            0.011067069999999998,
            0.012349859999999999,
            0.017475329999999997,
            0.01619127,
            0.01619127,
            0.01490914,
            0.01490914,
            0.013628989999999999,
            0.013628989999999999,
            0.012349849999999999,
            0.013629309999999999,
            0.01393972,
            0.01782062,
            0.019098169999999998,
            0.017820629999999997,
            0.01782061,
            0.01909971,
            0.01909971,
            0.015245149999999999,
            0.015245149999999999,
            0.015223229999999999,
            0.012669049999999998,
            0.012669049999999998,
            0.012662999999999999,
            0.012662999999999999,
            0.01010356,
            0.01010356
        ],
        [
            0.32776090999999996,
            0.02923676,
            0.02923676,
            0.03051322,
            0.03051322,
            0.01940573,
            0.0,
            2e-08,
            0.01339022,
            0.01339022,
            0.015818259999999997,
            0.017086789999999998,
            0.0170868,
            0.017086809999999997,
            0.017086809999999997,
            0.014288619999999998,
            0.014288619999999998,
            0.027627179999999998,
            0.02890997,
            0.03403544,
            0.03275138,
            0.03275138,
            0.03146925,
            0.03146925,
            0.030189099999999996,
            0.030189099999999996,
            0.02890996,
            0.030189419999999998,
            0.03049983,
            0.03438073,
            0.03565828,
            0.03438074,
            0.03438072,
            0.035659819999999995,
            0.035659819999999995,
            0.03180526,
            0.03180526,
            0.03178334,
            0.029229159999999997,
            0.029229159999999997,
            0.029223109999999997,
            0.029223109999999997,
            0.02666367,
            0.02666367
        ],
        [
            0.32776090999999996,
            0.02923676,
            0.02923676,
            0.03051322,
            0.03051322,
            0.01940573,
            2e-08,
            0.0,
            0.01339022,
            0.01339022,
            0.015818259999999997,
            0.017086789999999998,
            0.0170868,
            0.017086809999999997,
            0.017086809999999997,
            0.014288619999999998,
            0.014288619999999998,
            0.027627179999999998,
            0.02890997,
            0.03403544,
            0.03275138,
            0.03275138,
            0.03146925,
            0.03146925,
            0.030189099999999996,
            0.030189099999999996,
            0.02890996,
            0.030189419999999998,
            0.03049983,
            0.03438073,
            0.03565828,
            0.03438074,
            0.03438072,
            0.035659819999999995,
            0.035659819999999995,
            0.03180526,
            0.03180526,
            0.03178334,
            0.029229159999999997,
            0.029229159999999997,
            0.029223109999999997,
            0.029223109999999997,
            0.02666367,
            0.02666367
        ],
        [
            0.32896264999999997,
            0.0304385,
            0.0304385,
            0.03171496,
            0.03171496,
            0.02060747,
            0.01339022,
            0.01339022,
            0.0,
            2e-08,
            0.014439859999999999,
            0.01570839,
            0.015708399999999997,
            0.01570841,
            0.01570841,
            0.015490339999999998,
            0.015490339999999998,
            0.028828919999999997,
            0.03011171,
            0.03523718,
            0.033953119999999996,
            0.033953119999999996,
            0.03267099,
            0.03267099,
            0.031390839999999996,
            0.031390839999999996,
            0.030111699999999998,
            0.03139116,
            0.03170157,
            0.03558247,
            0.03686002,
            0.03558248,
            0.035582459999999996,
            0.03686156,
            0.03686156,
            0.033006999999999995,
            0.033006999999999995,
            0.03298508,
            0.030430899999999997,
            0.030430899999999997,
            0.030424849999999996,
            0.030424849999999996,
            0.02786541,
            0.02786541
        ],
        [
            0.32896264999999997,
            0.0304385,
            0.0304385,
            0.03171496,
            0.03171496,
            0.02060747,
            0.01339022,
            0.01339022,
            2e-08,
            0.0,
            0.014439859999999999,
            0.01570839,
            0.015708399999999997,
            0.01570841,
            0.01570841,
            0.015490339999999998,
            0.015490339999999998,
            0.028828919999999997,
            0.03011171,
            0.03523718,
            0.033953119999999996,
            0.033953119999999996,
            0.03267099,
            0.03267099,
            0.031390839999999996,
            0.031390839999999996,
            0.030111699999999998,
            0.03139116,
            0.03170157,
            0.03558247,
            0.03686002,
            0.03558248,
            0.035582459999999996,
            0.03686156,
            0.03686156,
            0.033006999999999995,
            0.033006999999999995,
            0.03298508,
            0.030430899999999997,
            0.030430899999999997,
            0.030424849999999996,
            0.030424849999999996,
            0.02786541,
            0.02786541
        ],
        [
            0.33139069,
            0.03286654,
            0.03286654,
            0.034143,
            0.034143,
            0.02303551,
            0.015818259999999997,
            0.015818259999999997,
            0.014439859999999999,
            0.014439859999999999,
            0.0,
            0.0012685499999999998,
            0.00126856,
            0.00126857,
            0.00126857,
            0.017918379999999998,
            0.017918379999999998,
            0.03125696,
            0.03253975,
            0.03766522,
            0.036381159999999996,
            0.036381159999999996,
            0.035099029999999996,
            0.035099029999999996,
            0.033818879999999996,
            0.033818879999999996,
            0.03253974,
            0.033819199999999994,
            0.03412961,
            0.03801051,
            0.03928806,
            0.03801052,
            0.038010499999999996,
            0.039289599999999994,
            0.039289599999999994,
            0.03543504,
            0.03543504,
            0.03541312,
            0.032858939999999996,
            0.032858939999999996,
            0.032852889999999996,
            0.032852889999999996,
            0.03029345,
            0.03029345
        ],
        [
            0.33265922,
            0.034135069999999997,
            0.034135069999999997,
            0.03541153,
            0.03541153,
            0.02430404,
            0.017086789999999998,
            0.017086789999999998,
            0.01570839,
            0.01570839,
            0.0012685499999999998,
            0.0,
            3.0000000000000004e-08,
            4e-08,
            4e-08,
            0.019186909999999998,
            0.019186909999999998,
            0.03252549,
            0.033808279999999996,
            0.038933749999999996,
            0.03764969,
            0.03764969,
            0.03636756,
            0.03636756,
            0.03508741,
            0.03508741,
            0.03380827,
            0.03508773,
            0.035398139999999995,
            0.03927904,
            0.04055659,
            0.039279049999999996,
            0.03927903,
            0.04055813,
            0.04055813,
            0.03670357,
            0.03670357,
            0.036681649999999996,
            0.03412747,
            0.03412747,
            0.03412142,
            0.03412142,
            0.03156198,
            0.03156198
        ],
        [
            0.33265923,
            0.03413508,
            0.03413508,
            0.03541154,
            0.03541154,
            0.02430405,
            0.0170868,
            0.0170868,
            0.015708399999999997,
            0.015708399999999997,
            0.00126856,
            3.0000000000000004e-08,
            0.0,
            3.0000000000000004e-08,
            3.0000000000000004e-08,
            0.01918692,
            0.01918692,
            0.0325255,
            0.03380829,
            0.03893376,
            0.0376497,
            0.0376497,
            0.03636757,
            0.03636757,
            0.03508742,
            0.03508742,
            0.033808279999999996,
            0.03508774,
            0.03539815,
            0.039279049999999996,
            0.0405566,
            0.03927906,
            0.03927904,
            0.04055814,
            0.04055814,
            0.03670358,
            0.03670358,
            0.03668166,
            0.03412748,
            0.03412748,
            0.03412143,
            0.03412143,
            0.031561990000000005,
            0.031561990000000005
        ],
        [
            0.33265923999999997,
            0.03413509,
            0.03413509,
            0.03541155,
            0.03541155,
            0.02430406,
            0.017086809999999997,
            0.017086809999999997,
            0.01570841,
            0.01570841,
            0.00126857,
            4e-08,
            3.0000000000000004e-08,
            0.0,
            2e-08,
            0.019186929999999998,
            0.019186929999999998,
            0.03252551,
            0.0338083,
            0.03893377,
            0.037649709999999996,
            0.037649709999999996,
            0.03636758,
            0.03636758,
            0.035087429999999996,
            0.035087429999999996,
            0.03380829,
            0.03508775,
            0.03539816,
            0.03927906,
            0.04055661,
            0.03927907,
            0.039279049999999996,
            0.04055815,
            0.04055815,
            0.036703589999999994,
            0.036703589999999994,
            0.03668167,
            0.034127489999999996,
            0.034127489999999996,
            0.034121439999999996,
            0.034121439999999996,
            0.031562,
            0.031562
        ],
        [
            0.33265923999999997,
            0.03413509,
            0.03413509,
            0.03541155,
            0.03541155,
            0.02430406,
            0.017086809999999997,
            0.017086809999999997,
            0.01570841,
            0.01570841,
            0.00126857,
            4e-08,
            3.0000000000000004e-08,
            2e-08,
            0.0,
            0.019186929999999998,
            0.019186929999999998,
            0.03252551,
            0.0338083,
            0.03893377,
            0.037649709999999996,
            0.037649709999999996,
            0.03636758,
            0.03636758,
            0.035087429999999996,
            0.035087429999999996,
            0.03380829,
            0.03508775,
            0.03539816,
            0.03927906,
            0.04055661,
            0.03927907,
            0.039279049999999996,
            0.04055815,
            0.04055815,
            0.036703589999999994,
            0.036703589999999994,
            0.03668167,
            0.034127489999999996,
            0.034127489999999996,
            0.034121439999999996,
            0.034121439999999996,
            0.031562,
            0.031562
        ],
        [
            0.32986105,
            0.0313369,
            0.0313369,
            0.03261336,
            0.03261336,
            0.02150587,
            0.014288619999999998,
            0.014288619999999998,
            0.015490339999999998,
            0.015490339999999998,
            0.017918379999999998,
            0.019186909999999998,
            0.01918692,
            0.019186929999999998,
            0.019186929999999998,
            0.0,
            2e-08,
            0.029727319999999998,
            0.03101011,
            0.03613558,
            0.03485152,
            0.03485152,
            0.03356939,
            0.03356939,
            0.03228924,
            0.03228924,
            0.0310101,
            0.032289559999999995,
            0.03259997,
            0.03648087,
            0.03775842,
            0.03648088,
            0.03648086,
            0.037759959999999995,
            0.037759959999999995,
            0.0339054,
            0.0339054,
            0.03388348,
            0.0313293,
            0.0313293,
            0.03132325,
            0.03132325,
            0.02876381,
            0.02876381
        ],
        [
            0.32986105,
            0.0313369,
            0.0313369,
            0.03261336,
            0.03261336,
            0.02150587,
            0.014288619999999998,
            0.014288619999999998,
            0.015490339999999998,
            0.015490339999999998,
            0.017918379999999998,
            0.019186909999999998,
            0.01918692,
            0.019186929999999998,
            0.019186929999999998,
            2e-08,
            0.0,
            0.029727319999999998,
            0.03101011,
            0.03613558,
            0.03485152,
            0.03485152,
            0.03356939,
            0.03356939,
            0.03228924,
            0.03228924,
            0.0310101,
            0.032289559999999995,
            0.03259997,
            0.03648087,
            0.03775842,
            0.03648088,
            0.03648086,
            0.037759959999999995,
            0.037759959999999995,
            0.0339054,
            0.0339054,
            0.03388348,
            0.0313293,
            0.0313293,
            0.03132325,
            0.03132325,
            0.02876381,
            0.02876381
        ],
        [
            0.31164753,
            0.01312338,
            0.01312338,
            0.01439984,
            0.01439984,
            0.011067069999999998,
            0.027627179999999998,
            0.027627179999999998,
            0.028828919999999997,
            0.028828919999999997,
            0.03125696,
            0.03252549,
            0.0325255,
            0.03252551,
            0.03252551,
            0.029727319999999998,
            0.029727319999999998,
            0.0,
            0.00128281,
            0.00640828,
            0.00512422,
            0.00512422,
            0.00384209,
            0.00384209,
            0.0025619399999999995,
            0.0025619399999999995,
            0.0012828,
            0.00256226,
            0.01438645,
            0.01826735,
            0.0195449,
            0.01826736,
            0.01826734,
            0.019546439999999998,
            0.019546439999999998,
            0.01569188,
            0.01569188,
            0.01566996,
            0.01311578,
            0.01311578,
            0.01310973,
            0.01310973,
            0.01055029,
            0.01055029
        ],
        [
            0.31293032,
            0.01440617,
            0.01440617,
            0.01568263,
            0.01568263,
            0.012349859999999999,
            0.02890997,
            0.02890997,
            0.03011171,
            0.03011171,
            0.03253975,
            0.033808279999999996,
            0.03380829,
            0.0338083,
            0.0338083,
            0.03101011,
            0.03101011,
            0.00128281,
            0.0,
            0.00512549,
            0.00384143,
            0.00384143,
            0.0025593,
            0.0025593,
            0.00127915,
            0.00127915,
            3.0000000000000004e-08,
            0.00127951,
            0.01566924,
            0.01955014,
            0.020827690000000003,
            0.019550150000000002,
            0.01955013,
            0.02082923,
            0.02082923,
            0.01697467,
            0.01697467,
            0.016952750000000003,
            0.01439857,
            0.01439857,
            0.01439252,
            0.01439252,
            0.011833080000000001,
            0.011833080000000001
        ],
        [
            0.31805579,
            0.019531640000000003,
            0.019531640000000003,
            0.020808100000000003,
            0.020808100000000003,
            0.017475329999999997,
            0.03403544,
            0.03403544,
            0.03523718,
            0.03523718,
            0.03766522,
            0.038933749999999996,
            0.03893376,
            0.03893377,
            0.03893377,
            0.03613558,
            0.03613558,
            0.00640828,
            0.00512549,
            0.0,
            0.0012841,
            0.0012841,
            0.00256623,
            0.00256623,
            0.00384638,
            0.00384638,
            0.0051255,
            0.006404979999999999,
            0.02079471,
            0.02467561,
            0.025953160000000003,
            0.024675620000000002,
            0.0246756,
            0.0259547,
            0.0259547,
            0.02210014,
            0.02210014,
            0.022078220000000003,
            0.01952404,
            0.01952404,
            0.01951799,
            0.01951799,
            0.016958550000000003,
            0.016958550000000003
        ],
        [
            0.31677173,
            0.01824758,
            0.01824758,
            0.01952404,
            0.01952404,
            0.01619127,
            0.03275138,
            0.03275138,
            0.033953119999999996,
            0.033953119999999996,
            0.036381159999999996,
            0.03764969,
            0.0376497,
            0.037649709999999996,
            0.037649709999999996,
            0.03485152,
            0.03485152,
            0.00512422,
            0.00384143,
            0.0012841,
            0.0,
            2e-08,
            0.0012821700000000002,
            0.0012821700000000002,
            0.00256232,
            0.00256232,
            0.00384144,
            0.005120919999999999,
            0.01951065,
            0.02339155,
            0.0246691,
            0.02339156,
            0.023391540000000002,
            0.02467064,
            0.02467064,
            0.02081608,
            0.02081608,
            0.02079416,
            0.01823998,
            0.01823998,
            0.018233930000000002,
            0.018233930000000002,
            0.01567449,
            0.01567449
        ],
        [
            0.31677173,
            0.01824758,
            0.01824758,
            0.01952404,
            0.01952404,
            0.01619127,
            0.03275138,
            0.03275138,
            0.033953119999999996,
            0.033953119999999996,
            0.036381159999999996,
            0.03764969,
            0.0376497,
            0.037649709999999996,
            0.037649709999999996,
            0.03485152,
            0.03485152,
            0.00512422,
            0.00384143,
            0.0012841,
            2e-08,
            0.0,
            0.0012821700000000002,
            0.0012821700000000002,
            0.00256232,
            0.00256232,
            0.00384144,
            0.005120919999999999,
            0.01951065,
            0.02339155,
            0.0246691,
            0.02339156,
            0.023391540000000002,
            0.02467064,
            0.02467064,
            0.02081608,
            0.02081608,
            0.02079416,
            0.01823998,
            0.01823998,
            0.018233930000000002,
            0.018233930000000002,
            0.01567449,
            0.01567449
        ],
        [
            0.3154896,
            0.01696545,
            0.01696545,
            0.01824191,
            0.01824191,
            0.01490914,
            0.03146925,
            0.03146925,
            0.03267099,
            0.03267099,
            0.035099029999999996,
            0.03636756,
            0.03636757,
            0.03636758,
            0.03636758,
            0.03356939,
            0.03356939,
            0.00384209,
            0.0025593,
            0.00256623,
            0.0012821700000000002,
            0.0012821700000000002,
            0.0,
            2e-08,
            0.0012801900000000003,
            0.0012801900000000003,
            0.00255931,
            0.00383879,
            0.01822852,
            0.02210942,
            0.02338697,
            0.02210943,
            0.022109410000000003,
            0.02338851,
            0.02338851,
            0.01953395,
            0.01953395,
            0.01951203,
            0.01695785,
            0.01695785,
            0.016951800000000003,
            0.016951800000000003,
            0.014392360000000002,
            0.014392360000000002
        ],
        [
            0.3154896,
            0.01696545,
            0.01696545,
            0.01824191,
            0.01824191,
            0.01490914,
            0.03146925,
            0.03146925,
            0.03267099,
            0.03267099,
            0.035099029999999996,
            0.03636756,
            0.03636757,
            0.03636758,
            0.03636758,
            0.03356939,
            0.03356939,
            0.00384209,
            0.0025593,
            0.00256623,
            0.0012821700000000002,
            0.0012821700000000002,
            2e-08,
            0.0,
            0.0012801900000000003,
            0.0012801900000000003,
            0.00255931,
            0.00383879,
            0.01822852,
            0.02210942,
            0.02338697,
            0.02210943,
            0.022109410000000003,
            0.02338851,
            0.02338851,
            0.01953395,
            0.01953395,
            0.01951203,
            0.01695785,
            0.01695785,
            0.016951800000000003,
            0.016951800000000003,
            0.014392360000000002,
            0.014392360000000002
        ],
        [
            0.31420945,
            0.0156853,
            0.0156853,
            0.01696176,
            0.01696176,
            0.013628989999999999,
            0.030189099999999996,
            0.030189099999999996,
            0.031390839999999996,
            0.031390839999999996,
            0.033818879999999996,
            0.03508741,
            0.03508742,
            0.035087429999999996,
            0.035087429999999996,
            0.03228924,
            0.03228924,
            0.0025619399999999995,
            0.00127915,
            0.00384638,
            0.00256232,
            0.00256232,
            0.0012801900000000003,
            0.0012801900000000003,
            0.0,
            2e-08,
            0.0012791599999999999,
            0.00255864,
            0.01694837,
            0.02082927,
            0.02210682,
            0.02082928,
            0.020829260000000002,
            0.02210836,
            0.02210836,
            0.0182538,
            0.0182538,
            0.01823188,
            0.0156777,
            0.0156777,
            0.015671650000000002,
            0.015671650000000002,
            0.013112210000000001,
            0.013112210000000001
        ],
        [
            0.31420945,
            0.0156853,
            0.0156853,
            0.01696176,
            0.01696176,
            0.013628989999999999,
            0.030189099999999996,
            0.030189099999999996,
            0.031390839999999996,
            0.031390839999999996,
            0.033818879999999996,
            0.03508741,
            0.03508742,
            0.035087429999999996,
            0.035087429999999996,
            0.03228924,
            0.03228924,
            0.0025619399999999995,
            0.00127915,
            0.00384638,
            0.00256232,
            0.00256232,
            0.0012801900000000003,
            0.0012801900000000003,
            2e-08,
            0.0,
            0.0012791599999999999,
            0.00255864,
            0.01694837,
            0.02082927,
            0.02210682,
            0.02082928,
            0.020829260000000002,
            0.02210836,
            0.02210836,
            0.0182538,
            0.0182538,
            0.01823188,
            0.0156777,
            0.0156777,
            0.015671650000000002,
            0.015671650000000002,
            0.013112210000000001,
            0.013112210000000001
        ],
        [
            0.31293031,
            0.014406159999999998,
            0.014406159999999998,
            0.015682619999999998,
            0.015682619999999998,
            0.012349849999999999,
            0.02890996,
            0.02890996,
            0.030111699999999998,
            0.030111699999999998,
            0.03253974,
            0.03380827,
            0.033808279999999996,
            0.03380829,
            0.03380829,
            0.0310101,
            0.0310101,
            0.0012828,
            3.0000000000000004e-08,
            0.0051255,
            0.00384144,
            0.00384144,
            0.00255931,
            0.00255931,
            0.0012791599999999999,
            0.0012791599999999999,
            0.0,
            0.0012795,
            0.01566923,
            0.01955013,
            0.02082768,
            0.01955014,
            0.019550119999999997,
            0.02082922,
            0.02082922,
            0.01697466,
            0.01697466,
            0.01695274,
            0.014398559999999998,
            0.014398559999999998,
            0.014392509999999999,
            0.014392509999999999,
            0.01183307,
            0.01183307
        ],
        [
            0.31420977,
            0.015685619999999997,
            0.015685619999999997,
            0.016962079999999997,
            0.016962079999999997,
            0.013629309999999999,
            0.030189419999999998,
            0.030189419999999998,
            0.03139116,
            0.03139116,
            0.033819199999999994,
            0.03508773,
            0.03508774,
            0.03508775,
            0.03508775,
            0.032289559999999995,
            0.032289559999999995,
            0.00256226,
            0.00127951,
            0.006404979999999999,
            0.005120919999999999,
            0.005120919999999999,
            0.00383879,
            0.00383879,
            0.00255864,
            0.00255864,
            0.0012795,
            0.0,
            0.01694869,
            0.02082959,
            0.022107139999999997,
            0.020829599999999997,
            0.02082958,
            0.02210868,
            0.02210868,
            0.01825412,
            0.01825412,
            0.018232199999999997,
            0.015678019999999997,
            0.015678019999999997,
            0.01567197,
            0.01567197,
            0.013112529999999999,
            0.013112529999999999
        ],
        [
            0.30748208,
            0.00895793,
            0.00895793,
            0.01023439,
            0.01023439,
            0.01393972,
            0.03049983,
            0.03049983,
            0.03170157,
            0.03170157,
            0.03412961,
            0.035398139999999995,
            0.03539815,
            0.03539816,
            0.03539816,
            0.03259997,
            0.03259997,
            0.01438645,
            0.01566924,
            0.02079471,
            0.01951065,
            0.01951065,
            0.01822852,
            0.01822852,
            0.01694837,
            0.01694837,
            0.01566923,
            0.01694869,
            0.0,
            0.006422300000000001,
            0.007699849999999999,
            0.0064223100000000005,
            0.006422290000000001,
            0.007701390000000001,
            0.007701390000000001,
            0.0038468300000000003,
            0.0038468300000000003,
            0.00382491,
            0.00127073,
            0.00127073,
            0.00639958,
            0.00639958,
            0.00638484,
            0.00638484
        ],
        [
            0.31136297999999996,
            0.012838829999999999,
            0.012838829999999999,
            0.014115289999999999,
            0.014115289999999999,
            0.01782062,
            0.03438073,
            0.03438073,
            0.03558247,
            0.03558247,
            0.03801051,
            0.03927904,
            0.039279049999999996,
            0.03927906,
            0.03927906,
            0.03648087,
            0.03648087,
            0.01826735,
            0.01955014,
            0.02467561,
            0.02339155,
            0.02339155,
            0.02210942,
            0.02210942,
            0.02082927,
            0.02082927,
            0.01955013,
            0.02082959,
            0.006422300000000001,
            0.0,
            0.0012775699999999998,
            3.0000000000000004e-08,
            3.0000000000000004e-08,
            0.00127915,
            0.00127915,
            0.0025755099999999996,
            0.0025755099999999996,
            0.00516637,
            0.00515161,
            0.00515161,
            0.01028048,
            0.01028048,
            0.01026574,
            0.01026574
        ],
        [
            0.31264052999999997,
            0.014116380000000001,
            0.014116380000000001,
            0.015392840000000001,
            0.015392840000000001,
            0.019098169999999998,
            0.03565828,
            0.03565828,
            0.03686002,
            0.03686002,
            0.03928806,
            0.04055659,
            0.0405566,
            0.04055661,
            0.04055661,
            0.03775842,
            0.03775842,
            0.0195449,
            0.020827690000000003,
            0.025953160000000003,
            0.0246691,
            0.0246691,
            0.02338697,
            0.02338697,
            0.02210682,
            0.02210682,
            0.02082768,
            0.022107139999999997,
            0.007699849999999999,
            0.0012775699999999998,
            0.0,
            0.0012775599999999999,
            0.0012775799999999997,
            0.0025566999999999994,
            0.0025566999999999994,
            0.0038530599999999993,
            0.0038530599999999993,
            0.00644392,
            0.00642916,
            0.00642916,
            0.01155803,
            0.01155803,
            0.011543290000000001,
            0.011543290000000001
        ],
        [
            0.31136299,
            0.01283884,
            0.01283884,
            0.0141153,
            0.0141153,
            0.017820629999999997,
            0.03438074,
            0.03438074,
            0.03558248,
            0.03558248,
            0.03801052,
            0.039279049999999996,
            0.03927906,
            0.03927907,
            0.03927907,
            0.03648088,
            0.03648088,
            0.01826736,
            0.019550150000000002,
            0.024675620000000002,
            0.02339156,
            0.02339156,
            0.02210943,
            0.02210943,
            0.02082928,
            0.02082928,
            0.01955014,
            0.020829599999999997,
            0.0064223100000000005,
            3.0000000000000004e-08,
            0.0012775599999999999,
            0.0,
            4e-08,
            0.0012791599999999999,
            0.0012791599999999999,
            0.00257552,
            0.00257552,
            0.00516638,
            0.00515162,
            0.00515162,
            0.01028049,
            0.01028049,
            0.01026575,
            0.01026575
        ],
        [
            0.31136296999999996,
            0.01283882,
            0.01283882,
            0.014115280000000001,
            0.014115280000000001,
            0.01782061,
            0.03438072,
            0.03438072,
            0.035582459999999996,
            0.035582459999999996,
            0.038010499999999996,
            0.03927903,
            0.03927904,
            0.039279049999999996,
            0.039279049999999996,
            0.03648086,
            0.03648086,
            0.01826734,
