{
    "NEXUS_FILE_URL": "http://purl.org/phylo/treebase/phylows/study/TB2:S11894",
    "NEWICK_TREE": "((((((((((30:0.21257155,31:0.03028795):0.11512663,32:0.23880007):0.07874699,(28:0.17456497,29:0.22445162):0.10613336):0.05469334,33:0.17513082):0.10810034,(17:0.22437428,18:0.07327175):0.162204):0.07739261,((19:4.4007E-4,20:0.03947822):0.05231623,(27:6.1454E-4,(26:4.0953E-4,(25:3.0702E-4,(24:3.0702E-4,(22:5.0E-7,23:5.0E-7):0.04051748):3.0752E-4):3.0752E-4):4.1003E-4):0.03044456):0.04856268):0.11912454,7:0.04451657):0.01995191,(((13:0.00556992,15:0.03466304):0.04751182,16:0.12999872):0.07342981,(14:0.04834922,(9:0.02850278,(10:0.11236083,(11:5.0E-7,12:5.0E-7):0.15113301):0.01339277):0.19888672):0.04771915):0.04839152):0.02267437,((((54:0.2679619,55:0.19406817):0.10619896,(56:0.16310158,58:0.42268678):0.02801034):0.02159312,57:0.03474555):0.34947499,((((34:0.30308646,35:0.1149122):0.16727359,36:0.27480631):0.13566936,37:0.33045599):0.09726971,((((((51:0.00233219,52:0.04463341):0.1067222,47:0.01931122):0.03844542,50:0.14677855):0.03167461,46:0.11990677):0.0095001,(48:0.04609784,49:0.00502536):0.05455847):0.08218527,(((38:0.09821727,39:0.1025255):0.02994659,40:0.09231043):0.07792174,(43:0.03968994,((41:0.10703355,42:0.08656746):0.07611408,(53:0.44947451,(44:0.09299383,45:0.04312129):0.04918656):0.0585168):0.05651359):0.05828541):0.11425659):0.0178068):0.02569316):0.16543769):0.03201973,(6:0.09959134,(5:0.44230031,(4:0.04172308,(3:0.00661433,(1:0.08869318,2:0.15370539):0.15622017):0.0925437):0.12004974):0.06310552):0.14321213,(8:0.20125235,(21:0.24198454,59:0.99837452):0.12888029):0.13010319);",
    "DISTANCE_MATRIX": [
        [
            0.0,
            0.2428595,
            0.56649825,
            0.6871435,
            0.73703015,
            0.63626933,
            0.95581713,
            0.8047146,
            0.7479504399999999,
            0.78698859,
            0.7262532399999999,
            0.7264582599999999,
            0.72666327,
            0.72697079,
            0.7671817499999999,
            0.7671817499999999,
            0.8102725699999999,
            0.9606109799999998,
            0.9897040999999999,
            1.0375279599999998,
            0.9301677999999999,
            1.10920808,
            1.2064589,
            1.2452315799999998,
            1.2452315799999998,
            1.7190489399999997,
            1.6451552099999998,
            1.5359999999999996,
            1.7955851999999997,
            1.35804051,
            1.7028122499999996,
            1.5146379899999998,
            1.5072585099999998,
            1.4272388299999998,
            1.2881797199999998,
            1.3304809399999997,
            1.1984365499999998,
            1.2874584599999999,
            1.2289120699999998,
            1.2001615099999998,
            1.1590890299999999,
            1.3376621199999996,
            1.3419703499999998,
            1.3018086899999997,
            1.2295518699999999,
            1.4295231499999996,
            1.4090570599999999,
            1.7543668299999997,
            1.4470727099999996,
            1.3972001699999996,
            1.0832054799999997,
            1.4890199699999997,
            1.2084924799999999,
            1.2659274299999999,
            1.5042264499999998,
            1.56923866,
            1.1717575499999997,
            1.3413700299999998,
            2.09776001
        ],
        [
            0.2428595,
            0.0,
            0.38421465,
            0.5048599,
            0.55474655,
            0.45398573,
            0.7735335299999999,
            0.622431,
            0.56566684,
            0.6047049899999999,
            0.5439696399999999,
            0.5441746599999999,
            0.54437967,
            0.5446871899999999,
            0.5848981499999999,
            0.5848981499999999,
            0.62798897,
            0.7783273799999999,
            0.8074205,
            0.8552443599999999,
            0.7478842,
            0.92692448,
            1.0241753,
            1.06294798,
            1.06294798,
            1.5367653399999999,
            1.4628716099999999,
            1.3537163999999997,
            1.6133015999999998,
            1.17575691,
            1.5205286499999997,
            1.3323543899999999,
            1.32497491,
            1.24495523,
            1.10589612,
            1.1481973399999998,
            1.01615295,
            1.10517486,
            1.04662847,
            1.01787791,
            0.97680543,
            1.1553785199999997,
            1.1596867499999999,
            1.1195250899999998,
            1.04726827,
            1.2472395499999998,
            1.22677346,
            1.5720832299999998,
            1.2647891099999997,
            1.2149165699999998,
            0.90092188,
            1.3067363699999999,
            1.02620888,
            1.08364383,
            1.32194285,
            1.38695506,
            0.9894739499999999,
            1.15908643,
            1.9154764100000001
        ],
        [
            0.56649825,
            0.38421465,
            0.0,
            0.59824539,
            0.6481320399999999,
            0.5473712199999999,
            0.86691902,
            0.7158164899999999,
            0.65905233,
            0.6980904800000001,
            0.63735513,
            0.63756015,
            0.63776516,
            0.6380726800000001,
            0.67828364,
            0.67828364,
            0.7213744599999999,
            0.8717128699999999,
            0.90080599,
            0.9486298499999999,
            0.84126969,
            1.02030997,
            1.11756079,
            1.1563334699999999,
            1.1563334699999999,
            1.6301508299999998,
            1.5562570999999998,
            1.44710189,
            1.70668709,
            1.2691423999999998,
            1.6139141399999999,
            1.4257398799999996,
            1.4183603999999996,
            1.3383407199999997,
            1.1992816099999999,
            1.24158283,
            1.10953844,
            1.1985603499999997,
            1.1400139599999999,
            1.1112634,
            1.07019092,
            1.24876401,
            1.2530722399999998,
            1.21291058,
            1.1406537599999997,
            1.34062504,
            1.3201589499999997,
            1.6654687199999998,
            1.3581746,
            1.30830206,
            0.9943073699999999,
            1.4001218599999998,
            1.11959437,
            1.17702932,
            1.4153283399999999,
            1.4803405499999998,
            1.08285944,
            1.25247192,
            2.0088619000000003
        ],
        [
            0.6871435,
            0.5048599,
            0.59824539,
            0.0,
            0.39901659,
            0.5105224899999999,
            0.83007029,
            0.6789677599999999,
            0.6222036,
            0.6612417500000001,
            0.6005064,
            0.60071142,
            0.6009164300000001,
            0.6012239500000001,
            0.64143491,
            0.64143491,
            0.6845257299999999,
            0.8348641399999999,
            0.86395726,
            0.9117811199999999,
            0.80442096,
            0.98346124,
            1.08071206,
            1.1194847399999999,
            1.1194847399999999,
            1.5933020999999998,
            1.5194083699999998,
            1.41025316,
            1.66983836,
            1.2322936699999998,
            1.57706541,
            1.3888911499999996,
            1.3815116699999996,
            1.3014919899999997,
            1.16243288,
            1.2047341,
            1.07268971,
            1.1617116199999997,
            1.1031652299999999,
            1.07441467,
            1.03334219,
            1.21191528,
            1.2162235099999998,
            1.17606185,
            1.1038050299999997,
            1.30377631,
            1.2833102199999997,
            1.6286199899999998,
            1.32132587,
            1.27145333,
            0.9574586399999999,
            1.3632731299999998,
            1.08274564,
            1.14018059,
            1.3784796099999999,
            1.4434918199999998,
            1.04601071,
            1.21562319,
            1.97201317
        ],
        [
            0.73703015,
            0.55474655,
            0.6481320399999999,
            0.39901659,
            0.0,
            0.56040914,
            0.87995694,
            0.72885441,
            0.6720902499999999,
            0.7111284,
            0.6503930499999999,
            0.6505980699999999,
            0.65080308,
            0.6511106,
            0.6913215599999999,
            0.6913215599999999,
            0.7344123799999999,
            0.8847507899999998,
            0.9138439099999999,
            0.9616677699999998,
            0.8543076099999999,
            1.03334789,
            1.13059871,
            1.1693713899999998,
            1.1693713899999998,
            1.6431887499999998,
            1.5692950199999998,
            1.4601398099999998,
            1.7197250099999999,
            1.2821803199999997,
            1.6269520599999998,
            1.4387777999999996,
            1.4313983199999996,
            1.3513786399999996,
            1.2123195299999998,
            1.25462075,
            1.1225763599999998,
            1.2115982699999996,
            1.1530518799999998,
            1.1243013199999998,
            1.0832288399999999,
            1.2618019299999998,
            1.2661101599999998,
            1.2259484999999999,
            1.1536916799999997,
            1.3536629599999999,
            1.3331968699999996,
            1.6785066399999997,
            1.3712125199999998,
            1.3213399799999999,
            1.0073452899999997,
            1.4131597799999998,
            1.1326322899999999,
            1.1900672399999999,
            1.4283662599999998,
            1.4933784699999997,
            1.09589736,
            1.26550984,
            2.02189982
        ],
        [
            0.63626933,
            0.45398573,
            0.5473712199999999,
            0.5105224899999999,
            0.56040914,
            0.0,
            0.66980944,
            0.5187069099999999,
            0.46194275,
            0.5009809000000001,
            0.44024555,
            0.44045057,
            0.44065558,
            0.4409631,
            0.48117406,
            0.48117406,
            0.52426488,
            0.6746032900000001,
            0.70369641,
            0.7515202700000001,
            0.6441601100000001,
            0.82320039,
            0.92045121,
            0.9592238900000001,
            0.9592238900000001,
            1.43304125,
            1.35914752,
            1.24999231,
            1.5095775100000002,
            1.07203282,
            1.41680456,
            1.2286302999999998,
            1.2212508199999998,
            1.14123114,
            1.00217203,
            1.0444732500000002,
            0.9124288600000001,
            1.00145077,
            0.9429043800000001,
            0.9141538200000001,
            0.8730813400000002,
            1.0516544300000001,
            1.05596266,
            1.0158010000000002,
            0.9435441800000001,
            1.1435154600000002,
            1.12304937,
            1.46835914,
            1.1610650200000001,
            1.1111924800000001,
            0.7971977900000001,
            1.20301228,
            0.9224847900000002,
            0.9799197400000002,
            1.21821876,
            1.28323097,
            0.8857498600000001,
            1.0553623400000003,
            1.8117523200000003
        ],
        [
            0.95581713,
            0.7735335299999999,
            0.86691902,
            0.83007029,
            0.87995694,
            0.66980944,
            0.0,
            0.29764603,
            0.56528987,
            0.6043280200000001,
            0.54359267,
            0.54379769,
            0.5440027000000001,
            0.5443102200000001,
            0.58452118,
            0.58452118,
            0.627612,
            0.7779504099999999,
            0.80704353,
            0.8548673899999999,
            0.74750723,
            0.92654751,
            1.02379833,
            1.0625710099999999,
            1.0625710099999999,
            1.5363883699999998,
            1.4624946399999998,
            1.3533394299999997,
            1.6129246299999997,
            1.17537994,
            1.5201516799999997,
            1.3319774199999999,
            1.3245979399999999,
            1.24457826,
            1.10551915,
            1.1478203699999998,
            1.01577598,
            1.10479789,
            1.0462515,
            1.01750094,
            0.9764284599999999,
            1.1550015499999997,
            1.1593097799999998,
            1.1191481199999997,
            1.0468913,
            1.2468625799999997,
            1.22639649,
            1.5717062599999998,
            1.2644121399999997,
            1.2145395999999997,
            0.9005449099999999,
            1.3063593999999998,
            1.02583191,
            1.08326686,
            1.3215658799999999,
            1.38657809,
            0.9890969799999999,
            1.1587094599999999,
            1.91509944
        ],
        [
            0.8047146,
            0.622431,
            0.7158164899999999,
            0.6789677599999999,
            0.72885441,
            0.5187069099999999,
            0.29764603,
            0.0,
            0.41418733999999996,
            0.45322548999999995,
            0.39249013999999993,
            0.39269515999999993,
            0.39290016999999994,
            0.39320768999999994,
            0.43341864999999996,
            0.43341864999999996,
            0.47650946999999994,
            0.6268478799999999,
            0.655941,
            0.7037648599999999,
            0.5964047,
            0.7754449800000001,
            0.8726958,
            0.9114684799999999,
            0.9114684799999999,
            1.3852858399999999,
            1.3113921099999999,
            1.2022369,
            1.4618221,
            1.02427741,
            1.36904915,
            1.18087489,
            1.17349541,
            1.09347573,
            0.9544166199999999,
            0.9967178400000001,
            0.86467345,
            0.95369536,
            0.8951489699999999,
            0.86639841,
            0.82532593,
            1.00389902,
            1.0082072499999999,
            0.96804559,
            0.89578877,
            1.09576005,
            1.07529396,
            1.4206037299999998,
            1.11330961,
            1.06343707,
            0.74944238,
            1.1552568699999999,
            0.87472938,
            0.93216433,
            1.17046335,
            1.2354755599999998,
            0.83799445,
            1.0076069300000001,
            1.7639969100000001
        ],
        [
            0.7479504399999999,
            0.56566684,
            0.65905233,
            0.6222036,
            0.6720902499999999,
            0.46194275,
            0.56528987,
            0.41418733999999996,
            0.0,
            0.03991829,
            0.0838154,
            0.08402042,
            0.08422542999999999,
            0.08453295,
            0.12474390999999999,
            0.12474390999999999,
            0.26496009,
            0.4152985,
            0.44439162,
            0.49221548000000004,
            0.38485532,
            0.5638956,
            0.66114642,
            0.6999191,
            0.6999191,
            1.17373646,
            1.09984273,
            0.9906875199999999,
            1.25027272,
            0.81272803,
            1.1574997699999998,
            0.9693255099999999,
            0.9619460299999999,
            0.88192635,
            0.74286724,
            0.7851684600000001,
            0.6531240700000001,
            0.74214598,
            0.68359959,
            0.65484903,
            0.6137765500000001,
            0.79234964,
            0.79665787,
            0.75649621,
            0.68423939,
            0.88421067,
            0.86374458,
            1.20905435,
            0.9017602299999999,
            0.85188769,
            0.5378930000000001,
            0.94370749,
            0.6631800000000001,
            0.7206149500000001,
            0.95891397,
            1.0239261800000001,
            0.62644507,
            0.7960575500000001,
            1.5524475300000002
        ],
        [
            0.78698859,
            0.6047049899999999,
            0.6980904800000001,
            0.6612417500000001,
            0.7111284,
            0.5009809000000001,
            0.6043280200000001,
            0.45322548999999995,
            0.03991829,
            0.0,
            0.12285355,
            0.12305857,
            0.12326358,
            0.12357109999999999,
            0.16378206,
            0.16378206,
            0.30399824,
            0.45433665,
            0.48342977,
            0.53125363,
            0.42389347,
            0.60293375,
            0.70018457,
            0.73895725,
            0.73895725,
            1.2127746099999999,
            1.1388808799999999,
            1.02972567,
            1.28931087,
            0.85176618,
            1.19653792,
            1.0083636599999999,
            1.00098418,
            0.9209645,
            0.78190539,
            0.8242066100000001,
            0.69216222,
            0.78118413,
            0.72263774,
            0.69388718,
            0.6528147,
            0.83138779,
            0.83569602,
            0.79553436,
            0.72327754,
            0.92324882,
            0.90278273,
            1.2480924999999998,
            0.9407983799999999,
            0.89092584,
            0.5769311500000001,
            0.98274564,
            0.70221815,
            0.7596531000000001,
            0.99795212,
            1.06296433,
            0.66548322,
            0.8350957000000001,
            1.5914856800000003
        ],
        [
            0.7262532399999999,
            0.5439696399999999,
            0.63735513,
            0.6005064,
            0.6503930499999999,
            0.44024555,
            0.54359267,
            0.39249013999999993,
            0.0838154,
            0.12285355,
            0.0,
            0.0014341,
            0.00163911,
            0.00194663,
            0.042157589999999995,
            0.042157589999999995,
            0.24326289,
            0.3936013,
            0.42269442,
            0.47051828,
            0.36315812000000003,
            0.5421984,
            0.6394492199999999,
            0.6782219,
            0.6782219,
            1.15203926,
            1.07814553,
            0.9689903199999998,
            1.22857552,
            0.79103083,
            1.1358025699999998,
            0.9476283099999998,
            0.9402488299999998,
            0.8602291499999999,
            0.7211700400000001,
            0.76347126,
            0.6314268700000001,
            0.7204487799999999,
            0.6619023900000001,
            0.6331518300000001,
            0.59207935,
            0.7706524399999999,
            0.77496067,
            0.7347990099999999,
            0.6625421899999999,
            0.8625134699999999,
            0.8420473799999999,
            1.18735715,
            0.8800630299999999,
            0.8301904899999999,
            0.5161958,
            0.92201029,
            0.6414828,
            0.6989177500000001,
            0.93721677,
            1.00222898,
            0.60474787,
            0.77436035,
            1.5307503300000003
        ],
        [
            0.7264582599999999,
            0.5441746599999999,
            0.63756015,
            0.60071142,
            0.6505980699999999,
            0.44045057,
            0.54379769,
            0.39269515999999993,
            0.08402042,
            0.12305857,
            0.0014341,
            0.0,
            0.00102407,
            0.00133159,
            0.04154255,
            0.04154255,
            0.24346791,
            0.39380632,
            0.42289944,
            0.4707233,
            0.36336314000000003,
            0.5424034200000001,
            0.63965424,
            0.6784269199999999,
            0.6784269199999999,
            1.15224428,
            1.07835055,
            0.96919534,
            1.22878054,
            0.7912358500000001,
            1.13600759,
            0.9478333299999999,
            0.9404538499999999,
            0.86043417,
            0.72137506,
            0.7636762800000001,
            0.63163189,
            0.7206538,
            0.66210741,
            0.63335685,
            0.59228437,
            0.77085746,
            0.7751656899999999,
            0.73500403,
            0.66274721,
            0.86271849,
            0.8422524,
            1.1875621699999999,
            0.88026805,
            0.83039551,
            0.51640082,
            0.9222153099999999,
            0.64168782,
            0.69912277,
            0.9374217899999999,
            1.002434,
            0.6049528900000001,
            0.7745653700000001,
            1.5309553500000002
        ],
        [
            0.72666327,
            0.54437967,
            0.63776516,
            0.6009164300000001,
            0.65080308,
            0.44065558,
            0.5440027000000001,
            0.39290016999999994,
            0.08422542999999999,
            0.12326358,
            0.00163911,
            0.00102407,
            0.0,
            0.0009215600000000001,
            0.04113252,
            0.04113252,
            0.24367292,
            0.39401133,
            0.42310444999999997,
            0.47092831,
            0.36356815,
            0.54260843,
            0.63985925,
            0.67863193,
            0.67863193,
            1.1524492899999998,
            1.0785555599999999,
            0.9694003499999999,
            1.22898555,
            0.79144086,
            1.1362126,
            0.9480383399999999,
            0.9406588599999999,
            0.86063918,
            0.72158007,
            0.76388129,
            0.6318369,
            0.72085881,
            0.66231242,
            0.63356186,
            0.59248938,
            0.7710624699999999,
            0.7753707,
            0.73520904,
            0.66295222,
            0.8629235,
            0.84245741,
            1.1877671799999998,
            0.8804730599999999,
            0.83060052,
            0.5166058299999999,
            0.9224203199999998,
            0.64189283,
            0.69932778,
            0.9376267999999999,
            1.00263901,
            0.6051579,
            0.7747703800000001,
            1.53116036
        ],
        [
            0.72697079,
            0.5446871899999999,
            0.6380726800000001,
            0.6012239500000001,
            0.6511106,
            0.4409631,
            0.5443102200000001,
            0.39320768999999994,
            0.08453295,
            0.12357109999999999,
            0.00194663,
            0.00133159,
            0.0009215600000000001,
            0.0,
            0.040825,
            0.040825,
            0.24398044,
            0.39431885,
            0.42341196999999997,
            0.47123583,
            0.36387567,
            0.54291595,
            0.64016677,
            0.67893945,
            0.67893945,
            1.1527568099999999,
            1.0788630799999999,
            0.9697078699999999,
            1.22929307,
            0.79174838,
            1.13652012,
            0.9483458599999999,
            0.9409663799999999,
            0.8609467,
            0.72188759,
            0.76418881,
            0.63214442,
            0.72116633,
            0.66261994,
            0.63386938,
            0.5927969,
            0.77136999,
            0.77567822,
            0.73551656,
            0.66325974,
            0.86323102,
            0.84276493,
            1.1880746999999998,
            0.8807805799999999,
            0.83090804,
            0.5169133499999999,
            0.9227278399999999,
            0.64220035,
            0.6996353,
            0.9379343199999999,
            1.00294653,
            0.60546542,
            0.7750779000000001,
            1.5314678800000001
        ],
        [
            0.7671817499999999,
            0.5848981499999999,
            0.67828364,
            0.64143491,
            0.6913215599999999,
            0.48117406,
            0.58452118,
            0.43341864999999996,
            0.12474390999999999,
            0.16378206,
            0.042157589999999995,
            0.04154255,
            0.04113252,
            0.040825,
            0.0,
            1e-06,
            0.2841914,
            0.43452981,
            0.46362293,
            0.51144679,
            0.40408663,
            0.58312691,
            0.68037773,
            0.71915041,
            0.71915041,
            1.19296777,
            1.11907404,
            1.00991883,
            1.26950403,
            0.83195934,
            1.17673108,
            0.9885568199999999,
            0.9811773399999999,
            0.90115766,
            0.76209855,
            0.8043997700000001,
            0.6723553800000001,
            0.76137729,
            0.7028309,
            0.6740803400000001,
            0.63300786,
            0.81158095,
            0.81588918,
            0.77572752,
            0.7034707,
            0.90344198,
            0.88297589,
            1.22828566,
            0.9209915399999999,
            0.871119,
            0.5571243100000001,
            0.9629388,
            0.68241131,
            0.7398462600000001,
            0.97814528,
            1.04315749,
            0.64567638,
            0.8152888600000001,
            1.5716788400000001
        ],
        [
            0.7671817499999999,
            0.5848981499999999,
            0.67828364,
            0.64143491,
            0.6913215599999999,
            0.48117406,
            0.58452118,
            0.43341864999999996,
            0.12474390999999999,
            0.16378206,
            0.042157589999999995,
            0.04154255,
            0.04113252,
            0.040825,
            1e-06,
            0.0,
            0.2841914,
            0.43452981,
            0.46362293,
            0.51144679,
            0.40408663,
            0.58312691,
            0.68037773,
            0.71915041,
            0.71915041,
            1.19296777,
            1.11907404,
            1.00991883,
            1.26950403,
            0.83195934,
            1.17673108,
            0.9885568199999999,
            0.9811773399999999,
            0.90115766,
            0.76209855,
            0.8043997700000001,
            0.6723553800000001,
            0.76137729,
            0.7028309,
            0.6740803400000001,
            0.63300786,
            0.81158095,
            0.81588918,
            0.77572752,
            0.7034707,
            0.90344198,
            0.88297589,
            1.22828566,
            0.9209915399999999,
            0.871119,
            0.5571243100000001,
            0.9629388,
            0.68241131,
            0.7398462600000001,
            0.97814528,
            1.04315749,
            0.64567638,
            0.8152888600000001,
            1.5716788400000001
        ],
        [
            0.8102725699999999,
            0.62798897,
            0.7213744599999999,
            0.6845257299999999,
            0.7344123799999999,
            0.52426488,
            0.627612,
            0.47650946999999994,
            0.26496009,
            0.30399824,
            0.24326289,
            0.24346791,
            0.24367292,
            0.24398044,
            0.2841914,
            0.2841914,
            0.0,
            0.23937155,
            0.26846466999999996,
            0.31628853,
            0.20892837,
            0.38796865,
            0.48521947,
            0.52399215,
            0.52399215,
            0.99780951,
            0.92391578,
            0.8147605699999999,
            1.0743457699999999,
            0.63680108,
            0.9815728199999999,
            0.7933985599999999,
            0.7860190799999999,
            0.7059993999999999,
            0.56694029,
            0.60924151,
            0.47719712000000003,
            0.56621903,
            0.50767264,
            0.47892208000000003,
            0.4378496,
            0.6164226899999999,
            0.62073092,
            0.58056926,
            0.50831244,
            0.70828372,
            0.68781763,
            1.0331274,
            0.7258332799999999,
            0.67596074,
            0.36196605,
            0.76778054,
            0.48725304999999997,
            0.5446880000000001,
            0.78298702,
            0.84799923,
            0.45051812,
            0.6201306000000001,
            1.3765205800000002
        ],
        [
            0.9606109799999998,
            0.7783273799999999,
            0.8717128699999999,
            0.8348641399999999,
            0.8847507899999998,
            0.6746032900000001,
            0.7779504099999999,
            0.6268478799999999,
            0.4152985,
            0.45433665,
            0.3936013,
            0.39380632,
            0.39401133,
            0.39431885,
            0.43452981,
            0.43452981,
            0.23937155,
            0.0,
            0.04023296,
            0.18308046,
            0.22257992,
            0.4016202,
            0.49887101999999994,
            0.5376437,
            0.5376437,
            1.1082440999999998,
            1.0343503699999999,
            0.9251951599999999,
            1.18478036,
            0.74723567,
            1.09200741,
            0.9038331499999999,
            0.8964536699999999,
            0.8164339899999999,
            0.67737488,
            0.7196761,
            0.58763171,
            0.67665362,
            0.61810723,
            0.58935667,
            0.54828419,
            0.7268572799999999,
            0.73116551,
            0.69100385,
            0.61874703,
            0.81871831,
            0.79825222,
            1.1435619899999998,
            0.8362678699999999,
            0.78639533,
            0.47240064,
            0.87821513,
            0.59768764,
            0.6551225900000001,
            0.89342161,
            0.95843382,
            0.56095271,
            0.7305651900000001,
            1.48695517
        ],
        [
            0.9897040999999999,
            0.8074205,
            0.90080599,
            0.86395726,
            0.9138439099999999,
            0.70369641,
            0.80704353,
            0.655941,
            0.44439162,
            0.48342977,
            0.42269442,
            0.42289944,
            0.42310444999999997,
            0.42341196999999997,
            0.46362293,
            0.46362293,
            0.26846466999999996,
            0.04023296,
            0.0,
            0.21217358000000003,
            0.25167304,
            0.43071332,
            0.5279641399999999,
            0.56673682,
            0.56673682,
            1.13733722,
            1.06344349,
            0.9542882799999999,
            1.21387348,
            0.77632879,
            1.1211005299999999,
            0.9329262699999998,
            0.9255467899999998,
            0.8455271099999999,
            0.706468,
            0.74876922,
            0.61672483,
            0.7057467399999999,
            0.64720035,
            0.61844979,
            0.57737731,
            0.7559503999999999,
            0.7602586299999999,
            0.72009697,
            0.64784015,
            0.8478114299999999,
            0.8273453399999999,
            1.17265511,
            0.8653609899999999,
            0.8154884499999999,
            0.50149376,
            0.9073082499999999,
            0.6267807599999999,
            0.68421571,
            0.92251473,
            0.98752694,
            0.59004583,
            0.7596583100000001,
            1.51604829
        ],
        [
            1.0375279599999998,
            0.8552443599999999,
            0.9486298499999999,
            0.9117811199999999,
            0.9616677699999998,
            0.7515202700000001,
            0.8548673899999999,
            0.7037648599999999,
            0.49221548000000004,
            0.53125363,
            0.47051828,
            0.4707233,
            0.47092831,
            0.47123583,
            0.51144679,
            0.51144679,
            0.31628853,
            0.18308046,
            0.21217358000000003,
            0.0,
            0.2994969,
            0.47853718,
            0.575788,
            0.61456068,
            0.61456068,
            1.1851610799999999,
            1.1112673499999999,
            1.00211214,
            1.26169734,
            0.82415265,
            1.16892439,
            0.9807501299999999,
            0.9733706499999999,
            0.89335097,
            0.75429186,
            0.7965930800000001,
            0.66454869,
            0.7535706,
            0.69502421,
            0.66627365,
            0.62520117,
            0.80377426,
            0.80808249,
            0.76792083,
            0.69566401,
            0.89563529,
            0.8751692,
            1.2204789699999998,
            0.9131848499999999,
            0.86331231,
            0.5493176200000001,
            0.95513211,
            0.67460462,
            0.7320395700000001,
            0.97033859,
            1.0353508,
            0.63786969,
            0.8074821700000001,
            1.5638721500000003
        ],
        [
            0.9301677999999999,
            0.7478842,
            0.84126969,
            0.80442096,
            0.8543076099999999,
            0.6441601100000001,
            0.74750723,
            0.5964047,
            0.38485532,
            0.42389347,
            0.36315812000000003,
            0.36336314000000003,
            0.36356815,
            0.36387567,
            0.40408663,
            0.40408663,
            0.20892837,
            0.22257992,
            0.25167304,
            0.2994969,
            0.0,
            0.27573872,
            0.37298953999999995,
            0.41176221999999996,
            0.41176221999999996,
            1.07780092,
            1.00390719,
            0.8947519799999999,
            1.15433718,
            0.71679249,
            1.0615642299999999,
            0.8733899699999998,
            0.8660104899999999,
            0.7859908099999999,
            0.6469317,
            0.68923292,
            0.55718853,
            0.6462104399999999,
            0.58766405,
            0.55891349,
            0.51784101,
            0.6964140999999999,
            0.70072233,
            0.66056067,
            0.58830385,
            0.7882751299999999,
            0.7678090399999999,
            1.11311881,
            0.8058246899999999,
            0.7559521499999999,
            0.44195746,
            0.8477719499999999,
            0.56724446,
            0.62467941,
            0.86297843,
            0.92799064,
            0.53050953,
            0.7001220100000001,
            1.45651199
        ],
        [
            1.10920808,
            0.92692448,
            1.02030997,
            0.98346124,
            1.03334789,
            0.82320039,
            0.92654751,
            0.7754449800000001,
            0.5638956,
            0.60293375,
            0.5421984,
            0.5424034200000001,
            0.54260843,
            0.54291595,
            0.58312691,
            0.58312691,
            0.38796865,
            0.4016202,
            0.43071332,
            0.47853718,
            0.27573872,
            0.0,
            0.15425638,
            0.19302906,
            0.19302906,
            1.2568412,
            1.18294747,
            1.0737922599999998,
            1.33337746,
            0.8958327700000001,
            1.2406045099999998,
            1.05243025,
            1.04505077,
            0.96503109,
            0.82597198,
            0.8682732000000001,
            0.7362288100000001,
            0.82525072,
            0.76670433,
            0.7379537700000001,
            0.6968812900000001,
            0.87545438,
            0.87976261,
            0.83960095,
            0.76734413,
            0.96731541,
            0.94684932,
            1.29215909,
            0.98486497,
            0.93499243,
            0.6209977400000001,
            1.02681223,
            0.7462847400000001,
            0.8037196900000001,
            1.04201871,
            1.1070309200000001,
            0.7095498100000001,
            0.8791622900000001,
            1.6355522700000003
        ],
        [
            1.2064589,
            1.0241753,
            1.11756079,
            1.08071206,
            1.13059871,
            0.92045121,
            1.02379833,
            0.8726958,
            0.66114642,
            0.70018457,
            0.6394492199999999,
            0.63965424,
            0.63985925,
            0.64016677,
            0.68037773,
            0.68037773,
            0.48521947,
            0.49887101999999994,
            0.5279641399999999,
            0.575788,
            0.37298953999999995,
            0.15425638,
            0.0,
            0.26349434,
            0.26349434,
            1.35409202,
            1.28019829,
            1.17104308,
            1.43062828,
            0.99308359,
            1.33785533,
            1.1496810699999997,
            1.1423015899999998,
            1.0622819099999998,
            0.9232228,
            0.96552402,
            0.83347963,
            0.92250154,
            0.86395515,
            0.83520459,
            0.7941321100000001,
            0.9727051999999999,
            0.97701343,
            0.93685177,
            0.86459495,
            1.06456623,
            1.0441001399999998,
            1.38940991,
            1.08211579,
            1.03224325,
            0.71824856,
            1.12406305,
            0.8435355600000001,
            0.9009705100000001,
            1.13926953,
            1.2042817399999999,
            0.80680063,
            0.9764131100000001,
            1.7328030900000002
        ],
        [
            1.2452315799999998,
            1.06294798,
            1.1563334699999999,
            1.1194847399999999,
            1.1693713899999998,
            0.9592238900000001,
            1.0625710099999999,
            0.9114684799999999,
            0.6999191,
            0.73895725,
            0.6782219,
            0.6784269199999999,
            0.67863193,
            0.67893945,
            0.71915041,
            0.71915041,
            0.52399215,
            0.5376437,
            0.56673682,
            0.61456068,
            0.41176221999999996,
            0.19302906,
            0.26349434,
            0.0,
            1e-06,
            1.3928647,
            1.31897097,
            1.20981576,
            1.46940096,
            1.03185627,
            1.37662801,
            1.1884537499999999,
            1.1810742699999999,
            1.10105459,
            0.96199548,
            1.0042967,
            0.87225231,
            0.96127422,
            0.90272783,
            0.87397727,
            0.83290479,
            1.01147788,
            1.01578611,
            0.97562445,
            0.90336763,
            1.10333891,
            1.08287282,
