{
    "NEXUS_FILE_URL": "http://purl.org/phylo/treebase/phylows/study/TB2:S10943",
    "NEWICK_TREE": "(52:0.37093373,(((42:1.0E-8,43:1.0E-8):0.00160159,(38:1.0E-8,37:1.0E-8):1.0E-8):0.00487482,((((24:1.0E-8,23:1.0E-8):1.0E-8,27:0.00159793):0.00321323,(((((((10:1.0E-8,(11:1.0E-8,(((28:0.00158982,((((40:1.0E-8,39:1.0E-8):0.00159274,48:1.0E-8):0.00158801,(9:1.0E-8,8:1.0E-8):1.0E-8):0.00318759,51:1.0E-8):0.00159047):1.0E-8,(12:1.0E-8,13:1.0E-8):1.0E-8):0.00159682,(45:1.0E-8,44:1.0E-8):0.00158867):1.0E-8):1.0E-8):1.0E-8,(26:0.00644782,(19:1.0E-8,20:1.0E-8):1.0E-8):0.00159547):0.00595047,(22:1.0E-8,21:1.0E-8):0.0040215):0.0047187,((((7:0.00160231,(5:1.0E-8,6:1.0E-8):1.0E-8):0.00321113,25:0.00159792):1.0E-8,(49:0.00644275,(47:1.0E-8,46:1.0E-8):0.00159999):1.0E-8):1.0E-8,41:1.0E-8):0.00160587):1.0E-8,1:1.0E-8):1.0E-8,50:1.0E-8):1.0E-8,2:1.0E-8):1.0E-8):1.0E-8,(35:1.0E-8,36:1.0E-8):0.00483123):0.00990297):1.0E-8,((((34:1.0E-8,33:1.0E-8):1.0E-8,(18:0.00161529,(15:1.0E-8,14:1.0E-8):0.0032447):0.00163138):0.00161513,(30:1.0E-8,29:1.0E-8):1.0E-8):0.00326117,((32:1.0E-8,31:1.0E-8):0.00160916,((17:1.0E-8,16:1.0E-8):0.00160556,(4:1.0E-8,3:1.0E-8):0.00160556):1.0E-8):0.0048653):0.00162917);",
    "DISTANCE_MATRIX": [
        [
            0.0,
            0.37741016,
            0.37741016,
            0.37580858,
            0.37580858,
            0.38404997,
            0.38404997,
            0.38564788,
            0.39150595,
            0.39150596000000004,
            0.39469261,
            0.40106161,
            0.40106161,
            0.39946887000000003,
            0.39788087000000005,
            0.39788087000000005,
            0.39469327000000004,
            0.39310280000000003,
            0.39310280000000003,
            0.39309464,
            0.39309464,
            0.39954922000000004,
            0.39310142000000003,
            0.39310142000000003,
            0.38957697,
            0.38957697,
            0.38725609,
            0.3856538,
            0.3856538,
            0.38404057,
            0.38888540000000005,
            0.38404265000000004,
            0.38404265000000004,
            0.38244264,
            0.38083676,
            0.38083675,
            0.38083674,
            0.38566795000000004,
            0.38566795000000004,
            0.37743922,
            0.37743922,
            0.38068587000000004,
            0.38231529000000003,
            0.38231529000000003,
            0.37582409,
            0.37582409,
            0.37903737000000004,
            0.37903737000000004,
            0.37903378000000004,
            0.37903378000000004,
            0.37903378000000004,
            0.37903378000000004
        ],
        [
            0.37741016,
            0.0,
            2e-08,
            0.00160162,
            0.00160162,
            0.01959265,
            0.01959265,
            0.02119056,
            0.02704863,
            0.027048640000000002,
            0.03023529,
            0.03660429000000001,
            0.03660429000000001,
            0.03501155000000001,
            0.03342355000000001,
            0.03342355000000001,
            0.03023595,
            0.02864548,
            0.02864548,
            0.028637319999999997,
            0.028637319999999997,
            0.03509190000000001,
            0.028644100000000002,
            0.028644100000000002,
            0.02511965,
            0.02511965,
            0.02279877,
            0.02119648,
            0.02119648,
            0.01958325,
            0.02442808,
            0.019585329999999998,
            0.019585329999999998,
            0.01798532,
            0.016379440000000002,
            0.01637943,
            0.01637942,
            0.02121063,
            0.02121063,
            0.012981920000000001,
            0.012981920000000001,
            0.016228569999999998,
            0.017857989999999997,
            0.017857989999999997,
            0.01136679,
            0.01136679,
            0.01458007,
            0.01458007,
            0.014576480000000001,
            0.014576480000000001,
            0.014576480000000001,
            0.014576480000000001
        ],
        [
            0.37741016,
            2e-08,
            0.0,
            0.00160162,
            0.00160162,
            0.01959265,
            0.01959265,
            0.02119056,
            0.02704863,
            0.027048640000000002,
            0.03023529,
            0.03660429000000001,
            0.03660429000000001,
            0.03501155000000001,
            0.03342355000000001,
            0.03342355000000001,
            0.03023595,
            0.02864548,
            0.02864548,
            0.028637319999999997,
            0.028637319999999997,
            0.03509190000000001,
            0.028644100000000002,
            0.028644100000000002,
            0.02511965,
            0.02511965,
            0.02279877,
            0.02119648,
            0.02119648,
            0.01958325,
            0.02442808,
            0.019585329999999998,
            0.019585329999999998,
            0.01798532,
            0.016379440000000002,
            0.01637943,
            0.01637942,
            0.02121063,
            0.02121063,
            0.012981920000000001,
            0.012981920000000001,
            0.016228569999999998,
            0.017857989999999997,
            0.017857989999999997,
            0.01136679,
            0.01136679,
            0.01458007,
            0.01458007,
            0.014576480000000001,
            0.014576480000000001,
            0.014576480000000001,
            0.014576480000000001
        ],
        [
            0.37580858,
            0.00160162,
            0.00160162,
            0.0,
            2e-08,
            0.017991069999999998,
            0.017991069999999998,
            0.01958898,
            0.02544705,
            0.02544706,
            0.02863371,
            0.035002710000000006,
            0.035002710000000006,
            0.03340997000000001,
            0.03182197000000001,
            0.03182197000000001,
            0.02863437,
            0.027043900000000003,
            0.027043900000000003,
            0.027035739999999996,
            0.027035739999999996,
            0.03349032000000001,
            0.02704252,
            0.02704252,
            0.023518070000000002,
            0.023518070000000002,
            0.021197189999999998,
            0.0195949,
            0.0195949,
            0.017981669999999998,
            0.0228265,
            0.01798375,
            0.01798375,
            0.01638374,
            0.01477786,
            0.01477785,
            0.01477784,
            0.019609050000000003,
            0.019609050000000003,
            0.01138034,
            0.01138034,
            0.01462699,
            0.01625641,
            0.01625641,
            0.00976521,
            0.00976521,
            0.01297849,
            0.01297849,
            0.012974900000000001,
            0.012974900000000001,
            0.012974900000000001,
            0.012974900000000001
        ],
        [
            0.37580858,
            0.00160162,
            0.00160162,
            2e-08,
            0.0,
            0.017991069999999998,
            0.017991069999999998,
            0.01958898,
            0.02544705,
            0.02544706,
            0.02863371,
            0.035002710000000006,
            0.035002710000000006,
            0.03340997000000001,
            0.03182197000000001,
            0.03182197000000001,
            0.02863437,
            0.027043900000000003,
            0.027043900000000003,
            0.027035739999999996,
            0.027035739999999996,
            0.03349032000000001,
            0.02704252,
            0.02704252,
            0.023518070000000002,
            0.023518070000000002,
            0.021197189999999998,
            0.0195949,
            0.0195949,
            0.017981669999999998,
            0.0228265,
            0.01798375,
            0.01798375,
            0.01638374,
            0.01477786,
            0.01477785,
            0.01477784,
            0.019609050000000003,
            0.019609050000000003,
            0.01138034,
            0.01138034,
            0.01462699,
            0.01625641,
            0.01625641,
            0.00976521,
            0.00976521,
            0.01297849,
            0.01297849,
            0.012974900000000001,
            0.012974900000000001,
            0.012974900000000001,
            0.012974900000000001
        ],
        [
            0.38404997,
            0.01959265,
            0.01959265,
            0.017991069999999998,
            0.017991069999999998,
            0.0,
            2e-08,
            0.00159795,
            0.013882479999999999,
            0.01388249,
            0.01706914,
            0.023438140000000007,
            0.023438140000000007,
            0.021845400000000008,
            0.02025740000000001,
            0.02025740000000001,
            0.0170698,
            0.01547933,
            0.01547933,
            0.01547117,
            0.01547117,
            0.021925750000000008,
            0.01547795,
            0.01547795,
            0.011953499999999999,
            0.011953499999999999,
            0.00963262,
            0.008030329999999999,
            0.008030329999999999,
            0.006417099999999999,
            0.01126193,
            0.006419179999999999,
            0.006419179999999999,
            0.004819169999999999,
            0.00321329,
            0.0032132799999999998,
            0.00321327,
            0.0080445,
            0.0080445,
            0.01962173,
            0.01962173,
            0.02286838,
            0.0244978,
            0.0244978,
            0.018006599999999998,
            0.018006599999999998,
            0.02121988,
            0.02121988,
            0.02121629,
            0.02121629,
            0.02121629,
            0.02121629
        ],
        [
            0.38404997,
            0.01959265,
            0.01959265,
            0.017991069999999998,
            0.017991069999999998,
            2e-08,
            0.0,
            0.00159795,
            0.013882479999999999,
            0.01388249,
            0.01706914,
            0.023438140000000007,
            0.023438140000000007,
            0.021845400000000008,
            0.02025740000000001,
            0.02025740000000001,
            0.0170698,
            0.01547933,
            0.01547933,
            0.01547117,
            0.01547117,
            0.021925750000000008,
            0.01547795,
            0.01547795,
            0.011953499999999999,
            0.011953499999999999,
            0.00963262,
            0.008030329999999999,
            0.008030329999999999,
            0.006417099999999999,
            0.01126193,
            0.006419179999999999,
            0.006419179999999999,
            0.004819169999999999,
            0.00321329,
            0.0032132799999999998,
            0.00321327,
            0.0080445,
            0.0080445,
            0.01962173,
            0.01962173,
            0.02286838,
            0.0244978,
            0.0244978,
            0.018006599999999998,
            0.018006599999999998,
            0.02121988,
            0.02121988,
            0.02121629,
            0.02121629,
            0.02121629,
            0.02121629
        ],
        [
            0.38564788,
            0.02119056,
            0.02119056,
            0.01958898,
            0.01958898,
            0.00159795,
            0.00159795,
            0.0,
            0.01548039,
            0.0154804,
            0.018667049999999998,
            0.025036050000000004,
            0.025036050000000004,
            0.02344331000000001,
            0.02185531000000001,
            0.02185531000000001,
            0.018667709999999997,
            0.01707724,
            0.01707724,
            0.01706908,
            0.01706908,
            0.02352366000000001,
            0.017075859999999998,
            0.017075859999999998,
            0.01355141,
            0.01355141,
            0.011230529999999999,
            0.00962824,
            0.00962824,
            0.00801501,
            0.012859839999999999,
            0.00801709,
            0.00801709,
            0.0064170799999999995,
            0.0048112,
            0.00481119,
            0.00481118,
            0.00964241,
            0.00964241,
            0.02121964,
            0.02121964,
            0.02446629,
            0.02609571,
            0.02609571,
            0.01960451,
            0.01960451,
            0.02281779,
            0.02281779,
            0.0228142,
            0.0228142,
            0.0228142,
            0.0228142
        ],
        [
            0.39150595,
            0.02704863,
            0.02704863,
            0.02544705,
            0.02544705,
            0.013882479999999999,
            0.013882479999999999,
            0.01548039,
            0.0,
            3.0000000000000004e-08,
            0.00318668,
            0.00955568,
            0.00955568,
            0.00796294,
            0.006374940000000001,
            0.006374940000000001,
            0.00318734,
            0.00159687,
            0.00159687,
            0.0015887099999999997,
            0.0015887099999999997,
            0.00804331,
            0.0015955100000000003,
            0.0015955100000000003,
            0.009972,
            0.009972,
            0.01708852,
            0.01548623,
            0.01548623,
            0.013873,
            0.018717829999999998,
            0.01387508,
            0.01387508,
            0.01227507,
            0.01066921,
            0.01066922,
            0.01066923,
            0.01550048,
            0.01550048,
            0.02707771,
            0.02707771,
            0.03032436,
            0.03195378,
            0.03195378,
            0.025462580000000002,
            0.025462580000000002,
            0.028675860000000004,
            0.028675860000000004,
            0.028672270000000003,
            0.028672270000000003,
            0.028672270000000003,
            0.028672270000000003
        ],
        [
            0.39150596000000004,
            0.027048640000000002,
            0.027048640000000002,
            0.02544706,
            0.02544706,
            0.01388249,
            0.01388249,
            0.0154804,
            3.0000000000000004e-08,
            0.0,
            0.00318667,
            0.00955567,
            0.00955567,
            0.00796293,
            0.006374930000000001,
            0.006374930000000001,
            0.00318733,
            0.00159686,
            0.00159686,
            0.0015886999999999997,
            0.0015886999999999997,
            0.00804332,
            0.0015955200000000002,
            0.0015955200000000002,
            0.00997201,
            0.00997201,
            0.01708853,
            0.01548624,
            0.01548624,
            0.01387301,
            0.01871784,
            0.01387509,
            0.01387509,
            0.01227508,
            0.01066922,
            0.01066923,
            0.01066924,
            0.015500489999999999,
            0.015500489999999999,
            0.027077720000000003,
            0.027077720000000003,
            0.030324370000000003,
            0.03195379,
            0.03195379,
            0.025462590000000004,
            0.025462590000000004,
            0.028675870000000006,
            0.028675870000000006,
            0.028672280000000005,
            0.028672280000000005,
            0.028672280000000005,
            0.028672280000000005
        ],
        [
            0.39469261,
            0.03023529,
            0.03023529,
            0.02863371,
            0.02863371,
            0.01706914,
            0.01706914,
            0.018667049999999998,
            0.00318668,
            0.00318667,
            0.0,
            0.00954864,
            0.00954864,
            0.0079559,
            0.006367900000000001,
            0.006367900000000001,
            0.0031803,
            0.00158985,
            0.00158985,
            0.0047753299999999995,
            0.0047753299999999995,
            0.011229969999999999,
            0.0047821700000000005,
            0.0047821700000000005,
            0.013158659999999999,
            0.013158659999999999,
            0.02027518,
            0.018672889999999998,
            0.018672889999999998,
            0.017059659999999997,
            0.02190449,
            0.01706174,
            0.01706174,
            0.01546173,
            0.01385587,
            0.01385588,
            0.01385589,
            0.018687139999999998,
            0.018687139999999998,
            0.030264370000000002,
            0.030264370000000002,
            0.03351102,
            0.03514044,
            0.03514044,
            0.028649240000000003,
            0.028649240000000003,
            0.031862520000000005,
            0.031862520000000005,
            0.03185893000000001,
            0.03185893000000001,
            0.03185893000000001,
            0.03185893000000001
        ],
        [
            0.40106161,
            0.03660429000000001,
            0.03660429000000001,
            0.035002710000000006,
            0.035002710000000006,
            0.023438140000000007,
            0.023438140000000007,
            0.025036050000000004,
            0.00955568,
            0.00955567,
            0.00954864,
            0.0,
            2e-08,
            0.00159276,
            0.00318078,
            0.00318078,
            0.00636836,
            0.00795885,
            0.00795885,
            0.011144330000000001,
            0.011144330000000001,
            0.01759897,
            0.01115117,
            0.01115117,
            0.01952766,
            0.01952766,
            0.02664418,
            0.025041889999999997,
            0.025041889999999997,
            0.023428659999999997,
            0.02827349,
            0.02343074,
            0.02343074,
            0.02183073,
            0.020224870000000002,
            0.020224880000000004,
            0.020224890000000006,
            0.025056140000000008,
            0.025056140000000008,
            0.03663337000000001,
            0.03663337000000001,
            0.03988002000000001,
            0.04150944000000001,
            0.04150944000000001,
            0.035018240000000006,
            0.035018240000000006,
            0.03823152000000001,
            0.03823152000000001,
            0.03822793000000001,
            0.03822793000000001,
            0.03822793000000001,
            0.03822793000000001
        ],
        [
            0.40106161,
            0.03660429000000001,
            0.03660429000000001,
            0.035002710000000006,
            0.035002710000000006,
            0.023438140000000007,
            0.023438140000000007,
            0.025036050000000004,
            0.00955568,
            0.00955567,
            0.00954864,
            2e-08,
            0.0,
            0.00159276,
            0.00318078,
            0.00318078,
            0.00636836,
            0.00795885,
            0.00795885,
            0.011144330000000001,
            0.011144330000000001,
            0.01759897,
            0.01115117,
            0.01115117,
            0.01952766,
            0.01952766,
            0.02664418,
            0.025041889999999997,
            0.025041889999999997,
            0.023428659999999997,
            0.02827349,
            0.02343074,
            0.02343074,
            0.02183073,
            0.020224870000000002,
            0.020224880000000004,
            0.020224890000000006,
            0.025056140000000008,
            0.025056140000000008,
            0.03663337000000001,
            0.03663337000000001,
            0.03988002000000001,
            0.04150944000000001,
            0.04150944000000001,
            0.035018240000000006,
            0.035018240000000006,
            0.03823152000000001,
            0.03823152000000001,
            0.03822793000000001,
            0.03822793000000001,
            0.03822793000000001,
            0.03822793000000001
        ],
        [
            0.39946887000000003,
            0.03501155000000001,
            0.03501155000000001,
            0.03340997000000001,
            0.03340997000000001,
            0.021845400000000008,
            0.021845400000000008,
            0.02344331000000001,
            0.00796294,
            0.00796293,
            0.0079559,
            0.00159276,
            0.00159276,
            0.0,
            0.00158804,
            0.00158804,
            0.0047756199999999995,
            0.0063661099999999995,
            0.0063661099999999995,
            0.00955159,
            0.00955159,
            0.01600623,
            0.00955843,
            0.00955843,
            0.01793492,
            0.01793492,
            0.02505144,
            0.023449150000000002,
            0.023449150000000002,
            0.02183592,
            0.02668075,
            0.021838,
            0.021838,
            0.02023799,
            0.018632130000000004,
            0.018632140000000005,
            0.018632150000000007,
            0.02346340000000001,
            0.02346340000000001,
            0.03504063000000001,
            0.03504063000000001,
            0.03828728000000001,
            0.03991670000000001,
            0.03991670000000001,
            0.03342550000000001,
            0.03342550000000001,
            0.03663878000000001,
            0.03663878000000001,
            0.03663519000000001,
            0.03663519000000001,
            0.03663519000000001,
            0.03663519000000001
        ],
        [
            0.39788087000000005,
            0.03342355000000001,
            0.03342355000000001,
            0.03182197000000001,
            0.03182197000000001,
            0.02025740000000001,
            0.02025740000000001,
            0.02185531000000001,
            0.006374940000000001,
            0.006374930000000001,
            0.006367900000000001,
            0.00318078,
            0.00318078,
            0.00158804,
            0.0,
            2e-08,
            0.00318762,
            0.00477811,
            0.00477811,
            0.007963590000000001,
            0.007963590000000001,
            0.01441823,
            0.00797043,
            0.00797043,
            0.01634692,
            0.01634692,
            0.023463440000000002,
            0.021861150000000003,
            0.021861150000000003,
            0.020247920000000003,
            0.02509275,
            0.02025,
            0.02025,
            0.01864999,
            0.017044130000000005,
            0.017044140000000006,
            0.017044150000000008,
            0.02187540000000001,
            0.02187540000000001,
            0.03345263000000001,
            0.03345263000000001,
            0.036699280000000015,
            0.03832870000000001,
            0.03832870000000001,
            0.03183750000000001,
            0.03183750000000001,
            0.03505078000000001,
            0.03505078000000001,
            0.03504719000000001,
            0.03504719000000001,
            0.03504719000000001,
            0.03504719000000001
        ],
        [
            0.39788087000000005,
            0.03342355000000001,
            0.03342355000000001,
            0.03182197000000001,
            0.03182197000000001,
            0.02025740000000001,
            0.02025740000000001,
            0.02185531000000001,
            0.006374940000000001,
            0.006374930000000001,
            0.006367900000000001,
            0.00318078,
            0.00318078,
            0.00158804,
            2e-08,
            0.0,
            0.00318762,
            0.00477811,
            0.00477811,
            0.007963590000000001,
            0.007963590000000001,
            0.01441823,
            0.00797043,
            0.00797043,
            0.01634692,
            0.01634692,
            0.023463440000000002,
            0.021861150000000003,
            0.021861150000000003,
            0.020247920000000003,
            0.02509275,
            0.02025,
            0.02025,
            0.01864999,
            0.017044130000000005,
            0.017044140000000006,
            0.017044150000000008,
            0.02187540000000001,
            0.02187540000000001,
            0.03345263000000001,
            0.03345263000000001,
            0.036699280000000015,
            0.03832870000000001,
            0.03832870000000001,
            0.03183750000000001,
            0.03183750000000001,
            0.03505078000000001,
            0.03505078000000001,
            0.03504719000000001,
            0.03504719000000001,
            0.03504719000000001,
            0.03504719000000001
        ],
        [
            0.39469327000000004,
            0.03023595,
            0.03023595,
            0.02863437,
            0.02863437,
            0.0170698,
            0.0170698,
            0.018667709999999997,
            0.00318734,
            0.00318733,
            0.0031803,
            0.00636836,
            0.00636836,
            0.0047756199999999995,
            0.00318762,
            0.00318762,
            0.0,
            0.00159051,
            0.00159051,
            0.00477599,
            0.00477599,
            0.01123063,
            0.00478283,
            0.00478283,
            0.013159319999999999,
            0.013159319999999999,
            0.02027584,
            0.018673549999999997,
            0.018673549999999997,
            0.017060319999999997,
            0.021905149999999998,
            0.0170624,
            0.0170624,
            0.01546239,
            0.013856529999999999,
            0.013856539999999999,
            0.013856549999999999,
            0.018687799999999997,
            0.018687799999999997,
            0.030265030000000002,
            0.030265030000000002,
            0.03351168,
            0.0351411,
            0.0351411,
            0.028649900000000002,
            0.028649900000000002,
            0.031863180000000005,
            0.031863180000000005,
            0.03185959000000001,
            0.03185959000000001,
            0.03185959000000001,
            0.03185959000000001
        ],
        [
            0.39310280000000003,
            0.02864548,
            0.02864548,
            0.027043900000000003,
            0.027043900000000003,
            0.01547933,
            0.01547933,
            0.01707724,
            0.00159687,
            0.00159686,
            0.00158985,
            0.00795885,
            0.00795885,
            0.0063661099999999995,
            0.00477811,
            0.00477811,
            0.00159051,
            0.0,
            2e-08,
            0.00318552,
            0.00318552,
            0.00964016,
            0.00319236,
            0.00319236,
            0.01156885,
            0.01156885,
            0.01868537,
            0.01708308,
            0.01708308,
            0.01546985,
            0.02031468,
            0.01547193,
            0.01547193,
            0.013871920000000001,
            0.01226606,
            0.01226607,
            0.01226608,
            0.01709733,
            0.01709733,
            0.02867456,
            0.02867456,
            0.031921210000000005,
            0.03355063,
            0.03355063,
            0.027059430000000002,
            0.027059430000000002,
            0.03027271,
            0.03027271,
            0.030269120000000004,
            0.030269120000000004,
            0.030269120000000004,
            0.030269120000000004
        ],
        [
            0.39310280000000003,
            0.02864548,
            0.02864548,
            0.027043900000000003,
            0.027043900000000003,
            0.01547933,
            0.01547933,
            0.01707724,
            0.00159687,
            0.00159686,
            0.00158985,
            0.00795885,
            0.00795885,
            0.0063661099999999995,
            0.00477811,
            0.00477811,
            0.00159051,
            2e-08,
            0.0,
            0.00318552,
            0.00318552,
            0.00964016,
            0.00319236,
            0.00319236,
            0.01156885,
            0.01156885,
            0.01868537,
            0.01708308,
            0.01708308,
            0.01546985,
            0.02031468,
            0.01547193,
            0.01547193,
            0.013871920000000001,
            0.01226606,
            0.01226607,
            0.01226608,
            0.01709733,
            0.01709733,
            0.02867456,
            0.02867456,
            0.031921210000000005,
            0.03355063,
            0.03355063,
            0.027059430000000002,
            0.027059430000000002,
            0.03027271,
            0.03027271,
            0.030269120000000004,
            0.030269120000000004,
            0.030269120000000004,
            0.030269120000000004
        ],
        [
            0.39309464,
            0.028637319999999997,
            0.028637319999999997,
            0.027035739999999996,
            0.027035739999999996,
            0.01547117,
            0.01547117,
            0.01706908,
            0.0015887099999999997,
            0.0015886999999999997,
            0.0047753299999999995,
            0.011144330000000001,
            0.011144330000000001,
            0.00955159,
            0.007963590000000001,
            0.007963590000000001,
            0.00477599,
            0.00318552,
            0.00318552,
            0.0,
            2e-08,
            0.009632,
            0.0031842,
            0.0031842,
            0.011560689999999998,
            0.011560689999999998,
            0.01867721,
            0.01707492,
            0.01707492,
            0.015461689999999998,
            0.020306519999999998,
            0.015463769999999998,
            0.015463769999999998,
            0.01386376,
            0.012257899999999999,
            0.012257909999999999,
            0.012257919999999999,
            0.017089169999999997,
            0.017089169999999997,
            0.028666399999999998,
            0.028666399999999998,
            0.03191305,
            0.03354247,
            0.03354247,
            0.02705127,
            0.02705127,
            0.03026455,
            0.03026455,
            0.03026096,
            0.03026096,
            0.03026096,
            0.03026096
        ],
        [
            0.39309464,
            0.028637319999999997,
            0.028637319999999997,
            0.027035739999999996,
            0.027035739999999996,
            0.01547117,
            0.01547117,
            0.01706908,
            0.0015887099999999997,
            0.0015886999999999997,
            0.0047753299999999995,
            0.011144330000000001,
            0.011144330000000001,
            0.00955159,
            0.007963590000000001,
            0.007963590000000001,
            0.00477599,
            0.00318552,
            0.00318552,
            2e-08,
            0.0,
            0.009632,
            0.0031842,
            0.0031842,
            0.011560689999999998,
            0.011560689999999998,
            0.01867721,
            0.01707492,
            0.01707492,
            0.015461689999999998,
            0.020306519999999998,
            0.015463769999999998,
            0.015463769999999998,
            0.01386376,
            0.012257899999999999,
            0.012257909999999999,
            0.012257919999999999,
            0.017089169999999997,
            0.017089169999999997,
            0.028666399999999998,
            0.028666399999999998,
            0.03191305,
            0.03354247,
            0.03354247,
            0.02705127,
            0.02705127,
            0.03026455,
            0.03026455,
            0.03026096,
            0.03026096,
            0.03026096,
            0.03026096
        ],
        [
            0.39954922000000004,
            0.03509190000000001,
            0.03509190000000001,
            0.03349032000000001,
            0.03349032000000001,
            0.021925750000000008,
            0.021925750000000008,
            0.02352366000000001,
            0.00804331,
            0.00804332,
            0.011229969999999999,
            0.01759897,
            0.01759897,
            0.01600623,
            0.01441823,
            0.01441823,
            0.01123063,
            0.00964016,
            0.00964016,
            0.009632,
            0.009632,
            0.0,
            0.00644784,
            0.00644784,
            0.01801527,
            0.01801527,
            0.02513179,
            0.023529500000000002,
            0.023529500000000002,
            0.02191627,
            0.0267611,
            0.02191835,
            0.02191835,
            0.02031834,
            0.018712480000000004,
            0.018712490000000005,
            0.018712500000000007,
            0.02354375000000001,
            0.02354375000000001,
            0.03512098000000001,
            0.03512098000000001,
            0.038367630000000014,
            0.039997050000000006,
            0.039997050000000006,
            0.03350585000000001,
            0.03350585000000001,
            0.03671913000000001,
            0.03671913000000001,
            0.03671554000000001,
            0.03671554000000001,
            0.03671554000000001,
            0.03671554000000001
        ],
        [
            0.39310142000000003,
            0.028644100000000002,
            0.028644100000000002,
            0.02704252,
            0.02704252,
            0.01547795,
            0.01547795,
            0.017075859999999998,
            0.0015955100000000003,
            0.0015955200000000002,
            0.0047821700000000005,
            0.01115117,
            0.01115117,
            0.00955843,
            0.00797043,
            0.00797043,
            0.00478283,
            0.00319236,
            0.00319236,
            0.0031842,
            0.0031842,
            0.00644784,
            0.0,
            2e-08,
            0.01156747,
            0.01156747,
            0.01868399,
            0.0170817,
            0.0170817,
            0.01546847,
            0.0203133,
            0.01547055,
            0.01547055,
            0.01387054,
            0.01226468,
            0.01226469,
            0.0122647,
            0.01709595,
            0.01709595,
            0.028673180000000003,
            0.028673180000000003,
            0.03191983,
            0.03354925,
            0.03354925,
            0.027058050000000004,
            0.027058050000000004,
            0.030271330000000006,
            0.030271330000000006,
            0.030267740000000005,
            0.030267740000000005,
            0.030267740000000005,
            0.030267740000000005
        ],
        [
            0.39310142000000003,
            0.028644100000000002,
            0.028644100000000002,
            0.02704252,
            0.02704252,
            0.01547795,
            0.01547795,
            0.017075859999999998,
            0.0015955100000000003,
            0.0015955200000000002,
            0.0047821700000000005,
            0.01115117,
            0.01115117,
            0.00955843,
            0.00797043,
            0.00797043,
            0.00478283,
            0.00319236,
            0.00319236,
            0.0031842,
            0.0031842,
            0.00644784,
            2e-08,
            0.0,
            0.01156747,
            0.01156747,
            0.01868399,
            0.0170817,
            0.0170817,
            0.01546847,
            0.0203133,
            0.01547055,
            0.01547055,
            0.01387054,
            0.01226468,
            0.01226469,
            0.0122647,
            0.01709595,
            0.01709595,
            0.028673180000000003,
            0.028673180000000003,
            0.03191983,
            0.03354925,
            0.03354925,
            0.027058050000000004,
            0.027058050000000004,
            0.030271330000000006,
            0.030271330000000006,
            0.030267740000000005,
            0.030267740000000005,
            0.030267740000000005,
            0.030267740000000005
        ],
        [
            0.38957697,
            0.02511965,
            0.02511965,
            0.023518070000000002,
            0.023518070000000002,
            0.011953499999999999,
            0.011953499999999999,
            0.01355141,
            0.009972,
            0.00997201,
            0.013158659999999999,
            0.01952766,
            0.01952766,
            0.01793492,
            0.01634692,
            0.01634692,
            0.013159319999999999,
            0.01156885,
            0.01156885,
            0.011560689999999998,
            0.011560689999999998,
            0.01801527,
            0.01156747,
            0.01156747,
            0.0,
            2e-08,
            0.015159539999999999,
            0.01355725,
            0.01355725,
            0.01194402,
            0.01678885,
            0.0119461,
            0.0119461,
            0.01034609,
            0.00874023,
            0.00874024,
            0.00874025,
            0.0135715,
            0.0135715,
            0.02514873,
            0.02514873,
            0.02839538,
            0.0300248,
            0.0300248,
            0.023533600000000002,
            0.023533600000000002,
            0.02674688,
            0.02674688,
            0.026743290000000003,
            0.026743290000000003,
            0.026743290000000003,
            0.026743290000000003
        ],
        [
            0.38957697,
            0.02511965,
            0.02511965,
            0.023518070000000002,
            0.023518070000000002,
            0.011953499999999999,
            0.011953499999999999,
            0.01355141,
            0.009972,
            0.00997201,
            0.013158659999999999,
            0.01952766,
            0.01952766,
            0.01793492,
            0.01634692,
            0.01634692,
            0.013159319999999999,
            0.01156885,
            0.01156885,
            0.011560689999999998,
            0.011560689999999998,
            0.01801527,
            0.01156747,
            0.01156747,
            2e-08,
            0.0,
            0.015159539999999999,
            0.01355725,
            0.01355725,
            0.01194402,
            0.01678885,
            0.0119461,
            0.0119461,
            0.01034609,
            0.00874023,
            0.00874024,
            0.00874025,
            0.0135715,
            0.0135715,
            0.02514873,
            0.02514873,
            0.02839538,
            0.0300248,
            0.0300248,
            0.023533600000000002,
            0.023533600000000002,
            0.02674688,
            0.02674688,
            0.026743290000000003,
            0.026743290000000003,
            0.026743290000000003,
            0.026743290000000003
        ],
        [
            0.38725609,
            0.02279877,
            0.02279877,
            0.021197189999999998,
            0.021197189999999998,
            0.00963262,
            0.00963262,
            0.011230529999999999,
            0.01708852,
            0.01708853,
            0.02027518,
            0.02664418,
            0.02664418,
            0.02505144,
            0.023463440000000002,
            0.023463440000000002,
            0.02027584,
