{
    "NEXUS_FILE_URL": "http://purl.org/phylo/treebase/phylows/study/TB2:S14096",
    "NEWICK_TREE": "(1:0.8666791598166114,2:0.3835803275669745,((((3:0.06006838457383274,(4:0.06216606018465384,5:0.03751585531590549):0.0541498543855105):0.6842344618826676,(58:0.4077025838983336,(59:0.05809126281879778,60:0.0568995637251714):0.3200684111214618):0.167713546840811):0.1393614672826312,((((((((6:0.5249070257224521,7:0.3468517038243416):0.07488036224719656,8:0.3390300781602382):0.06416226161166166,(10:0.05027017905082964,(((11:0.01655479040699409,12:0.02532394310088233):0.03673562972571259,13:0.02414870338065487):0.01921030982584876,14:0.03627517294269025):0.1138465592256186):0.1933046159418628):0.04257084193408015,9:0.2485473247730411):0.1042903329690615,(15:0.2221093031772858,(16:0.03643015652067508,17:0.03596128499811171):0.1562804837392987):0.2469035021089338):0.05390149860174258,(18:0.411027681492844,19:0.3401241378516178):0.1963114199864864):0.1714227369222506,((20:0.2806563526854677,21:0.2607979056815578):0.5645475744791713,((22:0.497046979571417,23:0.401175976639575):0.1965744909587007,(24:0.4280362690687478,25:0.3927180125294593):0.2475922063871038):0.1363841025440738):0.2642165069562111):0.09256866570937394,(26:0.4383642661104891,(27:0.4822220177426759,(((28:0.01764385011314352,29:0.08880405557041149):0.4831933177642187,32:0.2973764564492163,(33:0.2872248647427697,34:0.1908276253984273):0.1651411939483314):0.08318920962334724,(30:0.08327414943686569,31:0.0227137861151459):0.4100943649178104,(35:0.4310094113419806,(36:0.1306993113489908,37:0.159196358889521):0.2173481503234056,((38:0.08626815992228565,39:0.08856236824225361):0.3438851120026361,(40:0.1587462432209323,((41:0.06891561011154833,(42:0.0929577616677107,(43:0.07973992835448397,44:0.07811093438673813):0.04372190783391743):0.07073093093638279):0.209910284773471,((((45:0.03206612319608503,46:0.04756241178169698):0.03544007474583842,(47:0.07436153022342155,(48:0.03044459093672729,49:0.01018579011766695):0.05650365785868387):0.07090965065703202):0.04631979582456754,(50:0.1067460396948839,51:0.08659482293406721):0.03236896245038362):0.1923899869543813,(52:0.140110455137425,(53:0.09077780090054559,54:0.1304896063148605):0.07902720868186815):0.07820531152751924):0.06343611919466217):0.1509544837448004):0.05125793292347382):0.05543374178930627):0.2797270768606784):0.0774772706494071):0.118436715453859):0.08051873710202424):0.08964998367124756):0.1045278600228003,((55:0.4332540265077043,56:0.4033732840168339):0.2008730009871817,57:0.5782155146205085):0.1130340838924135):0.289704727978331);",
    "DISTANCE_MATRIX": [
        [
            0.0,
            1.250259487383586,
            2.1445760615568745,
            2.2008235915532057,
            2.1761733866844577,
            1.9756893458395184,
            1.9461464358814444,
            1.9449547367878184,
            2.4792654572068096,
            2.301210135308699,
            2.218508147397399,
            2.0588906026181917,
            2.194967712751536,
            2.2037368654454244,
            2.165825995999484,
            2.1587421557356707,
            2.02129229046446,
            2.137467438008577,
            2.1080687750912652,
            2.1075999035687016,
            2.2218922355999453,
            2.150988691958719,
            2.5525508313192145,
            2.532692384315305,
            2.537352477228767,
            2.441481474296925,
            2.519359482154501,
            2.4840412256152127,
            1.8694447347015037,
            2.0317392017875497,
            2.2110208321949902,
            2.282181037652258,
            2.0075601207668443,
            2.162549723008729,
            2.0661524836643865,
            2.1203629690489567,
            2.059802605727237,
            2.3377309428969397,
            2.254768993227356,
            2.2832660407678858,
            2.3923085452691875,
            2.3946027535891554,
            2.172159449488672,
            2.4431935848975592,
            2.537966667390104,
            2.568470741910795,
            2.566841747943049,
            2.5340197899280743,
            2.549516078513686,
            2.611784772866604,
            2.624371491438594,
            2.6041126906195333,
            2.5593087983068505,
            2.539157581546034,
            2.446119575872146,
            2.475814130317135,
            2.51552593573145,
            1.903544999182242,
            1.8736642566913715,
            1.8476334863078643
        ],
        [
            1.250259487383586,
            0.0,
            1.6614772293072375,
            1.7177247593035687,
            1.6930745544348207,
            1.4925905135898816,
            1.4630476036318076,
            1.4618559045381814,
            1.9961666249571726,
            1.818111303059062,
            1.735409315147762,
            1.5757917703685547,
            1.7118688805018991,
            1.7206380331957873,
            1.682727163749847,
            1.6756433234860337,
            1.5381934582148231,
            1.65436860575894,
            1.6249699428416282,
            1.6245010713190646,
            1.7387934033503083,
            1.667889859709082,
            2.0694519990695777,
            2.049593552065668,
            2.05425364497913,
            1.9583826420472878,
            2.036260649904864,
            2.000942393365576,
            1.3863459024518667,
            1.5486403695379127,
            1.7279219999453532,
            1.7990822054026212,
            1.5244612885172073,
            1.6794508907590922,
            1.5830536514147497,
            1.6372641367993197,
            1.5767037734776002,
            1.8546321106473027,
            1.7716701609777188,
            1.8001672085182487,
            1.9092097130195504,
            1.9115039213395184,
            1.6890606172390348,
            1.9600947526479222,
            2.0548678351404672,
            2.0853719096611583,
            2.083742915693412,
            2.0509209576784375,
            2.066417246264049,
            2.1286859406169674,
            2.141272659188957,
            2.1210138583698965,
            2.0762099660572138,
            2.056058749296397,
            1.963020743622509,
            1.992715298067498,
            2.032427103481813,
            1.420446166932605,
            1.3905654244417345,
            1.3645346540582275
        ],
        [
            2.1445760615568745,
            1.6614772293072375,
            0.0,
            0.1763842991439971,
            0.15173409427524873,
            1.3197189771956448,
            1.2901760672375708,
            1.2889843681439446,
            2.102018023128198,
            1.9239627012300877,
            1.8412607133187877,
            1.6816431685395803,
            1.8177202786729247,
            1.826489431366813,
            1.788578561920873,
            1.7814947216570596,
            1.644044856385849,
            1.7602200039299658,
            1.7308213410126538,
            1.7303524694900905,
            1.8446448015213341,
            1.773741257880108,
            2.175303397240603,
            2.1554449502366935,
            2.1601050431501556,
            2.0642340402183135,
            2.1421120480758895,
            2.1067937915366013,
            1.4921973006228924,
            1.6544917677089384,
            1.8337733981163788,
            1.904933603573647,
            1.630312686688233,
            1.7853022889301178,
            1.6889050495857756,
            1.7431155349703455,
            1.6825551716486258,
            1.9604835088183286,
            1.8775215591487444,
            1.9060186066892746,
            2.015061111190576,
            2.017355319510544,
            1.7949120154100604,
            2.065946150818948,
            2.160719233311493,
            2.1912233078321837,
            2.189594313864438,
            2.156772355849463,
            2.172268644435075,
            2.2345373387879928,
            2.247124057359983,
            2.226865256540922,
            2.1820613642282396,
            2.161910147467423,
            2.068872141793535,
            2.0985666962385237,
            2.1382785016528385,
            1.7353532851492315,
            1.705472542658361,
            1.679441772274854
        ],
        [
            2.2008235915532057,
            1.7177247593035687,
            0.1763842991439971,
            0.0,
            0.09968191550055933,
            1.3759665071919764,
            1.3464235972339025,
            1.345231898140276,
            2.15826555312453,
            1.9802102312264194,
            1.8975082433151194,
            1.737890698535912,
            1.8739678086692564,
            1.8827369613631446,
            1.8448260919172044,
            1.837742251653391,
            1.7002923863821804,
            1.8164675339262972,
            1.7870688710089855,
            1.786599999486422,
            1.9008923315176656,
            1.8299887878764394,
            2.2315509272369347,
            2.211692480233025,
            2.2163525731464873,
            2.120481570214645,
            2.198359578072221,
            2.163041321532933,
            1.548444830619224,
            1.71073929770527,
            1.8900209281127105,
            1.9611811335699785,
            1.6865602166845646,
            1.8415498189264494,
            1.745152579582107,
            1.799363064966677,
            1.7388027016449574,
            2.01673103881466,
            1.933769089145076,
            1.962266136685606,
            2.0713086411869077,
            2.0736028495068757,
            1.851159545406392,
            2.1221936808152795,
            2.2169667633078243,
            2.2474708378285153,
            2.2458418438607692,
            2.2130198858457946,
            2.228516174431406,
            2.2907848687843244,
            2.303371587356314,
            2.2831127865372536,
            2.238308894224571,
            2.218157677463754,
            2.125119671789866,
            2.1548142262348553,
            2.19452603164917,
            1.791600815145563,
            1.7617200726546924,
            1.7356893022711852
        ],
        [
            2.1761733866844577,
            1.6930745544348207,
            0.15173409427524873,
            0.09968191550055933,
            0.0,
            1.351316302323228,
            1.321773392365154,
            1.3205816932715277,
            2.1336153482557814,
            1.955560026357671,
            1.8728580384463709,
            1.7132404936671635,
            1.849317603800508,
            1.8580867564943961,
            1.8201758870484561,
            1.8130920467846428,
            1.6756421815134321,
            1.791817329057549,
            1.762418666140237,
            1.7619497946176736,
            1.8762421266489173,
            1.8053385830076911,
            2.2069007223681862,
            2.1870422753642766,
            2.191702368277739,
            2.0958313653458966,
            2.1737093732034727,
            2.1383911166641845,
            1.5237946257504755,
            1.6860890928365215,
            1.865370723243962,
            1.9365309287012302,
            1.661910011815816,
            1.816899614057701,
            1.7205023747133588,
            1.7747128600979287,
            1.714152496776209,
            1.9920808339459117,
            1.9091188842763276,
            1.9376159318168578,
            2.0466584363181592,
            2.048952644638127,
            1.8265093405376436,
            2.097543475946531,
            2.1923165584390762,
            2.222820632959767,
            2.221191638992021,
            2.188369680977046,
            2.203865969562658,
            2.266134663915576,
            2.278721382487566,
            2.258462581668505,
            2.2136586893558228,
            2.193507472595006,
            2.100469466921118,
            2.130164021366107,
            2.1698758267804217,
            1.7669506102768147,
            1.7370698677859442,
            1.7110390974024372
        ],
        [
            1.9756893458395184,
            1.4925905135898816,
            1.3197189771956448,
            1.3759665071919764,
            1.351316302323228,
            0.0,
            0.7858622578385932,
            0.7846705587449667,
            1.9331313074108425,
            1.755075985512732,
            1.672373997601432,
            1.5127564528222246,
            1.648833562955569,
            1.6576027156494573,
            1.619691846203517,
            1.6126080059397037,
            1.475158140668493,
            1.5913332882126099,
            1.5619346252952981,
            1.5614657537727346,
            1.6757580858039782,
            1.604854542162752,
            2.0064166815232474,
            1.9865582345193378,
            1.9912183274328,
            1.8953473245009578,
            1.9732253323585338,
            1.9379070758192456,
            1.3233105849055367,
            1.4856050519915827,
            1.6648866823990232,
            1.7360468878562911,
            1.4614259709708772,
            1.616415573212762,
            1.5200183338684197,
            1.5742288192529896,
            1.51366845593127,
            1.7915967931009726,
            1.7086348434313887,
            1.7371318909719187,
            1.8461743954732204,
            1.8484686037931883,
            1.6260252996927047,
            1.8970594351015921,
            1.991832517594137,
            2.022336592114828,
            2.020707598147082,
            1.9878856401321072,
            2.003381928717719,
            2.065650623070637,
            2.0782373416426267,
            2.0579785408235662,
            2.0131746485108835,
            1.9930234317500668,
            1.8999854260761788,
            1.929679980521168,
            1.9693917859354828,
            1.5664665694318756,
            1.536585826941005,
            1.510555056557498
        ],
        [
            1.9461464358814444,
            1.4630476036318076,
            1.2901760672375708,
            1.3464235972339025,
            1.321773392365154,
            0.7858622578385932,
            0.0,
            0.11499082654396918,
            1.9035883974527685,
            1.725533075554658,
            1.642831087643358,
            1.4832135428641506,
            1.619290652997495,
            1.6280598056913833,
            1.590148936245443,
            1.5830650959816297,
            1.445615230710419,
            1.561790378254536,
            1.5323917153372242,
            1.5319228438146606,
            1.6462151758459043,
            1.575311632204678,
            1.9768737715651734,
            1.9570153245612638,
            1.961675417474726,
            1.8658044145428838,
            1.9436824224004599,
            1.9083641658611716,
            1.2937676749474627,
            1.4560621420335087,
            1.6353437724409492,
            1.7065039778982172,
            1.4318830610128033,
            1.5868726632546881,
            1.4904754239103457,
            1.5446859092949157,
            1.4841255459731961,
            1.7620538831428987,
            1.6790919334733148,
            1.7075889810138447,
            1.8166314855151464,
            1.8189256938351144,
            1.5964823897346307,
            1.8675165251435182,
            1.962289607636063,
            1.992793682156754,
            1.991164688189008,
            1.9583427301740333,
            1.9738390187596448,
            2.036107713112563,
            2.048694431684553,
            2.0284356308654923,
            1.9836317385528095,
            1.9634805217919928,
            1.8704425161181049,
            1.900137070563094,
            1.9398488759774088,
            1.5369236594738016,
            1.5070429169829311,
            1.4810121465994242
        ],
        [
            1.9449547367878184,
            1.4618559045381814,
            1.2889843681439446,
            1.345231898140276,
            1.3205816932715277,
            0.7846705587449667,
            0.11499082654396918,
            0.0,
            1.902396698359142,
            1.7243413764610316,
            1.6416393885497316,
            1.4820218437705241,
            1.6180989539038686,
            1.6268681065977568,
            1.5889572371518168,
            1.5818733968880034,
            1.4444235316167928,
            1.5605986791609097,
            1.5312000162435977,
            1.5307311447210343,
            1.645023476752278,
            1.5741199331110518,
            1.975682072471547,
            1.9558236254676373,
            1.9604837183810995,
            1.8646127154492573,
            1.9424907233068334,
            1.9071724667675451,
            1.2925759758538362,
            1.4548704429398822,
            1.6341520733473227,
            1.705312278804591,
            1.4306913619191768,
            1.5856809641610616,
            1.4892837248167194,
            1.5434942102012894,
            1.4829338468795696,
            1.7608621840492724,
            1.6779002343796883,
            1.7063972819202184,
            1.81543978642152,
            1.817733994741488,
            1.5952906906410043,
            1.8663248260498917,
            1.9610979085424367,
            1.9916019830631275,
            1.9899729890953817,
            1.9571510310804068,
            1.9726473196660186,
            2.034916014018937,
            2.0475027325909263,
            2.0272439317718662,
            1.9824400394591832,
            1.9622888226983666,
            1.8692508170244786,
            1.8989453714694675,
            1.9386571768837824,
            1.5357319603801753,
            1.5058512178893049,
            1.4798204475057979
        ],
        [
            2.4792654572068096,
            1.9961666249571726,
            2.102018023128198,
            2.15826555312453,
            2.1336153482557814,
            1.9331313074108425,
            1.9035883974527685,
            1.902396698359142,
            0.0,
            0.8717587295467937,
            0.9388174661298868,
            0.9075244445740026,
            1.043601554707347,
            1.0523707074012352,
            1.0144598379552952,
            1.0073759976914818,
            0.9550678162884314,
            1.2798236297706715,
            1.2504249668533594,
            1.2499560953307962,
            1.472051424565525,
            1.4011478809242988,
            2.1455554941292947,
            2.125697047125385,
            2.1303571400388472,
            2.034486137107005,
            2.112364144964581,
            2.077045888425293,
            1.6475867289303323,
            1.809881196016378,
            1.9891628264238188,
            2.0603230318810866,
            1.7857021149956729,
            1.9406917172375577,
            1.8442944778932153,
            1.8985049632777855,
            1.8379445999560655,
            2.1158729371257685,
            2.032910987456184,
            2.0614080349967145,
            2.170450539498016,
            2.1727447478179838,
            1.9503014437175001,
            2.2213355791263876,
            2.316108661618933,
            2.3466127361396234,
            2.3449837421718778,
            2.3121617841569027,
            2.3276580727425147,
            2.3899267670954325,
            2.4025134856674226,
            2.3822546848483617,
            2.3374507925356793,
            2.3172995757748627,
            2.2242615701009747,
            2.2539561245459634,
            2.2936679299602782,
            2.0700426807991663,
            2.0401619383082963,
            2.014131167924789
        ],
        [
            2.301210135308699,
            1.818111303059062,
            1.9239627012300877,
            1.9802102312264194,
            1.955560026357671,
            1.755075985512732,
            1.725533075554658,
            1.7243413764610316,
            0.8717587295467937,
            0.0,
            0.7607621442317765,
            0.7294691226758923,
            0.8655462328092367,
            0.8743153855031249,
            0.8364045160571849,
            0.8293206757933715,
            0.777012494390321,
            1.101768307872561,
            1.0723696449552491,
            1.0719007734326857,
            1.2939961026674145,
            1.2230925590261883,
            1.9675001722311847,
            1.9476417252272749,
            1.9523018181407372,
            1.856430815208895,
            1.9343088230664711,
            1.8989905665271827,
            1.469531407032222,
            1.6318258741182678,
            1.8111075045257086,
            1.8822677099829765,
            1.6076467930975626,
            1.7626363953394475,
            1.6662391559951049,
            1.720449641379675,
            1.6598892780579553,
            1.937817615227658,
            1.854855665558074,
            1.883352713098604,
            1.9923952175999053,
            1.9946894259198733,
            1.77224612181939,
            2.043280257228277,
            2.1380533397208223,
            2.168557414241513,
            2.1669284202737673,
            2.134106462258792,
            2.149602750844404,
            2.2118714451973225,
            2.224458163769312,
            2.2041993629502517,
            2.159395470637569,
            2.139244253876752,
            2.0462062482028642,
            2.075900802647853,
            2.1156126080621678,
            1.891987358901056,
            1.8621066164101856,
            1.8360758460266786
        ],
        [
            2.218508147397399,
            1.735409315147762,
            1.8412607133187877,
            1.8975082433151194,
            1.8728580384463709,
            1.672373997601432,
            1.642831087643358,
            1.6416393885497316,
            0.9388174661298868,
            0.7607621442317765,
            0.0,
            0.6467671347645924,
            0.7828442448979367,
            0.7916133975918249,
            0.7537025281458849,
            0.7466186878820715,
            0.6943105064790212,
            1.019066319961261,
            0.9896676570439492,
            0.9891987855213858,
            1.2112941147561145,
            1.1403905711148883,
            1.8847981843198847,
            1.864939737315975,
            1.8695998302294372,
            1.773728827297595,
            1.851606835155171,
            1.8162885786158829,
            1.386829419120922,
            1.549123886206968,
            1.7284055166144086,
            1.7995657220716765,
            1.5249448051862626,
            1.6799344074281475,
            1.583537168083805,
            1.637747653468375,
            1.5771872901466555,
            1.855115627316358,
            1.7721536776467741,
            1.800650725187304,
            1.9096932296886056,
            1.9119874380085735,
            1.68954413390809,
            1.9605782693169773,
            2.0553513518095223,
            2.0858554263302134,
            2.0842264323624673,
            2.0514044743474926,
            2.066900762933104,
            2.1291694572860225,
            2.141756175858012,
            2.1214973750389516,
            2.076693482726269,
            2.056542265965452,
            1.9635042602915642,
            1.9931988147365531,
            2.0329106201508678,
            1.809285370989756,
            1.7794046284988856,
            1.7533738581153786
        ],
        [
            2.0588906026181917,
            1.5757917703685547,
            1.6816431685395803,
            1.737890698535912,
            1.7132404936671635,
            1.5127564528222246,
            1.4832135428641506,
            1.4820218437705241,
            0.9075244445740026,
            0.7294691226758923,
            0.6467671347645924,
            0.0,
            0.23661746823500368,
            0.2453866209288919,
            0.20747575148295186,
            0.2003919112191385,
            0.5346929616998137,
            0.8594487751820536,
            0.8300501122647417,
            0.8295812407421783,
            1.051676569976907,
            0.9807730263356809,
            1.7251806395406772,
            1.7053221925367674,
            1.7099822854502298,
            1.6141112825183876,
            1.6919892903759637,
            1.6566710338366752,
            1.2272118743417146,
            1.3895063414277604,
            1.5687879718352011,
            1.6399481772924691,
            1.3653272604070552,
            1.52031686264894,
            1.4239196233045974,
            1.4781301086891676,
            1.4175697453674478,
            1.6954980825371506,
            1.6125361328675665,
            1.6410331804080966,
            1.750075684909398,
            1.7523698932293659,
            1.5299265891288825,
            1.8009607245377697,
            1.895733807030315,
            1.9262378815510055,
            1.9246088875832599,
            1.8917869295682848,
            1.9072832181538968,
            1.969551912506815,
            1.9821386310788047,
            1.9618798302597442,
            1.9170759379470614,
            1.8969247211862448,
            1.8038867155123568,
            1.8335812699573455,
            1.8732930753716603,
            1.6496678262105486,
            1.6197870837196782,
            1.5937563133361712
        ],
        [
            2.194967712751536,
            1.7118688805018991,
            1.8177202786729247,
            1.8739678086692564,
            1.849317603800508,
            1.648833562955569,
            1.619290652997495,
            1.6180989539038686,
            1.043601554707347,
            0.8655462328092367,
            0.7828442448979367,
            0.23661746823500368,
            0.0,
            0.04187873350787642,
            0.07743912351336155,
            0.1087759029012457,
            0.6707700718331582,
            0.9955258853153981,
            0.9661272223980861,
            0.9656583508755228,
            1.1877536801102515,
            1.1168501364690253,
            1.8612577496740217,
            1.8413993026701119,
            1.8460593955835742,
            1.750188392651732,
            1.8280664005093081,
            1.7927481439700197,
            1.363288984475059,
            1.5255834515611049,
            1.7048650819685456,
            1.7760252874258136,
            1.5014043705403997,
            1.6563939727822845,
            1.5599967334379419,
            1.614207218822512,
            1.5536468555007923,
            1.831575192670495,
            1.748613243000911,
            1.777110290541441,
            1.8861527950427424,
            1.8884470033627103,
            1.666003699262227,
            1.9370378346711141,
            2.0318109171636594,
            2.06231499168435,
            2.0606859977166043,
            2.027864039701629,
            2.0433603282872412,
            2.1056290226401595,
            2.118215741212149,
            2.0979569403930887,
            2.053153048080406,
            2.0330018313195892,
            1.9399638256457012,
            1.96965838009069,
            2.009370185505005,
            1.785744936343893,
            1.7558641938530226,
            1.7298334234695156
        ],
        [
            2.2037368654454244,
            1.7206380331957873,
            1.826489431366813,
            1.8827369613631446,
            1.8580867564943961,
            1.6576027156494573,
            1.6280598056913833,
            1.6268681065977568,
            1.0523707074012352,
            0.8743153855031249,
            0.7916133975918249,
            0.2453866209288919,
            0.04187873350787642,
            0.0,
            0.0862082762072498,
            0.11754505559513392,
            0.6795392245270464,
            1.0042950380092863,
            0.9748963750919744,
            0.974427503569411,
            1.1965228328041397,
            1.1256192891629135,
            1.87002690236791,
            1.850168455364,
            1.8548285482774625,
            1.7589575453456203,
            1.8368355532031964,
            1.801517296663908,
            1.3720581371689473,
            1.534352604254993,
            1.7136342346624338,
            1.7847944401197018,
            1.5101735232342879,
            1.6651631254761727,
            1.56876588613183,
            1.6229763715164003,
            1.5624160081946805,
            1.8403443453643833,
            1.7573823956947991,
            1.7858794432353293,
            1.8949219477366306,
            1.8972161560565985,
            1.6747728519561151,
            1.9458069873650023,
            2.0405800698575476,
            2.071084144378238,
            2.0694551504104925,
            2.0366331923955174,
            2.0521294809811295,
            2.1143981753340477,
            2.1269848939060374,
            2.106726093086977,
            2.061922200774294,
            2.0417709840134775,
            1.9487329783395895,
            1.9784275327845782,
            2.018139338198893,
            1.7945140890377813,
            1.7646333465469108,
            1.7386025761634039
        ],
        [
            2.165825995999484,
            1.682727163749847,
            1.788578561920873,
            1.8448260919172044,
            1.8201758870484561,
            1.619691846203517,
            1.590148936245443,
            1.5889572371518168,
            1.0144598379552952,
            0.8364045160571849,
            0.7537025281458849,
            0.20747575148295186,
            0.07743912351336155,
            0.0862082762072498,
            0.0,
            0.07963418614919388,
            0.6416283550811063,
            0.9663841685633463,
            0.9369855056460343,
            0.936516634123471,
            1.1586119633581997,
            1.0877084197169735,
            1.83211603292197,
            1.81225758591806,
            1.8169176788315224,
            1.7210466758996803,
            1.7989246837572563,
            1.763606427217968,
            1.334147267723007,
            1.496441734809053,
            1.6757233652164936,
            1.7468835706737615,
            1.4722626537883476,
            1.6272522560302325,
            1.5308550166858903,
            1.5850655020704603,
            1.5245051387487405,
            1.8024334759184433,
            1.7194715262488591,
            1.7479685737893893,
            1.8570110782906908,
            1.8593052866106587,
            1.6368619825101751,
            1.9078961179190626,
            2.0026692004116073,
            2.0331732749322984,
            2.0315442809645523,
            1.9987223229495776,
            2.014218611535189,
            2.0764873058881075,
            2.089074024460097,
            2.0688152236410366,
            2.024011331328354,
            2.003860114567537,
            1.9108221088936492,
            1.9405166633386384,
            1.9802284687529532,
            1.7566032195918413,
            1.7267224771009708,
            1.7006917067174636
        ],
        [
            2.1587421557356707,
            1.6756433234860337,
            1.7814947216570596,
            1.837742251653391,
            1.8130920467846428,
            1.6126080059397037,
            1.5830650959816297,
            1.5818733968880034,
            1.0073759976914818,
            0.8293206757933715,
            0.7466186878820715,
            0.2003919112191385,
            0.1087759029012457,
            0.11754505559513392,
            0.07963418614919388,
            0.0,
            0.6345445148172929,
            0.9593003282995329,
            0.929901665382221,
            0.9294327938596576,
            1.1515281230943863,
            1.0806245794531602,
            1.8250321926581565,
            1.8051737456542467,
            1.809833838567709,
            1.713962835635867,
            1.791840843493443,
            1.7565225869541545,
            1.3270634274591937,
            1.4893578945452397,
            1.6686395249526802,
            1.7397997304099482,
            1.4651788135245343,
            1.6201684157664191,
            1.523771176422077,
            1.577981661806647,
            1.5174212984849271,
            1.79534963565463,
            1.7123876859850458,
            1.740884733525576,
            1.8499272380268774,
            1.8522214463468454,
            1.6297781422463617,
            1.9008122776552492,
            1.995585360147794,
            2.026089434668485,
            2.024460440700739,
            1.9916384826857643,
            2.007134771271376,
            2.069403465624294,
            2.081990184196284,
            2.0617313833772233,
            2.0169274910645405,
            1.9967762743037238,
            1.9037382686298359,
            1.933432823074825,
            1.9731446284891399,
            1.749519379328028,
            1.7196386368371575,
            1.6936078664536502
        ],
        [
            2.02129229046446,
            1.5381934582148231,
            1.644044856385849,
            1.7002923863821804,
            1.6756421815134321,
            1.475158140668493,
            1.445615230710419,
            1.4444235316167928,
            0.9550678162884314,
            0.777012494390321,
            0.6943105064790212,
            0.5346929616998137,
            0.6707700718331582,
            0.6795392245270464,
            0.6416283550811063,
            0.6345445148172929,
            0.0,
            0.8218504630283221,
            0.7924518001110101,
            0.7919829285884468,
            1.0140782578231757,
            0.9431747141819494,
            1.687582327386946,
            1.6677238803830359,
            1.6723839732964985,
            1.5765129703646563,
            1.6543909782222324,
            1.6190727216829437,
            1.189613562187983,
            1.3519080292740289,
            1.5311896596814696,
            1.6023498651387376,
            1.3277289482533237,
            1.4827185504952085,
            1.386321311150866,
            1.4405317965354363,
            1.3799714332137163,
            1.6578997703834193,
            1.574937820713835,
            1.6034348682543653,
            1.7124773727556666,
            1.7147715810756345,
            1.492328276975151,
            1.7633624123840383,
            1.8581354948765834,
            1.8886395693972742,
            1.8870105754295283,
            1.8541886174145534,
            1.8696849060001652,
            1.9319536003530835,
            1.9445403189250732,
            1.9242815181060127,
            1.8794776257933299,
            1.8593264090325132,
            1.7662884033586252,
            1.7959829578036142,
            1.835694763217929,
            1.612069514056817,
            1.5821887715659466,
            1.5561580011824396
        ],
        [
            2.137467438008577,
            1.65436860575894,
            1.7602200039299658,
            1.8164675339262972,
            1.791817329057549,
            1.5913332882126099,
            1.561790378254536,
            1.5605986791609097,
            1.2798236297706715,
            1.101768307872561,
            1.019066319961261,
            0.8594487751820536,
            0.9955258853153981,
            1.0042950380092863,
            0.9663841685633463,
            0.9593003282995329,
            0.8218504630283221,
            0.0,
            0.4148199434372596,
            0.4143510719146962,
            1.1302534053672926,
            1.0593498617260664,
            1.8037574749310628,
            1.783899027927153,
            1.7885591208406153,
            1.6926881179087732,
            1.7705661257663492,
            1.7352478692270608,
            1.3057887097321,
            1.468083176818146,
            1.6473648072255864,
            1.7185250126828544,
            1.4439040957974405,
            1.5988936980393254,
            1.5024964586949832,
            1.5567069440795531,
            1.4961465807578334,
            1.7740749179275361,
            1.691112968257952,
            1.7196100157984822,
            1.8286525202997836,
            1.8309467286197516,
            1.608503424519268,
            1.8795375599281554,
            1.9743106424207002,
            2.0048147169413912,
            2.003185722973645,
            1.9703637649586705,
            1.985860053544282,
            2.0481287478972003,
            2.06071546646919,
            2.0404566656501295,
            1.9956527733374467,
            1.97550155657663,
            1.882463550902742,
            1.9121581053477312,
            1.951869910762046,
            1.7282446616009342,
            1.6983639191100637,
            1.6723331487265565
        ],
        [
            2.1080687750912652,
            1.6249699428416282,
            1.7308213410126538,
            1.7870688710089855,
            1.762418666140237,
            1.5619346252952981,
            1.5323917153372242,
            1.5312000162435977,
            1.2504249668533594,
            1.0723696449552491,
            0.9896676570439492,
            0.8300501122647417,
            0.9661272223980861,
            0.9748963750919744,
            0.9369855056460343,
            0.929901665382221,
            0.7924518001110101,
            0.4148199434372596,
            0.0,
            0.07239144151878679,
            1.1008547424499806,
            1.0299511988087544,
            1.7743588120137508,
            1.754500365009841,
            1.7591604579233033,
            1.6632894549914612,
            1.7411674628490372,
            1.7058492063097488,
            1.2763900468147882,
            1.438684513900834,
            1.6179661443082747,
            1.6891263497655427,
            1.4145054328801288,
            1.5694950351220136,
            1.473097795777671,
            1.5273082811622412,
            1.4667479178405214,
            1.7446762550102242,
            1.66171430534064,
            1.6902113528811702,
            1.7992538573824715,
            1.8015480657024394,
            1.579104761601956,
            1.8501388970108432,
            1.9449119795033885,
            1.975416054024079,
            1.9737870600563334,
            1.9409651020413583,
            1.9564613906269703,
            2.0187300849798886,
            2.0313168035518783,
            2.0110580027328178,
            1.966254110420135,
            1.9461028936593183,
            1.8530648879854303,
            1.882759442430419,
            1.9224712478447339,
            1.6988459986836222,
            1.6689652561927517,
            1.6429344858092447
        ],
        [
            2.1075999035687016,
            1.6245010713190646,
            1.7303524694900905,
            1.786599999486422,
            1.7619497946176736,
            1.5614657537727346,
            1.5319228438146606,
            1.5307311447210343,
            1.2499560953307962,
            1.0719007734326857,
            0.9891987855213858,
            0.8295812407421783,
            0.9656583508755228,
            0.974427503569411,
            0.936516634123471,
            0.9294327938596576,
            0.7919829285884468,
            0.4143510719146962,
            0.07239144151878679,
            0.0,
            1.1003858709274172,
            1.029482327286191,
            1.7738899404911874,
            1.7540314934872776,
            1.75869158640074,
            1.6628205834688978,
            1.7406985913264739,
            1.7053803347871854,
            1.2759211752922246,
            1.4382156423782706,
            1.617497272785711,
            1.688657478242979,
            1.4140365613575652,
            1.56902616359945,
            1.4726289242551078,
            1.5268394096396778,
