{
    "NEXUS_FILE_URL": "http://purl.org/phylo/treebase/phylows/study/TB2:S15833",
    "NEWICK_TREE": "(1:0.449888462659527,5:0.2077277026000748,(((((((2:0.1877045561916344,21:0.1224904569674267):0.03502183638202776,(13:0.1468766668432667,(((14:0.6405909350168065,22:0.4657339210592835):0.05686654367524766,((((15:0.04984495684770424,17:0.06206360883505061,33:0.04931085601188945):0.01068518259985387,20:0.09689420189512572):0.0126768591695614,16:0.06635047298348666):0.02674885810465843,(43:0.2960732331707306,56:0.4774663694892499):0.04105463230856485):0.02854994279173867):0.09619822268399757,19:0.2110055207414027):0.02605935604375194):0.0165375968849752):0.02058837661433606,((7:0.3416523065653208,46:0.2213498478183345):0.1288782554482254,((28:0.06254040093747482,29:0.1217223373366913):0.05178099055685684,((51:0.04126449408674281,54:0.04960482340628494):0.09864931173300619,52:0.07747466745337514,53:0.1313087127029288):0.02585017713478315):0.04204502362008598):0.03692691292589916,12:0.2534235154150909):0.06003049705787413,32:0.3700650072991807):0.07601269289316329,(((3:0.9378211328906011,18:0.1399879385067251,45:0.2809101748935003):0.05666763698708846,(8:0.06380444549878446,(9:0.0278962888771881,(11:0.05126410669664076,(23:0.0781840699044996,24:0.1106083439980226):0.1360290938760685,27:0.09068545099964591):0.02519329384365902,26:0.04836734281274437):0.02073056197267676,10:0.06128537443325458,25:0.1509683905789391,(30:0.05431191589486983,36:0.03974128167696555):0.08129185084665853,((31:0.08016665354542767,48:0.0757683103535767):0.03835357590885418,55:0.1183395045931286):0.1399913112495701,34:0.09253133480878505,((((35:0.009079327566230299,38:0.003967863229194507):0.009235594725027824,42:0.003918341765503735):0.01971149620307787,39:0.0319034476644995):0.02635661508782142,47:0.05250138819486227):0.02294995690333716,((37:0.04496841385538983,40:0.02401554001996175):0.03098601436465901,41:0.06409144590856596):0.02942469234128687,(49:0.02919606441988051,50:0.004742417634063554):0.06772143984353908):0.0633344946047388):0.02569602914463072,44:0.2353065607867339):0.04376776787469411):0.02460782523387681,6:0.1318538026970145):0.0291437598492327,4:0.1762581407385651):0.1269268473559826);",
    "DISTANCE_MATRIX": [
        [
            0.0,
            0.6576161652596018,
            1.0099248542376547,
            0.944710755013447,
            0.9506127253922345,
            1.6234511159687717,
            1.4485941020112485,
            1.0544994367902338,
            1.0667180887775802,
            1.053965335954419,
            1.0908634992378015,
            1.047642911156601,
            1.2916714455477514,
            1.4730645818662709,
            1.0408009353341223,
            1.2740675599891018,
            1.1537651012421155,
            0.9599034130899733,
            1.0190853494891896,
            1.0113460045501736,
            1.019686333869716,
            0.9489068661837999,
            1.0027409114333534,
            1.0200336004647474,
            1.0766445952909631,
            1.6945194619956336,
            0.8966862676117575,
            1.0376085039985328,
            0.8271696322214672,
            0.8119920375725476,
            0.8605531492356593,
            1.0235022063195864,
            1.0559264804131097,
            0.8999744935386644,
            0.8324630915081038,
            0.8246505611559373,
            0.9143335773016218,
            0.8989689534642111,
            0.8843983192463069,
            1.0218767274265348,
            1.0174783842346837,
            1.0216960025653814,
            0.8558965215314678,
            0.8506981772081773,
            0.8455867128711415,
            0.8363015966824229,
            0.8445752063783408,
            0.8388165318208821,
            0.8687443072840184,
            0.8477914334485903,
            0.8568813249725356,
            0.8602826909861023,
            0.8358290442002854,
            0.9096412237600471,
            0.7378128725617568,
            0.7530734507540747
        ],
        [
            0.6576161652596018,
            0.0,
            0.7677640941782025,
            0.7025499949539948,
            0.7084519653327823,
            1.3812903559093195,
            1.2064333419517963,
            0.8123386767307816,
            0.824557328718128,
            0.8118045758949668,
            0.8487027391783493,
            0.8054821510971488,
            1.0495106854882992,
            1.2309038218068187,
            0.7986401752746701,
            1.0319067999296496,
            0.9116043411826633,
            0.7177426530305211,
            0.7769245894297375,
            0.7691852444907216,
            0.7775255738102638,
            0.7067461061243477,
            0.7605801513739013,
            0.7778728404052951,
            0.8344838352315108,
            1.4523587019361814,
            0.6545255075523053,
            0.7954477439390805,
            0.585008872162015,
            0.5698312775130954,
            0.6183923891762071,
            0.7813414462601344,
            0.8137657203536574,
            0.6578137334792122,
            0.5903023314486516,
            0.5824898010964851,
            0.6721728172421696,
            0.6568081934047589,
            0.6422375591868547,
            0.7797159673670825,
            0.7753176241752315,
            0.7795352425059292,
            0.6137357614720156,
            0.6085374171487251,
            0.6034259528116893,
            0.5941408366229707,
            0.6024144463188886,
            0.5966557717614299,
            0.6265835472245662,
            0.6056306733891381,
            0.6147205649130834,
            0.6181219309266501,
            0.5936682841408332,
            0.6674804637005949,
            0.49565211250230456,
            0.5109126906946225
        ],
        [
            1.0099248542376547,
            0.7677640941782025,
            0.0,
            0.3101950131590611,
            0.3861406563019041,
            1.0589790468784412,
            0.8841220329209181,
            0.49002736769990346,
            0.5022460196872498,
            0.48949326686408867,
            0.526391430147471,
            0.48317084206627064,
            0.7271993764574209,
            0.9085925127759404,
            0.476328866243792,
            0.7507722441274436,
            0.6304697853804573,
            0.436608097228315,
            0.4957900336275315,
            0.48805068868851553,
            0.4963910180080577,
            0.42561155032214165,
            0.4794455955716953,
            0.4967382846030891,
            0.673410273545053,
            1.4433105260360501,
            0.645477331652174,
            0.7863995680389492,
            0.5759606962618837,
            0.5607831016129641,
            0.6093442132760758,
            0.7722932703600031,
            0.8047175444535261,
            0.6487655575790809,
            0.5812541555485203,
            0.5734416251963538,
            0.6631246413420383,
            0.6477600175046276,
            0.6331893832867233,
            0.7706677914669512,
            0.7662694482751002,
            0.7704870666057979,
            0.6046875855718843,
            0.5994892412485937,
            0.5943777769115579,
            0.5850926607228394,
            0.5933662704187572,
            0.5876075958612986,
            0.6175353713244349,
            0.5965824974890068,
            0.6056723890129521,
            0.6090737550265188,
            0.5846201082407019,
            0.6584322878004636,
            0.5358195870699269,
            0.6093676849607101
        ],
        [
            0.944710755013447,
            0.7025499949539948,
            0.3101950131590611,
            0.0,
            0.32092655707769635,
            0.9937649476542335,
            0.8189079336967104,
            0.4248132684756958,
            0.4370319204630422,
            0.42427916763988094,
            0.4611773309232634,
            0.41795674284206297,
            0.6619852772332133,
            0.8433784135517327,
            0.41111476701958427,
            0.685558144903236,
            0.5652556861562497,
            0.37139399800410733,
            0.4305759344033238,
            0.42283658946430785,
            0.43117691878385,
            0.360397451097934,
            0.4142314963474876,
            0.43152418537888143,
            0.6081961743208454,
            1.3780964268118425,
            0.5802632324279664,
            0.7211854688147415,
            0.5107465970376761,
            0.49556900238875645,
            0.5441301140518682,
            0.7070791711357954,
            0.7395034452293184,
            0.5835514583548733,
            0.5160400563243127,
            0.5082275259721462,
            0.5979105421178307,
            0.58254591828042,
            0.5679752840625156,
            0.7054536922427436,
            0.7010553490508926,
            0.7052729673815903,
            0.5394734863476767,
            0.5342751420243861,
            0.5291636776873503,
            0.5198785614986318,
            0.5281521711945496,
            0.522393496637091,
            0.5523212721002273,
            0.5313683982647992,
            0.5404582897887444,
            0.5438596558023112,
            0.5194060090164943,
            0.593218188576256,
            0.4706054878457193,
            0.5441535857365025
        ],
        [
            0.9506127253922345,
            0.7084519653327823,
            0.3861406563019041,
            0.32092655707769635,
            0.0,
            0.9665917242630705,
            0.7917347103055474,
            0.39764004508453277,
            0.40985869707187916,
            0.39710594424871803,
            0.4340041075321004,
            0.39078351945089995,
            0.6348120538420503,
            0.8162051901605697,
            0.38394154362842137,
            0.6914601152820233,
            0.571157656535037,
            0.37729596838289475,
            0.43647790478211124,
            0.4287385598430953,
            0.43707888916263743,
            0.3662994214767214,
            0.42013346672627505,
            0.43742615575766886,
            0.6140981446996328,
            1.3839983971906298,
            0.5861652028067538,
            0.7270874391935289,
            0.5166485674164635,
            0.5014709727675439,
            0.5500320844306555,
            0.7129811415145828,
            0.7454054156081058,
            0.5894534287336607,
            0.5219420267031001,
            0.5141294963509335,
            0.603812512496618,
            0.5884478886592074,
            0.5738772544413031,
            0.7113556626215309,
            0.7069573194296801,
            0.7111749377603778,
            0.545375456726464,
            0.5401771124031736,
            0.5350656480661378,
            0.5257805318774191,
            0.5340541415733371,
            0.5282954670158784,
            0.5582232424790148,
            0.5372703686435867,
            0.5463602601675319,
            0.5497616261810986,
            0.5253079793952816,
            0.5991201589550434,
            0.4765074582245067,
            0.55005555611529
        ],
        [
            1.6234511159687717,
            1.3812903559093195,
            1.0589790468784412,
            0.9937649476542335,
            0.9665917242630705,
            0.0,
            1.10632485607609,
            0.8259632782055708,
            0.8381819301929172,
            0.825429177369756,
            0.8623273406531384,
            0.819106752571938,
            1.0631352869630883,
            1.2445284232816076,
            1.0046612221174545,
            1.3642985058585606,
            1.2439960471115743,
            1.0501343589594319,
            1.1093162953586484,
            1.1015769504196324,
            1.1099172797391745,
            1.0391378120532586,
            1.0929718573028122,
            1.110264546334206,
            1.28693653527617,
            2.0568367877671667,
            1.2590035933832908,
            1.399925829770066,
            1.1894869579930005,
            1.174309363344081,
            1.2228704750071926,
            1.38581953209112,
            1.418243806184643,
            1.2622918193101977,
            1.1947804172796372,
            1.1869678869274707,
            1.2766509030731552,
            1.2612862792357444,
            1.2467156450178403,
            1.384194053198068,
            1.379795710006217,
            1.384013328336915,
            1.218213847303001,
            1.2130155029797107,
            1.207904038642675,
            1.1986189224539563,
            1.2068925321498742,
            1.2011338575924155,
            1.231061633055552,
            1.2101087592201236,
            1.2191986507440689,
            1.2226000167576356,
            1.1981463699718187,
            1.2719585495315804,
            1.1493458488010437,
            1.2228939466918272
        ],
        [
            1.4485941020112485,
            1.2064333419517963,
            0.8841220329209181,
            0.8189079336967104,
            0.7917347103055474,
            1.10632485607609,
            0.0,
            0.6511062642480477,
            0.6633249162353941,
            0.650572163412233,
            0.6874703266956154,
            0.6442497386144149,
            0.8882782730055652,
            1.0696714093240844,
            0.8298042081599314,
            1.1894414919010374,
            1.0691390331540511,
            0.8752773450019089,
            0.9344592814011253,
            0.9267199364621094,
            0.9350602657816516,
            0.8642807980957354,
            0.9181148433452891,
            0.935407532376683,
            1.112079521318647,
            1.8819797738096438,
            1.0841465794257679,
            1.2250688158125431,
            1.0146299440354776,
            0.9994523493865579,
            1.0480134610496696,
            1.2109625181335968,
            1.24338679222712,
            1.0874348053526748,
            1.0199234033221143,
            1.0121108729699477,
            1.101793889115632,
            1.0864292652782215,
            1.071858631060317,
            1.2093370392405451,
            1.204938696048694,
            1.2091563143793918,
            1.0433568333454781,
            1.0381584890221875,
            1.0330470246851517,
            1.0237619084964331,
            1.032035518192351,
            1.0262768436348924,
            1.0562046190980288,
            1.0352517452626007,
            1.044341636786546,
            1.0477430028001127,
            1.0232893560142957,
            1.0971015355740574,
            0.9744888348435208,
            1.048036932734304
        ],
        [
            1.0544994367902338,
            0.8123386767307816,
            0.49002736769990346,
            0.4248132684756958,
            0.39764004508453277,
            0.8259632782055708,
            0.6511062642480477,
            0.0,
            0.11190856568275485,
            0.09915581285959368,
            0.15742434134268385,
            0.13955747160060616,
            0.4370837222010734,
            0.6184768585195928,
            0.43570954293891684,
            0.7953468266800228,
            0.6750443679330365,
            0.48118267978089413,
            0.5403646161801106,
            0.5326252712410946,
            0.5409656005606368,
            0.4701861328747208,
            0.5240201781242744,
            0.5413128671556682,
            0.7179848560976321,
            1.487885108588629,
            0.6900519142047532,
            0.8309741505915283,
            0.6205352788144629,
            0.6053576841655433,
            0.653918795828655,
            0.8168678529125822,
            0.8492921270061052,
            0.6933401401316601,
            0.6258287381010995,
            0.618016207748933,
            0.7076992238946175,
            0.6923346000572068,
            0.6777639658393024,
            0.8152423740195304,
            0.8108440308276794,
            0.8150616491583771,
            0.6492621681244635,
            0.6440638238011729,
            0.6389523594641371,
            0.6296672432754186,
            0.6379408529713364,
            0.6321821784138778,
            0.6621099538770141,
            0.641157080041586,
            0.6502469715655312,
            0.653648337579098,
            0.629194690793281,
            0.7030068703530428,
            0.5803941696225061,
            0.6539422675132893
        ],
        [
            1.0667180887775802,
            0.824557328718128,
            0.5022460196872498,
            0.4370319204630422,
            0.40985869707187916,
            0.8381819301929172,
            0.6633249162353941,
            0.11190856568275485,
            0.0,
            0.11137446484694005,
            0.1696429933300302,
            0.15177612358795256,
            0.44930237418841973,
            0.6306955105069392,
            0.44792819492626323,
            0.8075654786673692,
            0.6872630199203829,
            0.4934013317682405,
            0.552583268167457,
            0.544843923228441,
            0.5531842525479832,
            0.48240478486206717,
            0.5362388301116208,
            0.5535315191430146,
            0.7302035080849785,
            1.5001037605759757,
            0.7022705661920996,
            0.8431928025788747,
            0.6327539308018093,
            0.6175763361528896,
            0.6661374478160014,
            0.8290865048999286,
            0.8615107789934516,
            0.7055587921190065,
            0.6380473900884459,
            0.6302348597362794,
            0.7199178758819639,
            0.7045532520445532,
            0.6899826178266488,
            0.8274610260068768,
            0.8230626828150258,
            0.8272803011457235,
            0.6614808201118099,
            0.6562824757885193,
            0.6511710114514835,
            0.641885895262765,
            0.6501595049586828,
            0.6444008304012242,
            0.6743286058643605,
            0.6533757320289324,
            0.6624656235528776,
            0.6658669895664444,
            0.6414133427806274,
            0.7152255223403892,
            0.5926128216098525,
            0.6661609195006357
        ],
        [
            1.053965335954419,
            0.8118045758949668,
            0.48949326686408867,
            0.42427916763988094,
            0.39710594424871803,
            0.825429177369756,
            0.650572163412233,
            0.09915581285959368,
            0.11137446484694005,
            0.0,
            0.15689024050686903,
            0.13902337076479138,
            0.43654962136525854,
            0.6179427576837779,
            0.4351754421031021,
            0.7948127258442079,
            0.6745102670972216,
            0.48064857894507934,
            0.5398305153442958,
            0.5320911704052799,
            0.5404314997248221,
            0.469652032038906,
            0.5234860772884596,
            0.5407787663198534,
            0.7174507552618173,
            1.4873510077528143,
            0.6895178133689384,
            0.8304400497557135,
            0.6200011779786481,
            0.6048235833297284,
            0.6533846949928401,
            0.8163337520767674,
            0.8487580261702904,
            0.6928060392958453,
            0.6252946372652847,
            0.6174821069131181,
            0.7071651230588026,
            0.691800499221392,
            0.6772298650034876,
            0.8147082731837155,
            0.8103099299918646,
            0.8145275483225622,
            0.6487280672886486,
            0.643529722965358,
            0.6384182586283222,
            0.6291331424396037,
            0.6374067521355216,
            0.631648077578063,
            0.6615758530411993,
            0.6406229792057712,
            0.6497128707297164,
            0.6531142367432832,
            0.6286605899574662,
            0.7024727695172279,
            0.5798600687866913,
            0.6534081666774745
        ],
        [
            1.0908634992378015,
            0.8487027391783493,
            0.526391430147471,
            0.4611773309232634,
            0.4340041075321004,
            0.8623273406531384,
            0.6874703266956154,
            0.15742434134268385,
            0.1696429933300302,
            0.15689024050686903,
            0.0,
            0.1759215340481738,
            0.47344778464864096,
            0.6548409209671604,
            0.47207360538648446,
            0.8317108891275904,
            0.7114084303806041,
            0.5175467422284618,
            0.5767286786276782,
            0.5689893336886622,
            0.5773296630082044,
            0.5065501953222884,
            0.560384240571842,
            0.5776769296032358,
            0.7543489185451997,
            1.524249171036197,
            0.7264159766523208,
            0.867338213039096,
            0.6568993412620305,
            0.6417217466131109,
            0.6902828582762226,
            0.8532319153601499,
            0.8856561894536729,
            0.7297042025792277,
            0.6621928005486671,
            0.6543802701965006,
            0.7440632863421851,
            0.7286986625047744,
            0.71412802828687,
            0.851606436467098,
            0.847208093275247,
            0.8514257116059447,
            0.6856262305720311,
            0.6804278862487405,
            0.6753164219117047,
            0.6660313057229862,
            0.674304915418904,
            0.6685462408614454,
            0.6984740163245817,
            0.6775211424891536,
            0.6866110340130989,
            0.6900124000266656,
            0.6655587532408487,
            0.7393709328006104,
            0.6167582320700737,
            0.690306329960857
        ],
        [
            1.047642911156601,
            0.8054821510971488,
            0.48317084206627064,
            0.41795674284206297,
            0.39078351945089995,
            0.819106752571938,
            0.6442497386144149,
            0.13955747160060616,
            0.15177612358795256,
            0.13902337076479138,
            0.1759215340481738,
            0.0,
            0.4302271965674405,
            0.6116203328859598,
            0.428853017305284,
            0.78849030104639,
            0.6681878422994036,
            0.4743261541472613,
            0.5335080905464777,
            0.5257687456074618,
            0.534109074927004,
            0.46332960724108796,
            0.5171636524906416,
            0.5344563415220354,
            0.7111283304639993,
            1.4810285829549965,
            0.6831953885711204,
            0.8241176249578955,
            0.6136787531808301,
            0.5985011585319104,
            0.6470622701950222,
            0.8100113272789494,
            0.8424356013724724,
            0.6864836144980273,
            0.6189722124674667,
            0.6111596821153001,
            0.7008426982609847,
            0.685478074423574,
            0.6709074402056696,
            0.8083858483858976,
            0.8039875051940466,
            0.8082051235247443,
            0.6424056424908307,
            0.6372072981675401,
            0.6320958338305043,
            0.6228107176417857,
            0.6310843273377036,
            0.625325652780245,
            0.6552534282433813,
            0.6343005544079532,
            0.6433904459318984,
            0.6467918119454652,
            0.6223381651596482,
            0.69615034471941,
            0.5735376439888733,
            0.6470857418796565
        ],
        [
            1.2916714455477514,
            1.0495106854882992,
            0.7271993764574209,
            0.6619852772332133,
            0.6348120538420503,
            1.0631352869630883,
            0.8882782730055652,
            0.4370837222010734,
            0.44930237418841973,
            0.43654962136525854,
            0.47344778464864096,
            0.4302271965674405,
            0.0,
            0.7735396026599806,
            0.6728815516964344,
            1.0325188354375403,
            0.912216376690554,
            0.7183546885384118,
            0.7775366249376282,
            0.7697972799986122,
            0.7781376093181545,
            0.7073581416322383,
            0.761192186881792,
            0.7784848759131858,
            0.9551568648551497,
            1.7250571173461466,
            0.9272239229622707,
            1.068146159349046,
            0.8577072875719804,
            0.8425296929230608,
            0.8910908045861725,
            1.0540398616700997,
            1.0864641357636229,
            0.9305121488891777,
            0.863000746858617,
            0.8551882165064505,
            0.944871232652135,
            0.9295066088147244,
            0.91493597459682,
            1.052414382777048,
            1.048016039585197,
            1.0522336579158946,
            0.886434176881981,
            0.8812358325586904,
            0.8761243682216546,
            0.8668392520329361,
            0.8751128617288539,
            0.8693541871713953,
            0.8992819626345316,
            0.8783290887991035,
            0.8874189803230488,
            0.8908203463366156,
            0.8663666995507986,
            0.9401788791105603,
            0.8175661783800237,
            0.8911142762708069
        ],
        [
            1.4730645818662709,
            1.2309038218068187,
            0.9085925127759404,
            0.8433784135517327,
            0.8162051901605697,
            1.2445284232816076,
            1.0696714093240844,
            0.6184768585195928,
            0.6306955105069392,
            0.6179427576837779,
            0.6548409209671604,
            0.6116203328859598,
            0.7735396026599806,
            0.0,
            0.8542746880149537,
            1.2139119717560596,
            1.0936095130090733,
            0.899747824856931,
            0.9589297612561476,
            0.9511904163171316,
            0.9595307456366737,
            0.8887512779507578,
            0.9425853232003114,
            0.9598780122317052,
            1.1365500011736691,
            1.9064502536646661,
            1.10861705928079,
            1.2495392956675653,
            1.0391004238904997,
            1.02392282924158,
            1.0724839409046918,
            1.2354329979886192,
            1.2678572720821422,
            1.111905285207697,
            1.0443938831771364,
            1.0365813528249699,
            1.1262643689706544,
            1.1108997451332436,
            1.0963291109153395,
            1.2338075190955673,
            1.2294091759037165,
            1.233626794234414,
            1.0678273132005003,
            1.06262896887721,
            1.0575175045401741,
            1.0482323883514555,
            1.0565059980473734,
            1.0507473234899147,
            1.080675098953051,
            1.059722225117623,
            1.0688121166415683,
            1.0722134826551348,
            1.0477598358693179,
            1.1215720154290798,
            0.998959314698543,
            1.0725074125893264
        ],
        [
            1.0408009353341223,
            0.7986401752746701,
            0.476328866243792,
            0.41111476701958427,
            0.38394154362842137,
            1.0046612221174545,
            0.8298042081599314,
            0.43570954293891684,
            0.44792819492626323,
            0.4351754421031021,
            0.47207360538648446,
            0.428853017305284,
            0.6728815516964344,
            0.8542746880149537,
            0.0,
            0.7816483252239113,
            0.661345866476925,
            0.4674841783247827,
            0.5266661147239992,
            0.5189267697849832,
            0.5272670991045254,
            0.4564876314186093,
            0.510321676668163,
            0.5276143656995568,
            0.7042863546415207,
            1.4741866071325176,
            0.6763534127486417,
            0.8172756491354168,
            0.6068367773583514,
            0.5916591827094317,
            0.6402202943725435,
            0.8031693514564707,
            0.8355936255499937,
            0.6796416386755486,
            0.612130236644988,
            0.6043177062928214,
            0.694000722438506,
            0.6786360986010953,
            0.6640654643831909,
            0.8015438725634189,
            0.7971455293715679,
            0.8013631477022656,
            0.635563666668352,
            0.6303653223450614,
            0.6252538580080256,
            0.615968741819307,
            0.6242423515152249,
            0.6184836769577663,
            0.6484114524209026,
            0.6274585785854745,
            0.6365484701094197,
            0.6399498361229865,
            0.6154961893371695,
            0.6893083688969313,
            0.5666956681663946,
            0.6402437660571778
        ],
        [
            1.2740675599891018,
            1.0319067999296496,
            0.7507722441274436,
            0.685558144903236,
            0.6914601152820233,
            1.3642985058585606,
            1.1894414919010374,
            0.7953468266800228,
            0.8075654786673692,
            0.7948127258442079,
            0.8317108891275904,
            0.78849030104639,
            1.0325188354375403,
            1.2139119717560596,
            0.7816483252239113,
            0.0,
            0.5630021543836553,
            0.6268969771279638,
            0.6860789135271803,
            0.6783395685881644,
            0.6866798979077064,
            0.6159004302217905,
            0.6697344754713441,
            0.7608809903545363,
            0.9375529792965002,
            1.7074532317874973,
            0.9096200374036212,
            1.0505422737903962,
            0.8401034020133309,
            0.8249258073644112,
            0.873486919027523,
            1.0364359761114503,
            1.068860250204973,
            0.9129082633305281,
            0.8453968612999675,
            0.8375843309478009,
            0.9272673470934855,
            0.9119027232560748,
            0.8973320890381704,
            1.0348104972183982,
            1.0304121540265474,
            1.034629772357245,
            0.8688302913233314,
            0.8636319470000409,
            0.8585204826630051,
            0.8492353664742865,
            0.8575089761702044,
            0.8517503016127458,
            0.8816780770758821,
            0.860725203240454,
            0.8698150947643992,
            0.873216460777966,
            0.848762813992149,
            0.9225749935519107,
            0.7999622928213741,
            0.8735103907121573
        ],
        [
            1.1537651012421155,
            0.9116043411826633,
            0.6304697853804573,
            0.5652556861562497,
            0.571157656535037,
            1.2439960471115743,
            1.0691390331540511,
            0.6750443679330365,
            0.6872630199203829,
            0.6745102670972216,
            0.7114084303806041,
            0.6681878422994036,
            0.912216376690554,
            1.0936095130090733,
            0.661345866476925,
            0.5630021543836553,
            0.0,
            0.5065945183809775,
            0.565776454780194,
            0.558037109841178,
            0.5663774391607201,
            0.49559797147480417,
            0.5494320167243578,
            0.64057853160755,
            0.8172505205495139,
            1.587150773040511,
            0.7893175786566349,
            0.93023981504341,
            0.7198009432663446,
            0.7046233486174249,
            0.7531844602805366,
            0.9161335173644639,
            0.9485577914579869,
            0.7926058045835418,
            0.7250944025529812,
            0.7172818722008146,
            0.8069648883464992,
            0.7916002645090885,
            0.7770296302911841,
            0.914508038471412,
            0.9101096952795611,
            0.9143273136102588,
            0.7485278325763451,
            0.7433294882530546,
            0.7382180239160188,
            0.7289329077273002,
            0.7372065174232181,
            0.7314478428657595,
            0.7613756183288958,
            0.7404227444934677,
            0.7495126360174129,
            0.7529140020309797,
            0.7284603552451627,
            0.8022725348049244,
            0.6796598340743878,
            0.753207931965171
        ],
        [
            0.9599034130899733,
            0.7177426530305211,
            0.436608097228315,
            0.37139399800410733,
            0.37729596838289475,
            1.0501343589594319,
            0.8752773450019089,
            0.48118267978089413,
            0.4934013317682405,
            0.48064857894507934,
            0.5175467422284618,
            0.4743261541472613,
            0.7183546885384118,
            0.899747824856931,
            0.4674841783247827,
            0.6268969771279638,
            0.5065945183809775,
            0.0,
            0.18426273827416612,
            0.28008537444886383,
            0.2884257037684059,
            0.21764623608248995,
            0.2714802813320436,
            0.4467168434554077,
            0.6233888323973715,
            1.3932890848883686,
            0.5954558905044927,
            0.7363781268912678,
            0.5259392551142024,
            0.5107616604652827,
            0.5593227721283944,
            0.7222718292123217,
            0.7546961033058447,
            0.5987441164313996,
            0.531232714400839,
            0.5234201840486724,
            0.6131032001943569,
            0.5977385763569463,
            0.5831679421390419,
            0.7206463503192698,
            0.7162480071274189,
            0.7204656254581165,
            0.5546661444242029,
            0.5494678001009123,
            0.5443563357638765,
            0.535071219575158,
            0.5433448292710759,
            0.5375861547136173,
            0.5675139301767536,
            0.5465610563413255,
            0.5556509478652707,
            0.5590523138788375,
            0.5345986670930205,
            0.6084108466527822,
            0.48579814592224557,
            0.5593462438130288
        ],
        [
            1.0190853494891896,
            0.7769245894297375,
            0.4957900336275315,
            0.4305759344033238,
            0.43647790478211124,
            1.1093162953586484,
            0.9344592814011253,
            0.5403646161801106,
            0.552583268167457,
            0.5398305153442958,
            0.5767286786276782,
            0.5335080905464777,
            0.7775366249376282,
            0.9589297612561476,
            0.5266661147239992,
            0.6860789135271803,
            0.565776454780194,
            0.18426273827416612,
            0.0,
            0.33926731084808026,
            0.34760764016762247,
            0.27682817248170644,
            0.3306622177312601,
            0.5058987798546242,
            0.6825707687965881,
            1.452471021287585,
            0.654637826903709,
            0.7955600632904842,
            0.5851211915134187,
            0.5699435968644991,
            0.6185047085276107,
            0.7814537656115381,
            0.8138780397050611,
            0.6579260528306159,
            0.5904146508000554,
            0.5826021204478888,
            0.6722851365935734,
            0.6569205127561626,
            0.6423498785382584,
            0.7798282867184863,
            0.7754299435266353,
            0.779647561857333,
            0.6138480808234192,
            0.6086497365001289,
            0.6035382721630931,
            0.5942531559743744,
            0.6025267656702924,
            0.5967680911128337,
            0.62669586657597,
            0.6057429927405419,
            0.6148328842644871,
            0.6182342502780538,
            0.5937806034922368,
            0.6675927830519987,
            0.544980082321462,
            0.6185281802122453
        ],
        [
            1.0113460045501736,
            0.7691852444907216,
            0.48805068868851553,
            0.42283658946430785,
            0.4287385598430953,
            1.1015769504196324,
            0.9267199364621094,
            0.5326252712410946,
            0.544843923228441,
            0.5320911704052799,
            0.5689893336886622,
            0.5257687456074618,
            0.7697972799986122,
            0.9511904163171316,
            0.5189267697849832,
            0.6783395685881644,
            0.558037109841178,
            0.28008537444886383,
            0.33926731084808026,
            0.0,
            0.09086931749302776,
            0.21738847327312413,
            0.27122251852267776,
            0.4981594349156082,
            0.6748314238575721,
            1.4447316763485691,
            0.646898481964693,
            0.7878207183514683,
            0.5773818465744027,
            0.5622042519254832,
            0.6107653635885948,
            0.7737144206725222,
            0.8061386947660452,
            0.6501867078915999,
            0.5826753058610394,
            0.5748627755088729,
            0.6645457916545574,
            0.6491811678171466,
            0.6346105335992425,
            0.7720889417794703,
            0.7676905985876193,
            0.771908216918317,
            0.6061087358844033,
            0.6009103915611129,
            0.5957989272240771,
            0.5865138110353585,
            0.5947874207312764,
            0.5890287461738177,
            0.618956521636954,
            0.5980036478015259,
            0.6070935393254712,
            0.6104949053390378,
            0.5860412585532209,
            0.6598534381129827,
            0.537240737382446,
            0.6107888352732294
        ],
        [
            1.019686333869716,
            0.7775255738102638,
            0.4963910180080577,
            0.43117691878385,
            0.43707888916263743,
            1.1099172797391745,
            0.9350602657816516,
            0.5409656005606368,
            0.5531842525479832,
            0.5404314997248221,
            0.5773296630082044,
            0.534109074927004,
            0.7781376093181545,
            0.9595307456366737,
            0.5272670991045254,
            0.6866798979077064,
            0.5663774391607201,
            0.2884257037684059,
            0.34760764016762247,
            0.09086931749302776,
            0.0,
            0.22572880259266628,
            0.27956284784221996,
            0.5064997642351503,
            0.6831717531771142,
            1.4530720056681115,
            0.6552388112842353,
            0.7961610476710105,
            0.585722175893945,
            0.5705445812450254,
            0.6191056929081371,
            0.7820547499920644,
            0.8144790240855874,
            0.6585270372111423,
            0.5910156351805816,
            0.5832031048284151,
            0.6728861209740996,
            0.657521497136689,
            0.6429508629187846,
            0.7804292710990125,
            0.7760309279071615,
            0.7802485462378592,
            0.6144490652039456,
            0.609250720880655,
            0.6041392565436192,
            0.5948541403549007,
            0.6031277500508185,
            0.5973690754933599,
            0.6272968509564962,
            0.6063439771210681,
            0.6154338686450134,
            0.6188352346585801,
            0.5943815878727632,
            0.6681937674325249,
            0.5455810667019882,
            0.6191291645927715
        ],
        [
            0.9489068661837999,
            0.7067461061243477,
