{
    "NEXUS_FILE_URL": "http://purl.org/phylo/treebase/phylows/study/TB2:S14543",
    "NEWICK_TREE": "(((((((((((1:0.002575,(2:0.003714,3:0.001724):1.33E-4):0.022581,4:0.025037):0.011076,(5:0.0,6:0.0):0.019226):0.005527,(((8:0.01032,9:0.004768):4.58E-4,11:0.011977):0.006638,10:0.021304):0.009855):0.003541,(7:0.020876,(((12:0.005069,16:0.004365):6.38E-4,14:0.008897):0.003372,((13:0.006936,17:0.008095):0.004164,15:0.006751):2.48E-4):0.019619):0.007043):0.010997,((24:0.008297,((25:0.007495,26:0.010338):-4.09E-4,27:0.005937):0.00515):0.025533,(((28:0.001555,33:-2.06E-4):0.022103,((29:0.003187,(30:9.38E-4,31:4.08E-4):-4.35E-4):6.4E-4,32:0.001761):0.020238):0.006591,(((34:0.0,36:0.0):0.002644,35:0.001365):0.002747,37:0.008519):0.022193):0.006579):0.006912):0.003851,((18:0.0,20:0.0):0.008063,((19:0.013261,(22:0.00167,23:0.005042):0.016977):0.001833,21:0.011763):0.003687):0.023788):0.036641,(((((((38:-3.271E-5,39:3.271E-5):1.655E-5,40:-1.655E-5):0.001879,41:7.62E-4):0.001991,42:0.001048):0.089953,((((71:0.0,72:0.0):0.017571,73:0.028067):0.004669,(74:0.00882,75:0.011552):0.019552):0.039926,((76:0.001225,77:9.582E-5):0.002317,(78:0.0,79:0.0):0.004326):0.037659):0.008035):0.005274,((((((56:0.010332,57:0.01117):0.003601,58:0.018832):0.010184,59:0.022015):0.008399,((60:0.01847,62:0.015644):0.003555,61:0.019669):0.00261):0.024311,((63:0.021031,64:0.011694):0.002425,(65:0.002957,66:0.001003):0.011687):0.018229):0.005421,((67:0.021248,68:0.019712):0.007156,(69:0.024563,70:0.020738):0.011782):0.018368):0.049741):0.005136,(((46:0.0,(47:0.0,48:0.0):0.0):0.051073,((49:0.01808,50:0.011237):0.003318,(51:0.006509,52:0.003005):0.007056):0.077419):0.007454,((53:0.0,54:0.0):0.0,55:0.0):0.065375):0.062853):0.00928):3.89E-4,((43:0.004661,44:0.001967):0.006037,45:0.008754):0.058975):0.007163,(((80:0.005017,82:0.004725):0.016562,81:0.019125):0.001938,83:0.015304):0.04371):0.148456,84:0.0);",
    "DISTANCE_MATRIX": [
        [
            0,
            0.006422,
            0.004432,
            0.050193,
            0.055458,
            0.055458,
            0.06903,
            0.06347799999999999,
            0.070229,
            0.072918,
            0.073219,
            0.081041,
            0.08033699999999999,
            0.084231,
            0.08331,
            0.084469,
            0.078961,
            0.097039,
            0.100978,
            0.103821,
            0.099829,
            0.100037,
            0.098276,
            0.100444,
            0.09776,
            0.09723,
            0.098378,
            0.097372,
            0.097372,
            0.09609300000000001,
            0.1005,
            0.091999,
            0.091999,
            0.102717,
            0.108103,
            0.11147499999999999,
            0.099386,
            0.21028584,
            0.21035125999999998,
            0.21028544999999998,
            0.209185,
            0.20748,
            0.18668,
            0.18668,
            0.19717600000000002,
            0.19281199999999998,
            0.195544,
            0.165715,
            0.16458582,
            0.166499,
            0.166499,
            0.223194,
            0.224032,
            0.228093,
            0.221092,
            0.215313,
            0.212487,
            0.212957,
            0.20805200000000001,
            0.198715,
            0.19924,
            0.197286,
            0.20771799999999999,
            0.206182,
            0.215659,
            0.211834,
            0.227449,
            0.227449,
            0.227449,
            0.275193,
            0.26835000000000003,
            0.26736000000000004,
            0.26385600000000003,
            0.23429700000000003,
            0.23429700000000003,
            0.23429700000000003,
            0.166851,
            0.164157,
            0.164907,
            0.171568,
            0.17127599999999998,
            0.169114,
            0.163355,
            0.252797
        ],
        [
            0.006422,
            0,
            0.005438,
            0.051465,
            0.05673,
            0.05673,
            0.070302,
            0.06475,
            0.071501,
            0.07419,
            0.074491,
            0.082313,
            0.081609,
            0.085503,
            0.084582,
            0.08574100000000001,
            0.080233,
            0.09831100000000001,
            0.10225000000000001,
            0.105093,
            0.101101,
            0.10130900000000001,
            0.099548,
            0.101716,
            0.09903200000000001,
            0.098502,
            0.09965,
            0.09864400000000001,
            0.09864400000000001,
            0.09736500000000001,
            0.101772,
            0.093271,
            0.093271,
            0.103989,
            0.109375,
            0.112747,
            0.100658,
            0.21155784,
            0.21162326,
            0.21155745,
            0.210457,
            0.208752,
            0.187952,
            0.187952,
            0.198448,
            0.194084,
            0.19681600000000002,
            0.166987,
            0.16585782000000002,
            0.167771,
            0.167771,
            0.22446600000000003,
            0.225304,
            0.229365,
            0.222364,
            0.21658500000000003,
            0.21375900000000003,
            0.214229,
            0.209324,
            0.19998700000000003,
            0.20051200000000002,
            0.198558,
            0.20899,
            0.20745400000000003,
            0.21693099999999998,
            0.21310600000000002,
            0.22872100000000004,
            0.22872100000000004,
            0.22872100000000004,
            0.276465,
            0.26962200000000003,
            0.26863200000000004,
            0.26512800000000003,
            0.23556900000000003,
            0.23556900000000003,
            0.23556900000000003,
            0.16812300000000002,
            0.165429,
            0.16617900000000002,
            0.17284,
            0.172548,
            0.170386,
            0.16462700000000002,
            0.254069
        ],
        [
            0.004432,
            0.005438,
            0,
            0.049475000000000005,
            0.054740000000000004,
            0.054740000000000004,
            0.068312,
            0.06276,
            0.069511,
            0.0722,
            0.07250100000000001,
            0.080323,
            0.079619,
            0.083513,
            0.082592,
            0.083751,
            0.07824300000000001,
            0.096321,
            0.10026,
            0.103103,
            0.099111,
            0.099319,
            0.097558,
            0.09972600000000001,
            0.097042,
            0.096512,
            0.09766,
            0.096654,
            0.096654,
            0.09537500000000002,
            0.09978200000000001,
            0.091281,
            0.091281,
            0.101999,
            0.10738500000000001,
            0.110757,
            0.098668,
            0.20956784,
            0.20963326,
            0.20956745,
            0.208467,
            0.206762,
            0.18596200000000002,
            0.18596200000000002,
            0.19645800000000002,
            0.192094,
            0.194826,
            0.164997,
            0.16386782,
            0.165781,
            0.165781,
            0.222476,
            0.223314,
            0.227375,
            0.22037400000000001,
            0.214595,
            0.211769,
            0.212239,
            0.20733400000000002,
            0.197997,
            0.198522,
            0.196568,
            0.207,
            0.205464,
            0.214941,
            0.211116,
            0.22673100000000002,
            0.22673100000000002,
            0.22673100000000002,
            0.274475,
            0.26763200000000004,
            0.26664200000000005,
            0.26313800000000004,
            0.23357900000000004,
            0.23357900000000004,
            0.23357900000000004,
            0.166133,
            0.163439,
            0.164189,
            0.17085,
            0.170558,
            0.168396,
            0.162637,
            0.252079
        ],
        [
            0.050193,
            0.051465,
            0.049475000000000005,
            0,
            0.055339,
            0.055339,
            0.068911,
            0.063359,
            0.07010999999999999,
            0.072799,
            0.0731,
            0.080922,
            0.080218,
            0.08411199999999999,
            0.083191,
            0.08435000000000001,
            0.078842,
            0.09692,
            0.100859,
            0.103702,
            0.09971,
            0.099918,
            0.098157,
            0.100325,
            0.097641,
            0.097111,
            0.098259,
            0.097253,
            0.097253,
            0.095974,
            0.100381,
            0.09188,
            0.09188,
            0.102598,
            0.107984,
            0.111356,
            0.099267,
            0.21016684000000002,
            0.21023226,
            0.21016645,
            0.20906600000000003,
            0.20736100000000002,
            0.186561,
            0.186561,
            0.197057,
            0.192693,
            0.19542500000000002,
            0.16559600000000002,
            0.16446682,
            0.16638,
            0.16638,
            0.22307500000000002,
            0.223913,
            0.227974,
            0.220973,
            0.215194,
            0.212368,
            0.21283800000000003,
            0.207933,
            0.198596,
            0.199121,
            0.19716699999999998,
            0.20759899999999998,
            0.206063,
            0.21554,
            0.211715,
            0.22733000000000003,
            0.22733000000000003,
            0.22733000000000003,
            0.27507400000000004,
            0.268231,
            0.26724100000000006,
            0.263737,
            0.23417800000000003,
            0.23417800000000003,
            0.23417800000000003,
            0.166732,
            0.16403800000000002,
            0.164788,
            0.17144900000000002,
            0.171157,
            0.168995,
            0.163236,
            0.252678
        ],
        [
            0.055458,
            0.05673,
            0.054740000000000004,
            0.055339,
            0,
            0.0,
            0.052024,
            0.046472,
            0.053223,
            0.055912,
            0.056213,
            0.06403500000000001,
            0.063331,
            0.06722500000000001,
            0.066304,
            0.067463,
            0.061955,
            0.08003299999999999,
            0.08397199999999999,
            0.086815,
            0.08282300000000001,
            0.083031,
            0.08127000000000001,
            0.083438,
            0.08075399999999999,
            0.08022399999999999,
            0.081372,
            0.08036599999999999,
            0.08036599999999999,
            0.079087,
            0.08349400000000001,
            0.074993,
            0.074993,
            0.085711,
            0.091097,
            0.094469,
            0.08238,
            0.19327983999999998,
            0.19334526,
            0.19327945,
            0.192179,
            0.19047399999999998,
            0.169674,
            0.169674,
            0.18017,
            0.175806,
            0.178538,
            0.14870899999999998,
            0.14757982,
            0.149493,
            0.149493,
            0.206188,
            0.207026,
            0.211087,
            0.204086,
            0.198307,
            0.19548100000000002,
            0.195951,
            0.191046,
            0.181709,
            0.182234,
            0.18028,
            0.190712,
            0.189176,
            0.19865299999999997,
            0.194828,
            0.21044300000000002,
            0.21044300000000002,
            0.21044300000000002,
            0.258187,
            0.251344,
            0.250354,
            0.24685,
            0.217291,
            0.217291,
            0.217291,
            0.149845,
            0.14715099999999998,
            0.147901,
            0.15456199999999998,
            0.15427,
            0.152108,
            0.146349,
            0.235791
        ],
        [
            0.055458,
            0.05673,
            0.054740000000000004,
            0.055339,
            0.0,
            0,
            0.052024,
            0.046472,
            0.053223,
            0.055912,
            0.056213,
            0.06403500000000001,
            0.063331,
            0.06722500000000001,
            0.066304,
            0.067463,
            0.061955,
            0.08003299999999999,
            0.08397199999999999,
            0.086815,
            0.08282300000000001,
            0.083031,
            0.08127000000000001,
            0.083438,
            0.08075399999999999,
            0.08022399999999999,
            0.081372,
            0.08036599999999999,
            0.08036599999999999,
            0.079087,
            0.08349400000000001,
            0.074993,
            0.074993,
            0.085711,
            0.091097,
            0.094469,
            0.08238,
            0.19327983999999998,
            0.19334526,
            0.19327945,
            0.192179,
            0.19047399999999998,
            0.169674,
            0.169674,
            0.18017,
            0.175806,
            0.178538,
            0.14870899999999998,
            0.14757982,
            0.149493,
            0.149493,
            0.206188,
            0.207026,
            0.211087,
            0.204086,
            0.198307,
            0.19548100000000002,
            0.195951,
            0.191046,
            0.181709,
            0.182234,
            0.18028,
            0.190712,
            0.189176,
            0.19865299999999997,
            0.194828,
            0.21044300000000002,
            0.21044300000000002,
            0.21044300000000002,
            0.258187,
            0.251344,
            0.250354,
            0.24685,
            0.217291,
            0.217291,
            0.217291,
            0.149845,
            0.14715099999999998,
            0.147901,
            0.15456199999999998,
            0.15427,
            0.152108,
            0.146349,
            0.235791
        ],
        [
            0.06903,
            0.070302,
            0.068312,
            0.068911,
            0.052024,
            0.052024,
            0,
            0.015087999999999999,
            0.022754999999999997,
            0.038720000000000004,
            0.058731,
            0.066553,
            0.06584899999999999,
            0.069743,
            0.068822,
            0.069981,
            0.064473,
            0.082551,
            0.08649,
            0.089333,
            0.085341,
            0.085549,
            0.083788,
            0.085956,
            0.083272,
            0.082742,
            0.08388999999999999,
            0.082884,
            0.082884,
            0.08160500000000001,
            0.086012,
            0.077511,
            0.077511,
            0.088229,
            0.093615,
            0.09698699999999999,
            0.084898,
            0.19579784,
            0.19586325999999998,
            0.19579744999999998,
            0.194697,
            0.192992,
            0.172192,
            0.172192,
            0.18268800000000002,
            0.17832399999999998,
            0.181056,
            0.151227,
            0.15009782,
            0.152011,
            0.152011,
            0.208706,
            0.209544,
            0.213605,
            0.206604,
            0.200825,
            0.197999,
            0.198469,
            0.193564,
            0.184227,
            0.184752,
            0.182798,
            0.19322999999999999,
            0.191694,
            0.201171,
            0.197346,
            0.212961,
            0.212961,
            0.212961,
            0.260705,
            0.25386200000000003,
            0.25287200000000004,
            0.24936800000000003,
            0.21980900000000003,
            0.21980900000000003,
            0.21980900000000003,
            0.152363,
            0.149669,
            0.150419,
            0.15708,
            0.15678799999999998,
            0.15462599999999999,
            0.148867,
            0.238309
        ],
        [
            0.06347799999999999,
            0.06475,
            0.06276,
            0.063359,
            0.046472,
            0.046472,
            0.015087999999999999,
            0,
            0.017203,
            0.033168,
            0.053179,
            0.061001,
            0.060296999999999996,
            0.064191,
            0.06326999999999999,
            0.064429,
            0.058921,
            0.076999,
            0.080938,
            0.083781,
            0.079789,
            0.079997,
            0.078236,
            0.080404,
            0.07772,
            0.07719,
            0.07833799999999999,
            0.077332,
            0.077332,
            0.07605300000000001,
            0.08046,
            0.071959,
            0.071959,
            0.082677,
            0.088063,
            0.09143499999999999,
            0.079346,
            0.19024584,
            0.19031125999999998,
            0.19024544999999998,
            0.189145,
            0.18744,
            0.16664,
            0.16664,
            0.17713600000000002,
            0.17277199999999998,
            0.175504,
            0.145675,
            0.14454582,
            0.146459,
            0.146459,
            0.203154,
            0.203992,
            0.208053,
            0.201052,
            0.195273,
            0.192447,
            0.192917,
            0.188012,
            0.178675,
            0.1792,
            0.177246,
            0.18767799999999998,
            0.186142,
            0.195619,
            0.191794,
            0.207409,
            0.207409,
            0.207409,
            0.255153,
            0.24831000000000003,
            0.24732000000000004,
            0.24381600000000003,
            0.21425700000000003,
            0.21425700000000003,
            0.21425700000000003,
            0.146811,
            0.144117,
            0.144867,
            0.151528,
            0.15123599999999998,
            0.14907399999999998,
            0.143315,
            0.232757
        ],
        [
            0.070229,
            0.071501,
            0.069511,
            0.07010999999999999,
            0.053223,
            0.053223,
            0.022754999999999997,
            0.017203,
            0,
            0.039918999999999996,
            0.05993,
            0.067752,
            0.067048,
            0.070942,
            0.070021,
            0.07118,
            0.06567200000000001,
            0.08374999999999999,
            0.08768899999999999,
            0.090532,
            0.08654,
            0.08674799999999999,
            0.08498700000000001,
            0.087155,
            0.08447099999999999,
            0.08394099999999999,
            0.085089,
            0.08408299999999999,
            0.08408299999999999,
            0.082804,
            0.08721100000000001,
            0.07871,
            0.07871,
            0.089428,
            0.094814,
            0.098186,
            0.08609699999999999,
            0.19699684,
            0.19706226,
            0.19699645,
            0.19589600000000001,
            0.194191,
            0.173391,
            0.173391,
            0.183887,
            0.179523,
            0.182255,
            0.152426,
            0.15129682,
            0.15320999999999999,
            0.15320999999999999,
            0.209905,
            0.21074299999999999,
            0.214804,
            0.207803,
            0.20202399999999998,
            0.199198,
            0.199668,
            0.194763,
            0.18542599999999998,
            0.18595099999999998,
            0.18399699999999997,
            0.19442899999999996,
            0.19289299999999998,
            0.20237,
            0.19854499999999997,
            0.21416000000000002,
            0.21416000000000002,
            0.21416000000000002,
            0.261904,
            0.255061,
            0.25407100000000005,
            0.250567,
            0.221008,
            0.221008,
            0.221008,
            0.15356199999999998,
            0.150868,
            0.15161799999999998,
            0.158279,
            0.157987,
            0.155825,
            0.15006599999999998,
            0.239508
        ],
        [
            0.072918,
            0.07419,
            0.0722,
            0.072799,
            0.055912,
            0.055912,
            0.038720000000000004,
            0.033168,
            0.039918999999999996,
            0,
            0.06261900000000001,
            0.070441,
            0.069737,
            0.073631,
            0.07271,
            0.073869,
            0.068361,
            0.086439,
            0.090378,
            0.093221,
            0.089229,
            0.089437,
            0.087676,
            0.08984400000000001,
            0.08716,
            0.08663,
            0.087778,
            0.086772,
            0.086772,
            0.08549300000000001,
            0.08990000000000001,
            0.081399,
            0.081399,
            0.092117,
            0.097503,
            0.10087499999999999,
            0.088786,
            0.19968584,
            0.19975125999999999,
            0.19968545,
            0.198585,
            0.19688,
            0.17608000000000001,
            0.17608000000000001,
            0.18657600000000002,
            0.18221199999999999,
            0.184944,
            0.155115,
            0.15398582,
            0.155899,
            0.155899,
            0.212594,
            0.213432,
            0.217493,
            0.210492,
            0.204713,
            0.201887,
            0.202357,
            0.19745200000000002,
            0.188115,
            0.18864,
            0.186686,
            0.197118,
            0.195582,
            0.205059,
            0.201234,
            0.21684900000000001,
            0.21684900000000001,
            0.21684900000000001,
            0.264593,
            0.25775000000000003,
            0.25676000000000004,
            0.25325600000000004,
            0.22369700000000003,
            0.22369700000000003,
            0.22369700000000003,
            0.156251,
            0.153557,
            0.154307,
            0.160968,
            0.16067599999999999,
            0.158514,
            0.152755,
            0.242197
        ],
        [
            0.073219,
            0.074491,
            0.07250100000000001,
            0.0731,
            0.056213,
            0.056213,
            0.058731,
            0.053179,
            0.05993,
            0.06261900000000001,
            0,
            0.049574,
            0.04887,
            0.052764,
            0.051843,
            0.053002,
            0.047494,
            0.079658,
            0.083597,
            0.08644,
            0.082448,
            0.08265600000000001,
            0.080895,
            0.083063,
            0.080379,
            0.079849,
            0.080997,
            0.079991,
            0.079991,
            0.078712,
            0.083119,
            0.074618,
            0.074618,
            0.085336,
            0.090722,
            0.094094,
            0.082005,
            0.19290484000000002,
            0.19297026,
            0.19290445,
            0.19180400000000003,
            0.19009900000000002,
            0.169299,
            0.169299,
            0.179795,
            0.175431,
            0.17816300000000002,
            0.14833400000000002,
            0.14720482000000001,
            0.149118,
            0.149118,
            0.20581300000000002,
            0.206651,
            0.210712,
            0.203711,
            0.197932,
            0.195106,
            0.19557600000000003,
            0.190671,
            0.181334,
            0.181859,
            0.17990499999999998,
            0.19033699999999998,
            0.188801,
            0.198278,
            0.194453,
            0.21006800000000003,
            0.21006800000000003,
            0.21006800000000003,
            0.25781200000000004,
            0.250969,
            0.24997900000000003,
            0.24647500000000003,
            0.21691600000000003,
            0.21691600000000003,
            0.21691600000000003,
            0.14947,
            0.14677600000000002,
            0.147526,
            0.15418700000000002,
            0.153895,
            0.151733,
            0.145974,
            0.23541600000000001
        ],
        [
            0.081041,
            0.082313,
            0.080323,
            0.080922,
            0.06403500000000001,
            0.06403500000000001,
            0.066553,
            0.061001,
            0.067752,
            0.070441,
            0.049574,
            0,
            0.009434,
            0.014603999999999999,
            0.020427,
            0.021586,
            0.016078000000000002,
            0.08748,
            0.091419,
            0.09426200000000001,
            0.09027,
            0.090478,
            0.088717,
            0.090885,
            0.088201,
            0.087671,
            0.08881900000000001,
            0.087813,
            0.087813,
            0.086534,
            0.09094100000000001,
            0.08244000000000001,
            0.08244000000000001,
            0.09315799999999999,
            0.09854399999999999,
            0.101916,
            0.08982699999999999,
            0.20072684000000002,
            0.20079226,
            0.20072645,
            0.19962600000000003,
            0.197921,
            0.177121,
            0.177121,
            0.187617,
            0.183253,
            0.185985,
            0.15615600000000002,
            0.15502682,
            0.15694,
            0.15694,
            0.21363500000000002,
            0.214473,
            0.218534,
            0.211533,
            0.205754,
            0.202928,
            0.20339800000000002,
            0.198493,
            0.189156,
            0.189681,
            0.18772699999999998,
            0.19815899999999997,
            0.196623,
            0.2061,
            0.20227499999999998,
            0.21789000000000003,
            0.21789000000000003,
            0.21789000000000003,
            0.26563400000000004,
            0.258791,
            0.25780100000000006,
            0.254297,
            0.22473800000000002,
            0.22473800000000002,
            0.22473800000000002,
            0.157292,
            0.154598,
            0.15534799999999999,
            0.16200900000000001,
            0.161717,
            0.159555,
            0.153796,
            0.243238
        ],
        [
            0.08033699999999999,
            0.081609,
            0.079619,
            0.080218,
            0.063331,
            0.063331,
            0.06584899999999999,
            0.060296999999999996,
            0.067048,
            0.069737,
            0.04887,
            0.009434,
            0,
            0.0139,
            0.019723,
            0.020881999999999998,
            0.015374,
            0.08677599999999999,
            0.09071499999999999,
            0.093558,
            0.089566,
            0.08977399999999999,
            0.08801300000000001,
            0.090181,
            0.08749699999999999,
            0.08696699999999999,
            0.088115,
            0.08710899999999999,
            0.08710899999999999,
            0.08583,
            0.09023700000000001,
            0.081736,
            0.081736,
            0.092454,
            0.09784,
            0.101212,
            0.089123,
            0.20002283999999998,
            0.20008826,
            0.20002245,
            0.198922,
            0.19721699999999998,
            0.176417,
            0.176417,
            0.186913,
            0.182549,
            0.185281,
            0.15545199999999998,
            0.15432282,
            0.15623599999999999,
            0.15623599999999999,
            0.212931,
            0.213769,
            0.21783,
            0.210829,
            0.20505,
            0.20222400000000001,
            0.20269399999999999,
            0.197789,
            0.188452,
            0.188977,
            0.187023,
            0.197455,
            0.195919,
            0.20539599999999997,
            0.201571,
            0.21718600000000002,
            0.21718600000000002,
            0.21718600000000002,
            0.26493,
            0.258087,
            0.257097,
            0.253593,
            0.224034,
            0.224034,
            0.224034,
            0.156588,
            0.15389399999999998,
            0.154644,
            0.16130499999999998,
            0.161013,
            0.158851,
            0.153092,
            0.242534
        ],
        [
            0.084231,
            0.085503,
            0.083513,
            0.08411199999999999,
            0.06722500000000001,
            0.06722500000000001,
            0.069743,
            0.064191,
            0.070942,
            0.073631,
            0.052764,
            0.014603999999999999,
            0.0139,
            0,
            0.023617,
            0.024776,
            0.019268,
            0.09067,
            0.094609,
            0.09745200000000001,
            0.09346,
            0.093668,
            0.091907,
            0.09407499999999999,
            0.091391,
            0.090861,
            0.09200900000000001,
            0.091003,
            0.091003,
            0.089724,
            0.094131,
            0.08563000000000001,
            0.08563000000000001,
            0.09634799999999999,
            0.10173399999999999,
            0.105106,
            0.09301699999999999,
            0.20391684,
            0.20398226,
            0.20391645,
            0.202816,
            0.20111099999999998,
            0.180311,
            0.180311,
            0.190807,
            0.186443,
            0.189175,
            0.159346,
            0.15821682,
            0.16013,
            0.16013,
            0.21682500000000002,
            0.217663,
            0.221724,
            0.214723,
            0.20894400000000002,
            0.20611800000000002,
            0.206588,
            0.201683,
            0.19234600000000002,
            0.19287100000000001,
            0.190917,
            0.201349,
            0.19981300000000002,
            0.20928999999999998,
            0.205465,
            0.22108000000000003,
            0.22108000000000003,
            0.22108000000000003,
            0.268824,
            0.261981,
            0.26099100000000003,
            0.257487,
            0.22792800000000002,
            0.22792800000000002,
            0.22792800000000002,
            0.160482,
            0.15778799999999998,
            0.158538,
            0.16519899999999998,
            0.164907,
            0.162745,
            0.15698600000000001,
            0.246428
        ],
        [
            0.08331,
            0.084582,
            0.082592,
            0.083191,
            0.066304,
            0.066304,
            0.068822,
            0.06326999999999999,
            0.070021,
            0.07271,
            0.051843,
            0.020427,
            0.019723,
            0.023617,
            0,
            0.015031,
            0.017851,
            0.089749,
            0.093688,
            0.096531,
            0.09253900000000001,
            0.092747,
            0.09098600000000001,
            0.093154,
            0.09047,
            0.08993999999999999,
            0.091088,
            0.090082,
            0.090082,
            0.088803,
            0.09321000000000002,
            0.084709,
            0.084709,
            0.095427,
            0.100813,
            0.104185,
            0.092096,
            0.20299583999999998,
            0.20306126,
            0.20299545,
            0.201895,
            0.20018999999999998,
            0.17939,
            0.17939,
            0.189886,
            0.185522,
            0.188254,
            0.15842499999999998,
            0.15729582,
            0.159209,
            0.159209,
            0.215904,
            0.216742,
            0.220803,
            0.213802,
            0.208023,
            0.20519700000000002,
            0.205667,
            0.200762,
            0.191425,
            0.19195,
            0.189996,
            0.200428,
            0.198892,
            0.20836899999999997,
            0.204544,
            0.22015900000000002,
            0.22015900000000002,
            0.22015900000000002,
            0.267903,
            0.26106,
            0.26007,
            0.256566,
            0.22700700000000001,
            0.22700700000000001,
            0.22700700000000001,
            0.159561,
            0.15686699999999998,
            0.157617,
            0.16427799999999998,
            0.163986,
            0.161824,
            0.156065,
            0.245507
        ],
        [
            0.084469,
            0.08574100000000001,
            0.083751,
            0.08435000000000001,
            0.067463,
            0.067463,
            0.069981,
            0.064429,
            0.07118,
            0.073869,
            0.053002,
            0.021586,
            0.020881999999999998,
            0.024776,
            0.015031,
            0,
            0.01901,
            0.090908,
            0.094847,
            0.09769,
            0.093698,
            0.093906,
            0.092145,
            0.09431300000000001,
            0.091629,
            0.091099,
            0.092247,
            0.091241,
            0.091241,
            0.08996200000000001,
            0.09436900000000001,
            0.085868,
            0.085868,
            0.096586,
            0.10197200000000001,
            0.105344,
            0.093255,
            0.20415484,
            0.20422026,
            0.20415445,
            0.203054,
            0.201349,
            0.18054900000000002,
            0.18054900000000002,
            0.19104500000000002,
            0.18668099999999999,
            0.189413,
            0.159584,
            0.15845482,
            0.160368,
            0.160368,
            0.217063,
            0.217901,
            0.221962,
            0.214961,
            0.209182,
            0.206356,
            0.206826,
            0.20192100000000002,
            0.192584,
            0.193109,
            0.191155,
            0.201587,
            0.200051,
            0.209528,
            0.205703,
            0.22131800000000001,
            0.22131800000000001,
            0.22131800000000001,
            0.269062,
            0.26221900000000004,
            0.26122900000000004,
            0.25772500000000004,
            0.22816600000000004,
            0.22816600000000004,
            0.22816600000000004,
            0.16072,
            0.158026,
            0.158776,
            0.165437,
            0.165145,
            0.162983,
            0.157224,
            0.246666
        ],
        [
            0.078961,
            0.080233,
            0.07824300000000001,
            0.078842,
            0.061955,
            0.061955,
            0.064473,
            0.058921,
            0.06567200000000001,
            0.068361,
            0.047494,
            0.016078000000000002,
            0.015374,
            0.019268,
            0.017851,
            0.01901,
            0,
            0.0854,
            0.089339,
            0.09218200000000001,
            0.08819,
            0.088398,
            0.086637,
            0.088805,
            0.086121,
            0.085591,
            0.08673900000000001,
            0.085733,
            0.085733,
            0.084454,
            0.08886100000000001,
            0.08036000000000001,
            0.08036000000000001,
            0.09107799999999999,
            0.096464,
            0.09983600000000001,
            0.08774699999999999,
            0.19864684,
            0.19871226,
            0.19864645,
            0.197546,
            0.195841,
            0.175041,
            0.175041,
            0.185537,
            0.181173,
            0.183905,
            0.154076,
            0.15294682,
            0.15486,
            0.15486,
            0.21155500000000002,
            0.212393,
            0.216454,
            0.209453,
            0.20367400000000002,
            0.20084800000000003,
            0.201318,
            0.196413,
            0.18707600000000002,
            0.18760100000000002,
            0.185647,
            0.196079,
            0.19454300000000002,
            0.20401999999999998,
            0.200195,
            0.21581000000000003,
            0.21581000000000003,
            0.21581000000000003,
            0.263554,
            0.256711,
            0.25572100000000003,
            0.252217,
            0.22265800000000002,
            0.22265800000000002,
            0.22265800000000002,
            0.15521200000000002,
            0.152518,
            0.15326800000000002,
            0.159929,
            0.159637,
            0.157475,
            0.15171600000000002,
            0.241158
        ],
        [
            0.097039,
            0.09831100000000001,
            0.096321,
            0.09692,
            0.08003299999999999,
            0.08003299999999999,
            0.082551,
            0.076999,
            0.08374999999999999,
            0.086439,
            0.079658,
            0.08748,
            0.08677599999999999,
            0.09067,
            0.089749,
            0.090908,
            0.0854,
            0,
            0.020533000000000003,
            0.023376,
            0.019384,
            0.070658,
            0.068897,
            0.07106499999999999,
            0.068381,
            0.067851,
            0.068999,
            0.067993,
            0.067993,
            0.066714,
            0.071121,
            0.07644400000000001,
            0.07644400000000001,
            0.08716199999999999,
            0.09254799999999999,
            0.09592,
            0.08383099999999999,
            0.19473084000000002,
            0.19479626,
            0.19473045,
            0.19363000000000002,
            0.191925,
            0.171125,
            0.171125,
            0.181621,
            0.177257,
            0.179989,
            0.15016000000000002,
            0.14903082,
            0.150944,
            0.150944,
            0.20763900000000002,
            0.208477,
            0.212538,
            0.205537,
            0.199758,
            0.196932,
            0.19740200000000002,
            0.192497,
            0.18316,
            0.183685,
            0.18173099999999998,
            0.19216299999999997,
            0.190627,
            0.200104,
            0.19627899999999998,
            0.21189400000000003,
            0.21189400000000003,
            0.21189400000000003,
            0.25963800000000004,
            0.252795,
            0.25180500000000006,
            0.24830100000000002,
            0.21874200000000002,
