{
    "NEXUS_FILE_URL": "http://purl.org/phylo/treebase/phylows/study/TB2:S13882",
    "NEWICK_TREE": "(((1:1.2360325349902723E-6,(2:0.14649483708077327,3:1.2360325349902723E-6):0.39893079494446937):1.143597917854076,((4:2.1186882255026207,5:1.2360325349902723E-6):0.3458538583104924,(6:0.9089244503391531,((7:0.5869836942691835,((8:0.3317356613052964,9:0.1726371002841247):0.3554948617726925,(10:0.304938555369741,((11:0.19940604767494774,12:1.2360325347682277E-6):0.1672940388918649,13:0.20107119497815806):0.04454906128139635):0.2826403206998114):0.32737145889398):0.08603157004976092,(((14:0.16108146985791238,15:0.19031519685317422):0.212171290314501,(16:0.3086856509834921,(17:0.0284034337535104,(18:1.2360325345461831E-6,19:1.2360325345461831E-6):0.012366112219205139):0.3140362252369857):0.1084775905101445):0.08392478305578921,((20:0.12200178432574127,21:0.07293853026538644):0.05276888163530025,((22:0.07966491942782383,23:0.03701061124374938):0.038960038371079975,(24:0.24513827699208823,25:0.15621257091678764):0.08545480522447946):0.04959001477104774):0.28247885752618274):0.10743614256169609):0.08412791868850356):0.0387156870472829):0.39139014413142137):0.15404865067678827,((26:1.2360325349902723E-6,(27:0.31215713057206873,28:1.2360325349902723E-6):0.51310510600453):1.1201949928907857,(29:0.4967161943469556,(30:0.6212854998491919,(((31:0.336841078167033,32:0.3245815962460501):0.5052866195243757,(33:0.37289639832863886,34:0.4351510371262979):0.3794712482435676):0.14371501965627442,((35:1.2360325349902723E-6,(36:0.008995203195471202,37:0.14836000387901382):0.008979630644718295):0.431208056181128,((38:0.36148764257585864,39:0.24876152946711683):0.15520217520287805,((((40:0.19817832318885165,41:0.06121043413994176):0.36713127319541217,(42:1.2360325349902723E-6,(43:0.06317525776838284,44:0.22859213791481237):0.12998848884684655):0.1452459374476276):0.0957236706065916,45:0.8054098559529033):0.15816522951919287,46:0.29343154729231946):0.1120908888283676):0.023273134352175706):0.20790351624882386):0.15579965410165464):0.11027649889737812):0.2953474880184328):0.3080973013535764);",
    "DISTANCE_MATRIX": [
        [
            0.0,
            0.5454268680577776,
            0.39893326700953935,
            3.9995313818311455,
            1.8808443923610598,
            2.4826294354044682,
            2.3308481680727633,
            2.7584664557755487,
            2.5993678947543772,
            2.6588148087671124,
            2.76512540124558,
            2.565720589603167,
            2.599496509656926,
            2.2224465895437175,
            2.2516803165389794,
            2.2663570708649408,
            2.3001110788719448,
            2.284074993370174,
            2.284074993370174,
            2.222518569802739,
            2.1734553157423844,
            2.2159628764116492,
            2.173308568227575,
            2.427931000829313,
            2.3390052947540125,
            2.7259413348402965,
            3.5512023353843603,
            3.2390464408448265,
            2.397808788282364,
            2.6326545926819787,
            3.153011464282124,
            3.1407519823611416,
            3.063251413162922,
            3.1255060519605813,
            2.806281555396928,
            2.8242551532045823,
            2.9636199538881254,
            2.9150352153141776,
            2.8023091022054354,
            3.329634782873857,
            3.1926668938249465,
            2.909572359969755,
            3.1027348705524496,
            3.2681517506988795,
            3.4740113718359042,
            2.8038678336561276
        ],
        [
            0.5454268680577776,
            0.0,
            0.14649607311330826,
            4.544955777823853,
            2.4262687883537675,
            3.028053831397176,
            2.876272564065471,
            3.3038908517682564,
            3.144792290747085,
            3.20423920475982,
            3.310549797238288,
            3.1111449855958746,
            3.1449209056496334,
            2.767870985536425,
            2.797104712531687,
            2.8117814668576484,
            2.8455354748646524,
            2.8294993893628817,
            2.8294993893628817,
            2.767942965795447,
            2.718879711735092,
            2.761387272404357,
            2.7187329642202824,
            2.9733553968220208,
            2.88442969074672,
            3.271365730833004,
            4.096626731377068,
            3.784470836837534,
            2.943233184275072,
            3.1780789886746863,
            3.6984358602748317,
            3.6861763783538493,
            3.6086758091556295,
            3.670930447953289,
            3.3517059513896355,
            3.36967954919729,
            3.509044349880833,
            3.4604596113068853,
            3.347733498198143,
            3.8750591788665645,
            3.738091289817654,
            3.454996755962463,
            3.648159266545157,
            3.813576146691587,
            4.019435767828612,
            3.349292229648835
        ],
        [
            0.39893326700953935,
            0.14649607311330826,
            0.0,
            4.398462176775615,
            2.279775187305529,
            2.8815602303489376,
            2.7297789630172327,
            3.157397250720018,
            2.9982986896988466,
            3.0577456037115818,
            3.1640561961900495,
            2.9646513845476363,
            2.998427304601395,
            2.621377384488187,
            2.6506111114834487,
            2.66528786580941,
            2.699041873816414,
            2.6830057883146434,
            2.6830057883146434,
            2.6214493647472086,
            2.5723861106868537,
            2.6148936713561186,
            2.572239363172044,
            2.8268617957737825,
            2.737936089698482,
            3.124872129784766,
            3.9501331303288296,
            3.637977235789296,
            2.7967395832268336,
            3.031585387626448,
            3.5519422592265935,
            3.539682777305611,
            3.462182208107391,
            3.5244368469050507,
            3.205212350341397,
            3.2231859481490517,
            3.3625507488325947,
            3.313966010258647,
            3.2012398971499048,
            3.728565577818326,
            3.591597688769416,
            3.3085031549142245,
            3.501665665496919,
            3.667082545643349,
            3.8729421667803736,
            3.202798628600597
        ],
        [
            3.9995313818311455,
            4.544955777823853,
            4.398462176775615,
            0.0,
            2.1186894615351557,
            3.412182221199549,
            3.260400953867844,
            3.6880192415706294,
            3.528920680549458,
            3.588367594562193,
            3.694678187040661,
            3.4952733753982477,
            3.5290492954520065,
            3.1519993753387983,
            3.18123310233406,
            3.1959098566600215,
            3.2296638646670255,
            3.2136277791652548,
            3.2136277791652548,
            3.15207135559782,
            3.103008101537465,
            3.14551566220673,
            3.1028613540226555,
            3.357483786624394,
            3.2685580805490932,
            4.43827440889822,
            5.263535409442284,
            4.95137951490275,
            4.110141862340288,
            4.344987666739902,
            4.865344538340048,
            4.853085056419065,
            4.775584487220845,
            4.837839126018505,
            4.518614629454852,
            4.536588227262506,
            4.675953027946049,
            4.627368289372101,
            4.51464217626336,
            5.04196785693178,
            4.904999967882871,
            4.6219054340276795,
            4.815067944610373,
            4.980484824756803,
            5.186344445893829,
            4.516200907714051
        ],
        [
            1.8808443923610598,
            2.4262687883537675,
            2.279775187305529,
            2.1186894615351557,
            0.0,
            1.2934952317294635,
            1.1417139643977583,
            1.5693322521005437,
            1.410233691079372,
            1.4696806050921072,
            1.5759911975705752,
            1.3765863859281622,
            1.4103623059819206,
            1.0333123858687125,
            1.0625461128639744,
            1.0772228671899358,
            1.1109768751969398,
            1.094940789695169,
            1.094940789695169,
            1.0333843661277342,
            0.9843211120673794,
            1.0268286727366442,
            0.9841743645525698,
            1.2387967971543081,
            1.1498710910790075,
            2.3195874194281343,
            3.144848419972198,
            2.8326925254326643,
            1.991454872870202,
            2.2263006772698164,
            2.7466575488699623,
            2.7343980669489794,
            2.65689749775076,
            2.719152136548419,
            2.399927639984766,
            2.4179012377924205,
            2.557266038475963,
            2.5086812999020154,
            2.3959551867932736,
            2.9232808674616946,
            2.7863129784127847,
            2.5032184445575933,
            2.6963809551402877,
            2.8617978352867173,
            3.0676574564237424,
            2.3975139182439658
        ],
        [
            2.4826294354044682,
            3.028053831397176,
            2.8815602303489376,
            3.412182221199549,
            1.2934952317294635,
            0.0,
            1.6660676333466011,
            2.0936859210493868,
            1.9345873600282149,
            1.99403427404095,
            2.1003448665194178,
            1.900940054877005,
            1.9347159749307634,
            1.5576660548175554,
            1.5868997818128172,
            1.6015765361387786,
            1.6353305441457826,
            1.619294458644012,
            1.619294458644012,
            1.557738035076577,
            1.5086747810162222,
            1.551182341685487,
            1.5085280335014126,
            1.763150466103151,
            1.6742247600278504,
            2.9213724624715427,
            3.7466334630156064,
            3.4344775684760727,
            2.5932399159136104,
            2.828085720313225,
            3.3484425919133707,
            3.3361831099923878,
            3.2586825407941684,
            3.3209371795918274,
            3.0017126830281744,
            3.019686280835829,
            3.1590510815193715,
            3.110466342945424,
            2.997740229836682,
            3.525065910505103,
            3.388098021456193,
            3.1050034876010018,
            3.298165998183696,
            3.4635828783301257,
            3.669442499467151,
            2.999298961287374
        ],
        [
            2.3308481680727633,
            2.876272564065471,
            2.7297789630172327,
            3.260400953867844,
            1.1417139643977583,
            1.6660676333466011,
            0.0,
            1.6015856762411524,
            1.4424871152199807,
            1.501934029232716,
            1.6082446217111839,
            1.408839810068771,
            1.4426157301225293,
            1.237628950108843,
            1.266862677104105,
            1.2815394314300663,
            1.3152934394370703,
            1.2992573539352996,
            1.2992573539352996,
            1.2377009303678648,
            1.18863767630751,
            1.2311452369767748,
            1.1884909287927004,
            1.4431133613944387,
            1.354187655319138,
            2.7695911951398378,
            3.5948521956839015,
            3.2826963011443677,
            2.4414586485819054,
            2.67630445298152,
            3.1966613245816653,
            3.184401842660683,
            3.106901273462463,
            3.1691559122601225,
            2.849931415696469,
            2.8679050135041235,
            3.0072698141876666,
            2.958685075613719,
            2.8459589625049766,
            3.373284643173398,
            3.2363167541244877,
            2.9532222202692964,
            3.1463847308519908,
            3.3118016109984207,
            3.5176612321354455,
            2.847517693955669
        ],
        [
            2.7584664557755487,
            3.3038908517682564,
            3.157397250720018,
            3.6880192415706294,
            1.5693322521005437,
            2.0936859210493868,
            1.6015856762411524,
            0.0,
            0.5043727615894211,
            1.2748093991475413,
            1.3811199916260093,
            1.1817151799835963,
            1.2154911000373547,
            1.6652472378116285,
            1.6944809648068904,
            1.7091577191328517,
            1.7429117271398558,
            1.726875641638085,
            1.726875641638085,
            1.6653192180706502,
            1.6162559640102954,
            1.6587635246795602,
            1.6161092164954858,
            1.8707316490972241,
            1.7818059430219235,
            3.1972094828426227,
            4.0224704833866864,
            3.7103145888471527,
            2.8690769362846904,
            3.103922740684305,
            3.624279612284451,
            3.612020130363468,
            3.534519561165249,
            3.5967741999629075,
            3.277549703399255,
            3.2955233012069094,
            3.4348881018904516,
            3.386303363316504,
            3.2735772502077625,
            3.800902930876183,
            3.6639350418272736,
            3.3808405079720822,
            3.5740030185547766,
            3.7394198987012057,
            3.9452795198382313,
            3.2751359816584547
        ],
        [
            2.5993678947543772,
            3.144792290747085,
            2.9982986896988466,
            3.528920680549458,
            1.410233691079372,
            1.9345873600282149,
            1.4424871152199807,
            0.5043727615894211,
            0.0,
            1.1157108381263696,
            1.2220214306048376,
            1.0226166189624246,
            1.056392539016183,
            1.5061486767904568,
            1.5353824037857187,
            1.55005915811168,
            1.583813166118684,
            1.5677770806169133,
            1.5677770806169133,
            1.5062206570494785,
            1.4571574029891237,
            1.4996649636583885,
            1.457010655474314,
            1.7116330880760524,
            1.6227073820007518,
            3.0381109218214513,
            3.863371922365515,
            3.5512160278259812,
            2.709978375263519,
            2.9448241796631334,
            3.4651810512632792,
            3.4529215693422963,
            3.375421000144077,
            3.437675638941736,
            3.118451142378083,
            3.1364247401857375,
            3.27578954086928,
            3.2272048022953324,
            3.1144786891865905,
            3.6418043698550115,
            3.5048364808061017,
            3.2217419469509103,
            3.4149044575336047,
            3.5803213376800342,
            3.7861809588170594,
            3.1160374206372827
        ],
        [
            2.6588148087671124,
            3.20423920475982,
            3.0577456037115818,
            3.588367594562193,
            1.4696806050921072,
            1.99403427404095,
            1.501934029232716,
            1.2748093991475413,
            1.1157108381263696,
            0.0,
            0.71618770321795,
            0.516782891575537,
            0.5505588116292954,
            1.565595590803192,
            1.5948293177984538,
            1.6095060721244152,
            1.6432600801314192,
            1.6272239946296485,
            1.6272239946296485,
            1.5656675710622137,
            1.5166043170018588,
            1.5591118776711237,
            1.5164575694870492,
            1.7710800020887876,
            1.682154296013487,
            3.0975578358341864,
            3.92281883637825,
            3.6106629418387164,
            2.769425289276254,
            3.0042710936758685,
            3.5246279652760144,
            3.5123684833550315,
            3.434867914156812,
            3.497122552954471,
            3.177898056390818,
            3.1958716541984726,
            3.3352364548820153,
            3.2866517163080675,
            3.1739256031993257,
            3.7012512838677467,
            3.564283394818837,
            3.2811888609636455,
            3.47435137154634,
            3.6397682516927694,
            3.8456278728297946,
            3.175484334650018
        ],
        [
            2.76512540124558,
            3.310549797238288,
            3.1640561961900495,
            3.694678187040661,
            1.5759911975705752,
            2.1003448665194178,
            1.6082446217111839,
            1.3811199916260093,
            1.2220214306048376,
            0.71618770321795,
            0.0,
            0.1994072837074825,
            0.5677712815449707,
            1.67190618328166,
            1.7011399102769218,
            1.7158166646028832,
            1.7495706726098872,
            1.7335345871081165,
            1.7335345871081165,
            1.6719781635406816,
            1.6229149094803268,
            1.6654224701495917,
            1.6227681619655172,
            1.8773905945672555,
            1.788464888491955,
            3.2038684283126546,
            4.029129428856718,
            3.7169735343171846,
            2.8757358817547223,
            3.1105816861543367,
            3.630938557754482,
            3.6186790758334997,
            3.54117850663528,
            3.6034331454329394,
            3.284208648869286,
            3.3021822466769404,
            3.4415470473604834,
            3.3929623087865357,
            3.2802361956777935,
            3.807561876346215,
            3.6705939872973046,
            3.3874994534421132,
            3.5806619640248076,
            3.7460788441712376,
            3.9519384653082623,
            3.2817949271284856
        ],
        [
            2.565720589603167,
            3.1111449855958746,
            2.9646513845476363,
            3.4952733753982477,
            1.3765863859281622,
            1.900940054877005,
            1.408839810068771,
            1.1817151799835963,
            1.0226166189624246,
            0.516782891575537,
            0.1994072837074825,
            0.0,
            0.3683664699025577,
            1.472501371639247,
            1.5017350986345088,
            1.5164118529604702,
            1.5501658609674742,
            1.5341297754657035,
            1.5341297754657035,
            1.4725733518982687,
            1.4235100978379138,
            1.4660176585071787,
            1.4233633503231042,
            1.6779857829248426,
            1.589060076849542,
            3.0044636166702414,
            3.829724617214305,
            3.5175687226747714,
            2.676331070112309,
            2.9111768745119235,
            3.4315337461120694,
            3.4192742641910865,
            3.341773694992867,
            3.404028333790526,
            3.084803837226873,
            3.1027774350345276,
            3.2421422357180703,
            3.1935574971441225,
            3.0808313840353807,
            3.6081570647038017,
            3.471189175654892,
            3.1880946417997005,
            3.381257152382395,
            3.5466740325288244,
            3.7525336536658496,
            3.082390115486073
        ],
        [
            2.599496509656926,
            3.1449209056496334,
            2.998427304601395,
            3.5290492954520065,
            1.4103623059819206,
            1.9347159749307634,
            1.4426157301225293,
            1.2154911000373547,
            1.056392539016183,
            0.5505588116292954,
            0.5677712815449707,
            0.3683664699025577,
            0.0,
            1.5062772916930054,
            1.5355110186882672,
            1.5501877730142286,
            1.5839417810212326,
            1.567905695519462,
            1.567905695519462,
            1.506349271952027,
            1.4572860178916722,
            1.499793578560937,
            1.4571392703768626,
            1.711761702978601,
            1.6228359969033004,
            3.038239536724,
            3.8635005372680635,
            3.55134464272853,
            2.7101069901660675,
            2.944952794565682,
            3.465309666165828,
            3.453050184244845,
            3.3755496150466255,
            3.4378042538442846,
            3.1185797572806315,
            3.136553355088286,
            3.2759181557718287,
            3.227333417197881,
            3.114607304089139,
            3.64193298475756,
            3.5049650957086502,
            3.221870561853459,
            3.4150330724361533,
            3.580449952582583,
            3.786309573719608,
            3.1161660355398313
        ],
        [
            2.2224465895437175,
            2.767870985536425,
            2.621377384488187,
            3.1519993753387983,
            1.0333123858687125,
            1.5576660548175554,
            1.237628950108843,
            1.6652472378116285,
            1.5061486767904568,
            1.565595590803192,
            1.67190618328166,
            1.472501371639247,
            1.5062772916930054,
            0.0,
            0.3513966667110866,
            0.79041600166605,
            0.824170009673054,
            0.8081339241712833,
            0.8081339241712833,
            0.9144270667154268,
            0.865363812655072,
            0.9078713733243369,
            0.8652170651402624,
            1.1198394977420008,
            1.0309137916667002,
            2.661189616610792,
            3.4864506171548557,
            3.174294722615322,
            2.3330570700528597,
            2.567902874452474,
            3.0882597460526195,
            3.076000264131637,
            2.9984996949334173,
            3.0607543337310767,
            2.7415298371674233,
            2.7595034349750778,
            2.898868235658621,
            2.850283497084673,
            2.737557383975931,
            3.2648830646443523,
            3.127915175595442,
            2.8448206417402506,
            3.037983152322945,
            3.203400032469375,
            3.4092596536063997,
            2.739116115426623
        ],
        [
            2.2516803165389794,
            2.797104712531687,
            2.6506111114834487,
            3.18123310233406,
            1.0625461128639744,
            1.5868997818128172,
            1.266862677104105,
            1.6944809648068904,
            1.5353824037857187,
            1.5948293177984538,
            1.7011399102769218,
            1.5017350986345088,
            1.5355110186882672,
            0.3513966667110866,
            0.0,
            0.8196497286613118,
            0.8534037366683158,
            0.8373676511665451,
            0.8373676511665451,
            0.9436607937106887,
            0.8945975396503338,
            0.9371051003195987,
            0.8944507921355243,
            1.1490732247372626,
            1.060147518661962,
            2.690423343606054,
            3.5156843441501175,
            3.203528449610584,
            2.3622907970481215,
            2.597136601447736,
            3.1174934730478814,
            3.105233991126899,
            3.027733421928679,
            3.0899880607263386,
            2.770763564162685,
            2.7887371619703396,
            2.9281019626538827,
            2.879517224079935,
            2.7667911109711927,
            3.294116791639614,
            3.157148902590704,
            2.8740543687355125,
            3.067216879318207,
            3.232633759464637,
            3.4384933806016615,
            2.768349842421885
        ],
        [
            2.2663570708649408,
            2.8117814668576484,
            2.66528786580941,
            3.1959098566600215,
            1.0772228671899358,
            1.6015765361387786,
            1.2815394314300663,
            1.7091577191328517,
            1.55005915811168,
            1.6095060721244152,
            1.7158166646028832,
            1.5164118529604702,
            1.5501877730142286,
            0.79041600166605,
            0.8196497286613118,
            0.0,
            0.6511253099739882,
            0.6350892244722175,
            0.6350892244722175,
            0.95833754803665,
            0.9092742939762952,
            0.9517818546455601,
            0.9091275464614856,
            1.163749979063224,
            1.0748242729879234,
            2.7051000979320152,
            3.530361098476079,
            3.218205203936545,
            2.376967551374083,
            2.6118133557736973,
            3.1321702273738428,
            3.1199107454528603,
            3.0424101762546405,
            3.1046648150523,
            2.7854403184886465,
            2.803413916296301,
            2.942778716979844,
            2.8941939784058963,
            2.781467865297154,
            3.3087935459655755,
            3.171825656916665,
            2.888731123061474,
            3.0818936336441682,
            3.247310513790598,
            3.453170134927623,
            2.7830265967478462
        ],
        [
            2.3001110788719448,
            2.8455354748646524,
            2.699041873816414,
            3.2296638646670255,
            1.1109768751969398,
            1.6353305441457826,
            1.3152934394370703,
            1.7429117271398558,
            1.583813166118684,
            1.6432600801314192,
            1.7495706726098872,
            1.5501658609674742,
            1.5839417810212326,
            0.824170009673054,
            0.8534037366683158,
            0.6511253099739882,
            0.0,
            0.040770782005250084,
            0.040770782005250084,
            0.9920915560436541,
            0.9430283019832992,
            0.9855358626525641,
            0.9428815544684896,
            1.197503987070228,
            1.1085782809949274,
            2.7388541059390192,
            3.564115106483083,
            3.251959211943549,
            2.410721559381087,
            2.6455673637807013,
            3.1659242353808468,
            3.1536647534598643,
            3.0761641842616445,
            3.138418823059304,
            2.8191943264956505,
            2.837167924303305,
            2.976532724986848,
            2.9279479864129003,
            2.815221873304158,
            3.3425475539725795,
            3.205579664923669,
            2.922485131068478,
            3.1156476416511723,
            3.281064521797602,
            3.486924142934627,
            2.8167806047548503
        ],
        [
            2.284074993370174,
            2.8294993893628817,
            2.6830057883146434,
            3.2136277791652548,
            1.094940789695169,
            1.619294458644012,
            1.2992573539352996,
            1.726875641638085,
            1.5677770806169133,
            1.6272239946296485,
            1.7335345871081165,
            1.5341297754657035,
            1.567905695519462,
            0.8081339241712833,
            0.8373676511665451,
            0.6350892244722175,
            0.040770782005250084,
            0.0,
            2.4720650690923662e-06,
            0.9760554705418834,
            0.9269922164815285,
            0.9694997771507934,
            0.9268454689667189,
            1.1814679015684573,
            1.0925421954931567,
            2.7228180204372485,
            3.5480790209813122,
            3.2359231264417785,
            2.394685473879316,
            2.6295312782789306,
            3.149888149879076,
            3.1376286679580936,
            3.060128098759874,
            3.1223827375575333,
            2.80315824099388,
            2.8211318388015343,
            2.9604966394850774,
            2.9119119009111296,
            2.7991857878023874,
            3.326511468470809,
            3.1895435794218985,
            2.906449045566707,
            3.0996115561494015,
            3.2650284362958315,
            3.470888057432856,
            2.8007445192530795
        ],
        [
            2.284074993370174,
            2.8294993893628817,
            2.6830057883146434,
            3.2136277791652548,
            1.094940789695169,
            1.619294458644012,
            1.2992573539352996,
            1.726875641638085,
            1.5677770806169133,
            1.6272239946296485,
            1.7335345871081165,
            1.5341297754657035,
            1.567905695519462,
            0.8081339241712833,
            0.8373676511665451,
            0.6350892244722175,
            0.040770782005250084,
            2.4720650690923662e-06,
            0.0,
            0.9760554705418834,
            0.9269922164815285,
            0.9694997771507934,
            0.9268454689667189,
            1.1814679015684573,
            1.0925421954931567,
            2.7228180204372485,
            3.5480790209813122,
            3.2359231264417785,
            2.394685473879316,
            2.6295312782789306,
            3.149888149879076,
            3.1376286679580936,
            3.060128098759874,
            3.1223827375575333,
            2.80315824099388,
            2.8211318388015343,
            2.9604966394850774,
            2.9119119009111296,
            2.7991857878023874,
            3.326511468470809,
            3.1895435794218985,
            2.906449045566707,
            3.0996115561494015,
            3.2650284362958315,
            3.470888057432856,
            2.8007445192530795
        ],
        [
            2.222518569802739,
            2.767942965795447,
            2.6214493647472086,
            3.15207135559782,
            1.0333843661277342,
            1.557738035076577,
            1.2377009303678648,
            1.6653192180706502,
            1.5062206570494785,
            1.5656675710622137,
            1.6719781635406816,
            1.4725733518982687,
            1.506349271952027,
            0.9144270667154268,
            0.9436607937106887,
            0.95833754803665,
            0.9920915560436541,
            0.9760554705418834,
            0.9760554705418834,
            0.0,
            0.1949403145911277,
            0.34298563853099306,
            0.3003313303469186,
            0.554953762948657,
            0.46602805687335636,
            2.6612615968698137,
            3.4865225974138774,
            3.1743667028743436,
            2.3331290503118813,
            2.567974854711496,
            3.088331726311641,
            3.0760722443906587,
            2.998571675192439,
            3.0608263139900984,
            2.741601817426445,
            2.7595754152340994,
            2.8989402159176425,
            2.8503554773436948,
            2.7376293642349525,
            3.264955044903374,
            3.1279871558544636,
            2.8448926219992723,
            3.0380551325819667,
            3.2034720127283967,
            3.4093316338654214,
            2.7391880956856447
        ],
        [
            2.1734553157423844,
            2.718879711735092,
            2.5723861106868537,
            3.103008101537465,
            0.9843211120673794,
            1.5086747810162222,
            1.18863767630751,
            1.6162559640102954,
            1.4571574029891237,
            1.5166043170018588,
            1.6229149094803268,
            1.4235100978379138,
            1.4572860178916722,
            0.865363812655072,
            0.8945975396503338,
            0.9092742939762952,
            0.9430283019832992,
            0.9269922164815285,
            0.9269922164815285,
            0.1949403145911277,
            0.0,
            0.29392238447063823,
            0.2512680762865638,
            0.5058905088883021,
            0.4169648028130015,
            2.6121983428094584,
            3.437459343353522,
            3.1253034488139884,
            2.284065796251526,
            2.5189116006511405,
            3.039268472251287,
            3.0270089903303035,
            2.9495084211320846,
            3.011763059929743,
            2.6925385633660905,
            2.710512161173745,
            2.8498769618572872,
            2.8012922232833395,
            2.688566110174598,
            3.2158917908430187,
            3.0789239017941092,
            2.795829367938918,
            2.9889918785216123,
            3.1544087586680414,
            3.360268379805067,
            2.6901248416252903
        ],
        [
            2.2159628764116492,
            2.761387272404357,
            2.6148936713561186,
            3.14551566220673,
            1.0268286727366442,
            1.551182341685487,
            1.2311452369767748,
            1.6587635246795602,
            1.4996649636583885,
            1.5591118776711237,
            1.6654224701495917,
            1.4660176585071787,
            1.499793578560937,
            0.9078713733243369,
            0.9371051003195987,
            0.9517818546455601,
            0.9855358626525641,
            0.9694997771507934,
            0.9694997771507934,
            0.34298563853099306,
            0.29392238447063823,
            0.0,
            0.11667553067157321,
            0.4492180400154715,
            0.3602923339401709,
            2.6547059034787237,
            3.4799669040227874,
            3.1678110094832537,
            2.3265733569207914,
            2.561419161320406,
            3.0817760329205512,
            3.0695165509995688,
            2.992015981801349,
            3.0542706205990084,
            2.735046124035355,
            2.7530197218430095,
            2.8923845225265525,
            2.843799783952605,
            2.7310736708438625,
            3.258399351512284,
            3.1214314624633737,
            2.8383369286081823,
            3.0314994391908767,
            3.1969163193373067,
            3.4027759404743314,
            2.7326324022945547
        ],
        [
            2.173308568227575,
            2.7187329642202824,
            2.572239363172044,
            3.1028613540226555,
            0.9841743645525698,
            1.5085280335014126,
            1.1884909287927004,
            1.6161092164954858,
            1.457010655474314,
            1.5164575694870492,
            1.6227681619655172,
            1.4233633503231042,
            1.4571392703768626,
            0.8652170651402624,
            0.8944507921355243,
            0.9091275464614856,
            0.9428815544684896,
            0.9268454689667189,
            0.9268454689667189,
            0.3003313303469186,
            0.2512680762865638,
            0.11667553067157321,
            0.0,
            0.40656373183139705,
            0.31763802575609645,
            2.6120515952946493,
            3.437312595838713,
            3.125156701299179,
            2.283919048736717,
            2.5187648531363314,
            3.039121724736477,
            3.0268622428154943,
            2.9493616736172745,
            3.011616312414934,
            2.6923918158512805,
            2.710365413658935,
            2.849730214342478,
            2.8011454757685303,
            2.688419362659788,
            3.2157450433282095,
            3.078777154279299,
            2.795682620424108,
            2.9888451310068023,
            3.1542620111532322,
            3.360121632290257,
            2.6899780941104803
        ],
        [
            2.427931000829313,
            2.9733553968220208,
            2.8268617957737825,
            3.357483786624394,
            1.2387967971543081,
            1.763150466103151,
            1.4431133613944387,
            1.8707316490972241,
            1.7116330880760524,
            1.7710800020887876,
            1.8773905945672555,
            1.6779857829248426,
            1.711761702978601,
            1.1198394977420008,
            1.1490732247372626,
            1.163749979063224,
            1.197503987070228,
            1.1814679015684573,
            1.1814679015684573,
            0.554953762948657,
            0.5058905088883021,
            0.4492180400154715,
            0.40656373183139705,
            0.0,
            0.4013508479088759,
            2.866674027896387,
            3.691935028440451,
            3.379779133900917,
            2.538541481338455,
            2.7733872857380693,
            3.2937441573382156,
            3.281484675417232,
            3.2039841062190133,
            3.266238745016672,
            2.9470142484530193,
            2.964987846260674,
            3.104352646944216,
            3.0557679083702682,
            2.943041795261527,
            3.4703674759299474,
            3.333399586881038,
            3.0503050530258466,
            3.243467563608541,
            3.40888444375497,
            3.6147440648919957,
            2.944600526712219
        ],
        [
            2.3390052947540125,
            2.88442969074672,
            2.737936089698482,
            3.2685580805490932,
            1.1498710910790075,
            1.6742247600278504,
            1.354187655319138,
            1.7818059430219235,
            1.6227073820007518,
            1.682154296013487,
            1.788464888491955,
            1.589060076849542,
            1.6228359969033004,
            1.0309137916667002,
            1.060147518661962,
            1.0748242729879234,
            1.1085782809949274,
            1.0925421954931567,
            1.0925421954931567,
            0.46602805687335636,
            0.4169648028130015,
            0.3602923339401709,
            0.31763802575609645,
            0.4013508479088759,
            0.0,
            2.777748321821087,
            3.6030093223651507,
            3.290853427825617,
            2.4496157752631547,
            2.684461579662769,
            3.2048184512629145,
            3.192558969341932,
            3.1150584001437123,
            3.1773130389413717,
            2.8580885423777183,
            2.8760621401853728,
            3.015426940868916,
            2.966842202294968,
            2.854116089186226,
            3.3814417698546473,
            3.244473880805737,
            2.9613793469505456,
            3.15454185753324,
            3.31995873767967,
            3.5258183588166947,
            2.855674820636918
        ],
        [
            2.7259413348402965,
            3.271365730833004,
            3.124872129784766,
            4.43827440889822,
            2.3195874194281343,
            2.9213724624715427,
            2.7695911951398378,
            3.1972094828426227,
            3.0381109218214513,
            3.0975578358341864,
            3.2038684283126546,
            3.0044636166702414,
            3.038239536724,
            2.661189616610792,
            2.690423343606054,
            2.7051000979320152,
            2.7388541059390192,
            2.7228180204372485,
            2.7228180204372485,
            2.6612615968698137,
            2.6121983428094584,
            2.6547059034787237,
            2.6120515952946493,
            2.866674027896387,
            2.777748321821087,
            0.0,
            0.8252634726091337,
            0.5131075780696,
            1.912259911288709,
            2.1471057156883235,
            2.6674625872884694,
            2.6552031053674865,
            2.577702536169267,
            2.639957174966926,
            2.320732678403273,
            2.3387062762109276,
            2.4780710768944703,
            2.4294863383205225,
            2.3167602252117807,
            2.8440859058802017,
            2.707118016831292,
            2.4240234829761005,
            2.617185993558795,
