{
    "NEXUS_FILE_URL": "http://purl.org/phylo/treebase/phylows/study/TB2:S10943",
    "NEWICK_TREE": "(31:0.27588376,((23:1.0E-8,(3:1.0E-8,((7:1.0E-8,(5:1.0E-8,((18:1.0E-8,(17:1.0E-8,(19:1.0E-8,(10:1.0E-8,(9:1.0E-8,((8:1.0E-8,(((28:1.0E-8,(1:1.0E-8,2:1.0E-8):0.00378872):6.2638E-4,(22:1.0E-8,(20:1.0E-8,21:1.0E-8):7.6809E-4):0.00153907):1.0E-8,((30:1.0E-8,29:1.0E-8):6.0699E-4,((11:1.0E-8,12:1.0E-8):1.0E-8,13:1.0E-8):1.0E-8):0.00243613):6.0887E-4):1.0E-8,6:1.0E-8):1.0E-8):1.0E-8):1.0E-8):1.0E-8):1.0E-8):1.0E-8,16:0.00153685):1.0E-8):1.0E-8):7.7414E-4,(27:7.7103E-4,(26:7.7299E-4,(25:1.0E-8,24:1.0E-8):1.0E-8):7.7222E-4):1.0E-8):0.001552):1.0E-8):1.0E-8,4:1.0E-8):7.7534E-4,(15:1.0E-8,14:1.0E-8):1.0E-8);",
    "DISTANCE_MATRIX": [
        [
            0.0,
            0.27665912,
            0.27665913,
            0.27898526999999995,
            0.27898528,
            0.2789853,
            0.27898531,
            0.27898532,
            0.27898533,
            0.27898533999999997,
            0.27898535999999996,
            0.28022062,
            0.28400934,
            0.28400934,
            0.28113330999999997,
            0.28190139999999997,
            0.28190139999999997,
            0.28263734999999995,
            0.28263734999999995,
            0.28203037999999997,
            0.28203037999999997,
            0.28203037,
            0.27898534999999997,
            0.28052213,
            0.27898216,
            0.27975634,
            0.27898336999999995,
            0.27898336999999995,
            0.27665911,
            0.27588377999999997,
            0.27588377999999997
        ],
        [
            0.27665912,
            0.0,
            3.0000000000000004e-08,
            0.00232617,
            0.0023261799999999997,
            0.0023261999999999996,
            0.00232621,
            0.00232622,
            0.00232623,
            0.00232624,
            0.0023262599999999997,
            0.0035615199999999994,
            0.007350239999999999,
            0.007350239999999999,
            0.004474209999999999,
            0.005242299999999999,
            0.005242299999999999,
            0.005978249999999999,
            0.005978249999999999,
            0.005371279999999999,
            0.005371279999999999,
            0.005371269999999999,
            0.0023262499999999998,
            0.0038630299999999995,
            0.00232306,
            0.00309724,
            0.00232427,
            0.00232427,
            3.0000000000000004e-08,
            0.00077538,
            0.00077538
        ],
        [
            0.27665913,
            3.0000000000000004e-08,
            0.0,
            0.00232616,
            0.00232617,
            0.0023261899999999997,
            0.0023262,
            0.00232621,
            0.00232622,
            0.00232623,
            0.0023262499999999998,
            0.0035615099999999995,
            0.007350229999999999,
            0.007350229999999999,
            0.004474199999999999,
            0.005242289999999999,
            0.005242289999999999,
            0.005978239999999999,
            0.005978239999999999,
            0.005371269999999999,
            0.005371269999999999,
            0.005371259999999999,
            0.00232624,
            0.0038630199999999996,
            0.00232305,
            0.00309723,
            0.00232426,
            0.00232426,
            4e-08,
            0.00077539,
            0.00077539
        ],
        [
            0.27898526999999995,
            0.00232617,
            0.00232616,
            0.0,
            3.0000000000000004e-08,
            5e-08,
            6e-08,
            6.999999999999999e-08,
            7.999999999999999e-08,
            8.999999999999999e-08,
            1.0999999999999998e-07,
            0.0012353699999999995,
            0.005024089999999999,
            0.005024089999999999,
            0.0021480599999999994,
            0.0029161499999999993,
            0.0029161499999999993,
            0.0036520999999999993,
            0.0036520999999999993,
            0.003045129999999999,
            0.003045129999999999,
            0.0030451199999999993,
            9.999999999999998e-08,
            0.0015368799999999998,
            0.00154519,
            0.00231937,
            0.0015464,
            0.0015464,
            0.0023261799999999997,
            0.00310153,
            0.00310153
        ],
        [
            0.27898528,
            0.0023261799999999997,
            0.00232617,
            3.0000000000000004e-08,
            0.0,
            4e-08,
            5e-08,
            6e-08,
            6.999999999999999e-08,
            7.999999999999999e-08,
            9.999999999999998e-08,
            0.0012353599999999996,
            0.005024079999999999,
            0.005024079999999999,
            0.0021480499999999994,
            0.0029161399999999994,
            0.0029161399999999994,
            0.0036520899999999993,
            0.0036520899999999993,
            0.0030451199999999993,
            0.0030451199999999993,
            0.0030451099999999993,
            8.999999999999999e-08,
            0.0015368699999999999,
            0.0015452,
            0.00231938,
            0.00154641,
            0.00154641,
            0.0023261899999999997,
            0.00310154,
            0.00310154
        ],
        [
            0.2789853,
            0.0023261999999999996,
            0.0023261899999999997,
            5e-08,
            4e-08,
            0.0,
            3.0000000000000004e-08,
            4e-08,
            5e-08,
            6e-08,
            7.999999999999999e-08,
            0.0012353399999999997,
            0.0050240599999999995,
            0.0050240599999999995,
            0.0021480299999999996,
            0.0029161199999999995,
            0.0029161199999999995,
            0.0036520699999999994,
            0.0036520699999999994,
            0.0030450999999999994,
            0.0030450999999999994,
            0.0030450899999999994,
            6.999999999999999e-08,
            0.00153687,
            0.00154522,
            0.0023194,
            0.0015464300000000001,
            0.0015464300000000001,
            0.0023262099999999996,
            0.0031015599999999997,
            0.0031015599999999997
        ],
        [
            0.27898531,
            0.00232621,
            0.0023262,
            6e-08,
            5e-08,
            3.0000000000000004e-08,
            0.0,
            3.0000000000000004e-08,
            4e-08,
            5e-08,
            6.999999999999999e-08,
            0.0012353299999999998,
            0.0050240499999999995,
            0.0050240499999999995,
            0.0021480199999999996,
            0.0029161099999999995,
            0.0029161099999999995,
            0.0036520599999999995,
            0.0036520599999999995,
            0.0030450899999999994,
            0.0030450899999999994,
            0.0030450799999999995,
            6e-08,
            0.00153688,
            0.00154523,
            0.00231941,
            0.00154644,
            0.00154644,
            0.00232622,
            0.0031015699999999997,
            0.0031015699999999997
        ],
        [
            0.27898532,
            0.00232622,
            0.00232621,
            6.999999999999999e-08,
            6e-08,
            4e-08,
            3.0000000000000004e-08,
            0.0,
            3.0000000000000004e-08,
            4e-08,
            6e-08,
            0.0012353199999999998,
            0.00502404,
            0.00502404,
            0.0021480099999999997,
            0.0029160999999999996,
            0.0029160999999999996,
            0.0036520499999999996,
            0.0036520499999999996,
            0.0030450799999999995,
            0.0030450799999999995,
            0.0030450699999999995,
            5e-08,
            0.00153689,
            0.00154524,
            0.00231942,
            0.00154645,
            0.00154645,
            0.00232623,
            0.0031015799999999996,
            0.0031015799999999996
        ],
        [
            0.27898533,
            0.00232623,
            0.00232622,
            7.999999999999999e-08,
            6.999999999999999e-08,
            5e-08,
            4e-08,
            3.0000000000000004e-08,
            0.0,
            3.0000000000000004e-08,
            5e-08,
            0.0012353099999999999,
            0.00502403,
            0.00502403,
            0.0021479999999999997,
            0.0029160899999999997,
            0.0029160899999999997,
            0.0036520399999999996,
            0.0036520399999999996,
            0.0030450699999999995,
            0.0030450699999999995,
            0.0030450599999999996,
            4e-08,
            0.0015369,
            0.0015452500000000002,
            0.00231943,
            0.00154646,
            0.00154646,
            0.00232624,
            0.0031015899999999996,
            0.0031015899999999996
        ],
        [
            0.27898533999999997,
            0.00232624,
            0.00232623,
            8.999999999999999e-08,
            7.999999999999999e-08,
            6e-08,
            5e-08,
            4e-08,
            3.0000000000000004e-08,
            0.0,
            4e-08,
            0.0012353,
            0.00502402,
            0.00502402,
            0.00214799,
            0.0029160799999999997,
            0.0029160799999999997,
            0.0036520299999999997,
            0.0036520299999999997,
            0.0030450599999999996,
            0.0030450599999999996,
            0.0030450499999999997,
            3.0000000000000004e-08,
            0.00153691,
            0.0015452600000000001,
            0.00231944,
            0.0015464699999999999,
            0.0015464699999999999,
            0.0023262499999999998,
            0.0031015999999999995,
            0.0031015999999999995
        ],
        [
            0.27898535999999996,
            0.0023262599999999997,
            0.0023262499999999998,
            1.0999999999999998e-07,
            9.999999999999998e-08,
            7.999999999999999e-08,
            6.999999999999999e-08,
            6e-08,
            5e-08,
            4e-08,
            0.0,
            0.00123528,
            0.005024,
            0.005024,
            0.00214797,
            0.00291606,
            0.00291606,
            0.00365201,
            0.00365201,
            0.0030450399999999997,
            0.0030450399999999997,
            0.00304503,
            3.0000000000000004e-08,
            0.00153693,
            0.00154528,
            0.0023194599999999998,
            0.00154649,
            0.00154649,
            0.0023262699999999996,
            0.0031016199999999994,
            0.0031016199999999994
        ],
        [
            0.28022062,
            0.0035615199999999994,
            0.0035615099999999995,
            0.0012353699999999995,
            0.0012353599999999996,
            0.0012353399999999997,
            0.0012353299999999998,
            0.0012353199999999998,
            0.0012353099999999999,
            0.0012353,
            0.00123528,
            0.0,
            0.00378874,
            0.00378874,
            0.00216547,
            0.00293356,
            0.00293356,
            0.00366953,
            0.00366953,
            0.0030625599999999998,
            0.0030625599999999998,
            0.00306255,
            0.00123529,
            0.00277219,
            0.0027805399999999997,
            0.0035547199999999995,
            0.0027817499999999995,
            0.0027817499999999995,
            0.0035615299999999994,
            0.0043368799999999996,
            0.0043368799999999996
        ],
        [
            0.28400934,
            0.007350239999999999,
            0.007350229999999999,
            0.005024089999999999,
            0.005024079999999999,
            0.0050240599999999995,
            0.0050240499999999995,
            0.00502404,
            0.00502403,
            0.00502402,
            0.005024,
            0.00378874,
            0.0,
            2e-08,
            0.00595419,
            0.00672228,
            0.00672228,
            0.00745825,
            0.00745825,
            0.0068512799999999995,
            0.0068512799999999995,
            0.00685127,
            0.00502401,
            0.00656091,
            0.0065692599999999995,
            0.00734344,
            0.00657047,
            0.00657047,
            0.007350249999999999,
            0.008125599999999998,
            0.008125599999999998
        ],
        [
            0.28400934,
            0.007350239999999999,
            0.007350229999999999,
            0.005024089999999999,
            0.005024079999999999,
            0.0050240599999999995,
            0.0050240499999999995,
            0.00502404,
            0.00502403,
            0.00502402,
            0.005024,
            0.00378874,
            2e-08,
            0.0,
            0.00595419,
            0.00672228,
            0.00672228,
            0.00745825,
            0.00745825,
            0.0068512799999999995,
            0.0068512799999999995,
            0.00685127,
            0.00502401,
            0.00656091,
            0.0065692599999999995,
            0.00734344,
            0.00657047,
            0.00657047,
            0.007350249999999999,
            0.008125599999999998,
            0.008125599999999998
        ],
        [
            0.28113330999999997,
            0.004474209999999999,
            0.004474199999999999,
            0.0021480599999999994,
            0.0021480499999999994,
            0.0021480299999999996,
            0.0021480199999999996,
            0.0021480099999999997,
            0.0021479999999999997,
            0.00214799,
            0.00214797,
            0.00216547,
            0.00595419,
            0.00595419,
            0.0,
            0.0007681100000000001,
            0.0007681100000000001,
            0.00458222,
            0.00458222,
            0.00397525,
            0.00397525,
            0.00397524,
            0.00214798,
            0.0036848799999999998,
            0.0036932299999999996,
            0.00446741,
            0.0036944399999999994,
            0.0036944399999999994,
            0.004474219999999999,
            0.005249569999999999,
            0.005249569999999999
        ],
        [
            0.28190139999999997,
            0.005242299999999999,
            0.005242289999999999,
            0.0029161499999999993,
            0.0029161399999999994,
            0.0029161199999999995,
            0.0029161099999999995,
            0.0029160999999999996,
            0.0029160899999999997,
            0.0029160799999999997,
            0.00291606,
            0.00293356,
            0.00672228,
            0.00672228,
            0.0007681100000000001,
            0.0,
            2e-08,
            0.00535031,
            0.00535031,
            0.0047433399999999995,
            0.0047433399999999995,
            0.00474333,
            0.0029160699999999998,
            0.00445297,
            0.0044613199999999995,
            0.005235499999999999,
            0.004462529999999999,
            0.004462529999999999,
            0.005242309999999999,
            0.006017659999999999,
            0.006017659999999999
        ],
        [
            0.28190139999999997,
            0.005242299999999999,
            0.005242289999999999,
            0.0029161499999999993,
            0.0029161399999999994,
            0.0029161199999999995,
            0.0029161099999999995,
            0.0029160999999999996,
            0.0029160899999999997,
            0.0029160799999999997,
            0.00291606,
            0.00293356,
            0.00672228,
            0.00672228,
            0.0007681100000000001,
            2e-08,
            0.0,
            0.00535031,
            0.00535031,
            0.0047433399999999995,
            0.0047433399999999995,
            0.00474333,
            0.0029160699999999998,
            0.00445297,
            0.0044613199999999995,
            0.005235499999999999,
            0.004462529999999999,
            0.004462529999999999,
            0.005242309999999999,
            0.006017659999999999,
            0.006017659999999999
        ],
        [
            0.28263734999999995,
            0.005978249999999999,
            0.005978239999999999,
            0.0036520999999999993,
            0.0036520899999999993,
            0.0036520699999999994,
            0.0036520599999999995,
            0.0036520499999999996,
            0.0036520399999999996,
            0.0036520299999999997,
            0.00365201,
            0.00366953,
            0.00745825,
            0.00745825,
            0.00458222,
            0.00535031,
            0.00535031,
            0.0,
            2e-08,
            0.00060703,
            0.00060703,
            0.00060702,
            0.0036520199999999997,
            0.00518892,
            0.0051972699999999995,
            0.00597145,
            0.00519848,
            0.00519848,
            0.005978259999999999,
            0.006753609999999999,
            0.006753609999999999
        ],
        [
            0.28263734999999995,
            0.005978249999999999,
            0.005978239999999999,
            0.0036520999999999993,
            0.0036520899999999993,
            0.0036520699999999994,
            0.0036520599999999995,
            0.0036520499999999996,
            0.0036520399999999996,
            0.0036520299999999997,
            0.00365201,
            0.00366953,
            0.00745825,
            0.00745825,
            0.00458222,
            0.00535031,
            0.00535031,
            2e-08,
            0.0,
            0.00060703,
            0.00060703,
            0.00060702,
            0.0036520199999999997,
            0.00518892,
            0.0051972699999999995,
            0.00597145,
            0.00519848,
            0.00519848,
            0.005978259999999999,
            0.006753609999999999,
            0.006753609999999999
        ],
        [
            0.28203037999999997,
            0.005371279999999999,
            0.005371269999999999,
            0.003045129999999999,
            0.0030451199999999993,
            0.0030450999999999994,
            0.0030450899999999994,
            0.0030450799999999995,
            0.0030450699999999995,
            0.0030450599999999996,
            0.0030450399999999997,
            0.0030625599999999998,
            0.0068512799999999995,
            0.0068512799999999995,
            0.00397525,
            0.0047433399999999995,
            0.0047433399999999995,
            0.00060703,
            0.00060703,
            0.0,
            2e-08,
            3.0000000000000004e-08,
            0.0030450499999999997,
            0.0045819499999999996,
            0.004590299999999999,
            0.00536448,
            0.004591509999999999,
            0.004591509999999999,
            0.005371289999999999,
            0.006146639999999999,
            0.006146639999999999
        ],
        [
            0.28203037999999997,
            0.005371279999999999,
            0.005371269999999999,
            0.003045129999999999,
            0.0030451199999999993,
            0.0030450999999999994,
            0.0030450899999999994,
            0.0030450799999999995,
            0.0030450699999999995,
            0.0030450599999999996,
            0.0030450399999999997,
            0.0030625599999999998,
            0.0068512799999999995,
            0.0068512799999999995,
            0.00397525,
            0.0047433399999999995,
            0.0047433399999999995,
            0.00060703,
            0.00060703,
            2e-08,
            0.0,
            3.0000000000000004e-08,
            0.0030450499999999997,
            0.0045819499999999996,
            0.004590299999999999,
            0.00536448,
            0.004591509999999999,
            0.004591509999999999,
            0.005371289999999999,
            0.006146639999999999,
            0.006146639999999999
        ],
        [
            0.28203037,
            0.005371269999999999,
            0.005371259999999999,
            0.0030451199999999993,
            0.0030451099999999993,
            0.0030450899999999994,
            0.0030450799999999995,
            0.0030450699999999995,
            0.0030450599999999996,
            0.0030450499999999997,
            0.00304503,
            0.00306255,
            0.00685127,
            0.00685127,
            0.00397524,
            0.00474333,
            0.00474333,
            0.00060702,
            0.00060702,
            3.0000000000000004e-08,
            3.0000000000000004e-08,
            0.0,
            0.0030450399999999997,
            0.00458194,
            0.0045902899999999995,
            0.00536447,
            0.004591499999999999,
            0.004591499999999999,
            0.005371279999999999,
            0.006146629999999999,
            0.006146629999999999
        ],
        [
            0.27898534999999997,
            0.0023262499999999998,
            0.00232624,
            9.999999999999998e-08,
            8.999999999999999e-08,
            6.999999999999999e-08,
            6e-08,
            5e-08,
            4e-08,
            3.0000000000000004e-08,
            3.0000000000000004e-08,
            0.00123529,
            0.00502401,
            0.00502401,
            0.00214798,
            0.0029160699999999998,
            0.0029160699999999998,
            0.0036520199999999997,
            0.0036520199999999997,
            0.0030450499999999997,
            0.0030450499999999997,
            0.0030450399999999997,
            0.0,
            0.00153692,
            0.00154527,
            0.00231945,
            0.00154648,
            0.00154648,
            0.0023262599999999997,
            0.0031016099999999994,
            0.0031016099999999994
        ],
        [
            0.28052213,
            0.0038630299999999995,
            0.0038630199999999996,
            0.0015368799999999998,
            0.0015368699999999999,
            0.00153687,
            0.00153688,
            0.00153689,
            0.0015369,
            0.00153691,
            0.00153693,
            0.00277219,
            0.00656091,
            0.00656091,
            0.0036848799999999998,
            0.00445297,
            0.00445297,
            0.00518892,
            0.00518892,
            0.0045819499999999996,
            0.0045819499999999996,
            0.00458194,
            0.00153692,
            0.0,
            0.00308205,
            0.0038562299999999996,
            0.0030832599999999996,
            0.0030832599999999996,
            0.0038630399999999994,
            0.004638389999999999,
            0.004638389999999999
        ],
        [
            0.27898216,
            0.00232306,
            0.00232305,
            0.00154519,
            0.0015452,
            0.00154522,
            0.00154523,
            0.00154524,
            0.0015452500000000002,
            0.0015452600000000001,
            0.00154528,
            0.0027805399999999997,
            0.0065692599999999995,
            0.0065692599999999995,
            0.0036932299999999996,
            0.0044613199999999995,
            0.0044613199999999995,
            0.0051972699999999995,
            0.0051972699999999995,
            0.004590299999999999,
            0.004590299999999999,
            0.0045902899999999995,
            0.00154527,
            0.00308205,
            0.0,
            0.00231624,
            0.00154327,
            0.00154327,
            0.00232307,
            0.00309842,
            0.00309842
        ],
        [
            0.27975634,
            0.00309724,
            0.00309723,
            0.00231937,
            0.00231938,
            0.0023194,
            0.00231941,
            0.00231942,
            0.00231943,
            0.00231944,
            0.0023194599999999998,
            0.0035547199999999995,
            0.00734344,
            0.00734344,
            0.00446741,
            0.005235499999999999,
            0.005235499999999999,
            0.00597145,
            0.00597145,
            0.00536448,
            0.00536448,
            0.00536447,
            0.00231945,
            0.0038562299999999996,
            0.00231624,
            0.0,
            0.00077301,
            0.00077301,
            0.0030972499999999997,
            0.0038725999999999995,
            0.0038725999999999995
        ],
        [
            0.27898336999999995,
            0.00232427,
            0.00232426,
            0.0015464,
            0.00154641,
            0.0015464300000000001,
            0.00154644,
            0.00154645,
            0.00154646,
            0.0015464699999999999,
            0.00154649,
            0.0027817499999999995,
            0.00657047,
            0.00657047,
            0.0036944399999999994,
            0.004462529999999999,
            0.004462529999999999,
            0.00519848,
            0.00519848,
            0.004591509999999999,
            0.004591509999999999,
            0.004591499999999999,
            0.00154648,
            0.0030832599999999996,
            0.00154327,
            0.00077301,
            0.0,
            2e-08,
            0.0023242799999999997,
            0.00309963,
            0.00309963
        ],
        [
            0.27898336999999995,
            0.00232427,
            0.00232426,
            0.0015464,
            0.00154641,
            0.0015464300000000001,
            0.00154644,
            0.00154645,
            0.00154646,
            0.0015464699999999999,
            0.00154649,
            0.0027817499999999995,
            0.00657047,
            0.00657047,
            0.0036944399999999994,
            0.004462529999999999,
            0.004462529999999999,
            0.00519848,
            0.00519848,
            0.004591509999999999,
            0.004591509999999999,
            0.004591499999999999,
            0.00154648,
            0.0030832599999999996,
            0.00154327,
            0.00077301,
            2e-08,
            0.0,
            0.0023242799999999997,
            0.00309963,
            0.00309963
        ],
        [
            0.27665911,
            3.0000000000000004e-08,
            4e-08,
            0.0023261799999999997,
            0.0023261899999999997,
            0.0023262099999999996,
            0.00232622,
            0.00232623,
            0.00232624,
            0.0023262499999999998,
            0.0023262699999999996,
            0.0035615299999999994,
            0.007350249999999999,
            0.007350249999999999,
            0.004474219999999999,
            0.005242309999999999,
            0.005242309999999999,
            0.005978259999999999,
            0.005978259999999999,
            0.005371289999999999,
            0.005371289999999999,
            0.005371279999999999,
            0.0023262599999999997,
            0.0038630399999999994,
            0.00232307,
            0.0030972499999999997,
            0.0023242799999999997,
            0.0023242799999999997,
            0.0,
            0.00077537,
            0.00077537
        ],
        [
            0.27588377999999997,
            0.00077538,
            0.00077539,
            0.00310153,
            0.00310154,
            0.0031015599999999997,
            0.0031015699999999997,
            0.0031015799999999996,
            0.0031015899999999996,
            0.0031015999999999995,
            0.0031016199999999994,
            0.0043368799999999996,
            0.008125599999999998,
            0.008125599999999998,
            0.005249569999999999,
            0.006017659999999999,
            0.006017659999999999,
            0.006753609999999999,
            0.006753609999999999,
            0.006146639999999999,
            0.006146639999999999,
            0.006146629999999999,
            0.0031016099999999994,
            0.004638389999999999,
            0.00309842,
            0.0038725999999999995,
            0.00309963,
            0.00309963,
            0.00077537,
            0.0,
            2e-08
        ],
        [
            0.27588377999999997,
            0.00077538,
            0.00077539,
            0.00310153,
            0.00310154,
            0.0031015599999999997,
            0.0031015699999999997,
            0.0031015799999999996,
            0.0031015899999999996,
            0.0031015999999999995,
            0.0031016199999999994,
            0.0043368799999999996,
            0.008125599999999998,
            0.008125599999999998,
            0.005249569999999999,
            0.006017659999999999,
            0.006017659999999999,
            0.006753609999999999,
            0.006753609999999999,
            0.006146639999999999,
            0.006146639999999999,
            0.006146629999999999,
            0.0031016099999999994,
            0.004638389999999999,
            0.00309842,
            0.0038725999999999995,
            0.00309963,
            0.00309963,
            0.00077537,
            2e-08,
            0.0
        ]
    ],
    "NODE_MAPPING": {
        "0": "31",
        "1": "23",
        "2": "3",
        "3": "7",
        "4": "5",
        "5": "18",
        "6": "17",
        "7": "19",
        "8": "10",
        "9": "9",
        "10": "8",
        "11": "28",
        "12": "1",
        "13": "2",
        "14": "22",
        "15": "20",
        "16": "21",
        "17": "30",
        "18": "29",
        "19": "11",
        "20": "12",
        "21": "13",
        "22": "6",
        "23": "16",
        "24": "27",
        "25": "26",
        "26": "25",
        "27": "24",
        "28": "4",
        "29": "15",
        "30": "14"
    }
}