{
    "NEXUS_FILE_URL": "http://purl.org/phylo/treebase/phylows/study/TB2:S16029",
    "NEWICK_TREE": "((26:1.1808766412061143E-6,27:0.00931074):0.17241674,((22:0.04383197,23:0.05573962):0.03506047,((24:0.04909404,25:0.0081316):0.0989717,(((1:0.03678021,(2:0.01468126,3:0.03056547):0.00210528):0.10488194,((16:0.09509472,(15:0.04207112,17:0.01583987):0.00506412):0.02467901,((18:0.02197198,19:0.05105699):0.04937687,(20:0.00639663,21:0.00669569):0.01751763):0.0202862):0.0100865):0.03473259,((12:0.04764141,(10:0.02562113,11:0.0078444):0.00669632):0.02732394,((13:0.01286264,14:0.02667425):0.03514311,((5:0.0036962,6:0.00472097):0.03374899,(4:0.00902735,(9:0.01067865,(7:0.0054861,8:1.0E-8):0.04002709):0.01203262):0.00235192):0.02719046):0.01572931):0.02492176):3.0393923384769524E-6):0.04463106):0.17241674);",
    "DISTANCE_MATRIX": [
        [
            0,
            0.009311920876641205,
            0.4237271008766412,
            0.4356347508766412,
            0.5375314608766413,
            0.49656902087664123,
            0.5658635002689797,
            0.5458698302689797,
            0.5617540402689797,
            0.5540615802689797,
            0.5061021002689797,
            0.4798708502689797,
            0.5259229002689797,
            0.5550079102689798,
            0.4784883102689797,
            0.47878737026897966,
            0.4893558702689797,
            0.47403191026897973,
            0.4562551802689797,
            0.47812558026897967,
            0.4919371902689797,
            0.4947554802689797,
            0.4957802502689797,
            0.4686895602689797,
            0.4823734802689797,
            0.5172080202689797,
            0.5117219302689797
        ],
        [
            0.009311920876641205,
            0,
            0.4330366600000001,
            0.44494431,
            0.54684102,
            0.5058785800000001,
            0.5751730593923385,
            0.5551793893923386,
            0.5710635993923385,
            0.5633711393923385,
            0.5154116593923386,
            0.48918040939233853,
            0.5352324593923385,
            0.5643174693923385,
            0.4877978693923385,
            0.4880969293923385,
            0.4986654293923385,
            0.4833414693923386,
            0.46556473939233856,
            0.4874351393923385,
            0.5012467493923385,
            0.5040650393923385,
            0.5050898093923385,
            0.4779991193923385,
            0.4916830393923385,
            0.5265175793923386,
            0.5210314893923386
        ],
        [
            0.4237271008766412,
            0.4330366600000001,
            0,
            0.09957158999999999,
            0.27158924,
            0.23062680000000002,
            0.2999212793923385,
            0.2799276093923385,
            0.29581181939233847,
            0.28811935939233846,
            0.2401598793923385,
            0.21392862939233848,
            0.2599806793923385,
            0.2890656893923385,
            0.2125460893923385,
            0.21284514939233848,
            0.2234136493923385,
            0.2080896893923385,
            0.1903129593923385,
            0.21218335939233848,
            0.22599496939233849,
            0.22881325939233849,
            0.2298380293923385,
            0.20274733939233847,
            0.21643125939233848,
            0.2512657993923385,
            0.2457797093923385
        ],
        [
            0.4356347508766412,
            0.44494431,
            0.09957158999999999,
            0,
            0.28349689,
            0.24253445,
            0.3118289293923385,
            0.29183525939233845,
            0.3077194693923385,
            0.3000270093923385,
            0.25206752939233845,
            0.22583627939233847,
            0.2718883293923385,
            0.3009733393923385,
            0.22445373939233848,
            0.22475279939233847,
            0.23532129939233848,
            0.21999733939233848,
            0.2022206093923385,
            0.22409100939233847,
            0.23790261939233848,
            0.24072090939233848,
            0.2417456793923385,
            0.21465498939233846,
            0.22833890939233847,
            0.2631734493923385,
            0.2576873593923385
        ],
        [
            0.5375314608766413,
            0.54684102,
            0.27158924,
            0.28349689,
            0,
            0.057225639999999994,
            0.32446351939233853,
            0.30446984939233845,
            0.3203540593923385,
            0.3126615993923385,
            0.26470211939233845,
            0.23847086939233847,
            0.2845229193923385,
            0.3136079293923385,
            0.23708832939233848,
            0.23738738939233847,
            0.24795588939233848,
            0.23263192939233848,
            0.2148551993923385,
            0.23672559939233848,
            0.2505372093923385,
            0.2533554993923385,
            0.2543802693923385,
            0.22728957939233846,
            0.24097349939233847,
            0.2758080393923385,
            0.2703219493923385
        ],
        [
            0.49656902087664123,
            0.5058785800000001,
            0.23062680000000002,
            0.24253445,
            0.057225639999999994,
            0,
            0.2835010793923385,
            0.26350740939233847,
            0.2793916193923385,
            0.27169915939233846,
            0.22373967939233846,
            0.19750842939233848,
            0.2435604793923385,
            0.2726454893923385,
            0.1961258893923385,
            0.19642494939233845,
            0.2069934493923385,
            0.19166948939233847,
            0.17389275939233848,
            0.19576315939233846,
            0.2095747693923385,
            0.2123930593923385,
            0.21341782939233847,
            0.18632713939233847,
            0.20001105939233849,
            0.2348455993923385,
            0.22935950939233848
        ],
        [
            0.5658635002689797,
            0.5751730593923385,
            0.2999212793923385,
            0.3118289293923385,
            0.32446351939233853,
            0.2835010793923385,
            0,
            0.053566749999999996,
            0.06945096,
            0.27152238,
            0.2235629,
            0.19733165000000003,
            0.24338370000000004,
            0.27246871000000006,
            0.19594911,
            0.19624817,
            0.27628185000000005,
            0.26095789,
            0.24318116,
            0.26505156,
            0.27886317000000005,
            0.28168146000000005,
            0.28270623,
            0.25561554000000003,
            0.26929946000000005,
            0.304134,
            0.29864791
        ],
        [
            0.5458698302689797,
            0.5551793893923386,
            0.2799276093923385,
            0.29183525939233845,
            0.30446984939233845,
            0.26350740939233847,
            0.053566749999999996,
            0,
            0.04524673,
            0.25152871,
            0.20356923,
            0.17733798,
            0.22339003000000002,
            0.25247504000000004,
            0.17595544000000002,
            0.1762545,
            0.25628818,
            0.24096422,
            0.22318749,
            0.24505789,
            0.2588695,
            0.26168779,
            0.26271256,
            0.23562187,
            0.24930579,
            0.28414033000000005,
            0.27865424
        ],
        [
            0.5617540402689797,
            0.5710635993923385,
            0.29581181939233847,
            0.3077194693923385,
            0.3203540593923385,
            0.2793916193923385,
            0.06945096,
            0.04524673,
            0,
            0.26741292,
            0.21945344,
            0.19322219000000002,
            0.23927424000000003,
            0.26835925000000005,
            0.19183965,
            0.19213871,
            0.27217239000000004,
            0.25684843,
            0.2390717,
            0.2609421,
            0.27475371000000004,
            0.27757200000000004,
            0.27859677,
            0.25150608,
            0.26519000000000004,
            0.30002454,
            0.29453845
        ],
        [
            0.5540615802689797,
            0.5633711393923385,
            0.28811935939233846,
            0.3000270093923385,
            0.3126615993923385,
            0.27169915939233846,
            0.27152238,
            0.25152871,
            0.26741292,
            0,
            0.14222996,
            0.11599870999999999,
            0.21140878000000002,
            0.24049378999999999,
            0.16397419,
            0.16427324999999998,
            0.26447993000000003,
            0.24915597,
            0.23137923999999999,
            0.25324964,
            0.26706125000000003,
            0.26987954000000003,
            0.27090431,
            0.24381362,
            0.25749754,
            0.29233208,
            0.28684599
        ],
        [
            0.5061021002689797,
            0.5154116593923386,
            0.2401598793923385,
            0.25206752939233845,
            0.26470211939233845,
            0.22373967939233846,
            0.2235629,
            0.20356923,
            0.21945344,
            0.14222996,
            0,
            0.057910989999999996,
            0.16344930000000002,
            0.19253431,
            0.11601471,
            0.11631377,
            0.21652045,
            0.20119649,
            0.18341976,
            0.20529016,
            0.21910177,
            0.22192006,
            0.22294482999999998,
            0.19585414,
            0.20953806,
            0.24437260000000002,
            0.23888651
        ],
        [
            0.4798708502689797,
            0.48918040939233853,
            0.21392862939233848,
            0.22583627939233847,
            0.23847086939233847,
            0.19750842939233848,
            0.19733165000000003,
            0.17733798,
            0.19322219000000002,
            0.11599870999999999,
            0.057910989999999996,
            0,
            0.13721805,
            0.16630306,
            0.08978346,
            0.09008252,
            0.1902892,
            0.17496524,
            0.15718851,
            0.17905891,
            0.19287052,
            0.19568881,
            0.19671358,
            0.16962288999999997,
            0.18330681,
            0.21814135,
            0.21265526
        ],
        [
            0.5259229002689797,
            0.5352324593923385,
            0.2599806793923385,
            0.2718883293923385,
            0.2845229193923385,
            0.2435604793923385,
            0.24338370000000004,
            0.22339003000000002,
            0.23927424000000003,
            0.21140878000000002,
            0.16344930000000002,
            0.13721805,
            0,
            0.07302897,
            0.09526311000000001,
            0.09556217,
            0.23634125,
            0.22101729,
            0.20324056000000001,
            0.22511096,
            0.23892257,
            0.24174086,
            0.24276563,
            0.21567493999999998,
            0.22935886,
            0.2641934,
            0.25870731
        ],
        [
            0.5550079102689798,
            0.5643174693923385,
            0.2890656893923385,
            0.3009733393923385,
            0.3136079293923385,
            0.2726454893923385,
            0.27246871000000006,
            0.25247504000000004,
            0.26835925000000005,
            0.24049378999999999,
            0.19253431,
            0.16630306,
            0.07302897,
            0,
            0.12434812,
            0.12464718,
            0.26542626,
            0.2501023,
            0.23232557000000004,
            0.25419597000000005,
            0.26800758,
            0.27082587,
            0.27185064000000003,
            0.24475995,
            0.25844387,
            0.29327841000000004,
            0.28779232000000005
        ],
        [
            0.4784883102689797,
            0.4877978693923385,
            0.2125460893923385,
            0.22445373939233848,
            0.23708832939233848,
            0.1961258893923385,
            0.19594911,
            0.17595544000000002,
            0.19183965,
            0.16397419,
            0.11601471,
            0.08978346,
            0.09526311000000001,
            0.12434812,
            0,
            0.013092320000000001,
            0.18890666,
            0.1735827,
            0.15580597000000002,
            0.17767637,
            0.19148798,
            0.19430627,
            0.19533104,
            0.16824034999999998,
            0.18192427,
            0.21675881000000002,
            0.21127272000000002
        ],
        [
            0.47878737026897966,
            0.4880969293923385,
            0.21284514939233848,
            0.22475279939233847,
            0.23738738939233847,
            0.19642494939233845,
            0.19624817,
            0.1762545,
            0.19213871,
            0.16427324999999998,
            0.11631377,
            0.09008252,
            0.09556217,
            0.12464718,
            0.013092320000000001,
            0,
            0.18920572,
            0.17388176,
            0.15610502999999998,
            0.17797543,
            0.19178704,
            0.19460533,
            0.19563009999999997,
            0.16853941,
            0.18222333,
            0.21705787,
            0.21157178
        ],
        [
            0.4893558702689797,
            0.4986654293923385,
            0.2234136493923385,
            0.23532129939233848,
            0.24795588939233848,
            0.2069934493923385,
            0.27628185000000005,
            0.25628818,
            0.27217239000000004,
            0.26447993000000003,
            0.21652045,
            0.1902892,
            0.23634125,
            0.26542626,
            0.18890666,
            0.18920572,
            0,
            0.07995885999999999,
            0.06218213,
            0.13870041,
            0.15251202,
            0.15533031,
            0.15635507999999998,
            0.12926439,
            0.14294831,
            0.17778285,
            0.17229676
        ],
        [
            0.47403191026897973,
            0.4833414693923386,
            0.2080896893923385,
            0.21999733939233848,
            0.23263192939233848,
            0.19166948939233847,
            0.26095789,
            0.24096422,
            0.25684843,
            0.24915597,
            0.20119649,
            0.17496524,
            0.22101729,
            0.2501023,
            0.1735827,
            0.17388176,
            0.07995885999999999,
            0,
            0.03346553,
            0.12337645,
            0.13718806,
            0.14000635,
            0.14103112,
            0.11394043,
            0.12762435,
            0.16245889000000002,
            0.15697280000000002
        ],
        [
            0.4562551802689797,
            0.46556473939233856,
            0.1903129593923385,
            0.2022206093923385,
            0.2148551993923385,
            0.17389275939233848,
            0.24318116,
            0.22318749,
            0.2390717,
            0.23137923999999999,
            0.18341976,
            0.15718851,
            0.20324056000000001,
            0.23232557000000004,
            0.15580597000000002,
            0.15610502999999998,
            0.06218213,
            0.03346553,
            0,
            0.10559972,
            0.11941133,
            0.12222962,
            0.12325438999999999,
            0.09616369999999999,
            0.10984761999999999,
            0.14468216,
            0.13919607
        ],
        [
            0.47812558026897967,
            0.4874351393923385,
            0.21218335939233848,
            0.22409100939233847,
            0.23672559939233848,
            0.19576315939233846,
            0.26505156,
            0.24505789,
            0.2609421,
            0.25324964,
            0.20529016,
            0.17905891,
            0.22511096,
            0.25419597000000005,
            0.17767637,
            0.17797543,
            0.13870041,
            0.12337645,
            0.10559972,
            0,
            0.03953689,
            0.1126414,
            0.11366617,
            0.08657548,
            0.1002594,
            0.13509394000000002,
            0.12960785000000002
        ],
        [
            0.4919371902689797,
            0.5012467493923385,
            0.22599496939233849,
            0.23790261939233848,
            0.2505372093923385,
            0.2095747693923385,
            0.27886317000000005,
            0.2588695,
            0.27475371000000004,
            0.26706125000000003,
            0.21910177,
            0.19287052,
            0.23892257,
            0.26800758,
            0.19148798,
            0.19178704,
            0.15251202,
            0.13718806,
            0.11941133,
            0.03953689,
            0,
            0.12645301,
            0.12747777999999998,
            0.10038709,
            0.11407101,
            0.14890555,
            0.14341946
        ],
        [
            0.4947554802689797,
            0.5040650393923385,
            0.22881325939233849,
            0.24072090939233848,
            0.2533554993923385,
            0.2123930593923385,
            0.28168146000000005,
            0.26168779,
            0.27757200000000004,
            0.26987954000000003,
            0.22192006,
            0.19568881,
            0.24174086,
            0.27082587,
            0.19430627,
            0.19460533,
            0.15533031,
            0.14000635,
            0.12222962,
            0.1126414,
            0.12645301,
            0,
            0.00841717,
            0.04882446,
            0.06250838,
            0.09734292,
            0.09185683
        ],
        [
            0.4957802502689797,
            0.5050898093923385,
            0.2298380293923385,
            0.2417456793923385,
            0.2543802693923385,
            0.21341782939233847,
            0.28270623,
            0.26271256,
            0.27859677,
            0.27090431,
            0.22294482999999998,
            0.19671358,
            0.24276563,
            0.27185064000000003,
            0.19533104,
            0.19563009999999997,
            0.15635507999999998,
            0.14103112,
            0.12325438999999999,
            0.11366617,
            0.12747777999999998,
            0.00841717,
            0,
            0.049849229999999994,
            0.06353315,
            0.09836769000000001,
            0.09288160000000001
        ],
        [
            0.4686895602689797,
            0.4779991193923385,
            0.20274733939233847,
            0.21465498939233846,
            0.22728957939233846,
            0.18632713939233847,
            0.25561554000000003,
            0.23562187,
            0.25150608,
            0.24381362,
            0.19585414,
            0.16962288999999997,
            0.21567493999999998,
            0.24475995,
            0.16824034999999998,
            0.16853941,
            0.12926439,
            0.11394043,
            0.09616369999999999,
            0.08657548,
            0.10038709,
            0.04882446,
            0.049849229999999994,
            0,
            0.031738619999999995,
            0.06657316,
            0.06108707000000001
        ],
        [
            0.4823734802689797,
            0.4916830393923385,
            0.21643125939233848,
            0.22833890939233847,
            0.24097349939233847,
            0.20001105939233849,
            0.26929946000000005,
            0.24930579,
            0.26519000000000004,
            0.25749754,
            0.20953806,
            0.18330681,
            0.22935886,
            0.25844387,
            0.18192427,
            0.18222333,
            0.14294831,
            0.12762435,
            0.10984761999999999,
            0.1002594,
            0.11407101,
            0.06250838,
            0.06353315,
            0.031738619999999995,
            0,
            0.05619184,
            0.05070575
        ],
        [
            0.5172080202689797,
            0.5265175793923386,
            0.2512657993923385,
            0.2631734493923385,
            0.2758080393923385,
            0.2348455993923385,
            0.304134,
            0.28414033000000005,
            0.30002454,
            0.29233208,
            0.24437260000000002,
            0.21814135,
            0.2641934,
            0.29327841000000004,
            0.21675881000000002,
            0.21705787,
            0.17778285,
            0.16245889000000002,
            0.14468216,
            0.13509394000000002,
            0.14890555,
            0.09734292,
            0.09836769000000001,
            0.06657316,
            0.05619184,
            0,
            0.00548611
        ],
        [
            0.5117219302689797,
            0.5210314893923386,
            0.2457797093923385,
            0.2576873593923385,
            0.2703219493923385,
            0.22935950939233848,
            0.29864791,
            0.27865424,
            0.29453845,
            0.28684599,
            0.23888651,
            0.21265526,
            0.25870731,
            0.28779232000000005,
            0.21127272000000002,
            0.21157178,
            0.17229676,
            0.15697280000000002,
            0.13919607,
            0.12960785000000002,
            0.14341946,
            0.09185683,
            0.09288160000000001,
            0.06108707000000001,
            0.05070575,
            0.00548611,
            0
        ]
    ],
    "NODE_MAPPING": {
        "0": "26",
        "1": "27",
        "2": "22",
        "3": "23",
        "4": "24",
        "5": "25",
        "6": "1",
        "7": "2",
        "8": "3",
        "9": "16",
        "10": "15",
        "11": "17",
        "12": "18",
        "13": "19",
        "14": "20",
        "15": "21",
        "16": "12",
        "17": "10",
        "18": "11",
        "19": "13",
        "20": "14",
        "21": "5",
        "22": "6",
        "23": "4",
        "24": "9",
        "25": "7",
        "26": "8"
    }
}