{
    "NEXUS_FILE_URL": "http://purl.org/phylo/treebase/phylows/study/TB2:S11359",
    "NEWICK_TREE": "(((36:1371.0,(35:1253.0,40:1349.0):794.0):840.0,(43:1742.0,(39:1397.0,(42:1553.0,(41:1277.0,(37:1361.0,(34:1002.0,38:1096.0):1021.0):807.0):846.0):630.0):667.0):900.0):1306.5,((33:2104.0,(20:2140.0,((11:1681.0,(12:1520.0,(6:475.0,13:482.0):1161.0):1195.0):745.0,((28:1193.0,31:1119.0):1149.0,((3:1595.0,15:1458.0):721.0,(5:893.0,27:1188.0):783.0):643.0):792.0):984.0):811.0):627.0,((17:1659.0,(26:928.0,(25:39.0,(44:0.0,45:0.0):76.0):909.0):2212.0):832.0,((19:1155.0,24:1202.0):1693.0,(((16:569.0,23:493.0):1163.0,((2:956.0,10:1212.0):1153.0,(4:1006.0,(30:641.0,32:720.0):980.0):1226.0):726.0):571.0,(1:1669.0,((7:779.0,(9:824.0,29:883.0):420.0):1457.0,((21:1376.0,22:1344.0):1150.0,(8:1395.0,(14:1012.0,18:979.0):908.0):713.0):653.0):1027.0):940.0):612.0):826.0):805.0):1306.5);",
    "DISTANCE_MATRIX": [
        [
            0.0,
            3418.0,
            3514.0,
            4853.0,
            5175.0,
            5961.0,
            6531.0,
            7422.0,
            8084.0,
            8178.0,
            7555.0,
            8402.0,
            9672.0,
            10706.0,
            10822.0,
            10829.0,
            10380.0,
            10306.0,
            10997.0,
            10860.0,
            10357.0,
            10652.0,
            8120.0,
            9601.0,
            9621.0,
            9658.0,
            9658.0,
            9303.0,
            9350.0,
            9370.0,
            9294.0,
            10473.0,
            10729.0,
            10596.0,
            11211.0,
            11290.0,
            9676.0,
            11270.0,
            11735.0,
            11794.0,
            12213.0,
            12181.0,
            11795.0,
            12320.0,
            12287.0
        ],
        [
            3418.0,
            0.0,
            2602.0,
            5529.0,
            5851.0,
            6637.0,
            7207.0,
            8098.0,
            8760.0,
            8854.0,
            8231.0,
            9078.0,
            10348.0,
            11382.0,
            11498.0,
            11505.0,
            11056.0,
            10982.0,
            11673.0,
            11536.0,
            11033.0,
            11328.0,
            8796.0,
            10277.0,
            10297.0,
            10334.0,
            10334.0,
            9979.0,
            10026.0,
            10046.0,
            9970.0,
            11149.0,
            11405.0,
            11272.0,
            11887.0,
            11966.0,
            10352.0,
            11946.0,
            12411.0,
            12470.0,
            12889.0,
            12857.0,
            12471.0,
            12996.0,
            12963.0
        ],
        [
            3514.0,
            2602.0,
            0.0,
            5625.0,
            5947.0,
            6733.0,
            7303.0,
            8194.0,
            8856.0,
            8950.0,
            8327.0,
            9174.0,
            10444.0,
            11478.0,
            11594.0,
            11601.0,
            11152.0,
            11078.0,
            11769.0,
            11632.0,
            11129.0,
            11424.0,
            8892.0,
            10373.0,
            10393.0,
            10430.0,
            10430.0,
            10075.0,
            10122.0,
            10142.0,
            10066.0,
            11245.0,
            11501.0,
            11368.0,
            11983.0,
            12062.0,
            10448.0,
            12042.0,
            12507.0,
            12566.0,
            12985.0,
            12953.0,
            12567.0,
            13092.0,
            13059.0
        ],
        [
            4853.0,
            5529.0,
            5625.0,
            0.0,
            3806.0,
            4592.0,
            5162.0,
            6053.0,
            6715.0,
            6809.0,
            7986.0,
            8833.0,
            10103.0,
            11137.0,
            11253.0,
            11260.0,
            10811.0,
            10737.0,
            11428.0,
            11291.0,
            10788.0,
            11083.0,
            8551.0,
            10032.0,
            10052.0,
            10089.0,
            10089.0,
            9734.0,
            9781.0,
            9801.0,
            9725.0,
            10904.0,
            11160.0,
            11027.0,
            11642.0,
            11721.0,
            10107.0,
            11701.0,
            12166.0,
            12225.0,
            12644.0,
            12612.0,
            12226.0,
            12751.0,
            12718.0
        ],
        [
            5175.0,
            5851.0,
            5947.0,
            3806.0,
            0.0,
            3580.0,
            4150.0,
            5041.0,
            5703.0,
            5797.0,
            8308.0,
            9155.0,
            10425.0,
            11459.0,
            11575.0,
            11582.0,
            11133.0,
            11059.0,
            11750.0,
            11613.0,
            11110.0,
            11405.0,
            8873.0,
            10354.0,
            10374.0,
            10411.0,
            10411.0,
            10056.0,
            10103.0,
            10123.0,
            10047.0,
            11226.0,
            11482.0,
            11349.0,
            11964.0,
            12043.0,
            10429.0,
            12023.0,
            12488.0,
            12547.0,
            12966.0,
            12934.0,
            12548.0,
            13073.0,
            13040.0
        ],
        [
            5961.0,
            6637.0,
            6733.0,
            4592.0,
            3580.0,
            0.0,
            3676.0,
            4567.0,
            5229.0,
            5323.0,
            9094.0,
            9941.0,
            11211.0,
            12245.0,
            12361.0,
            12368.0,
            11919.0,
            11845.0,
            12536.0,
            12399.0,
            11896.0,
            12191.0,
            9659.0,
            11140.0,
            11160.0,
            11197.0,
            11197.0,
            10842.0,
            10889.0,
            10909.0,
            10833.0,
            12012.0,
            12268.0,
            12135.0,
            12750.0,
            12829.0,
            11215.0,
            12809.0,
            13274.0,
            13333.0,
            13752.0,
            13720.0,
            13334.0,
            13859.0,
            13826.0
        ],
        [
            6531.0,
            7207.0,
            7303.0,
            5162.0,
            4150.0,
            3676.0,
            0.0,
            3445.0,
            4107.0,
            4201.0,
            9664.0,
            10511.0,
            11781.0,
            12815.0,
            12931.0,
            12938.0,
            12489.0,
            12415.0,
            13106.0,
            12969.0,
            12466.0,
            12761.0,
            10229.0,
            11710.0,
            11730.0,
            11767.0,
            11767.0,
            11412.0,
            11459.0,
            11479.0,
            11403.0,
            12582.0,
            12838.0,
            12705.0,
            13320.0,
            13399.0,
            11785.0,
            13379.0,
            13844.0,
            13903.0,
            14322.0,
            14290.0,
            13904.0,
            14429.0,
            14396.0
        ],
        [
            7422.0,
            8098.0,
            8194.0,
            6053.0,
            5041.0,
            4567.0,
            3445.0,
            0.0,
            3384.0,
            3478.0,
            10555.0,
            11402.0,
            12672.0,
            13706.0,
            13822.0,
            13829.0,
            13380.0,
            13306.0,
            13997.0,
            13860.0,
            13357.0,
            13652.0,
            11120.0,
            12601.0,
            12621.0,
            12658.0,
            12658.0,
            12303.0,
            12350.0,
            12370.0,
            12294.0,
            13473.0,
            13729.0,
            13596.0,
            14211.0,
            14290.0,
            12676.0,
            14270.0,
            14735.0,
            14794.0,
            15213.0,
            15181.0,
            14795.0,
            15320.0,
            15287.0
        ],
        [
            8084.0,
            8760.0,
            8856.0,
            6715.0,
            5703.0,
            5229.0,
            4107.0,
            3384.0,
            0.0,
            2098.0,
            11217.0,
            12064.0,
            13334.0,
            14368.0,
            14484.0,
            14491.0,
            14042.0,
            13968.0,
            14659.0,
            14522.0,
            14019.0,
            14314.0,
            11782.0,
            13263.0,
            13283.0,
            13320.0,
            13320.0,
            12965.0,
            13012.0,
            13032.0,
            12956.0,
            14135.0,
            14391.0,
            14258.0,
            14873.0,
            14952.0,
            13338.0,
            14932.0,
            15397.0,
            15456.0,
            15875.0,
            15843.0,
            15457.0,
            15982.0,
            15949.0
        ],
        [
            8178.0,
            8854.0,
            8950.0,
            6809.0,
            5797.0,
            5323.0,
            4201.0,
            3478.0,
            2098.0,
            0.0,
            11311.0,
            12158.0,
            13428.0,
            14462.0,
            14578.0,
            14585.0,
            14136.0,
            14062.0,
            14753.0,
            14616.0,
            14113.0,
            14408.0,
            11876.0,
            13357.0,
            13377.0,
            13414.0,
            13414.0,
            13059.0,
            13106.0,
            13126.0,
            13050.0,
            14229.0,
            14485.0,
            14352.0,
            14967.0,
            15046.0,
            13432.0,
            15026.0,
            15491.0,
            15550.0,
            15969.0,
            15937.0,
            15551.0,
            16076.0,
            16043.0
        ],
        [
            7555.0,
            8231.0,
            8327.0,
            7986.0,
            8308.0,
            9094.0,
            9664.0,
            10555.0,
            11217.0,
            11311.0,
            0.0,
            5055.0,
            6325.0,
            7359.0,
            7475.0,
            7482.0,
            7033.0,
            6959.0,
            7650.0,
            7513.0,
            7010.0,
            7305.0,
            6027.0,
            7508.0,
            7528.0,
            7565.0,
            7565.0,
            7210.0,
            7257.0,
            7277.0,
            7201.0,
            8380.0,
            8636.0,
            8503.0,
            9118.0,
            9197.0,
            7583.0,
            9177.0,
            9642.0,
            9701.0,
            10120.0,
            10088.0,
            9702.0,
            10227.0,
            10194.0
        ],
        [
            8402.0,
            9078.0,
            9174.0,
            8833.0,
            9155.0,
            9941.0,
            10511.0,
            11402.0,
            12064.0,
            12158.0,
            5055.0,
            0.0,
            5550.0,
            6584.0,
            6700.0,
            6707.0,
            6258.0,
            6184.0,
            6875.0,
            6738.0,
            6235.0,
            6530.0,
            6874.0,
            8355.0,
            8375.0,
            8412.0,
            8412.0,
            8057.0,
            8104.0,
            8124.0,
            8048.0,
            9227.0,
            9483.0,
            9350.0,
            9965.0,
            10044.0,
            8430.0,
            10024.0,
            10489.0,
            10548.0,
            10967.0,
            10935.0,
            10549.0,
            11074.0,
            11041.0
        ],
        [
            9672.0,
            10348.0,
            10444.0,
            10103.0,
            10425.0,
            11211.0,
            11781.0,
            12672.0,
            13334.0,
            13428.0,
            6325.0,
            5550.0,
            0.0,
            4396.0,
            4512.0,
            4519.0,
            5560.0,
            5486.0,
            6177.0,
            6040.0,
            5537.0,
            5832.0,
            8144.0,
            9625.0,
            9645.0,
            9682.0,
            9682.0,
            9327.0,
            9374.0,
            9394.0,
            9318.0,
            10497.0,
            10753.0,
            10620.0,
            11235.0,
            11314.0,
            9700.0,
            11294.0,
            11759.0,
            11818.0,
            12237.0,
            12205.0,
            11819.0,
            12344.0,
            12311.0
        ],
        [
            10706.0,
            11382.0,
            11478.0,
            11137.0,
            11459.0,
            12245.0,
            12815.0,
            13706.0,
            14368.0,
            14462.0,
            7359.0,
            6584.0,
            4396.0,
            0.0,
            3156.0,
            3163.0,
            6594.0,
            6520.0,
            7211.0,
            7074.0,
            6571.0,
            6866.0,
            9178.0,
            10659.0,
            10679.0,
            10716.0,
            10716.0,
            10361.0,
            10408.0,
            10428.0,
            10352.0,
            11531.0,
            11787.0,
            11654.0,
            12269.0,
            12348.0,
            10734.0,
            12328.0,
            12793.0,
            12852.0,
            13271.0,
            13239.0,
            12853.0,
            13378.0,
            13345.0
        ],
        [
            10822.0,
            11498.0,
            11594.0,
            11253.0,
            11575.0,
            12361.0,
            12931.0,
            13822.0,
            14484.0,
            14578.0,
            7475.0,
            6700.0,
            4512.0,
            3156.0,
            0.0,
            957.0,
            6710.0,
            6636.0,
            7327.0,
            7190.0,
            6687.0,
            6982.0,
            9294.0,
            10775.0,
            10795.0,
            10832.0,
            10832.0,
            10477.0,
            10524.0,
            10544.0,
            10468.0,
            11647.0,
            11903.0,
            11770.0,
            12385.0,
            12464.0,
            10850.0,
            12444.0,
            12909.0,
            12968.0,
            13387.0,
            13355.0,
            12969.0,
            13494.0,
            13461.0
        ],
        [
            10829.0,
            11505.0,
            11601.0,
            11260.0,
            11582.0,
            12368.0,
            12938.0,
            13829.0,
            14491.0,
            14585.0,
            7482.0,
            6707.0,
            4519.0,
            3163.0,
            957.0,
            0.0,
            6717.0,
            6643.0,
            7334.0,
            7197.0,
            6694.0,
            6989.0,
            9301.0,
            10782.0,
            10802.0,
            10839.0,
            10839.0,
            10484.0,
            10531.0,
            10551.0,
            10475.0,
            11654.0,
            11910.0,
            11777.0,
            12392.0,
            12471.0,
            10857.0,
            12451.0,
            12916.0,
            12975.0,
            13394.0,
            13362.0,
            12976.0,
            13501.0,
            13468.0
        ],
        [
            10380.0,
            11056.0,
            11152.0,
            10811.0,
            11133.0,
            11919.0,
            12489.0,
            13380.0,
            14042.0,
            14136.0,
            7033.0,
            6258.0,
            5560.0,
            6594.0,
            6710.0,
            6717.0,
            0.0,
            2312.0,
            5301.0,
            5164.0,
            4661.0,
            4956.0,
            8852.0,
            10333.0,
            10353.0,
            10390.0,
            10390.0,
            10035.0,
            10082.0,
            10102.0,
            10026.0,
            11205.0,
            11461.0,
            11328.0,
            11943.0,
            12022.0,
            10408.0,
            12002.0,
            12467.0,
            12526.0,
            12945.0,
            12913.0,
            12527.0,
            13052.0,
            13019.0
        ],
        [
            10306.0,
            10982.0,
            11078.0,
            10737.0,
            11059.0,
            11845.0,
            12415.0,
            13306.0,
            13968.0,
            14062.0,
            6959.0,
            6184.0,
            5486.0,
            6520.0,
            6636.0,
            6643.0,
            2312.0,
            0.0,
            5227.0,
            5090.0,
            4587.0,
            4882.0,
            8778.0,
            10259.0,
            10279.0,
            10316.0,
            10316.0,
            9961.0,
            10008.0,
            10028.0,
            9952.0,
            11131.0,
            11387.0,
            11254.0,
            11869.0,
            11948.0,
            10334.0,
            11928.0,
            12393.0,
            12452.0,
            12871.0,
            12839.0,
            12453.0,
            12978.0,
            12945.0
        ],
        [
            10997.0,
            11673.0,
            11769.0,
            11428.0,
            11750.0,
            12536.0,
            13106.0,
            13997.0,
            14659.0,
            14753.0,
            7650.0,
            6875.0,
            6177.0,
            7211.0,
            7327.0,
            7334.0,
            5301.0,
            5227.0,
            0.0,
            3053.0,
            3992.0,
            4287.0,
            9469.0,
            10950.0,
            10970.0,
            11007.0,
            11007.0,
            10652.0,
            10699.0,
            10719.0,
            10643.0,
            11822.0,
            12078.0,
            11945.0,
            12560.0,
            12639.0,
            11025.0,
            12619.0,
            13084.0,
            13143.0,
            13562.0,
            13530.0,
            13144.0,
            13669.0,
            13636.0
        ],
        [
            10860.0,
            11536.0,
            11632.0,
            11291.0,
            11613.0,
            12399.0,
            12969.0,
            13860.0,
            14522.0,
            14616.0,
            7513.0,
            6738.0,
            6040.0,
            7074.0,
            7190.0,
            7197.0,
            5164.0,
            5090.0,
            3053.0,
            0.0,
            3855.0,
            4150.0,
            9332.0,
            10813.0,
            10833.0,
            10870.0,
            10870.0,
            10515.0,
            10562.0,
            10582.0,
            10506.0,
            11685.0,
            11941.0,
            11808.0,
            12423.0,
            12502.0,
            10888.0,
            12482.0,
            12947.0,
            13006.0,
            13425.0,
            13393.0,
            13007.0,
            13532.0,
            13499.0
        ],
        [
            10357.0,
            11033.0,
            11129.0,
            10788.0,
            11110.0,
            11896.0,
            12466.0,
            13357.0,
            14019.0,
            14113.0,
            7010.0,
            6235.0,
            5537.0,
            6571.0,
            6687.0,
            6694.0,
            4661.0,
            4587.0,
            3992.0,
            3855.0,
            0.0,
            2081.0,
            8829.0,
            10310.0,
            10330.0,
            10367.0,
            10367.0,
            10012.0,
            10059.0,
            10079.0,
            10003.0,
            11182.0,
            11438.0,
            11305.0,
            11920.0,
            11999.0,
            10385.0,
            11979.0,
            12444.0,
            12503.0,
            12922.0,
            12890.0,
            12504.0,
            13029.0,
            12996.0
        ],
        [
            10652.0,
            11328.0,
            11424.0,
            11083.0,
            11405.0,
            12191.0,
            12761.0,
            13652.0,
            14314.0,
            14408.0,
            7305.0,
            6530.0,
            5832.0,
            6866.0,
            6982.0,
            6989.0,
            4956.0,
            4882.0,
            4287.0,
            4150.0,
            2081.0,
            0.0,
            9124.0,
            10605.0,
            10625.0,
            10662.0,
            10662.0,
            10307.0,
            10354.0,
            10374.0,
            10298.0,
            11477.0,
            11733.0,
            11600.0,
            12215.0,
            12294.0,
            10680.0,
            12274.0,
            12739.0,
            12798.0,
            13217.0,
            13185.0,
            12799.0,
            13324.0,
            13291.0
        ],
        [
            8120.0,
            8796.0,
            8892.0,
            8551.0,
            8873.0,
            9659.0,
            10229.0,
            11120.0,
            11782.0,
            11876.0,
            6027.0,
            6874.0,
            8144.0,
            9178.0,
            9294.0,
            9301.0,
            8852.0,
            8778.0,
            9469.0,
            9332.0,
            8829.0,
            9124.0,
            0.0,
            4799.0,
            4819.0,
            4856.0,
            4856.0,
            6165.0,
            6212.0,
            6232.0,
            6156.0,
            7335.0,
            7591.0,
            7458.0,
            8073.0,
            8152.0,
            6538.0,
            8132.0,
            8597.0,
            8656.0,
            9075.0,
            9043.0,
            8657.0,
            9182.0,
            9149.0
        ],
        [
            9601.0,
            10277.0,
            10373.0,
            10032.0,
            10354.0,
            11140.0,
            11710.0,
            12601.0,
            13263.0,
            13357.0,
            7508.0,
            8355.0,
            9625.0,
            10659.0,
            10775.0,
            10782.0,
            10333.0,
            10259.0,
            10950.0,
            10813.0,
            10310.0,
            10605.0,
            4799.0,
            0.0,
            1876.0,
            1913.0,
            1913.0,
            7646.0,
            7693.0,
            7713.0,
            7637.0,
            8816.0,
            9072.0,
            8939.0,
            9554.0,
            9633.0,
            8019.0,
            9613.0,
            10078.0,
            10137.0,
            10556.0,
            10524.0,
            10138.0,
            10663.0,
            10630.0
        ],
        [
            9621.0,
            10297.0,
            10393.0,
            10052.0,
            10374.0,
            11160.0,
            11730.0,
            12621.0,
            13283.0,
            13377.0,
            7528.0,
            8375.0,
            9645.0,
            10679.0,
            10795.0,
            10802.0,
            10353.0,
            10279.0,
            10970.0,
            10833.0,
            10330.0,
            10625.0,
            4819.0,
            1876.0,
            0.0,
            115.0,
            115.0,
            7666.0,
            7713.0,
            7733.0,
            7657.0,
            8836.0,
            9092.0,
            8959.0,
            9574.0,
            9653.0,
            8039.0,
            9633.0,
            10098.0,
            10157.0,
            10576.0,
            10544.0,
            10158.0,
            10683.0,
            10650.0
        ],
        [
            9658.0,
            10334.0,
            10430.0,
            10089.0,
            10411.0,
            11197.0,
            11767.0,
            12658.0,
            13320.0,
            13414.0,
            7565.0,
            8412.0,
            9682.0,
            10716.0,
            10832.0,
            10839.0,
            10390.0,
            10316.0,
            11007.0,
            10870.0,
            10367.0,
            10662.0,
            4856.0,
            1913.0,
            115.0,
            0.0,
            0.0,
            7703.0,
            7750.0,
            7770.0,
            7694.0,
            8873.0,
            9129.0,
            8996.0,
            9611.0,
            9690.0,
            8076.0,
            9670.0,
            10135.0,
            10194.0,
            10613.0,
            10581.0,
            10195.0,
            10720.0,
            10687.0
        ],
        [
            9658.0,
            10334.0,
            10430.0,
            10089.0,
            10411.0,
            11197.0,
            11767.0,
            12658.0,
            13320.0,
            13414.0,
            7565.0,
            8412.0,
            9682.0,
            10716.0,
            10832.0,
            10839.0,
            10390.0,
            10316.0,
            11007.0,
            10870.0,
            10367.0,
            10662.0,
            4856.0,
            1913.0,
            115.0,
            0.0,
            0.0,
            7703.0,
            7750.0,
            7770.0,
            7694.0,
            8873.0,
            9129.0,
            8996.0,
            9611.0,
            9690.0,
            8076.0,
            9670.0,
            10135.0,
            10194.0,
            10613.0,
            10581.0,
            10195.0,
            10720.0,
            10687.0
        ],
        [
            9303.0,
            9979.0,
            10075.0,
            9734.0,
            10056.0,
            10842.0,
            11412.0,
            12303.0,
            12965.0,
            13059.0,
            7210.0,
            8057.0,
            9327.0,
            10361.0,
            10477.0,
            10484.0,
            10035.0,
            9961.0,
            10652.0,
            10515.0,
            10012.0,
            10307.0,
            6165.0,
            7646.0,
            7666.0,
            7703.0,
            7703.0,
            0.0,
            2357.0,
            5763.0,
            5687.0,
            6866.0,
            7122.0,
            6989.0,
            7604.0,
            7683.0,
            6069.0,
            7663.0,
            8128.0,
            8187.0,
            8606.0,
            8574.0,
            8188.0,
            8713.0,
            8680.0
        ],
        [
            9350.0,
            10026.0,
            10122.0,
            9781.0,
            10103.0,
            10889.0,
            11459.0,
            12350.0,
            13012.0,
            13106.0,
            7257.0,
            8104.0,
            9374.0,
            10408.0,
            10524.0,
            10531.0,
            10082.0,
            10008.0,
            10699.0,
            10562.0,
            10059.0,
            10354.0,
            6212.0,
            7693.0,
            7713.0,
            7750.0,
            7750.0,
            2357.0,
            0.0,
            5810.0,
            5734.0,
            6913.0,
            7169.0,
            7036.0,
            7651.0,
            7730.0,
            6116.0,
            7710.0,
            8175.0,
            8234.0,
            8653.0,
            8621.0,
            8235.0,
            8760.0,
            8727.0
        ],
        [
            9370.0,
            10046.0,
            10142.0,
            9801.0,
            10123.0,
            10909.0,
            11479.0,
            12370.0,
            13032.0,
            13126.0,
            7277.0,
            8124.0,
            9394.0,
            10428.0,
            10544.0,
            10551.0,
            10102.0,
            10028.0,
            10719.0,
            10582.0,
            10079.0,
            10374.0,
            6232.0,
            7713.0,
            7733.0,
            7770.0,
            7770.0,
            5763.0,
            5810.0,
            0.0,
            1062.0,
            4567.0,
            4823.0,
            4690.0,
            5305.0,
            5384.0,
            4912.0,
            6506.0,
            6971.0,
            7030.0,
            7449.0,
            7417.0,
            7031.0,
            7556.0,
            7523.0
        ],
        [
            9294.0,
            9970.0,
            10066.0,
            9725.0,
            10047.0,
            10833.0,
            11403.0,
            12294.0,
            12956.0,
            13050.0,
            7201.0,
            8048.0,
            9318.0,
            10352.0,
            10468.0,
            10475.0,
            10026.0,
            9952.0,
            10643.0,
            10506.0,
            10003.0,
            10298.0,
            6156.0,
            7637.0,
            7657.0,
            7694.0,
            7694.0,
            5687.0,
            5734.0,
            1062.0,
            0.0,
            4491.0,
            4747.0,
            4614.0,
            5229.0,
            5308.0,
            4836.0,
            6430.0,
            6895.0,
            6954.0,
            7373.0,
            7341.0,
            6955.0,
            7480.0,
            7447.0
        ],
        [
            10473.0,
            11149.0,
            11245.0,
            10904.0,
            11226.0,
            12012.0,
            12582.0,
            13473.0,
            14135.0,
            14229.0,
            8380.0,
            9227.0,
            10497.0,
            11531.0,
            11647.0,
            11654.0,
            11205.0,
            11131.0,
            11822.0,
            11685.0,
            11182.0,
            11477.0,
            7335.0,
            8816.0,
            8836.0,
            8873.0,
            8873.0,
            6866.0,
            6913.0,
            4567.0,
            4491.0,
            0.0,
            2168.0,
            4341.0,
            4956.0,
            5035.0,
            6015.0,
            7609.0,
            8074.0,
            8133.0,
            8552.0,
            8520.0,
            8134.0,
            8659.0,
            8626.0
        ],
        [
            10729.0,
            11405.0,
            11501.0,
            11160.0,
            11482.0,
            12268.0,
            12838.0,
            13729.0,
            14391.0,
            14485.0,
            8636.0,
            9483.0,
            10753.0,
            11787.0,
            11903.0,
            11910.0,
            11461.0,
            11387.0,
            12078.0,
            11941.0,
            11438.0,
            11733.0,
            7591.0,
            9072.0,
            9092.0,
            9129.0,
            9129.0,
            7122.0,
            7169.0,
            4823.0,
            4747.0,
            2168.0,
            0.0,
            4597.0,
            5212.0,
            5291.0,
            6271.0,
            7865.0,
            8330.0,
            8389.0,
            8808.0,
            8776.0,
            8390.0,
            8915.0,
            8882.0
        ],
        [
            10596.0,
            11272.0,
            11368.0,
            11027.0,
            11349.0,
            12135.0,
            12705.0,
            13596.0,
            14258.0,
            14352.0,
            8503.0,
            9350.0,
            10620.0,
            11654.0,
            11770.0,
            11777.0,
            11328.0,
            11254.0,
            11945.0,
            11808.0,
            11305.0,
            11600.0,
            7458.0,
            8939.0,
            8959.0,
            8996.0,
            8996.0,
            6989.0,
            7036.0,
            4690.0,
            4614.0,
            4341.0,
            4597.0,
            0.0,
            2627.0,
            2706.0,
            6138.0,
            7732.0,
            8197.0,
            8256.0,
            8675.0,
            8643.0,
            8257.0,
            8782.0,
            8749.0
        ],
        [
            11211.0,
            11887.0,
            11983.0,
            11642.0,
            11964.0,
            12750.0,
            13320.0,
            14211.0,
            14873.0,
            14967.0,
            9118.0,
            9965.0,
            11235.0,
            12269.0,
            12385.0,
            12392.0,
            11943.0,
            11869.0,
            12560.0,
            12423.0,
            11920.0,
            12215.0,
            8073.0,
            9554.0,
            9574.0,
            9611.0,
            9611.0,
            7604.0,
            7651.0,
            5305.0,
            5229.0,
            4956.0,
            5212.0,
            2627.0,
            0.0,
            1361.0,
            6753.0,
            8347.0,
            8812.0,
            8871.0,
            9290.0,
            9258.0,
            8872.0,
            9397.0,
            9364.0
        ],
        [
            11290.0,
            11966.0,
            12062.0,
            11721.0,
            12043.0,
            12829.0,
            13399.0,
            14290.0,
            14952.0,
            15046.0,
            9197.0,
            10044.0,
            11314.0,
            12348.0,
            12464.0,
            12471.0,
            12022.0,
            11948.0,
            12639.0,
            12502.0,
            11999.0,
            12294.0,
            8152.0,
            9633.0,
            9653.0,
            9690.0,
            9690.0,
            7683.0,
            7730.0,
            5384.0,
            5308.0,
            5035.0,
            5291.0,
            2706.0,
            1361.0,
            0.0,
            6832.0,
            8426.0,
            8891.0,
            8950.0,
            9369.0,
            9337.0,
            8951.0,
            9476.0,
            9443.0
        ],
        [
            9676.0,
            10352.0,
            10448.0,
            10107.0,
            10429.0,
            11215.0,
            11785.0,
            12676.0,
            13338.0,
            13432.0,
            7583.0,
            8430.0,
            9700.0,
            10734.0,
            10850.0,
            10857.0,
            10408.0,
            10334.0,
            11025.0,
            10888.0,
            10385.0,
            10680.0,
            6538.0,
            8019.0,
            8039.0,
            8076.0,
            8076.0,
            6069.0,
            6116.0,
            4912.0,
            4836.0,
            6015.0,
            6271.0,
            6138.0,
            6753.0,
            6832.0,
            0.0,
            4932.0,
            5397.0,
            5456.0,
            5875.0,
            5843.0,
            5457.0,
            5982.0,
            5949.0
        ],
        [
            11270.0,
            11946.0,
            12042.0,
            11701.0,
            12023.0,
            12809.0,
            13379.0,
            14270.0,
            14932.0,
            15026.0,
            9177.0,
            10024.0,
            11294.0,
            12328.0,
            12444.0,
            12451.0,
            12002.0,
            11928.0,
            12619.0,
            12482.0,
            11979.0,
            12274.0,
            8132.0,
            9613.0,
            9633.0,
            9670.0,
            9670.0,
            7663.0,
            7710.0,
            6506.0,
            6430.0,
            7609.0,
            7865.0,
            7732.0,
            8347.0,
            8426.0,
            4932.0,
            0.0,
            2023.0,
            2082.0,
            5415.0,
            5383.0,
            4997.0,
            5522.0,
            5489.0
        ],
        [
            11735.0,
            12411.0,
            12507.0,
            12166.0,
            12488.0,
            13274.0,
            13844.0,
            14735.0,
            15397.0,
            15491.0,
            9642.0,
            10489.0,
            11759.0,
            12793.0,
            12909.0,
            12916.0,
            12467.0,
            12393.0,
            13084.0,
            12947.0,
            12444.0,
            12739.0,
            8597.0,
            10078.0,
            10098.0,
            10135.0,
            10135.0,
            8128.0,
            8175.0,
            6971.0,
            6895.0,
            8074.0,
            8330.0,
            8197.0,
            8812.0,
            8891.0,
            5397.0,
            2023.0,
            0.0,
            1707.0,
            5880.0,
            5848.0,
            5462.0,
            5987.0,
            5954.0
        ],
        [
            11794.0,
            12470.0,
            12566.0,
            12225.0,
            12547.0,
            13333.0,
            13903.0,
            14794.0,
            15456.0,
            15550.0,
            9701.0,
            10548.0,
            11818.0,
            12852.0,
            12968.0,
            12975.0,
            12526.0,
            12452.0,
            13143.0,
            13006.0,
            12503.0,
            12798.0,
            8656.0,
            10137.0,
            10157.0,
            10194.0,
            10194.0,
            8187.0,
            8234.0,
            7030.0,
            6954.0,
            8133.0,
            8389.0,
            8256.0,
            8871.0,
            8950.0,
            5456.0,
            2082.0,
            1707.0,
            0.0,
            5939.0,
            5907.0,
            5521.0,
            6046.0,
            6013.0
        ],
        [
            12213.0,
            12889.0,
            12985.0,
            12644.0,
            12966.0,
            13752.0,
            14322.0,
            15213.0,
            15875.0,
            15969.0,
            10120.0,
            10967.0,
            12237.0,
            13271.0,
            13387.0,
            13394.0,
            12945.0,
            12871.0,
            13562.0,
            13425.0,
            12922.0,
            13217.0,
            9075.0,
            10556.0,
            10576.0,
            10613.0,
            10613.0,
            8606.0,
            8653.0,
            7449.0,
            7373.0,
            8552.0,
            8808.0,
            8675.0,
            9290.0,
            9369.0,
            5875.0,
            5415.0,
            5880.0,
            5939.0,
            0.0,
            2720.0,
            4634.0,
            5159.0,
            5126.0
        ],
        [
            12181.0,
            12857.0,
            12953.0,
            12612.0,
            12934.0,
            13720.0,
            14290.0,
            15181.0,
            15843.0,
            15937.0,
            10088.0,
            10935.0,
            12205.0,
            13239.0,
            13355.0,
            13362.0,
            12913.0,
            12839.0,
            13530.0,
            13393.0,
            12890.0,
            13185.0,
