[
    {
        "NEXUS_FILE_URL": "http://purl.org/phylo/treebase/phylows/study/TB2:S14038"
    },
    {
        "NEXUS_FILE_URL": "http://purl.org/phylo/treebase/phylows/study/TB2:S14038",
        "NEWICK_TREE": "(1:0.068976,2:0.010353,3:0.015725,4:0.01156,(5:0.005334,6:0.009756):0.039061,(7:0.020907,8:0.07889):0.030269,(((9:0.002819,10:0.00284,11:0.002851,12:0.002798,13:0.002786,14:0.002847,15:0.002817):0.014827,16:0.002863,17:0.002826,18:0.00284,19:0.002842):0.007704,20:0.004122):0.007836,(((21:0.00286,22:0.002949):0.008107,23:0.007148):0.018928,(24:0.002833,25:0.002856):0.013828):0.011297,(26:0.00446,27:0.011925):0.00866);",
        "DISTANCE_MATRIX": [
            [
                0,
                0.079329,
                0.084701,
                0.080536,
                0.113371,
                0.117793,
                0.120152,
                0.178135,
                0.10216199999999999,
                0.102183,
                0.102194,
                0.102141,
                0.102129,
                0.10218999999999999,
                0.10216,
                0.087379,
                0.087342,
                0.08735599999999999,
                0.08735799999999999,
                0.08093399999999999,
                0.11016799999999999,
                0.110257,
                0.106349,
                0.09693399999999999,
                0.09695699999999999,
                0.082096,
                0.089561
            ],
            [
                0.079329,
                0,
                0.026077999999999997,
                0.021913000000000002,
                0.054748,
                0.05917,
                0.061529,
                0.11951200000000001,
                0.043538999999999994,
                0.04356,
                0.043571,
                0.043518,
                0.043506,
                0.043566999999999995,
                0.043537,
                0.028755999999999997,
                0.028719,
                0.028733,
                0.028734999999999997,
                0.022310999999999998,
                0.051545,
                0.051634,
                0.047726000000000005,
                0.038311,
                0.038334,
                0.023473,
                0.030938
            ],
            [
                0.084701,
                0.026077999999999997,
                0,
                0.027285,
                0.06011999999999999,
                0.064542,
                0.066901,
                0.12488400000000001,
                0.048910999999999996,
                0.048932,
                0.048943,
                0.04889,
                0.048878000000000005,
                0.048938999999999996,
                0.048908999999999994,
                0.034128,
                0.034090999999999996,
                0.034104999999999996,
                0.034107,
                0.027683,
                0.056916999999999995,
                0.057006,
                0.053098000000000006,
                0.043683,
                0.043705999999999995,
                0.028845,
                0.036309999999999995
            ],
            [
                0.080536,
                0.021913000000000002,
                0.027285,
                0,
                0.055955,
                0.060377,
                0.062736,
                0.120719,
                0.044745999999999994,
                0.044767,
                0.044778,
                0.044725,
                0.044713,
                0.044773999999999994,
                0.044744,
                0.029963,
                0.029926,
                0.02994,
                0.029942,
                0.023518,
                0.052752,
                0.052841,
                0.048933000000000004,
                0.039518,
                0.039541,
                0.02468,
                0.032145
            ],
            [
                0.113371,
                0.054748,
                0.06011999999999999,
                0.055955,
                0,
                0.015090000000000001,
                0.09557099999999999,
                0.153554,
                0.07758099999999998,
                0.077602,
                0.07761299999999999,
                0.07755999999999999,
                0.077548,
                0.07760899999999998,
                0.077579,
                0.06279799999999999,
                0.062761,
                0.062775,
                0.062777,
                0.056353,
                0.085587,
                0.085676,
                0.08176800000000001,
                0.072353,
                0.072376,
                0.057515,
                0.06498
            ],
            [
                0.117793,
                0.05917,
                0.064542,
                0.060377,
                0.015090000000000001,
                0,
                0.099993,
                0.157976,
                0.08200299999999999,
                0.082024,
                0.082035,
                0.081982,
                0.08197,
                0.08203099999999999,
                0.08200099999999999,
                0.06722,
                0.06718299999999999,
                0.067197,
                0.067199,
                0.060774999999999996,
                0.090009,
                0.090098,
                0.08619,
                0.076775,
                0.076798,
                0.061937,
                0.06940199999999999
            ],
            [
                0.120152,
                0.061529,
                0.066901,
                0.062736,
                0.09557099999999999,
                0.099993,
                0,
                0.099797,
                0.08436199999999999,
                0.084383,
                0.084394,
                0.084341,
                0.084329,
                0.08438999999999999,
                0.08435999999999999,
                0.069579,
                0.06954199999999999,
                0.069556,
                0.069558,
                0.063134,
                0.092368,
                0.092457,
                0.088549,
                0.079134,
                0.079157,
                0.06429599999999999,
                0.07176099999999999
            ],
            [
                0.178135,
                0.11951200000000001,
                0.12488400000000001,
                0.120719,
                0.153554,
                0.157976,
                0.099797,
                0,
                0.142345,
                0.142366,
                0.142377,
                0.142324,
                0.142312,
                0.142373,
                0.142343,
                0.127562,
                0.127525,
                0.127539,
                0.12754100000000002,
                0.121117,
                0.150351,
                0.15044000000000002,
                0.146532,
                0.137117,
                0.13714,
                0.122279,
                0.129744
            ],
            [
                0.10216199999999999,
                0.043538999999999994,
                0.048910999999999996,
                0.044745999999999994,
                0.07758099999999998,
                0.08200299999999999,
                0.08436199999999999,
                0.142345,
                0,
                0.005659,
                0.00567,
                0.0056170000000000005,
                0.005605,
                0.005666,
                0.005636,
                0.020509,
                0.020471999999999997,
                0.020485999999999997,
                0.020488,
                0.029471999999999998,
                0.074378,
                0.07446699999999999,
                0.070559,
                0.06114399999999999,
                0.06116699999999999,
                0.04630599999999999,
                0.05377099999999999
            ],
            [
                0.102183,
                0.04356,
                0.048932,
                0.044767,
                0.077602,
                0.082024,
                0.084383,
                0.142366,
                0.005659,
                0,
                0.005691,
                0.005638000000000001,
                0.005626,
                0.005687,
                0.005657000000000001,
                0.02053,
                0.020492999999999997,
                0.020506999999999997,
                0.020509,
                0.029493,
                0.07439899999999999,
                0.074488,
                0.07058,
                0.061165,
                0.061188,
                0.046327,
                0.053792
            ],
            [
                0.102194,
                0.043571,
                0.048943,
                0.044778,
                0.07761299999999999,
                0.082035,
                0.084394,
                0.142377,
                0.00567,
                0.005691,
                0,
                0.0056489999999999995,
                0.005637,
                0.005698,
                0.005667999999999999,
                0.020541,
                0.020503999999999998,
                0.020517999999999998,
                0.02052,
                0.029504,
                0.07441,
                0.074499,
                0.070591,
                0.061175999999999994,
                0.061198999999999996,
                0.046338,
                0.053803
            ],
            [
                0.102141,
                0.043518,
                0.04889,
                0.044725,
                0.07755999999999999,
                0.081982,
                0.084341,
                0.142324,
                0.0056170000000000005,
                0.005638000000000001,
                0.0056489999999999995,
                0,
                0.005584,
                0.005645000000000001,
                0.005615,
                0.020488000000000003,
                0.020451,
                0.020465,
                0.020467000000000003,
                0.029451,
                0.074357,
                0.074446,
                0.070538,
                0.061123,
                0.061146,
                0.046285,
                0.05375
            ],
            [
                0.102129,
                0.043506,
                0.048878000000000005,
                0.044713,
                0.077548,
                0.08197,
                0.084329,
                0.142312,
                0.005605,
                0.005626,
                0.005637,
                0.005584,
                0,
                0.005633,
                0.005603,
                0.020476,
                0.020439,
                0.020453,
                0.020455,
                0.029439,
                0.074345,
                0.074434,
                0.070526,
                0.061111,
                0.061134,
                0.046273,
                0.053738
            ],
            [
                0.10218999999999999,
                0.043566999999999995,
                0.048938999999999996,
                0.044773999999999994,
                0.07760899999999998,
                0.08203099999999999,
                0.08438999999999999,
                0.142373,
                0.005666,
                0.005687,
                0.005698,
                0.005645000000000001,
                0.005633,
                0,
                0.005664000000000001,
                0.020537,
                0.020499999999999997,
                0.020513999999999998,
                0.020516,
                0.0295,
                0.074406,
                0.07449499999999999,
                0.070587,
                0.06117199999999999,
                0.06119499999999999,
                0.04633399999999999,
                0.05379899999999999
            ],
            [
                0.10216,
                0.043537,
                0.048908999999999994,
                0.044744,
                0.077579,
                0.08200099999999999,
                0.08435999999999999,
                0.142343,
                0.005636,
                0.005657000000000001,
                0.005667999999999999,
                0.005615,
                0.005603,
                0.005664000000000001,
                0,
                0.020507,
                0.02047,
                0.020484,
                0.020486,
                0.02947,
                0.074376,
                0.074465,
                0.07055700000000001,
                0.061141999999999995,
                0.061165,
                0.046304,
                0.053769
            ],
            [
                0.087379,
                0.028755999999999997,
                0.034128,
                0.029963,
                0.06279799999999999,
                0.06722,
                0.069579,
                0.127562,
                0.020509,
                0.02053,
                0.020541,
                0.020488000000000003,
                0.020476,
                0.020537,
                0.020507,
                0,
                0.005689,
                0.005703,
                0.005705,
                0.014689,
                0.059594999999999995,
                0.059684,
                0.055776000000000006,
                0.046361,
                0.046383999999999995,
                0.031522999999999995,
                0.038987999999999995
            ],
            [
                0.087342,
                0.028719,
                0.034090999999999996,
                0.029926,
                0.062761,
                0.06718299999999999,
                0.06954199999999999,
                0.127525,
                0.020471999999999997,
                0.020492999999999997,
                0.020503999999999998,
                0.020451,
                0.020439,
                0.020499999999999997,
                0.02047,
                0.005689,
                0,
                0.005666,
                0.005667999999999999,
                0.014651999999999998,
                0.059558,
                0.059647,
                0.055739000000000004,
                0.046324,
                0.046347,
                0.031486,
                0.038951
            ],
            [
                0.08735599999999999,
                0.028733,
                0.034104999999999996,
                0.02994,
                0.062775,
                0.067197,
                0.069556,
                0.127539,
                0.020485999999999997,
                0.020506999999999997,
                0.020517999999999998,
                0.020465,
                0.020453,
                0.020513999999999998,
                0.020484,
                0.005703,
                0.005666,
                0,
                0.0056819999999999996,
                0.014665999999999998,
                0.059572,
                0.059661,
                0.055753000000000004,
                0.046338,
                0.046361,
                0.0315,
                0.038965
            ],
            [
                0.08735799999999999,
                0.028734999999999997,
                0.034107,
                0.029942,
                0.062777,
                0.067199,
                0.069558,
                0.12754100000000002,
                0.020488,
                0.020509,
                0.02052,
                0.020467000000000003,
                0.020455,
                0.020516,
                0.020486,
                0.005705,
                0.005667999999999999,
                0.0056819999999999996,
                0,
                0.014668,
                0.059574,
                0.059662999999999994,
                0.055755,
                0.04633999999999999,
                0.046363,
                0.031502,
                0.038967
            ],
            [
                0.08093399999999999,
                0.022310999999999998,
                0.027683,
                0.023518,
                0.056353,
                0.060774999999999996,
                0.063134,
                0.121117,
                0.029471999999999998,
                0.029493,
                0.029504,
                0.029451,
                0.029439,
                0.0295,
                0.02947,
                0.014689,
                0.014651999999999998,
                0.014665999999999998,
                0.014668,
                0,
                0.05315,
                0.053238999999999995,
                0.049331,
                0.03991599999999999,
                0.039939,
                0.025078,
                0.032543
            ],
            [
                0.11016799999999999,
                0.051545,
                0.056916999999999995,
                0.052752,
                0.085587,
                0.090009,
                0.092368,
                0.150351,
                0.074378,
                0.07439899999999999,
                0.07441,
                0.074357,
                0.074345,
                0.074406,
                0.074376,
                0.059594999999999995,
                0.059558,
                0.059572,
                0.059574,
                0.05315,
                0,
                0.005809,
                0.018115,
                0.046556,
                0.046578999999999995,
                0.054312,
                0.061777
            ],
            [
                0.110257,
                0.051634,
                0.057006,
                0.052841,
                0.085676,
                0.090098,
                0.092457,
                0.15044000000000002,
                0.07446699999999999,
                0.074488,
                0.074499,
                0.074446,
                0.074434,
                0.07449499999999999,
                0.074465,
                0.059684,
                0.059647,
                0.059661,
                0.059662999999999994,
                0.053238999999999995,
                0.005809,
                0,
                0.018203999999999998,
                0.046645,
                0.046668,
                0.054401,
                0.061866
            ],
            [
                0.106349,
                0.047726000000000005,
                0.053098000000000006,
                0.048933000000000004,
                0.08176800000000001,
                0.08619,
                0.088549,
                0.146532,
                0.070559,
                0.07058,
                0.070591,
                0.070538,
                0.070526,
                0.070587,
                0.07055700000000001,
                0.055776000000000006,
                0.055739000000000004,
                0.055753000000000004,
                0.055755,
                0.049331,
                0.018115,
                0.018203999999999998,
                0,
                0.042737,
                0.042760000000000006,
                0.050493,
                0.057958
            ],
            [
                0.09693399999999999,
                0.038311,
                0.043683,
                0.039518,
                0.072353,
                0.076775,
                0.079134,
                0.137117,
                0.06114399999999999,
                0.061165,
                0.061175999999999994,
                0.061123,
                0.061111,
                0.06117199999999999,
                0.061141999999999995,
                0.046361,
                0.046324,
                0.046338,
                0.04633999999999999,
                0.03991599999999999,
                0.046556,
                0.046645,
                0.042737,
                0,
                0.005689,
                0.041077999999999996,
                0.048542999999999996
            ],
            [
                0.09695699999999999,
                0.038334,
                0.043705999999999995,
                0.039541,
                0.072376,
                0.076798,
                0.079157,
                0.13714,
                0.06116699999999999,
                0.061188,
                0.061198999999999996,
                0.061146,
                0.061134,
                0.06119499999999999,
                0.061165,
                0.046383999999999995,
                0.046347,
                0.046361,
                0.046363,
                0.039939,
                0.046578999999999995,
                0.046668,
                0.042760000000000006,
                0.005689,
                0,
                0.041101,
                0.048566
            ],
            [
                0.082096,
                0.023473,
                0.028845,
                0.02468,
                0.057515,
                0.061937,
                0.06429599999999999,
                0.122279,
                0.04630599999999999,
                0.046327,
                0.046338,
                0.046285,
                0.046273,
                0.04633399999999999,
                0.046304,
                0.031522999999999995,
                0.031486,
                0.0315,
                0.031502,
                0.025078,
                0.054312,
                0.054401,
                0.050493,
                0.041077999999999996,
                0.041101,
                0,
                0.016385
            ],
            [
                0.089561,
                0.030938,
                0.036309999999999995,
                0.032145,
                0.06498,
                0.06940199999999999,
                0.07176099999999999,
                0.129744,
                0.05377099999999999,
                0.053792,
                0.053803,
                0.05375,
                0.053738,
                0.05379899999999999,
                0.053769,
                0.038987999999999995,
                0.038951,
                0.038965,
                0.038967,
                0.032543,
                0.061777,
                0.061866,
                0.057958,
                0.048542999999999996,
                0.048566,
                0.016385,
                0
            ]
        ],
        "NODE_MAPPING": {
            "0": "1",
            "1": "2",
            "2": "3",
            "3": "4",
            "4": "5",
            "5": "6",
            "6": "7",
            "7": "8",
            "8": "9",
            "9": "10",
            "10": "11",
            "11": "12",
            "12": "13",
            "13": "14",
            "14": "15",
            "15": "16",
            "16": "17",
            "17": "18",
            "18": "19",
            "19": "20",
            "20": "21",
            "21": "22",
            "22": "23",
            "23": "24",
            "24": "25",
            "25": "26",
            "26": "27"
        }
    },
    {
        "NEXUS_FILE_URL": "http://purl.org/phylo/treebase/phylows/study/TB2:S14038",
        "NEWICK_TREE": "(3:0.244431300033003,6:0.1729400018975115,((((((((1:2.177618855041179E-4,2:2.187651350160527E-4,4:2.192883341084206E-4,12:2.195386151853078E-4,18:2.200884715878665E-4,20:2.199876654122037E-4):0.005195587950763907,26:0.01028456181198078):0.01146892818269923,((((13:5.355936292081304E-4,19:2.225859791710177E-4):4.465380872428115E-4,17:2.817844774845667E-4):4.369813538915213E-4,14:2.439342254575972E-4):0.01020794088499192,25:0.01182596864791854):0.004474552046451241):0.0450506460264439,((16:0.03245674026992573,21:0.04689247166365565):0.01307951279023872,22:0.06990330153751406):0.006178341782682572):0.02044056962810278,7:0.04681389660374246):0.0196292723488633,(((8:0.008450389260060741,27:0.0116245442089674):0.01080030860692388,10:0.02164861591738132):0.07252515677565631,(11:0.02802898225909443,23:0.01653442530438075):0.08984922413302938):0.03499040112965989):0.01090402458465457,(15:0.00230508792563484,24:0.001293675002708865):0.0723763409294984):0.01264805472729293,(5:0.03578838469694647,9:0.03867576691953419):0.04705260729931175):0.04966286171679483);",
        "DISTANCE_MATRIX": [
            [
                0,
                0.4173713019305145,
                0.41964900708412256,
                0.41965001033363447,
                0.41965053353272685,
                0.4196507838138038,
                0.41965133367020635,
                0.41965123286403067,
                0.42452021905983534,
                0.41886833506694093,
                0.4185553274169038,
                0.4181679878279746,
                0.41769315622205605,
                0.41906724975952514,
                0.40943067788155846,
                0.4238664092752884,
                0.43379772635890806,
                0.3840894100143511,
                0.44441249683404616,
                0.4475866517829528,
                0.44681041488444284,
                0.47051484858352904,
                0.45902029162881536,
                0.381423645332224,
                0.380412232409298,
                0.376935153746056,
                0.3798225359686438
            ],
            [
                0.4173713019305145,
                0,
                0.3481577089486311,
                0.348158712198143,
                0.34815923539723537,
                0.34815948567831223,
                0.3481600355347148,
                0.3481599347285391,
                0.3530289209243438,
                0.3473770369314494,
                0.34706402928141233,
                0.34667668969248305,
                0.34620185808656456,
                0.3475759516240336,
                0.3379393797460669,
                0.35237511113979686,
                0.3623064282234165,
                0.31259811187885955,
                0.37292119869855467,
                0.3760953536474613,
                0.37531911674895135,
                0.3990235504480375,
                0.3875289934933238,
                0.30993234719673246,
                0.3089209342738065,
                0.30544385561056453,
                0.30833123783315225
            ],
            [
                0.41964900708412256,
                0.3481577089486311,
                0,
                0.0004365270205201706,
                0.0004370502196125385,
                0.00043730050068942574,
                0.0004378503570919844,
                0.00043774955091632165,
                0.015697911648248804,
                0.03298388402075288,
                0.032670876370715765,
                0.032283536781786505,
                0.031808705175868014,
                0.033182798713337035,
                0.11364751888825819,
                0.1280832502819881,
                0.1380145673656078,
                0.1291873902772564,
                0.22876902179467806,
                0.23194317674358472,
                0.23116693984507475,
                0.25487137354416095,
                0.24337681658944726,
                0.18758821946216508,
                0.18657680653923908,
                0.20839583733058298,
                0.2112832195531707
            ],
            [
                0.41965001033363447,
                0.348158712198143,
                0.0004365270205201706,
                0,
                0.0004380534691244733,
                0.0004383037502013605,
                0.00043885360660391923,
                0.0004387528004282564,
                0.015698914897760742,
                0.032984887270264815,
                0.0326718796202277,
                0.032284540031298437,
                0.031809708425379946,
                0.033183801962848966,
                0.11364852213777013,
                0.12808425353150005,
                0.13801557061511974,
                0.12918839352676834,
                0.22877002504419,
                0.23194417999309666,
                0.2311679430945867,
                0.2548723767936729,
                0.2433778198389592,
                0.187589222711677,
                0.18657780978875102,
                0.2083968405800949,
                0.2112842228026826
            ],
            [
                0.41965053353272685,
                0.34815923539723537,
                0.0004370502196125385,
                0.0004380534691244733,
                0,
                0.0004388269492937284,
                0.00043937680569628714,
                0.0004392759995206243,
                0.01569943809685311,
                0.032985410469357185,
                0.03267240281932007,
                0.032285063230390806,
                0.031810231624472315,
                0.033184325161941336,
                0.11364904533686249,
                0.1280847767305924,
                0.1380160938142121,
                0.1291889167258607,
                0.22877054824328236,
                0.23194470319218902,
                0.23116846629367904,
                0.25487289999276524,
                0.24337834303805156,
                0.18758974591076938,
                0.18657833298784338,
                0.20839736377918727,
                0.211284746001775
            ],
            [
                0.4196507838138038,
                0.34815948567831223,
                0.00043730050068942574,
                0.0004383037502013605,
                0.0004388269492937284,
                0,
                0.0004396270867731743,
                0.0004395262805975115,
                0.015699688377929996,
                0.03298566075043407,
                0.03267265310039696,
                0.0322853135114677,
                0.03181048190554921,
                0.03318457544301823,
                0.11364929561793938,
                0.1280850270116693,
                0.13801634409528898,
                0.12918916700693758,
                0.22877079852435928,
                0.23194495347326594,
                0.23116871657475596,
                0.25487315027384216,
                0.24337859331912848,
                0.18758999619184624,
                0.1865785832689203,
                0.20839761406026416,
                0.21128499628285188
            ],
            [
                0.41965133367020635,
                0.3481600355347148,
                0.0004378503570919844,
                0.00043885360660391923,
                0.00043937680569628714,
                0.0004396270867731743,
                0,
                0.0004400761370000702,
                0.01570023823433255,
                0.032986210606836625,
                0.03267320295679951,
                0.03228586336787025,
                0.03181103176195176,
                0.03318512529942078,
                0.11364984547434194,
                0.12808557686807187,
                0.13801689395169153,
                0.12918971686334016,
                0.22877134838076182,
                0.23194550332966848,
                0.2311692664311585,
                0.2548737001302447,
                0.24337914317553103,
                0.18759054604824882,
                0.18657913312532284,
                0.2083981639166667,
                0.21128554613925443
            ],
            [
                0.41965123286403067,
                0.3481599347285391,
                0.00043774955091632165,
                0.0004387528004282564,
                0.0004392759995206243,
                0.0004395262805975115,
                0.0004400761370000702,
                0,
                0.01570013742815689,
                0.03298610980066097,
                0.032673102150623856,
                0.03228576256169459,
                0.0318109309557761,
                0.03318502449324512,
                0.11364974466816627,
                0.1280854760618962,
                0.13801679314551588,
                0.12918961605716447,
                0.22877124757458617,
                0.23194540252349283,
                0.23116916562498285,
                0.25487359932406906,
                0.24337904236935537,
                0.18759044524207313,
                0.1865790323191472,
                0.20839806311049106,
                0.21128544533307878
            ],
            [
                0.42452021905983534,
                0.3530289209243438,
                0.015697911648248804,
                0.015698914897760742,
                0.01569943809685311,
                0.015699688377929996,
                0.01570023823433255,
                0.01570013742815689,
                0,
                0.03785509599646564,
                0.037542088346428526,
                0.03715474875749926,
                0.03667991715158077,
                0.03805401068904979,
                0.11851873086397095,
                0.13295446225770086,
                0.14288577934132057,
                0.13405860225296917,
                0.23364023377039084,
                0.2368143887192975,
                0.23603815182078752,
                0.2597425855198737,
                0.24824802856516004,
                0.19245943143787783,
                0.19144801851495186,
                0.21326704930629573,
                0.21615443152888345
            ],
            [
                0.41886833506694093,
                0.3473770369314494,
                0.03298388402075288,
                0.032984887270264815,
                0.032985410469357185,
                0.03298566075043407,
                0.032986210606836625,
                0.03298610980066097,
                0.03785509599646564,
                0,
                0.000758179608379148,
                0.0012639161939355084,
                0.0016630472958000602,
                0.023453022603252924,
                0.11286684687107656,
                0.12730257826480648,
                0.13723389534842617,
                0.12840671826007477,
                0.22798834977749644,
                0.2311625047264031,
                0.23038626782789312,
                0.2540907015269793,
                0.24259614457226564,
                0.18680754744498343,
                0.18579613452205745,
                0.20761516531340132,
                0.21050254753598904
            ],
            [
                0.4185553274169038,
                0.34706402928141233,
                0.032670876370715765,
                0.0326718796202277,
                0.03267240281932007,
                0.03267265310039696,
                0.03267320295679951,
                0.032673102150623856,
                0.037542088346428526,
                0.000758179608379148,
                0,
                0.0009509085438983958,
                0.0013500396457629476,
                0.023140014953215812,
                0.11255383922103945,
                0.12698957061476937,
                0.13692088769838906,
                0.12809371061003766,
                0.22767534212745932,
                0.23084949707636598,
                0.230073260177856,
                0.2537776938769422,
                0.24228313692222853,
                0.18649453979494632,
                0.18548312687202034,
                0.2073021576633642,
                0.21018953988595193
            ],
            [
                0.4181679878279746,
                0.34667668969248305,
                0.032283536781786505,
                0.032284540031298437,
                0.032285063230390806,
                0.0322853135114677,
                0.03228586336787025,
                0.03228576256169459,
                0.03715474875749926,
                0.0012639161939355084,
                0.0009509085438983958,
                0,
                0.0009627000568336853,
                0.022752675364286545,
                0.11216649963211019,
                0.12660223102584012,
                0.13653354810945978,
                0.1277063710211084,
                0.22728800253853007,
                0.23046215748743673,
                0.22968592058892676,
                0.25339035428801293,
                0.24189579733329927,
                0.18610720020601706,
                0.1850957872830911,
                0.20691481807443496,
                0.20980220029702268
            ],
            [
                0.41769315622205605,
                0.34620185808656456,
                0.031808705175868014,
                0.031809708425379946,
                0.031810231624472315,
                0.03181048190554921,
                0.03181103176195176,
                0.0318109309557761,
                0.03667991715158077,
                0.0016630472958000602,
                0.0013500396457629476,
                0.0009627000568336853,
                0,
                0.022277843758368054,
                0.1116916680261917,
                0.12612739941992163,
                0.1360587165035413,
                0.12723153941518991,
                0.22681317093261158,
                0.22998732588151824,
                0.22921108898300827,
                0.2529155226820945,
                0.24142096572738078,
                0.18563236860009857,
                0.1846209556771726,
                0.20643998646851647,
                0.2093273686911042
            ],
            [
                0.41906724975952514,
                0.3475759516240336,
                0.033182798713337035,
                0.033183801962848966,
                0.033184325161941336,
                0.03318457544301823,
                0.03318512529942078,
                0.03318502449324512,
                0.03805401068904979,
                0.023453022603252924,
                0.023140014953215812,
                0.022752675364286545,
                0.022277843758368054,
                0,
                0.11306576156366072,
                0.12750149295739063,
                0.13743281004101032,
                0.12860563295265892,
                0.2281872644700806,
                0.23136141941898725,
                0.23058518252047727,
                0.2542896162195635,
                0.2427950592648498,
                0.1870064621375676,
                0.1859950492146416,
                0.2078140800059855,
                0.21070146222857322
            ],
            [
                0.40943067788155846,
                0.3379393797460669,
                0.11364751888825819,
                0.11364852213777013,
                0.11364904533686249,
                0.11364929561793938,
                0.11364984547434194,
                0.11364974466816627,
                0.11851873086397095,
                0.11286684687107656,
                0.11255383922103945,
                0.11216649963211019,
                0.1116916680261917,
                0.11306576156366072,
                0,
                0.07934921193358138,
                0.11543955459767852,
                0.11896906107469227,
                0.21855069259211396,
                0.22172484754102062,
                0.22094861064251065,
                0.24465304434159685,
                0.23315848738688316,
                0.17736989025960093,
                0.17635847733667498,
                0.19817750812801882,
                0.20106489035060654
            ],
            [
                0.4238664092752884,
                0.35237511113979686,
                0.1280832502819881,
                0.12808425353150005,
                0.1280847767305924,
                0.1280850270116693,
                0.12808557686807187,
                0.1280854760618962,
