{
    "NEXUS_FILE_URL": "http://purl.org/phylo/treebase/phylows/study/TB2:S15955",
    "NEWICK_TREE": "(30:0.5348663629256719,((31:0.5849438808379941,(3:2.732427446856867,(29:0.10783326385755405,(1:0.01624281633057678,2:0.012942057124450191):0.14215363174651435):0.2724604767569798):0.05329921156211847):0.04533558471674708,((27:0.05622091977108102,(8:0.04028722404669444,20:0.09151482224806116):0.020641259325027396):0.08312172802297205,(((4:0.19777569324182848,6:0.006820210380434528):0.0794230772602438,(28:0.016879000346045756,(5:0.026785442285182065,9:0.025062128174753333):0.05629635957103831):0.02579450162985224):0.11113636583866211,((7:0.02710096737012042,(25:1.97849047284648E-6,(23:1.97849047284648E-6,24:1.97849047284648E-6):1.97849047284648E-6):0.01709427210740179):0.09266977941047853,((26:0.06392615183970618,(10:0.03435568684051459,(11:0.0180712023812981,21:0.013170819872831465):0.056357359690132156):0.011382623777115849):0.01432032877530182,(22:0.043402142746255166,(19:0.04512236551408841,((14:1.97849047284648E-6,18:2.404168488296493E-5):9.186066154969448E-4,((16:1.97849047284648E-6,17:1.97849047284648E-6):1.97849047284648E-6,(13:1.97849047284648E-6,(12:1.97849047284648E-6,15:1.97849047284648E-6):1.97849047284648E-6):1.97849047284648E-6):1.97849047284648E-6):0.030936388768312572):0.015553626149554993):0.01734861802074357):0.021086767563447885):0.03441860153434359):0.010088096369478746):0.06484596207974859):0.5348663629256719);",
    "DISTANCE_MATRIX": [
        [
            0.0,
            1.7000121914060848,
            3.9007949689870762,
            1.5486612627447434,
            1.5992244469642802,
            1.5959236877581535,
            1.2739213357251455,
            1.2786288993257862,
            1.3298564975271532,
            1.5330019206413055,
            1.3420464377799117,
            1.2984766521151312,
            1.364679453625306,
            1.362956139514877,
            1.2988561326155137,
            1.288851415843268,
            1.2888533943337408,
            1.2888533943337408,
            1.2784186340133705,
            1.2602307927912948,
            1.3003036680222104,
            1.295403285513744,
            1.2609229141653615,
            1.2781967630827498,
            1.2649313714429435,
            1.2649534346373537,
            1.2640167218083924,
            1.2640167218083924,
            1.2640167218083924,
            1.2640187002988652,
            1.2640187002988652
        ],
        [
            1.7000121914060848,
            0.0,
            3.3706705392569796,
            1.0185368330146465,
            1.0691000172341836,
            1.0657992580280569,
            0.8344680754285427,
            0.8391756390291836,
            0.8904032372305504,
            1.0935486603447029,
            0.9025931774833089,
            0.8590233918185286,
            0.9252261933287032,
            0.9235028792182745,
            0.859402872318911,
            0.8493981555466652,
            0.849400134037138,
            0.849400134037138,
            0.8389653737167679,
            0.8207775324946922,
            0.8608504077256078,
            0.8559500252171413,
            0.8214696538687587,
            0.838743502786147,
            0.8254781111463408,
            0.825500174340751,
            0.8245634615117896,
            0.8245634615117896,
            0.8245634615117896,
            0.8245654400022624,
            0.8245654400022624
        ],
        [
            3.9007949689870762,
            3.3706705392569796,
            0.0,
            3.1127211874714007,
            3.163284371690938,
            3.1599836124848113,
            3.035250853009534,
            3.039958416610175,
            3.0911860148115418,
            3.2943314379256945,
            3.1033759550643003,
            3.05980616939952,
            3.1260089709096945,
            3.124285656799266,
            3.0601856498999025,
            3.0501809331276566,
            3.0501829116181294,
            3.0501829116181294,
            3.0397481512977595,
            3.021560310075684,
            3.0616331853065994,
            3.0567328027981326,
            3.02225243144975,
            3.0395262803671383,
            3.0262608887273323,
            3.0262829519217425,
            3.025346239092781,
            3.025346239092781,
            3.025346239092781,
            3.025348217583254,
            3.025348217583254
        ],
        [
            1.5486612627447434,
            1.0185368330146465,
            3.1127211874714007,
            0.0,
            0.2662297119346452,
            0.2629289527285186,
            0.683117146767201,
            0.6878247103678419,
            0.7390523085692087,
            0.9421977316833612,
            0.7512422488219672,
            0.7076724631571869,
            0.7738752646673615,
            0.7721519505569328,
            0.7080519436575693,
            0.6980472268853235,
            0.6980492053757963,
            0.6980492053757963,
            0.6876144450554262,
            0.6694266038333505,
            0.7094994790642661,
            0.7045990965557996,
            0.670118725207417,
            0.6873925741248053,
            0.6741271824849991,
            0.6741492456794093,
            0.6732125328504479,
            0.6732125328504479,
            0.6732125328504479,
            0.6732145113409207,
            0.6732145113409207
        ],
        [
            1.5992244469642802,
            1.0691000172341836,
            3.163284371690938,
            0.2662297119346452,
            0.0,
            0.029184873455026974,
            0.7336803309867381,
            0.738387894587379,
            0.7896154927887458,
            0.9927609159028983,
            0.8018054330415043,
            0.758235647376724,
            0.8244384488868985,
            0.8227151347764698,
            0.7586151278771064,
            0.7486104111048606,
            0.7486123895953334,
            0.7486123895953334,
            0.7381776292749633,
            0.7199897880528876,
            0.7600626632838032,
            0.7551622807753366,
            0.7206819094269541,
            0.7379557583443423,
            0.7246903667045362,
            0.7247124298989464,
            0.723775717069985,
            0.723775717069985,
            0.723775717069985,
            0.7237776955604578,
            0.7237776955604578
        ],
        [
            1.5959236877581535,
            1.0657992580280569,
            3.1599836124848113,
            0.2629289527285186,
            0.029184873455026974,
            0.0,
            0.7303795717806116,
            0.7350871353812524,
            0.786314733582619,
            0.9894601566967716,
            0.7985046738353777,
            0.7549348881705973,
            0.821137689680772,
            0.8194143755703432,
            0.7553143686709798,
            0.745309651898734,
            0.7453116303892069,
            0.7453116303892069,
            0.7348768700688367,
            0.716689028846761,
            0.7567619040776766,
            0.7518615215692099,
            0.7173811502208275,
            0.7346549991382156,
            0.7213896074984096,
            0.7214116706928198,
            0.7204749578638584,
            0.7204749578638584,
            0.7204749578638584,
            0.7204769363543313,
            0.7204769363543313
        ],
        [
            1.2739213357251455,
            0.8344680754285427,
            3.035250853009534,
            0.683117146767201,
            0.7336803309867381,
            0.7303795717806116,
            0.0,
            0.11714940314280287,
            0.16837700134416958,
            0.5377658805042662,
            0.34681039764287225,
            0.30324061197809193,
            0.36944341348826654,
            0.3677200993778378,
            0.3036200924784743,
            0.29361537570622853,
            0.29361735419670143,
            0.29361735419670143,
            0.28318259387633127,
            0.26499475265425554,
            0.30506762788517117,
            0.3001672453767046,
            0.26568687402832203,
            0.2829607229457103,
            0.2696953313059042,
            0.2697173945003143,
            0.26878068167135294,
            0.26878068167135294,
            0.26878068167135294,
            0.2687826601618258,
            0.2687826601618258
        ],
        [
            1.2786288993257862,
            0.8391756390291836,
            3.039958416610175,
            0.6878247103678419,
            0.738387894587379,
            0.7350871353812524,
            0.11714940314280287,
            0.0,
            0.13180204629475561,
            0.542473444104907,
            0.3515179612435131,
            0.3079481755787327,
            0.3741509770889073,
            0.3724276629784786,
            0.30832765607911516,
            0.2983229393068694,
            0.2983249177973422,
            0.2983249177973422,
            0.2878901574769721,
            0.2697023162548964,
            0.309775191485812,
            0.30487480897734537,
            0.27039443762896287,
            0.28766828654635107,
            0.274402894906545,
            0.27442495810095513,
            0.2734882452719938,
            0.2734882452719938,
            0.2734882452719938,
            0.27349022376246657,
            0.27349022376246657
        ],
        [
            1.3298564975271532,
            0.8904032372305504,
            3.0911860148115418,
            0.7390523085692087,
            0.7896154927887458,
            0.786314733582619,
            0.16837700134416958,
            0.13180204629475561,
            0.0,
            0.5937010423062737,
            0.4027455594448798,
            0.35917577378009946,
            0.4253785752902741,
            0.4236552611798453,
            0.3595552542804819,
            0.3495505375082361,
            0.34955251599870896,
            0.34955251599870896,
            0.3391177556783388,
            0.32092991445626307,
            0.36100278968717875,
            0.3561024071787121,
            0.32162203583032956,
            0.3388958847477178,
            0.32563049310791176,
            0.32565255630232187,
            0.32471584347336047,
            0.32471584347336047,
            0.32471584347336047,
            0.32471782196383336,
            0.32471782196383336
        ],
        [
            1.5330019206413055,
            1.0935486603447029,
            3.2943314379256945,
            0.9421977316833612,
            0.9927609159028983,
            0.9894601566967716,
            0.5377658805042662,
            0.542473444104907,
            0.5937010423062737,
            0.0,
            0.20459590362226301,
            0.31987227247797023,
            0.3860750739881449,
            0.38435175987771614,
            0.5425244846556769,
            0.5325197678834311,
            0.5325217463739039,
            0.5325217463739039,
            0.5220869860535338,
            0.503899144831458,
            0.5439720200623738,
            0.5390716375539071,
            0.5045912662055245,
            0.5218651151229128,
            0.5085997234831068,
            0.5086217866775169,
            0.5076850738485554,
            0.5076850738485554,
            0.5076850738485554,
            0.5076870523390283,
            0.5076870523390283
        ],
        [
            1.3420464377799117,
            0.9025931774833089,
            3.1033759550643003,
            0.7512422488219672,
            0.8018054330415043,
            0.7985046738353777,
            0.34681039764287225,
            0.3515179612435131,
            0.4027455594448798,
            0.20459590362226301,
            0.0,
            0.12891678961657632,
            0.19511959112675092,
            0.1933962770163222,
            0.35156900179428296,
            0.3415642850220372,
            0.34156626351251007,
            0.34156626351251007,
            0.3311315031921399,
            0.3129436619700642,
            0.3530165372009798,
            0.3481161546925132,
            0.31363578334413067,
            0.3309096322615189,
            0.3176442406217128,
            0.31766630381612293,
            0.3167295909871616,
            0.3167295909871616,
            0.3167295909871616,
            0.3167315694776344,
            0.3167315694776344
        ],
        [
            1.2984766521151312,
            0.8590233918185286,
            3.05980616939952,
            0.7076724631571869,
            0.758235647376724,
            0.7549348881705973,
            0.30324061197809193,
            0.3079481755787327,
            0.35917577378009946,
            0.31987227247797023,
            0.12891678961657632,
            0.0,
            0.09996080220226614,
            0.0982374880918374,
            0.30799921612950265,
            0.29799449935725686,
            0.2979964778477297,
            0.2979964778477297,
            0.2875617175273596,
            0.26937387630528387,
            0.3094467515361995,
            0.30454636902773286,
            0.2700659976793503,
            0.28733984659673856,
            0.2740744549569325,
            0.2740965181513426,
            0.27315980532238127,
            0.27315980532238127,
            0.27315980532238127,
            0.27316178381285405,
            0.27316178381285405
        ],
        [
            1.364679453625306,
            0.9252261933287032,
            3.1260089709096945,
            0.7738752646673615,
            0.8244384488868985,
            0.821137689680772,
            0.36944341348826654,
            0.3741509770889073,
            0.4253785752902741,
            0.3860750739881449,
            0.19511959112675092,
            0.09996080220226614,
            0.0,
            0.0518475704599354,
            0.3742020176396773,
            0.3641973008674315,
            0.3641992793579043,
            0.3641992793579043,
            0.3537645190375342,
            0.33557667781545847,
            0.37564955304637415,
            0.37074917053790746,
            0.33626879918952496,
            0.35354264810691316,
            0.34027725646710716,
            0.3402993196615173,
            0.33936260683255587,
            0.33936260683255587,
            0.33936260683255587,
            0.3393645853230287,
            0.3393645853230287
        ],
        [
            1.362956139514877,
            0.9235028792182745,
            3.124285656799266,
            0.7721519505569328,
            0.8227151347764698,
            0.8194143755703432,
            0.3677200993778378,
            0.3724276629784786,
            0.4236552611798453,
            0.38435175987771614,
            0.1933962770163222,
            0.0982374880918374,
            0.0518475704599354,
            0.0,
            0.3724787035292485,
            0.3624739867570027,
            0.3624759652474756,
            0.3624759652474756,
            0.35204120492710544,
            0.3338533637050297,
            0.37392623893594534,
            0.36902585642747876,
            0.3345454850790962,
            0.35181933399648446,
            0.33855394235667835,
            0.33857600555108847,
            0.3376392927221271,
            0.3376392927221271,
            0.3376392927221271,
            0.33764127121259996,
            0.33764127121259996
        ],
        [
            1.2988561326155137,
            0.859402872318911,
            3.0601856498999025,
            0.7080519436575693,
            0.7586151278771064,
            0.7553143686709798,
            0.3036200924784743,
            0.30832765607911516,
            0.3595552542804819,
            0.5425244846556769,
            0.35156900179428296,
            0.30799921612950265,
            0.3742020176396773,
            0.3724787035292485,
            0.0,
            0.044197217967995056,
            0.0441991964584679,
            0.0441991964584679,
            0.21910399495905483,
            0.2009161537369791,
            0.24098902896789476,
            0.23608864645942812,
            0.20160827511104557,
            0.21888212402843382,
            0.20561673238862777,
            0.20563879558303788,
            0.2047020827540765,
            0.2047020827540765,
            0.2047020827540765,
            0.20470406124454935,
            0.20470406124454935
        ],
        [
            1.288851415843268,
            0.8493981555466652,
            3.0501809331276566,
            0.6980472268853235,
            0.7486104111048606,
            0.745309651898734,
            0.29361537570622853,
            0.2983229393068694,
            0.3495505375082361,
            0.5325197678834311,
            0.3415642850220372,
            0.29799449935725686,
            0.3641973008674315,
            0.3624739867570027,
            0.044197217967995056,
            0.0,
            5.93547141853944e-06,
            5.93547141853944e-06,
            0.20909927818680904,
            0.1909114369647333,
            0.23098431219564897,
            0.22608392968718233,
            0.19160355833879977,
            0.20887740725618803,
            0.19561201561638197,
            0.1956340788107921,
            0.1946973659818307,
            0.1946973659818307,
            0.1946973659818307,
            0.19469934447230355,
            0.19469934447230355
        ],
        [
            1.2888533943337408,
            0.849400134037138,
            3.0501829116181294,
            0.6980492053757963,
            0.7486123895953334,
            0.7453116303892069,
            0.29361735419670143,
            0.2983249177973422,
            0.34955251599870896,
            0.5325217463739039,
            0.34156626351251007,
            0.2979964778477297,
            0.3641992793579043,
            0.3624759652474756,
            0.0441991964584679,
            5.93547141853944e-06,
            0.0,
            3.95698094569296e-06,
            0.20910125667728188,
            0.19091341545520615,
            0.2309862906861218,
            0.22608590817765517,
            0.19160553682927262,
            0.20887938574666087,
            0.19561399410685482,
            0.19563605730126493,
            0.19469934447230355,
            0.19469934447230355,
            0.19469934447230355,
            0.1947013229627764,
            0.1947013229627764
        ],
        [
            1.2888533943337408,
            0.849400134037138,
            3.0501829116181294,
            0.6980492053757963,
            0.7486123895953334,
            0.7453116303892069,
            0.29361735419670143,
            0.2983249177973422,
            0.34955251599870896,
            0.5325217463739039,
            0.34156626351251007,
            0.2979964778477297,
            0.3641992793579043,
            0.3624759652474756,
            0.0441991964584679,
            5.93547141853944e-06,
            3.95698094569296e-06,
            0.0,
            0.20910125667728188,
            0.19091341545520615,
            0.2309862906861218,
            0.22608590817765517,
            0.19160553682927262,
            0.20887938574666087,
            0.19561399410685482,
            0.19563605730126493,
            0.19469934447230355,
            0.19469934447230355,
            0.19469934447230355,
            0.1947013229627764,
            0.1947013229627764
        ],
        [
            1.2784186340133705,
            0.8389653737167679,
            3.0397481512977595,
            0.6876144450554262,
            0.7381776292749633,
            0.7348768700688367,
            0.28318259387633127,
            0.2878901574769721,
            0.3391177556783388,
            0.5220869860535338,
            0.3311315031921399,
            0.2875617175273596,
            0.3537645190375342,
            0.35204120492710544,
            0.21910399495905483,
            0.20909927818680904,
            0.20910125667728188,
            0.20910125667728188,
            0.0,
            0.10966446245733662,
            0.1497373376882523,
            0.14483695517978565,
            0.13899724138200673,
            0.15627109029939495,
            0.14300569865958893,
            0.14302776185399904,
            0.14209104902503766,
            0.14209104902503766,
            0.14209104902503766,
            0.1420930275155105,
            0.1420930275155105
        ],
        [
            1.2602307927912948,
            0.8207775324946922,
            3.021560310075684,
            0.6694266038333505,
            0.7199897880528876,
            0.716689028846761,
            0.26499475265425554,
            0.2697023162548964,
            0.32092991445626307,
            0.503899144831458,
            0.3129436619700642,
            0.26937387630528387,
            0.33557667781545847,
            0.3338533637050297,
            0.2009161537369791,
            0.1909114369647333,
            0.19091341545520615,
            0.19091341545520615,
            0.10966446245733662,
            0.0,
            0.10878424891194485,
            0.10388386640347821,
            0.120809400159931,
            0.13808324907731923,
            0.12481785743751318,
            0.1248399206319233,
            0.12390320780296192,
            0.12390320780296192,
            0.12390320780296192,
            0.12390518629343476,
            0.12390518629343476
        ],
        [
            1.3003036680222104,
            0.8608504077256078,
            3.0616331853065994,
            0.7094994790642661,
            0.7600626632838032,
            0.7567619040776766,
            0.30506762788517117,
            0.309775191485812,
            0.36100278968717875,
            0.5439720200623738,
            0.3530165372009798,
            0.3094467515361995,
            0.37564955304637415,
            0.37392623893594534,
            0.24098902896789476,
            0.23098431219564897,
            0.2309862906861218,
            0.2309862906861218,
            0.1497373376882523,
            0.10878424891194485,
            0.0,
            0.031242022254129566,
            0.16088227539084665,
            0.1781561243082349,
            0.16489073266842885,
            0.16491279586283897,
            0.1639760830338776,
            0.1639760830338776,
            0.1639760830338776,
            0.16397806152435043,
            0.16397806152435043
        ],
        [
            1.295403285513744,
            0.8559500252171413,
            3.0567328027981326,
            0.7045990965557996,
            0.7551622807753366,
            0.7518615215692099,
            0.3001672453767046,
            0.30487480897734537,
            0.3561024071787121,
            0.5390716375539071,
            0.3481161546925132,
            0.30454636902773286,
            0.37074917053790746,
            0.36902585642747876,
            0.23608864645942812,
            0.22608392968718233,
            0.22608590817765517,
            0.22608590817765517,
            0.14483695517978565,
            0.10388386640347821,
            0.031242022254129566,
            0.0,
            0.15598189288238,
            0.17325574179976827,
            0.1599903501599622,
            0.16001241335437233,
            0.15907570052541095,
            0.15907570052541095,
            0.15907570052541095,
            0.1590776790158838,
            0.1590776790158838
        ],
        [
            1.2609229141653615,
            0.8214696538687587,
            3.02225243144975,
            0.670118725207417,
            0.7206819094269541,
            0.7173811502208275,
            0.26568687402832203,
            0.27039443762896287,
            0.32162203583032956,
            0.5045912662055245,
            0.31363578334413067,
            0.2700659976793503,
            0.33626879918952496,
            0.3345454850790962,
            0.20160827511104557,
            0.19160355833879977,
            0.19160553682927262,
            0.19160553682927262,
            0.13899724138200673,
            0.120809400159931,
            0.16088227539084665,
            0.15598189288238,
            0.0,
            0.10407813440989858,
            0.09081274277009252,
            0.09083480596450264,
            0.08989809313554127,
            0.08989809313554127,
            0.08989809313554127,
            0.08990007162601411,
            0.08990007162601411
        ],
        [
            1.2781967630827498,
            0.838743502786147,
            3.0395262803671383,
            0.6873925741248053,
            0.7379557583443423,
            0.7346549991382156,
            0.2829607229457103,
            0.28766828654635107,
            0.3388958847477178,
            0.5218651151229128,
            0.3309096322615189,
            0.28733984659673856,
            0.35354264810691316,
            0.35181933399648446,
            0.21888212402843382,
            0.20887740725618803,
            0.20887938574666087,
            0.20887938574666087,
            0.15627109029939495,
            0.13808324907731923,
            0.1781561243082349,
            0.17325574179976827,
            0.10407813440989858,
            0.0,
            0.07697933938837077,
            0.07700140258278089,
            0.07606468975381953,
            0.07606468975381953,
            0.07606468975381953,
            0.07606666824429237,
            0.07606666824429237
        ],
        [
            1.2649313714429435,
            0.8254781111463408,
            3.0262608887273323,
            0.6741271824849991,
            0.7246903667045362,
            0.7213896074984096,
            0.2696953313059042,
            0.274402894906545,
            0.32563049310791176,
            0.5085997234831068,
            0.3176442406217128,
            0.2740744549569325,
            0.34027725646710716,
            0.33855394235667835,
            0.20561673238862777,
            0.19561201561638197,
            0.19561399410685482,
            0.19561399410685482,
            0.14300569865958893,
            0.12481785743751318,
            0.16489073266842885,
            0.1599903501599622,
            0.09081274277009252,
            0.07697933938837077,
            0.0,
            2.602017535581141e-05,
            0.0009265205773883307,
            0.0009265205773883307,
            0.0009265205773883307,
            0.0009284990678611772,
            0.0009284990678611772
        ],
        [
            1.2649534346373537,
            0.825500174340751,
            3.0262829519217425,
            0.6741492456794093,
            0.7247124298989464,
            0.7214116706928198,
            0.2697173945003143,
            0.27442495810095513,
            0.32565255630232187,
            0.5086217866775169,
            0.31766630381612293,
            0.2740965181513426,
            0.3402993196615173,
            0.33857600555108847,
            0.20563879558303788,
            0.1956340788107921,
            0.19563605730126493,
            0.19563605730126493,
            0.14302776185399904,
            0.1248399206319233,
            0.16491279586283897,
            0.16001241335437233,
            0.09083480596450264,
            0.07700140258278089,
            2.602017535581141e-05,
            0.0,
            0.0009485837717984492,
            0.0009485837717984492,
            0.0009485837717984492,
            0.0009505622622712957,
            0.0009505622622712957
        ],
        [
            1.2640167218083924,
            0.8245634615117896,
            3.025346239092781,
            0.6732125328504479,
            0.723775717069985,
            0.7204749578638584,
            0.26878068167135294,
            0.2734882452719938,
            0.32471584347336047,
            0.5076850738485554,
            0.3167295909871616,
            0.27315980532238127,
            0.33936260683255587,
            0.3376392927221271,
            0.2047020827540765,
            0.1946973659818307,
            0.19469934447230355,
            0.19469934447230355,
            0.14209104902503766,
            0.12390320780296192,
            0.1639760830338776,
            0.15907570052541095,
            0.08989809313554127,
            0.07606468975381953,
            0.0009265205773883307,
            0.0009485837717984492,
            0.0,
            3.95698094569296e-06,
            7.91396189138592e-06,
            9.8924523642324e-06,
            9.8924523642324e-06
        ],
        [
            1.2640167218083924,
            0.8245634615117896,
            3.025346239092781,
            0.6732125328504479,
            0.723775717069985,
            0.7204749578638584,
            0.26878068167135294,
            0.2734882452719938,
            0.32471584347336047,
            0.5076850738485554,
            0.3167295909871616,
            0.27315980532238127,
            0.33936260683255587,
            0.3376392927221271,
            0.2047020827540765,
            0.1946973659818307,
            0.19469934447230355,
            0.19469934447230355,
            0.14209104902503766,
            0.12390320780296192,
            0.1639760830338776,
            0.15907570052541095,
            0.08989809313554127,
            0.07606468975381953,
            0.0009265205773883307,
            0.0009485837717984492,
            3.95698094569296e-06,
            0.0,
            7.91396189138592e-06,
            9.8924523642324e-06,
            9.8924523642324e-06
        ],
        [
            1.2640167218083924,
            0.8245634615117896,
            3.025346239092781,
            0.6732125328504479,
            0.723775717069985,
            0.7204749578638584,
            0.26878068167135294,
            0.2734882452719938,
            0.32471584347336047,
            0.5076850738485554,
            0.3167295909871616,
            0.27315980532238127,
            0.33936260683255587,
            0.3376392927221271,
            0.2047020827540765,
            0.1946973659818307,
            0.19469934447230355,
            0.19469934447230355,
            0.14209104902503766,
            0.12390320780296192,
            0.1639760830338776,
            0.15907570052541095,
            0.08989809313554127,
            0.07606468975381953,
            0.0009265205773883307,
            0.0009485837717984492,
            7.91396189138592e-06,
            7.91396189138592e-06,
            0.0,
            5.93547141853944e-06,
            5.93547141853944e-06
        ],
        [
            1.2640187002988652,
            0.8245654400022624,
            3.025348217583254,
            0.6732145113409207,
            0.7237776955604578,
            0.7204769363543313,
            0.2687826601618258,
            0.27349022376246657,
            0.32471782196383336,
            0.5076870523390283,
            0.3167315694776344,
            0.27316178381285405,
            0.3393645853230287,
            0.33764127121259996,
            0.20470406124454935,
            0.19469934447230355,
            0.1947013229627764,
            0.1947013229627764,
            0.1420930275155105,
            0.12390518629343476,
            0.16397806152435043,
            0.1590776790158838,
            0.08990007162601411,
            0.07606666824429237,
            0.0009284990678611772,
            0.0009505622622712957,
            9.8924523642324e-06,
            9.8924523642324e-06,
            5.93547141853944e-06,
            0.0,
            3.95698094569296e-06
        ],
        [
            1.2640187002988652,
            0.8245654400022624,
            3.025348217583254,
            0.6732145113409207,
            0.7237776955604578,
            0.7204769363543313,
            0.2687826601618258,
            0.27349022376246657,
            0.32471782196383336,
            0.5076870523390283,
            0.3167315694776344,
            0.27316178381285405,
            0.3393645853230287,
            0.33764127121259996,
            0.20470406124454935,
            0.19469934447230355,
            0.1947013229627764,
            0.1947013229627764,
            0.1420930275155105,
            0.12390518629343476,
            0.16397806152435043,
            0.1590776790158838,
            0.08990007162601411,
            0.07606666824429237,
            0.0009284990678611772,
            0.0009505622622712957,
            9.8924523642324e-06,
            9.8924523642324e-06,
            5.93547141853944e-06,
            3.95698094569296e-06,
            0.0
        ]
    ],
    "NODE_MAPPING": {
        "0": "30",
        "1": "31",
        "2": "3",
        "3": "29",
        "4": "1",
        "5": "2",
        "6": "27",
        "7": "8",
        "8": "20",
        "9": "4",
        "10": "6",
        "11": "28",
        "12": "5",
        "13": "9",
        "14": "7",
        "15": "25",
        "16": "23",
        "17": "24",
        "18": "26",
        "19": "10",
        "20": "11",
        "21": "21",
        "22": "22",
        "23": "19",
        "24": "14",
        "25": "18",
        "26": "16",
        "27": "17",
        "28": "13",
        "29": "12",
        "30": "15"
    }
}