{
    "NEXUS_FILE_URL": "http://purl.org/phylo/treebase/phylows/study/TB2:S13324",
    "NEWICK_TREE": "(1:0.03794777,(2:0.05450827,((19:0.13415373,(10:0.15149384,(16:0.05131705,(8:0.02536046,(9:0.01521012,(7:0.0156074,21:0.01204215):0.00249658):0.0134997):0.03595508):0.053769):0.01821131):0.09842537,((4:0.01155568,20:0.01744324):0.05215599,((26:1.0E-8,(22:1.0E-8,23:1.0E-8,24:1.0E-8,25:1.0E-8,27:1.0E-8):3.1374E-4):0.06045048,((17:0.09757478,(3:0.01281219,5:0.00868895):0.05622685):0.051882,(13:0.03045352,((15:0.00508429,18:0.01790585):0.00615839,((6:0.02150549,14:0.01331924):0.00560514,(11:0.00945339,12:0.01453516):0.01538101):0.00367935):0.00476896):0.107191):0.02814613):0.01608422):0.01411859):0.02125372):0.03794777);",
    "DISTANCE_MATRIX": [
        [
            0,
            0.13040380999999998,
            0.32972835999999994,
            0.36527977999999994,
            0.31887199,
            0.32887047999999997,
            0.33221983999999993,
            0.33511369999999996,
            0.33154844999999994,
            0.17497952,
            0.18086707999999999,
            0.18780256,
            0.1881163,
            0.1881163,
            0.1881163,
            0.1881163,
            0.1881163,
            0.30495498000000004,
            0.27641924,
            0.27229600000000004,
            0.29314272,
            0.27870084,
            0.2915224,
            0.29824814,
            0.29006189,
            0.29597191,
            0.30105368
        ],
        [
            0.13040380999999998,
            0,
            0.30834109,
            0.34389251,
            0.29748472,
            0.30748321,
            0.31083257,
            0.31372643,
            0.3101611799999999,
            0.15359224999999999,
            0.15947981,
            0.16641529,
            0.16672903,
            0.16672903,
            0.16672903,
            0.16672903,
            0.16672903,
            0.28356771000000003,
            0.25503197,
            0.25090873,
            0.27175545,
            0.25731357,
            0.27013513,
            0.27686087,
            0.26867462,
            0.27458464,
            0.27966641
        ],
        [
            0.32972835999999994,
            0.30834109,
            0,
            0.30385888,
            0.25745109,
            0.26744957999999996,
            0.27079894,
            0.27369279999999996,
            0.27012755,
            0.31040935999999997,
            0.31629692,
            0.3232324,
            0.32354614,
            0.32354614,
            0.32354614,
            0.32354614,
            0.32354614,
            0.44038482,
            0.41184908,
            0.40772584,
            0.42857256,
            0.41413068,
            0.42695224,
            0.43367797999999996,
            0.42549172999999996,
            0.43140175,
            0.43648351999999996
        ],
        [
            0.36527977999999994,
            0.34389251,
            0.30385888,
            0,
            0.25657989,
            0.26657838,
            0.26992773999999997,
            0.2728216,
            0.26925635,
            0.34596077999999997,
            0.35184834,
            0.35878382,
            0.35909756,
            0.35909756,
            0.35909756,
            0.35909756,
            0.35909756,
            0.47593624,
            0.4474005,
            0.44327726,
            0.46412398,
            0.4496821,
            0.46250366,
            0.46922939999999996,
            0.46104314999999996,
            0.46695317,
            0.47203493999999996
        ],
        [
            0.31887199,
            0.29748472,
            0.25745109,
            0.25657989,
            0,
            0.11263259,
            0.11598195,
            0.11887581,
            0.11531056,
            0.29955298999999996,
            0.30544055,
            0.31237602999999997,
            0.31268977,
            0.31268977,
            0.31268977,
            0.31268977,
            0.31268977,
            0.42952845,
            0.40099271,
            0.39686947,
            0.41771619,
            0.40327430999999997,
            0.41609587,
            0.42282160999999996,
            0.41463535999999995,
            0.42054537999999997,
            0.42562714999999995
        ],
        [
            0.32887047999999997,
            0.30748321,
            0.26744957999999996,
            0.26657838,
            0.11263259,
            0,
            0.05407028,
            0.056964139999999996,
            0.053398890000000004,
            0.30955148,
            0.31543904,
            0.32237452,
            0.32268826,
            0.32268826,
            0.32268826,
            0.32268826,
            0.32268826,
            0.43952694000000003,
            0.4109912,
            0.40686796000000003,
            0.42771468,
            0.4132728,
            0.42609436,
            0.4328201,
            0.42463385,
            0.43054387,
            0.43562564
        ],
        [
            0.33221983999999993,
            0.31083257,
            0.27079894,
            0.26992773999999997,
            0.11598195,
            0.05407028,
            0,
            0.0333141,
            0.02974885,
            0.31290083999999996,
            0.31878839999999997,
            0.32572387999999997,
            0.32603762,
            0.32603762,
            0.32603762,
            0.32603762,
            0.32603762,
            0.4428763,
            0.41434055999999997,
            0.41021732,
            0.43106404,
            0.41662215999999996,
            0.42944372,
            0.43616945999999995,
            0.42798320999999995,
            0.43389322999999996,
            0.43897499999999995
        ],
        [
            0.33511369999999996,
            0.31372643,
            0.27369279999999996,
            0.2728216,
            0.11887581,
            0.056964139999999996,
            0.0333141,
            0,
            0.027649550000000002,
            0.3157947,
            0.32168226,
            0.32861774,
            0.32893148,
            0.32893148,
            0.32893148,
            0.32893148,
            0.32893148,
            0.44577016,
            0.41723442,
            0.41311118,
            0.4339579,
            0.41951602,
            0.43233758,
            0.43906332,
            0.43087707,
            0.43678709,
            0.44186886
        ],
        [
            0.33154844999999994,
            0.3101611799999999,
            0.27012755,
            0.26925635,
            0.11531056,
            0.053398890000000004,
            0.02974885,
            0.027649550000000002,
            0,
            0.31222944999999996,
            0.31811701,
            0.32505248999999997,
            0.32536623,
            0.32536623,
            0.32536623,
            0.32536623,
            0.32536623,
            0.44220491,
            0.41366917,
            0.40954593,
            0.43039265,
            0.41595076999999997,
            0.42877233,
            0.43549806999999996,
            0.42731181999999995,
            0.43322183999999997,
            0.43830360999999995
        ],
        [
            0.17497952,
            0.15359224999999999,
            0.31040935999999997,
            0.34596077999999997,
            0.29955298999999996,
            0.30955148,
            0.31290083999999996,
            0.3157947,
            0.31222944999999996,
            0,
            0.028998919999999997,
            0.14024638,
            0.14056012,
            0.14056012,
            0.14056012,
            0.14056012,
            0.14056012,
            0.25739880000000004,
            0.22886306,
            0.22473982,
            0.24558654,
            0.23114466,
            0.24396621999999998,
            0.25069196,
            0.24250570999999999,
            0.24841573,
            0.2534975
        ],
        [
            0.18086707999999999,
            0.15947981,
            0.31629692,
            0.35184834,
            0.30544055,
            0.31543904,
            0.31878839999999997,
            0.32168226,
            0.31811701,
            0.028998919999999997,
            0,
            0.14613394000000002,
            0.14644768,
            0.14644768,
            0.14644768,
            0.14644768,
            0.14644768,
            0.26328636,
            0.23475062000000002,
            0.23062738,
            0.2514741,
            0.23703222000000002,
            0.24985377999999997,
            0.25657952,
            0.24839327,
            0.25430329,
            0.25938506
        ],
        [
            0.18780256,
            0.16641529,
            0.3232324,
            0.35878382,
            0.31237602999999997,
            0.32237452,
            0.32572387999999997,
            0.32861774,
            0.32505248999999997,
            0.14024638,
            0.14613394000000002,
            0,
            0.00031376,
            0.00031376,
            0.00031376,
            0.00031376,
            0.00031376,
            0.2380534,
            0.20951766,
            0.20539442,
            0.22624113999999998,
            0.21179926,
            0.22462081999999997,
            0.23134655999999998,
            0.22316030999999997,
            0.22907033,
            0.23415209999999997
        ],
        [
            0.1881163,
            0.16672903,
            0.32354614,
            0.35909756,
            0.31268977,
            0.32268826,
            0.32603762,
            0.32893148,
            0.32536623,
            0.14056012,
            0.14644768,
            0.00031376,
            0,
            2e-08,
            2e-08,
            2e-08,
            2e-08,
            0.23836714,
            0.2098314,
            0.20570816,
            0.22655488,
            0.212113,
            0.22493455999999998,
            0.23166029999999999,
            0.22347404999999998,
            0.22938407,
            0.23446583999999998
        ],
        [
            0.1881163,
            0.16672903,
            0.32354614,
            0.35909756,
            0.31268977,
            0.32268826,
            0.32603762,
            0.32893148,
            0.32536623,
            0.14056012,
            0.14644768,
            0.00031376,
            2e-08,
            0,
            2e-08,
            2e-08,
            2e-08,
            0.23836714,
            0.2098314,
            0.20570816,
            0.22655488,
            0.212113,
            0.22493455999999998,
            0.23166029999999999,
            0.22347404999999998,
            0.22938407,
            0.23446583999999998
        ],
        [
            0.1881163,
            0.16672903,
            0.32354614,
            0.35909756,
            0.31268977,
            0.32268826,
            0.32603762,
            0.32893148,
            0.32536623,
            0.14056012,
            0.14644768,
            0.00031376,
            2e-08,
            2e-08,
            0,
            2e-08,
            2e-08,
            0.23836714,
            0.2098314,
            0.20570816,
            0.22655488,
            0.212113,
            0.22493455999999998,
            0.23166029999999999,
            0.22347404999999998,
            0.22938407,
            0.23446583999999998
        ],
        [
            0.1881163,
            0.16672903,
            0.32354614,
            0.35909756,
            0.31268977,
            0.32268826,
            0.32603762,
            0.32893148,
            0.32536623,
            0.14056012,
            0.14644768,
            0.00031376,
            2e-08,
            2e-08,
            2e-08,
            0,
            2e-08,
            0.23836714,
            0.2098314,
            0.20570816,
            0.22655488,
            0.212113,
            0.22493455999999998,
            0.23166029999999999,
            0.22347404999999998,
            0.22938407,
            0.23446583999999998
        ],
        [
            0.1881163,
            0.16672903,
            0.32354614,
            0.35909756,
            0.31268977,
            0.32268826,
            0.32603762,
            0.32893148,
            0.32536623,
            0.14056012,
            0.14644768,
            0.00031376,
            2e-08,
            2e-08,
            2e-08,
            2e-08,
            0,
            0.23836714,
            0.2098314,
            0.20570816,
            0.22655488,
            0.212113,
            0.22493455999999998,
            0.23166029999999999,
            0.22347404999999998,
            0.22938407,
            0.23446583999999998
        ],
        [
            0.30495498000000004,
            0.28356771000000003,
            0.44038482,
            0.47593624,
            0.42952845,
            0.43952694000000003,
            0.4428763,
            0.44577016,
            0.44220491,
            0.25739880000000004,
            0.26328636,
            0.2380534,
            0.23836714,
            0.23836714,
            0.23836714,
            0.23836714,
            0.23836714,
            0,
            0.16661382,
            0.16249058,
            0.2871013,
            0.27265942,
            0.28548098,
            0.29220672000000003,
            0.28402046999999997,
            0.28993049000000004,
            0.29501226
        ],
        [
            0.27641924,
            0.25503197,
            0.41184908,
            0.4474005,
            0.40099271,
            0.4109912,
            0.41434055999999997,
            0.41723442,
            0.41366917,
            0.22886306,
            0.23475062000000002,
            0.20951766,
            0.2098314,
            0.2098314,
            0.2098314,
            0.2098314,
            0.2098314,
            0.16661382,
            0,
            0.021501140000000002,
            0.25856555999999997,
            0.24412368,
            0.25694523999999996,
            0.26367098,
            0.25548473,
            0.26139475,
            0.26647652
        ],
        [
            0.27229600000000004,
            0.25090873,
            0.40772584,
            0.44327726,
            0.39686947,
            0.40686796000000003,
            0.41021732,
            0.41311118,
            0.40954593,
            0.22473982,
            0.23062738,
            0.20539442,
            0.20570816,
            0.20570816,
            0.20570816,
            0.20570816,
            0.20570816,
            0.16249058,
            0.021501140000000002,
            0,
            0.25444232,
            0.24000043999999998,
            0.252822,
            0.25954773999999997,
            0.25136148999999997,
            0.25727151,
            0.26235327999999997
        ],
        [
            0.29314272,
            0.27175545,
            0.42857256,
            0.46412398,
            0.41771619,
            0.42771468,
            0.43106404,
            0.4339579,
            0.43039265,
            0.24558654,
            0.2514741,
            0.22624113999999998,
            0.22655488,
            0.22655488,
            0.22655488,
            0.22655488,
            0.22655488,
            0.2871013,
            0.25856555999999997,
            0.25444232,
            0,
            0.046465160000000005,
            0.05928672,
            0.06601246,
            0.05782621,
            0.06373623,
            0.068818
        ],
        [
            0.27870084,
            0.25731357,
            0.41413068,
            0.4496821,
            0.40327430999999997,
            0.4132728,
            0.41662215999999996,
            0.41951602,
            0.41595076999999997,
            0.23114466,
            0.23703222000000002,
            0.21179926,
            0.212113,
            0.212113,
            0.212113,
            0.212113,
            0.212113,
            0.27265942,
            0.24412368,
            0.24000043999999998,
            0.046465160000000005,
            0,
            0.02299014,
            0.04203266,
            0.03384641,
            0.03975643,
            0.044838199999999995
        ],
        [
            0.2915224,
            0.27013513,
            0.42695224,
            0.46250366,
            0.41609587,
            0.42609436,
            0.42944372,
            0.43233758,
            0.42877233,
            0.24396621999999998,
            0.24985377999999997,
            0.22462081999999997,
            0.22493455999999998,
            0.22493455999999998,
            0.22493455999999998,
            0.22493455999999998,
            0.22493455999999998,
            0.28548098,
            0.25694523999999996,
            0.252822,
            0.05928672,
            0.02299014,
            0,
            0.054854219999999995,
            0.04666797,
            0.052577990000000005,
            0.05765976
        ],
        [
            0.29824814,
            0.27686087,
            0.43367797999999996,
            0.46922939999999996,
            0.42282160999999996,
            0.4328201,
            0.43616945999999995,
            0.43906332,
            0.43549806999999996,
            0.25069196,
            0.25657952,
            0.23134655999999998,
            0.23166029999999999,
            0.23166029999999999,
            0.23166029999999999,
            0.23166029999999999,
            0.23166029999999999,
            0.29220672000000003,
            0.26367098,
            0.25954773999999997,
            0.06601246,
            0.04203266,
            0.054854219999999995,
            0,
            0.03482473,
            0.051945029999999996,
            0.057026799999999996
        ],
        [
            0.29006189,
            0.26867462,
            0.42549172999999996,
            0.46104314999999996,
            0.41463535999999995,
            0.42463385,
            0.42798320999999995,
            0.43087707,
            0.42731181999999995,
            0.24250570999999999,
            0.24839327,
            0.22316030999999997,
            0.22347404999999998,
            0.22347404999999998,
            0.22347404999999998,
            0.22347404999999998,
            0.22347404999999998,
            0.28402046999999997,
            0.25548473,
            0.25136148999999997,
            0.05782621,
            0.03384641,
            0.04666797,
            0.03482473,
            0,
            0.04375878,
            0.048840549999999996
        ],
        [
            0.29597191,
            0.27458464,
            0.43140175,
            0.46695317,
            0.42054537999999997,
            0.43054387,
            0.43389322999999996,
            0.43678709,
            0.43322183999999997,
            0.24841573,
            0.25430329,
            0.22907033,
            0.22938407,
            0.22938407,
            0.22938407,
            0.22938407,
            0.22938407,
            0.28993049000000004,
            0.26139475,
            0.25727151,
            0.06373623,
            0.03975643,
            0.052577990000000005,
            0.051945029999999996,
            0.04375878,
            0,
            0.02398855
        ],
        [
            0.30105368,
            0.27966641,
            0.43648351999999996,
            0.47203493999999996,
            0.42562714999999995,
            0.43562564,
            0.43897499999999995,
            0.44186886,
            0.43830360999999995,
            0.2534975,
            0.25938506,
            0.23415209999999997,
            0.23446583999999998,
            0.23446583999999998,
            0.23446583999999998,
            0.23446583999999998,
            0.23446583999999998,
            0.29501226,
            0.26647652,
            0.26235327999999997,
            0.068818,
            0.044838199999999995,
            0.05765976,
            0.057026799999999996,
            0.048840549999999996,
            0.02398855,
            0
        ]
    ],
    "NODE_MAPPING": {
        "0": "1",
        "1": "2",
        "2": "19",
        "3": "10",
        "4": "16",
        "5": "8",
        "6": "9",
        "7": "7",
        "8": "21",
        "9": "4",
        "10": "20",
        "11": "26",
        "12": "22",
        "13": "23",
        "14": "24",
        "15": "25",
        "16": "27",
        "17": "17",
        "18": "3",
        "19": "5",
        "20": "13",
        "21": "15",
        "22": "18",
        "23": "6",
        "24": "14",
        "25": "11",
        "26": "12"
    }
}