{
    "NEXUS_FILE_URL": "http://purl.org/phylo/treebase/phylows/study/TB2:S10465",
    "NEWICK_TREE": "(((26:100.0,27:100.0):100.0,(24:100.0,((((((9:100.0,12:100.0):70.596451,11:100.0):61.50845,13:100.0):81.890739,10:100.0):99.296669,14:100.0):99.900002,((15:100.0,16:100.0):100.0,17:100.0):93.940002,((18:100.0,19:100.0):73.923393,20:100.0):100.0,21:100.0,(((3:100.0,(4:100.0,5:100.0):70.887932):100.0,6:100.0,7:100.0,8:100.0):92.267937,(22:100.0,23:100.0):100.0,(1:100.0,2:100.0):58.610561):68.665337):72.828217):65.54319):50.0,25:50.0);",
    "DISTANCE_MATRIX": [
        [
            0,
            200.0,
            365.54319,
            851.563718,
            851.563718,
            780.967267,
            719.458817,
            637.568078,
            538.271409,
            632.3114089999999,
            632.3114089999999,
            532.3114089999999,
            612.2948,
            612.2948,
            538.371407,
            438.371407,
            699.304681,
            770.1926129999999,
            770.1926129999999,
            599.304681,
            599.304681,
            599.304681,
            607.036744,
            607.036744,
            565.647305,
            565.647305,
            300.0
        ],
        [
            200.0,
            0,
            365.54319,
            851.563718,
            851.563718,
            780.967267,
            719.458817,
            637.568078,
            538.271409,
            632.3114089999999,
            632.3114089999999,
            532.3114089999999,
            612.2948,
            612.2948,
            538.371407,
            438.371407,
            699.304681,
            770.1926129999999,
            770.1926129999999,
            599.304681,
            599.304681,
            599.304681,
            607.036744,
            607.036744,
            565.647305,
            565.647305,
            300.0
        ],
        [
            365.54319,
            365.54319,
            0,
            686.020528,
            686.020528,
            615.424077,
            553.915627,
            472.02488800000003,
            372.72821899999997,
            466.768219,
            466.768219,
            366.768219,
            446.75161,
            446.75161,
            372.828217,
            272.828217,
            533.761491,
            604.649423,
            604.649423,
            433.761491,
            433.761491,
            433.761491,
            441.493554,
            441.493554,
            400.104115,
            400.104115,
            265.54319
        ],
        [
            851.563718,
            851.563718,
            686.020528,
            0,
            200.0,
            270.596451,
            332.10490100000004,
            413.99564,
            513.2923089999999,
            807.1323130000001,
            807.1323130000001,
            707.1323130000001,
            787.115704,
            787.115704,
            713.192311,
            613.192311,
            874.125585,
            945.013517,
            945.013517,
            774.125585,
            774.125585,
            774.125585,
            781.857648,
            781.857648,
            740.468209,
            740.468209,
            751.563718
        ],
        [
            851.563718,
            851.563718,
            686.020528,
            200.0,
            0,
            270.596451,
            332.10490100000004,
            413.99564,
            513.2923089999999,
            807.1323130000001,
            807.1323130000001,
            707.1323130000001,
            787.115704,
            787.115704,
            713.192311,
            613.192311,
            874.125585,
            945.013517,
            945.013517,
            774.125585,
            774.125585,
            774.125585,
            781.857648,
            781.857648,
            740.468209,
            740.468209,
            751.563718
        ],
        [
            780.967267,
            780.967267,
            615.424077,
            270.596451,
            270.596451,
            0,
            261.50845000000004,
            343.399189,
            442.695858,
            736.535862,
            736.535862,
            636.535862,
            716.519253,
            716.519253,
            642.59586,
            542.59586,
            803.529134,
            874.417066,
            874.417066,
            703.529134,
            703.529134,
            703.529134,
            711.261197,
            711.261197,
            669.871758,
            669.871758,
            680.967267
        ],
        [
            719.458817,
            719.458817,
            553.915627,
            332.10490100000004,
            332.10490100000004,
            261.50845000000004,
            0,
            281.890739,
            381.187408,
            675.0274119999999,
            675.0274119999999,
            575.0274119999999,
            655.010803,
            655.010803,
            581.08741,
            481.08741,
            742.020684,
            812.9086159999999,
            812.9086159999999,
            642.020684,
            642.020684,
            642.020684,
            649.752747,
            649.752747,
            608.363308,
            608.363308,
            619.458817
        ],
        [
            637.568078,
            637.568078,
            472.02488800000003,
            413.99564,
            413.99564,
            343.399189,
            281.890739,
            0,
            299.296669,
            593.136673,
            593.136673,
            493.13667300000003,
            573.1200640000001,
            573.1200640000001,
            499.19667100000004,
            399.19667100000004,
            660.129945,
            731.017877,
            731.017877,
            560.129945,
            560.129945,
            560.129945,
            567.8620080000001,
            567.8620080000001,
            526.472569,
            526.472569,
            537.568078
        ],
        [
            538.271409,
            538.271409,
            372.72821899999997,
            513.2923089999999,
            513.2923089999999,
            442.695858,
            381.187408,
            299.296669,
            0,
            493.840004,
            493.840004,
            393.840004,
            473.823395,
            473.823395,
            399.900002,
            299.900002,
            560.833276,
            631.7212079999999,
            631.7212079999999,
            460.83327599999996,
            460.83327599999996,
            460.83327599999996,
            468.565339,
            468.565339,
            427.17589999999996,
            427.17589999999996,
            438.27140899999995
        ],
        [
            632.3114089999999,
            632.3114089999999,
            466.768219,
            807.1323130000001,
            807.1323130000001,
            736.535862,
            675.0274119999999,
            593.136673,
            493.840004,
            0,
            200.0,
            300.0,
            567.8633950000001,
            567.8633950000001,
            493.940002,
            393.940002,
            654.873276,
            725.7612079999999,
            725.7612079999999,
            554.873276,
            554.873276,
            554.873276,
            562.605339,
            562.605339,
            521.2158999999999,
            521.2158999999999,
            532.3114089999999
        ],
        [
            632.3114089999999,
            632.3114089999999,
            466.768219,
            807.1323130000001,
            807.1323130000001,
            736.535862,
            675.0274119999999,
            593.136673,
            493.840004,
            200.0,
            0,
            300.0,
            567.8633950000001,
            567.8633950000001,
            493.940002,
            393.940002,
            654.873276,
            725.7612079999999,
            725.7612079999999,
            554.873276,
            554.873276,
            554.873276,
            562.605339,
            562.605339,
            521.2158999999999,
            521.2158999999999,
            532.3114089999999
        ],
        [
            532.3114089999999,
            532.3114089999999,
            366.768219,
            707.1323130000001,
            707.1323130000001,
            636.535862,
            575.0274119999999,
            493.13667300000003,
            393.840004,
            300.0,
            300.0,
            0,
            467.863395,
            467.863395,
            393.940002,
            293.940002,
            554.873276,
            625.7612079999999,
            625.7612079999999,
            454.873276,
            454.873276,
            454.873276,
            462.605339,
            462.605339,
            421.2159,
            421.2159,
            432.31140899999997
        ],
        [
            612.2948,
            612.2948,
            446.75161,
            787.115704,
            787.115704,
            716.519253,
            655.010803,
            573.1200640000001,
            473.823395,
            567.8633950000001,
            567.8633950000001,
            467.863395,
            0,
            200.0,
            273.92339300000003,
            373.92339300000003,
            634.856667,
            705.744599,
            705.744599,
            534.856667,
            534.856667,
            534.856667,
            542.58873,
            542.58873,
            501.199291,
            501.199291,
            512.2948
        ],
        [
            612.2948,
            612.2948,
            446.75161,
            787.115704,
            787.115704,
            716.519253,
            655.010803,
            573.1200640000001,
            473.823395,
            567.8633950000001,
            567.8633950000001,
            467.863395,
            200.0,
            0,
            273.92339300000003,
            373.92339300000003,
            634.856667,
            705.744599,
            705.744599,
            534.856667,
            534.856667,
            534.856667,
            542.58873,
            542.58873,
            501.199291,
            501.199291,
            512.2948
        ],
        [
            538.371407,
            538.371407,
            372.828217,
            713.192311,
            713.192311,
            642.59586,
            581.08741,
            499.19667100000004,
            399.900002,
            493.940002,
            493.940002,
            393.940002,
            273.92339300000003,
            273.92339300000003,
            0,
            300.0,
            560.933274,
            631.821206,
            631.821206,
            460.933274,
            460.933274,
            460.933274,
            468.665337,
            468.665337,
            427.275898,
            427.275898,
            438.371407
        ],
        [
            438.371407,
            438.371407,
            272.828217,
            613.192311,
            613.192311,
            542.59586,
            481.08741,
            399.19667100000004,
            299.900002,
            393.940002,
            393.940002,
            293.940002,
            373.92339300000003,
            373.92339300000003,
            300.0,
            0,
            460.933274,
            531.821206,
            531.821206,
            360.933274,
            360.933274,
            360.933274,
            368.665337,
            368.665337,
            327.275898,
            327.275898,
            338.371407
        ],
        [
            699.304681,
            699.304681,
            533.761491,
            874.125585,
            874.125585,
            803.529134,
            742.020684,
            660.129945,
            560.833276,
            654.873276,
            654.873276,
            554.873276,
            634.856667,
            634.856667,
            560.933274,
            460.933274,
            0,
            270.887932,
            270.887932,
            300.0,
            300.0,
            300.0,
            492.267937,
            492.267937,
            450.87849800000004,
            450.87849800000004,
            599.304681
        ],
        [
            770.1926129999999,
            770.1926129999999,
            604.649423,
            945.013517,
            945.013517,
            874.417066,
            812.9086159999999,
            731.017877,
            631.7212079999999,
            725.7612079999999,
            725.7612079999999,
            625.7612079999999,
            705.744599,
            705.744599,
            631.821206,
            531.821206,
            270.887932,
            0,
            200.0,
            370.887932,
            370.887932,
            370.887932,
            563.1558689999999,
            563.1558689999999,
            521.76643,
            521.76643,
            670.1926129999999
        ],
        [
            770.1926129999999,
            770.1926129999999,
            604.649423,
            945.013517,
            945.013517,
            874.417066,
            812.9086159999999,
            731.017877,
            631.7212079999999,
            725.7612079999999,
            725.7612079999999,
            625.7612079999999,
            705.744599,
            705.744599,
            631.821206,
            531.821206,
            270.887932,
            200.0,
            0,
            370.887932,
            370.887932,
            370.887932,
            563.1558689999999,
            563.1558689999999,
            521.76643,
            521.76643,
            670.1926129999999
        ],
        [
            599.304681,
            599.304681,
            433.761491,
            774.125585,
            774.125585,
            703.529134,
            642.020684,
            560.129945,
            460.83327599999996,
            554.873276,
            554.873276,
            454.873276,
            534.856667,
            534.856667,
            460.933274,
            360.933274,
            300.0,
            370.887932,
            370.887932,
            0,
            200.0,
            200.0,
            392.267937,
            392.267937,
            350.87849800000004,
            350.87849800000004,
            499.30468099999996
        ],
        [
            599.304681,
            599.304681,
            433.761491,
            774.125585,
            774.125585,
            703.529134,
            642.020684,
            560.129945,
            460.83327599999996,
            554.873276,
            554.873276,
            454.873276,
            534.856667,
            534.856667,
            460.933274,
            360.933274,
            300.0,
            370.887932,
            370.887932,
            200.0,
            0,
            200.0,
            392.267937,
            392.267937,
            350.87849800000004,
            350.87849800000004,
            499.30468099999996
        ],
        [
            599.304681,
            599.304681,
            433.761491,
            774.125585,
            774.125585,
            703.529134,
            642.020684,
            560.129945,
            460.83327599999996,
            554.873276,
            554.873276,
            454.873276,
            534.856667,
            534.856667,
            460.933274,
            360.933274,
            300.0,
            370.887932,
            370.887932,
            200.0,
            200.0,
            0,
            392.267937,
            392.267937,
            350.87849800000004,
            350.87849800000004,
            499.30468099999996
        ],
        [
            607.036744,
            607.036744,
            441.493554,
            781.857648,
            781.857648,
            711.261197,
            649.752747,
            567.8620080000001,
            468.565339,
            562.605339,
            562.605339,
            462.605339,
            542.58873,
            542.58873,
            468.665337,
            368.665337,
            492.267937,
            563.1558689999999,
            563.1558689999999,
            392.267937,
            392.267937,
            392.267937,
            0,
            200.0,
            358.61056099999996,
            358.61056099999996,
            507.036744
        ],
        [
            607.036744,
            607.036744,
            441.493554,
            781.857648,
            781.857648,
            711.261197,
            649.752747,
            567.8620080000001,
            468.565339,
            562.605339,
            562.605339,
            462.605339,
            542.58873,
            542.58873,
            468.665337,
            368.665337,
            492.267937,
            563.1558689999999,
            563.1558689999999,
            392.267937,
            392.267937,
            392.267937,
            200.0,
            0,
            358.61056099999996,
            358.61056099999996,
            507.036744
        ],
        [
            565.647305,
            565.647305,
            400.104115,
            740.468209,
            740.468209,
            669.871758,
            608.363308,
            526.472569,
            427.17589999999996,
            521.2158999999999,
            521.2158999999999,
            421.2159,
            501.199291,
            501.199291,
            427.275898,
            327.275898,
            450.87849800000004,
            521.76643,
            521.76643,
            350.87849800000004,
            350.87849800000004,
            350.87849800000004,
            358.61056099999996,
            358.61056099999996,
            0,
            200.0,
            465.64730499999996
        ],
        [
            565.647305,
            565.647305,
            400.104115,
            740.468209,
            740.468209,
            669.871758,
            608.363308,
            526.472569,
            427.17589999999996,
            521.2158999999999,
            521.2158999999999,
            421.2159,
            501.199291,
            501.199291,
            427.275898,
            327.275898,
            450.87849800000004,
            521.76643,
            521.76643,
            350.87849800000004,
            350.87849800000004,
            350.87849800000004,
            358.61056099999996,
            358.61056099999996,
            200.0,
            0,
            465.64730499999996
        ],
        [
            300.0,
            300.0,
            265.54319,
            751.563718,
            751.563718,
            680.967267,
            619.458817,
            537.568078,
            438.27140899999995,
            532.3114089999999,
            532.3114089999999,
            432.31140899999997,
            512.2948,
            512.2948,
            438.371407,
            338.371407,
            599.304681,
            670.1926129999999,
            670.1926129999999,
            499.30468099999996,
            499.30468099999996,
            499.30468099999996,
            507.036744,
            507.036744,
            465.64730499999996,
            465.64730499999996,
            0
        ]
    ],
    "NODE_MAPPING": {
        "0": "26",
        "1": "27",
        "2": "24",
        "3": "9",
        "4": "12",
        "5": "11",
        "6": "13",
        "7": "10",
        "8": "14",
        "9": "15",
        "10": "16",
        "11": "17",
        "12": "18",
        "13": "19",
        "14": "20",
        "15": "21",
        "16": "3",
        "17": "4",
        "18": "5",
        "19": "6",
        "20": "7",
        "21": "8",
        "22": "22",
        "23": "23",
        "24": "1",
        "25": "2",
        "26": "25"
    }
}