{
    "NEXUS_FILE_URL": "http://purl.org/phylo/treebase/phylows/study/TB2:S14038",
    "NEWICK_TREE": "(3:0.227763,(20:0.037368,22:0.020357):0.044592,(2:0.023922,6:0.549778):0.043907,((((1:0.052869,8:0.02563):0.013101,(((14:0.062402,17:0.070247):0.035435,15:0.12253):0.015971,16:0.056481):0.018833):0.038352,((5:0.034545,21:0.008586):0.087502,19:0.136022):0.112134,(((9:0.041941,10:0.026126):0.023797,13:0.04434):0.034317,12:0.089533):0.071097):0.008484,(((4:0.021232,18:0.02586):0.094981,23:0.120641):0.013892,7:0.105354,11:0.066272):0.027006):0.018104);",
    "DISTANCE_MATRIX": [
        [
            0.0,
            0.30972299999999997,
            0.29271199999999997,
            0.29559199999999997,
            0.821448,
            0.358673,
            0.331434,
            0.425344,
            0.433189,
            0.45003699999999996,
            0.36801700000000004,
            0.48853199999999997,
            0.462573,
            0.502507,
            0.42550299999999996,
            0.409688,
            0.404105,
            0.414981,
            0.402978,
            0.407606,
            0.407406,
            0.378227,
            0.339145
        ],
        [
            0.30972299999999997,
            0.0,
            0.057725,
            0.149789,
            0.675645,
            0.21287,
            0.185631,
            0.27954100000000004,
            0.28738600000000003,
            0.304234,
            0.22221400000000002,
            0.34272899999999995,
            0.31677,
            0.356704,
            0.27969999999999995,
            0.26388500000000004,
            0.25830200000000003,
            0.26917800000000003,
            0.25717500000000004,
            0.261803,
            0.26160300000000003,
            0.23242400000000002,
            0.193342
        ],
        [
            0.29271199999999997,
            0.057725,
            0.0,
            0.132778,
            0.658634,
            0.195859,
            0.16862,
            0.26253000000000004,
            0.27037500000000003,
            0.287223,
            0.20520300000000002,
            0.32571799999999995,
            0.299759,
            0.339693,
            0.26268899999999995,
            0.246874,
            0.241291,
            0.25216700000000003,
            0.24016400000000002,
            0.244792,
            0.244592,
            0.21541300000000002,
            0.17633100000000002
        ],
        [
            0.29559199999999997,
            0.149789,
            0.132778,
            0.0,
            0.5737,
            0.198739,
            0.17149999999999999,
            0.26541000000000003,
            0.273255,
            0.290103,
            0.20808300000000002,
            0.32859799999999995,
            0.302639,
            0.342573,
            0.26556899999999994,
            0.249754,
            0.244171,
            0.255047,
            0.243044,
            0.247672,
            0.247472,
            0.21829300000000001,
            0.179211
        ],
        [
            0.821448,
            0.675645,
            0.658634,
            0.5737,
            0.0,
            0.724595,
            0.697356,
            0.791266,
            0.799111,
            0.815959,
            0.733939,
            0.854454,
            0.828495,
            0.868429,
            0.791425,
            0.77561,
            0.770027,
            0.780903,
            0.7689,
            0.773528,
            0.773328,
            0.7441490000000001,
            0.705067
        ],
        [
            0.358673,
            0.21287,
            0.195859,
            0.198739,
            0.724595,
            0.0,
            0.078499,
            0.198611,
            0.206456,
            0.22330399999999997,
            0.14128400000000002,
            0.338503,
            0.312544,
            0.35247799999999996,
            0.275474,
            0.259659,
            0.25407599999999997,
            0.26495199999999997,
            0.269917,
            0.274545,
            0.274345,
            0.245166,
            0.206084
        ],
        [
            0.331434,
            0.185631,
            0.16862,
            0.17149999999999999,
            0.697356,
            0.078499,
            0.0,
            0.17137200000000002,
            0.17921700000000002,
            0.196065,
            0.11404500000000001,
            0.311264,
            0.285305,
            0.325239,
            0.24823499999999998,
            0.23242000000000002,
            0.226837,
            0.237713,
            0.242678,
            0.247306,
            0.247106,
            0.217927,
            0.178845
        ],
        [
            0.425344,
            0.27954100000000004,
            0.26253000000000004,
            0.26541000000000003,
            0.791266,
            0.198611,
            0.17137200000000002,
            0.0,
            0.13264900000000002,
            0.220367,
            0.17028900000000002,
            0.405174,
            0.37921499999999997,
            0.419149,
            0.342145,
            0.32633,
            0.320747,
            0.331623,
            0.336588,
            0.34121599999999996,
            0.341016,
            0.31183700000000003,
            0.27275499999999997
        ],
        [
            0.433189,
            0.28738600000000003,
            0.27037500000000003,
            0.273255,
            0.799111,
            0.206456,
            0.17921700000000002,
            0.13264900000000002,
            0.0,
            0.228212,
            0.17813400000000001,
            0.41301899999999997,
            0.38705999999999996,
            0.426994,
            0.34998999999999997,
            0.334175,
            0.328592,
            0.339468,
            0.344433,
            0.34906099999999995,
            0.348861,
            0.319682,
            0.28059999999999996
        ],
        [
            0.45003699999999996,
            0.304234,
            0.287223,
            0.290103,
            0.815959,
            0.22330399999999997,
            0.196065,
            0.220367,
            0.228212,
            0.0,
            0.194982,
            0.42986699999999994,
            0.40390799999999993,
            0.44384199999999996,
            0.36683799999999994,
            0.351023,
            0.34543999999999997,
            0.35631599999999997,
            0.36128099999999996,
            0.36590899999999993,
            0.36570899999999995,
            0.33653,
            0.29744799999999993
        ],
        [
            0.36801700000000004,
            0.22221400000000002,
            0.20520300000000002,
            0.20808300000000002,
            0.733939,
            0.14128400000000002,
            0.11404500000000001,
            0.17028900000000002,
            0.17813400000000001,
            0.194982,
            0.0,
            0.34784699999999996,
            0.321888,
            0.361822,
            0.28481799999999996,
            0.269003,
            0.26342,
            0.274296,
            0.279261,
            0.283889,
            0.28368899999999997,
            0.25451,
            0.215428
        ],
        [
            0.48853199999999997,
            0.34272899999999995,
            0.32571799999999995,
            0.32859799999999995,
            0.854454,
            0.338503,
            0.311264,
            0.405174,
            0.41301899999999997,
            0.42986699999999994,
            0.34784699999999996,
            0.0,
            0.043131,
            0.258069,
            0.40533299999999994,
            0.389518,
            0.38393499999999997,
            0.39481099999999997,
            0.39977599999999996,
            0.404404,
            0.40420399999999995,
            0.37502499999999994,
            0.335943
        ],
        [
            0.462573,
            0.31677,
            0.299759,
            0.302639,
            0.828495,
            0.312544,
            0.285305,
            0.37921499999999997,
            0.38705999999999996,
            0.40390799999999993,
            0.321888,
            0.043131,
            0.0,
            0.23210999999999998,
            0.379374,
            0.36355899999999997,
            0.35797599999999996,
            0.36885199999999996,
            0.37381699999999995,
            0.378445,
            0.37824499999999994,
            0.349066,
            0.309984
        ],
        [
            0.502507,
            0.356704,
            0.339693,
            0.342573,
            0.868429,
            0.35247799999999996,
            0.325239,
            0.419149,
            0.426994,
            0.44384199999999996,
            0.361822,
            0.258069,
            0.23210999999999998,
            0.0,
            0.41930799999999996,
            0.403493,
            0.39791,
            0.408786,
            0.413751,
            0.41837899999999995,
            0.41817899999999997,
            0.389,
            0.34991799999999995
        ],
        [
            0.42550299999999996,
            0.27969999999999995,
            0.26268899999999995,
            0.26556899999999994,
            0.791425,
            0.275474,
            0.24823499999999998,
            0.342145,
            0.34998999999999997,
            0.36683799999999994,
            0.28481799999999996,
            0.40533299999999994,
            0.379374,
            0.41930799999999996,
            0.0,
            0.068067,
            0.11007799999999998,
            0.18958799999999998,
            0.33674699999999996,
            0.341375,
            0.34117499999999995,
            0.31199599999999994,
            0.272914
        ],
        [
            0.409688,
            0.26388500000000004,
            0.246874,
            0.249754,
            0.77561,
            0.259659,
            0.23242000000000002,
            0.32633,
            0.334175,
            0.351023,
            0.269003,
            0.389518,
            0.36355899999999997,
            0.403493,
            0.068067,
            0.0,
            0.09426299999999999,
            0.173773,
            0.320932,
            0.32555999999999996,
            0.32536,
            0.296181,
            0.25709899999999997
        ],
        [
            0.404105,
            0.25830200000000003,
            0.241291,
            0.244171,
            0.770027,
            0.25407599999999997,
            0.226837,
            0.320747,
            0.328592,
            0.34543999999999997,
            0.26342,
            0.38393499999999997,
            0.35797599999999996,
            0.39791,
            0.11007799999999998,
            0.09426299999999999,
            0.0,
            0.16819,
            0.315349,
            0.31997699999999996,
            0.319777,
            0.290598,
            0.25151599999999996
        ],
        [
            0.414981,
            0.26917800000000003,
            0.25216700000000003,
            0.255047,
            0.780903,
            0.26495199999999997,
            0.237713,
            0.331623,
            0.339468,
            0.35631599999999997,
            0.274296,
            0.39481099999999997,
            0.36885199999999996,
            0.408786,
            0.18958799999999998,
            0.173773,
            0.16819,
            0.0,
            0.326225,
            0.33085299999999995,
            0.330653,
            0.301474,
            0.26239199999999996
        ],
        [
            0.402978,
            0.25717500000000004,
            0.24016400000000002,
            0.243044,
            0.7689,
            0.269917,
            0.242678,
            0.336588,
            0.344433,
            0.36128099999999996,
            0.279261,
            0.39977599999999996,
            0.37381699999999995,
            0.413751,
            0.33674699999999996,
            0.320932,
            0.315349,
            0.326225,
            0.0,
            0.047092,
            0.236854,
            0.235459,
            0.196377
        ],
        [
            0.407606,
            0.261803,
            0.244792,
            0.247672,
            0.773528,
            0.274545,
            0.247306,
            0.34121599999999996,
            0.34906099999999995,
            0.36590899999999993,
            0.283889,
            0.404404,
            0.378445,
            0.41837899999999995,
            0.341375,
            0.32555999999999996,
            0.31997699999999996,
            0.33085299999999995,
            0.047092,
            0.0,
            0.241482,
            0.240087,
            0.201005
        ],
        [
            0.407406,
            0.26160300000000003,
            0.244592,
            0.247472,
            0.773328,
            0.274345,
            0.247106,
            0.341016,
            0.348861,
            0.36570899999999995,
            0.28368899999999997,
            0.40420399999999995,
            0.37824499999999994,
            0.41817899999999997,
            0.34117499999999995,
            0.32536,
            0.319777,
            0.330653,
            0.236854,
            0.241482,
            0.0,
            0.239887,
            0.20080499999999998
        ],
        [
            0.378227,
            0.23242400000000002,
            0.21541300000000002,
            0.21829300000000001,
            0.7441490000000001,
            0.245166,
            0.217927,
            0.31183700000000003,
            0.319682,
            0.33653,
            0.25451,
            0.37502499999999994,
            0.349066,
            0.389,
            0.31199599999999994,
            0.296181,
            0.290598,
            0.301474,
            0.235459,
            0.240087,
            0.239887,
            0.0,
            0.171626
        ],
        [
            0.339145,
            0.193342,
            0.17633100000000002,
            0.179211,
            0.705067,
            0.206084,
            0.178845,
            0.27275499999999997,
            0.28059999999999996,
            0.29744799999999993,
            0.215428,
            0.335943,
            0.309984,
            0.34991799999999995,
            0.272914,
            0.25709899999999997,
            0.25151599999999996,
            0.26239199999999996,
            0.196377,
            0.201005,
            0.20080499999999998,
            0.171626,
            0.0
        ]
    ],
    "NODE_MAPPING": {
        "0": "3",
        "1": "20",
        "2": "22",
        "3": "2",
        "4": "6",
        "5": "1",
        "6": "8",
        "7": "14",
        "8": "17",
        "9": "15",
        "10": "16",
        "11": "5",
        "12": "21",
        "13": "19",
        "14": "9",
        "15": "10",
        "16": "13",
        "17": "12",
        "18": "4",
        "19": "18",
        "20": "23",
        "21": "7",
        "22": "11"
    }
}